 7.57976710e+01 4.66163388e+00
 3.87483740e+01 1.71999880e+00
 2.61263837e+01 9.53677585e-01
 1.96918855e+01 6.26179005e-01
 1.57135294e+01 4.51341750e-01
 1.31715403e+01 3.45181571e-01
 1.12828847e+01 2.75044803e-01
 9.88833405e+00 2.25853855e-01
 8.82836539e+00 1.89779958e-01
 7.94245482e+00 1.62394591e-01
 7.20293250e+00 1.41023136e-01
 6.69007646e+00 1.23964412e-01
 6.16115698e+00 1.10089974e-01
 5.71816563e+00 9.86247879e-02
 5.27360541e+00 8.90207199e-02
 4.99403499e+00 8.08802853e-02
 4.71761979e+00 7.39089420e-02
 4.52559475e+00 6.78842695e-02
 4.21914028e+00 6.26354929e-02
 3.99921734e+00 5.80295415e-02
 3.81854666e+00 5.39613477e-02
 3.65163011e+00 5.03469653e-02
 3.50247220e+00 4.71186005e-02
 3.29041499e+00 4.42209690e-02
 3.29390198e+00 4.16085859e-02
 3.10912789e+00 3.92437230e-02
 2.98215133e+00 3.70948518e-02
 2.84930603e+00 3.51354424e-02
 2.82745876e+00 3.33430288e-02
 2.64335393e+00 3.16984733e-02
 2.63634292e+00 3.01853842e-02
 2.56612232e+00 2.87896496e-02
 2.42827804e+00 2.74990625e-02
 2.38189330e+00 2.63030165e-02
 2.26687788e+00 2.51922574e-02
 2.24188210e+00 2.41586796e-02
 2.28629049e+00 2.31951571e-02
 2.14856585e+00 2.22954041e-02
 2.12380201e+00 2.14538578e-02
 2.08518748e+00 2.06655805e-02
 1.89598466e+00 1.99261774e-02
 1.91698637e+00 1.92317260e-02
 1.88156558e+00 1.85787175e-02
 1.92031310e+00 1.79640057e-02
 1.79511212e+00 1.73847637e-02
 1.73864854e+00 1.68384469e-02
 1.77223566e+00 1.63227608e-02
 1.69237943e+00 1.58356331e-02
 1.60508152e+00 1.53751900e-02
 1.60569585e+00 1.49397355e-02
 1.52653665e+00 1.45277327e-02
 1.55369503e+00 1.41377885e-02
 1.51772332e+00 1.37686398e-02
 1.53003048e+00 1.34191411e-02
 1.50314700e+00 1.30882544e-02
 1.37901923e+00 1.27750398e-02
 1.40516908e+00 1.24786474e-02
 1.37633112e+00 1.21983106e-02
 1.34036831e+00 1.19333396e-02
 1.29269339e+00 1.16831166e-02
 1.39170460e+00 1.14470910e-02
 1.26760034e+00 1.12247758e-02
 1.31753441e+00 1.10157440e-02
 1.28063642e+00 1.08196266e-02
 1.29487196e+00 1.06361099e-02
 1.24885359e+00 1.04649344e-02
 1.17518133e+00 1.03058935e-02
 1.06868587e+00 1.01588332e-02
 1.14846596e+00 1.00236517e-02
 1.08888686e+00 9.90030052e-03
 1.14693760e+00 9.78878469e-03
 1.10685823e+00 9.68916497e-03
 1.10892457e+00 9.60155977e-03
 1.17449815e+00 9.52614801e-03
 1.06750875e+00 9.46317270e-03
 1.08211495e+00 9.41294529e-03
 9.93300959e-01 9.37585086e-03
 1.11669944e+00 9.35235450e-03
 9.06069658e-01 9.34300865e-03
 9.76601529e-01 9.34846195e-03
 1.06195814e+00 9.36946956e-03
 8.54934587e-01 9.40690533e-03
 8.87317373e-01 9.46177614e-03
 8.89461598e-01 9.53523871e-03
 9.21581475e-01 9.62861948e-03
 9.68763600e-01 9.74343801e-03
 8.43244575e-01 9.88143471e-03
 8.37814977e-01 1.00446037e-02
 7.51903614e-01 1.02352321e-02
 7.93654572e-01 1.04559467e-02
 7.97444972e-01 1.07097698e-02
 7.72215221e-01 1.10001874e-02
 7.59203398e-01 1.13312305e-02
 7.52679407e-01 1.17075748e-02
 7.71077030e-01 1.21346624e-02
 7.94842043e-01 1.26188511e-02
 6.97286280e-01 1.31675999e-02
 6.32725118e-01 1.37896993e-02
 6.85969399e-01 1.44955602e-02
 7.37738002e-01 1.52975796e-02
 6.13152698e-01 1.62106057e-02
 6.14278590e-01 1.72525351e-02
 5.65938383e-01 1.84450882e-02
 4.88063344e-01 1.98148232e-02
 5.20798363e-01 2.13944796e-02
 5.01834807e-01 2.32247760e-02
 4.30563424e-01 2.53568494e-02
 3.51199695e-01 2.78556095e-02
 4.02539335e-01 3.08044213e-02
 3.38478298e-01 3.43117539e-02
 3.14315028e-01 3.85207960e-02
 2.10027628e-01 4.36236511e-02
 1.19613108e-02 4.98827821e-02
 6.43470643e-04 5.76642573e-02
 5.06954943e-03 6.74908359e-02
 -2.06607726e-01 8.01296365e-02
 -2.15513702e-01 9.67426861e-02
 -3.61020967e-01 1.19157541e-01
 -5.85723018e-01 1.50380877e-01
 -8.14450386e-01 1.95639208e-01
 -1.13543440e+00 2.64665070e-01
 -1.55531965e+00 3.77258305e-01
 -2.15816664e+00 5.78737132e-01
 -3.12530660e+00 9.91332036e-01
 -4.72005559e+00 2.03439834e+00
 -7.47922545e+00 5.73803111e+00
 -1.57349459e+00 1.82820698e+01
 1.02068004e+01 7.66242786e+00
 7.43379686e+00 2.50342321e+00
 5.57872857e+00 1.16350354e+00
 4.53826863e+00 6.62772739e-01
 3.83107827e+00 4.26230044e-01
 3.43355469e+00 2.96672127e-01
 3.05524776e+00 2.18223488e-01
 2.86033007e+00 1.67165377e-01
 2.64088040e+00 1.32076526e-01
 2.46121936e+00 1.06916282e-01
 2.34344369e+00 8.82495981e-02
 2.31613606e+00 7.40071562e-02
 2.09030723e+00 6.28824076e-02
 2.13610476e+00 5.40175897e-02
 2.05734289e+00 4.68307248e-02
 2.02291286e+00 4.09156743e-02
 2.02336760e+00 3.59820202e-02
 1.93440678e+00 3.18176229e-02
 1.81952763e+00 2.82645851e-02
 1.81002405e+00 2.52034038e-02
 1.73776721e+00 2.25422729e-02
 1.72754054e+00 2.02097077e-02
 1.71015140e+00 1.81493627e-02
 1.77466525e+00 1.63163280e-02
 1.64219770e+00 1.46744412e-02
 1.65072852e+00 1.31943075e-02
 1.75254052e+00 1.18518240e-02
 1.49696724e+00 1.06270651e-02
 1.66547489e+00 9.50343248e-03
 1.56268959e+00 8.46699910e-03
 1.58458959e+00 7.50599940e-03
 1.60393100e+00 6.61042843e-03
 1.65490756e+00 5.77172466e-03
 1.61297931e+00 4.98251685e-03
 1.53220603e+00 4.23642052e-03
 1.63139798e+00 3.52787319e-03
 1.56768864e+00 2.85200016e-03
 1.56675233e+00 2.20450429e-03
 1.47695695e+00 1.58157515e-03
 1.56358712e+00 9.79813496e-04
 1.55480385e+00 3.96168174e-04
 1.49226796e+00 -1.72116883e-04
 1.53804169e+00 -7.27547506e-04
 1.42394754e+00 -1.27241744e-03
 1.53979082e+00 -1.80884105e-03
 1.60915217e+00 -2.33878145e-03
 1.58213772e+00 -2.86407507e-03
 1.55095403e+00 -3.38645302e-03
 1.60148043e+00 -3.90756004e-03
 1.56484414e+00 -4.42897138e-03
 1.69648442e+00 -4.95220798e-03
 1.60794101e+00 -5.47875028e-03
 1.62049962e+00 -6.01005096e-03
 1.57508168e+00 -6.54754683e-03
 1.65388345e+00 -7.09267001e-03
 1.55985605e+00 -7.64685879e-03
 1.62615396e+00 -8.21156801e-03
 1.70152770e+00 -8.78827946e-03
 1.66572612e+00 -9.37851219e-03
 1.70162804e+00 -9.98383306e-03
 1.68973945e+00 -1.06058675e-02
 1.76918973e+00 -1.12463106e-02
 1.63813431e+00 -1.19069392e-02
 1.69351532e+00 -1.25896243e-02
 1.73735309e+00 -1.32963444e-02
 1.69618675e+00 -1.40292000e-02
 1.71231889e+00 -1.47904297e-02
 1.84589526e+00 -1.55824273e-02
 1.86291159e+00 -1.64077608e-02
 1.83780425e+00 -1.72691937e-02
 1.95403207e+00 -1.81697084e-02
 1.80926338e+00 -1.91125321e-02
 1.94692165e+00 -2.01011668e-02
 1.73844913e+00 -2.11394218e-02
 1.90235808e+00 -2.22314513e-02
 1.92520924e+00 -2.33817963e-02
 2.03253223e+00 -2.45954332e-02
 2.03003716e+00 -2.58778278e-02
 2.06002369e+00 -2.72349982e-02
 2.11249189e+00 -2.86735865e-02
 2.06143907e+00 -3.02009411e-02
 2.09841904e+00 -3.18252119e-02
 2.17901464e+00 -3.35554603e-02
 2.24263304e+00 -3.54017876e-02
 2.24057229e+00 -3.73754835e-02
 2.27401874e+00 -3.94892008e-02
 2.35573642e+00 -4.17571600e-02
 2.34943178e+00 -4.41953907e-02
 2.31203512e+00 -4.68220168e-02
 2.47627583e+00 -4.96575958e-02
 2.51420794e+00 -5.27255234e-02
 2.63167037e+00 -5.60525187e-02
 2.63903316e+00 -5.96692085e-02
 2.71563100e+00 -6.36108353e-02
 2.69442498e+00 -6.79181182e-02
 2.82673712e+00 -7.26383081e-02
 2.87241987e+00 -7.78264861e-02
 3.11354041e+00 -8.35471741e-02
 3.12942529e+00 -8.98763436e-02
 3.18755683e+00 -9.69039423e-02
 3.25915331e+00 -1.04737093e-01
 3.36956901e+00 -1.13504180e-01
 3.56567539e+00 -1.23360117e-01
 3.66310039e+00 -1.34493196e-01
 3.72729167e+00 -1.47134094e-01
 3.90402473e+00 -1.61567837e-01
 4.06624961e+00 -1.78149899e-01
 4.31152564e+00 -1.97328135e-01
 4.45128971e+00 -2.19673107e-01
 4.65023248e+00 -2.45920665e-01
 5.04818082e+00 -2.77032790e-01
 5.26081248e+00 -3.14286199e-01
 5.63997680e+00 -3.59404166e-01
 5.97109524e+00 -4.14757383e-01
 6.37010776e+00 -4.83678362e-01
 6.89749013e+00 -5.70968863e-01
 7.46453518e+00 -6.83748128e-01
 8.19842025e+00 -8.32929607e-01
 9.15883297e+00 -1.03591723e+00
 1.01545798e+01 -1.32181435e+00
 1.16587825e+01 -1.74219520e+00
 1.34253320e+01 -2.39531392e+00
 1.60500823e+01 -3.48646949e+00
 1.96398726e+01 -5.49964853e+00
 2.52959799e+01 -9.77245637e+00
 3.33188278e+01 -2.07669438e+01
 3.33666748e+01 -5.22293974e+01
 -2.09283231e+01 -6.59881674e+01
 -3.49302930e+01 -2.77552227e+01
 -2.67862491e+01 -1.22508325e+01
 -2.04347758e+01 -6.58734891e+00
 -1.62123270e+01 -4.05800949e+00
 -1.34079944e+01 -2.73711875e+00
 -1.13380835e+01 -1.96683895e+00
 -9.81037023e+00 -1.48031714e+00
 -8.65866328e+00 -1.15406167e+00
 -7.68031030e+00 -9.24896700e-01
 -6.98206469e+00 -7.57882181e-01
 -6.30050051e+00 -6.32456850e-01
 -5.78985758e+00 -5.35894683e-01
 -5.24864741e+00 -4.59983011e-01
 -4.99216417e+00 -3.99232221e-01
 -4.62418042e+00 -3.49861270e-01
 -4.33364073e+00 -3.09197748e-01
 -4.00860037e+00 -2.75309826e-01
 -3.80020775e+00 -2.46773137e-01
 -3.62668642e+00 -2.22518921e-01
 -3.35778158e+00 -2.01732623e-01
 -3.12844802e+00 -1.83784676e-01
 -3.22501326e+00 -1.68182302e-01
 -2.89596106e+00 -1.54535350e-01
 -2.76110444e+00 -1.42531684e-01
 -2.63986968e+00 -1.31919188e-01
 -2.50481187e+00 -1.22492442e-01
 -2.35477060e+00 -1.14082714e-01
 -2.32197753e+00 -1.06550378e-01
 -2.24096073e+00 -9.97790908e-02
 -2.15548575e+00 -9.36712921e-02
 -2.07323162e+00 -8.81446823e-02
 -1.97114298e+00 -8.31294509e-02
 -1.88113788e+00 -7.85660745e-02
 -1.84907549e+00 -7.44035552e-02
 -1.76504567e+00 -7.05980021e-02
 -1.76134799e+00 -6.71114808e-02
 -1.64758416e+00 -6.39110753e-02
 -1.56179418e+00 -6.09681185e-02
 -1.51734047e+00 -5.82575571e-02
 -1.61465564e+00 -5.57574253e-02
 -1.47898093e+00 -5.34484069e-02
 -1.41068033e+00 -5.13134680e-02
 -1.32503135e+00 -4.93375488e-02
 -1.37053147e+00 -4.75073038e-02
 -1.32805768e+00 -4.58108815e-02
 -1.29503803e+00 -4.42377368e-02
 -1.20068565e+00 -4.27784721e-02
 -1.14141627e+00 -4.14247002e-02
 -1.12865942e+00 -4.01689274e-02
 -1.08921795e+00 -3.90044532e-02
 -1.04286015e+00 -3.79252832e-02
 -9.49179011e-01 -3.69260543e-02
 -9.67203826e-01 -3.60019706e-02
 -9.57444391e-01 -3.51487468e-02
 -9.33352872e-01 -3.43625604e-02
 -7.91847389e-01 -3.36400094e-02
 -8.45715276e-01 -3.29780767e-02
 -8.56262906e-01 -3.23740987e-02
 -7.79308222e-01 -3.18257386e-02
 -7.42934842e-01 -3.13309643e-02
 -6.76627755e-01 -3.08880284e-02
 -7.55713615e-01 -3.04954531e-02
 -7.27222802e-01 -3.01520165e-02
 -7.27696916e-01 -2.98567431e-02
 -7.18365685e-01 -2.96088957e-02
 -6.42966470e-01 -2.94079702e-02
 -5.79266521e-01 -2.92536931e-02
 -5.11470984e-01 -2.91460210e-02
 -5.40422935e-01 -2.90851424e-02
 -4.20858538e-01 -2.90714824e-02
 -4.22208081e-01 -2.91057097e-02
 -4.87506355e-01 -2.91887457e-02
 -5.50195195e-01 -2.93217779e-02
 -4.70188399e-01 -2.95062750e-02
 -3.50291559e-01 -2.97440064e-02
 -3.42886291e-01 -3.00370652e-02
 -3.36129735e-01 -3.03878959e-02
 -3.84246281e-01 -3.07993264e-02
 -2.54471517e-01 -3.12746068e-02
 -2.39222669e-01 -3.18174538e-02
 -2.18215010e-01 -3.24321034e-02
 -1.64489461e-01 -3.31233722e-02
 -3.31775735e-01 -3.38967292e-02
 -2.06478148e-01 -3.47583805e-02
 -1.96524569e-01 -3.57153678e-02
 -1.20431871e-01 -3.67756856e-02
 -3.32911933e-02 -3.79484185e-02
 -3.66363049e-02 -3.92439037e-02
 -1.16083816e-02 -4.06739254e-02
 2.71170145e-02 -4.22519442e-02
 3.85678768e-02 -4.39933744e-02
 1.05780418e-02 -4.59159149e-02
 9.76698284e-02 -4.80399503e-02
 2.07622414e-01 -5.03890375e-02
 1.87301568e-01 -5.29904991e-02
 1.84987847e-01 -5.58761515e-02
 1.38437219e-01 -5.90832047e-02
 2.66493113e-01 -6.26553788e-02
 3.86670309e-01 -6.66443021e-02
 4.44057051e-01 -7.11112720e-02
 4.88936568e-01 -7.61294924e-02
 5.34153898e-01 -8.17869387e-02
 6.33957943e-01 -8.81900612e-02
 8.11316873e-01 -9.54686172e-02
 6.95488992e-01 -1.03782045e-01
 9.44772154e-01 -1.13327963e-01
 9.82113816e-01 -1.24353649e-01
 1.07919156e+00 -1.37171747e-01
 1.16944634e+00 -1.52182084e-01
 1.30219018e+00 -1.69902451e-01
 1.45647615e+00 -1.91012826e-01
 1.63705982e+00 -2.16420162e-01
 1.86555496e+00 -2.47355395e-01
 1.92220464e+00 -2.85522325e-01
 2.26620818e+00 -3.33332502e-01
 2.46928580e+00 -3.94287661e-01
 2.87069053e+00 -4.73625262e-01
 3.25659525e+00 -5.79454550e-01
 3.87573248e+00 -7.24855736e-01
 4.38107349e+00 -9.31988709e-01
 5.18498728e+00 -1.24070754e+00
 6.13961634e+00 -1.72818355e+00
 7.58789736e+00 -2.55830728e+00
 9.54136467e+00 -4.12143382e+00
 1.24018713e+01 -7.47482973e+00
 1.47029565e+01 -1.55775152e+01
 5.49218120e+00 -2.96510477e+01
 -1.41366046e+01 -2.36844237e+01
 -1.58437379e+01 -1.11689030e+01
 -1.29597301e+01 -5.69722547e+00
 -1.06227141e+01 -3.33255250e+00
 -8.81747242e+00 -2.15946158e+00
 -7.58409651e+00 -1.50491907e+00
 -6.74804672e+00 -1.10585350e+00
 -6.03007034e+00 -8.45677624e-01
 -5.55062602e+00 -6.67026041e-01
 -5.01013600e+00 -5.39211176e-01
 -4.67618230e+00 -4.44676489e-01
 -4.37844644e+00 -3.72813135e-01
 -4.14775718e+00 -3.16913915e-01
 -3.80434699e+00 -2.72574339e-01
 -3.64882409e+00 -2.36807245e-01
 -3.45772797e+00 -2.07529759e-01
 -3.43355433e+00 -1.83254141e-01
 -3.18819833e+00 -1.62895079e-01
 -3.06169210e+00 -1.45645937e-01
 -3.02091857e+00 -1.30897173e-01
 -2.87164547e+00 -1.18181293e-01
 -2.78417001e+00 -1.07134919e-01
 -2.83601660e+00 -9.74721617e-02
 -2.71720166e+00 -8.89656009e-02
 -2.59716889e+00 -8.14324995e-02
 -2.55769297e+00 -7.47246580e-02
 -2.52130736e+00 -6.87208584e-02
 -2.43251952e+00 -6.33211668e-02
 -2.49533147e+00 -5.84425899e-02
 -2.45076960e+00 -5.40157313e-02
 -2.32712553e+00 -4.99821912e-02
 -2.28615895e+00 -4.62925282e-02
 -2.27059551e+00 -4.29046472e-02
 -2.24182991e+00 -3.97825153e-02
 -2.18360693e+00 -3.68951314e-02
 -2.25576094e+00 -3.42156930e-02
 -2.19822437e+00 -3.17209193e-02
 -2.19399590e+00 -2.93904972e-02
 -2.16214176e+00 -2.72066254e-02
 -2.04890359e+00 -2.51536371e-02
 -2.10941737e+00 -2.32176862e-02
 -2.01754253e+00 -2.13864853e-02
 -2.02278322e+00 -1.96490847e-02
 -2.10157582e+00 -1.79956869e-02
 -1.93996803e+00 -1.64174884e-02
 -2.00705475e+00 -1.49065454e-02
 -2.05540905e+00 -1.34556588e-02
 -1.97330741e+00 -1.20582747e-02
 -1.92923967e+00 -1.07083995e-02
 -1.92863721e+00 -9.40052478e-03
 -1.97776744e+00 -8.12956307e-03
 -1.94796483e+00 -6.89079047e-03
 -1.98456876e+00 -5.67979640e-03
 -1.91257990e+00 -4.49243886e-03
 -2.01297853e+00 -3.32480435e-03
 -1.94182898e+00 -2.17317168e-03
 -1.91052553e+00 -1.03397907e-03
 -2.00957820e+00 9.62060632e-05
 -1.94798385e+00 1.22071524e-03
 -2.05505255e+00 2.34280524e-03
 -1.94915741e+00 3.46568317e-03
 -2.01061743e+00 4.59253058e-03
 -1.91662989e+00 5.72652696e-03
 -1.94795220e+00 6.87087306e-03
 -1.95939861e+00 8.02881413e-03
 -2.01203002e+00 9.20366371e-03
 -1.91089338e+00 1.03988280e-02
 -1.98679214e+00 1.16178311e-02
 -2.02414411e+00 1.28643424e-02
 -1.97758681e+00 1.41422047e-02
 -1.98679163e+00 1.54554650e-02
 -2.01500072e+00 1.68084085e-02
 -2.02514116e+00 1.82055950e-02
 -2.15292779e+00 1.96518991e-02
 -2.10992092e+00 2.11525560e-02
 -2.11055843e+00 2.27132110e-02
 -2.11361424e+00 2.43399763e-02
 -2.20409285e+00 2.60394948e-02
 -2.13785212e+00 2.78190124e-02
 -2.06343605e+00 2.96864605e-02
 -2.23327495e+00 3.16505500e-02
 -2.20432570e+00 3.37208797e-02
 -2.17029120e+00 3.59080611e-02
 -2.29283605e+00 3.82238630e-02
 -2.22186275e+00 4.06813789e-02
 -2.32302909e+00 4.32952233e-02
 -2.36500130e+00 4.60817602e-02
 -2.28158568e+00 4.90593732e-02
 -2.45222631e+00 5.22487829e-02
 -2.49371230e+00 5.56734243e-02
 -2.50225340e+00 5.93598956e-02
 -2.58255494e+00 6.33384952e-02
 -2.56014600e+00 6.76438673e-02
 -2.57511575e+00 7.23157812e-02
 -2.66331482e+00 7.74000790e-02
 -2.77119691e+00 8.29498319e-02
 -2.72379646e+00 8.90267612e-02
 -2.84522472e+00 9.57029951e-02
 -2.86729397e+00 1.03063255e-01
 -2.98550808e+00 1.11207595e-01
 -3.04007732e+00 1.20254861e-01
 -3.13972610e+00 1.30347098e-01
 -3.30455281e+00 1.41655197e-01
 -3.46987659e+00 1.54386230e-01
 -3.51815253e+00 1.68793028e-01
 -3.56271519e+00 1.85186868e-01
 -3.70590243e+00 2.03954437e-01
 -3.78584543e+00 2.25580827e-01
 -4.05525589e+00 2.50681115e-01
 -4.22728512e+00 2.80044407e-01
 -4.46658474e+00 3.14696264e-01
 -4.65510052e+00 3.55988811e-01
 -4.87045324e+00 4.05733447e-01
 -5.12694511e+00 4.66400715e-01
 -5.58868358e+00 5.41428960e-01
 -5.88921108e+00 6.35714681e-01
 -6.48424614e+00 7.56416946e-01
 -6.87445352e+00 9.14326448e-01
 -7.45222227e+00 1.12629642e+00
 -8.29328018e+00 1.41977708e+00
 -9.33234879e+00 1.84177670e+00
 -1.07328346e+01 2.47781452e+00
 -1.22471688e+01 3.49531998e+00
 -1.46632599e+01 5.25228449e+00
 -1.78257979e+01 8.59278503e+00
 -2.11111000e+01 1.56340220e+01
 -1.98700787e+01 3.02325741e+01
 9.58032096e-01 4.22851116e+01
 1.93196940e+01 2.80785743e+01
 1.92492681e+01 1.45116250e+01
 1.58890350e+01 8.09885225e+00
 1.29462252e+01 5.01901954e+00
 1.07617706e+01 3.37671801e+00
 9.07201945e+00 2.41481462e+00
 7.80616516e+00 1.80813989e+00
 6.84624853e+00 1.40275045e+00
 6.14521474e+00 1.11919784e+00
 5.42201780e+00 9.13433827e-01
 4.79412244e+00 7.59551414e-01
 4.42982846e+00 6.41548227e-01
 4.04546833e+00 5.49125167e-01
 3.72130791e+00 4.75418632e-01
 3.45905014e+00 4.15715776e-01
 3.21821721e+00 3.66695739e-01
 3.00094701e+00 3.25965025e-01
 2.72826844e+00 2.91763864e-01
 2.52386615e+00 2.62775385e-01
 2.36799669e+00 2.37998505e-01
 2.32255369e+00 2.16661370e-01
 2.19618984e+00 1.98161220e-01
 2.08937322e+00 1.82021871e-01
 1.86047895e+00 1.67863154e-01
 1.81905375e+00 1.55378611e-01
 1.67311378e+00 1.44319022e-01
 1.58920221e+00 1.34480052e-01
 1.47049308e+00 1.25692913e-01
 1.51513743e+00 1.17817205e-01
 1.38739000e+00 1.10735391e-01
 1.28640532e+00 1.04348485e-01
 1.14005632e+00 9.85726581e-02
 1.13591748e+00 9.33365526e-02
 1.11102445e+00 8.85791313e-02
 1.11157495e+00 8.42479509e-02
 1.03400901e+00 8.02977641e-02
 9.36181435e-01 7.66893795e-02
 7.89560372e-01 7.33887290e-02
 8.81859419e-01 7.03660990e-02
 6.69120212e-01 6.75954939e-02
 7.84203209e-01 6.50541070e-02
 7.42331595e-01 6.27218781e-02
 7.20656479e-01 6.05811226e-02
 5.68208337e-01 5.86162185e-02
 5.64912014e-01 5.68133427e-02
 5.22144517e-01 5.51602461e-02
 4.92585675e-01 5.36460635e-02
 4.55066597e-01 5.22611504e-02
 5.11516122e-01 5.09969438e-02
 4.56853181e-01 4.98458434e-02
 3.63078497e-01 4.88011085e-02
 3.77828959e-01 4.78567708e-02
 3.65440871e-01 4.70075582e-02
 2.94273023e-01 4.62488303e-02
 2.84903554e-01 4.55765226e-02
 1.81574024e-01 4.49870988e-02
 1.95000349e-01 4.44775106e-02
 2.51014657e-01 4.40451629e-02
 1.33315932e-01 4.36878856e-02
 1.27476651e-01 4.34039096e-02
 1.20090503e-01 4.31918481e-02
 8.30368875e-02 4.30506814e-02
 1.04254749e-01 4.29797462e-02
 3.23020260e-02 4.29787288e-02
 3.75189171e-02 4.30476611e-02
 4.94981072e-03 4.31869209e-02
 -8.66248880e-02 4.33972359e-02
 -1.00667379e-01 4.36796906e-02
 -1.38182502e-01 4.40357374e-02
 -9.07038694e-02 4.44672118e-02
 -1.74899116e-01 4.49763516e-02
 -2.20495219e-01 4.55658207e-02
 -2.02938228e-01 4.62387374e-02
 -2.51723111e-01 4.69987098e-02
 -2.90357802e-01 4.78498751e-02
 -3.53533498e-01 4.87969483e-02
 -3.15568305e-01 4.98452768e-02
 -4.00545386e-01 5.10009056e-02
 -3.64782742e-01 5.22706524e-02
 -4.08323512e-01 5.36621947e-02
 -4.86007969e-01 5.51841715e-02
 -5.09173358e-01 5.68463012e-02
 -5.95095521e-01 5.86595195e-02
 -6.27191164e-01 6.06361398e-02
 -6.07158784e-01 6.27900411e-02
 -6.73433752e-01 6.51368888e-02
 -7.80703391e-01 6.76943936e-02
 -7.31261933e-01 7.04826180e-02
 -6.74520948e-01 7.35243389e-02
 -8.87092593e-01 7.68454790e-02
 -8.51132016e-01 8.04756218e-02
 -9.84676130e-01 8.44486287e-02
 -9.19334458e-01 8.88033834e-02
 -9.83391564e-01 9.35846921e-02
 -1.08643661e+00 9.88443797e-02
 -1.05297492e+00 1.04642631e-01
 -1.26755684e+00 1.11049641e-01
 -1.33324227e+00 1.18147661e-01
 -1.43673264e+00 1.26033547e-01
 -1.38315070e+00 1.34821966e-01
 -1.53787816e+00 1.44649441e-01
 -1.72116896e+00 1.55679532e-01
 -1.76689761e+00 1.68109480e-01
 -1.89103706e+00 1.82178856e-01
 -2.00579671e+00 1.98180900e-01
 -2.18583050e+00 2.16477566e-01
 -2.16475374e+00 2.37519711e-01
 -2.33337199e+00 2.61874548e-01
 -2.47191459e+00 2.90263488e-01
 -2.77660883e+00 3.23615101e-01
 -3.00560689e+00 3.63140507e-01
 -3.22768577e+00 4.10442684e-01
 -3.46561126e+00 4.67678215e-01
 -3.69451547e+00 5.37802180e-01
 -4.12997064e+00 6.24948495e-01
 -4.49701647e+00 7.35037862e-01
 -4.97436609e+00 8.76781729e-01
 -5.50644535e+00 1.06340307e+00
 -6.08276965e+00 1.31571437e+00
 -6.97894940e+00 1.66790129e+00
 -7.94606205e+00 2.17902600e+00
 -9.26765048e+00 2.95744693e+00
 -1.10467559e+01 4.21652061e+00
 -1.33610396e+01 6.41067985e+00
 -1.59358868e+01 1.05736707e+01
 -1.77734996e+01 1.89126282e+01
 -1.14069310e+01 3.24202195e+01
 8.75705822e+00 3.51632782e+01
 1.87828149e+01 2.19247555e+01
 1.79679330e+01 1.21480908e+01
 1.53123702e+01 7.21910263e+00
 1.29437131e+01 4.66873605e+00
 1.11157308e+01 3.23308064e+00
 9.80629495e+00 2.35935770e+00
 8.62633570e+00 1.79270743e+00
 7.79000775e+00 1.40601334e+00
 7.05504889e+00 1.13106708e+00
 6.51490284e+00 9.28906058e-01
 5.96238264e+00 7.76069702e-01
 5.64495277e+00 6.57790239e-01
 5.32909018e+00 5.64414616e-01
 4.99150461e+00 4.89426025e-01
 4.61963830e+00 4.28300502e-01
 4.47171673e+00 3.77820245e-01
 4.19213138e+00 3.35647119e-01
 3.98747965e+00 3.00049788e-01
 3.81933407e+00 2.69724499e-01
 3.71991697e+00 2.43674582e-01
 3.73553341e+00 2.21127710e-01
 3.46805638e+00 2.01478003e-01
 3.31289989e+00 1.84244818e-01
 3.26914844e+00 1.69042949e-01
 3.15126647e+00 1.55560772e-01
 3.12562277e+00 1.43544008e-01
 3.04286827e+00 1.32783515e-01
 3.00017270e+00 1.23105998e-01
 2.83078705e+00 1.14366879e-01
 2.79201859e+00 1.06444761e-01
 2.79147443e+00 9.92371044e-02
 2.71060569e+00 9.26568048e-02
 2.64035740e+00 8.66294808e-02
 2.53917314e+00 8.10912971e-02
 2.59011465e+00 7.59872105e-02
 2.52866252e+00 7.12695451e-02
 2.46237260e+00 6.68968302e-02
 2.44960921e+00 6.28328448e-02
 2.39041524e+00 5.90458290e-02
 2.26667483e+00 5.55078289e-02
 2.42234798e+00 5.21941511e-02
 2.33626122e+00 4.90829041e-02
 2.34170046e+00 4.61546133e-02
 2.22756727e+00 4.33918947e-02
 2.25602451e+00 4.07791780e-02
 2.14527109e+00 3.83024707e-02
 2.19868642e+00 3.59491555e-02
 2.12556512e+00 3.37078165e-02
 2.13523601e+00 3.15680895e-02
 2.08040749e+00 2.95205314e-02
 2.05742897e+00 2.75565072e-02
 2.04485966e+00 2.56680911e-02
 2.07413806e+00 2.38479799e-02
 2.11400461e+00 2.20894160e-02
 1.93382323e+00 2.03861198e-02
 2.04085309e+00 1.87322292e-02
 1.97720196e+00 1.71222455e-02
 2.00487208e+00 1.55509844e-02
 2.00715904e+00 1.40135318e-02
 1.95910280e+00 1.25052030e-02
 1.87533286e+00 1.10215054e-02
 1.90549309e+00 9.55810311e-03
 1.91965070e+00 8.11078446e-03
 1.95287908e+00 6.67543024e-03
 1.95262092e+00 5.24798348e-03
 1.94574611e+00 3.82441983e-03
 2.06690646e+00 2.40071813e-03
 2.03093137e+00 9.72830947e-04
 1.93312357e+00 -4.63345447e-04
 1.93651605e+00 -1.91200209e-03
 1.97833565e+00 -3.37744970e-03
 1.85946115e+00 -4.86415296e-03
 2.05491396e+00 -6.37676719e-03
 1.95791113e+00 -7.92017800e-03
 1.93044783e+00 -9.49954468e-03
 2.05602922e+00 -1.11203478e-02
 1.89954222e+00 -1.27884424e-02
 2.01032356e+00 -1.45101170e-02
 2.04550075e+00 -1.62921606e-02
 2.08062732e+00 -1.81419380e-02
 2.00819615e+00 -2.00674762e-02
 2.02585938e+00 -2.20775624e-02
 2.03454654e+00 -2.41818578e-02
 2.07502727e+00 -2.63910283e-02
 2.09959479e+00 -2.87168969e-02
 2.16581379e+00 -3.11726203e-02
 2.10568961e+00 -3.37728973e-02
 2.11370808e+00 -3.65342130e-02
 2.13606588e+00 -3.94751269e-02
 2.13722933e+00 -4.26166167e-02
 2.24741765e+00 -4.59824864e-02
 2.24242185e+00 -4.95998564e-02
 2.27316564e+00 -5.34997545e-02
 2.23421951e+00 -5.77178299e-02
 2.42385887e+00 -6.22952245e-02
 2.29837265e+00 -6.72796385e-02
 2.33629721e+00 -7.27266447e-02
 2.50592253e+00 -7.87013180e-02
 2.54128405e+00 -8.52802703e-02
 2.59413870e+00 -9.25542104e-02
 2.53761379e+00 -1.00631189e-01
 2.69676646e+00 -1.09640748e-01
 2.63761390e+00 -1.19739269e-01
 2.76644431e+00 -1.31116937e-01
 2.88527775e+00 -1.44006907e-01
 2.84104928e+00 -1.58697483e-01
 3.11942788e+00 -1.75548523e-01
 3.21576191e+00 -1.95013805e-01
 3.26249172e+00 -2.17671954e-01
 3.32677567e+00 -2.44269901e-01
 3.50046603e+00 -2.75784961e-01
 3.61560011e+00 -3.13515222e-01
 3.87298874e+00 -3.59213897e-01
 4.03543590e+00 -4.15293717e-01
 4.30301267e+00 -4.85146017e-01
 4.60742006e+00 -5.73653601e-01
 4.98350805e+00 -6.88042631e-01
 5.22751859e+00 -8.39351552e-01
 5.87829666e+00 -1.04507416e+00
 6.29194557e+00 -1.33415173e+00
 7.08369002e+00 -1.75693309e+00
 8.06613018e+00 -2.40627396e+00
 9.22413868e+00 -3.46494575e+00
 1.07238836e+01 -5.31569310e+00
 1.20982205e+01 -8.76945729e+00
 1.19546359e+01 -1.50935259e+01
 4.93387160e+00 -2.23614642e+01
 -6.63611871e+00 -2.02538529e+01
 -1.04678641e+01 -1.24749033e+01
 -9.77532170e+00 -7.29774114e+00
 -8.15908303e+00 -4.54717155e+00
 -6.86042422e+00 -3.04177718e+00
 -5.73678907e+00 -2.15769681e+00
 -4.95919839e+00 -1.60278121e+00
 -4.25226772e+00 -1.23457319e+00
 -3.74049050e+00 -9.78918934e-01
 -3.17219721e+00 -7.94704896e-01
 -2.95052267e+00 -6.57837276e-01
 -2.58539308e+00 -5.53509308e-01
 -2.40180099e+00 -4.72244517e-01
 -2.04859932e+00 -4.07762911e-01
 -1.83905564e+00 -3.55775728e-01
 -1.67566278e+00 -3.13276435e-01
 -1.50022361e+00 -2.78108508e-01
 -1.43729572e+00 -2.48693522e-01
 -1.21762006e+00 -2.23855251e-01
 -1.16482908e+00 -2.02703010e-01
 -9.92956969e-01 -1.84552555e-01
 -1.04381621e+00 -1.68871359e-01
 -8.18068798e-01 -1.55240058e-01
 -7.52307099e-01 -1.43324843e-01
 -6.16434702e-01 -1.32857394e-01
 -6.61909750e-01 -1.23620082e-01
 -6.35157578e-01 -1.15434932e-01
 -4.88269435e-01 -1.08155290e-01
 -4.67874933e-01 -1.01659455e-01
 -5.39518755e-01 -9.58457789e-02
 -3.45536081e-01 -9.06288483e-02
 -3.45168075e-01 -8.59364931e-02
 -3.11552772e-01 -8.17074156e-02
 -2.32094705e-01 -7.78893042e-02
 -2.50498750e-01 -7.44373173e-02
 -1.55364565e-01 -7.13128601e-02
 -8.15847885e-02 -6.84825887e-02
 7.21611100e-02 -6.59175973e-02
 2.89491560e-03 -6.35927490e-02
 -2.42921586e-02 -6.14861229e-02
 8.80457861e-03 -5.95785560e-02
 -1.90251971e-02 -5.78532603e-02
 1.08614382e-01 -5.62955022e-02
 1.36184721e-01 -5.48923339e-02
 1.97822594e-01 -5.36323661e-02
 2.62339733e-01 -5.25055758e-02
 2.07862022e-01 -5.15031436e-02
 2.50217330e-01 -5.06173150e-02
 2.63407648e-01 -4.98412830e-02
 2.62704568e-01 -4.91690869e-02
 2.78666412e-01 -4.85955270e-02
 3.12325317e-01 -4.81160912e-02
 3.11116267e-01 -4.77268932e-02
 4.16233480e-01 -4.74246190e-02
 3.45189791e-01 -4.72064832e-02
 4.47264292e-01 -4.70701908e-02
 4.68605916e-01 -4.70139066e-02
 4.48425575e-01 -4.70362299e-02
 5.61149324e-01 -4.71361743e-02
 5.56509994e-01 -4.73131527e-02
 5.97649294e-01 -4.75669659e-02
 5.99232151e-01 -4.78977964e-02
 5.34440709e-01 -4.83062051e-02
 6.23352340e-01 -4.87931331e-02
 6.41476236e-01 -4.93599066e-02
 6.98689965e-01 -5.00082455e-02
 6.68708330e-01 -5.07402771e-02
 6.96683773e-01 -5.15585531e-02
 8.05653461e-01 -5.24660715e-02
 7.59900666e-01 -5.34663032e-02
 8.41799421e-01 -5.45632238e-02
 8.14564897e-01 -5.57613517e-02
 9.42243646e-01 -5.70657918e-02
 8.28886269e-01 -5.84822873e-02
 9.93540846e-01 -6.00172793e-02
 1.02116600e+00 -6.16779753e-02
 1.02614421e+00 -6.34724292e-02
 1.13405855e+00 -6.54096329e-02
 1.11067337e+00 -6.74996221e-02
 1.10490331e+00 -6.97535987e-02
 1.14956015e+00 -7.21840723e-02
 1.12511527e+00 -7.48050238e-02
 1.19265847e+00 -7.76320959e-02
 1.25958035e+00 -8.06828138e-02
 1.31004094e+00 -8.39768437e-02
 1.38143253e+00 -8.75362943e-02
 1.32965858e+00 -9.13860712e-02
 1.50285236e+00 -9.55542935e-02
 1.52254919e+00 -1.00072787e-01
 1.58164308e+00 -1.04977667e-01
 1.59778584e+00 -1.10310038e-01
 1.69350452e+00 -1.16116822e-01
 1.80115692e+00 -1.22451761e-01
 1.77689711e+00 -1.29376622e-01
 1.85776219e+00 -1.36962668e-01
 1.88007335e+00 -1.45292440e-01
 1.90204853e+00 -1.54461952e-01
 2.13956827e+00 -1.64583405e-01
 2.21212899e+00 -1.75788544e-01
 2.30903566e+00 -1.88232878e-01
 2.45500626e+00 -2.02100980e-01
 2.42030805e+00 -2.17613235e-01
 2.66500120e+00 -2.35034469e-01
 2.78175557e+00 -2.54685118e-01
 2.85097689e+00 -2.76955788e-01
 3.03653727e+00 -3.02326459e-01
 3.25477830e+00 -3.31392100e-01
 3.27843900e+00 -3.64897229e-01
 3.49483776e+00 -4.03783193e-01
 3.74125768e+00 -4.49253751e-01
 3.94849692e+00 -5.02867528e-01
 4.28737595e+00 -5.66670583e-01
 4.58298775e+00 -6.43390162e-01
 4.89898683e+00 -7.36723924e-01
 5.13310550e+00 -8.51781876e-01
 5.72008156e+00 -9.95779591e-01
 6.23926974e+00 -1.17915793e+00
 6.85204642e+00 -1.41745243e+00
 7.60310475e+00 -1.73453280e+00
 8.55172002e+00 -2.16845753e+00
 9.62121457e+00 -2.78256409e+00
 1.10166363e+01 -3.68757999e+00
 1.27184991e+01 -5.08804048e+00
 1.47893230e+01 -7.38350472e+00
 1.71564469e+01 -1.13828051e+01
 1.88700766e+01 -1.86010173e+01
 1.54462008e+01 -3.01755305e+01
 2.82502366e-01 -3.85133646e+01
 -1.56223323e+01 -3.10420691e+01
 -1.96181322e+01 -1.92805064e+01
 -1.81637824e+01 -1.17785825e+01
 -1.57080644e+01 -7.61619583e+00
 -1.35660833e+01 -5.23424410e+00
 -1.18704803e+01 -3.78586336e+00
 -1.04192612e+01 -2.85253192e+00
 -9.40204260e+00 -2.22062540e+00
 -8.49811400e+00 -1.77488181e+00
 -7.69864595e+00 -1.44957354e+00
 -7.03473405e+00 -1.20531209e+00
 -6.55298090e+00 -1.01745035e+00
 -6.04560329e+00 -8.69978080e-01
 -5.68336501e+00 -7.52153197e-01
 -5.31422190e+00 -6.56562415e-01
 -5.05048103e+00 -5.77961998e-01
 -4.91179938e+00 -5.12561404e-01
 -4.62933541e+00 -4.57567312e-01
 -4.41919240e+00 -4.10885650e-01
 -4.19206002e+00 -3.70922217e-01
 -3.93181301e+00 -3.36446423e-01
 -3.82768759e+00 -3.06496364e-01
 -3.68406547e+00 -2.80311524e-01
 -3.39069595e+00 -2.57284319e-01
 -3.52217430e+00 -2.36924683e-01
 -3.39035089e+00 -2.18833854e-01
 -3.11127169e+00 -2.02684722e-01
 -3.18839131e+00 -1.88206930e-01
 -2.96955271e+00 -1.75175470e-01
 -2.95779837e+00 -1.63401857e-01
 -2.78269668e+00 -1.52727239e-01
 -2.85135121e+00 -1.43016983e-01
 -2.73149991e+00 -1.34156371e-01
 -2.65527416e+00 -1.26047165e-01
 -2.59707562e+00 -1.18604846e-01
 -2.50337008e+00 -1.11756372e-01
 -2.40606949e+00 -1.05438353e-01
 -2.48921711e+00 -9.95955582e-02
 -2.43986651e+00 -9.41796805e-02
 -2.38581264e+00 -8.91483176e-02
 -2.27890721e+00 -8.44641209e-02
 -2.34150353e+00 -8.00940841e-02
 -2.22717773e+00 -7.60089463e-02
 -2.16345140e+00 -7.21826872e-02
 -2.17688117e+00 -6.85920999e-02
 -2.10226593e+00 -6.52164277e-02
 -2.06095223e+00 -6.20370535e-02
 -2.03011819e+00 -5.90372338e-02
 -2.07270945e+00 -5.62018699e-02
 -2.02811973e+00 -5.35173104e-02
 -1.97699621e+00 -5.09711805e-02
 -2.03128672e+00 -4.85522331e-02
 -1.95662970e+00 -4.62502191e-02
 -1.90784871e+00 -4.40557747e-02
 -1.99155783e+00 -4.19603217e-02
 -1.85092900e+00 -3.99559796e-02
 -1.88635781e+00 -3.80354890e-02
 -1.90183917e+00 -3.61921423e-02
 -1.85205280e+00 -3.44197231e-02
 -1.83443787e+00 -3.27124512e-02
 -1.80487107e+00 -3.10649340e-02
 -1.77330003e+00 -2.94721219e-02
 -1.69270668e+00 -2.79292684e-02
 -1.81669313e+00 -2.64318930e-02
 -1.58791504e+00 -2.49757482e-02
 -1.68572654e+00 -2.35567877e-02
 -1.73922838e+00 -2.21711372e-02
 -1.64074680e+00 -2.08150675e-02
 -1.72223640e+00 -1.94849677e-02
 -1.61772711e+00 -1.81773201e-02
 -1.54577882e+00 -1.68886758e-02
 -1.77864254e+00 -1.56156298e-02
 -1.63735235e+00 -1.43547971e-02
 -1.61821617e+00 -1.31027877e-02
 -1.76574857e+00 -1.18561807e-02
 -1.63728524e+00 -1.06114981e-02
 -1.62800413e+00 -9.36517589e-03
 -1.53751568e+00 -8.11353424e-03
 -1.69307430e+00 -6.85274412e-03
 -1.78652894e+00 -5.57879129e-03
 -1.56771240e+00 -4.28743616e-03
 -1.60838193e+00 -2.97416895e-03
 -1.67121366e+00 -1.63415902e-03
 -1.59591916e+00 -2.62197334e-04
 -1.59774683e+00 1.14736952e-03
 -1.59831108e+00 2.60071532e-03
 -1.71132505e+00 4.10462240e-03
 -1.62397466e+00 5.66658454e-03
 -1.66667053e+00 7.29492773e-03
 -1.60829186e+00 8.99895259e-03
 -1.68682613e+00 1.07891034e-02
 -1.73028927e+00 1.26771697e-02
 -1.63767648e+00 1.46765278e-02
 -1.66993079e+00 1.68024328e-02
 -1.63682736e+00 1.90723713e-02
 -1.71768185e+00 2.15064934e-02
 -1.68779277e+00 2.41281415e-02
 -1.72602786e+00 2.69645045e-02
 -1.68793197e+00 3.00474307e-02
 -1.73344297e+00 3.34144468e-02
 -1.70718984e+00 3.71100428e-02
 -1.85085056e+00 4.11873077e-02
 -1.85709810e+00 4.57100280e-02
 -1.85411151e+00 5.07554042e-02
 -1.74334969e+00 5.64176043e-02
 -1.76624379e+00 6.28124590e-02
 -1.80763260e+00 7.00837378e-02
 -1.93298908e+00 7.84116417e-02
 -2.01803230e+00 8.80244515e-02
 -1.98608970e+00 9.92147366e-02
 -2.14587918e+00 1.12362274e-01
 -2.12833263e+00 1.27967029e-01
 -2.16409509e+00 1.46697531e-01
 -2.32964522e+00 1.69463369e-01
 -2.36590452e+00 1.97526423e-01
 -2.35279297e+00 2.32676096e-01
 -2.50323074e+00 2.77513598e-01
 -2.69772825e+00 3.35928622e-01
 -2.86213345e+00 4.13928620e-01
 -3.05243700e+00 5.21141729e-01
 -3.17708451e+00 6.73664559e-01
 -3.62244378e+00 8.99710481e-01
 -3.98721058e+00 1.25125574e+00
 -4.44944696e+00 1.82816641e+00
 -4.80071197e+00 2.82143863e+00
 -4.88500096e+00 4.52092872e+00
 -3.54476020e+00 6.79876280e+00
 -2.84187356e-01 7.57769094e+00
 2.23558074e+00 5.69062459e+00
 2.79269029e+00 3.59377238e+00
 2.39754043e+00 2.27575381e+00
 1.95470168e+00 1.51749713e+00
 1.61398656e+00 1.06764965e+00
 1.33115772e+00 7.86204990e-01
 1.00073356e+00 6.00872642e-01
 7.01222100e-01 4.73316012e-01
 5.29627950e-01 3.82204832e-01
 4.39572117e-01 3.15073676e-01
 2.91085520e-01 2.64303385e-01
 1.52749389e-01 2.25048789e-01
 5.44115809e-02 1.94120244e-01
 -2.38742338e-02 1.69353552e-01
 -2.07812279e-02 1.49240907e-01
 -7.23388534e-02 1.32707066e-01
 -1.69714484e-01 1.18969297e-01
 -2.88961733e-01 1.07447271e-01
 -3.49687742e-01 9.77036200e-02
 -2.59807322e-01 8.94038383e-02
 -4.13056497e-01 8.22886752e-02
 -4.51915828e-01 7.61547776e-02
 -4.93534563e-01 7.08408875e-02
 -4.90795002e-01 6.62178501e-02
 -6.27670568e-01 6.21812788e-02
 -5.34111086e-01 5.86461004e-02
 -4.52338223e-01 5.55424510e-02
 -5.94015650e-01 5.28125545e-02
 -6.31638013e-01 5.04083233e-02
 -6.94778811e-01 4.82894978e-02
 -6.43799642e-01 4.64221907e-02
 -6.60628404e-01 4.47777384e-02
 -6.61230329e-01 4.33317881e-02
 -8.41807754e-01 4.20635678e-02
 -7.00077423e-01 4.09552968e-02
 -6.54529728e-01 3.99917092e-02
 -7.30747146e-01 3.91596645e-02
 -8.15274186e-01 3.84478288e-02
 -8.47849360e-01 3.78464120e-02
 -8.63495980e-01 3.73469507e-02
 -8.02523333e-01 3.69421278e-02
 -8.86807804e-01 3.66256217e-02
 -7.02946504e-01 3.63919809e-02
 -9.48237072e-01 3.62365186e-02
 -8.77411907e-01 3.61552238e-02
 -8.95488742e-01 3.61446872e-02
 -9.74161920e-01 3.62020389e-02
 -1.04310861e+00 3.63248953e-02
 -1.02336666e+00 3.65113156e-02
 -1.04365424e+00 3.67597650e-02
 -9.77302789e-01 3.70690845e-02
 -9.82224967e-01 3.74384657e-02
 -1.00593722e+00 3.78674315e-02
 -1.07766596e+00 3.83558200e-02
 -1.04493005e+00 3.89037731e-02
 -1.04569146e+00 3.95117280e-02
 -1.04434696e+00 4.01804130e-02
 -1.13125009e+00 4.09108453e-02
 -1.16709154e+00 4.17043327e-02
 -1.17985910e+00 4.25624779e-02
 -1.21414846e+00 4.34871855e-02
 -1.19857595e+00 4.44806726e-02
 -1.23981160e+00 4.55454820e-02
 -1.20957812e+00 4.66844987e-02
 -1.20912994e+00 4.79009699e-02
 -1.32614287e+00 4.91985287e-02
 -1.31089293e+00 5.05812216e-02
 -1.39663736e+00 5.20535407e-02
 -1.37252503e+00 5.36204607e-02
 -1.34804756e+00 5.52874809e-02
 -1.46205423e+00 5.70606741e-02
 -1.35767717e+00 5.89467414e-02
 -1.42522072e+00 6.09530760e-02
 -1.48240662e+00 6.30878346e-02
 -1.51595494e+00 6.53600203e-02
 -1.62697551e+00 6.77795766e-02
 -1.59931190e+00 7.03574945e-02
 -1.57327563e+00 7.31059369e-02
 -1.64960431e+00 7.60383795e-02
 -1.63128710e+00 7.91697742e-02
 -1.77497315e+00 8.25167374e-02
 -1.77354547e+00 8.60977673e-02
 -1.74094739e+00 8.99334963e-02
 -1.80921426e+00 9.40469842e-02
 -1.97441195e+00 9.84640601e-02
 -2.06248468e+00 1.03213724e-01
 -1.99923315e+00 1.08328614e-01
 -1.94781541e+00 1.13845564e-01
 -2.13981440e+00 1.19806258e-01
 -2.11736603e+00 1.26258006e-01
 -2.13007138e+00 1.33254679e-01
 -2.32625993e+00 1.40857815e-01
 -2.34911785e+00 1.49137963e-01
 -2.42864076e+00 1.58176304e-01
 -2.52799987e+00 1.68066625e-01
 -2.47873611e+00 1.78917725e-01
 -2.64519959e+00 1.90856389e-01
 -2.79885304e+00 2.04031060e-01
 -2.87651071e+00 2.18616417e-01
 -2.90090839e+00 2.34819124e-01
 -3.04610315e+00 2.52885095e-01
 -3.10625155e+00 2.73108763e-01
 -3.30311320e+00 2.95844989e-01
 -3.39746595e+00 3.21524521e-01
 -3.49190339e+00 3.50674254e-01
 -3.66067884e+00 3.83944063e-01
 -3.94961405e+00 4.22142757e-01
 -4.13554033e+00 4.66286869e-01
 -4.31391988e+00 5.17667737e-01
 -4.52863035e+00 5.77945139e-01
 -4.83277448e+00 6.49280094e-01
 -5.14211296e+00 7.34526588e-01
 -5.46673960e+00 8.37513790e-01
 -5.77865487e+00 9.63470504e-01
 -6.28633119e+00 1.11967893e+00
 -6.73688531e+00 1.31650855e+00
 -7.36964915e+00 1.56909995e+00
 -8.09861498e+00 1.90019813e+00
 -8.92290787e+00 2.34509522e+00
 -1.00641108e+01 2.96059717e+00
 -1.11600486e+01 3.84196794e+00
 -1.26748439e+01 5.15617509e+00
 -1.45224709e+01 7.20841877e+00
 -1.65079240e+01 1.05688600e+01
 -1.81680332e+01 1.62346508e+01
 -1.68274977e+01 2.52229291e+01
 -7.51152995e+00 3.47818706e+01
 8.00964128e+00 3.46096904e+01
 1.68875088e+01 2.49618231e+01
 1.80974870e+01 1.60668608e+01
 1.64304127e+01 1.04802410e+01
 1.45386613e+01 7.16417946e+00
 1.27115589e+01 5.13539505e+00
 1.11872809e+01 3.83377065e+00
 9.98937892e+00 2.95933216e+00
 9.01778173e+00 2.34773103e+00
 8.22261785e+00 1.90504671e+00
 7.41307226e+00 1.57518880e+00
 6.83829101e+00 1.32326131e+00
 6.28726474e+00 1.12674648e+00
 6.01034137e+00 9.70638192e-01
 5.55138253e+00 8.44648681e-01
 5.22803952e+00 7.41546518e-01
 4.88466052e+00 6.56135006e-01
 4.53816466e+00 5.84605569e-01
 4.36922264e+00 5.24117551e-01
 4.22720916e+00 4.72518604e-01
 4.04143462e+00 4.28154585e-01
 3.70873250e+00 3.89737791e-01
 3.55798372e+00 3.56253994e-01
 3.49785375e+00 3.26895792e-01
 3.31115287e+00 3.01014118e-01
 3.25249662e+00 2.78082481e-01
 3.09165003e+00 2.57670261e-01
 2.90198189e+00 2.39422547e-01
 3.01546426e+00 2.23044735e-01
 2.74762244e+00 2.08290664e-01
 2.74093312e+00 1.94953377e-01
 2.65782452e+00 1.82857876e-01
 2.53810197e+00 1.71855387e-01
 2.48100869e+00 1.61818793e-01
 2.37276609e+00 1.52638963e-01
 2.43805632e+00 1.44221791e-01
 2.22917710e+00 1.36485784e-01
 2.24365603e+00 1.29360093e-01
 2.22954740e+00 1.22782893e-01
 2.06139749e+00 1.16700042e-01
 2.03115033e+00 1.11063965e-01
 2.00465882e+00 1.05832730e-01
 1.96010792e+00 1.00969265e-01
 1.92778909e+00 9.64407035e-02
 1.89394457e+00 9.22178272e-02
 1.82986870e+00 8.82745975e-02
 1.82538802e+00 8.45877533e-02
 1.81887660e+00 8.11364676e-02
 1.65675122e+00 7.79020540e-02
 1.74320517e+00 7.48677133e-02
 1.68078885e+00 7.20183150e-02
 1.62297548e+00 6.93402086e-02
 1.71629624e+00 6.68210596e-02
 1.57827058e+00 6.44497068e-02
 1.50986470e+00 6.22160383e-02
 1.50137708e+00 6.01108828e-02
 1.51386724e+00 5.81259149e-02
 1.51655216e+00 5.62535716e-02
 1.39125335e+00 5.44869799e-02
 1.43305116e+00 5.28198922e-02
 1.45333393e+00 5.12466304e-02
 1.41371359e+00 4.97620362e-02
 1.36166059e+00 4.83614282e-02
 1.36616053e+00 4.70405633e-02
 1.29340157e+00 4.57956040e-02
 1.36325700e+00 4.46230892e-02
 1.32997407e+00 4.35199094e-02
 1.25648757e+00 4.24832852e-02
 1.27774216e+00 4.15107488e-02
 1.27875447e+00 4.06001293e-02
 1.14381223e+00 3.97495405e-02
 1.16158855e+00 3.89573709e-02
 1.18283410e+00 3.82222775e-02
 1.09713026e+00 3.75431814e-02
 1.25806855e+00 3.69192662e-02
 1.08540393e+00 3.63499798e-02
 1.10515316e+00 3.58350381e-02
 1.13338117e+00 3.53744324e-02
 1.15588328e+00 3.49684398e-02
 9.89800554e-01 3.46176375e-02
 1.10441563e+00 3.43229208e-02
 1.03705835e+00 3.40855258e-02
 1.04837703e+00 3.39070570e-02
 1.08236296e+00 3.37895215e-02
 9.60805984e-01 3.37353690e-02
 1.03115778e+00 3.37475410e-02
 9.35843783e-01 3.38295285e-02
 8.88043056e-01 3.39854419e-02
 9.45214344e-01 3.42200938e-02
 8.81905903e-01 3.45390982e-02
 9.40476933e-01 3.49489891e-02
 8.26298406e-01 3.54573640e-02
 8.11976234e-01 3.60730549e-02
 9.59538224e-01 3.68063374e-02
 8.91390482e-01 3.76691827e-02
 8.76759401e-01 3.86755665e-02
 8.23835966e-01 3.98418472e-02
 7.40606195e-01 4.11872331e-02
 7.87137749e-01 4.27343610e-02
 7.89988572e-01 4.45100202e-02
 7.26031831e-01 4.65460627e-02
 7.76246173e-01 4.88805560e-02
 6.45532435e-01 5.15592565e-02
 6.13955503e-01 5.46375072e-02
 6.89172105e-01 5.81827064e-02
 6.28456029e-01 6.22775486e-02
 5.92728448e-01 6.70243291e-02
 5.85460081e-01 7.25507237e-02
 4.88912832e-01 7.90176513e-02
 4.64315295e-01 8.66301153e-02
 4.21087304e-01 9.56523761e-02
 3.06805133e-01 1.06429536e-01
 3.68912039e-01 1.19418797e-01
 2.20437432e-01 1.35235626e-01
 2.16699678e-01 1.54723421e-01
 2.72409747e-01 1.79061188e-01
 1.49872201e-01 2.09934423e-01
 6.66888129e-02 2.49814316e-01
 3.68964638e-02 3.02428819e-01
 -2.33781613e-01 3.73585618e-01
 -3.42974785e-01 4.72663462e-01
 -5.78524513e-01 6.15412379e-01
 -7.11979790e-01 8.29350056e-01
 -9.13084265e-01 1.16406834e+00
 -1.19853919e+00 1.70829048e+00
 -1.35160597e+00 2.59692234e+00
 -9.30560043e-01 3.87177040e+00
 6.02543311e-01 4.87723134e+00
 2.56320669e+00 4.43855961e+00
 3.42030363e+00 3.13451184e+00
 3.50877982e+00 2.05661465e+00
 3.32451516e+00 1.37543958e+00
 2.97040934e+00 9.59938110e-01
 2.85213311e+00 6.98889657e-01
 2.57519619e+00 5.27653293e-01
 2.44405792e+00 4.10517243e-01
 2.39915325e+00 3.27356269e-01
 2.15423192e+00 2.66395359e-01
 2.12612731e+00 2.20464833e-01
 2.03376003e+00 1.85032269e-01
 1.97651606e+00 1.57133722e-01
 1.86817887e+00 1.34771660e-01
 1.78024214e+00 1.16563431e-01
 1.93956197e+00 1.01529069e-01
 1.77264932e+00 8.89592357e-02
 1.76389786e+00 7.83307400e-02
 1.73168352e+00 6.92511230e-02
 1.72419400e+00 6.14214821e-02
 1.64669478e+00 5.46110127e-02
 1.69103222e+00 4.86392472e-02
 1.63185523e+00 4.33634518e-02
 1.70623680e+00 3.86695438e-02
 1.64367772e+00 3.44654514e-02
 1.62854969e+00 3.06761966e-02
 1.53225938e+00 2.72402081e-02
 1.56106549e+00 2.41065264e-02
 1.50392346e+00 2.12326632e-02
 1.49198712e+00 1.85829451e-02
 1.53937130e+00 1.61272216e-02
 1.50057887e+00 1.38398474e-02
 1.53996492e+00 1.16988755e-02
 1.51835865e+00 9.68541201e-03
 1.47856421e+00 7.78309637e-03
 1.57707741e+00 5.97768055e-03
 1.53188979e+00 4.25668532e-03
 1.52015494e+00 2.60911830e-03
 1.50426084e+00 1.02524097e-03
 1.47255090e+00 -5.03624920e-04
 1.51120367e+00 -1.98525902e-03
 1.54053017e+00 -3.42667842e-03
 1.52880006e+00 -4.83425254e-03
 1.54826615e+00 -6.21380097e-03
 1.51646467e+00 -7.57067715e-03
 1.44148057e+00 -8.90984046e-03
 1.57146755e+00 -1.02359188e-02
 1.51967852e+00 -1.15532632e-02
 1.51555905e+00 -1.28659960e-02
 1.60346452e+00 -1.41780538e-02
 1.59500336e+00 -1.54932258e-02
 1.55500291e+00 -1.68151884e-02
 1.60366948e+00 -1.81475375e-02
 1.52469613e+00 -1.94938181e-02
 1.59827122e+00 -2.08575522e-02
 1.59995210e+00 -2.22422652e-02
 1.58532578e+00 -2.36515119e-02
 1.58418095e+00 -2.50889018e-02
 1.64889500e+00 -2.65581241e-02
 1.65943787e+00 -2.80629728e-02
 1.60300220e+00 -2.96073730e-02
 1.65078741e+00 -3.11954077e-02
 1.70095938e+00 -3.28313454e-02
 1.64635432e+00 -3.45196702e-02
 1.67429920e+00 -3.62651132e-02
 1.69934813e+00 -3.80726867e-02
 1.76688611e+00 -3.99477211e-02
 1.78293342e+00 -4.18959052e-02
 1.78831204e+00 -4.39233304e-02
 1.81931007e+00 -4.60365399e-02
 1.80044462e+00 -4.82425826e-02
 1.83097955e+00 -5.05490736e-02
 1.88538737e+00 -5.29642618e-02
 1.92131364e+00 -5.54971059e-02
 1.89962129e+00 -5.81573596e-02
 1.93123218e+00 -6.09556682e-02
 1.98244132e+00 -6.39036782e-02
 2.01975513e+00 -6.70141618e-02
 2.05587193e+00 -7.03011589e-02
 2.05214017e+00 -7.37801397e-02
 2.02602146e+00 -7.74681914e-02
 2.12342544e+00 -8.13842331e-02
 2.06814031e+00 -8.55492636e-02
 2.16022114e+00 -8.99866498e-02
 2.25889342e+00 -9.47224605e-02
 2.20484636e+00 -9.97858568e-02
 2.27866677e+00 -1.05209549e-01
 2.35570443e+00 -1.11030335e-01
 2.38554593e+00 -1.17289732e-01
 2.40386027e+00 -1.24034726e-01
 2.50964344e+00 -1.31318670e-01
 2.65433739e+00 -1.39202346e-01
 2.55157678e+00 -1.47755247e-01
 2.66446759e+00 -1.57057122e-01
 2.74462519e+00 -1.67199853e-01
 2.80798264e+00 -1.78289733e-01
 2.83197411e+00 -1.90450268e-01
 2.91973505e+00 -2.03825633e-01
 2.98783992e+00 -2.18584957e-01
 3.08178428e+00 -2.34927680e-01
 3.09636610e+00 -2.53090302e-01
 3.31331982e+00 -2.73354939e-01
 3.47924225e+00 -2.96060268e-01
 3.54136083e+00 -3.21615655e-01
 3.63808449e+00 -3.50519548e-01
 3.85803975e+00 -3.83383696e-01
 3.88224497e+00 -4.20965348e-01
 4.11153828e+00 -4.64210610e-01
 4.43944379e+00 -5.14313548e-01
 4.66279250e+00 -5.72797885e-01
 4.84544999e+00 -6.41631648e-01
 5.19880442e+00 -7.23390724e-01
 5.37734720e+00 -8.21496404e-01
 5.66378913e+00 -9.40567288e-01
 6.13155811e+00 -1.08695203e+00
 6.66511389e+00 -1.26955535e+00
 6.98509612e+00 -1.50115279e+00
 7.67748484e+00 -1.80054458e+00
 8.41000681e+00 -2.19619592e+00
 9.11327845e+00 -2.73259628e+00
 1.01535862e+01 -3.48174243e+00
 1.14354434e+01 -4.56446583e+00
 1.29175364e+01 -6.19042153e+00
 1.43702423e+01 -8.72916990e+00
 1.57792597e+01 -1.28008987e+01
 1.55901324e+01 -1.91549379e+01
 1.09975209e+01 -2.71722004e+01
 -3.50422302e-02 -3.13523763e+01
 -1.08157345e+01 -2.66855813e+01
 -1.50532726e+01 -1.86828466e+01
 -1.49880383e+01 -1.24937649e+01
 -1.36740386e+01 -8.54643511e+00
 -1.20059672e+01 -6.08204667e+00
 -1.06113094e+01 -4.49923024e+00
 -9.39529920e+00 -3.44208843e+00
 -8.43385663e+00 -2.70864964e+00
 -7.63379162e+00 -2.18224657e+00
 -6.86886890e+00 -1.79317558e+00
 -6.35721198e+00 -1.49824967e+00
 -5.91578782e+00 -1.26976899e+00
 -5.43620095e+00 -1.08939806e+00
 -5.02153397e+00 -9.44652210e-01
 -4.69129116e+00 -8.26813839e-01
 -4.32576987e+00 -7.29657646e-01
 -4.11153168e+00 -6.48648170e-01
 -3.88779114e+00 -5.80421272e-01
 -3.63747662e+00 -5.22441063e-01
 -3.43924267e+00 -4.72767958e-01
 -3.35089416e+00 -4.29898762e-01
 -3.08057246e+00 -3.92654431e-01
 -2.94432258e+00 -3.60099986e-01
 -2.93794636e+00 -3.31486520e-01
 -2.72056555e+00 -3.06208619e-01
 -2.63923497e+00 -2.83772690e-01
 -2.48795149e+00 -2.63773139e-01
 -2.39543734e+00 -2.45874256e-01
 -2.21207994e+00 -2.29796284e-01
 -2.19654042e+00 -2.15304632e-01
 -2.21260113e+00 -2.02201423e-01
 -2.07778386e+00 -1.90318835e-01
 -1.96265489e+00 -1.79513804e-01
 -1.95565147e+00 -1.69663789e-01
 -1.88550902e+00 -1.60663352e-01
 -1.88302478e+00 -1.52421391e-01
 -1.61707296e+00 -1.44858875e-01
 -1.66425844e+00 -1.37906995e-01
 -1.65748387e+00 -1.31505629e-01
 -1.54618586e+00 -1.25602074e-01
 -1.48338763e+00 -1.20149991e-01
 -1.45700250e+00 -1.15108521e-01
 -1.42878648e+00 -1.10441538e-01
 -1.39633756e+00 -1.06117026e-01
 -1.35157473e+00 -1.02106546e-01
 -1.31973108e+00 -9.83847851e-02
 -1.23340376e+00 -9.49291710e-02
 -1.23692686e+00 -9.17195435e-02
 -1.22381982e+00 -8.87378718e-02
 -1.17219983e+00 -8.59680111e-02
 -1.10467540e+00 -8.33954936e-02
 -1.07829132e+00 -8.10073474e-02
 -1.06742708e+00 -7.87919397e-02
 -9.56049399e-01 -7.67388414e-02
 -1.01279701e+00 -7.48387096e-02
 -9.75166719e-01 -7.30831849e-02
 -9.18999433e-01 -7.14648039e-02
 -9.20861749e-01 -6.99769216e-02
 -9.27518784e-01 -6.86136461e-02
 -9.01453891e-01 -6.73697811e-02
 -7.94975075e-01 -6.62407776e-02
 -8.65398220e-01 -6.52226926e-02
 -7.97566448e-01 -6.43121541e-02
 -7.47095064e-01 -6.35063336e-02
 -7.69865641e-01 -6.28029227e-02
 -6.61344484e-01 -6.22001161e-02
 -6.75589419e-01 -6.16965998e-02
 -6.96459527e-01 -6.12915435e-02
 -5.43156176e-01 -6.09845989e-02
 -6.59976551e-01 -6.07759019e-02
 -6.06344093e-01 -6.06660812e-02
 -6.13506308e-01 -6.06562709e-02
 -5.57091380e-01 -6.07481293e-02
 -5.10569038e-01 -6.09438634e-02
 -4.02586690e-01 -6.12462606e-02
 -4.33771440e-01 -6.16587263e-02
 -4.48852649e-01 -6.21853308e-02
 -3.66916422e-01 -6.28308644e-02
 -3.72791868e-01 -6.36009031e-02
 -4.11240466e-01 -6.45018860e-02
 -3.37172990e-01 -6.55412057e-02
 -3.08005163e-01 -6.67273157e-02
 -2.35917355e-01 -6.80698546e-02
 -1.84519254e-01 -6.95797933e-02
 -1.95087540e-01 -7.12696067e-02
 -2.35046716e-01 -7.31534761e-02
 -2.27785193e-01 -7.52475276e-02
 -1.52964763e-01 -7.75701140e-02
 -1.01882757e-01 -8.01421481e-02
 -1.12045248e-01 -8.29874996e-02
 5.74028518e-02 -8.61334689e-02
 1.45713570e-02 -8.96113537e-02
 1.00403083e-01 -9.34571318e-02
 4.55062185e-02 -9.77122860e-02
 5.59498673e-02 -1.02424806e-01
 8.68699223e-02 -1.07650413e-01
 1.86789470e-01 -1.13454060e-01
 2.39480463e-01 -1.19911792e-01
 3.80166454e-01 -1.27113053e-01
 4.28538001e-01 -1.35163576e-01
 3.40981984e-01 -1.44189029e-01
 4.55309636e-01 -1.54339642e-01
 4.51115493e-01 -1.65796149e-01
 5.81350420e-01 -1.78777449e-01
 6.07228317e-01 -1.93550629e-01
 8.37233581e-01 -2.10444154e-01
 8.31649573e-01 -2.29865471e-01
 8.74027345e-01 -2.52324745e-01
 9.35193949e-01 -2.78467299e-01
 1.13790931e+00 -3.09118564e-01
 1.29269028e+00 -3.45347327e-01
 1.46818430e+00 -3.88556186e-01
 1.54026949e+00 -4.40613323e-01
 1.72835383e+00 -5.04048254e-01
 1.95838126e+00 -5.82349049e-01
 2.09516801e+00 -6.80424446e-01
 2.36259554e+00 -8.05341280e-01
 2.68915718e+00 -9.67534828e-01
 3.02198869e+00 -1.18285580e+00
 3.36046444e+00 -1.47614003e+00
 3.99658760e+00 -1.88761224e+00
 4.53939710e+00 -2.48458374e+00
 5.25622676e+00 -3.38251608e+00
 5.92555071e+00 -4.77845554e+00
 6.37922565e+00 -6.97343744e+00
 5.85659067e+00 -1.02015575e+01
 2.78899252e+00 -1.36739857e+01
 -2.70215161e+00 -1.45544256e+01
 -6.95418651e+00 -1.18014227e+01
 -8.31027958e+00 -8.25071188e+00
 -8.15977935e+00 -5.61482541e+00
 -7.38290982e+00 -3.91486944e+00
 -6.72871951e+00 -2.83098830e+00
 -6.09575477e+00 -2.12073267e+00
 -5.63169443e+00 -1.63824108e+00
 -5.16829018e+00 -1.29876758e+00
 -4.80904815e+00 -1.05227580e+00
 -4.56222108e+00 -8.68304357e-01
 -4.22558632e+00 -7.27679261e-01
 -3.90643577e+00 -6.17937868e-01
 -3.82015362e+00 -5.30737403e-01
 -3.56726760e+00 -4.60342481e-01
 -3.35895150e+00 -4.02715060e-01
 -3.28546652e+00 -3.54950786e-01
 -3.19420790e+00 -3.14920332e-01
 -3.09391013e+00 -2.81035488e-01
 -2.92263007e+00 -2.52093116e-01
 -2.81408762e+00 -2.27168886e-01
 -2.78573280e+00 -2.05543537e-01
 -2.72797968e+00 -1.86650825e-01
 -2.59316597e+00 -1.70040185e-01
 -2.52601638e+00 -1.55349572e-01
 -2.44099294e+00 -1.42285425e-01
 -2.48940078e+00 -1.30607720e-01
 -2.43435273e+00 -1.20118674e-01
 -2.35191472e+00 -1.10654131e-01
 -2.31783523e+00 -1.02076922e-01
 -2.27102871e+00 -9.42717023e-02
 -2.15519094e+00 -8.71408969e-02
 -2.23798485e+00 -8.06015017e-02
 -2.17358797e+00 -7.45825291e-02
 -2.22920495e+00 -6.90229606e-02
 -2.12219841e+00 -6.38700932e-02
 -2.06571886e+00 -5.90781939e-02
 -2.07804881e+00 -5.46074009e-02
 -2.12266189e+00 -5.04228185e-02
 -2.12825692e+00 -4.64937694e-02
 -2.12806949e+00 -4.27931732e-02
 -1.99964177e+00 -3.92970261e-02
 -1.96121889e+00 -3.59839658e-02
 -1.97456621e+00 -3.28349028e-02
 -2.06434586e+00 -2.98327088e-02
 -1.97003921e+00 -2.69619515e-02
 -1.99680523e+00 -2.42086677e-02
 -1.91446955e+00 -2.15601677e-02
 -1.92788509e+00 -1.90048677e-02
 -1.99461637e+00 -1.65321432e-02
 -1.97134537e+00 -1.41322024e-02
 -1.88852793e+00 -1.17959739e-02
 -1.91753792e+00 -9.51500910e-03
 -1.80804215e+00 -7.28139472e-03
 -1.92350353e+00 -5.08767502e-03
 -1.94308374e+00 -2.92678186e-03
 -1.89062341e+00 -7.91971281e-04
 -1.89463910e+00 1.32323456e-03
 -1.98497499e+00 3.42510100e-03
 -1.90697214e+00 5.51973092e-03
 -1.89170553e+00 7.61311206e-03
 -1.82202201e+00 9.71116218e-03
 -1.95666130e+00 1.18197730e-02
 -1.94980610e+00 1.39448529e-02
 -2.00707408e+00 1.60923704e-02
 -1.99821920e+00 1.82683964e-02
 -1.96318921e+00 2.04791493e-02
 -2.03228113e+00 2.27310401e-02
 -1.92388421e+00 2.50307208e-02
 -1.99922223e+00 2.73851346e-02
 -2.01300249e+00 2.98015711e-02
 -2.05253568e+00 3.22877247e-02
 -2.04593154e+00 3.48517587e-02
 -2.04767883e+00 3.75023759e-02
 -2.07094407e+00 4.02488968e-02
 -2.06379870e+00 4.31013461e-02
 -2.09864206e+00 4.60705497e-02
 -2.18602902e+00 4.91682448e-02
 -2.06201665e+00 5.24072024e-02
 -2.09869284e+00 5.58013688e-02
 -2.11630224e+00 5.93660248e-02
 -2.11913107e+00 6.31179696e-02
 -2.31395059e+00 6.70757310e-02
 -2.19967651e+00 7.12598089e-02
 -2.32088751e+00 7.56929566e-02
 -2.31326986e+00 8.04005081e-02
 -2.34628716e+00 8.54107603e-02
 -2.35250668e+00 9.07554204e-02
 -2.38424971e+00 9.64701325e-02
 -2.48669042e+00 1.02595099e-01
 -2.53166247e+00 1.09175818e-01
 -2.45380850e+00 1.16263963e-01
 -2.55095153e+00 1.23918433e-01
 -2.59897426e+00 1.32206616e-01
 -2.55017547e+00 1.41205920e-01
 -2.70980832e+00 1.51005627e-01
 -2.73416609e+00 1.61709161e-01
 -2.85589641e+00 1.73436878e-01
 -2.89328268e+00 1.86329508e-01
 -2.95009623e+00 2.00552446e-01
 -3.07364577e+00 2.16301131e-01
 -3.11613041e+00 2.33807828e-01
 -3.28765658e+00 2.53350265e-01
 -3.34235844e+00 2.75262721e-01
 -3.41974138e+00 2.99950374e-01
 -3.59846913e+00 3.27908060e-01
 -3.64585077e+00 3.59745065e-01
 -3.77997262e+00 3.96218222e-01
 -3.93193363e+00 4.38276667e-01
 -4.18225654e+00 4.87123134e-01
 -4.25398415e+00 5.44299084e-01
 -4.51359481e+00 6.11804778e-01
 -4.74090560e+00 6.92271471e-01
 -4.96415916e+00 7.89212884e-01
 -5.28351562e+00 9.07399799e-01
 -5.64916900e+00 1.05343031e+00
 -5.98931679e+00 1.23661863e+00
 -6.37494682e+00 1.47041617e+00
 -6.97809536e+00 1.77474667e+00
 -7.63472119e+00 2.17995319e+00
 -8.28633050e+00 2.73365527e+00
 -9.17267657e+00 3.51292536e+00
 -1.01973492e+01 4.64600274e+00
 -1.12656245e+01 6.34914031e+00
 -1.23974181e+01 8.97487584e+00
 -1.26614361e+01 1.29909620e+01
 -1.08808493e+01 1.84686325e+01
 -4.78126529e+00 2.33021601e+01
 3.85291991e+00 2.31109350e+01
 9.69688429e+00 1.81160045e+01
 1.12597476e+01 1.27073725e+01
 1.08558237e+01 8.79180203e+00
 9.84005372e+00 6.23711267e+00
 8.70498051e+00 4.57783390e+00
 7.66477687e+00 3.47146005e+00
 6.88650537e+00 2.70881868e+00
 6.15704247e+00 2.16582340e+00
 5.51823637e+00 1.76776272e+00
 5.04590060e+00 1.46837506e+00
 4.64404413e+00 1.23811824e+00
 4.21856580e+00 1.05755465e+00
 3.85017489e+00 9.13536433e-01
 3.59088337e+00 7.96944113e-01
 3.38906333e+00 7.01307613e-01
 3.20356983e+00 6.21942239e-01
 2.90752864e+00 5.55393374e-01
 2.71253311e+00 4.99071107e-01
 2.56013961e+00 4.51004615e-01
 2.39034477e+00 4.09673742e-01
 2.23200999e+00 3.73891418e-01
 2.10232063e+00 3.42720196e-01
 1.98214584e+00 3.15412097e-01
 1.84706361e+00 2.91364650e-01
 1.75825654e+00 2.70088339e-01
 1.69537856e+00 2.51182214e-01
 1.64416892e+00 2.34315414e-01
 1.60811027e+00 2.19213024e-01
 1.50601373e+00 2.05645145e-01
 1.35307000e+00 1.93418371e-01
 1.26390331e+00 1.82369088e-01
 1.23509023e+00 1.72358165e-01
 1.25049944e+00 1.63266715e-01
 1.14411102e+00 1.54992687e-01
 1.10218795e+00 1.47448113e-01
 1.10572077e+00 1.40556860e-01
 9.91330663e-01 1.34252802e-01
 9.47036132e-01 1.28478300e-01
 9.25908760e-01 1.23182958e-01
 8.10741002e-01 1.18322583e-01
 8.19394287e-01 1.13858316e-01
 6.97285124e-01 1.09755904e-01
 7.36126816e-01 1.05985092e-01
 6.82873095e-01 1.02519101e-01
 6.61860028e-01 9.93341898e-02
 5.85275173e-01 9.64092853e-02
 5.42763873e-01 9.37256602e-02
 5.01442991e-01 9.12666624e-02
 5.43186027e-01 8.90174815e-02
 5.45862192e-01 8.69649478e-02
 4.61582897e-01 8.50973603e-02
 3.61695508e-01 8.34043383e-02
 4.05692954e-01 8.18766932e-02
 3.54631729e-01 8.05063186e-02
 1.63402439e-01 7.92860963e-02
 2.55822203e-01 7.82098144e-02
 2.86833124e-01 7.72720991e-02
 9.09821542e-02 7.64683556e-02
 2.19611522e-01 7.57947193e-02
 2.04588567e-01 7.52480150e-02
 2.39358078e-01 7.48257242e-02
 9.92190048e-02 7.45259593e-02
 4.15686751e-02 7.43474451e-02
 5.12416277e-02 7.42895059e-02
 7.99273640e-02 7.43520593e-02
 9.40964763e-02 7.45356159e-02
 -1.05420522e-01 7.48412852e-02
 -1.00533626e-01 7.52707877e-02
 -1.13984742e-01 7.58264731e-02
 -1.57671651e-01 7.65113455e-02
 -1.80947291e-01 7.73290960e-02
 -2.20038421e-01 7.82841423e-02
 -2.79293986e-01 7.93816779e-02
 -2.42469109e-01 8.06277298e-02
 -2.12432359e-01 8.20292275e-02
 -2.95986033e-01 8.35940832e-02
 -2.81347701e-01 8.53312867e-02
 -3.81164839e-01 8.72510144e-02
 -3.63791106e-01 8.93647577e-02
 -3.63961566e-01 9.16854708e-02
 -4.77748008e-01 9.42277441e-02
 -4.84158744e-01 9.70080046e-02
 -4.97027972e-01 1.00044750e-01
 -4.83581989e-01 1.03358824e-01
 -5.41910504e-01 1.06973732e-01
 -5.85882355e-01 1.10916023e-01
 -6.37844860e-01 1.15215726e-01
 -6.77571913e-01 1.19906877e-01
 -7.47465241e-01 1.25028132e-01
 -7.24998458e-01 1.30623508e-01
 -8.60429301e-01 1.36743258e-01
 -8.63409246e-01 1.43444926e-01
 -1.00322141e+00 1.50794615e-01
 -1.05700165e+00 1.58868524e-01
 -1.05030215e+00 1.67754820e-01
 -9.94942971e-01 1.77555921e-01
 -1.15670523e+00 1.88391315e-01
 -1.25115479e+00 2.00401049e-01
 -1.36376054e+00 2.13750069e-01
 -1.35697146e+00 2.28633679e-01
 -1.48350390e+00 2.45284441e-01
 -1.62204201e+00 2.63980961e-01
 -1.72241398e+00 2.85059196e-01
 -1.83136078e+00 3.08927110e-01
 -1.82846976e+00 3.36083875e-01
 -1.99607186e+00 3.67145276e-01
 -2.18042322e+00 4.02877724e-01
 -2.27620636e+00 4.44244323e-01
 -2.42216631e+00 4.92468105e-01
 -2.61830156e+00 5.49120061e-01
 -2.78240795e+00 6.16243598e-01
 -3.00901995e+00 6.96533456e-01
 -3.28628324e+00 7.93597655e-01
 -3.61024693e+00 9.12348653e-01
 -3.91674878e+00 1.05960021e+00
 -4.17121020e+00 1.24499952e+00
 -4.72335125e+00 1.48251975e+00
 -5.19998784e+00 1.79291305e+00
 -5.82443592e+00 2.20784857e+00
 -6.48019784e+00 2.77705721e+00
 -7.32613769e+00 3.58083291e+00
 -8.16651535e+00 4.75157927e+00
 -9.08000239e+00 6.50726502e+00
 -9.90324913e+00 9.18114447e+00
 -9.68398325e+00 1.31258507e+01
 -7.30336975e+00 1.80287198e+01
 -1.01203765e+00 2.13883513e+01
 6.22068985e+00 1.99847304e+01
 1.05591412e+01 1.53116344e+01
 1.14802475e+01 1.08034791e+01
 1.10562742e+01 7.58760141e+00
 1.00270520e+01 5.46433656e+00
 9.16840526e+00 4.06169302e+00
 8.27032065e+00 3.11136633e+00
 7.62132904e+00 2.44722469e+00
 6.94287645e+00 1.96886298e+00
 6.38102303e+00 1.61475278e+00
 5.95470937e+00 1.34620244e+00
 5.62081348e+00 1.13817462e+00
 5.25695697e+00 9.74008360e-01
 4.91161064e+00 8.42324240e-01
 4.65669248e+00 7.35163122e-01
 4.39530967e+00 6.46837014e-01
 4.16704600e+00 5.73201234e-01
 4.01604129e+00 5.11182195e-01
 3.83980058e+00 4.58464134e-01
 3.72852254e+00 4.13276961e-01
 3.65873075e+00 3.74249842e-01
 3.52057185e+00 3.40308387e-01
 3.34544566e+00 3.10601277e-01
 3.31049885e+00 2.84447146e-01
 3.18723494e+00 2.61295582e-01
 3.04941952e+00 2.40698142e-01
 2.97436250e+00 2.22286559e-01
 2.89281311e+00 2.05756175e-01
 2.96105459e+00 1.90853219e-01
 2.80245797e+00 1.77364953e-01
 2.71490554e+00 1.65111960e-01
 2.58903688e+00 1.53942076e-01
 2.56033123e+00 1.43725558e-01
 2.60224996e+00 1.34351231e-01
 2.70425484e+00 1.25723373e-01
 2.48122423e+00 1.17759196e-01
 2.44445554e+00 1.10386792e-01
 2.42950056e+00 1.03543447e-01
 2.43344680e+00 9.71742455e-02
 2.29026889e+00 9.12309229e-02
 2.32693748e+00 8.56709018e-02
 2.21605145e+00 8.04564888e-02
 2.30288594e+00 7.55541979e-02
 2.26145535e+00 7.09341790e-02
 2.24036898e+00 6.65697340e-02
 2.16196520e+00 6.24369036e-02
 2.15337340e+00 5.85141145e-02
 2.25055165e+00 5.47818765e-02
 2.17861114e+00 5.12225212e-02
 2.09125057e+00 4.78199761e-02
 2.10752264e+00 4.45595680e-02
 2.08168630e+00 4.14278519e-02
 2.03927326e+00 3.84124608e-02
 2.11919038e+00 3.55019734e-02
 2.04549171e+00 3.26857978e-02
 2.02518897e+00 2.99540671e-02
 2.07124213e+00 2.72975471e-02
 2.06626418e+00 2.47075525e-02
 1.95886972e+00 2.21758718e-02
 2.02426444e+00 1.96946978e-02
 1.97778887e+00 1.72565651e-02
 1.96243374e+00 1.48542908e-02
 1.87114591e+00 1.24809194e-02
 1.96723555e+00 1.01296712e-02
 1.96321103e+00 7.79389154e-03
 1.93281625e+00 5.46700287e-03
 1.95416099e+00 3.14245669e-03
 2.03565644e+00 8.13686045e-04
 1.97278343e+00 -1.52594257e-03
 1.89811802e+00 -3.88317846e-03
 2.03471592e+00 -6.26493784e-03
 2.03607224e+00 -8.67835755e-03
 1.99610447e+00 -1.11308521e-02
 2.05191713e+00 -1.36301750e-02
 1.91522179e+00 -1.61844854e-02
 2.12387880e+00 -1.88024213e-02
 2.00241398e+00 -2.14931794e-02
 2.09679611e+00 -2.42666059e-02
 2.01334929e+00 -2.71332962e-02
 2.11737661e+00 -3.01047085e-02
 1.95336778e+00 -3.31932927e-02
 2.07327196e+00 -3.64126366e-02
 1.99991568e+00 -3.97776342e-02
 2.06471444e+00 -4.33046786e-02
 2.09841964e+00 -4.70118863e-02
 2.02030973e+00 -5.09193563e-02
 2.08031309e+00 -5.50494734e-02
 2.19162591e+00 -5.94272633e-02
 2.15652910e+00 -6.40808100e-02
 2.18154825e+00 -6.90417498e-02
 2.23952685e+00 -7.43458572e-02
 2.32977926e+00 -8.00337442e-02
 2.31798804e+00 -8.61516982e-02
 2.43126208e+00 -9.27526907e-02
 2.44957824e+00 -9.98975995e-02
 2.35332639e+00 -1.07656696e-01
 2.39063869e+00 -1.16111464e-01
 2.52291489e+00 -1.25356845e-01
 2.53061103e+00 -1.35504015e-01
 2.60761704e+00 -1.46683851e-01
 2.63272110e+00 -1.59051292e-01
 2.65991320e+00 -1.72790850e-01
 2.81186205e+00 -1.88123656e-01
 2.75974464e+00 -2.05316521e-01
 2.84740582e+00 -2.24693713e-01
 2.89264841e+00 -2.46652402e-01
 3.03048077e+00 -2.71683147e-01
 3.20315338e+00 -3.00397361e-01
 3.30022066e+00 -3.33564589e-01
 3.40653010e+00 -3.72163793e-01
 3.49403395e+00 -4.17454897e-01
 3.66486041e+00 -4.71080168e-01
 3.72811792e+00 -5.35210295e-01
 3.93678579e+00 -6.12758755e-01
 4.27786609e+00 -7.07702641e-01
 4.42273340e+00 -8.25573186e-01
 4.66656133e+00 -9.74223049e-01
 4.95905317e+00 -1.16505579e+00
 5.31032375e+00 -1.41504491e+00
 5.81000127e+00 -1.75012752e+00
 6.36304538e+00 -2.21101041e+00
 6.83331028e+00 -2.86312238e+00
 7.51719894e+00 -3.81296209e+00
 8.23172243e+00 -5.23016456e+00
 8.53594060e+00 -7.35161084e+00
 7.98572908e+00 -1.03408345e+01
 5.58270995e+00 -1.36594751e+01
 8.99691123e-01 -1.52625124e+01
 -3.89756061e+00 -1.35832372e+01
 -6.21998203e+00 -1.02569345e+01
 -6.71265337e+00 -7.29242593e+00
 -6.38309146e+00 -5.19478892e+00
 -5.67363547e+00 -3.79386029e+00
 -5.04066198e+00 -2.85436391e+00
 -4.51026458e+00 -2.20886477e+00
 -3.96001485e+00 -1.75236023e+00
 -3.51063550e+00 -1.42031655e+00
 -3.09275032e+00 -1.17255008e+00
 -2.82537786e+00 -9.83432290e-01
 -2.59364696e+00 -8.36175572e-01
 -2.23471351e+00 -7.19491075e-01
 -2.08624008e+00 -6.25598688e-01
 -1.88434889e+00 -5.49014166e-01
 -1.79606747e+00 -4.85791538e-01
 -1.62159925e+00 -4.33038394e-01
 -1.33155255e+00 -3.88598606e-01
 -1.35850807e+00 -3.50840183e-01
 -1.13102159e+00 -3.18510609e-01
 -1.16386892e+00 -2.90636385e-01
 -1.00136197e+00 -2.66452093e-01
 -9.98142787e-01 -2.45349525e-01
 -7.85962699e-01 -2.26840682e-01
 -6.95126507e-01 -2.10530501e-01
 -6.93238818e-01 -1.96096515e-01
 -6.30418661e-01 -1.83273493e-01
 -5.18284681e-01 -1.71841744e-01
 -4.74309175e-01 -1.61618098e-01
 -4.23982057e-01 -1.52448907e-01
 -3.53337609e-01 -1.44204557e-01
 -3.97660361e-01 -1.36775130e-01
 -3.67013768e-01 -1.30066961e-01
 -2.45603589e-01 -1.23999866e-01
 -2.16397538e-01 -1.18504916e-01
 -2.17644671e-01 -1.13522626e-01
 -2.23286857e-01 -1.09001476e-01
 -1.21426032e-01 -1.04896698e-01
 -2.93853491e-02 -1.01169275e-01
 -3.25221830e-02 -9.77851120e-02
 -5.47542129e-02 -9.47143411e-02
 3.78548394e-02 -9.19307463e-02
 4.00197276e-02 -8.94112769e-02
 1.14571558e-01 -8.71356382e-02
 8.05543468e-02 -8.50859452e-02
 4.57201428e-02 -8.32464299e-02
 1.08871449e-01 -8.16031910e-02
 1.76417494e-01 -8.01439821e-02
 1.71812807e-01 -7.88580300e-02
 3.26142557e-01 -7.77358797e-02
 2.62355240e-01 -7.67692621e-02
 3.85649899e-01 -7.59509811e-02
 3.40029689e-01 -7.52748166e-02
 3.64102196e-01 -7.47354429e-02
 4.15656867e-01 -7.43283593e-02
 4.20717064e-01 -7.40498312e-02
 4.70440561e-01 -7.38968421e-02
 4.20113374e-01 -7.38670537e-02
 4.81522752e-01 -7.39587744e-02
 4.20645783e-01 -7.41709346e-02
 4.81645785e-01 -7.45030694e-02
 6.31509977e-01 -7.49553076e-02
 5.77155937e-01 -7.55283665e-02
 7.20167608e-01 -7.62235534e-02
 6.81176627e-01 -7.70427728e-02
 6.48097781e-01 -7.79885393e-02
 7.06108361e-01 -7.90639974e-02
 7.86851679e-01 -8.02729474e-02
 7.60217692e-01 -8.16198783e-02
 7.18366571e-01 -8.31100085e-02
 8.02728945e-01 -8.47493337e-02
 7.81043354e-01 -8.65446851e-02
 9.10109734e-01 -8.85037959e-02
 8.95910874e-01 -9.06353806e-02
 8.38930134e-01 -9.29492251e-02
 9.17715384e-01 -9.54562930e-02
 1.01820924e+00 -9.81688462e-02
 1.03440387e+00 -1.01100586e-01
 9.91252963e-01 -1.04266814e-01
 1.06474745e+00 -1.07684622e-01
 1.12835610e+00 -1.11373104e-01
 1.12193934e+00 -1.15353610e-01
 1.12628540e+00 -1.19650038e-01
 1.17342406e+00 -1.24289170e-01
 1.26602706e+00 -1.29301068e-01
 1.29281723e+00 -1.34719535e-01
 1.37561935e+00 -1.40582660e-01
 1.43804563e+00 -1.46933451e-01
 1.39430850e+00 -1.53820595e-01
 1.48873667e+00 -1.61299347e-01
 1.58369210e+00 -1.69432595e-01
 1.66999776e+00 -1.78292134e-01
 1.64248129e+00 -1.87960195e-01
 1.66179938e+00 -1.98531284e-01
 1.83893489e+00 -2.10114426e-01
 1.85822926e+00 -2.22835884e-01
 2.03370157e+00 -2.36842510e-01
 2.10960274e+00 -2.52305862e-01
 2.20436415e+00 -2.69427329e-01
 2.22143256e+00 -2.88444519e-01
 2.32361763e+00 -3.09639319e-01
 2.46647547e+00 -3.33348090e-01
 2.55255769e+00 -3.59974723e-01
 2.64224627e+00 -3.90007458e-01
 2.81805242e+00 -4.24040777e-01
 2.96588990e+00 -4.62804174e-01
 3.09541933e+00 -5.07200374e-01
 3.20460105e+00 -5.58356674e-01
 3.42716862e+00 -6.17694776e-01
 3.66658096e+00 -6.87027036e-01
 3.90142156e+00 -7.68691042e-01
 4.13660680e+00 -8.65740710e-01
 4.46747481e+00 -9.82222257e-01
 4.79405987e+00 -1.12358003e+00
 5.21502277e+00 -1.29726510e+00
 5.54767273e+00 -1.51366732e+00
 5.97943870e+00 -1.78757485e+00
 6.61793764e+00 -2.14051281e+00
 7.32884935e+00 -2.60457633e+00
 8.06714291e+00 -3.22883707e+00
 8.80428121e+00 -4.09016495e+00
 9.89756451e+00 -5.31126203e+00
 1.07458436e+01 -7.08831254e+00
 1.18888556e+01 -9.72015982e+00
 1.21736824e+01 -1.35724859e+01
 1.06393292e+01 -1.87023362e+01
 5.59978862e+00 -2.36717874e+01
 -2.51583096e+00 -2.50018911e+01
 -9.38948555e+00 -2.14037962e+01
 -1.25003151e+01 -1.60230454e+01
 -1.29388295e+01 -1.14861694e+01
 -1.21596944e+01 -8.28693894e+00
