 NaN NaN
 7.56396594e+01 4.66129986e+00
 3.87514841e+01 1.71952605e+00
 2.61153878e+01 9.53097855e-01
 1.95699785e+01 6.25508402e-01
 1.58152346e+01 4.50590295e-01
 1.31923362e+01 3.44356122e-01
 1.13783419e+01 2.74150321e-01
 9.97380060e+00 2.24894041e-01
 9.01233320e+00 1.88757619e-01
 8.01971847e+00 1.61311874e-01
 7.26379949e+00 1.39881669e-01
 6.73258610e+00 1.22765411e-01
 6.27535077e+00 1.08834315e-01
 5.80569852e+00 9.73130590e-02
 5.47595854e+00 8.76532614e-02
 5.01894144e+00 7.94572198e-02
 4.88883472e+00 7.24301972e-02
 4.60503864e+00 6.63495963e-02
 4.41486291e+00 6.10444792e-02
 4.07148305e+00 5.63816232e-02
 3.95415175e+00 5.22558171e-02
 3.86156948e+00 4.85829772e-02
 3.62830966e+00 4.52951773e-02
 3.45657533e+00 4.23370041e-02
 3.32684962e+00 3.96628457e-02
 3.23087336e+00 3.72348485e-02
 3.03692746e+00 3.50213584e-02
 3.04172595e+00 3.29957200e-02
 2.95872338e+00 3.11353400e-02
 2.82037435e+00 2.94209519e-02
 2.67586661e+00 2.78360325e-02
 2.74256293e+00 2.63663351e-02
 2.66897923e+00 2.49995141e-02
 2.60918741e+00 2.37248202e-02
 2.55102982e+00 2.25328513e-02
 2.42577273e+00 2.14153477e-02
 2.37725493e+00 2.03650236e-02
 2.40779128e+00 1.93754260e-02
 2.24194155e+00 1.84408174e-02
 2.29987548e+00 1.75560771e-02
 2.19164501e+00 1.67166177e-02
 2.17356533e+00 1.59183147e-02
 2.17798312e+00 1.51574460e-02
 2.07982886e+00 1.44306406e-02
 2.16472561e+00 1.37348337e-02
 2.04430384e+00 1.30672294e-02
 1.98826514e+00 1.24252663e-02
 2.00049483e+00 1.18065896e-02
 1.90843018e+00 1.12090251e-02
 1.93271032e+00 1.06305571e-02
 1.92574904e+00 1.00693086e-02
 1.88156153e+00 9.52352392e-03
 1.94262306e+00 8.99155279e-03
 1.80778536e+00 8.47183641e-03
 1.86801599e+00 7.96289449e-03
 1.89279071e+00 7.46331360e-03
 1.79150956e+00 6.97173635e-03
 1.81735355e+00 6.48685136e-03
 1.76025172e+00 6.00738380e-03
 1.82999197e+00 5.53208641e-03
 1.75320372e+00 5.05973091e-03
 1.75949993e+00 4.58909958e-03
 1.83893092e+00 4.11897696e-03
 1.85140433e+00 3.64814164e-03
 1.79238482e+00 3.17535786e-03
 1.72798891e+00 2.69936696e-03
 1.68829835e+00 2.21887848e-03
 1.67067336e+00 1.73256089e-03
 1.78113525e+00 1.23903164e-03
 1.71395934e+00 7.36846576e-04
 1.71203477e+00 2.24488498e-04
 1.67516111e+00 -2.99645389e-04
 1.77777951e+00 -8.37257224e-04
 1.73982098e+00 -1.39016373e-03
 1.66630325e+00 -1.96031320e-03
 1.78895466e+00 -2.54980454e-03
 1.76388011e+00 -3.16090871e-03
 1.75819417e+00 -3.79609303e-03
 1.71163128e+00 -4.45804883e-03
 1.76117117e+00 -5.14972301e-03
 1.71202690e+00 -5.87435432e-03
 1.70233942e+00 -6.63551511e-03
 1.76383680e+00 -7.43715963e-03
 1.80234381e+00 -8.28368019e-03
 1.76231517e+00 -9.17997252e-03
 1.86345637e+00 -1.01315124e-02
 1.84924171e+00 -1.11444458e-02
 1.78301431e+00 -1.22256949e-02
 1.86632508e+00 -1.33830844e-02
 1.81680746e+00 -1.46254914e-02
 1.87253561e+00 -1.59630248e-02
 1.98915135e+00 -1.74072416e-02
 1.99223782e+00 -1.89714070e-02
 2.01108504e+00 -2.06708115e-02
 2.07399754e+00 -2.25231578e-02
 2.03658111e+00 -2.45490363e-02
 2.14698831e+00 -2.67725129e-02
 2.11167162e+00 -2.92218611e-02
 2.21695357e+00 -3.19304795e-02
 2.23178756e+00 -3.49380505e-02
 2.25209919e+00 -3.82920167e-02
 2.42513607e+00 -4.20494759e-02
 2.48384081e+00 -4.62796386e-02
 2.47554921e+00 -5.10670455e-02
 2.66229289e+00 -5.65158257e-02
 2.79733344e+00 -6.27553994e-02
 2.84354334e+00 -6.99482113e-02
 2.96293120e+00 -7.83003654e-02
 3.03359551e+00 -8.80764730e-02
 3.20743357e+00 -9.96207329e-02
 3.30369385e+00 -1.13387418e-01
 3.55638292e+00 -1.29985881e-01
 3.67769054e+00 -1.50248545e-01
 3.90339126e+00 -1.75336314e-01
 4.20169267e+00 -2.06906874e-01
 4.56587194e+00 -2.47392653e-01
 4.83784570e+00 -3.00478137e-01
 5.33237458e+00 -3.71957868e-01
 5.87841216e+00 -4.71364789e-01
 6.65532357e+00 -6.15269847e-01
 7.63250895e+00 -8.34530328e-01
 8.90407025e+00 -1.19192193e+00
 1.08409579e+01 -1.83112640e+00
 1.39505719e+01 -3.13967592e+00
 1.89593163e+01 -6.44713732e+00
 2.79241256e+01 -1.81899298e+01
 9.27451615e+00 -5.79612418e+01
 -2.84963011e+01 -2.42920791e+01
 -1.94719729e+01 -7.93587616e+00
 -1.37187727e+01 -3.68808968e+00
 -1.03844402e+01 -2.10095588e+00
 -8.23281104e+00 -1.35143438e+00
 -6.76048231e+00 -9.41112184e-01
 -5.73530116e+00 -6.92836263e-01
 -5.02330538e+00 -5.31406627e-01
 -4.44146734e+00 -4.20612469e-01
 -3.91052144e+00 -3.41302240e-01
 -3.49880189e+00 -2.82585478e-01
 -3.28357920e+00 -2.37901772e-01
 -2.96656027e+00 -2.03109085e-01
 -2.64326691e+00 -1.75488271e-01
 -2.43987944e+00 -1.53194571e-01
 -2.21557392e+00 -1.34940738e-01
 -2.13176540e+00 -1.19806431e-01
 -2.03423027e+00 -1.07119507e-01
 -1.86083969e+00 -9.63798147e-02
 -1.72070706e+00 -8.72089488e-02
 -1.67841014e+00 -7.93163363e-02
 -1.57212834e+00 -7.24758523e-02
 -1.45602310e+00 -6.65093927e-02
 -1.37595756e+00 -6.12751325e-02
 -1.25326543e+00 -5.66590038e-02
 -1.18697423e+00 -5.25684220e-02
 -1.20255709e+00 -4.89276071e-02
 -1.14604944e+00 -4.56740527e-02
 -1.00267179e+00 -4.27558316e-02
 -9.33700294e-01 -4.01295201e-02
 -9.30301684e-01 -3.77585818e-02
 -9.08470228e-01 -3.56121001e-02
 -8.16223920e-01 -3.36637748e-02
 -7.84201014e-01 -3.18911220e-02
 -7.05512347e-01 -3.02748322e-02
 -6.94250881e-01 -2.87982507e-02
 -7.36427406e-01 -2.74469554e-02
 -6.51180044e-01 -2.62084112e-02
 -6.05263236e-01 -2.50716856e-02
 -5.12503175e-01 -2.40272137e-02
 -6.06658598e-01 -2.30666024e-02
 -4.99010047e-01 -2.21824677e-02
 -6.14152835e-01 -2.13682975e-02
 -5.08169108e-01 -2.06183364e-02
 -5.09646870e-01 -1.99274888e-02
 -4.82998669e-01 -1.92912357e-02
 -4.57979638e-01 -1.87055649e-02
 -4.23392032e-01 -1.81669111e-02
 -4.82523780e-01 -1.76721045e-02
 -4.25812731e-01 -1.72183270e-02
 -3.05403644e-01 -1.68030745e-02
 -2.52100913e-01 -1.64241245e-02
 -2.87520243e-01 -1.60795083e-02
 -3.19268165e-01 -1.57674871e-02
 -3.38485148e-01 -1.54865313e-02
 -2.77221156e-01 -1.52353030e-02
 -2.54053112e-01 -1.50126409e-02
 -1.96052389e-01 -1.48175476e-02
 -2.12258860e-01 -1.46491788e-02
 -2.28384715e-01 -1.45068348e-02
 -1.88067763e-01 -1.43899526e-02
 -1.32653080e-01 -1.42981008e-02
 -1.25723430e-01 -1.42309749e-02
 -1.32114508e-01 -1.41883948e-02
 -5.47458342e-02 -1.41703027e-02
 -1.01725465e-01 -1.41767630e-02
 -2.74300634e-02 -1.42079635e-02
 -1.43855217e-01 -1.42642168e-02
 2.03178340e-02 -1.43459646e-02
 1.00909658e-02 -1.44537821e-02
 -6.05629226e-03 -1.45883844e-02
 -1.04603171e-01 -1.47506348e-02
 -2.01332408e-02 -1.49415541e-02
 3.75707386e-02 -1.51623323e-02
 -3.67053307e-02 -1.54143425e-02
 7.43365204e-02 -1.56991569e-02
 -3.59149562e-02 -1.60185658e-02
 1.42574841e-01 -1.63745997e-02
 1.01318775e-01 -1.67695552e-02
 1.02985460e-01 -1.72060244e-02
 1.61079689e-01 -1.76869304e-02
 2.07705704e-01 -1.82155670e-02
 1.57316845e-01 -1.87956470e-02
 2.27672521e-01 -1.94313565e-02
 1.23110686e-01 -2.01274199e-02
 2.17923026e-01 -2.08891760e-02
 2.84100662e-01 -2.17226670e-02
 3.46875530e-01 -2.26347442e-02
 3.16779657e-01 -2.36331932e-02
 4.32955057e-01 -2.47268823e-02
 2.78026914e-01 -2.59259408e-02
 3.55814400e-01 -2.72419722e-02
 4.16589152e-01 -2.86883111e-02
 4.74707356e-01 -3.02803352e-02
 5.46998539e-01 -3.20358443e-02
 5.20275933e-01 -3.39755253e-02
 6.08511464e-01 -3.61235244e-02
 6.36345995e-01 -3.85081572e-02
 6.58914676e-01 -4.11627941e-02
 6.45599464e-01 -4.41269743e-02
 6.95749197e-01 -4.74478166e-02
 6.82937475e-01 -5.11818215e-02
 8.66810658e-01 -5.53971938e-02
 8.53472186e-01 -6.01768639e-02
 9.59433107e-01 -6.56224589e-02
 9.82807588e-01 -7.18595811e-02
 1.03511115e+00 -7.90449063e-02
 1.21545357e+00 -8.73758592e-02
 1.23281184e+00 -9.71039878e-02
 1.34627586e+00 -1.08553745e-01
 1.51581523e+00 -1.22149323e-01
 1.69121139e+00 -1.38453736e-01
 1.64640555e+00 -1.58226957e-01
 1.90877438e+00 -1.82514517e-01
 2.06074431e+00 -2.12786170e-01
 2.27224704e+00 -2.51159708e-01
 2.50164031e+00 -3.00775083e-01
 2.97211416e+00 -3.66445740e-01
 3.19357821e+00 -4.55847852e-01
 3.73052390e+00 -5.81817801e-01
 4.42225844e+00 -7.67103103e-01
 5.20806552e+00 -1.05504016e+00
 6.26402633e+00 -1.53617916e+00
 7.95687448e+00 -2.42398978e+00
 1.03881941e+01 -4.30844341e+00
 1.39297619e+01 -9.15759641e+00
 1.40106157e+01 -2.30344608e+01
 -9.92785710e+00 -2.91028405e+01
 -1.62548864e+01 -1.22394692e+01
 -1.26316580e+01 -5.40087639e+00
 -9.74537399e+00 -2.90276568e+00
 -7.90468920e+00 -1.78701573e+00
 -6.63451468e+00 -1.20426866e+00
 -5.71300036e+00 -8.64374820e-01
 -5.09247848e+00 -6.49634484e-01
 -4.57909706e+00 -5.05579608e-01
 -4.12874564e+00 -4.04345380e-01
 -3.81196683e+00 -3.30520808e-01
 -3.56087711e+00 -2.75036885e-01
 -3.32190379e+00 -2.32280451e-01
 -3.13830770e+00 -1.98629026e-01
 -2.90704548e+00 -1.71661171e-01
 -2.84167018e+00 -1.49709030e-01
 -2.69120765e+00 -1.31593724e-01
 -2.54343659e+00 -1.16463010e-01
 -2.46511223e+00 -1.03688462e-01
 -2.36142086e+00 -9.27984919e-02
 -2.30454774e+00 -8.34336256e-02
 -2.30962735e+00 -7.53159721e-02
 -2.21312739e+00 -6.82279639e-02
 -2.18535897e+00 -6.19972890e-02
 -2.10202026e+00 -5.64860345e-02
 -2.02668632e+00 -5.15827510e-02
 -1.96628700e+00 -4.71965712e-02
 -1.82612559e+00 -4.32527990e-02
 -1.89018213e+00 -3.96895614e-02
 -1.85632560e+00 -3.64552420e-02
 -1.79048639e+00 -3.35064927e-02
 -1.85432008e+00 -3.08066811e-02
 -1.75448329e+00 -2.83246664e-02
 -1.61293661e+00 -2.60338266e-02
 -1.63503953e+00 -2.39112811e-02
 -1.68159677e+00 -2.19372631e-02
 -1.70108371e+00 -2.00946111e-02
 -1.77951397e+00 -1.83683536e-02
 -1.70774073e+00 -1.67453678e-02
 -1.60057675e+00 -1.52140980e-02
 -1.63575009e+00 -1.37643217e-02
 -1.62429232e+00 -1.23869540e-02
 -1.61832241e+00 -1.10738836e-02
 -1.59186198e+00 -9.81783455e-03
 -1.60233630e+00 -8.61224880e-03
 -1.63035500e+00 -7.45118639e-03
 -1.57233313e+00 -6.32923967e-03
 -1.52663531e+00 -5.24145964e-03
 -1.53574988e+00 -4.18329205e-03
 -1.50346579e+00 -3.15052184e-03
 -1.59572081e+00 -2.13922439e-03
 -1.51744105e+00 -1.14572257e-03
 -1.57764937e+00 -1.66548592e-04
 -1.58517101e+00 8.01590234e-04
 -1.51358240e+00 1.76184232e-03
 -1.58484958e+00 2.71723996e-03
 -1.65266388e+00 3.67072529e-03
 -1.61742240e+00 4.62517446e-03
 -1.60801064e+00 5.58342038e-03
 -1.60037454e+00 6.54827456e-03
 -1.52731378e+00 7.52254819e-03
 -1.52071546e+00 8.50907282e-03
 -1.50869180e+00 9.51072099e-03
 -1.65452687e+00 1.05304270e-02
 -1.61463977e+00 1.15712084e-02
 -1.57528234e+00 1.26361876e-02
 -1.70029645e+00 1.37286153e-02
 -1.64853703e+00 1.48518952e-02
 -1.62103517e+00 1.60096096e-02
 -1.66854631e+00 1.72055483e-02
 -1.68499315e+00 1.84437390e-02
 -1.67213612e+00 1.97284815e-02
 -1.76351213e+00 2.10643850e-02
 -1.68280542e+00 2.24564094e-02
 -1.81918977e+00 2.39099119e-02
 -1.72124894e+00 2.54306990e-02
 -1.79643989e+00 2.70250851e-02
 -1.80915647e+00 2.86999590e-02
 -1.88978190e+00 3.04628591e-02
 -1.82576304e+00 3.23220600e-02
 -1.83126329e+00 3.42866708e-02
 -1.96983668e+00 3.63667482e-02
 -1.88289304e+00 3.85734278e-02
 -1.98003315e+00 4.09190747e-02
 -2.00807539e+00 4.34174596e-02
 -2.06131511e+00 4.60839634e-02
 -2.10020385e+00 4.89358172e-02
 -2.23975166e+00 5.19923834e-02
 -2.30515642e+00 5.52754884e-02
 -2.23587377e+00 5.88098156e-02
 -2.29603579e+00 6.26233731e-02
 -2.34766884e+00 6.67480533e-02
 -2.37008432e+00 7.12203033e-02
 -2.50684361e+00 7.60819352e-02
 -2.55113317e+00 8.13811073e-02
 -2.60812255e+00 8.71735218e-02
 -2.64023156e+00 9.35238932e-02
 -2.79635776e+00 1.00507760e-01
 -2.81328292e+00 1.08213736e-01
 -2.89079835e+00 1.16746325e-01
 -2.91334643e+00 1.26229468e-01
 -3.12200647e+00 1.36811049e-01
 -3.22844478e+00 1.48668662e-01
 -3.27596167e+00 1.62017067e-01
 -3.51712956e+00 1.77117920e-01
 -3.65654861e+00 1.94292604e-01
 -3.79525195e+00 2.13939337e-01
 -3.91755601e+00 2.36556280e-01
 -4.17288221e+00 2.62773159e-01
 -4.38504331e+00 2.93395171e-01
 -4.58673849e+00 3.29464958e-01
 -4.92884370e+00 3.72351618e-01
 -5.23960341e+00 4.23881118e-01
 -5.52260445e+00 4.86531570e-01
 -5.99942606e+00 5.63732913e-01
 -6.39587596e+00 6.60339722e-01
 -7.03873248e+00 7.83401028e-01
 -7.64390988e+00 9.43459734e-01
 -8.44967016e+00 1.15683942e+00
 -9.43910040e+00 1.44986985e+00
 -1.06622199e+01 1.86715747e+00
 -1.22437981e+01 2.48892580e+00
 -1.43228100e+01 3.47051517e+00
 -1.71751396e+01 5.14182517e+00
 -2.12826325e+01 8.28861154e+00
 -2.66655954e+01 1.50390727e+01
 -3.11901358e+01 3.13494942e+01
 -1.29827845e+01 5.96787798e+01
 2.65494866e+01 4.76687332e+01
 3.00200183e+01 2.24762474e+01
 2.43376470e+01 1.14624871e+01
 1.94280076e+01 6.70289182e+00
 1.59751470e+01 4.34186034e+00
 1.34646007e+01 3.02462666e+00
 1.16188361e+01 2.22164789e+00
 1.02616119e+01 1.69824286e+00
 9.13402738e+00 1.33893957e+00
 8.33921638e+00 1.08196643e+00
 7.50882751e+00 8.91983684e-01
 6.86761144e+00 7.47636730e-01
 6.37787626e+00 6.35424706e-01
 5.91672931e+00 5.46481921e-01
 5.52297984e+00 4.74795673e-01
 5.30151435e+00 4.16173519e-01
 4.93331853e+00 3.67620980e-01
 4.61327475e+00 3.26953640e-01
 4.43639165e+00 2.92548039e-01
 4.27765824e+00 2.63177461e-01
 4.08673737e+00 2.37901123e-01
 3.86648481e+00 2.15987828e-01
 3.75561085e+00 1.96862360e-01
 3.58184809e+00 1.80067210e-01
 3.47113897e+00 1.65234817e-01
 3.29368581e+00 1.52067150e-01
 3.30953694e+00 1.40320498e-01
 3.14086547e+00 1.29794005e-01
 3.03306113e+00 1.20320923e-01
 2.92183945e+00 1.11761886e-01
 2.83743622e+00 1.03999676e-01
 2.78617680e+00 9.69351196e-02
 2.72646306e+00 9.04838458e-02
 2.65276112e+00 8.45737009e-02
 2.64365228e+00 7.91426758e-02
 2.50806524e+00 7.41372309e-02
 2.48029734e+00 6.95109339e-02
 2.46818534e+00 6.52233464e-02
 2.40371570e+00 6.12391077e-02
 2.42197089e+00 5.75271769e-02
 2.34519802e+00 5.40602032e-02
 2.26351049e+00 5.08139996e-02
 2.21917872e+00 4.77671011e-02
 2.21555024e+00 4.49003930e-02
 2.16935329e+00 4.21967948e-02
 2.19540601e+00 3.96409926e-02
 2.17934252e+00 3.72192098e-02
 2.10957171e+00 3.49190112e-02
 2.12815695e+00 3.27291336e-02
 2.08943558e+00 3.06393399e-02
 1.91611890e+00 2.86402924e-02
 1.99263978e+00 2.67234424e-02
 1.94227592e+00 2.48809334e-02
 2.06694920e+00 2.31055160e-02
 2.02824898e+00 2.13904732e-02
 2.00540275e+00 1.97295533e-02
 1.86007789e+00 1.81169110e-02
 1.93356079e+00 1.65470534e-02
 1.92666191e+00 1.50147917e-02
 1.92243550e+00 1.35151976e-02
 1.90963574e+00 1.20435626e-02
 1.91601894e+00 1.05953604e-02
 1.93975946e+00 9.16621196e-03
 1.85734164e+00 7.75185220e-03
 1.82854358e+00 6.34809823e-03
 1.84034049e+00 4.95081847e-03
 1.89876227e+00 3.55590226e-03
 1.86113251e+00 2.15922966e-03
 1.87964427e+00 7.56640943e-04
 1.81830135e+00 -6.56094728e-04
 1.88494106e+00 -2.08331169e-03
 1.88671445e+00 -3.52948188e-03
 1.86125460e+00 -4.99925110e-03
 1.84269258e+00 -6.49747793e-03
 1.81223846e+00 -8.02927612e-03
 1.86909629e+00 -9.60006097e-03
 1.86069401e+00 -1.12156006e-02
 1.85285835e+00 -1.28820732e-02
 1.90895773e+00 -1.46061310e-02
 1.94836418e+00 -1.63949728e-02
 1.92962317e+00 -1.82564259e-02
 1.98893349e+00 -2.01990403e-02
 2.04701992e+00 -2.22321960e-02
 1.95686907e+00 -2.43662269e-02
 2.04821337e+00 -2.66125650e-02
 2.02015641e+00 -2.89839072e-02
 2.06656520e+00 -3.14944105e-02
 2.00933912e+00 -3.41599216e-02
 2.16351656e+00 -3.69982468e-02
 2.07870769e+00 -4.00294722e-02
 2.05662333e+00 -4.32763446e-02
 2.06174064e+00 -4.67647265e-02
 2.17292235e+00 -5.05241431e-02
 2.15743472e+00 -5.45884428e-02
 2.29320947e+00 -5.89965990e-02
 2.35082281e+00 -6.37936893e-02
 2.34416416e+00 -6.90320982e-02
 2.42577903e+00 -7.47730039e-02
 2.41545102e+00 -8.10882277e-02
 2.50944272e+00 -8.80625528e-02
 2.60642573e+00 -9.57966512e-02
 2.74248076e+00 -1.04410809e-01
 2.74840243e+00 -1.14049710e-01
 2.79813511e+00 -1.24888634e-01
 2.88917044e+00 -1.37141564e-01
 3.02077524e+00 -1.51071917e-01
 3.11991895e+00 -1.67006894e-01
 3.22729571e+00 -1.85356934e-01
 3.28026471e+00 -2.06642428e-01
 3.50156959e+00 -2.31530974e-01
 3.73926425e+00 -2.60890187e-01
 3.89448482e+00 -2.95863925e-01
 4.06670349e+00 -3.37984549e-01
 4.25914319e+00 -3.89341999e-01
 4.60098936e+00 -4.52844890e-01
 4.88840423e+00 -5.32635314e-01
 5.35108538e+00 -6.34769309e-01
 5.72294861e+00 -7.68374965e-01
 6.31017428e+00 -9.47708783e-01
 6.97848970e+00 -1.19599146e+00
 7.74633839e+00 -1.55298818e+00
 8.95831867e+00 -2.09104131e+00
 1.03263087e+01 -2.95178251e+00
 1.24229393e+01 -4.43804340e+00
 1.50066227e+01 -7.26384434e+00
 1.77971528e+01 -1.32201645e+01
 1.67067514e+01 -2.55693550e+01
 -9.91937547e-01 -3.57648223e+01
 -1.64870648e+01 -2.37472493e+01
 -1.64370339e+01 -1.22707132e+01
 -1.36714376e+01 -6.84602537e+00
 -1.11460924e+01 -4.24073088e+00
 -9.23153410e+00 -2.85146830e+00
 -7.89535964e+00 -2.03776474e+00
 -6.78461709e+00 -1.52455333e+00
 -5.86930764e+00 -1.18161048e+00
 -5.30894661e+00 -9.41729276e-01
 -4.68579769e+00 -7.67648461e-01
 -4.28763190e+00 -6.37452816e-01
 -3.88392049e+00 -5.37605609e-01
 -3.56553634e+00 -4.59394613e-01
 -3.35034089e+00 -3.97013747e-01
 -3.04712614e+00 -3.46476293e-01
 -2.83773450e+00 -3.04973035e-01
 -2.56666325e+00 -2.70479230e-01
 -2.56139754e+00 -2.41506207e-01
 -2.36240254e+00 -2.16939952e-01
 -2.17908099e+00 -1.95933576e-01
 -2.06934025e+00 -1.77834094e-01
 -1.99769592e+00 -1.62131559e-01
 -1.86894076e+00 -1.48423090e-01
 -1.86922959e+00 -1.36387023e-01
 -1.74379307e+00 -1.25764043e-01
 -1.66020975e+00 -1.16343247e-01
 -1.56348934e+00 -1.07951697e-01
 -1.48348496e+00 -1.00446518e-01
 -1.45155021e+00 -9.37088441e-02
 -1.34594070e+00 -8.76391424e-02
 -1.41012701e+00 -8.21535659e-02
 -1.33892146e+00 -7.71810829e-02
 -1.18445256e+00 -7.26612026e-02
 -1.25590573e+00 -6.85421574e-02
 -1.06841459e+00 -6.47794411e-02
 -1.12273152e+00 -6.13346254e-02
 -9.56037236e-01 -5.81743956e-02
 -1.01637655e+00 -5.52697608e-02
 -9.41300445e-01 -5.25954026e-02
 -9.02841038e-01 -5.01291367e-02
 -8.58787323e-01 -4.78514640e-02
 -8.25102806e-01 -4.57451958e-02
 -7.69166523e-01 -4.37951388e-02
 -8.62609929e-01 -4.19878302e-02
 -7.90042933e-01 -4.03113123e-02
 -7.67608608e-01 -3.87549425e-02
 -7.63397085e-01 -3.73092299e-02
 -8.03997657e-01 -3.59656971e-02
 -6.80936746e-01 -3.47167603e-02
 -6.04241322e-01 -3.35556270e-02
 -6.69279152e-01 -3.24762078e-02
 -4.65004150e-01 -3.14730398e-02
 -5.98051162e-01 -3.05412209e-02
 -5.78196780e-01 -2.96763522e-02
 -5.70141432e-01 -2.88744886e-02
 -4.99158997e-01 -2.81320959e-02
 -6.02821372e-01 -2.74460128e-02
 -5.95401788e-01 -2.68134194e-02
 -5.41698097e-01 -2.62318085e-02
 -3.99950173e-01 -2.56989619e-02
 -5.23608350e-01 -2.52129294e-02
 -5.23316541e-01 -2.47720115e-02
 -4.17231767e-01 -2.43747445e-02
 -4.15261197e-01 -2.40198882e-02
 -4.52464804e-01 -2.37064162e-02
 -2.96818033e-01 -2.34335082e-02
 -2.96682242e-01 -2.32005444e-02
 -4.20787394e-01 -2.30071022e-02
 -3.69402458e-01 -2.28529548e-02
 -3.80591910e-01 -2.27380717e-02
 -3.25115448e-01 -2.26626212e-02
 -3.04011448e-01 -2.26269757e-02
 -4.05487875e-01 -2.26317179e-02
 -3.62590639e-01 -2.26776513e-02
 -2.29799818e-01 -2.27658112e-02
 -2.63392852e-01 -2.28974805e-02
 -2.45211809e-01 -2.30742075e-02
 -3.46034298e-01 -2.32978276e-02
 -1.97624772e-01 -2.35704896e-02
 -1.69058495e-01 -2.38946859e-02
 -1.35000532e-01 -2.42732889e-02
 -1.24499472e-01 -2.47095935e-02
 -1.60869933e-01 -2.52073663e-02
 -1.08663997e-01 -2.57709050e-02
 -4.48109815e-02 -2.64051065e-02
 -1.11701530e-01 -2.71155483e-02
 -6.49238278e-02 -2.79085842e-02
 -1.77182665e-03 -2.87914570e-02
 -1.04937833e-01 -2.97724334e-02
 -5.65819265e-02 -3.08609635e-02
 -2.16213383e-02 -3.20678723e-02
 6.33445946e-02 -3.34055890e-02
 3.16675423e-02 -3.48884236e-02
 6.61359019e-02 -3.65329021e-02
 7.09018505e-02 -3.83581747e-02
 1.32006418e-01 -4.03865145e-02
 1.47508544e-01 -4.26439335e-02
 1.02752754e-01 -4.51609435e-02
 1.92139145e-01 -4.79735068e-02
 2.02603686e-01 -5.11242296e-02
 1.96796332e-01 -5.46638722e-02
 2.91784722e-01 -5.86532764e-02
 3.89687520e-01 -6.31658450e-02
 3.98133052e-01 -6.82907644e-02
 3.58335995e-01 -7.41372310e-02
 4.98319320e-01 -8.08400601e-02
 4.63977121e-01 -8.85672123e-02
 5.90528298e-01 -9.75300260e-02
 5.30627350e-01 -1.07997324e-01
 5.87979236e-01 -1.20315159e-01
 7.59646255e-01 -1.34934914e-01
 8.83098761e-01 -1.52454054e-01
 9.91830753e-01 -1.73676421e-01
 1.07935431e+00 -1.99703526e-01
 1.14096106e+00 -2.32076335e-01
 1.31961007e+00 -2.73001902e-01
 1.46815436e+00 -3.25727632e-01
 1.68992655e+00 -3.95182761e-01
 1.94530368e+00 -4.89125791e-01
 2.27997429e+00 -6.20300539e-01
 2.62296649e+00 -8.10724444e-01
 3.12924803e+00 -1.10079186e+00
 3.80962155e+00 -1.57003894e+00
 4.62316436e+00 -2.38787159e+00
 5.55808588e+00 -3.93965535e+00
 6.26774757e+00 -7.04817825e+00
 3.97059949e+00 -1.20834923e+01
 -3.60115193e+00 -1.31059423e+01
 -7.33239519e+00 -8.17068756e+00
 -7.11610251e+00 -4.52596214e+00
 -6.07401044e+00 -2.68837913e+00
 -5.15837274e+00 -1.73751030e+00
 -4.44602048e+00 -1.20218792e+00
 -3.95390010e+00 -8.76343952e-01
 -3.57577832e+00 -6.64970201e-01
 -3.20309848e+00 -5.20679350e-01
 -2.95279462e+00 -4.18044187e-01
 -2.77688669e+00 -3.42539881e-01
 -2.63157632e+00 -2.85420540e-01
 -2.47210380e+00 -2.41180812e-01
 -2.36277176e+00 -2.06222035e-01
 -2.20142839e+00 -1.78114689e-01
 -2.05448128e+00 -1.55172152e-01
 -2.15261406e+00 -1.36194716e-01
 -1.94518700e+00 -1.20310593e-01
 -1.97092328e+00 -1.06874195e-01
 -1.95803358e+00 -9.53993252e-02
 -1.78538438e+00 -8.55142532e-02
 -1.74445311e+00 -7.69308748e-02
 -1.66321722e+00 -6.94231263e-02
 -1.71714749e+00 -6.28116215e-02
 -1.71254173e+00 -5.69525422e-02
 -1.56569468e+00 -5.17294914e-02
 -1.55102677e+00 -4.70474391e-02
 -1.55740951e+00 -4.28281697e-02
 -1.50524144e+00 -3.90068195e-02
 -1.51442465e+00 -3.55292174e-02
 -1.50479197e+00 -3.23498208e-02
 -1.44171429e+00 -2.94301015e-02
 -1.42332508e+00 -2.67372708e-02
 -1.41995236e+00 -2.42432666e-02
 -1.46776180e+00 -2.19239404e-02
 -1.39986755e+00 -1.97584028e-02
 -1.31431897e+00 -1.77284913e-02
 -1.39442227e+00 -1.58183349e-02
 -1.48518732e+00 -1.40139971e-02
 -1.28316958e+00 -1.23031801e-02
 -1.33799146e+00 -1.06749790e-02
 -1.34500210e+00 -9.11967648e-03
 -1.33242415e+00 -7.62856972e-03
 -1.29386760e+00 -6.19382495e-03
 -1.42756298e+00 -4.80835329e-03
 -1.29537060e+00 -3.46570506e-03
 -1.33933110e+00 -2.15997895e-03
 -1.34903979e+00 -8.85743593e-04
 -1.39974747e+00 3.62030555e-04
 -1.27342568e+00 1.58803072e-03
 -1.29659015e+00 2.79665421e-03
 -1.28536991e+00 3.99205494e-03
 -1.30638872e+00 5.17818492e-03
 -1.29387972e+00 6.35883174e-03
 -1.42813245e+00 7.53765276e-03
 -1.37341328e+00 8.71820653e-03
 -1.41469551e+00 9.90398207e-03
 -1.32491149e+00 1.10984265e-02
 -1.38853338e+00 1.23049715e-02
 -1.34108085e+00 1.35270588e-02
 -1.39641021e+00 1.47681653e-02
 -1.28131202e+00 1.60318283e-02
 -1.36125897e+00 1.73216706e-02
 -1.38297584e+00 1.86414261e-02
 -1.43916149e+00 1.99949674e-02
 -1.39391055e+00 2.13863330e-02
 -1.44347558e+00 2.28197577e-02
 -1.49988541e+00 2.42997040e-02
 -1.48984576e+00 2.58308969e-02
 -1.51138448e+00 2.74183611e-02
 -1.60223409e+00 2.90674621e-02
 -1.61062954e+00 3.07839511e-02
 -1.48121674e+00 3.25740157e-02
 -1.59827294e+00 3.44443353e-02
 -1.58053214e+00 3.64021439e-02
 -1.62177405e+00 3.84553004e-02
 -1.62910064e+00 4.06123682e-02
 -1.64027607e+00 4.28827050e-02
 -1.71227515e+00 4.52765658e-02
 -1.67100782e+00 4.78052193e-02
 -1.65175156e+00 5.04810824e-02
 -1.72109844e+00 5.33178740e-02
 -1.84572055e+00 5.63307928e-02
 -1.77999791e+00 5.95367227e-02
 -1.79513121e+00 6.29544721e-02
 -1.85264799e+00 6.66050517e-02
 -1.95085035e+00 7.05120006e-02
 -1.93385820e+00 7.47017683e-02
 -2.09129842e+00 7.92041654e-02
 -2.00814264e+00 8.40528973e-02
 -2.07184424e+00 8.92861982e-02
 -2.09755932e+00 9.49475882e-02
 -2.22460177e+00 1.01086781e-01
 -2.25943796e+00 1.07760780e-01
 -2.39680723e+00 1.15035202e-01
 -2.35506756e+00 1.22985896e-01
 -2.49585128e+00 1.31700919e-01
 -2.45164692e+00 1.41282978e-01
 -2.63678480e+00 1.51852455e-01
 -2.68354251e+00 1.63551190e-01
 -2.71912773e+00 1.76547228e-01
 -2.96786082e+00 1.91040857e-01
 -3.01425795e+00 2.07272308e-01
 -3.08070888e+00 2.25531697e-01
 -3.32218392e+00 2.46171962e-01
 -3.40713828e+00 2.69625888e-01
 -3.65256826e+00 2.96428747e-01
 -3.81488820e+00 3.27248768e-01
 -3.90858858e+00 3.62928693e-01
 -4.15098976e+00 4.04543252e-01
 -4.44512663e+00 4.53479896e-01
 -4.61554310e+00 5.11554152e-01
 -4.84742482e+00 5.81177560e-01
 -5.25589491e+00 6.65607314e-01
 -5.61264478e+00 7.69326030e-01
 -6.06851371e+00 8.98634624e-01
 -6.59903018e+00 1.06260524e+00
 -7.17571213e+00 1.27466409e+00
 -7.89515394e+00 1.55532083e+00
 -8.82053130e+00 1.93707947e+00
 -9.91062046e+00 2.47371404e+00
 -1.11680304e+01 3.25877487e+00
 -1.30121419e+01 4.46479230e+00
 -1.52286100e+01 6.43136464e+00
 -1.79123741e+01 9.86965070e+00
 -2.06357800e+01 1.62864206e+01
 -2.01956587e+01 2.80363593e+01
 -7.18131940e+00 4.15400519e+01
 1.41477760e+01 3.76234876e+01
 2.14318486e+01 2.31692805e+01
 2.00274175e+01 1.35493225e+01
 1.72189396e+01 8.43809200e+00
 1.46144960e+01 5.64045450e+00
 1.26642078e+01 3.99724346e+00
 1.10870671e+01 2.96563023e+00
 9.88511095e+00 2.28092157e+00
 8.79212650e+00 1.80533545e+00
 8.06183656e+00 1.46248033e+00
 7.41990653e+00 1.20758820e+00
 6.68986742e+00 1.01314686e+00
 6.31522180e+00 8.61548006e-01
 5.94570006e+00 7.41122577e-01
 5.47755299e+00 6.43901287e-01
 5.15758892e+00 5.64297281e-01
 4.89812899e+00 4.98303048e-01
 4.53552465e+00 4.42985190e-01
 4.39755307e+00 3.96157591e-01
 4.23016750e+00 3.56164662e-01
 4.08467331e+00 3.21734367e-01
 3.85345858e+00 2.91876538e-01
 3.76294362e+00 2.65811241e-01
 3.51521339e+00 2.42917479e-01
 3.46124576e+00 2.22695898e-01
 3.38656929e+00 2.04741299e-01
 3.32390979e+00 1.88722125e-01
 3.14933965e+00 1.74364971e-01
 3.07166554e+00 1.61442757e-01
 2.96835429e+00 1.49765612e-01
 2.91598407e+00 1.39173788e-01
 2.87348026e+00 1.29532087e-01
 2.80392248e+00 1.20725458e-01
 2.68040291e+00 1.12655489e-01
 2.63508277e+00 1.05237585e-01
 2.63102818e+00 9.83986883e-02
 2.44699028e+00 9.20754296e-02
 2.55569313e+00 8.62126071e-02
 2.49725590e+00 8.07619404e-02
 2.45661490e+00 7.56810378e-02
 2.36540645e+00 7.09325376e-02
 2.39978010e+00 6.64833906e-02
 2.33180322e+00 6.23042579e-02
 2.21305041e+00 5.83690029e-02
 2.24868175e+00 5.46542607e-02
 2.16303559e+00 5.11390725e-02
 2.22455491e+00 4.78045724e-02
 2.11318454e+00 4.46337199e-02
 2.11332583e+00 4.16110682e-02
 2.03680384e+00 3.87225652e-02
 2.09159806e+00 3.59553796e-02
 2.01114829e+00 3.32977497e-02
 2.06119832e+00 3.07388514e-02
 1.97273075e+00 2.82686809e-02
 1.99135296e+00 2.58779526e-02
 2.11559053e+00 2.35580065e-02
 1.94810267e+00 2.13007268e-02
 1.99959787e+00 1.90984681e-02
 1.94421555e+00 1.69439884e-02
 1.99974803e+00 1.48303879e-02
 1.92237478e+00 1.27510531e-02
 1.98059322e+00 1.06996042e-02
 2.02899081e+00 8.66984578e-03
 1.94017799e+00 6.65572015e-03
 2.00898133e+00 4.65126219e-03
 1.97073247e+00 2.65055549e-03
 1.95973080e+00 6.47688815e-04
 1.95231285e+00 -1.36328730e-03
 1.98039253e+00 -3.38840475e-03
 1.89448957e+00 -5.43382338e-03
 1.93145403e+00 -7.50587829e-03
 1.94961408e+00 -9.61112995e-03
 1.91644262e+00 -1.17564176e-02
 2.00792441e+00 -1.39489167e-02
 1.98320163e+00 -1.61962022e-02
 1.96522330e+00 -1.85063168e-02
 1.99414975e+00 -2.08878483e-02
 2.08558525e+00 -2.33500139e-02
 1.95163020e+00 -2.59027569e-02
 1.98162637e+00 -2.85568543e-02
 2.07001523e+00 -3.13240402e-02
 2.08132475e+00 -3.42171459e-02
 2.05194488e+00 -3.72502614e-02
 2.17327030e+00 -4.04389207e-02
 2.11001670e+00 -4.38003173e-02
 2.15381941e+00 -4.73535542e-02
 2.16005342e+00 -5.11199359e-02
 2.20878178e+00 -5.51233112e-02
 2.20298820e+00 -5.93904772e-02
 2.28023934e+00 -6.39516568e-02
 2.31358066e+00 -6.88410669e-02
 2.25765965e+00 -7.40975966e-02
 2.38689073e+00 -7.97656217e-02
 2.38168505e+00 -8.58959868e-02
 2.46048525e+00 -9.25471962e-02
 2.51185883e+00 -9.97868666e-02
 2.46603989e+00 -1.07693508e-01
 2.72574220e+00 -1.16358725e-01
 2.71349597e+00 -1.25889945e-01
 2.63670964e+00 -1.36413836e-01
 2.88450020e+00 -1.48080615e-01
 2.90073919e+00 -1.61069517e-01
 3.09747178e+00 -1.75595795e-01
 2.99811256e+00 -1.91919782e-01
 3.18442129e+00 -2.10358695e-01
 3.35036264e+00 -2.31302220e-01
 3.41641034e+00 -2.55233278e-01
 3.54257659e+00 -2.82756062e-01
 3.70040409e+00 -3.14634373e-01
 3.83769063e+00 -3.51844821e-01
 4.05354463e+00 -3.95651798e-01
 4.15679539e+00 -4.47714996e-01
 4.55467858e+00 -5.10246543e-01
 4.78573831e+00 -5.86245568e-01
 5.04033103e+00 -6.79856614e-01
 5.40725290e+00 -7.96931847e-01
 5.90423531e+00 -9.45939157e-01
 6.41071509e+00 -1.13947825e+00
 6.91043659e+00 -1.39690790e+00
 7.67131320e+00 -1.74909412e+00
 8.50676330e+00 -2.24740435e+00
 9.59968581e+00 -2.98163974e+00
 1.09889422e+01 -4.11768033e+00
 1.26915477e+01 -5.97957218e+00
 1.46976758e+01 -9.22328536e+00
 1.60750606e+01 -1.50775592e+01
 1.33366151e+01 -2.44648261e+01
 9.77398509e-01 -3.12271155e+01
 -1.18993730e+01 -2.51680642e+01
 -1.52366865e+01 -1.56295670e+01
 -1.40584195e+01 -9.54566967e+00
 -1.20794283e+01 -6.17016229e+00
 -1.02504683e+01 -4.23859998e+00
 -8.93480453e+00 -3.06416909e+00
 -7.81732168e+00 -2.30744518e+00
 -6.89081044e+00 -1.79517721e+00
 -6.07892354e+00 -1.43388691e+00
 -5.54595354e+00 -1.17026880e+00
 -5.13956681e+00 -9.72378607e-01
 -4.68287194e+00 -8.20227480e-01
 -4.26801912e+00 -7.00831126e-01
 -3.93012794e+00 -6.05477780e-01
 -3.68199497e+00 -5.28155352e-01
 -3.45683873e+00 -4.64611278e-01
 -3.12689421e+00 -4.11771545e-01
 -3.03960571e+00 -3.67370897e-01
 -2.86995190e+00 -3.29711175e-01
 -2.77597548e+00 -2.97499618e-01
 -2.53065541e+00 -2.69738363e-01
 -2.40661272e+00 -2.45647449e-01
 -2.24542048e+00 -2.24610250e-01
 -2.15654461e+00 -2.06134166e-01
 -2.11324611e+00 -1.89821912e-01
 -1.99306986e+00 -1.75350252e-01
 -1.98367421e+00 -1.62454064e-01
 -1.94316842e+00 -1.50914258e-01
 -1.74528409e+00 -1.40548525e-01
 -1.76654466e+00 -1.31204180e-01
 -1.74732267e+00 -1.22752579e-01
 -1.62183762e+00 -1.15084723e-01
 -1.52544040e+00 -1.08107769e-01
 -1.47314068e+00 -1.01742250e-01
 -1.41482595e+00 -9.59198273e-02
 -1.35802371e+00 -9.05814812e-02
 -1.29248617e+00 -8.56760274e-02
 -1.28259262e+00 -8.11589072e-02
 -1.30296680e+00 -7.69911877e-02
 -1.28750128e+00 -7.31387348e-02
 -1.12954214e+00 -6.95715245e-02
 -1.19595041e+00 -6.62630671e-02
 -1.14500181e+00 -6.31899236e-02
 -1.10652461e+00 -6.03312976e-02
 -1.12205648e+00 -5.76686900e-02
 -1.02844790e+00 -5.51856057e-02
 -1.05997379e+00 -5.28673031e-02
 -1.02991158e+00 -5.07005798e-02
 -9.56996136e-01 -4.86735886e-02
 -9.45279542e-01 -4.67756791e-02
 -9.29353511e-01 -4.49972614e-02
 -9.76521614e-01 -4.33296869e-02
 -9.28084149e-01 -4.17651461e-02
 -8.72108891e-01 -4.02965791e-02
 -8.06935237e-01 -3.89175975e-02
 -8.05784534e-01 -3.76224166e-02
 -8.29329875e-01 -3.64057961e-02
 -7.39024361e-01 -3.52629875e-02
 -7.74612100e-01 -3.41896891e-02
 -8.12379329e-01 -3.31820060e-02
 -8.24781440e-01 -3.22364151e-02
 -7.63749251e-01 -3.13497343e-02
 -6.28262443e-01 -3.05190966e-02
 -6.73303389e-01 -2.97419261e-02
 -7.42622159e-01 -2.90159186e-02
 -6.84727174e-01 -2.83390244e-02
 -6.44048832e-01 -2.77094334e-02
 -7.38799774e-01 -2.71255634e-02
 -7.39939884e-01 -2.65860500e-02
 -5.61845923e-01 -2.60897390e-02
 -5.36378228e-01 -2.56356808e-02
 -6.31824307e-01 -2.52231266e-02
 -5.17766686e-01 -2.48515273e-02
 -5.91295804e-01 -2.45205337e-02
 -4.99315587e-01 -2.42299992e-02
 -5.27621672e-01 -2.39799848e-02
 -6.00845268e-01 -2.37707664e-02
 -5.41406082e-01 -2.36028446e-02
 -5.32053879e-01 -2.34769580e-02
 -5.88152483e-01 -2.33940988e-02
 -4.69726430e-01 -2.33555326e-02
 -5.05850763e-01 -2.33628224e-02
 -4.54160921e-01 -2.34178575e-02
 -4.56286145e-01 -2.35228876e-02
 -4.62265796e-01 -2.36805634e-02
 -4.70662331e-01 -2.38939858e-02
 -4.55816572e-01 -2.41667633e-02
 -3.84677656e-01 -2.45030807e-02
 -3.93435343e-01 -2.49077813e-02
 -3.78880962e-01 -2.53864646e-02
 -3.34310062e-01 -2.59456031e-02
 -3.41258760e-01 -2.65926840e-02
 -4.07554332e-01 -2.73363780e-02
 -2.84183120e-01 -2.81867458e-02
 -2.76767517e-01 -2.91554881e-02
 -3.23180107e-01 -3.02562523e-02
 -2.98041110e-01 -3.15050088e-02
 -2.21521208e-01 -3.29205176e-02
 -2.56075314e-01 -3.45249089e-02
 -1.97422949e-01 -3.63444105e-02
 -3.24411776e-01 -3.84102678e-02
 -2.35862999e-01 -4.07599131e-02
 -1.75368607e-01 -4.34384683e-02
 -1.72889270e-01 -4.65006901e-02
 -1.21827606e-01 -5.00135147e-02
 -7.63297979e-02 -5.40594214e-02
 -1.12089776e-02 -5.87409284e-02
 2.49262274e-02 -6.41866785e-02
 8.12741745e-02 -7.05597842e-02
 1.50982365e-03 -7.80694432e-02
 5.55974805e-02 -8.69873614e-02
 1.40723831e-01 -9.76713857e-02
 1.96734430e-01 -1.10600172e-01
 1.73304687e-01 -1.26425135e-01
 3.01137262e-01 -1.46050160e-01
 2.91587993e-01 -1.70757174e-01
 3.96371449e-01 -2.02409875e-01
 4.77433568e-01 -2.43795326e-01
 6.43166317e-01 -2.99218234e-01
 7.78164712e-01 -3.75577982e-01
 8.89624359e-01 -4.84409426e-01
 1.14030229e+00 -6.45930598e-01
 1.39609110e+00 -8.97388593e-01
 1.72270656e+00 -1.31034955e+00
 2.09317259e+00 -2.02168565e+00
 2.12872828e+00 -3.23911475e+00
 1.12375509e+00 -4.87099890e+00
 -1.22627439e+00 -5.42872907e+00
 -2.94131665e+00 -4.07594041e+00
 -3.41987525e+00 -2.57281238e+00
 -3.09959987e+00 -1.62781378e+00
 -2.85543865e+00 -1.08395201e+00
 -2.53864030e+00 -7.61101147e-01
 -2.30029541e+00 -5.58928779e-01
 -1.99349007e+00 -4.25629355e-01
 -1.94427838e+00 -3.33729536e-01
 -1.82408882e+00 -2.67943127e-01
 -1.76372239e+00 -2.19336691e-01
 -1.58700116e+00 -1.82449738e-01
 -1.67456506e+00 -1.53809677e-01
 -1.56484663e+00 -1.31130299e-01
 -1.49415788e+00 -1.12860243e-01
 -1.41262547e+00 -9.79185227e-02
 -1.39952100e+00 -8.55341250e-02
 -1.37595963e+00 -7.51456429e-02
 -1.28827210e+00 -6.63367011e-02
 -1.27962414e+00 -5.87933581e-02
 -1.26601419e+00 -5.22753687e-02
 -1.18929509e+00 -4.65963982e-02
 -1.20379350e+00 -4.16101500e-02
 -1.21056054e+00 -3.72004722e-02
 -1.14434314e+00 -3.32741962e-02
 -1.17107823e+00 -2.97558782e-02
 -1.15275823e+00 -2.65838890e-02
 -1.11031569e+00 -2.37074708e-02
 -1.10032208e+00 -2.10844981e-02
 -1.13923283e+00 -1.86797569e-02
 -1.12127489e+00 -1.64636087e-02
 -1.09486269e+00 -1.44109451e-02
 -1.08881533e+00 -1.25003624e-02
 -1.10006968e+00 -1.07135046e-02
 -9.93864047e-01 -9.03453737e-03
 -1.01166443e+00 -7.44972261e-03
 -1.06409123e+00 -5.94707355e-03
 -1.01355632e+00 -4.51607228e-03
 -1.06166398e+00 -3.14743741e-03
 -1.09655301e+00 -1.83293170e-03
 -1.04403224e+00 -5.65201975e-04
 -1.00715096e+00 6.62355044e-04
 -1.03958535e+00 1.85570572e-03
 -1.03449057e+00 3.02027522e-03
 -1.06248253e+00 4.16102918e-03
 -1.07286996e+00 5.28254367e-03
 -1.08671603e+00 6.38906573e-03
 -1.02264751e+00 7.48456588e-03
 -1.15106401e+00 8.57278429e-03
 -1.10999631e+00 9.65727144e-03
 -1.06356631e+00 1.07414245e-02
 -1.10579800e+00 1.18285199e-02
 -1.02206432e+00 1.29217432e-02
 -1.08346499e+00 1.40242166e-02
 -1.06619333e+00 1.51390241e-02
 -9.81152899e-01 1.62692363e-02
 -1.11671160e+00 1.74179327e-02
 -1.14067472e+00 1.85882249e-02
 -1.12931274e+00 1.97832782e-02
 -1.11873197e+00 2.10063343e-02
 -1.05489204e+00 2.22607331e-02
 -1.12429744e+00 2.35499362e-02
 -1.16870014e+00 2.48775504e-02
 -1.19849496e+00 2.62473532e-02
 -1.20823202e+00 2.76633192e-02
 -1.30090400e+00 2.91296487e-02
 -1.30970981e+00 3.06507983e-02
 -1.23960664e+00 3.22315149e-02
 -1.24511791e+00 3.38768715e-02
 -1.30235856e+00 3.55923082e-02
 -1.35591611e+00 3.73836767e-02
 -1.36259828e+00 3.92572892e-02
 -1.41488796e+00 4.12199748e-02
 -1.39010587e+00 4.32791402e-02
 -1.30512832e+00 4.54428405e-02
 -1.38261371e+00 4.77198570e-02
 -1.35188128e+00 5.01197863e-02
 -1.46055256e+00 5.26531418e-02
 -1.46949158e+00 5.53314681e-02
 -1.52239185e+00 5.81674729e-02
 -1.57075767e+00 6.11751778e-02
 -1.54967764e+00 6.43700911e-02
 -1.52941876e+00 6.77694083e-02
 -1.67263277e+00 7.13922430e-02
 -1.50271743e+00 7.52598954e-02
 -1.65817279e+00 7.93961655e-02
 -1.66148405e+00 8.38277181e-02
 -1.75026331e+00 8.85845126e-02
 -1.84701741e+00 9.37003081e-02
 -1.83448016e+00 9.92132606e-02
 -1.80658735e+00 1.05166633e-01
 -1.89818321e+00 1.11609642e-01
 -1.93956470e+00 1.18598469e-01
 -2.12740578e+00 1.26197484e-01
 -2.00311723e+00 1.34480720e-01
 -2.20897292e+00 1.43533667e-01
 -2.16242169e+00 1.53455469e-01
 -2.20305608e+00 1.64361627e-01
 -2.38374362e+00 1.76387338e-01
 -2.50825407e+00 1.89691667e-01
 -2.50145667e+00 2.04462777e-01
 -2.60321951e+00 2.20924540e-01
 -2.79640525e+00 2.39344970e-01
 -2.87949678e+00 2.60047067e-01
 -2.89490679e+00 2.83422877e-01
 -3.05877026e+00 3.09951934e-01
 -3.21254008e+00 3.40225679e-01
 -3.29032203e+00 3.74980175e-01
 -3.53256018e+00 4.15140509e-01
 -3.73154385e+00 4.61881833e-01
 -3.95892825e+00 5.16714576e-01
 -4.24904846e+00 5.81605293e-01
 -4.55307949e+00 6.59151131e-01
 -4.81986740e+00 7.52836654e-01
 -5.12206791e+00 8.67420094e-01
 -5.48819407e+00 1.00952827e+00
 -6.01061791e+00 1.18859743e+00
 -6.58610290e+00 1.41840554e+00
 -7.18519141e+00 1.71965060e+00
 -7.94285733e+00 2.12444854e+00
 -8.78642878e+00 2.68449290e+00
 -9.97512514e+00 3.48647415e+00
 -1.13162813e+01 4.68233325e+00
 -1.30075540e+01 6.54980323e+00
 -1.48336827e+01 9.60773234e+00
 -1.61758851e+01 1.47635319e+01
 -1.50990850e+01 2.29428006e+01
 -6.60164858e+00 3.16413697e+01
 7.37913126e+00 3.14845828e+01
 1.55835901e+01 2.27048861e+01
 1.67255396e+01 1.46103303e+01
 1.52444904e+01 9.52637107e+00
 1.35696183e+01 6.50862152e+00
 1.17929153e+01 4.66229268e+00
 1.04499499e+01 3.47767608e+00
 9.33904225e+00 2.68179425e+00
 8.48403715e+00 2.12508935e+00
 7.72824966e+00 1.72209326e+00
 7.02125448e+00 1.42176336e+00
 6.50909384e+00 1.19234405e+00
 6.04923254e+00 1.01334392e+00
 5.66061568e+00 8.71107169e-01
 5.21251977e+00 7.56271717e-01
 5.01258289e+00 6.62256732e-01
 4.74983859e+00 5.84332992e-01
 4.55911898e+00 5.19034455e-01
 4.28472087e+00 4.63775877e-01
 4.12052145e+00 4.16598364e-01
 3.94374153e+00 3.75996376e-01
 3.78606250e+00 3.40797822e-01
 3.59731334e+00 3.10079458e-01
 3.50105347e+00 2.83106235e-01
 3.41065661e+00 2.59287176e-01
 3.27395752e+00 2.38142827e-01
 3.16166552e+00 2.19280962e-01
 3.12470677e+00 2.02378228e-01
 3.03353337e+00 1.87166133e-01
 2.95639042e+00 1.73420245e-01
 2.82974267e+00 1.60951784e-01
 2.74146017e+00 1.49601028e-01
 2.70030258e+00 1.39232094e-01
 2.68226176e+00 1.29728778e-01
 2.56602968e+00 1.20991213e-01
 2.60892949e+00 1.12933173e-01
 2.60703605e+00 1.05479878e-01
 2.39094880e+00 9.85661976e-02
 2.42828434e+00 9.21351728e-02
 2.38215789e+00 8.61367963e-02
 2.38730421e+00 8.05269947e-02
 2.28935878e+00 7.52667810e-02
 2.32195673e+00 7.03215414e-02
 2.25819304e+00 6.56604345e-02
 2.29478378e+00 6.12558829e-02
 2.18419485e+00 5.70831400e-02
 2.20115419e+00 5.31199203e-02
 2.19885153e+00 4.93460827e-02
 2.13967723e+00 4.57433568e-02
 2.07589564e+00 4.22951071e-02
 2.08434999e+00 3.89861278e-02
 2.05461429e+00 3.58024637e-02
 1.94511192e+00 3.27312532e-02
 2.07464568e+00 2.97605907e-02
 1.98964669e+00 2.68794034e-02
 1.96993956e+00 2.40773436e-02
 2.01776878e+00 2.13446901e-02
 1.96314210e+00 1.86722608e-02
 1.99497084e+00 1.60513330e-02
 2.05110954e+00 1.34735698e-02
 2.00179181e+00 1.09309525e-02
 1.90109638e+00 8.41571779e-03
 1.96725628e+00 5.92029769e-03
 1.99331868e+00 3.43726288e-03
 2.10422302e+00 9.59267465e-04
 1.96355893e+00 -1.52100498e-03
 2.10201252e+00 -4.01089503e-03
 1.99266228e+00 -6.51782143e-03
 2.10440072e+00 -9.04933620e-03
 2.06358832e+00 -1.16131816e-02
 1.96635297e+00 -1.42173501e-02
 1.98301893e+00 -1.68701469e-02
 1.97397232e+00 -1.95802588e-02
 2.05715039e+00 -2.23568264e-02
 1.95011701e+00 -2.52095252e-02
 1.97468856e+00 -2.81486530e-02
 2.11488230e+00 -3.11852283e-02
 1.94693178e+00 -3.43310995e-02
 2.14200938e+00 -3.75990678e-02
 2.12177593e+00 -4.10030261e-02
 2.14308530e+00 -4.45581172e-02
 2.16211009e+00 -4.82809137e-02
 2.09327037e+00 -5.21896254e-02
 2.20831914e+00 -5.63043372e-02
 2.30662310e+00 -6.06472856e-02
 2.20692652e+00 -6.52431789e-02
 2.32338844e+00 -7.01195716e-02
 2.33691347e+00 -7.53073034e-02
 2.36553258e+00 -8.08410148e-02
 2.35501272e+00 -8.67597581e-02
 2.42492703e+00 -9.31077213e-02
 2.49240530e+00 -9.99350929e-02
 2.46870064e+00 -1.07299097e-01
 2.54494943e+00 -1.15265243e-01
 2.61877160e+00 -1.23908832e-01
 2.64620007e+00 -1.33316800e-01
 2.68473194e+00 -1.43589964e-01
 2.79568294e+00 -1.54845801e-01
 2.86134234e+00 -1.67221875e-01
 3.00267344e+00 -1.80880137e-01
 2.95826103e+00 -1.96012303e-01
 3.07563810e+00 -2.12846692e-01
 3.14811574e+00 -2.31656935e-01
 3.27320726e+00 -2.52773207e-01
 3.39365235e+00 -2.76596824e-01
 3.50932317e+00 -3.03619414e-01
 3.69477133e+00 -3.34448362e-01
 3.84172407e+00 -3.69840988e-01
 3.93022078e+00 -4.10751031e-01
 4.23864197e+00 -4.58392736e-01
 4.34324325e+00 -5.14330552e-01
 4.63038183e+00 -5.80606728e-01
 4.86559433e+00 -6.59926094e-01
 5.09275943e+00 -7.55928949e-01
 5.41129827e+00 -8.73602886e-01
 5.91056845e+00 -1.01991930e+00
 6.19713502e+00 -1.20484351e+00
 6.72612109e+00 -1.44298517e+00
 7.33212066e+00 -1.75638293e+00
 8.06449107e+00 -2.17936911e+00
 8.86632703e+00 -2.76738533e+00
 9.98741878e+00 -3.61353520e+00
 1.12114595e+01 -4.88048342e+00
 1.27450691e+01 -6.86137979e+00
 1.41689271e+01 -1.00806882e+01
 1.48437889e+01 -1.53358679e+01
 1.23206271e+01 -2.28740475e+01
 3.11804881e+00 -2.88198170e+01
 -8.32695457e+00 -2.62290051e+01
 -1.36484336e+01 -1.85227682e+01
 -1.38596327e+01 -1.21533557e+01
 -1.27037154e+01 -8.12905439e+00
 -1.11627377e+01 -5.67520999e+00
 -9.77716522e+00 -4.13437546e+00
 -8.64314391e+00 -3.12444612e+00
 -7.78844844e+00 -2.43432374e+00
 -6.94068269e+00 -1.94504542e+00
 -6.37036213e+00 -1.58700832e+00
 -5.74543353e+00 -1.31783269e+00
 -5.26176840e+00 -1.11072822e+00
 -4.83230448e+00 -9.48176224e-01
 -4.59812801e+00 -8.18370732e-01
 -4.31891865e+00 -7.13140504e-01
 -3.94712438e+00 -6.26694701e-01
 -3.67084212e+00 -5.54842273e-01
 -3.53699820e+00 -4.94492570e-01
 -3.33234524e+00 -4.43327789e-01
 -3.20869488e+00 -3.99583218e-01
 -3.00633071e+00 -3.61896751e-01
 -2.81515693e+00 -3.29203905e-01
 -2.79862531e+00 -3.00663324e-01
 -2.59661786e+00 -2.75603098e-01
 -2.58341272e+00 -2.53481516e-01
 -2.38102448e+00 -2.33858004e-01
 -2.27843560e+00 -2.16371339e-01
 -2.11356761e+00 -2.00723135e-01
 -2.10985374e+00 -1.86665197e-01
 -2.00028580e+00 -1.73989737e-01
 -2.04057178e+00 -1.62521748e-01
 -1.85448260e+00 -1.52112995e-01
 -1.85668561e+00 -1.42637257e-01
 -1.86296009e+00 -1.33986522e-01
 -1.72990523e+00 -1.26067929e-01
 -1.72710726e+00 -1.18801289e-01
 -1.61392518e+00 -1.12117071e-01
 -1.61087146e+00 -1.05954743e-01
 -1.60726057e+00 -1.00261416e-01
 -1.54880196e+00 -9.49907156e-02
 -1.51518123e+00 -9.01018394e-02
 -1.48006750e+00 -8.55587770e-02
 -1.47856969e+00 -8.13296490e-02
 -1.35987429e+00 -7.73861524e-02
 -1.28475155e+00 -7.37030895e-02
 -1.26537924e+00 -7.02579682e-02
 -1.28590427e+00 -6.70306613e-02
 -1.30608527e+00 -6.40031142e-02
 -1.27614527e+00 -6.11590939e-02
 -1.19033272e+00 -5.84839734e-02
 -1.18106098e+00 -5.59645442e-02
 -1.17067647e+00 -5.35888548e-02
 -1.02735790e+00 -5.13460697e-02
 -1.12883959e+00 -4.92263466e-02
 -1.07157223e+00 -4.72207291e-02
 -1.06807151e+00 -4.53210529e-02
 -1.06955600e+00 -4.35198626e-02
 -1.01701815e+00 -4.18103394e-02
 -9.79080718e-01 -4.01862371e-02
 -1.07852221e+00 -3.86418247e-02
 -9.30353970e-01 -3.71718365e-02
 -1.00568625e+00 -3.57714273e-02
 -9.82720565e-01 -3.44361328e-02
 -1.02577778e+00 -3.31618337e-02
 -9.15088260e-01 -3.19447244e-02
 -9.75520851e-01 -3.07812846e-02
 -9.00740569e-01 -2.96682539e-02
 -9.40968631e-01 -2.86026087e-02
 -8.59817342e-01 -2.75815419e-02
 -9.52361587e-01 -2.66024447e-02
 -8.17354528e-01 -2.56628893e-02
 -8.54932216e-01 -2.47606143e-02
 -9.47421929e-01 -2.38935110e-02
 -9.00683924e-01 -2.30596107e-02
 -8.61849924e-01 -2.22570740e-02
 -8.05241188e-01 -2.14841802e-02
 -8.01865312e-01 -2.07393182e-02
 -7.97130801e-01 -2.00209781e-02
 -7.99645773e-01 -1.93277433e-02
 -8.33340813e-01 -1.86582837e-02
 -7.10038039e-01 -1.80113490e-02
 -7.54557686e-01 -1.73857630e-02
 -7.50522672e-01 -1.67804183e-02
 -7.92721373e-01 -1.61942709e-02
 -8.25568096e-01 -1.56263362e-02
 -6.72017388e-01 -1.50756844e-02
 -7.09607298e-01 -1.45414368e-02
 -7.14904756e-01 -1.40227622e-02
 -8.11314930e-01 -1.35188737e-02
 -6.98392314e-01 -1.30290256e-02
 -6.76405027e-01 -1.25525107e-02
 -6.45923182e-01 -1.20886574e-02
 -8.05458651e-01 -1.16368278e-02
 -6.42741655e-01 -1.11964149e-02
 -7.34735493e-01 -1.07668411e-02
 -6.93331251e-01 -1.03475558e-02
 -6.05306746e-01 -9.93803377e-03
 -7.35133855e-01 -9.53777370e-03
 -6.67689106e-01 -9.14629631e-03
 -7.83098228e-01 -8.76314307e-03
 -6.08391278e-01 -8.38787483e-03
 -6.87614211e-01 -8.02007050e-03
 -7.26600277e-01 -7.65932591e-03
 -7.09161376e-01 -7.30525267e-03
 -6.07404556e-01 -6.95747710e-03
 -7.79365155e-01 -6.61563927e-03
 -7.38020419e-01 -6.27939205e-03
 -7.07788222e-01 -5.94840024e-03
 -6.44227200e-01 -5.62233974e-03
 -6.10064788e-01 -5.30089676e-03
 -5.66042357e-01 -4.98376707e-03
 -7.56913123e-01 -4.67065528e-03
 -6.80816612e-01 -4.36127422e-03
 -6.89380688e-01 -4.05534422e-03
 -5.95352813e-01 -3.75259255e-03
 -6.04248075e-01 -3.45275281e-03
 -5.97663430e-01 -3.15556437e-03
 -6.42477769e-01 -2.86077181e-03
 -6.64943681e-01 -2.56812444e-03
 -5.99879241e-01 -2.27737572e-03
 -6.09534494e-01 -1.98828285e-03
 -6.19091482e-01 -1.70060621e-03
 -6.67977032e-01 -1.41410897e-03
 -7.04543013e-01 -1.12855654e-03
 -6.75392462e-01 -8.43716224e-04
 -6.58116053e-01 -5.59356695e-04
 -5.81825688e-01 -2.75247595e-04
 -5.94397660e-01 8.84091060e-06
 -6.71654702e-01 2.93138562e-04
 -5.72111258e-01 5.77875441e-04
 -6.19575476e-01 8.63282400e-04
 -6.75521404e-01 1.14959150e-03
 -6.23762611e-01 1.43703646e-03
 -6.70454615e-01 1.72585306e-03
 -5.41110836e-01 2.01627968e-03
 -6.22872423e-01 2.30855765e-03
 -6.71596656e-01 2.60293182e-03
 -5.58568183e-01 2.89965098e-03
 -6.83532743e-01 3.19896837e-03
 -6.41648503e-01 3.50114222e-03
 -6.62548838e-01 3.80643625e-03
 -6.83903702e-01 4.11512023e-03
 -6.53117729e-01 4.42747055e-03
 -6.46890194e-01 4.74377082e-03
 -8.58898039e-01 5.06431250e-03
 -6.16501139e-01 5.38939550e-03
 -7.13356667e-01 5.71932895e-03
 -5.68277144e-01 6.05443183e-03
 -6.96040536e-01 6.39503378e-03
 -7.10637026e-01 6.74147589e-03
 -6.90393683e-01 7.09411151e-03
 -6.77378837e-01 7.45330717e-03
 -6.16547493e-01 7.81944351e-03
 -7.31594196e-01 8.19291629e-03
 -6.79858978e-01 8.57413744e-03
 -5.85010259e-01 8.96353620e-03
 -6.82472327e-01 9.36156032e-03
 -7.78440675e-01 9.76867736e-03
 -5.92153614e-01 1.01853760e-02
 -6.91664793e-01 1.06121677e-02
 -7.21208064e-01 1.10495880e-02
 -6.98526137e-01 1.14981983e-02
 -6.98365689e-01 1.19585878e-02
 -7.46344071e-01 1.24313754e-02
 -7.27690921e-01 1.29172116e-02
 -6.93722224e-01 1.34167809e-02
 -7.37970176e-01 1.39308042e-02
 -7.86099345e-01 1.44600415e-02
 -7.82578513e-01 1.50052944e-02
 -7.64640180e-01 1.55674097e-02
 -8.11143093e-01 1.61472820e-02
 -7.28405823e-01 1.67458578e-02
 -7.76000285e-01 1.73641393e-02
 -8.55643124e-01 1.80031881e-02
 -7.68613170e-01 1.86641306e-02
 -8.19441480e-01 1.93481622e-02
 -8.04271483e-01 2.00565531e-02
 -7.67433592e-01 2.07906540e-02
 -8.03282291e-01 2.15519026e-02
 -1.00990025e+00 2.23418307e-02
 -9.14548163e-01 2.31620716e-02
 -8.52191900e-01 2.40143689e-02
 -8.29738903e-01 2.49005852e-02
 -7.96941863e-01 2.58227128e-02
 -8.98542663e-01 2.67828841e-02
 -8.70141422e-01 2.77833845e-02
 -9.52912798e-01 2.88266657e-02
 -9.81019327e-01 2.99153601e-02
 -8.89248437e-01 3.10522980e-02
 -9.95563298e-01 3.22405251e-02
 -9.63106928e-01 3.34833233e-02
 -9.18434761e-01 3.47842326e-02
 -9.74413405e-01 3.61470762e-02
 -9.15214291e-01 3.75759884e-02
 -9.92776113e-01 3.90754453e-02
 -9.26634096e-01 4.06502995e-02
 -1.11544169e+00 4.23058190e-02
 -9.87574705e-01 4.40477302e-02
 -1.06160221e+00 4.58822674e-02
 -1.07577105e+00 4.78162272e-02
 -1.08302014e+00 4.98570309e-02
 -1.12473685e+00 5.20127946e-02
 -1.15466801e+00 5.42924088e-02
 -1.15022696e+00 5.67056285e-02
 -1.13176798e+00 5.92631763e-02
 -1.21441314e+00 6.19768598e-02
 -1.23148023e+00 6.48597058e-02
 -1.25798380e+00 6.79261143e-02
 -1.33014583e+00 7.11920361e-02
 -1.30278914e+00 7.46751767e-02
 -1.33374148e+00 7.83952336e-02
 -1.42664877e+00 8.23741702e-02
 -1.33523333e+00 8.66365358e-02
 -1.37409959e+00 9.12098391e-02
 -1.38642309e+00 9.61249860e-02
 -1.48438694e+00 1.01416794e-01
 -1.53732403e+00 1.07124603e-01
 -1.59336819e+00 1.13292993e-01
 -1.58616697e+00 1.19972647e-01
 -1.75010574e+00 1.27221376e-01
 -1.80142610e+00 1.35105358e-01
 -1.78758430e+00 1.43700624e-01
 -1.77271386e+00 1.53094875e-01
 -1.95252310e+00 1.63389687e-01
 -2.09617362e+00 1.74703227e-01
 -2.10165609e+00 1.87173603e-01
 -2.13859733e+00 2.00963026e-01
 -2.28430741e+00 2.16263029e-01
 -2.25799672e+00 2.33301035e-01
 -2.40367653e+00 2.52348710e-01
 -2.48304723e+00 2.73732662e-01
 -2.69190162e+00 2.97848274e-01
 -2.78835811e+00 3.25177752e-01
 -2.83009219e+00 3.56313924e-01
 -2.94923115e+00 3.91991964e-01
 -3.13621824e+00 4.33132185e-01
 -3.36495330e+00 4.80898524e-01
 -3.61896517e+00 5.36779572e-01
 -3.70858339e+00 6.02702582e-01
 -3.96342381e+00 6.81196552e-01
 -4.19658883e+00 7.75629753e-01
 -4.59332257e+00 8.90562614e-01
 -4.93083730e+00 1.03228352e+00
 -5.26227655e+00 1.20964184e+00
 -5.68613970e+00 1.43537731e+00
 -6.29030905e+00 1.72830188e+00
 -6.91457292e+00 2.11698978e+00
 -7.64570021e+00 2.64621260e+00
 -8.58905059e+00 3.38848320e+00
 -9.56705969e+00 4.46514294e+00
 -1.07813354e+01 6.08433287e+00
 -1.21274323e+01 8.60126545e+00
 -1.29682708e+01 1.25586125e+01
 -1.18491426e+01 1.83783748e+01
 -6.42555561e+00 2.46385419e+01
 3.31967408e+00 2.62261690e+01
 1.10105546e+01 2.12638434e+01
 1.35467818e+01 1.48634983e+01
 1.32204963e+01 1.01122878e+01
 1.20801216e+01 7.04825991e+00
 1.07910723e+01 5.09481646e+00
 9.70007238e+00 3.81489829e+00
 8.72731396e+00 2.94556363e+00
 7.83684916e+00 2.33404264e+00
 7.18772724e+00 1.89013589e+00
 6.57551728e+00 1.55893142e+00
 6.18145595e+00 1.30586491e+00
 5.82577187e+00 1.10847044e+00
 5.37432640e+00 9.51708924e-01
 4.93922163e+00 8.25241570e-01
 4.78562562e+00 7.21789366e-01
 4.50041362e+00 6.36116975e-01
 4.33192534e+00 5.64386194e-01
 4.11759384e+00 5.03734287e-01
 4.00755888e+00 4.51992679e-01
 3.82627393e+00 4.07495406e-01
 3.70977696e+00 3.68946182e-01
 3.56435625e+00 3.35324564e-01
 3.39849889e+00 3.05818651e-01
 3.28915810e+00 2.79776118e-01
 3.18354105e+00 2.56668108e-01
 3.05933672e+00 2.36062276e-01
 3.01688278e+00 2.17602435e-01
 3.00909428e+00 2.00993028e-01
 2.87670061e+00 1.85987156e-01
 2.79931770e+00 1.72377272e-01
 2.68985578e+00 1.59987876e-01
 2.59914325e+00 1.48669749e-01
 2.64866125e+00 1.38295345e-01
 2.49553078e+00 1.28755108e-01
 2.50512794e+00 1.19954487e-01
 2.43546546e+00 1.11811515e-01
 2.38764572e+00 1.04254828e-01
 2.43212052e+00 9.72220352e-02
 2.33067379e+00 9.06583730e-02
 2.35380572e+00 8.45155863e-02
 2.16953879e+00 7.87509934e-02
 2.30531150e+00 7.33267018e-02
 2.18069884e+00 6.82089472e-02
 2.31615315e+00 6.33675342e-02
 2.21247912e+00 5.87753599e-02
 2.14176152e+00 5.44080082e-02
 2.08105643e+00 5.02434005e-02
 2.24857246e+00 4.62614962e-02
 2.09084745e+00 4.24440329e-02
 2.08551139e+00 3.87743009e-02
 2.05814615e+00 3.52369463e-02
 2.00703982e+00 3.18177988e-02
 2.00110273e+00 2.85037192e-02
 1.98393751e+00 2.52824652e-02
 2.03672343e+00 2.21425710e-02
 2.01455104e+00 1.90732398e-02
 2.01418209e+00 1.60642463e-02
 2.01599246e+00 1.31058483e-02
 2.04262640e+00 1.01887054e-02
 1.99344531e+00 7.30380333e-03
 2.01173711e+00 4.44238362e-03
 1.94622251e+00 1.59587627e-03
 1.94502577e+00 -1.24416425e-03
 2.03819601e+00 -4.08612151e-03
 1.93032529e+00 -6.93837858e-03
 2.07006956e+00 -9.80937930e-03
 1.95538307e+00 -1.27076904e-02
 1.99870572e+00 -1.56420649e-02
 2.15303801e+00 -1.86215086e-02
 2.10363124e+00 -2.16553491e-02
 2.06673054e+00 -2.47533097e-02
 2.02283836e+00 -2.79255889e-02
 2.03226251e+00 -3.11829465e-02
 2.00195468e+00 -3.45367974e-02
 2.10969780e+00 -3.79993160e-02
 2.12761064e+00 -4.15835514e-02
 2.14948637e+00 -4.53035563e-02
 2.15494048e+00 -4.91745324e-02
 2.16656716e+00 -5.32129943e-02
 2.16915795e+00 -5.74369564e-02
 2.16941711e+00 -6.18661452e-02
 2.22989036e+00 -6.65222440e-02
 2.23570099e+00 -7.14291739e-02
 2.35657506e+00 -7.66134194e-02
 2.26982930e+00 -8.21044053e-02
 2.28897043e+00 -8.79349378e-02
 2.40895271e+00 -9.41417197e-02
 2.43097641e+00 -1.00765956e-01
 2.43767038e+00 -1.07854071e-01
 2.49586944e+00 -1.15458553e-01
 2.53861383e+00 -1.23638968e-01
 2.47901338e+00 -1.32463167e-01
 2.56541395e+00 -1.42008739e-01
 2.70630706e+00 -1.52364765e-01
 2.70538127e+00 -1.63633956e-01
 2.85032760e+00 -1.75935256e-01
 2.84931643e+00 -1.89407041e-01
 2.87948231e+00 -2.04211085e-01
 3.02535370e+00 -2.20537482e-01
 3.06613570e+00 -2.38610823e-01
 3.16606222e+00 -2.58697992e-01
 3.27300258e+00 -2.81118090e-01
 3.39315382e+00 -3.06255161e-01
 3.50497133e+00 -3.34574681e-01
 3.62086011e+00 -3.66645109e-01
 3.85235098e+00 -4.03166356e-01
 3.94400586e+00 -4.45007810e-01
 4.03117499e+00 -4.93259745e-01
 4.34728909e+00 -5.49303723e-01
 4.55702992e+00 -6.14910387e-01
 4.70825802e+00 -6.92377380e-01
 5.05365596e+00 -7.84727141e-01
 5.16820386e+00 -8.95995758e-01
 5.63903639e+00 -1.03166326e+00
 5.98855257e+00 -1.19930866e+00
 6.50102305e+00 -1.40963082e+00
 6.96236023e+00 -1.67808094e+00
 7.56808137e+00 -2.02754472e+00
 8.27218986e+00 -2.49287617e+00
 9.02578059e+00 -3.12877424e+00
 1.01077333e+01 -4.02376947e+00
 1.12358577e+01 -5.32516601e+00
 1.23294377e+01 -7.28136636e+00
 1.36473570e+01 -1.02973190e+01
 1.40327395e+01 -1.49103158e+01
 1.18660470e+01 -2.12021807e+01
 5.08818531e+00 -2.67541338e+01
 -4.99974186e+00 -2.65343133e+01
 -1.15850478e+01 -2.07966287e+01
 -1.36092175e+01 -1.45837326e+01
 -1.30547036e+01 -1.00858607e+01
 -1.17312124e+01 -7.15118156e+00
 -1.06087079e+01 -5.24502437e+00
 -9.43842563e+00 -3.97396404e+00
 -8.43199404e+00 -3.09773090e+00
 -7.70880251e+00 -2.47379083e+00
 -6.96278949e+00 -2.01632503e+00
 -6.37271364e+00 -1.67219414e+00
 -5.89047851e+00 -1.40746383e+00
 -5.54998731e+00 -1.19980654e+00
 -5.03206504e+00 -1.03411952e+00
 -4.72832075e+00 -8.99927307e-01
 -4.41426619e+00 -7.89797667e-01
 -4.18964311e+00 -6.98349179e-01
 -3.97220062e+00 -6.21613356e-01
 -3.75914041e+00 -5.56614955e-01
 -3.56519259e+00 -5.01089842e-01
 -3.42105501e+00 -4.53291535e-01
 -3.17072469e+00 -4.11856138e-01
 -3.24985383e+00 -3.75706471e-01
 -2.91946245e+00 -3.43982972e-01
 -2.80330860e+00 -3.15993197e-01
 -2.71336495e+00 -2.91174429e-01
 -2.55251717e+00 -2.69065660e-01
 -2.57647519e+00 -2.49286370e-01
 -2.44759766e+00 -2.31520276e-01
 -2.45974961e+00 -2.15502776e-01
 -2.20975542e+00 -2.01011158e-01
 -2.23162498e+00 -1.87856901e-01
 -2.12747571e+00 -1.75879576e-01
 -2.09244030e+00 -1.64941971e-01
 -2.09036961e+00 -1.54926181e-01
 -1.90853962e+00 -1.45730435e-01
 -1.85466641e+00 -1.37266520e-01
 -1.83789130e+00 -1.29457670e-01
 -1.87947417e+00 -1.22236825e-01
 -1.79973754e+00 -1.15545193e-01
 -1.73132859e+00 -1.09331054e-01
 -1.58267394e+00 -1.03548758e-01
 -1.69533778e+00 -9.81578887e-02
 -1.61008256e+00 -9.31225528e-02
 -1.61952398e+00 -8.84107821e-02
 -1.65294012e+00 -8.39940247e-02
 -1.58949528e+00 -7.98467104e-02
 -1.51601139e+00 -7.59458791e-02
 -1.51486258e+00 -7.22708616e-02
 -1.53520457e+00 -6.88030040e-02
 -1.33374654e+00 -6.55254299e-02
 -1.40770645e+00 -6.24228338e-02
 -1.31006760e+00 -5.94813012e-02
 -1.43682436e+00 -5.66881518e-02
 -1.27286891e+00 -5.40318019e-02
 -1.29987680e+00 -5.15016439e-02
 -1.21882786e+00 -4.90879393e-02
 -1.31326481e+00 -4.67817254e-02
 -1.28656044e+00 -4.45747310e-02
 -1.20854164e+00 -4.24593025e-02
 -1.19450736e+00 -4.04283376e-02
 -1.28118704e+00 -3.84752254e-02
 -1.21285539e+00 -3.65937930e-02
 -1.27390372e+00 -3.47782564e-02
 -1.10639957e+00 -3.30231769e-02
 -1.24520432e+00 -3.13234202e-02
 -1.14577078e+00 -2.96741189e-02
 -1.18417454e+00 -2.80706380e-02
 -1.12234657e+00 -2.65085425e-02
 -1.18142973e+00 -2.49835662e-02
 -1.03521242e+00 -2.34915829e-02
 -1.14815046e+00 -2.20285775e-02
 -1.12711297e+00 -2.05906184e-02
 -1.17126666e+00 -1.91738299e-02
 -1.11349994e+00 -1.77743648e-02
 -1.04377112e+00 -1.63883756e-02
 -1.05495033e+00 -1.50119857e-02
 -1.11599232e+00 -1.36412588e-02
 -1.18420450e+00 -1.22721661e-02
 -1.04187946e+00 -1.09005518e-02
 -1.11073792e+00 -9.52209450e-03
 -1.12698949e+00 -8.13226536e-03
 -1.09430977e+00 -6.72628148e-03
 -9.99096002e-01 -5.29905330e-03
 -1.17098904e+00 -3.84512508e-03
 -1.08192722e+00 -2.35860697e-03
 -1.01031407e+00 -8.33096788e-04
 -1.04915255e+00 7.38410621e-04
 -1.06798500e+00 2.36362897e-03
 -1.00564287e+00 4.05110446e-03
 -1.01870109e+00 5.81036198e-03
 -1.13646247e+00 7.65207853e-03
 -1.11300381e+00 9.58829027e-03
 -1.12638793e+00 1.16326409e-02
 -1.05939246e+00 1.38006816e-02
 -1.02520139e+00 1.61102347e-02
 -1.04045553e+00 1.85818386e-02
 -1.11014569e+00 2.12392940e-02
 -1.00727611e+00 2.41103395e-02
 -1.20447908e+00 2.72274933e-02
 -1.17300622e+00 3.06291092e-02
 -1.24972831e+00 3.43607105e-02
 -1.12028646e+00 3.84766904e-02
 -1.19802610e+00 4.30424966e-02
 -1.18997599e+00 4.81374641e-02
 -1.19086279e+00 5.38585259e-02
 -1.20194554e+00 6.03251220e-02
 -1.27065834e+00 6.76857701e-02
 -1.31720647e+00 7.61269660e-02
 -1.37547898e+00 8.58853998e-02
 -1.30165644e+00 9.72649615e-02
 -1.40782122e+00 1.10660783e-01
 -1.34764908e+00 1.26593801e-01
 -1.46758277e+00 1.45761355e-01
 -1.55551293e+00 1.69112752e-01
 -1.55456840e+00 1.97964558e-01
 -1.69152921e+00 2.34180659e-01
 -1.73588412e+00 2.80460573e-01
 -1.75658481e+00 3.40813290e-01
 -1.95050175e+00 4.21356615e-01
 -1.96335640e+00 5.31697291e-01
 -2.27053425e+00 6.87345863e-01
 -2.34293618e+00 9.13878792e-01
 -2.60581343e+00 1.25340098e+00
 -2.73951121e+00 1.77028681e+00
 -2.67991231e+00 2.53265403e+00
 -2.13491743e+00 3.48010627e+00
 -1.03017609e+00 4.12945323e+00
 3.63539350e-01 3.85869123e+00
 1.24931452e+00 2.95637062e+00
 1.44830491e+00 2.08591107e+00
 1.34076308e+00 1.46507831e+00
 1.16569336e+00 1.05530378e+00
 1.03644446e+00 7.84730917e-01
 8.08578404e-01 6.01532171e-01
 7.63576223e-01 4.73616491e-01
 7.17037313e-01 3.81589124e-01
 4.70938132e-01 3.13565052e-01
 3.56328798e-01 2.62070600e-01
 3.04860477e-01 2.22269671e-01
 2.39633951e-01 1.90944223e-01
 1.58095901e-01 1.65896444e-01
 8.78691744e-02 1.45589219e-01
 7.45951301e-02 1.28924152e-01
 1.01858399e-01 1.15100974e-01
 3.02019677e-02 1.03526327e-01
 -1.84371981e-02 9.37532480e-02
 4.87187551e-02 8.54401928e-02
 -1.60995562e-01 7.83227517e-02
 -1.08916293e-01 7.21937902e-02
 -1.12326180e-01 6.68892784e-02
 -1.08588585e-01 6.22780292e-02
 -1.48263217e-01 5.82541672e-02
 -2.83339103e-01 5.47315311e-02
 -1.76123933e-01 5.16394645e-02
 -2.44467382e-01 4.89196172e-02
 -2.66325154e-01 4.65234894e-02
 -3.23934730e-01 4.44105290e-02
 -1.79355900e-01 4.25466446e-02
 -2.96377604e-01 4.09030334e-02
 -3.44387626e-01 3.94552513e-02
 -2.82762841e-01 3.81824691e-02
 -3.18827455e-01 3.70668738e-02
 -3.72066033e-01 3.60931838e-02
 -3.83280120e-01 3.52482546e-02
 -3.69595423e-01 3.45207549e-02
 -3.80530188e-01 3.39009015e-02
 -4.20526536e-01 3.33802385e-02
 -3.82021051e-01 3.29514559e-02
 -5.21756440e-01 3.26082369e-02
 -4.87377284e-01 3.23451314e-02
 -3.96333407e-01 3.21574493e-02
 -5.33799393e-01 3.20411716e-02
 -5.86964280e-01 3.19928752e-02
 -4.20789764e-01 3.20096696e-02
 -5.74303351e-01 3.20891443e-02
 -5.41541218e-01 3.22293243e-02
 -5.20276220e-01 3.24286326e-02
 -5.35472370e-01 3.26858600e-02
 -4.92878571e-01 3.30001394e-02
 -5.31313411e-01 3.33709258e-02
 -5.02698728e-01 3.37979795e-02
 -6.61477094e-01 3.42813543e-02
 -6.03284693e-01 3.48213887e-02
 -5.96504243e-01 3.54187000e-02
 -6.29184525e-01 3.60741820e-02
 -6.05104214e-01 3.67890055e-02
 -6.24011053e-01 3.75646214e-02
 -6.40406597e-01 3.84027666e-02
 -7.11103289e-01 3.93054732e-02
 -7.55252022e-01 4.02750797e-02
 -7.32627330e-01 4.13142465e-02
 -6.88820724e-01 4.24259733e-02
 -7.73200150e-01 4.36136203e-02
 -7.34674371e-01 4.48809339e-02
 -7.52162149e-01 4.62320752e-02
 -7.51711709e-01 4.76716538e-02
 -8.61377960e-01 4.92047660e-02
 -7.60481098e-01 5.08370394e-02
 -8.11198318e-01 5.25746824e-02
 -7.58882215e-01 5.44245422e-02
 -8.26543442e-01 5.63941702e-02
 -9.05215085e-01 5.84918962e-02
 -9.69170151e-01 6.07269141e-02
 -9.13890750e-01 6.31093790e-02
 -8.99665962e-01 6.56505191e-02
 -9.60130912e-01 6.83627630e-02
 -1.01943365e+00 7.12598872e-02
 -1.02605555e+00 7.43571846e-02
 -1.09046724e+00 7.76716604e-02
 -1.12172082e+00 8.12222573e-02
 -1.12685963e+00 8.50301181e-02
 -1.17132653e+00 8.91188908e-02
 -1.10632508e+00 9.35150840e-02
 -1.19450165e+00 9.82484852e-02
 -1.23148511e+00 1.03352650e-01
 -1.35006126e+00 1.08865482e-01
 -1.36574066e+00 1.14829916e-01
 -1.36274702e+00 1.21294734e-01
 -1.37161735e+00 1.28315539e-01
 -1.49395033e+00 1.35955919e-01
 -1.44939340e+00 1.44288858e-01
 -1.49369773e+00 1.53398436e-01
 -1.61549201e+00 1.63381910e-01
 -1.67073195e+00 1.74352250e-01
 -1.76121601e+00 1.86441274e-01
 -1.82705687e+00 1.99803531e-01
 -1.81093656e+00 2.14621141e-01
 -1.96792861e+00 2.31109888e-01
 -1.98558492e+00 2.49526926e-01
 -2.11979159e+00 2.70180624e-01
 -2.19198000e+00 2.93443226e-01
 -2.27414633e+00 3.19767319e-01
 -2.37780339e+00 3.49707420e-01
 -2.53572354e+00 3.83948608e-01
 -2.75992554e+00 4.23344916e-01
 -2.83982743e+00 4.68971448e-01
 -2.97718037e+00 5.22196058e-01
 -3.22470068e+00 5.84779364e-01
 -3.41531276e+00 6.59016462e-01
 -3.63260150e+00 7.47941130e-01
 -3.80670947e+00 8.55625482e-01
 -4.11265953e+00 9.87628443e-01
 -4.51706424e+00 1.15168144e+00
 -4.84460723e+00 1.35876099e+00
 -5.36425712e+00 1.62480730e+00
 -5.79283464e+00 1.97354673e+00
 -6.40447761e+00 2.44123563e+00
 -7.21089107e+00 3.08477656e+00
 -7.93080787e+00 3.99563044e+00
 -8.72219495e+00 5.32266878e+00
 -9.72185363e+00 7.30302000e+00
 -1.02623754e+01 1.02678142e+01
 -9.68860821e+00 1.44456508e+01
 -6.16778552e+00 1.90839674e+01
 5.19838251e-01 2.13240756e+01
 7.10029951e+00 1.89759078e+01
 1.03968182e+01 1.43253912e+01
 1.09967519e+01 1.01806116e+01
 1.05360677e+01 7.24760471e+00
 9.67478336e+00 5.28850272e+00
 8.79358787e+00 3.97441779e+00
 7.92102617e+00 3.07129570e+00
 7.13754027e+00 2.43235499e+00
 6.64411383e+00 1.96738478e+00
 6.14707941e+00 1.62021255e+00
 5.69827085e+00 1.35501211e+00
 5.28620966e+00 1.14831570e+00
 5.00644375e+00 9.84342190e-01
 4.75379101e+00 8.52215178e-01
 4.46709472e+00 7.44267591e-01
 4.14340821e+00 6.54982649e-01
 4.00784208e+00 5.80316290e-01
 3.88970381e+00 5.17253656e-01
 3.68418988e+00 4.63512538e-01
 3.54628077e+00 4.17341150e-01
 3.31689280e+00 3.77377706e-01
 3.23552511e+00 3.42551249e-01
 3.21852407e+00 3.12010544e-01
 3.02948122e+00 2.85072351e-01
 3.04293546e+00 2.61183298e-01
 2.84675259e+00 2.39891440e-01
 2.85804513e+00 2.20824794e-01
 2.71545570e+00 2.03674975e-01
 2.64829770e+00 1.88184596e-01
 2.51974294e+00 1.74137472e-01
 2.48953049e+00 1.61350947e-01
 2.41693185e+00 1.49669828e-01
 2.40929976e+00 1.38961563e-01
 2.33946884e+00 1.29112364e-01
 2.38189866e+00 1.20024089e-01
 2.23351893e+00 1.11611705e-01
 2.26612710e+00 1.03801212e-01
 2.28478454e+00 9.65279437e-02
 2.28931800e+00 8.97351590e-02
 2.18513618e+00 8.33728731e-02
 2.21352701e+00 7.73968832e-02
 2.13968535e+00 7.17679501e-02
 2.14260867e+00 6.64511095e-02
 2.14359367e+00 6.14150891e-02
 2.10449265e+00 5.66318129e-02
 2.02301281e+00 5.20759780e-02
 2.10127095e+00 4.77246925e-02
 1.97866704e+00 4.35571626e-02
 1.96810915e+00 3.95544228e-02
 2.06358108e+00 3.56991013e-02
 1.99711885e+00 3.19752151e-02
 1.90899009e+00 2.83679907e-02
 1.98334975e+00 2.48637053e-02
 2.01396466e+00 2.14495463e-02
 1.97295342e+00 1.81134865e-02
 1.98047432e+00 1.48441712e-02
 1.90606481e+00 1.16308160e-02
 1.85301385e+00 8.46311457e-03
 2.02178604e+00 5.33115223e-03
 2.05402836e+00 2.22532678e-03
 1.96281427e+00 -8.63726523e-04
 2.03059458e+00 -3.94520623e-03
 1.90315711e+00 -7.02821331e-03
 1.94480582e+00 -1.01218181e-02
 1.93117851e+00 -1.32351267e-02
 1.89927807e+00 -1.63773472e-02
 1.94596501e+00 -1.95578574e-02
 1.99540728e+00 -2.27862740e-02
 1.99214451e+00 -2.60725256e-02
 1.96944716e+00 -2.94269285e-02
 1.89987914e+00 -3.28602689e-02
 1.99969990e+00 -3.63838905e-02
 2.03370460e+00 -4.00097896e-02
 1.99340008e+00 -4.37507208e-02
 2.02120615e+00 -4.76203119e-02
 2.00794139e+00 -5.16331927e-02
 2.13395847e+00 -5.58051393e-02
 2.20761682e+00 -6.01532356e-02
 2.26293052e+00 -6.46960567e-02
 2.15091567e+00 -6.94538768e-02
 2.12779270e+00 -7.44489068e-02
 2.19950960e+00 -7.97055663e-02
 2.27413321e+00 -8.52507969e-02
 2.23395917e+00 -9.11144243e-02
 2.20042072e+00 -9.73295779e-02
 2.38047994e+00 -1.03933180e-01
 2.34028052e+00 -1.10966517e-01
 2.43099388e+00 -1.18475912e-01
 2.43048637e+00 -1.26513515e-01
 2.48887173e+00 -1.35138239e-01
 2.51105279e+00 -1.44416874e-01
 2.57568187e+00 -1.54425421e-01
 2.73121270e+00 -1.65250681e-01
 2.79189784e+00 -1.76992187e-01
 2.78574962e+00 -1.89764532e-01
 2.77563416e+00 -2.03700218e-01
 2.85027339e+00 -2.18953139e-01
 2.99153429e+00 -2.35702878e-01
 2.97285728e+00 -2.54160048e-01
 3.17879884e+00 -2.74572948e-01
 3.24671057e+00 -2.97235960e-01
 3.40356004e+00 -3.22500172e-01
 3.45895044e+00 -3.50786983e-01
 3.59625665e+00 -3.82605618e-01
 3.74288286e+00 -4.18575939e-01
 3.80130850e+00 -4.59458419e-01
 4.04461013e+00 -5.06193944e-01
 4.19252232e+00 -5.59957305e-01
 4.33909087e+00 -6.22229934e-01
 4.59858025e+00 -6.94900170e-01
 4.85207080e+00 -7.80403434e-01
 5.09331310e+00 -8.81921299e-01
 5.24405691e+00 -1.00366895e+00
 5.69764036e+00 -1.15131792e+00
 6.06557337e+00 -1.33263005e+00
 6.44887048e+00 -1.55842835e+00
 7.00698762e+00 -1.84411732e+00
 7.50962868e+00 -2.21211906e+00
 8.24423102e+00 -2.69586594e+00
 9.03672754e+00 -3.34647400e+00
 9.91260605e+00 -4.24401549e+00
 1.08780452e+01 -5.51630386e+00
 1.19450831e+01 -7.36769569e+00
 1.29864363e+01 -1.01094828e+01
 1.32947750e+01 -1.41225800e+01
 1.16533339e+01 -1.94664092e+01
 6.50775197e+00 -2.46431507e+01
 -2.03786707e+00 -2.60289410e+01
 -9.19721963e+00 -2.22812422e+01
 -1.24644433e+01 -1.66766247e+01
 -1.28334418e+01 -1.19510272e+01
 -1.20633567e+01 -8.61878842e+00
