 NaN NaN
 7.57926310e+01 4.66133947e+00
 3.87132735e+01 1.71958212e+00
 2.60820529e+01 9.53166623e-01
 1.96830524e+01 6.25587966e-01
 1.58464369e+01 4.50679474e-01
 1.31490927e+01 3.44454114e-01
 1.13594016e+01 2.74256547e-01
 9.99962648e+00 2.25008073e-01
 8.83077959e+00 1.88879138e-01
 8.06494014e+00 1.61440637e-01
 7.36005599e+00 1.40017498e-01
 6.68215296e+00 1.22908177e-01
 6.17585352e+00 1.08983929e-01
 5.80328410e+00 9.74694679e-02
 5.39724855e+00 8.78164429e-02
 5.10293709e+00 7.96271778e-02
 4.77697801e+00 7.26069599e-02
 4.56879004e+00 6.65332136e-02
 4.39620725e+00 6.12350217e-02
 4.10461793e+00 5.65791803e-02
 3.98039217e+00 5.24604966e-02
 3.72997129e+00 4.87949042e-02
 3.54766766e+00 4.55144939e-02
 3.46771626e+00 4.25638691e-02
 3.39144829e+00 3.98974341e-02
 3.26509748e+00 3.74773518e-02
 3.09862561e+00 3.52719844e-02
 2.99787492e+00 3.32546930e-02
 2.98333254e+00 3.14029012e-02
 2.85207330e+00 2.96973593e-02
 2.75878259e+00 2.81215617e-02
 2.63778619e+00 2.66612798e-02
 2.61040543e+00 2.53041863e-02
 2.57772919e+00 2.40395513e-02
 2.49765083e+00 2.28579923e-02
 2.38442986e+00 2.17512706e-02
 2.39597316e+00 2.07121220e-02
 2.21908877e+00 1.97341161e-02
 2.35301270e+00 1.88115391e-02
 2.21602897e+00 1.79392953e-02
 2.18080561e+00 1.71128233e-02
 2.16891546e+00 1.63280264e-02
 2.23700751e+00 1.55812116e-02
 2.07345943e+00 1.48690384e-02
 2.06756636e+00 1.41884751e-02
 2.05925054e+00 1.35367598e-02
 2.01428217e+00 1.29113680e-02
 1.85921560e+00 1.23099836e-02
 1.95791781e+00 1.17304739e-02
 1.87120438e+00 1.11708670e-02
 1.87094573e+00 1.06293329e-02
 1.86377580e+00 1.01041660e-02
 1.85738651e+00 9.59376930e-03
 1.81845469e+00 9.09664123e-03
 1.82839098e+00 8.61136258e-03
 1.80223337e+00 8.13658542e-03
 1.89997729e+00 7.67102258e-03
 1.75280064e+00 7.21343811e-03
 1.68215489e+00 6.76263824e-03
 1.73364130e+00 6.31746295e-03
 1.74984992e+00 5.87677792e-03
 1.78570325e+00 5.43946681e-03
 1.72097317e+00 5.00442360e-03
 1.64132890e+00 4.57054521e-03
 1.68949745e+00 4.13672398e-03
 1.60318253e+00 3.70184006e-03
 1.69339134e+00 3.26475367e-03
 1.63746630e+00 2.82429700e-03
 1.57238223e+00 2.37926564e-03
 1.63688236e+00 1.92840962e-03
 1.64798207e+00 1.47042360e-03
 1.66952528e+00 1.00393637e-03
 1.66927008e+00 5.27499297e-04
 1.68564430e+00 3.95736281e-05
 1.66813715e+00 -4.61483644e-04
 1.62646002e+00 -9.77435540e-04
 1.69299996e+00 -1.51018282e-03
 1.52992654e+00 -2.06178399e-03
 1.62865748e+00 -2.63447809e-03
 1.66718005e+00 -3.23071057e-03
 1.71464896e+00 -3.85316308e-03
 1.68599606e+00 -4.50478766e-03
 1.66819834e+00 -5.18884633e-03
 1.68749852e+00 -5.90895699e-03
 1.69842487e+00 -6.66914692e-03
 1.69694697e+00 -7.47391542e-03
 1.71185727e+00 -8.32830735e-03
 1.69517804e+00 -9.23800001e-03
 1.79790638e+00 -1.02094060e-02
 1.70698296e+00 -1.12497959e-02
 1.76435004e+00 -1.23674445e-02
 1.78682687e+00 -1.35718075e-02
 1.84836189e+00 -1.48737339e-02
 1.81247322e+00 -1.62857248e-02
 1.91988340e+00 -1.78222492e-02
 1.75832865e+00 -1.95001322e-02
 1.99799935e+00 -2.13390345e-02
 2.00726571e+00 -2.33620502e-02
 2.10437436e+00 -2.55964555e-02
 2.12352930e+00 -2.80746546e-02
 2.11194384e+00 -3.08353840e-02
 2.16182309e+00 -3.39252599e-02
 2.19193961e+00 -3.74007832e-02
 2.33776862e+00 -4.13309657e-02
 2.26694515e+00 -4.58008052e-02
 2.27038151e+00 -5.09159393e-02
 2.49677350e+00 -5.68089571e-02
 2.50191985e+00 -6.36480782e-02
 2.71349078e+00 -7.16492703e-02
 2.69943872e+00 -8.10934531e-02
 2.89707415e+00 -9.23513779e-02
 2.98695097e+00 -1.05920359e-01
 3.22190246e+00 -1.22479759e-01
 3.41786963e+00 -1.42977016e-01
 3.61703158e+00 -1.68764997e-01
 3.94105269e+00 -2.01828842e-01
 4.22690294e+00 -2.45175502e-01
 4.59223006e+00 -3.03533966e-01
 4.97746274e+00 -3.84684157e-01
 5.66510733e+00 -5.02149768e-01
 6.42010702e+00 -6.81113683e-01
 7.49440844e+00 -9.72807647e-01
 9.13326400e+00 -1.49449145e+00
 1.15361255e+01 -2.56243307e+00
 1.57722562e+01 -5.26170219e+00
 2.30443149e+01 -1.48451097e+01
 7.75641030e+00 -4.73028064e+01
 -2.30660959e+01 -1.98251709e+01
 -1.57659332e+01 -6.47677450e+00
 -1.10655340e+01 -3.01014958e+00
 -8.36170488e+00 -1.71490399e+00
 -6.54859839e+00 -1.10324057e+00
 -5.42567279e+00 -7.68400691e-01
 -4.52595460e+00 -5.65808434e-01
 -3.90029125e+00 -4.34092536e-01
 -3.29800294e+00 -3.43701104e-01
 -2.93717225e+00 -2.79004437e-01
 -2.62273698e+00 -2.31114772e-01
 -2.38614892e+00 -1.94678131e-01
 -2.10270256e+00 -1.66314197e-01
 -1.85737516e+00 -1.43803880e-01
 -1.78185136e+00 -1.25641688e-01
 -1.61578686e+00 -1.10777120e-01
 -1.42446090e+00 -9.84591084e-02
 -1.40996282e+00 -8.81391471e-02
 -1.28654870e+00 -7.94090916e-02
 -1.21668834e+00 -7.19601588e-02
 -1.12140832e+00 -6.55552470e-02
 -1.01144070e+00 -6.00098527e-02
 -1.00651138e+00 -5.51786644e-02
 -9.14278684e-01 -5.09459801e-02
 -6.70664576e-01 -4.72187523e-02
 -7.42021279e-01 -4.39214687e-02
 -7.29772966e-01 -4.09923331e-02
 -6.13281728e-01 -3.83803846e-02
 -6.01450566e-01 -3.60432985e-02
 -5.11553709e-01 -3.39456924e-02
 -5.34988949e-01 -3.20578079e-02
 -4.05805678e-01 -3.03544754e-02
 -4.69185817e-01 -2.88142965e-02
 -3.58733173e-01 -2.74189905e-02
 -3.21868462e-01 -2.61528710e-02
 -3.94869977e-01 -2.50024221e-02
 -3.33266665e-01 -2.39559543e-02
 -2.74832165e-01 -2.30033223e-02
 -3.16943028e-01 -2.21356936e-02
 -3.03612844e-01 -2.13453568e-02
 -2.74797824e-01 -2.06255626e-02
 -2.34080073e-01 -1.99703906e-02
 -1.88591892e-01 -1.93746386e-02
 -1.10665054e-01 -1.88337286e-02
 -8.35002102e-02 -1.83436281e-02
 -8.45581863e-02 -1.79007834e-02
 -1.59080661e-01 -1.75020624e-02
 -1.75930581e-01 -1.71447067e-02
 2.21644325e-02 -1.68262907e-02
 -1.00099563e-01 -1.65446861e-02
 -1.48078751e-01 -1.62980321e-02
 2.95562613e-02 -1.60847102e-02
 -3.12142503e-02 -1.59033219e-02
 1.34119010e-01 -1.57526710e-02
 8.28207162e-02 -1.56317471e-02
 1.01037150e-01 -1.55397135e-02
 1.25676065e-01 -1.54758957e-02
 7.83082747e-02 -1.54397730e-02
 2.46953387e-01 -1.54309711e-02
 2.18675971e-01 -1.54492573e-02
 1.92481747e-01 -1.54945364e-02
 1.58052742e-01 -1.55668485e-02
 1.99951626e-01 -1.56663682e-02
 2.18397528e-01 -1.57934053e-02
 2.05012993e-01 -1.59484063e-02
 2.27508447e-01 -1.61319582e-02
 1.87202449e-01 -1.63447933e-02
 2.62195209e-01 -1.65877951e-02
 3.60740085e-01 -1.68620067e-02
 4.66095262e-01 -1.71686403e-02
 3.11553273e-01 -1.75090890e-02
 4.01345035e-01 -1.78849403e-02
 2.93966741e-01 -1.82979924e-02
 3.38048625e-01 -1.87502732e-02
 5.15923675e-01 -1.92440613e-02
 4.36190336e-01 -1.97819120e-02
 4.34746506e-01 -2.03666861e-02
 5.35076259e-01 -2.10015835e-02
 5.25345552e-01 -2.16901818e-02
 5.79503533e-01 -2.24364820e-02
 5.08700266e-01 -2.32449597e-02
 5.13390637e-01 -2.41206261e-02
 5.29243969e-01 -2.50690981e-02
 5.79473796e-01 -2.60966798e-02
 6.71458341e-01 -2.72104586e-02
 6.74410458e-01 -2.84184173e-02
 7.17747917e-01 -2.97295658e-02
 7.49297691e-01 -3.11540967e-02
 7.34049766e-01 -3.27035697e-02
 7.96537997e-01 -3.43911311e-02
 8.33050197e-01 -3.62317748e-02
 8.64923002e-01 -3.82426573e-02
 8.71000195e-01 -4.04434750e-02
 9.49513909e-01 -4.28569234e-02
 1.15811648e+00 -4.55092546e-02
 1.02018145e+00 -4.84309608e-02
 1.09157641e+00 -5.16576160e-02
 1.16443485e+00 -5.52309197e-02
 1.21217172e+00 -5.91999992e-02
 1.32164811e+00 -6.36230468e-02
 1.31923688e+00 -6.85693939e-02
 1.41222207e+00 -7.41221606e-02
 1.53586907e+00 -8.03816697e-02
 1.60958718e+00 -8.74698881e-02
 1.65787042e+00 -9.55362648e-02
 1.78656276e+00 -1.04765489e-01
 1.92528224e+00 -1.15387927e-01
 1.96494755e+00 -1.27693842e-01
 2.09869480e+00 -1.42053055e-01
 2.15392642e+00 -1.58942557e-01
 2.45408775e+00 -1.78985948e-01
 2.64412780e+00 -2.03010891e-01
 2.84759115e+00 -2.32134578e-01
 3.15528205e+00 -2.67893955e-01
 3.43305094e+00 -3.12449567e-01
 3.69823694e+00 -3.68914552e-01
 4.06469209e+00 -4.41904595e-01
 4.56843834e+00 -5.38495367e-01
 5.06563719e+00 -6.69970661e-01
 5.70371273e+00 -8.55199631e-01
 6.78351819e+00 -1.12762050e+00
 7.92395006e+00 -1.55093656e+00
 9.66277097e+00 -2.25825397e+00
 1.21373308e+01 -3.56336695e+00
 1.56658273e+01 -6.33351616e+00
 2.08122008e+01 -1.34616868e+01
 2.08033797e+01 -3.38603286e+01
 -1.43150370e+01 -4.27807274e+01
 -2.35228597e+01 -1.79921255e+01
 -1.81083896e+01 -7.93965450e+00
 -1.40633611e+01 -4.26756529e+00
 -1.13342093e+01 -2.62750644e+00
 -9.44451872e+00 -1.77094682e+00
 -8.06290181e+00 -1.27137505e+00
 -7.12692053e+00 -9.55776003e-01
 -6.35795472e+00 -7.44083325e-01
 -5.83768494e+00 -5.95336613e-01
 -5.43112192e+00 -4.86882223e-01
 -4.92556659e+00 -4.05389036e-01
 -4.64815741e+00 -3.42605936e-01
 -4.29345317e+00 -2.93208046e-01
 -4.04609843e+00 -2.53635988e-01
 -3.86995941e+00 -2.21438131e-01
 -3.66938079e+00 -1.94881627e-01
 -3.46985916e+00 -1.72713777e-01
 -3.28335093e+00 -1.54010887e-01
 -3.13196190e+00 -1.38079817e-01
 -3.04335811e+00 -1.24392230e-01
 -2.95440132e+00 -1.12539720e-01
 -2.82012038e+00 -1.02202557e-01
 -2.68303077e+00 -9.31275387e-02
 -2.69412316e+00 -8.51120334e-02
 -2.69652679e+00 -7.79923132e-02
 -2.52537031e+00 -7.16349106e-02
 -2.47781420e+00 -6.59301333e-02
 -2.47541386e+00 -6.07871443e-02
 -2.38587505e+00 -5.61301883e-02
 -2.31462880e+00 -5.18956708e-02
 -2.26305414e+00 -4.80298747e-02
 -2.26966901e+00 -4.44871620e-02
 -2.20296499e+00 -4.12285447e-02
 -2.19264320e+00 -3.82205415e-02
 -2.12429217e+00 -3.54342567e-02
 -2.06502396e+00 -3.28446328e-02
 -2.07920666e+00 -3.04298406e-02
 -2.11399798e+00 -2.81707783e-02
 -1.96561531e+00 -2.60506586e-02
 -1.95073873e+00 -2.40546644e-02
 -1.99356972e+00 -2.21696636e-02
 -1.85599980e+00 -2.03839678e-02
 -1.96279491e+00 -1.86871306e-02
 -1.98682701e+00 -1.70697759e-02
 -1.95843467e+00 -1.55234520e-02
 -1.95909239e+00 -1.40405070e-02
 -1.92254709e+00 -1.26139817e-02
 -1.79575109e+00 -1.12375172e-02
 -1.91977905e+00 -9.90527470e-03
 -1.87015826e+00 -8.61186571e-03
 -2.00844619e+00 -7.35229056e-03
 -1.86373605e+00 -6.12188446e-03
 -1.93776706e+00 -4.91626945e-03
 -1.89024010e+00 -3.73131144e-03
 -1.81507563e+00 -2.56308156e-03
 -1.78732778e+00 -1.40782093e-03
 -1.88095079e+00 -2.61908433e-04
 -1.88640366e+00 8.78169280e-04
 -1.88447326e+00 2.01584581e-03
 -1.85094591e+00 3.15450168e-03
 -1.84660383e+00 4.29748993e-03
 -1.77677976e+00 5.44816107e-03
 -1.92303276e+00 6.60988776e-03
 -1.88854113e+00 7.78608945e-03
 -1.83164451e+00 8.98025744e-03
 -1.99567370e+00 1.01959807e-02
 -1.90033256e+00 1.14369727e-02
 -1.88392452e+00 1.27070996e-02
 -1.90880265e+00 1.40104106e-02
 -1.88447956e+00 1.53511702e-02
 -1.90752383e+00 1.67338934e-02
 -2.02735514e+00 1.81633847e-02
 -2.01991189e+00 1.96447798e-02
 -2.00117064e+00 2.11835935e-02
 -1.98202556e+00 2.27857721e-02
 -2.01538434e+00 2.44577526e-02
 -2.18149917e+00 2.62065292e-02
 -2.11485188e+00 2.80397294e-02
 -2.19435773e+00 2.99656995e-02
 -2.17167599e+00 3.19936032e-02
 -2.22729910e+00 3.41335348e-02
 -2.13817317e+00 3.63966485e-02
 -2.06209913e+00 3.87953094e-02
 -2.28114204e+00 4.13432676e-02
 -2.32132391e+00 4.40558615e-02
 -2.39893025e+00 4.69502558e-02
 -2.32266978e+00 5.00457206e-02
 -2.37750676e+00 5.33639605e-02
 -2.40753644e+00 5.69295046e-02
 -2.48578696e+00 6.07701701e-02
 -2.53394671e+00 6.49176161e-02
 -2.63949292e+00 6.94080081e-02
 -2.54409315e+00 7.42828202e-02
 -2.70394073e+00 7.95898075e-02
 -2.80311259e+00 8.53841919e-02
 -2.79286557e+00 9.17301157e-02
 -2.89294258e+00 9.87024368e-02
 -3.00319272e+00 1.06388957e-01
 -3.15611244e+00 1.14893210e-01
 -3.24282323e+00 1.24337974e-01
 -3.35649674e+00 1.34869732e-01
 -3.45269934e+00 1.46664381e-01
 -3.54557574e+00 1.59934621e-01
 -3.64364924e+00 1.74939583e-01
 -3.81663591e+00 1.91997536e-01
 -4.02184355e+00 2.11502825e-01
 -4.17865026e+00 2.33948759e-01
 -4.39579685e+00 2.59958910e-01
 -4.68569670e+00 2.90330599e-01
 -4.87317889e+00 3.26096251e-01
 -5.06988778e+00 3.68611537e-01
 -5.32696249e+00 4.19684500e-01
 -5.78503166e+00 4.81768911e-01
 -6.07484120e+00 5.58261003e-01
 -6.58901176e+00 6.53967628e-01
 -7.24582988e+00 7.75868502e-01
 -7.78180444e+00 9.34402835e-01
 -8.60358472e+00 1.14573364e+00
 -9.46920521e+00 1.43593166e+00
 -1.07441964e+01 1.84916451e+00
 -1.24286797e+01 2.46486640e+00
 -1.44007103e+01 3.43684934e+00
 -1.73066464e+01 5.09176704e+00
 -2.12579466e+01 8.20764421e+00
 -2.66296525e+01 1.48917399e+01
 -3.11538942e+01 3.10417357e+01
 -1.31228507e+01 5.90923422e+01
 2.62054330e+01 4.72005167e+01
 2.94228390e+01 2.22559551e+01
 2.36964805e+01 1.13506146e+01
 1.89943068e+01 6.63790505e+00
 1.55726907e+01 4.30016040e+00
 1.31527101e+01 2.99594435e+00
 1.12741983e+01 2.20092426e+00
 9.98623306e+00 1.68272804e+00
 8.85177644e+00 1.32701986e+00
 7.95174845e+00 1.07263598e+00
 7.24927951e+00 8.84584390e-01
 6.61415069e+00 7.41720658e-01
 6.07302573e+00 6.30676816e-01
 5.68996278e+00 5.42674462e-01
 5.28334059e+00 4.71760119e-01
 5.02792546e+00 4.13782653e-01
 4.70522137e+00 3.65777120e-01
 4.40917738e+00 3.25580665e-01
 4.11755624e+00 2.91585872e-01
 3.96238853e+00 2.62578171e-01
 3.70739806e+00 2.37626114e-01
 3.64597360e+00 2.16005780e-01
 3.54389041e+00 1.97147698e-01
 3.36095072e+00 1.80598950e-01
 3.22082672e+00 1.65995682e-01
 3.08152589e+00 1.53042894e-01
 2.92641762e+00 1.41499375e-01
 2.75454218e+00 1.31166350e-01
 2.75097471e+00 1.21878824e-01
 2.69374123e+00 1.13498919e-01
 2.57625158e+00 1.05910693e-01
 2.51060616e+00 9.90160777e-02
 2.43682070e+00 9.27316661e-02
 2.48301541e+00 8.69861574e-02
 2.28800498e+00 8.17183025e-02
 2.17830245e+00 7.68752459e-02
 2.14773965e+00 7.24111787e-02
 2.04667677e+00 6.82862357e-02
 2.13358614e+00 6.44655889e-02
 1.97613875e+00 6.09186986e-02
 2.05385473e+00 5.76186895e-02
 1.96307729e+00 5.45418311e-02
 2.00117471e+00 5.16671013e-02
 1.88061572e+00 4.89758183e-02
 1.85759962e+00 4.64513298e-02
 1.81892277e+00 4.40787481e-02
 1.80963763e+00 4.18447254e-02
 1.76005265e+00 3.97372597e-02
 1.67391644e+00 3.77455299e-02
 1.68360111e+00 3.58597520e-02
 1.67924506e+00 3.40710556e-02
 1.63583976e+00 3.23713765e-02
 1.58806787e+00 3.07533625e-02
 1.53437074e+00 2.92102922e-02
 1.59282187e+00 2.77360024e-02
 1.56393104e+00 2.63248254e-02
 1.56380693e+00 2.49715323e-02
 1.50515390e+00 2.36712842e-02
 1.53576868e+00 2.24195870e-02
 1.48025240e+00 2.12122524e-02
 1.48126971e+00 2.00453620e-02
 1.43085220e+00 1.89152347e-02
 1.50387654e+00 1.78183977e-02
 1.41446667e+00 1.67515593e-02
 1.42290549e+00 1.57115841e-02
 1.46939651e+00 1.46954695e-02
 1.47132820e+00 1.37003240e-02
 1.41173023e+00 1.27233467e-02
 1.43190188e+00 1.17618068e-02
 1.35162790e+00 1.08130242e-02
 1.33567390e+00 9.87435086e-03
 1.34930522e+00 8.94315079e-03
 1.31929718e+00 8.01678118e-03
 1.39958203e+00 7.09257207e-03
 1.35461683e+00 6.16780557e-03
 1.35020060e+00 5.23969380e-03
 1.28683630e+00 4.30535526e-03
 1.24468498e+00 3.36178933e-03
 1.33787130e+00 2.40584830e-03
 1.43339246e+00 1.43420652e-03
 1.31724939e+00 4.43325905e-04
 1.39939113e+00 -5.70582789e-04
 1.33681872e+00 -1.61160389e-03
 1.34343406e+00 -2.68416694e-03
 1.35424497e+00 -3.79310426e-03
 1.37702299e+00 -4.94371752e-03
 1.37672029e+00 -6.14185509e-03
 1.37609301e+00 -7.39400242e-03
 1.46103746e+00 -8.70738825e-03
 1.39725093e+00 -1.00901101e-02
 1.37408727e+00 -1.15512831e-02
 1.42676492e+00 -1.31012180e-02
 1.45098310e+00 -1.47516340e-02
 1.51264657e+00 -1.65159164e-02
 1.43245756e+00 -1.84094287e-02
 1.48306223e+00 -2.04498932e-02
 1.44606818e+00 -2.26578588e-02
 1.43930495e+00 -2.50572789e-02
 1.52157027e+00 -2.76762298e-02
 1.58700788e+00 -3.05478116e-02
 1.46602612e+00 -3.37112849e-02
 1.48233423e+00 -3.72135174e-02
 1.60948717e+00 -4.11108417e-02
 1.60236025e+00 -4.54714610e-02
 1.63297275e+00 -5.03785985e-02
 1.76949367e+00 -5.59346617e-02
 1.66866134e+00 -6.22668149e-02
 1.84224071e+00 -6.95345302e-02
 1.83296665e+00 -7.79399593e-02
 1.77660720e+00 -8.77423965e-02
 1.93512203e+00 -9.92787792e-02
 2.00271872e+00 -1.12993280e-01
 2.03588273e+00 -1.29480885e-01
 2.20642163e+00 -1.49553032e-01
 2.19567836e+00 -1.74338967e-01
 2.44344150e+00 -2.05446774e-01
 2.49802122e+00 -2.45227529e-01
 2.73279036e+00 -2.97224887e-01
 3.00486675e+00 -3.66973359e-01
 3.20299622e+00 -4.63487378e-01
 3.55506540e+00 -6.02203976e-01
 4.00555872e+00 -8.11206718e-01
 4.58581807e+00 -1.14547742e+00
 5.35187300e+00 -1.72257608e+00
 6.25679017e+00 -2.81968701e+00
 7.40576274e+00 -5.13207223e+00
 7.00894394e+00 -9.92618358e+00
 1.76659041e-01 -1.38842152e+01
 -5.95915331e+00 -9.21909764e+00
 -5.96990419e+00 -4.76401221e+00
 -4.70400229e+00 -2.65826777e+00
 -3.73825414e+00 -1.64701854e+00
 -3.08652285e+00 -1.10783629e+00
 -2.56471448e+00 -7.92088196e-01
 -2.15536834e+00 -5.92992810e-01
 -1.80508822e+00 -4.59997178e-01
 -1.49614556e+00 -3.67011537e-01
 -1.28847015e+00 -2.99571108e-01
 -1.21922950e+00 -2.49168473e-01
 -1.01340105e+00 -2.10548764e-01
 -8.91769010e-01 -1.80330001e-01
 -7.57809531e-01 -1.56258377e-01
 -7.18456786e-01 -1.36786370e-01
 -5.65488286e-01 -1.20823571e-01
 -4.63547048e-01 -1.07584108e-01
 -4.11514186e-01 -9.64902203e-02
 -4.60509623e-01 -8.71095910e-02
 -3.20348347e-01 -7.91136095e-02
 -3.56825732e-01 -7.22489433e-02
 -2.51360869e-01 -6.63177938e-02
 -1.91487902e-01 -6.11639320e-02
 -1.61958068e-01 -5.66626634e-02
 -1.10448476e-01 -5.27135061e-02
 -1.19785213e-01 -4.92347779e-02
 -9.03821225e-03 -4.61595441e-02
 -4.37538535e-02 -4.34325483e-02
 6.96802901e-02 -4.10078643e-02
 7.08654606e-02 -3.88470810e-02
 1.10844949e-01 -3.69178869e-02
 -1.59516051e-02 -3.51929568e-02
 9.16855528e-02 -3.36490699e-02
 2.58243435e-01 -3.22664043e-02
 7.75712909e-02 -3.10279712e-02
 1.72148363e-01 -2.99191558e-02
 2.03373058e-01 -2.89273444e-02
 1.92450970e-01 -2.80416187e-02
 1.72644610e-01 -2.72525042e-02
 2.45689337e-01 -2.65517624e-02
 2.35533347e-01 -2.59322184e-02
 2.54572828e-01 -2.53876162e-02
 2.75680506e-01 -2.49124985e-02
 2.97512509e-01 -2.45021056e-02
 3.01265681e-01 -2.41522899e-02
 3.08266269e-01 -2.38594438e-02
 3.03905857e-01 -2.36204391e-02
 4.33001000e-01 -2.34325754e-02
 3.96042330e-01 -2.32935366e-02
 4.60717061e-01 -2.32013538e-02
 3.93220270e-01 -2.31543743e-02
 3.18718965e-01 -2.31512356e-02
 4.35750828e-01 -2.31908437e-02
 3.91892268e-01 -2.32723545e-02
 4.95944416e-01 -2.33951598e-02
 4.61713134e-01 -2.35588752e-02
 5.34035180e-01 -2.37633315e-02
 4.81227209e-01 -2.40085679e-02
 4.89413599e-01 -2.42948282e-02
 5.83822373e-01 -2.46225585e-02
 6.33835979e-01 -2.49924080e-02
 5.66244622e-01 -2.54052307e-02
 5.58954268e-01 -2.58620901e-02
 5.95418130e-01 -2.63642655e-02
 6.15569113e-01 -2.69132610e-02
 6.06954450e-01 -2.75108162e-02
 6.27694886e-01 -2.81589197e-02
 6.68214529e-01 -2.88598252e-02
 6.99242445e-01 -2.96160703e-02
 7.03949126e-01 -3.04304989e-02
 7.14864062e-01 -3.13062865e-02
 7.25655690e-01 -3.22469699e-02
 7.60802278e-01 -3.32564813e-02
 7.38633288e-01 -3.43391874e-02
 7.55437049e-01 -3.54999341e-02
 7.84215704e-01 -3.67440982e-02
 8.21117711e-01 -3.80776462e-02
 8.39132102e-01 -3.95072026e-02
 8.50880347e-01 -4.10401274e-02
 9.93914704e-01 -4.26846069e-02
 1.02806238e+00 -4.44497569e-02
 1.05502315e+00 -4.63457437e-02
 1.00853459e+00 -4.83839235e-02
 9.86463004e-01 -5.05770047e-02
 1.04617432e+00 -5.29392380e-02
 1.06493479e+00 -5.54866382e-02
 1.13451393e+00 -5.82372451e-02
 1.18047471e+00 -6.12114311e-02
 1.31668176e+00 -6.44322652e-02
 1.24111900e+00 -6.79259452e-02
 1.30352927e+00 -7.17223140e-02
 1.33139731e+00 -7.58554780e-02
 1.29877423e+00 -8.03645518e-02
 1.42556917e+00 -8.52945597e-02
 1.47569077e+00 -9.06975324e-02
 1.68489446e+00 -9.66338488e-02
 1.64426132e+00 -1.03173888e-01
 1.62949047e+00 -1.10400074e-01
 1.78004233e+00 -1.18409427e-01
 1.67615473e+00 -1.27316768e-01
 1.90929418e+00 -1.37258767e-01
 1.95285152e+00 -1.48399121e-01
 2.02742806e+00 -1.60935201e-01
 2.17341779e+00 -1.75106702e-01
 2.32263238e+00 -1.91206979e-01
 2.43946058e+00 -2.09598094e-01
 2.57508013e+00 -2.30731009e-01
 2.70693576e+00 -2.55173033e-01
 2.91260741e+00 -2.83645668e-01
 2.97027344e+00 -3.17077569e-01
 3.17979029e+00 -3.56679938e-01
 3.49199357e+00 -4.04055827e-01
 3.77136381e+00 -4.61361890e-01
 3.95681002e+00 -5.31553272e-01
 4.40396883e+00 -6.18763952e-01
 4.76785234e+00 -7.28914686e-01
 5.14544303e+00 -8.70716978e-01
 5.61568343e+00 -1.05739384e+00
 6.43669563e+00 -1.30975783e+00
 7.26572224e+00 -1.66199461e+00
 8.21684180e+00 -2.17316642e+00
 9.64357429e+00 -2.95163171e+00
 1.13291277e+01 -4.21074704e+00
 1.35989295e+01 -6.40494523e+00
 1.63107571e+01 -1.05679724e+01
 1.80666358e+01 -1.89069635e+01
 1.16840758e+01 -3.24145858e+01
 -8.38997385e+00 -3.51576730e+01
 -1.86343849e+01 -2.19191761e+01
 -1.79507200e+01 -1.21425347e+01
 -1.50645341e+01 -7.21356708e+00
 -1.27292549e+01 -4.66321852e+00
 -1.09726434e+01 -3.22757852e+00
 -9.56131407e+00 -2.35386839e+00
 -8.41994078e+00 -1.78722831e+00
 -7.53828434e+00 -1.40054177e+00
 -6.83313649e+00 -1.12560041e+00
 -6.30926584e+00 -9.23441606e-01
 -5.84043065e+00 -7.70604768e-01
 -5.37045290e+00 -6.52322091e-01
 -5.09509328e+00 -5.58940491e-01
 -4.70358655e+00 -4.83943121e-01
 -4.57005939e+00 -4.22805976e-01
 -4.28398032e+00 -3.72311210e-01
 -4.06878116e+00 -3.30120636e-01
 -3.96827672e+00 -2.94502865e-01
 -3.73790606e+00 -2.64154086e-01
 -3.56398460e+00 -2.38077563e-01
 -3.42899363e+00 -2.15500902e-01
 -3.36737314e+00 -1.95818149e-01
 -3.13344635e+00 -1.78548582e-01
 -3.09993784e+00 -1.63306907e-01
 -3.02389926e+00 -1.49781411e-01
 -2.95110652e+00 -1.37717717e-01
 -2.76676210e+00 -1.26906578e-01
 -2.77284173e+00 -1.17174589e-01
 -2.63733227e+00 -1.08377051e-01
 -2.66956797e+00 -1.00392443e-01
 -2.58500688e+00 -9.31180887e-02
 -2.56604415e+00 -8.64667415e-02
 -2.53139144e+00 -8.03638671e-02
 -2.45456962e+00 -7.47454679e-02
 -2.33642668e+00 -6.95563277e-02
 -2.39838914e+00 -6.47485871e-02
 -2.33446820e+00 -6.02805798e-02
 -2.27141453e+00 -5.61158769e-02
 -2.21752922e+00 -5.22224972e-02
 -2.18329347e+00 -4.85722518e-02
 -2.28640372e+00 -4.51401966e-02
 -2.24681424e+00 -4.19041737e-02
 -2.19405959e+00 -3.88444243e-02
 -2.07778525e+00 -3.59432622e-02
 -2.10415358e+00 -3.31847950e-02
 -2.09525714e+00 -3.05546863e-02
 -2.07444661e+00 -2.80399527e-02
 -1.99707682e+00 -2.56287872e-02
 -2.01165097e+00 -2.33104082e-02
 -2.08431462e+00 -2.10749265e-02
 -2.00847890e+00 -1.89132304e-02
 -2.01549987e+00 -1.68168844e-02
 -2.03058424e+00 -1.47780393e-02
 -2.02825834e+00 -1.27893528e-02
 -1.95984097e+00 -1.08439187e-02
 -1.96677742e+00 -8.93520251e-03
 -1.96198173e+00 -7.05698373e-03
 -2.03341910e+00 -5.20330239e-03
 -2.02087582e+00 -3.36841007e-03
 -2.01984269e+00 -1.54672398e-03
 -1.96804884e+00 2.67216373e-04
 -1.97666955e+00 2.07879062e-03
 -1.91847107e+00 3.89333767e-03
 -1.97588979e+00 5.71619506e-03
 -2.01258493e+00 7.55273814e-03
 -1.92595446e+00 9.40841960e-03
 -2.00786170e+00 1.12888098e-02
 -2.02782698e+00 1.31996388e-02
 -2.03531475e+00 1.51468400e-02
 -1.99848354e+00 1.71365965e-02
 -1.98153596e+00 1.91753916e-02
 -2.04324521e+00 2.12700620e-02
 -2.03471174e+00 2.34278574e-02
 -2.05062882e+00 2.56565048e-02
 -2.02998018e+00 2.79642810e-02
 -2.08887109e+00 3.03600924e-02
 -2.01701809e+00 3.28535654e-02
 -2.24772544e+00 3.54551476e-02
 -2.16095769e+00 3.81762241e-02
 -2.17435968e+00 4.10292477e-02
 -2.31579156e+00 4.40278903e-02
 -2.20621638e+00 4.71872152e-02
 -2.22621158e+00 5.05238769e-02
 -2.29246472e+00 5.40563522e-02
 -2.30643814e+00 5.78052093e-02
 -2.36487119e+00 6.17934218e-02
 -2.46024870e+00 6.60467376e-02
 -2.48317863e+00 7.05941127e-02
 -2.45006256e+00 7.54682249e-02
 -2.51740176e+00 8.07060835e-02
 -2.57498358e+00 8.63497573e-02
 -2.64214441e+00 9.24472474e-02
 -2.65762543e+00 9.90535391e-02
 -2.64424179e+00 1.06231876e-01
 -2.80533998e+00 1.14055312e-01
 -2.86591488e+00 1.22608612e-01
 -2.90520722e+00 1.31990593e-01
 -2.96086164e+00 1.42317033e-01
 -3.10916038e+00 1.53724299e-01
 -3.18444122e+00 1.66373912e-01
 -3.19029654e+00 1.80458333e-01
 -3.39191389e+00 1.96208366e-01
 -3.41739389e+00 2.13902697e-01
 -3.62857869e+00 2.33880317e-01
 -3.70002128e+00 2.56556866e-01
 -3.86181694e+00 2.82446364e-01
 -4.01112932e+00 3.12190470e-01
 -4.25720967e+00 3.46598371e-01
 -4.39203608e+00 3.86701964e-01
 -4.57212035e+00 4.33833354e-01
 -4.83717962e+00 4.89735601e-01
 -5.18964747e+00 5.56723944e-01
 -5.52711209e+00 6.37925454e-01
 -5.84512853e+00 7.37643616e-01
 -6.31631165e+00 8.61927504e-01
 -6.81889654e+00 1.01948659e+00
 -7.33604102e+00 1.22321032e+00
 -8.07913214e+00 1.49278830e+00
 -8.86959429e+00 1.85942484e+00
 -9.90449573e+00 2.37474371e+00
 -1.12287448e+01 3.12855437e+00
 -1.29711361e+01 4.28648792e+00
 -1.50431269e+01 6.17456254e+00
 -1.76656127e+01 9.47549851e+00
 -2.02226381e+01 1.56358116e+01
 -1.98572723e+01 2.69160249e+01
 -7.30173267e+00 3.98798617e+01
 1.32400412e+01 3.61200636e+01
 2.01194891e+01 2.22440152e+01
 1.88815640e+01 1.30088992e+01
 1.60406217e+01 8.10221140e+00
 1.36062012e+01 5.41659921e+00
 1.16790056e+01 3.83925022e+00
 1.02274608e+01 2.84904318e+00
 9.01620037e+00 2.19186983e+00
 8.01100461e+00 1.73545808e+00
 7.32359923e+00 1.40647134e+00
 6.61189722e+00 1.16193198e+00
 6.00933463e+00 9.75428123e-01
 5.59506249e+00 8.30055761e-01
 5.25330626e+00 7.14612610e-01
 4.81965516e+00 6.21448224e-01
 4.46157818e+00 5.45199320e-01
 4.33206137e+00 4.82018805e-01
 4.06322914e+00 4.29090755e-01
 3.69981570e+00 3.84316646e-01
 3.57348122e+00 3.46107277e-01
 3.42313127e+00 3.13241666e-01
 3.17084475e+00 2.84769432e-01
 3.02745695e+00 2.59942034e-01
 2.94432897e+00 2.38163516e-01
 2.89846186e+00 2.18954712e-01
 2.67326633e+00 2.01926853e-01
 2.66321547e+00 1.86761878e-01
 2.65105104e+00 1.73197562e-01
 2.36343797e+00 1.61016164e-01
 2.38829909e+00 1.50035680e-01
 2.29372837e+00 1.40103030e-01
 2.10195579e+00 1.31088721e-01
 2.10862060e+00 1.22882616e-01
 2.03615845e+00 1.15390563e-01
 2.07416965e+00 1.08531695e-01
 1.88892982e+00 1.02236238e-01
 1.87634358e+00 9.64437360e-02
 1.84453702e+00 9.11015968e-02
 1.80988932e+00 8.61638928e-02
 1.78821598e+00 8.15903734e-02
 1.65781853e+00 7.73456418e-02
 1.60770626e+00 7.33984678e-02
 1.71261740e+00 6.97212121e-02
 1.65711254e+00 6.62893399e-02
 1.44641870e+00 6.30810108e-02
 1.53057727e+00 6.00767294e-02
 1.55039165e+00 5.72590481e-02
 1.45724393e+00 5.46123123e-02
 1.39059666e+00 5.21224423e-02
 1.48947344e+00 4.97767445e-02
 1.43685502e+00 4.75637491e-02
 1.32083428e+00 4.54730689e-02
 1.45938729e+00 4.34952768e-02
 1.32602831e+00 4.16217987e-02
 1.24031492e+00 3.98448201e-02
 1.27156370e+00 3.81572038e-02
 1.25017053e+00 3.65524184e-02
 1.26187486e+00 3.50244740e-02
 1.27814482e+00 3.35678663e-02
 1.27020199e+00 3.21775266e-02
 1.23264940e+00 3.08487777e-02
 1.22274568e+00 2.95772940e-02
 1.13108269e+00 2.83590664e-02
 1.21441558e+00 2.71903700e-02
 1.13996525e+00 2.60677364e-02
 1.10951391e+00 2.49879269e-02
 1.08720538e+00 2.39479096e-02
 1.11145783e+00 2.29448377e-02
 9.95183319e-01 2.19760300e-02
 1.01066631e+00 2.10389526e-02
 1.11804418e+00 2.01312022e-02
 1.11330055e+00 1.92504903e-02
 1.01015488e+00 1.83946284e-02
 1.08497439e+00 1.75615137e-02
 1.04737956e+00 1.67491156e-02
 1.06838215e+00 1.59554622e-02
 9.17094544e-01 1.51786274e-02
 9.50013137e-01 1.44167175e-02
 1.04640246e+00 1.36678582e-02
 1.05925496e+00 1.29301805e-02
 9.40771823e-01 1.22018063e-02
 1.00063054e+00 1.14808334e-02
 9.41296851e-01 1.07653190e-02
 9.95219229e-01 1.00532613e-02
 9.41653426e-01 9.34258028e-03
 9.78587807e-01 8.63109491e-03
 9.68473902e-01 7.91649843e-03
 9.50029470e-01 7.19632945e-03
 1.00350497e+00 6.46793889e-03
 9.82449900e-01 5.72845148e-03
 9.33471989e-01 4.97472063e-03
 9.24956424e-01 4.20327516e-03
 8.85842416e-01 3.41025582e-03
 1.06303247e+00 2.59133939e-03
 9.40746004e-01 1.74164703e-03
 8.13801363e-01 8.55633072e-04
 9.41496386e-01 -7.30510348e-05
 1.01891934e+00 -1.05172411e-03
 9.75945273e-01 -2.08888281e-03
 9.31803736e-01 -3.19446096e-03
 8.88462997e-01 -4.38015584e-03
 8.42641944e-01 -5.65984240e-03
 9.79110211e-01 -7.05010330e-03
 9.00025861e-01 -8.57091376e-03
 8.93487281e-01 -1.02465347e-02
 9.85812453e-01 -1.21066903e-02
 1.03777915e+00 -1.41881376e-02
 9.69008963e-01 -1.65367851e-02
 1.02254335e+00 -1.92105892e-02
 1.00255516e+00 -2.22835738e-02
 9.70025607e-01 -2.58514941e-02
 9.94681776e-01 -3.00399589e-02
 1.03551665e+00 -3.50163016e-02
 9.89903667e-01 -4.10072988e-02
 1.17019877e+00 -4.83262461e-02
 1.17852642e+00 -5.74154263e-02
 1.10861179e+00 -6.89147079e-02
 1.19234262e+00 -8.37760704e-02
 1.21820699e+00 -1.03462064e-01
 1.26923140e+00 -1.30304487e-01
 1.35852518e+00 -1.68183795e-01
 1.41067687e+00 -2.23883702e-01
 1.58596605e+00 -3.09934865e-01
 1.62123519e+00 -4.50815693e-01
 1.83286258e+00 -6.96077910e-01
 1.85949643e+00 -1.13853984e+00
 1.60750866e+00 -1.84788160e+00
 7.11795783e-01 -2.35893442e+00
 -1.71038512e-01 -1.90147216e+00
 -3.92322501e-01 -1.18117539e+00
 -3.97259015e-01 -7.21837415e-01
 -2.89280819e-01 -4.67090242e-01
 -1.13781786e-01 -3.21418749e-01
 1.41014344e-01 -2.32941692e-01
 1.24283846e-01 -1.76019373e-01
 1.85599281e-01 -1.37564725e-01
 2.63491050e-01 -1.10516662e-01
 3.88146714e-01 -9.08487287e-02
 3.42453556e-01 -7.61480857e-02
 3.20436213e-01 -6.49049999e-02
 4.02475601e-01 -5.61388640e-02
 3.13099242e-01 -4.91918192e-02
 4.40705825e-01 -4.36099441e-02
 3.81829328e-01 -3.90722367e-02
 4.80055251e-01 -3.53467286e-02
 4.61769710e-01 -3.22625514e-02
 4.11064085e-01 -2.96916825e-02
 4.37385907e-01 -2.75367315e-02
 4.93003697e-01 -2.57225928e-02
 5.17693555e-01 -2.41906307e-02
 5.46877158e-01 -2.28945581e-02
 5.39790487e-01 -2.17974679e-02
 5.38195283e-01 -2.08696644e-02
 5.41689944e-01 -2.00870586e-02
 5.51267557e-01 -1.94299644e-02
 5.43996297e-01 -1.88821879e-02
 6.62637586e-01 -1.84303287e-02
 6.03937734e-01 -1.80632410e-02
 6.08259563e-01 -1.77716123e-02
 6.73272275e-01 -1.75476331e-02
 6.48983095e-01 -1.73847348e-02
 5.85333660e-01 -1.72773804e-02
 6.48952180e-01 -1.72208969e-02
 6.12464965e-01 -1.72113395e-02
 7.18631282e-01 -1.72453823e-02
 6.68422733e-01 -1.73202278e-02
 7.20789661e-01 -1.74335339e-02
 7.19364983e-01 -1.75833534e-02
 6.68908315e-01 -1.77680844e-02
 7.65945727e-01 -1.79864295e-02
 7.03816214e-01 -1.82373616e-02
 7.28329131e-01 -1.85200964e-02
 6.78101788e-01 -1.88340695e-02
 6.84081214e-01 -1.91789173e-02
 7.48742683e-01 -1.95544626e-02
 6.99312096e-01 -1.99607020e-02
 6.76374047e-01 -2.03977965e-02
 7.81164704e-01 -2.08660647e-02
 7.61186648e-01 -2.13659777e-02
 8.91332741e-01 -2.18981559e-02
 8.20117832e-01 -2.24633677e-02
 8.73108898e-01 -2.30625299e-02
 8.49293725e-01 -2.36967090e-02
 8.03326986e-01 -2.43671251e-02
 7.56353402e-01 -2.50751560e-02
 8.19382010e-01 -2.58223442e-02
 9.55697992e-01 -2.66104040e-02
 9.32141336e-01 -2.74412312e-02
 9.16045938e-01 -2.83169143e-02
 9.35578682e-01 -2.92397470e-02
 9.04416542e-01 -3.02122431e-02
 9.53218413e-01 -3.12371538e-02
 8.70114466e-01 -3.23174863e-02
 1.02007902e+00 -3.34565262e-02
 1.04492289e+00 -3.46578619e-02
 1.13262419e+00 -3.59254124e-02
 1.05735886e+00 -3.72634593e-02
 1.05533934e+00 -3.86766821e-02
 1.01603168e+00 -4.01701986e-02
 1.13980641e+00 -4.17496104e-02
 1.22114270e+00 -4.34210547e-02
 1.12594543e+00 -4.51912631e-02
 1.26871040e+00 -4.70676274e-02
 1.19117470e+00 -4.90582764e-02
 1.23231746e+00 -5.11721614e-02
 1.15901980e+00 -5.34191556e-02
 1.27980235e+00 -5.58101668e-02
 1.36056745e+00 -5.83572678e-02
 1.28161226e+00 -6.10738453e-02
 1.41599641e+00 -6.39747732e-02
 1.40690616e+00 -6.70766125e-02
 1.39829339e+00 -7.03978429e-02
 1.48819083e+00 -7.39591341e-02
 1.55220330e+00 -7.77836614e-02
 1.53563296e+00 -8.18974769e-02
 1.59228345e+00 -8.63299457e-02
 1.60660065e+00 -9.11142625e-02
 1.70398345e+00 -9.62880632e-02
 1.68706559e+00 -1.01894155e-01
 1.77923325e+00 -1.07981388e-01
 1.83392664e+00 -1.14605708e-01
 1.86020972e+00 -1.21831424e-01
 1.98174755e+00 -1.29732747e-01
 1.99286848e+00 -1.38395677e-01
 2.08964108e+00 -1.47920316e-01
 2.06987080e+00 -1.58423724e-01
 2.26989700e+00 -1.70043484e-01
 2.31375217e+00 -1.82942156e-01
 2.45720738e+00 -1.97312915e-01
 2.50071731e+00 -2.13386707e-01
 2.55270528e+00 -2.31441452e-01
 2.75338625e+00 -2.51813949e-01
 2.85415127e+00 -2.74915452e-01
 2.89351772e+00 -3.01252251e-01
 3.07800522e+00 -3.31453189e-01
 3.29368118e+00 -3.66306895e-01
 3.55906734e+00 -4.06812852e-01
 3.69658538e+00 -4.54252465e-01
 3.95852281e+00 -5.10289552e-01
 4.08979085e+00 -5.77114941e-01
 4.46501725e+00 -6.57658585e-01
 4.66314164e+00 -7.55907423e-01
 5.08962625e+00 -8.77393090e-01
 5.56756519e+00 -1.02996023e+00
 6.05686525e+00 -1.22501298e+00
 6.56915407e+00 -1.47960503e+00
 7.21587271e+00 -1.82007568e+00
 8.20510825e+00 -2.28863960e+00
 9.21835020e+00 -2.95587334e+00
 1.04889919e+01 -3.94548102e+00
 1.21436981e+01 -5.48535821e+00
 1.40229672e+01 -8.01337975e+00
 1.59247137e+01 -1.23669922e+01
 1.61759134e+01 -1.98171078e+01
 1.04093695e+01 -2.98030455e+01
 -4.20732156e+00 -3.32168279e+01
 -1.50455148e+01 -2.49412005e+01
 -1.70680295e+01 -1.57457325e+01
 -1.56282208e+01 -9.96515535e+00
 -1.36692530e+01 -6.63891886e+00
 -1.19903876e+01 -4.66493291e+00
 -1.06087958e+01 -3.42931984e+00
 -9.44089201e+00 -2.61511118e+00
 -8.45845339e+00 -2.05421385e+00
 -7.75645105e+00 -1.65310122e+00
 -7.03237127e+00 -1.35711571e+00
 -6.50967615e+00 -1.13284880e+00
 -5.99715299e+00 -9.59054862e-01
 -5.63752096e+00 -8.21747106e-01
 -5.30382947e+00 -7.11434909e-01
 -4.94344842e+00 -6.21505645e-01
 -4.76264836e+00 -5.47243279e-01
 -4.47238560e+00 -4.85214279e-01
 -4.31367614e+00 -4.32872525e-01
 -4.05808848e+00 -3.88298680e-01
 -3.87783093e+00 -3.50024361e-01
 -3.77174829e+00 -3.16911092e-01
 -3.47900282e+00 -2.88065419e-01
 -3.45014535e+00 -2.62778392e-01
 -3.41667176e+00 -2.40481747e-01
 -3.28863221e+00 -2.20715742e-01
 -3.24871368e+00 -2.03105229e-01
 -3.09891391e+00 -1.87341660e-01
 -3.04471406e+00 -1.73169388e-01
 -2.89536496e+00 -1.60375147e-01
 -2.94939896e+00 -1.48779881e-01
 -2.78710579e+00 -1.38232357e-01
 -2.69753402e+00 -1.28604123e-01
 -2.67424048e+00 -1.19785492e-01
 -2.52891391e+00 -1.11682334e-01
 -2.48054073e+00 -1.04213484e-01
 -2.47708091e+00 -9.73086392e-02
 -2.52787058e+00 -9.09066400e-02
 -2.40335336e+00 -8.49540617e-02
 -2.30148903e+00 -7.94040487e-02
 -2.25761575e+00 -7.42153476e-02
 -2.22615774e+00 -6.93515009e-02
 -2.32101014e+00 -6.47801706e-02
 -2.31527179e+00 -6.04725684e-02
 -2.28950352e+00 -5.64029747e-02
 -2.18986341e+00 -5.25483290e-02
 -2.19716785e+00 -4.88878807e-02
 -2.12248627e+00 -4.54028902e-02
 -2.08001263e+00 -4.20763716e-02
 -2.09367526e+00 -3.88928701e-02
 -2.13984152e+00 -3.58382693e-02
 -2.09788205e+00 -3.28996233e-02
 -2.05414885e+00 -3.00650092e-02
 -2.03910050e+00 -2.73233978e-02
 -2.00326888e+00 -2.46645392e-02
 -2.08037876e+00 -2.20788609e-02
 -2.02135864e+00 -1.95573769e-02
 -1.93566303e+00 -1.70916055e-02
 -1.91466992e+00 -1.46734951e-02
 -2.03139826e+00 -1.22953561e-02
 -2.06981545e+00 -9.94979802e-03
 -1.97560313e+00 -7.62967091e-03
 -2.02126778e+00 -5.32801035e-03
 -2.02504517e+00 -3.03798470e-03
 -2.00807730e+00 -7.52844379e-04
 -1.95599168e+00 1.53412784e-03
 -2.05077488e+00 3.82966606e-03
 -2.08919193e+00 6.14057075e-03
 -1.97959547e+00 8.47375915e-03
 -1.97326574e+00 1.08363173e-02
 -2.02610720e+00 1.32355545e-02
 -1.99262470e+00 1.56790606e-02
 -1.92840604e+00 1.81747681e-02
 -2.10864214e+00 2.07310180e-02
 -2.07095873e+00 2.33566327e-02
 -1.98404697e+00 2.60609960e-02
 -2.11589716e+00 2.88541410e-02
 -2.11204830e+00 3.17468492e-02
 -2.05618315e+00 3.47507615e-02
 -2.06011419e+00 3.78785027e-02
 -2.03116670e+00 4.11438242e-02
 -2.13433128e+00 4.45617661e-02
 -2.17488848e+00 4.81488427e-02
 -2.16273791e+00 5.19232569e-02
 -2.22228810e+00 5.59051476e-02
 -2.21823099e+00 6.01168765e-02
 -2.28416635e+00 6.45833640e-02
 -2.30081972e+00 6.93324809e-02
 -2.38549514e+00 7.43955099e-02
 -2.37797381e+00 7.98076904e-02
 -2.43217883e+00 8.56088648e-02
 -2.51855109e+00 9.18442485e-02
 -2.45418155e+00 9.85653515e-02
 -2.49275377e+00 1.05831088e-01
 -2.53647824e+00 1.13709117e-01
 -2.55440424e+00 1.22277475e-01
 -2.64230077e+00 1.31626566e-01
 -2.83230356e+00 1.41861619e-01
 -2.94172956e+00 1.53105719e-01
 -2.92395671e+00 1.65503595e-01
 -2.88026754e+00 1.79226365e-01
 -3.01955735e+00 1.94477536e-01
 -3.09775405e+00 2.11500663e-01
 -3.24679759e+00 2.30589184e-01
 -3.31877406e+00 2.52099186e-01
 -3.33387796e+00 2.76466134e-01
 -3.53680839e+00 3.04227040e-01
 -3.74515907e+00 3.36050147e-01
 -3.89760009e+00 3.72775223e-01
 -4.07340519e+00 4.15468958e-01
 -4.24312594e+00 4.65502291e-01
 -4.44394583e+00 5.24660080e-01
 -4.71766623e+00 5.95299424e-01
 -5.07387660e+00 6.80582728e-01
 -5.33748597e+00 7.84828219e-01
 -5.65655595e+00 9.14049826e-01
 -6.12119998e+00 1.07681097e+00
 -6.55865235e+00 1.28561507e+00
 -7.12760046e+00 1.55924537e+00
 -7.90543204e+00 1.92684658e+00
 -8.71831981e+00 2.43532973e+00
 -9.70540615e+00 3.16336481e+00
 -1.10054061e+01 4.24883524e+00
 -1.24321704e+01 5.94377810e+00
 -1.40332159e+01 8.71903747e+00
 -1.53404919e+01 1.33980702e+01
 -1.43861695e+01 2.08208380e+01
 -6.69829662e+00 2.87148603e+01
 6.10426223e+00 2.85728342e+01
 1.36161741e+01 2.06056999e+01
 1.45984210e+01 1.32603175e+01
 1.32494031e+01 8.64698951e+00
 1.15527734e+01 5.90870490e+00
 1.00631254e+01 4.23346169e+00
 8.84269131e+00 3.15871038e+00
 7.89962592e+00 2.43672989e+00
 6.95690950e+00 1.93179986e+00
 6.26494155e+00 1.56635997e+00
 5.66993469e+00 1.29409036e+00
 5.35453340e+00 1.08617374e+00
 4.90906311e+00 9.24014803e-01
 4.48472958e+00 7.95221472e-01
 4.17666895e+00 6.91298096e-01
 3.95759289e+00 6.06272976e-01
 3.67263486e+00 5.35854712e-01
 3.44043879e+00 4.76898223e-01
 3.23000023e+00 4.27057744e-01
 3.11535712e+00 3.84555914e-01
 2.84526996e+00 3.48026799e-01
 2.84514458e+00 3.16407069e-01
 2.64472818e+00 2.88859228e-01
 2.53177708e+00 2.64716583e-01
 2.41085324e+00 2.43443189e-01
 2.31020450e+00 2.24604327e-01
 2.18351833e+00 2.07844446e-01
 2.21694844e+00 1.92870515e-01
 2.07722019e+00 1.79439306e-01
 2.07701267e+00 1.67347592e-01
 1.87229394e+00 1.56424523e-01
 1.80994334e+00 1.46525638e-01
 1.69733852e+00 1.37528132e-01
 1.71749873e+00 1.29327084e-01
 1.57210306e+00 1.21832425e-01
 1.52098335e+00 1.14966494e-01
 1.55184163e+00 1.08662045e-01
 1.53939010e+00 1.02860624e-01
 1.36758514e+00 9.75112259e-02
 1.37595879e+00 9.25691902e-02
 1.35652478e+00 8.79952827e-02
 1.30949860e+00 8.37549270e-02
 1.28711856e+00 7.98175611e-02
 1.26341929e+00 7.61560956e-02
 1.28723314e+00 7.27464560e-02
 1.17957097e+00 6.95671932e-02
 1.18074244e+00 6.65991528e-02
 1.16691447e+00 6.38251918e-02
 1.14431206e+00 6.12299358e-02
 1.01570727e+00 5.87995705e-02
 1.04908718e+00 5.65216610e-02
 1.04495089e+00 5.43849962e-02
 1.05899194e+00 5.23794541e-02
 9.85867912e-01 5.04958836e-02
 9.76964770e-01 4.87260025e-02
 9.18385890e-01 4.70623082e-02
 9.16769497e-01 4.54979997e-02
 8.71522406e-01 4.40269091e-02
 8.90977141e-01 4.26434416e-02
 9.17160677e-01 4.13425235e-02
 8.26255517e-01 4.01195555e-02
 8.90631019e-01 3.89703731e-02
 8.52343742e-01 3.78912107e-02
 9.37343703e-01 3.68786711e-02
 7.99471712e-01 3.59296989e-02
 8.68533671e-01 3.50415568e-02
 7.65659009e-01 3.42118063e-02
 7.56306999e-01 3.34382907e-02
 8.62000727e-01 3.27191210e-02
 7.96438155e-01 3.20526646e-02
 6.65769991e-01 3.14375363e-02
 6.90304371e-01 3.08725923e-02
 6.65262818e-01 3.03569255e-02
 7.37769396e-01 2.98898646e-02
 6.71226564e-01 2.94709745e-02
 6.14740472e-01 2.91000598e-02
 6.50632718e-01 2.87771706e-02
 6.34892278e-01 2.85026118e-02
 5.98099465e-01 2.82769551e-02
 5.79948949e-01 2.81010543e-02
 5.37901130e-01 2.79760649e-02
 5.65771508e-01 2.79034678e-02
 5.61854053e-01 2.78850985e-02
 5.81573920e-01 2.79231814e-02
 6.01681063e-01 2.80203718e-02
 5.22976516e-01 2.81798048e-02
 4.45306591e-01 2.84051550e-02
 3.79959531e-01 2.87007060e-02
 5.36759811e-01 2.90714346e-02
 4.67678293e-01 2.95231102e-02
 5.00822451e-01 3.00624143e-02
 4.70206433e-01 3.06970841e-02
 4.88074300e-01 3.14360846e-02
 3.79957329e-01 3.22898173e-02
 3.73622277e-01 3.32703734e-02
 3.74945601e-01 3.43918428e-02
 3.89152024e-01 3.56706925e-02
 3.10898471e-01 3.71262340e-02
 2.93523410e-01 3.87812031e-02
 2.59704758e-01 4.06624831e-02
 2.86677944e-01 4.28020158e-02
 2.37724748e-01 4.52379545e-02
 1.97972766e-01 4.80161376e-02
 2.39086511e-01 5.11919866e-02
 2.64433573e-01 5.48329748e-02
 2.32295382e-01 5.90218687e-02
 1.58723729e-01 6.38610322e-02
 1.07929582e-01 6.94782074e-02
 9.36021039e-02 7.60343766e-02
 4.27824654e-02 8.37346038e-02
 8.47897829e-02 9.28432079e-02
 4.78614452e-03 1.03705347e-01
 -4.51618279e-02 1.16778279e-01
 -1.63169808e-01 1.32677520e-01
 -6.50436212e-02 1.52246519e-01
 -1.93346921e-01 1.76664332e-01
 -2.95776109e-01 2.07616500e-01
 -4.57270842e-01 2.47574257e-01
 -5.22711256e-01 3.00265601e-01
 -6.66078159e-01 3.71498258e-01
 -7.44706091e-01 4.70651016e-01
 -9.14365305e-01 6.13473946e-01
 -1.15646582e+00 8.27484770e-01
 -1.41729248e+00 1.16227537e+00
 -1.72529647e+00 1.70656904e+00
 -1.74570419e+00 2.59527167e+00
 -1.41982254e+00 3.87018977e+00
 2.36189012e-01 4.87572006e+00
 2.14138294e+00 4.43711701e+00
 3.10192129e+00 3.13313731e+00
 3.16486795e+00 2.05530757e+00
 2.87298990e+00 1.37419940e+00
 2.64824143e+00 9.58764273e-01
 2.43104765e+00 6.97781652e-01
 2.25969550e+00 5.26610632e-01
 2.06232831e+00 4.09539465e-01
 2.00968678e+00 3.26442937e-01
 1.90376634e+00 2.65546064e-01
 1.71367310e+00 2.19679190e-01
 1.64611627e+00 1.84309916e-01
 1.59332973e+00 1.56474322e-01
 1.49821278e+00 1.34174899e-01
 1.50163301e+00 1.16029017e-01
 1.49452327e+00 1.01056734e-01
 1.24397686e+00 8.85487326e-02
 1.33112222e+00 7.79818441e-02
 1.33854184e+00 6.89636308e-02
 1.29034618e+00 6.11952115e-02
 1.30982468e+00 5.44458024e-02
 1.19739763e+00 4.85349565e-02
 1.17755470e+00 4.33199603e-02
 1.15829604e+00 3.86867514e-02
 1.19195772e+00 3.45432779e-02
 1.29226718e+00 3.08145816e-02
 1.24261507e+00 2.74391108e-02
 1.19168090e+00 2.43659255e-02
 1.15024170e+00 2.15525568e-02
 1.17728733e+00 1.89633504e-02
 1.19322163e+00 1.65681750e-02
 1.17587933e+00 1.43414044e-02
 1.13398404e+00 1.22611106e-02
 1.04582364e+00 1.03084185e-02
 1.11493865e+00 8.46698662e-03
 1.12991088e+00 6.72258575e-03
 1.13971348e+00 5.06275557e-03
 1.18080524e+00 3.47652259e-03
 1.23509286e+00 1.95416722e-03
 1.14579238e+00 4.87030195e-04
 1.14205356e+00 -9.32649119e-04
 1.13805757e+00 -2.31186870e-03
 1.23380691e+00 -3.65697879e-03
 1.17760618e+00 -4.97377969e-03
 1.07411266e+00 -6.26760544e-03
 1.12639381e+00 -7.54339589e-03
 1.11060537e+00 -8.80575923e-03
 1.10959139e+00 -1.00590267e-02
 1.14986769e+00 -1.13073006e-02
 1.08422010e+00 -1.25544974e-02
 1.18548506e+00 -1.38043858e-02
 1.18073774e+00 -1.50606215e-02
 1.25043535e+00 -1.63267798e-02
 1.14777990e+00 -1.76063844e-02
 1.14527938e+00 -1.89029358e-02
 1.22055224e+00 -2.02199380e-02
 1.20956628e+00 -2.15609237e-02
 1.21573539e+00 -2.29294801e-02
 1.24699174e+00 -2.43292737e-02
 1.18433433e+00 -2.57640757e-02
 1.21447282e+00 -2.72377879e-02
 1.20968907e+00 -2.87544692e-02
 1.24675034e+00 -3.03183643e-02
 1.21923442e+00 -3.19339326e-02
 1.33530132e+00 -3.36058801e-02
 1.23933783e+00 -3.53391938e-02
 1.36966600e+00 -3.71391779e-02
 1.34021579e+00 -3.90114948e-02
 1.33387815e+00 -4.09622090e-02
 1.43471061e+00 -4.29978358e-02
 1.39714428e+00 -4.51253962e-02
 1.40638489e+00 -4.73524765e-02
 1.39507828e+00 -4.96872962e-02
 1.39461110e+00 -5.21387838e-02
 1.48363316e+00 -5.47166624e-02
 1.53688676e+00 -5.74315458e-02
 1.48699326e+00 -6.02950483e-02
 1.57626217e+00 -6.33199092e-02
 1.55768229e+00 -6.65201346e-02
 1.53340697e+00 -6.99111601e-02
 1.70814996e+00 -7.35100375e-02
 1.68168206e+00 -7.73356495e-02
 1.68203653e+00 -8.14089577e-02
 1.77554733e+00 -8.57532906e-02
 1.69179619e+00 -9.03946777e-02
 1.76424364e+00 -9.53622401e-02
 1.84938116e+00 -1.00688647e-01
 1.76278884e+00 -1.06410653e-01
 1.94900809e+00 -1.12569730e-01
 1.96981480e+00 -1.19212823e-01
 2.00703991e+00 -1.26393237e-01
 2.11334325e+00 -1.34171705e-01
 2.16379482e+00 -1.42617672e-01
 2.18830656e+00 -1.51810838e-01
 2.19863190e+00 -1.61843032e-01
 2.23376223e+00 -1.72820493e-01
 2.47391096e+00 -1.84866674e-01
 2.46118465e+00 -1.98125691e-01
 2.55471024e+00 -2.12766616e-01
 2.65588662e+00 -2.28988829e-01
 2.79845661e+00 -2.47028767e-01
 2.86167282e+00 -2.67168482e-01
 3.00486039e+00 -2.89746587e-01
 3.12654267e+00 -3.15172376e-01
 3.22137033e+00 -3.43944230e-01
 3.47413411e+00 -3.76673824e-01
 3.51739165e+00 -4.14118332e-01
 3.72725487e+00 -4.57223782e-01
 3.79035513e+00 -5.07184160e-01
 4.11179204e+00 -5.65523106e-01
 4.23934860e+00 -6.34208562e-01
 4.61716573e+00 -7.15816325e-01
 4.84725608e+00 -8.13767594e-01
 5.19780032e+00 -9.32680876e-01
 5.59007215e+00 -1.07890473e+00
 6.00378615e+00 -1.26134376e+00
 6.52050944e+00 -1.49277341e+00
 7.16521394e+00 -1.79199382e+00
 7.86731055e+00 -2.18747004e+00
 8.72187568e+00 -2.72369145e+00
 9.63564331e+00 -3.47265469e+00
 1.08124167e+01 -4.55519110e+00
 1.23670852e+01 -6.18095558e+00
 1.39257541e+01 -8.71950838e+00
 1.52420449e+01 -1.27910372e+01
 1.50861727e+01 -1.91448716e+01
 1.04344670e+01 -2.71619246e+01
 -5.67717075e-01 -3.13418861e+01
 -1.13247220e+01 -2.66748715e+01
 -1.55572181e+01 -1.86719119e+01
 -1.55596264e+01 -1.24825999e+01
 -1.42301526e+01 -8.53503409e+00
 -1.25833208e+01 -6.07040381e+00
 -1.13283739e+01 -4.48733950e+00
 -1.00442364e+01 -3.42994354e+00
 -9.02278191e+00 -2.69624413e+00
 -8.25389717e+00 -2.16957374e+00
 -7.48046538e+00 -1.78022848e+00
 -6.98690988e+00 -1.48502110e+00
 -6.41148555e+00 -1.25625151e+00
 -6.10329881e+00 -1.07558395e+00
 -5.70953618e+00 -9.30533476e-01
 -5.31604903e+00 -8.12382178e-01
 -5.01645814e+00 -7.14904456e-01
 -4.69839307e+00 -6.33564524e-01
 -4.51147579e+00 -5.64997909e-01
 -4.28125671e+00 -5.06668368e-01
 -4.15322289e+00 -4.56635947e-01
 -3.98060426e+00 -4.13397066e-01
 -3.70678752e+00 -3.75772275e-01
 -3.64217984e+00 -3.42826172e-01
 -3.56317000e+00 -3.13809405e-01
 -3.38754560e+00 -2.88116091e-01
 -3.30872194e+00 -2.65252150e-01
 -3.28550927e+00 -2.44811474e-01
 -3.13946900e+00 -2.26457809e-01
 -3.02950462e+00 -2.09910833e-01
 -2.86782963e+00 -1.94935357e-01
 -2.91850028e+00 -1.81332875e-01
 -2.84034602e+00 -1.68934902e-01
 -2.80403705e+00 -1.57597680e-01
 -2.73040122e+00 -1.47197932e-01
 -2.54214258e+00 -1.37629445e-01
 -2.60897148e+00 -1.28800300e-01
 -2.50344185e+00 -1.20630605e-01
 -2.44423137e+00 -1.13050638e-01
 -2.43450277e+00 -1.05999315e-01
 -2.44575932e+00 -9.94229163e-02
 -2.32706695e+00 -9.32740243e-02
 -2.37708118e+00 -8.75106385e-02
 -2.32945630e+00 -8.20954254e-02
 -2.28763985e+00 -7.69950870e-02
 -2.25339020e+00 -7.21798247e-02
 -2.18301935e+00 -6.76228821e-02
 -2.18143009e+00 -6.33001536e-02
 -2.12613420e+00 -5.91898481e-02
 -2.15678399e+00 -5.52721997e-02
 -2.09943410e+00 -5.15292160e-02
 -2.03836825e+00 -4.79444602e-02
 -2.05732834e+00 -4.45028603e-02
 -2.01355407e+00 -4.11905416e-02
 -2.16947341e+00 -3.79946802e-02
 -2.04097625e+00 -3.49033719e-02
 -1.95202124e+00 -3.19055168e-02
 -1.95757506e+00 -2.89907147e-02
 -1.94505018e+00 -2.61491727e-02
 -1.93982513e+00 -2.33716193e-02
 -1.97453038e+00 -2.06492277e-02
 -2.01247569e+00 -1.79735440e-02
 -2.02376831e+00 -1.53364211e-02
 -1.89959863e+00 -1.27299560e-02
 -1.93229303e+00 -1.01464304e-02
 -1.98697766e+00 -7.57825402e-03
 -1.78486851e+00 -5.01790855e-03
 -1.92969136e+00 -2.45789300e-03
 -1.93423361e+00 1.09331361e-04
 -1.90497272e+00 2.69139672e-03
 -1.88610789e+00 5.29608606e-03
 -1.92528266e+00 7.93139285e-03
 -1.92539848e+00 1.06055840e-02
 -2.00240680e+00 1.33272672e-02
 -1.88938074e+00 1.61054628e-02
 -1.97111732e+00 1.89496836e-02
 -1.89825735e+00 2.18700204e-02
 -1.94989804e+00 2.48772388e-02
 -1.97669456e+00 2.79828859e-02
 -2.02501318e+00 3.11994102e-02
 -2.02713470e+00 3.45402979e-02
 -2.11223996e+00 3.80202271e-02
 -2.00145785e+00 4.16552436e-02
 -2.05826532e+00 4.54629638e-02
 -2.00695027e+00 4.94628074e-02
 -2.02814172e+00 5.36762677e-02
 -2.08499829e+00 5.81272261e-02
 -2.14942763e+00 6.28423186e-02
 -2.10881529e+00 6.78513677e-02
 -2.24472944e+00 7.31878893e-02
 -2.15767345e+00 7.88896945e-02
 -2.17325149e+00 8.49996048e-02
 -2.25202961e+00 9.15663064e-02
 -2.32784706e+00 9.86453763e-02
 -2.37705325e+00 1.06300521e-01
 -2.40066540e+00 1.14605078e-01
 -2.51415172e+00 1.23643851e-01
 -2.52507475e+00 1.33515357e-01
 -2.51522334e+00 1.44334607e-01
 -2.68415062e+00 1.56236555e-01
 -2.58002296e+00 1.69380421e-01
 -2.73125232e+00 1.83955137e-01
 -2.89041026e+00 2.00186267e-01
 -2.90046248e+00 2.18344873e-01
 -3.00927374e+00 2.38758974e-01
 -3.06218928e+00 2.61828503e-01
 -3.13534816e+00 2.88045021e-01
 -3.32735039e+00 3.18018000e-01
 -3.46428240e+00 3.52510280e-01
 -3.62780620e+00 3.92486515e-01
 -3.69238790e+00 4.39180310e-01
 -3.87834225e+00 4.94188670e-01
 -4.03490501e+00 5.59607105e-01
 -4.34764323e+00 6.38226412e-01
 -4.59292288e+00 7.33825026e-01
 -4.99109007e+00 8.51612897e-01
 -5.01351960e+00 9.98921633e-01
 -5.62459094e+00 1.18630580e+00
 -5.96221013e+00 1.42935049e+00
 -6.59169789e+00 1.75172838e+00
 -7.03862653e+00 2.19053085e+00
 -7.90644204e+00 2.80583158e+00
 -8.76968778e+00 3.69815626e+00
 -9.72384241e+00 5.03993992e+00
 -1.08069356e+01 7.12545908e+00
 -1.14934167e+01 1.04042912e+01
 -1.07643864e+01 1.52260436e+01
 -6.20954641e+00 2.04126503e+01
 1.89801006e+00 2.17282858e+01
 8.32003273e+00 1.76176054e+01
 1.04035222e+01 1.23155972e+01
 1.02425806e+01 8.37981813e+00
 9.26431458e+00 5.84178949e+00
 8.17008525e+00 4.22382800e+00
 7.23741986e+00 3.16385178e+00
 6.45078599e+00 2.44402671e+00
 5.69351267e+00 1.93779070e+00
 5.24883324e+00 1.57041827e+00
 4.77770685e+00 1.29641784e+00
 4.26226560e+00 1.08715488e+00
 3.86947531e+00 9.24017827e-01
 3.55524857e+00 7.94547870e-01
 3.28275796e+00 6.90180179e-01
 3.11787156e+00 6.04884811e-01
 2.87343540e+00 5.34324922e-01
 2.66307239e+00 4.75321132e-01
 2.65486451e+00 4.25502204e-01
 2.44169274e+00 3.83071990e-01
 2.33119130e+00 3.46650746e-01
 2.14255965e+00 3.15165001e-01
 2.10935399e+00 2.87769826e-01
 2.03971254e+00 2.63793072e-01
 1.86545834e+00 2.42694813e-01
 1.73935683e+00 2.24037427e-01
 1.66752478e+00 2.07463271e-01
 1.64228555e+00 1.92677815e-01
 1.53754784e+00 1.79436783e-01
 1.40439631e+00 1.67536237e-01
 1.33415747e+00 1.56804864e-01
 1.45806660e+00 1.47097934e-01
 1.40153478e+00 1.38292517e-01
 1.23547970e+00 1.30283674e-01
 1.31726464e+00 1.22981405e-01
 1.20665347e+00 1.16308177e-01
 1.12884046e+00 1.10196925e-01
 1.11993989e+00 1.04589412e-01
 1.03887427e+00 9.94348800e-02
 1.03785910e+00 9.46889422e-02
 1.08089185e+00 9.03126555e-02
 9.08802587e-01 8.62717521e-02
 8.04804763e-01 8.25359936e-02
 8.70673449e-01 7.90786279e-02
 7.86521857e-01 7.58759304e-02
 8.70809953e-01 7.29068153e-02
 7.57589951e-01 7.01525046e-02
 7.59321861e-01 6.75962453e-02
 7.10266326e-01 6.52230682e-02
 6.87798776e-01 6.30195798e-02
 6.96170332e-01 6.09737838e-02
 5.83997263e-01 5.90749267e-02
 6.74140559e-01 5.73133648e-02
 6.26807800e-01 5.56804487e-02
 5.80742251e-01 5.41684232e-02
 6.12456530e-01 5.27703406e-02
 5.04270444e-01 5.14799855e-02
 5.47504516e-01 5.02918093e-02
 5.68184106e-01 4.92008739e-02
 5.18752486e-01 4.82028030e-02
 5.01261687e-01 4.72937399e-02
 4.86115102e-01 4.64703116e-02
 4.57140357e-01 4.57295989e-02
 5.10499487e-01 4.50691106e-02
 3.94467111e-01 4.44867631e-02
 3.96573601e-01 4.39808637e-02
 3.55311583e-01 4.35500982e-02
 4.08594911e-01 4.31935227e-02
 2.75802913e-01 4.29105582e-02
 2.90370254e-01 4.27009902e-02
 3.27229567e-01 4.25649707e-02
 3.18909316e-01 4.25030256e-02
 3.62959590e-01 4.25160645e-02
 2.84562464e-01 4.26053957e-02
 3.29478120e-01 4.27727461e-02
 1.81970289e-01 4.30202848e-02
 1.96397722e-01 4.33506538e-02
 1.68101177e-01 4.37670034e-02
 1.93614543e-01 4.42730360e-02
 2.63452677e-01 4.48730563e-02
 1.33084414e-01 4.55720322e-02
 1.08254850e-01 4.63756648e-02
 6.96858540e-02 4.72904713e-02
 1.55404821e-01 4.83238827e-02
 6.20500032e-02 4.94843568e-02
 1.08458853e-01 5.07815130e-02
 -4.02724034e-04 5.22262890e-02
 2.89190091e-02 5.38311265e-02
 2.23006348e-02 5.56101910e-02
 6.83306322e-02 5.75796315e-02
 1.84629951e-03 5.97578905e-02
 -1.01473409e-01 6.21660731e-02
 -6.26152305e-02 6.48283907e-02
 -1.27445881e-01 6.77726945e-02
 -1.06954790e-01 7.10311218e-02
 -1.23416602e-01 7.46408810e-02
 -1.94184809e-01 7.86452122e-02
 -2.36014445e-01 8.30945678e-02
 -2.60187098e-01 8.80480729e-02
 -1.96983514e-01 9.35753441e-02
 -4.33958893e-01 9.97587685e-02
 -4.24939997e-01 1.06696383e-01
 -3.48539018e-01 1.14505536e-01
 -3.95813783e-01 1.23327592e-01
 -4.53753854e-01 1.33334020e-01
 -5.91475492e-01 1.44734351e-01
 -6.76026043e-01 1.57786696e-01
 -6.83390458e-01 1.72811797e-01
 -6.41293581e-01 1.90212009e-01
 -7.67924681e-01 2.10497317e-01
 -8.60005159e-01 2.34321458e-01
 -1.00966939e+00 2.62532872e-01
 -1.03032172e+00 2.96247776e-01
 -1.14366878e+00 3.36956875e-01
 -1.30146784e+00 3.86684326e-01
 -1.40240708e+00 4.48229723e-01
 -1.59733312e+00 5.25545268e-01
 -1.86331918e+00 6.24338823e-01
 -2.13700080e+00 7.53064832e-01
 -2.31178796e+00 9.24599257e-01
 -2.53473966e+00 1.15914945e+00
 -2.95799498e+00 1.48942134e+00
 -3.42520922e+00 1.96983385e+00
 -3.86256574e+00 2.69215512e+00
 -4.28880440e+00 3.80598676e+00
 -4.50345535e+00 5.50982262e+00
 -3.59535043e+00 7.83389096e+00
 -1.03325077e+00 9.88461091e+00
 2.59410957e+00 9.80303908e+00
 5.14704414e+00 7.68297813e+00
 5.72294820e+00 5.38735726e+00
 5.57344745e+00 3.72532475e+00
 5.11000022e+00 2.64078854e+00
 4.71736678e+00 1.93622253e+00
 4.28665629e+00 1.46628162e+00
 3.95661194e+00 1.14220163e+00
 3.53354466e+00 9.11325231e-01
 3.37673470e+00 7.41947710e-01
 3.15890599e+00 6.14437235e-01
 2.98854797e+00 5.16256980e-01
 2.76402264e+00 4.39158049e-01
 2.57618361e+00 3.77560641e-01
 2.51926706e+00 3.27594412e-01
 2.42562965e+00 2.86513298e-01
 2.30263945e+00 2.52328861e-01
 2.21057136e+00 2.23574639e-01
 2.11917039e+00 1.99151100e-01
 2.14992085e+00 1.78221409e-01
 2.00929289e+00 1.60139954e-01
 1.93347625e+00 1.44402455e-01
 1.98170339e+00 1.30610538e-01
 1.76747698e+00 1.18446209e-01
 1.86105382e+00 1.07653198e-01
 1.77546596e+00 9.80231429e-02
 1.80708328e+00 8.93852369e-02
 1.79663388e+00 8.15983889e-02
 1.68754282e+00 7.45452171e-02
 1.61152632e+00 6.81274099e-02
 1.73835078e+00 6.22621064e-02
 1.69469887e+00 5.68790511e-02
 1.64079542e+00 5.19183377e-02
 1.69230720e+00 4.73286079e-02
 1.53031829e+00 4.30656027e-02
 1.57193674e+00 3.90909900e-02
 1.47424888e+00 3.53714092e-02
 1.49943552e+00 3.18776885e-02
 1.58385578e+00 2.85841999e-02
 1.53500898e+00 2.54683247e-02
 1.54958818e+00 2.25100076e-02
 1.52871834e+00 1.96913841e-02
 1.53719568e+00 1.69964666e-02
 1.55494103e+00 1.44108784e-02
 1.52087529e+00 1.19216284e-02
 1.52174666e+00 9.51691784e-03
 1.47465843e+00 7.18597463e-03
 1.49103485e+00 4.91891051e-03
 1.46661917e+00 2.70659664e-03
 1.46384074e+00 5.40555184e-04
 1.51867420e+00 -1.58713609e-03
 1.58030956e+00 -3.68392817e-03
 1.48332475e+00 -5.75687611e-03
 1.47837672e+00 -7.81270665e-03
 1.59384216e+00 -9.85787961e-03
 1.55134506e+00 -1.18986442e-02
 1.52616677e+00 -1.39410910e-02
 1.43946031e+00 -1.59912010e-02
 1.50785674e+00 -1.80548915e-02
 1.53295368e+00 -2.01380612e-02
 1.47073204e+00 -2.22466332e-02
 1.50897737e+00 -2.43865979e-02
 1.50358079e+00 -2.65640560e-02
 1.55382021e+00 -2.87852622e-02
 1.59827998e+00 -3.10566695e-02
 1.51371605e+00 -3.33849767e-02
 1.57763536e+00 -3.57771766e-02
 1.62811903e+00 -3.82406089e-02
 1.57834515e+00 -4.07830159e-02
 1.76775908e+00 -4.34126036e-02
 1.66096202e+00 -4.61381076e-02
 1.74395544e+00 -4.89688662e-02
 1.62413366e+00 -5.19149012e-02
 1.66418330e+00 -5.49870071e-02
 1.70437248e+00 -5.81968514e-02
 1.70517327e+00 -6.15570869e-02
 1.82161939e+00 -6.50814787e-02
 1.77151351e+00 -6.87850472e-02
 1.82262268e+00 -7.26842315e-02
 1.93860646e+00 -7.67970747e-02
 1.97054227e+00 -8.11434371e-02
 1.95926214e+00 -8.57452402e-02
 1.84269516e+00 -9.06267482e-02
 2.03815588e+00 -9.58148930e-02
 1.94353016e+00 -1.01339653e-01
 2.08068425e+00 -1.07234491e-01
 2.05512398e+00 -1.13536869e-01
 2.18897955e+00 -1.20288855e-01
 2.11662990e+00 -1.27537825e-01
 2.13929596e+00 -1.35337310e-01
 2.27670876e+00 -1.43747992e-01
 2.38141834e+00 -1.52838891e-01
 2.43168464e+00 -1.62688791e-01
 2.47666643e+00 -1.73387958e-01
 2.53111660e+00 -1.85040214e-01
 2.57855087e+00 -1.97765462e-01
 2.77231687e+00 -2.11702773e-01
 2.74211250e+00 -2.27014191e-01
 2.80655070e+00 -2.43889433e-01
 2.97768881e+00 -2.62551754e-01
 2.92120355e+00 -2.83265305e-01
 3.13218439e+00 -3.06344439e-01
 3.23134745e+00 -3.32165568e-01
 3.25922354e+00 -3.61182404e-01
 3.56449863e+00 -3.93945728e-01
 3.67107480e+00 -4.31129285e-01
 3.78796597e+00 -4.73564043e-01
 3.98025128e+00 -5.22284059e-01
 4.13162916e+00 -5.78588604e-01
 4.33286082e+00 -6.44127431e-01
 4.52500367e+00 -7.21019489e-01
 4.86282684e+00 -8.12020752e-01
 5.12910488e+00 -9.20765484e-01
 5.37991107e+00 -1.05211947e+00
 5.80552550e+00 -1.21270748e+00
 6.22636503e+00 -1.41171816e+00
 6.74979431e+00 -1.66216096e+00
 7.32881080e+00 -1.98287881e+00
 7.96818691e+00 -2.40185593e+00
 8.78631918e+00 -2.96179797e+00
 9.65948838e+00 -3.72976643e+00
 1.07881851e+01 -4.81403652e+00
 1.20498232e+01 -6.39315237e+00
 1.32831277e+01 -8.76104103e+00
 1.42846409e+01 -1.23670901e+01
 1.41084325e+01 -1.76868189e+01
 1.06407759e+01 -2.42986063e+01
 2.19186581e+00 -2.88293606e+01
 -7.54216939e+00 -2.69369517e+01
 -1.33082816e+01 -2.06357110e+01
 -1.45480735e+01 -1.45568846e+01
 -1.40249159e+01 -1.02206655e+01
 -1.26788298e+01 -7.35780979e+00
 -1.14326447e+01 -5.46669400e+00
 -1.03612770e+01 -4.18551477e+00
 -9.35665597e+00 -3.29024668e+00
 -8.50572617e+00 -2.64549550e+00
 -7.82074846e+00 -2.16829148e+00
 -7.18477018e+00 -1.80645989e+00
 -6.68066952e+00 -1.52623851e+00
 -6.21383043e+00 -1.30516057e+00
 -5.69622127e+00 -1.12788130e+00
 -5.49458575e+00 -9.83668145e-01
 -5.10599249e+00 -8.64851154e-01
 -4.91435424e+00 -7.65841480e-01
 -4.59295424e+00 -6.82494635e-01
 -4.42968777e+00 -6.11688039e-01
 -4.11118695e+00 -5.51034941e-01
 -3.99905356e+00 -4.98686983e-01
 -3.85598526e+00 -4.53195548e-01
 -3.73658390e+00 -4.13412836e-01
 -3.54978130e+00 -3.78420219e-01
 -3.36231838e+00 -3.47475660e-01
 -3.27072693e+00 -3.19974630e-01
 -3.14806385e+00 -2.95420713e-01
 -3.06979232e+00 -2.73403273e-01
 -2.99418909e+00 -2.53580298e-01
 -2.92706455e+00 -2.35665106e-01
 -2.84499175e+00 -2.19415957e-01
 -2.71351184e+00 -2.04627859e-01
 -2.77622613e+00 -1.91126065e-01
 -2.63673782e+00 -1.78760865e-01
 -2.58085439e+00 -1.67403395e-01
 -2.57557958e+00 -1.56942240e-01
 -2.40237817e+00 -1.47280659e-01
 -2.46907224e+00 -1.38334317e-01
 -2.36703060e+00 -1.30029404e-01
 -2.19590178e+00 -1.22301086e-01
 -2.32578664e+00 -1.15092208e-01
 -2.26377581e+00 -1.08352209e-01
 -2.25334802e+00 -1.02036213e-01
 -2.11535135e+00 -9.61042597e-02
 -2.13965557e+00 -9.05206509e-02
 -2.12334719e+00 -8.52533954e-02
 -2.04827208e+00 -8.02737344e-02
 -2.10906066e+00 -7.55557344e-02
 -2.04614472e+00 -7.10759358e-02
 -1.99551948e+00 -6.68130502e-02
 -2.00475567e+00 -6.27476969e-02
 -1.89899494e+00 -5.88621734e-02
 -1.96892064e+00 -5.51402554e-02
 -1.96697170e+00 -5.15670203e-02
 -1.90849786e+00 -4.81286924e-02
 -1.87588895e+00 -4.48125049e-02
 -1.82834147e+00 -4.16065780e-02
 -1.93633275e+00 -3.84998092e-02
 -1.86218146e+00 -3.54817748e-02
 -1.84083381e+00 -3.25426409e-02
 -1.86379842e+00 -2.96730816e-02
 -1.82944491e+00 -2.68642048e-02
 -1.81778881e+00 -2.41074827e-02
 -1.76108541e+00 -2.13946867e-02
 -1.79379516e+00 -1.87178262e-02
 -1.80999254e+00 -1.60690900e-02
 -1.76991047e+00 -1.34407896e-02
 -1.86009461e+00 -1.08253029e-02
 -1.68734678e+00 -8.21501918e-03
 -1.76625671e+00 -5.60228333e-03
 -1.67868362e+00 -2.97933841e-03
 -1.76846510e+00 -3.38266825e-04
 -1.86008639e+00 2.32907171e-03
 -1.72600114e+00 5.03110591e-03
 -1.77506721e+00 7.77662358e-03
 -1.74099807e+00 1.05748481e-02
 -1.79374482e+00 1.34355226e-02
 -1.78971459e+00 1.63690023e-02
 -1.82150842e+00 1.93863582e-02
 -1.79002869e+00 2.24994926e-02
 -1.89426298e+00 2.57212703e-02
 -1.84775469e+00 2.90656671e-02
 -1.83817936e+00 3.25479397e-02
 -1.82068336e+00 3.61848209e-02
 -1.73253739e+00 3.99947448e-02
 -1.86955693e+00 4.39981079e-02
 -1.89663525e+00 4.82175736e-02
 -1.90082925e+00 5.26784284e-02
 -1.96461677e+00 5.74090006e-02
 -1.85812671e+00 6.24411553e-02
 -1.99266991e+00 6.78108815e-02
 -2.00254866e+00 7.35589919e-02
 -1.95762988e+00 7.97319615e-02
 -2.04809641e+00 8.63829381e-02
 -2.06445193e+00 9.35729639e-02
 -2.09887948e+00 1.01372464e-01
 -2.15790997e+00 1.09863066e-01
 -2.15748473e+00 1.19139847e-01
 -2.25776846e+00 1.29314106e-01
 -2.24510855e+00 1.40516838e-01
 -2.32789686e+00 1.52903090e-01
 -2.31516828e+00 1.66657476e-01
 -2.42838133e+00 1.82001220e-01
 -2.54897404e+00 1.99201219e-01
 -2.55446063e+00 2.18581820e-01
 -2.66055899e+00 2.40540269e-01
 -2.86916546e+00 2.65567191e-01
 -2.76884859e+00 2.94274060e-01
 -2.99448134e+00 3.27430478e-01
 -3.09587705e+00 3.66015456e-01
 -3.20131761e+00 4.11288965e-01
 -3.24798867e+00 4.64893310e-01
 -3.49395952e+00 5.28999217e-01
 -3.68341052e+00 6.06520191e-01
 -3.94664911e+00 7.01433353e-01
 -4.13939953e+00 8.19269956e-01
 -4.33926749e+00 9.67882675e-01
 -4.65360265e+00 1.15867508e+00
 -5.05838596e+00 1.40862069e+00
 -5.50489269e+00 1.74365661e+00
 -5.97442896e+00 2.20448963e+00
 -6.61767282e+00 2.85654855e+00
 -7.25079679e+00 3.80633202e+00
 -7.82464541e+00 5.22347504e+00
 -8.28921588e+00 7.34485865e+00
 -7.66185998e+00 1.03340164e+01
 -5.21477020e+00 1.36525879e+01
 -5.70549681e-01 1.52555526e+01
 4.24137452e+00 1.35762017e+01
 6.58502761e+00 1.02498198e+01
 6.98306759e+00 7.28522861e+00
 6.61787147e+00 5.18750556e+00
 5.91663820e+00 3.78648739e+00
 5.36581139e+00 2.84689790e+00
 4.77650137e+00 2.20130202e+00
 4.27809113e+00 1.74469705e+00
 3.89148001e+00 1.41254919e+00
 3.39887018e+00 1.16467470e+00
 3.13462649e+00 9.75444982e-01
 2.89344155e+00 8.28072334e-01
 2.63159844e+00 7.11267814e-01
 2.41230512e+00 6.17251218e-01
 2.22606244e+00 5.40538195e-01
 2.08384988e+00 4.77182667e-01
 1.98197385e+00 4.24292107e-01
 1.83383256e+00 3.79710264e-01
 1.65620526e+00 3.41805018e-01
 1.56550762e+00 3.09323717e-01
 1.41268792e+00 2.81292715e-01
 1.41905902e+00 2.56946443e-01
 1.29078799e+00 2.35676529e-01
 1.27201359e+00 2.16994805e-01
 1.15358397e+00 2.00506029e-01
 1.07548785e+00 1.85887541e-01
 9.81144360e-01 1.72873912e-01
 9.09413990e-01 1.61245238e-01
 9.09580541e-01 1.50818126e-01
 8.48140116e-01 1.41438693e-01
 8.48612719e-01 1.32977075e-01
 8.61214979e-01 1.25323093e-01
 7.46487333e-01 1.18382802e-01
 7.47849451e-01 1.12075726e-01
 6.03231200e-01 1.06332628e-01
 6.69923023e-01 1.01093693e-01
 6.05370058e-01 9.63070568e-02
 5.58900840e-01 9.19275850e-02
 5.69126503e-01 8.79158734e-02
 5.30416389e-01 8.42374157e-02
 4.31708108e-01 8.08619108e-02
 4.57165464e-01 7.77626821e-02
 4.67808525e-01 7.49161910e-02
 3.91856539e-01 7.23016249e-02
 4.20930253e-01 6.99005496e-02
 3.84025227e-01 6.76966133e-02
 3.49853341e-01 6.56752945e-02
 2.63769889e-01 6.38236871e-02
 3.81212332e-01 6.21303161e-02
 2.74057950e-01 6.05849789e-02
 2.60483010e-01 5.91786098e-02
 2.43580235e-01 5.79031629e-02
 1.94977869e-01 5.67515115e-02
 2.05740465e-01 5.57173611e-02
 6.05302633e-02 5.47951751e-02
 1.29028706e-01 5.39801110e-02
 2.07188071e-01 5.32679653e-02
 1.53402730e-01 5.26551275e-02
 1.32684979e-01 5.21385408e-02
 1.82448248e-01 5.17156693e-02
 8.31653678e-02 5.13844718e-02
 5.45209938e-02 5.11433803e-02
 1.07278091e-01 5.09912844e-02
 7.77285924e-02 5.09275197e-02
 4.26707158e-02 5.09518613e-02
 5.29827936e-03 5.10645221e-02
 7.21326287e-02 5.12661547e-02
 1.33063684e-02 5.15578588e-02
 -8.03448518e-02 5.19411924e-02
 -8.64891218e-02 5.24181886e-02
 -8.76213039e-02 5.29913768e-02
 -1.58798781e-01 5.36638103e-02
 -1.50282713e-01 5.44390989e-02
 -1.81400913e-01 5.53214492e-02
 -1.71827808e-01 5.63157116e-02
 -2.12276665e-01 5.74274360e-02
 -2.39608906e-01 5.86629367e-02
 -1.83679683e-01 6.00293682e-02
 -2.64547967e-01 6.15348137e-02
 -3.37784841e-01 6.31883874e-02
 -2.83887039e-01 6.50003534e-02
 -2.73933373e-01 6.69822648e-02
 -3.54434025e-01 6.91471248e-02
 -3.19057781e-01 7.15095746e-02
 -3.68833707e-01 7.40861136e-02
 -4.42262237e-01 7.68953566e-02
 -4.71090644e-01 7.99583369e-02
 -4.60270390e-01 8.32988619e-02
 -5.86089417e-01 8.69439355e-02
 -5.29807200e-01 9.09242572e-02
 -4.74161099e-01 9.52748187e-02
 -5.95779135e-01 1.00035616e-01
 -6.54127845e-01 1.05252504e-01
 -6.31631012e-01 1.10978232e-01
 -8.33505834e-01 1.17273695e-01
 -6.85609759e-01 1.24209463e-01
 -7.90194976e-01 1.31867652e-01
 -7.57150394e-01 1.40344239e-01
 -8.58958727e-01 1.49751928e-01
 -9.47668003e-01 1.60223739e-01
 -9.68343457e-01 1.71917515e-01
 -1.05489323e+00 1.85021646e-01
 -1.10944212e+00 1.99762383e-01
 -1.16026494e+00 2.16413271e-01
 -1.29889365e+00 2.35307417e-01
 -1.27666119e+00 2.56853623e-01
 -1.33914310e+00 2.81557808e-01
 -1.58684304e+00 3.10051794e-01
 -1.62813503e+00 3.43132453e-01
 -1.66990525e+00 3.81815665e-01
 -1.89781953e+00 4.27411767e-01
 -2.01338727e+00 4.81632680e-01
 -2.17382474e+00 5.46746630e-01
 -2.36634290e+00 6.25805656e-01
 -2.54231067e+00 7.22986801e-01
 -2.78953060e+00 8.44114639e-01
 -2.97537352e+00 9.97479507e-01
 -3.45728165e+00 1.19514860e+00
 -3.72118309e+00 1.45511483e+00
 -4.16436765e+00 1.80488844e+00
 -4.71613768e+00 2.28756385e+00
 -5.21375124e+00 2.97192975e+00
 -5.67095609e+00 3.96797015e+00
 -6.24263064e+00 5.44322153e+00
 -6.51116184e+00 7.60269119e+00
 -5.59214610e+00 1.04783597e+01
 -2.71599336e+00 1.32641026e+01
 1.83014933e+00 1.40095627e+01
 5.70490922e+00 1.19921882e+01
 7.42221890e+00 8.97542309e+00
 7.60718860e+00 6.43174469e+00
 7.27976879e+00 4.63796892e+00
