 NaN NaN
 7.57184080e+01 4.66136089e+00
 3.87253654e+01 1.71961243e+00
 2.60799323e+01 9.53203793e-01
 1.95851054e+01 6.25630970e-01
 1.57783551e+01 4.50727672e-01
 1.31981728e+01 3.44507071e-01
 1.14857987e+01 2.74313949e-01
 1.00236631e+01 2.25069689e-01
 8.95219390e+00 1.88944792e-01
 8.05013458e+00 1.61510198e-01
 7.28508166e+00 1.40090867e-01
 6.65683113e+00 1.22985282e-01
 6.11105777e+00 1.09064722e-01
 5.75666769e+00 9.75539178e-02
 5.44532760e+00 8.79045352e-02
 5.06515762e+00 7.97189127e-02
 4.80428067e+00 7.27023503e-02
 4.53087828e+00 6.66322843e-02
 4.30980574e+00 6.13378083e-02
 4.12074454e+00 5.66857287e-02
 3.97186676e+00 5.25708622e-02
 3.74367171e+00 4.89091519e-02
 3.64878716e+00 4.56326976e-02
 3.42651206e+00 4.26861114e-02
 3.34329741e+00 4.00238065e-02
 3.23674936e+00 3.76079542e-02
 2.98790041e+00 3.54069257e-02
 3.04632114e+00 3.33940906e-02
 2.86198791e+00 3.15468813e-02
 2.78739529e+00 2.98460574e-02
 2.72177308e+00 2.82751223e-02
 2.66467644e+00 2.68198569e-02
 2.60785223e+00 2.54679438e-02
 2.51757845e+00 2.42086631e-02
 2.56848959e+00 2.30326428e-02
 2.50642329e+00 2.19316552e-02
 2.36738866e+00 2.08984474e-02
 2.30069840e+00 1.99266009e-02
 2.20242592e+00 1.90104145e-02
 2.25278027e+00 1.81448053e-02
 2.17834397e+00 1.73252260e-02
 2.18027432e+00 1.65475942e-02
 2.09278224e+00 1.58082323e-02
 2.15796576e+00 1.51038159e-02
 2.07946219e+00 1.44313304e-02
 2.03753455e+00 1.37880320e-02
 1.90738959e+00 1.31714154e-02
 1.95499791e+00 1.25791849e-02
 1.92990718e+00 1.20092294e-02
 1.84960207e+00 1.14596002e-02
 1.93887997e+00 1.09284919e-02
 1.85586818e+00 1.04142248e-02
 1.81628737e+00 9.91523034e-03
 1.85526771e+00 9.43003657e-03
 1.72839142e+00 8.95725637e-03
 1.80059820e+00 8.49557613e-03
 1.80490904e+00 8.04374546e-03
 1.73558051e+00 7.60056790e-03
 1.59968994e+00 7.16489212e-03
 1.79403918e+00 6.73560378e-03
 1.66663966e+00 6.31161777e-03
 1.65865866e+00 5.89187078e-03
 1.70687540e+00 5.47531409e-03
 1.62568851e+00 5.06090656e-03
 1.62280016e+00 4.64760753e-03
 1.71810576e+00 4.23436982e-03
 1.58182930e+00 3.82013247e-03
 1.72619827e+00 3.40381333e-03
 1.70184445e+00 2.98430119e-03
 1.64815200e+00 2.56044765e-03
 1.67735231e+00 2.13105819e-03
 1.59641711e+00 1.69488272e-03
 1.69349348e+00 1.25060523e-03
 1.61605861e+00 7.96832302e-04
 1.60273582e+00 3.32080599e-04
 1.59461444e+00 -1.45237262e-04
 1.56396520e+00 -6.36828457e-04
 1.67049913e+00 -1.14453775e-03
 1.57667887e+00 -1.67036767e-03
 1.69160875e+00 -2.21650151e-03
 1.59414132e+00 -2.78532966e-03
 1.54280653e+00 -3.37947988e-03
 1.63097968e+00 -4.00185229e-03
 1.58126662e+00 -4.65565997e-03
 1.63352919e+00 -5.34447624e-03
 1.66877799e+00 -6.07228995e-03
 1.76794375e+00 -6.84357046e-03
 1.74839076e+00 -7.66334432e-03
 1.69841435e+00 -8.53728612e-03
 1.67670511e+00 -9.47182664e-03
 1.68345242e+00 -1.04742822e-02
 1.75637390e+00 -1.15530102e-02
 1.81590183e+00 -1.27175969e-02
 1.69819440e+00 -1.39790856e-02
 1.83719840e+00 -1.53502554e-02
 1.81318293e+00 -1.68459633e-02
 1.76490790e+00 -1.84835682e-02
 1.92132110e+00 -2.02834573e-02
 1.91581436e+00 -2.22697075e-02
 2.03004737e+00 -2.44709194e-02
 2.12806135e+00 -2.69212800e-02
 2.03854354e+00 -2.96619280e-02
 2.03465017e+00 -3.27427229e-02
 2.16402763e+00 -3.62245615e-02
 2.18429559e+00 -4.01824443e-02
 2.22688664e+00 -4.47095814e-02
 2.36155314e+00 -4.99229605e-02
 2.46755920e+00 -5.59710049e-02
 2.51595006e+00 -6.30442634e-02
 2.50469246e+00 -7.13905892e-02
 2.68028964e+00 -8.13370901e-02
 2.92496696e+00 -9.33225342e-02
 2.87192750e+00 -1.07946304e-01
 3.08551898e+00 -1.26044292e-01
 3.31399399e+00 -1.48810084e-01
 3.50416144e+00 -1.77995093e-01
 3.85000866e+00 -2.16252229e-01
 4.17930948e+00 -2.67753682e-01
 4.59747764e+00 -3.39363350e-01
 5.08488860e+00 -4.43012605e-01
 5.69903253e+00 -6.00919217e-01
 6.77654706e+00 -8.58282728e-01
 8.11309100e+00 -1.31855633e+00
 1.03581153e+01 -2.26076948e+00
 1.40275786e+01 -4.64223176e+00
 2.04688370e+01 -1.30972688e+01
 7.01463083e+00 -4.17332922e+01
 -2.02045950e+01 -1.74909901e+01
 -1.38322608e+01 -5.71429863e+00
 -9.54310846e+00 -2.65586273e+00
 -7.17545316e+00 -1.51314018e+00
 -5.55407376e+00 -9.73512530e-01
 -4.63767447e+00 -6.78114423e-01
 -3.81739732e+00 -4.99392858e-01
 -3.21454391e+00 -3.83202663e-01
 -2.89931631e+00 -3.03471506e-01
 -2.51463697e+00 -2.46410001e-01
 -2.21742407e+00 -2.04176875e-01
 -1.92918413e+00 -1.72048567e-01
 -1.79087761e+00 -1.47042783e-01
 -1.58915515e+00 -1.27201735e-01
 -1.45062599e+00 -1.11197210e-01
 -1.35312055e+00 -9.81024155e-02
 -1.26259166e+00 -8.72547364e-02
 -1.10674172e+00 -7.81702680e-02
 -9.93692165e-01 -7.04889429e-02
 -9.12051320e-01 -6.39383562e-02
 -8.42137400e-01 -5.83093453e-02
 -7.52400515e-01 -5.34391538e-02
 -6.95832795e-01 -4.91996034e-02
 -6.49937660e-01 -4.54886402e-02
 -6.67934305e-01 -4.22241986e-02
 -5.67246408e-01 -3.93396846e-02
 -4.93643288e-01 -3.67806068e-02
 -4.84388979e-01 -3.45020342e-02
 -3.06230894e-01 -3.24666572e-02
 -3.46556453e-01 -3.06432924e-02
 -3.82670082e-01 -2.90057195e-02
 -3.01415827e-01 -2.75317691e-02
 -2.88806816e-01 -2.62026003e-02
 -2.72832048e-01 -2.50021250e-02
 -1.88704186e-01 -2.39165463e-02
 -1.65774605e-01 -2.29339841e-02
 -9.52688596e-02 -2.20441722e-02
 -1.88584896e-01 -2.12382097e-02
 -8.73810558e-02 -2.05083563e-02
 -5.07585005e-02 -1.98478639e-02
 -2.27291665e-01 -1.92508364e-02
 -7.92658130e-04 -1.87121125e-02
 1.03216922e-02 -1.82271681e-02
 -8.23434347e-02 -1.77920339e-02
 2.12149121e-02 -1.74032258e-02
 -6.65230385e-02 -1.70576867e-02
 7.83505531e-02 -1.67527366e-02
 1.55007734e-01 -1.64860304e-02
 1.63240453e-01 -1.62555220e-02
 5.71549568e-02 -1.60594338e-02
 1.28758591e-01 -1.58962311e-02
 6.88896587e-02 -1.57645996e-02
 1.37849905e-01 -1.56634273e-02
 2.67505240e-01 -1.55917886e-02
 1.55465283e-01 -1.55489311e-02
 2.09712260e-01 -1.55342654e-02
 2.84538296e-01 -1.55473559e-02
 2.93230013e-01 -1.55879140e-02
 2.84368466e-01 -1.56557934e-02
 2.91981908e-01 -1.57509859e-02
 2.60882016e-01 -1.58736200e-02
 3.36683570e-01 -1.60239598e-02
 3.58394732e-01 -1.62024061e-02
 3.41674830e-01 -1.64094983e-02
 4.48577255e-01 -1.66459185e-02
 4.08750449e-01 -1.69124959e-02
 4.99298382e-01 -1.72102141e-02
 4.42700470e-01 -1.75402190e-02
 4.69892624e-01 -1.79038287e-02
 4.89755906e-01 -1.83025457e-02
 4.61642673e-01 -1.87380707e-02
 5.28046204e-01 -1.92123190e-02
 5.95445226e-01 -1.97274396e-02
 6.55645827e-01 -2.02858370e-02
 6.85111532e-01 -2.08901968e-02
 6.09822507e-01 -2.15435146e-02
 6.31494736e-01 -2.22491298e-02
 6.74726213e-01 -2.30107643e-02
 7.69224701e-01 -2.38325675e-02
 6.63569708e-01 -2.47191673e-02
 6.96230449e-01 -2.56757303e-02
 7.59443518e-01 -2.67080309e-02
 7.88524073e-01 -2.78225316e-02
 7.51219528e-01 -2.90264767e-02
 9.14444400e-01 -3.03280018e-02
 9.71806462e-01 -3.17362618e-02
 9.55307812e-01 -3.32615816e-02
 1.01374261e+00 -3.49156339e-02
 9.93524320e-01 -3.67116500e-02
 1.03144891e+00 -3.86646697e-02
 1.10815370e+00 -4.07918402e-02
 1.14016662e+00 -4.31127750e-02
 1.07958265e+00 -4.56499852e-02
 1.24171267e+00 -4.84294034e-02
 1.33240165e+00 -5.14810201e-02
 1.38420296e+00 -5.48396638e-02
 1.30525482e+00 -5.85459621e-02
 1.42525045e+00 -6.26475323e-02
 1.48756250e+00 -6.72004685e-02
 1.56341247e+00 -7.22712096e-02
 1.63795201e+00 -7.79389071e-02
 1.73115436e+00 -8.42984490e-02
 1.77854997e+00 -9.14643558e-02
 1.88019253e+00 -9.95758504e-02
 2.02029466e+00 -1.08803520e-01
 2.08304203e+00 -1.19358173e-01
 2.26186621e+00 -1.31502746e-01
 2.43680356e+00 -1.45568539e-01
 2.45714365e+00 -1.61977650e-01
 2.72068240e+00 -1.81274490e-01
 2.89092490e+00 -2.04170798e-01
 3.07309777e+00 -2.31611210e-01
 3.42499579e+00 -2.64870803e-01
 3.63512864e+00 -3.05703725e-01
 4.00696075e+00 -3.56575840e-01
 4.34871760e+00 -4.21040216e-01
 4.71917262e+00 -5.04364788e-01
 5.30945185e+00 -6.14625098e-01
 5.91108116e+00 -7.64699451e-01
 6.73486363e+00 -9.76123385e-01
 7.73792008e+00 -1.28706025e+00
 9.23502302e+00 -1.77021515e+00
 1.10585274e+01 -2.57750330e+00
 1.38038489e+01 -4.06706068e+00
 1.79516643e+01 -7.22867642e+00
 2.39047748e+01 -1.53641388e+01
 2.38537172e+01 -3.86453020e+01
 -1.62976835e+01 -4.88262499e+01
 -2.66661296e+01 -2.05348317e+01
 -2.05947540e+01 -9.06188389e+00
 -1.59898008e+01 -4.87091987e+00
 -1.28710927e+01 -2.99912948e+00
 -1.07023762e+01 -2.02155367e+00
 -9.21238403e+00 -1.45141139e+00
 -8.08798429e+00 -1.09123906e+00
 -7.28375353e+00 -8.49656303e-01
 -6.53825586e+00 -6.79914674e-01
 -5.96615468e+00 -5.56159404e-01
 -5.57930971e+00 -4.63175599e-01
 -5.11380495e+00 -3.91546214e-01
 -4.78071883e+00 -3.35193947e-01
 -4.50187886e+00 -2.90056473e-01
 -4.25072017e+00 -2.53335753e-01
 -3.98360720e+00 -2.23054099e-01
 -3.86488353e+00 -1.97781822e-01
 -3.68612124e+00 -1.76464733e-01
 -3.59761724e+00 -1.58311775e-01
 -3.40859095e+00 -1.42719985e-01
 -3.21348416e+00 -1.29223276e-01
 -3.20956278e+00 -1.17456774e-01
 -3.15468324e+00 -1.07131532e-01
 -2.87488238e+00 -9.80163208e-02
 -2.79595425e+00 -8.99243165e-02
 -2.75404666e+00 -8.27032316e-02
 -2.82527537e+00 -7.62279160e-02
 -2.72819977e+00 -7.03947410e-02
 -2.67069463e+00 -6.51172933e-02
 -2.58054121e+00 -6.03230407e-02
 -2.53709502e+00 -5.59507270e-02
 -2.39624093e+00 -5.19483191e-02
 -2.40750755e+00 -4.82713763e-02
 -2.34138206e+00 -4.48817461e-02
 -2.45993983e+00 -4.17465125e-02
 -2.31350998e+00 -3.88371432e-02
 -2.28629146e+00 -3.61287945e-02
 -2.12451169e+00 -3.35997392e-02
 -2.17602651e+00 -3.12308955e-02
 -2.19363028e+00 -2.90054352e-02
 -2.12356262e+00 -2.69084572e-02
 -2.03728212e+00 -2.49267141e-02
 -2.05815847e+00 -2.30483808e-02
 -2.09793279e+00 -2.12628599e-02
 -2.05061282e+00 -1.95606151e-02
 -2.08241279e+00 -1.79330300e-02
 -1.91813588e+00 -1.63722859e-02
 -2.00971247e+00 -1.48712573e-02
 -2.06730394e+00 -1.34234205e-02
 -2.04126180e+00 -1.20227750e-02
 -1.94656015e+00 -1.06637739e-02
 -1.93306535e+00 -9.34126348e-03
 -1.91556839e+00 -8.05042852e-03
 -1.93799361e+00 -6.78674492e-03
 -1.98969138e+00 -5.54593627e-03
 -1.96683519e+00 -4.32393497e-03
 -1.96476776e+00 -3.11684660e-03
 -1.93581235e+00 -1.92091723e-03
 -1.88409462e+00 -7.32502872e-04
 -1.95223323e+00 4.51959187e-04
 -1.87022942e+00 1.63597771e-03
 -2.01876227e+00 2.82303388e-03
 -1.92255552e+00 4.01660712e-03
 -1.94527994e+00 5.22020068e-03
 -2.00569435e+00 6.43736728e-03
 -2.07138919e+00 7.67173539e-03
 -1.94361136e+00 8.92703621e-03
 -1.98529919e+00 1.02071319e-02
 -1.98472407e+00 1.15160457e-02
 -1.93558306e+00 1.28579935e-02
 -1.97132485e+00 1.42374187e-02
 -2.00287921e+00 1.56590294e-02
 -2.00440978e+00 1.71278400e-02
 -2.01532983e+00 1.86492166e-02
 -2.06879998e+00 2.02289279e-02
 -2.17662288e+00 2.18732019e-02
 -2.13309765e+00 2.35887898e-02
 -2.24054998e+00 2.53830389e-02
 -2.16543642e+00 2.72639742e-02
 -2.19330898e+00 2.92403928e-02
 -2.23049741e+00 3.13219717e-02
 -2.19545717e+00 3.35193913e-02
 -2.25804306e+00 3.58444790e-02
 -2.30237732e+00 3.83103754e-02
 -2.34102915e+00 4.09317278e-02
 -2.34071480e+00 4.37249163e-02
 -2.34443476e+00 4.67083201e-02
 -2.46999674e+00 4.99026302e-02
 -2.51364470e+00 5.33312204e-02
 -2.46835718e+00 5.70205884e-02
 -2.56103750e+00 6.10008825e-02
 -2.65998636e+00 6.53065337e-02
 -2.74220722e+00 6.99770184e-02
 -2.74019305e+00 7.50577830e-02
 -2.87652105e+00 8.06013718e-02
 -2.82094001e+00 8.66688090e-02
 -2.95327009e+00 9.33313059e-02
 -2.97498167e+00 1.00672379e-01
 -3.08534635e+00 1.08790503e-01
 -3.23075106e+00 1.17802446e-01
 -3.22372295e+00 1.27847516e-01
 -3.42038393e+00 1.39092988e-01
 -3.43965049e+00 1.51741126e-01
 -3.53127484e+00 1.66038340e-01
 -3.81764628e+00 1.82287268e-01
 -3.98301520e+00 2.00862883e-01
 -4.00125951e+00 2.22234249e-01
 -4.23691289e+00 2.46994284e-01
 -4.42863791e+00 2.75901109e-01
 -4.63461950e+00 3.09936379e-01
 -4.96826742e+00 3.50389093e-01
 -5.25224373e+00 3.98978365e-01
 -5.60747430e+00 4.58037268e-01
 -5.99766368e+00 5.30794968e-01
 -6.34522014e+00 6.21821853e-01
 -6.94148721e+00 7.37754268e-01
 -7.60915262e+00 8.88517855e-01
 -8.24400660e+00 1.08948045e+00
 -9.21304192e+00 1.36543019e+00
 -1.03736508e+01 1.75836172e+00
 -1.17724148e+01 2.34380125e+00
 -1.38135945e+01 3.26799349e+00
 -1.64359467e+01 4.84152132e+00
 -2.02589930e+01 7.80413188e+00
 -2.55756748e+01 1.41594104e+01
 -2.97943988e+01 2.95148818e+01
 -1.27152126e+01 5.61854725e+01
 2.47564864e+01 4.48787369e+01
 2.79283795e+01 2.11614398e+01
 2.24151926e+01 1.07926563e+01
 1.79827537e+01 6.31183628e+00
 1.47515811e+01 4.08913701e+00
 1.22909610e+01 2.84911875e+00
 1.05841145e+01 2.09324524e+00
 9.36828889e+00 1.60057675e+00
 8.23614291e+00 1.26240264e+00
 7.41906013e+00 1.02056834e+00
 6.77346840e+00 8.41803434e-01
 6.27712927e+00 7.06003793e-01
 5.61688902e+00 6.00459162e-01
 5.29419336e+00 5.16823059e-01
 4.75698829e+00 4.49434940e-01
 4.54250972e+00 3.94347940e-01
 4.29315141e+00 3.48743018e-01
 4.00146411e+00 3.10563768e-01
 3.89619040e+00 2.78281897e-01
 3.61966244e+00 2.50742631e-01
 3.38511675e+00 2.27060390e-01
 3.29817963e+00 2.06546914e-01
 3.15308578e+00 1.88660795e-01
 3.04326141e+00 1.72971446e-01
 2.88401042e+00 1.59132967e-01
 2.74425356e+00 1.46864923e-01
 2.58064606e+00 1.35938025e-01
 2.64052861e+00 1.26163336e-01
 2.47402485e+00 1.17384041e-01
 2.44329289e+00 1.09469107e-01
 2.30211968e+00 1.02308363e-01
 2.21429501e+00 9.58086362e-02
 2.11431752e+00 8.98906968e-02
 2.11578615e+00 8.44868292e-02
 2.05133691e+00 7.95388789e-02
 1.97359510e+00 7.49966770e-02
 2.03134897e+00 7.08167584e-02
 1.86287266e+00 6.69613145e-02
 1.81247479e+00 6.33973317e-02
 1.85034954e+00 6.00958786e-02
 1.79011768e+00 5.70315146e-02
 1.71919003e+00 5.41817955e-02
 1.58103226e+00 5.15268589e-02
 1.64216115e+00 4.90490753e-02
 1.49189368e+00 4.67327528e-02
 1.50294388e+00 4.45638858e-02
 1.56616078e+00 4.25299420e-02
 1.57659250e+00 4.06196789e-02
 1.55977988e+00 3.88229873e-02
 1.54254464e+00 3.71307556e-02
 1.49094159e+00 3.55347536e-02
 1.38575101e+00 3.40275307e-02
 1.29026535e+00 3.26023283e-02
 1.25375220e+00 3.12530029e-02
 1.33862716e+00 2.99739590e-02
 1.20978369e+00 2.87600907e-02
 1.28246206e+00 2.76067297e-02
 1.33661723e+00 2.65095997e-02
 1.24053973e+00 2.54647768e-02
 1.15305648e+00 2.44686531e-02
 1.19479442e+00 2.35179059e-02
 1.23113605e+00 2.26094691e-02
 1.13131099e+00 2.17405081e-02
 1.30205816e+00 2.09083975e-02
 1.14036587e+00 2.01107010e-02
 1.13679490e+00 1.93451531e-02
 1.10583468e+00 1.86096429e-02
 1.08245624e+00 1.79021990e-02
 1.10734451e+00 1.72209766e-02
 1.14815830e+00 1.65642445e-02
 1.08196014e+00 1.59303742e-02
 1.06121173e+00 1.53178296e-02
 1.00618476e+00 1.47251570e-02
 9.64839160e-01 1.41509765e-02
 1.04757041e+00 1.35939730e-02
 9.56140266e-01 1.30528889e-02
 9.60762623e-01 1.25265156e-02
 1.03957203e+00 1.20136864e-02
 8.98169263e-01 1.15132693e-02
 1.08433660e+00 1.10241592e-02
 9.40897390e-01 1.05452712e-02
 9.95773230e-01 1.00755322e-02
 9.03880670e-01 9.61387363e-03
 9.76319538e-01 9.15922295e-03
 9.19866034e-01 8.71049461e-03
 9.39774606e-01 8.26658031e-03
 9.05067166e-01 7.82633825e-03
 9.11570035e-01 7.38858099e-03
 8.57464142e-01 6.95206174e-03
 8.49053825e-01 6.51545861e-03
 9.71603373e-01 6.07735633e-03
 9.26759286e-01 5.63622490e-03
 8.65249635e-01 5.19039428e-03
 9.40040177e-01 4.73802428e-03
 9.61531719e-01 4.27706838e-03
 9.19142410e-01 3.80522986e-03
 8.13379637e-01 3.31990834e-03
 8.49714636e-01 2.81813390e-03
 9.35625529e-01 2.29648556e-03
 7.63426970e-01 1.75098925e-03
 8.60314920e-01 1.17698943e-03
 9.41471714e-01 5.68985834e-04
 8.60068258e-01 -7.95758222e-05
 8.48699771e-01 -7.76574729e-04
 8.48273379e-01 -1.53156928e-03
 8.85699955e-01 -2.35626542e-03
 9.11307926e-01 -3.26514314e-03
 8.60930087e-01 -4.27630511e-03
 8.43825944e-01 -5.41264220e-03
 8.52313565e-01 -6.70345856e-03
 9.35516856e-01 -8.18677479e-03
 8.88176050e-01 -9.91265239e-03
 1.01607022e+00 -1.19480894e-02
 8.74973506e-01 -1.43843934e-02
 9.45910907e-01 -1.73485677e-02
 9.39348655e-01 -2.10213993e-02
 9.15118749e-01 -2.56671320e-02
 1.04890405e+00 -3.16839678e-02
 9.81392679e-01 -3.96937369e-02
 1.08652241e+00 -5.07091631e-02
 1.05373034e+00 -6.64644113e-02
 1.06169086e+00 -9.01142157e-02
 1.17083547e+00 -1.27834759e-01
 1.37997145e+00 -1.92831554e-01
 1.32524785e+00 -3.16240534e-01
 1.49089385e+00 -5.76159809e-01
 1.45145518e+00 -1.11484858e+00
 6.36612347e-01 -1.55962171e+00
 -8.08658051e-03 -1.03576683e+00
 -5.42413240e-02 -5.35505113e-01
 1.66372364e-01 -2.99142770e-01
 2.21888491e-01 -1.85724571e-01
 3.06852859e-01 -1.25334017e-01
 3.53431998e-01 -9.00426090e-02
 4.92679728e-01 -6.78558567e-02
 3.32240644e-01 -5.30953509e-02
 4.71872588e-01 -4.28306072e-02
 5.32190517e-01 -3.54369645e-02
 5.28667206e-01 -2.99589487e-02
 5.57484980e-01 -2.58064440e-02
 5.85822726e-01 -2.25997175e-02
 5.63743624e-01 -2.00857670e-02
 5.73838207e-01 -1.80909306e-02
 6.39472215e-01 -1.64928982e-02
 5.66902570e-01 -1.52035731e-02
 7.22377489e-01 -1.41582410e-02
 6.55148154e-01 -1.33085312e-02
 7.00629229e-01 -1.26177284e-02
 6.40348454e-01 -1.20575802e-02
 6.53620506e-01 -1.16060798e-02
 6.83207641e-01 -1.12458974e-02
 6.55581901e-01 -1.09632541e-02
 6.70660179e-01 -1.07470999e-02
 6.69613321e-01 -1.05885061e-02
 7.80978893e-01 -1.04802108e-02
 7.19912877e-01 -1.04162752e-02
 7.55818876e-01 -1.03918202e-02
 6.67121578e-01 -1.04028236e-02
 8.14796360e-01 -1.04459618e-02
 6.86542484e-01 -1.05184857e-02
 8.23754715e-01 -1.06181227e-02
 6.79218733e-01 -1.07429984e-02
 7.03316591e-01 -1.08915744e-02
 7.87840904e-01 -1.10625976e-02
 6.91914688e-01 -1.12550602e-02
 8.89130711e-01 -1.14681659e-02
 8.31107547e-01 -1.17013043e-02
 7.91480975e-01 -1.19540283e-02
 7.37857948e-01 -1.22260367e-02
 7.75658046e-01 -1.25171604e-02
 7.48747593e-01 -1.28273503e-02
 9.13195596e-01 -1.31566687e-02
 7.79492604e-01 -1.35052819e-02
 8.22385626e-01 -1.38734548e-02
 8.02553825e-01 -1.42615471e-02
 7.98736422e-01 -1.46700105e-02
 8.83322572e-01 -1.50993874e-02
 8.95077585e-01 -1.55503105e-02
 8.51006346e-01 -1.60235031e-02
 8.98342075e-01 -1.65197810e-02
 9.28634965e-01 -1.70400547e-02
 9.43733045e-01 -1.75853331e-02
 8.87382839e-01 -1.81567270e-02
 9.66426924e-01 -1.87554551e-02
 1.04857753e+00 -1.93828495e-02
 9.71603954e-01 -2.00403628e-02
 1.03650397e+00 -2.07295768e-02
 1.02579596e+00 -2.14522110e-02
 1.05070140e+00 -2.22101339e-02
 1.04721397e+00 -2.30053743e-02
 1.07647775e+00 -2.38401350e-02
 1.07530842e+00 -2.47168078e-02
 1.10303838e+00 -2.56379907e-02
 1.05669752e+00 -2.66065063e-02
 1.10293906e+00 -2.76254239e-02
 1.17249030e+00 -2.86980827e-02
 1.24516760e+00 -2.98281197e-02
 1.18158308e+00 -3.10194994e-02
 1.17568921e+00 -3.22765482e-02
 1.23394243e+00 -3.36039934e-02
 1.30962020e+00 -3.50070068e-02
 1.31190793e+00 -3.64912540e-02
 1.20217846e+00 -3.80629511e-02
 1.27807148e+00 -3.97289286e-02
 1.28202107e+00 -4.14967045e-02
 1.31593550e+00 -4.33745676e-02
 1.39699764e+00 -4.53716729e-02
 1.43738201e+00 -4.74981523e-02
 1.42875533e+00 -4.97652398e-02
 1.47512213e+00 -5.21854188e-02
 1.57157030e+00 -5.47725904e-02
 1.63040868e+00 -5.75422706e-02
 1.64801072e+00 -6.05118192e-02
 1.57678367e+00 -6.37007083e-02
 1.56543732e+00 -6.71308366e-02
 1.72065818e+00 -7.08269007e-02
 1.66791238e+00 -7.48168338e-02
 1.74071773e+00 -7.91323267e-02
 1.80247093e+00 -8.38094493e-02
 1.87089753e+00 -8.88893960e-02
 1.88251464e+00 -9.44193822e-02
 1.92234500e+00 -1.00453730e-01
 2.04115035e+00 -1.07055189e-01
 2.04646445e+00 -1.14296551e-01
 2.22733556e+00 -1.22262638e-01
 2.32899458e+00 -1.31052766e-01
 2.45170513e+00 -1.40783816e-01
 2.48851563e+00 -1.51594085e-01
 2.57368408e+00 -1.63648171e-01
 2.61747745e+00 -1.77143192e-01
 2.84489358e+00 -1.92316799e-01
 2.92957298e+00 -2.09457577e-01
 3.04615481e+00 -2.28918695e-01
 3.18309071e+00 -2.51136019e-01
 3.34468645e+00 -2.76652412e-01
 3.58200416e+00 -3.06150771e-01
 3.66347123e+00 -3.40499580e-01
 3.90613788e+00 -3.80816657e-01
 4.15609776e+00 -4.28559891e-01
 4.46324735e+00 -4.85658810e-01
 4.77627985e+00 -5.54709262e-01
 5.10382510e+00 -6.39268174e-01
 5.52150727e+00 -7.44311329e-01
 5.94437433e+00 -8.76965108e-01
 6.58898493e+00 -1.04771487e+00
 7.10751567e+00 -1.27247612e+00
 8.04454613e+00 -1.57629920e+00
 9.02332513e+00 -2.00033060e+00
 1.01601604e+01 -2.61565861e+00
 1.19213180e+01 -3.55270520e+00
 1.38117625e+01 -5.06826973e+00
 1.65168571e+01 -7.70931471e+00
 1.99024757e+01 -1.27200731e+01
 2.20230742e+01 -2.27570872e+01
 1.42930690e+01 -3.90151469e+01
 -9.85404762e+00 -4.23168443e+01
 -2.20618636e+01 -2.63828577e+01
 -2.12849916e+01 -1.46156149e+01
 -1.79588696e+01 -8.68310858e+00
 -1.50628255e+01 -5.61354590e+00
 -1.28911016e+01 -3.88566451e+00
 -1.12117885e+01 -2.83413140e+00
 -9.92769132e+00 -2.15219336e+00
 -8.82661913e+00 -1.68685107e+00
 -7.97105907e+00 -1.35600794e+00
 -7.42651735e+00 -1.11276800e+00
 -6.78541288e+00 -9.28893807e-01
 -6.29320905e+00 -7.86610670e-01
 -5.76870766e+00 -6.74300060e-01
 -5.51594874e+00 -5.84118277e-01
 -5.18304137e+00 -5.10620238e-01
 -4.80530631e+00 -4.49932975e-01
 -4.60486279e+00 -3.99242297e-01
 -4.39805918e+00 -3.56464364e-01
 -4.21386653e+00 -3.20029980e-01
 -3.98825502e+00 -2.88739555e-01
 -3.89669532e+00 -2.61663518e-01
 -3.73154520e+00 -2.38072639e-01
 -3.56134680e+00 -2.17388418e-01
 -3.42083487e+00 -1.99147221e-01
 -3.40872782e+00 -1.82973980e-01
 -3.18529794e+00 -1.68562643e-01
 -3.18784514e+00 -1.55661484e-01
 -3.07312754e+00 -1.44061918e-01
 -3.04395064e+00 -1.33589925e-01
 -2.87560539e+00 -1.24099381e-01
 -2.89681139e+00 -1.15466854e-01
 -2.69397736e+00 -1.07587492e-01
 -2.66609870e+00 -1.00371750e-01
 -2.64262726e+00 -9.37427727e-02
 -2.59554194e+00 -8.76342848e-02
 -2.53545222e+00 -8.19888745e-02
 -2.40963610e+00 -7.67565948e-02
 -2.50093743e+00 -7.18938132e-02
 -2.44445761e+00 -6.73622623e-02
 -2.42496595e+00 -6.31282517e-02
 -2.37115238e+00 -5.91620099e-02
 -2.27370476e+00 -5.54371335e-02
 -2.30044065e+00 -5.19301224e-02
 -2.20170538e+00 -4.86199873e-02
 -2.24759469e+00 -4.54879158e-02
 -2.18020850e+00 -4.25169884e-02
 -2.27963837e+00 -3.96919337e-02
 -2.21019078e+00 -3.69989193e-02
 -2.17357761e+00 -3.44253707e-02
 -2.11137164e+00 -3.19598136e-02
 -2.19208542e+00 -2.95917376e-02
 -2.01817977e+00 -2.73114761e-02
 -2.07175531e+00 -2.51101013e-02
 -2.07680749e+00 -2.29793310e-02
 -2.01117234e+00 -2.09114462e-02
 -1.98144573e+00 -1.88992173e-02
 -2.01345935e+00 -1.69358376e-02
 -2.10281166e+00 -1.50148637e-02
 -2.13982128e+00 -1.31301604e-02
 -2.05690119e+00 -1.12758504e-02
 -2.00522219e+00 -9.44626747e-03
 -1.96317972e+00 -7.63591276e-03
 -1.96805393e+00 -5.83941273e-03
 -1.98428969e+00 -4.05147928e-03
 -1.95491209e+00 -2.26687072e-03
 -1.96226504e+00 -4.80353253e-04
 -1.97137621e+00 1.31333747e-03
 -1.92442620e+00 3.11953536e-03
 -1.96680044e+00 4.94368395e-03
 -2.03151054e+00 6.79137812e-03
 -1.98684797e+00 8.66840801e-03
 -1.97761270e+00 1.05808059e-02
 -1.97024604e+00 1.25348966e-02
 -1.93587357e+00 1.45373526e-02
 -2.04036444e+00 1.65952540e-02
 -2.03701216e+00 1.87161553e-02
 -2.06271829e+00 2.09081600e-02
 -1.97767196e+00 2.31800036e-02
 -2.07390526e+00 2.55411482e-02
 -2.08804872e+00 2.80018888e-02
 -2.05920326e+00 3.05734755e-02
 -2.20774516e+00 3.32682533e-02
 -2.17346542e+00 3.60998228e-02
 -2.07333795e+00 3.90832263e-02
 -2.18825229e+00 4.22351646e-02
 -2.18781007e+00 4.55742485e-02
 -2.28985661e+00 4.91212956e-02
 -2.22087432e+00 5.28996773e-02
 -2.21384443e+00 5.69357310e-02
 -2.36249511e+00 6.12592485e-02
 -2.35717120e+00 6.59040587e-02
 -2.39595617e+00 7.09087268e-02
 -2.43760955e+00 7.63173957e-02
 -2.54769946e+00 8.21808060e-02
 -2.50126144e+00 8.85575374e-02
 -2.50565282e+00 9.55155296e-02
 -2.62421286e+00 1.03133957e-01
 -2.58103050e+00 1.11505552e-01
 -2.76936404e+00 1.20739510e-01
 -2.76330911e+00 1.30965139e-01
 -2.92090803e+00 1.42336493e-01
 -2.89159214e+00 1.55038286e-01
 -3.17590468e+00 1.69293524e-01
 -3.18930487e+00 1.85373448e-01
 -3.27986341e+00 2.03610596e-01
 -3.44563385e+00 2.24416193e-01
 -3.47881043e+00 2.48303551e-01
 -3.61560232e+00 2.75919971e-01
 -3.80229352e+00 3.08090880e-01
 -4.03084765e+00 3.45881822e-01
 -4.13525933e+00 3.90687029e-01
 -4.41407579e+00 4.44358376e-01
 -4.74816394e+00 5.09397065e-01
 -5.01143840e+00 5.89245224e-01
 -5.25538671e+00 6.88741153e-01
 -5.74447650e+00 8.14851014e-01
 -6.14300815e+00 9.77884229e-01
 -6.71644792e+00 1.19358918e+00
 -7.49052588e+00 1.48692404e+00
 -8.17794497e+00 1.89917906e+00
 -9.28078178e+00 2.50218650e+00
 -1.05792299e+01 3.42842292e+00
 -1.23618613e+01 4.93864710e+00
 -1.43447287e+01 7.57891839e+00
 -1.65692554e+01 1.25062017e+01
 -1.61964289e+01 2.15285284e+01
 -6.21424067e+00 3.18974656e+01
 1.01900106e+01 2.88903600e+01
 1.59556337e+01 1.77919874e+01
 1.47461590e+01 1.04055662e+01
 1.25677449e+01 6.48114664e+00
 1.06674957e+01 4.33320773e+00
 9.12751230e+00 3.07169023e+00
 7.85420329e+00 2.27978646e+00
 6.88804855e+00 1.75425344e+00
 6.18847349e+00 1.38929621e+00
 5.52725821e+00 1.12625815e+00
 4.94791511e+00 9.30764603e-01
 4.43250030e+00 7.81690665e-01
 4.18773632e+00 6.65516116e-01
 3.86562667e+00 5.73281133e-01
 3.52778728e+00 4.98866760e-01
 3.30888457e+00 4.37983379e-01
 3.04315017e+00 3.87554072e-01
 2.89003835e+00 3.45326678e-01
 2.74447969e+00 3.09622841e-01
 2.56728191e+00 2.79171574e-01
 2.41547550e+00 2.52996411e-01
 2.23139417e+00 2.30337323e-01
 2.12432839e+00 2.10595721e-01
 2.14531063e+00 1.93295065e-01
 1.93618173e+00 1.78052228e-01
 1.96886762e+00 1.64556395e-01
 1.79226230e+00 1.52553308e-01
 1.79437588e+00 1.41833376e-01
 1.60004748e+00 1.32222593e-01
 1.66967587e+00 1.23575541e-01
 1.52042879e+00 1.15769949e-01
 1.37952501e+00 1.08702414e-01
 1.45017868e+00 1.02285025e-01
 1.28605646e+00 9.64426662e-02
 1.36210430e+00 9.11108549e-02
 1.30175225e+00 8.62339926e-02
 1.17975667e+00 8.17639438e-02
 1.12940287e+00 7.76588736e-02
 1.08785910e+00 7.38822912e-02
 1.12785310e+00 7.04022592e-02
 1.03040742e+00 6.71907365e-02
 1.04931765e+00 6.42230301e-02
 9.87622926e-01 6.14773353e-02
 8.79381544e-01 5.89343481e-02
 8.71377995e-01 5.65769383e-02
 8.23277921e-01 5.43898718e-02
 8.73708429e-01 5.23595740e-02
 7.69554639e-01 5.04739281e-02
 7.56778338e-01 4.87221020e-02
 8.93301757e-01 4.70943997e-02
 8.26442407e-01 4.55821334e-02
 7.27152046e-01 4.41775131e-02
 7.01997216e-01 4.28735510e-02
 6.77082281e-01 4.16639788e-02
 6.97616093e-01 4.05431761e-02
 6.38067534e-01 3.95061081e-02
 6.72896061e-01 3.85482716e-02
 6.09784628e-01 3.76656485e-02
 6.56629063e-01 3.68546650e-02
 6.47673333e-01 3.61121569e-02
 5.68902370e-01 3.54353398e-02
 4.95995683e-01 3.48217830e-02
 4.24138526e-01 3.42693889e-02
 4.59948338e-01 3.37763742e-02
 4.57542958e-01 3.33412559e-02
 3.83892816e-01 3.29628398e-02
 4.92927122e-01 3.26402121e-02
 4.77428445e-01 3.23727338e-02
 3.53126774e-01 3.21600382e-02
 3.99093196e-01 3.20020307e-02
 3.80880196e-01 3.18988918e-02
 2.68729892e-01 3.18510830e-02
 3.08373854e-01 3.18593558e-02
 2.66048402e-01 3.19247636e-02
 3.33125869e-01 3.20486775e-02
 2.47204746e-01 3.22328061e-02
 3.02081913e-01 3.24792192e-02
 2.14158608e-01 3.27903765e-02
 2.07738579e-01 3.31691619e-02
 2.80605355e-01 3.36189242e-02
 2.52086818e-01 3.41435243e-02
 1.72258896e-01 3.47473916e-02
 1.38865128e-01 3.54355897e-02
 1.00057761e-01 3.62138935e-02
 1.28724228e-01 3.70888802e-02
 3.28081470e-02 3.80680355e-02
 8.71178751e-02 3.91598797e-02
 8.43549011e-02 4.03741160e-02
 -2.06927521e-02 4.17218068e-02
 1.20398065e-02 4.32155823e-02
 5.41196322e-02 4.48698909e-02
 3.10227577e-02 4.67012969e-02
 -4.19911626e-02 4.87288411e-02
 -8.08958763e-02 5.09744742e-02
 -1.58117416e-01 5.34635849e-02
 -1.50032709e-01 5.62256431e-02
 -1.94214732e-01 5.92949904e-02
 -1.61142496e-01 6.27118161e-02
 -2.01947456e-01 6.65233700e-02
 -2.41514091e-01 7.07854804e-02
 -2.67519744e-01 7.55644671e-02
 -2.48685766e-01 8.09395721e-02
 -3.29264826e-01 8.70060735e-02
 -4.80330416e-01 9.38793093e-02
 -4.73041132e-01 1.01699930e-01
 -5.82549353e-01 1.10640822e-01
 -5.92629195e-01 1.20916347e-01
 -7.15713933e-01 1.32794800e-01
 -7.65468664e-01 1.46615462e-01
 -7.69089331e-01 1.62812252e-01
 -8.11570691e-01 1.81947062e-01
 -1.03443696e+00 2.04757569e-01
 -1.08441400e+00 2.32227103e-01
 -1.18495358e+00 2.65688945e-01
 -1.33361337e+00 3.06985705e-01
 -1.55086847e+00 3.58719302e-01
 -1.69984811e+00 4.24654765e-01
 -1.99011829e+00 5.10394369e-01
 -2.18855212e+00 6.24545861e-01
 -2.51378031e+00 7.80833767e-01
 -2.90795114e+00 1.00209872e+00
 -3.25979908e+00 1.32827119e+00
 -4.02766410e+00 1.83311066e+00
 -4.78998111e+00 2.66070623e+00
 -5.71409145e+00 4.10273940e+00
 -6.24872123e+00 6.70557758e+00
 -4.98879149e+00 1.08793866e+01
 4.49319223e-01 1.38859810e+01
 6.12066055e+00 1.11914756e+01
 7.73238109e+00 6.94980966e+00
 7.07723602e+00 4.24425554e+00
 6.28747480e+00 2.74300542e+00
 5.47549267e+00 1.88381470e+00
 4.81603536e+00 1.36128659e+00
 4.28391476e+00 1.02449336e+00
 4.01590991e+00 7.96397448e-01
 3.66824596e+00 6.35432828e-01
 3.30432111e+00 5.17896574e-01
 3.10277283e+00 4.29584184e-01
 2.91340814e+00 3.61607197e-01
 2.79329109e+00 3.08191781e-01
 2.61102179e+00 2.65463905e-01
 2.51171478e+00 2.30749963e-01
 2.49965488e+00 2.02158726e-01
 2.36264864e+00 1.78323008e-01
 2.25466234e+00 1.58235235e-01
 2.19938341e+00 1.41139986e-01
 2.14525087e+00 1.26462095e-01
 1.98204208e+00 1.13757511e-01
 1.94582567e+00 1.02679066e-01
 1.96966184e+00 9.29522051e-02
 1.77260741e+00 8.43575104e-02
 1.95163509e+00 7.67179314e-02
 1.86736888e+00 6.98893290e-02
 1.75218329e+00 6.37533879e-02
 1.65651614e+00 5.82122439e-02
 1.71733323e+00 5.31843689e-02
 1.64130936e+00 4.86013872e-02
 1.68263476e+00 4.44055908e-02
 1.68264597e+00 4.05479838e-02
 1.69661642e+00 3.69867305e-02
 1.59913720e+00 3.36859148e-02
 1.67271140e+00 3.06145421e-02
 1.58837475e+00 2.77457299e-02
 1.59274306e+00 2.50560478e-02
 1.55390239e+00 2.25249766e-02
 1.57682391e+00 2.01344613e-02
 1.56145074e+00 1.78685408e-02
 1.56029953e+00 1.57130385e-02
 1.68379234e+00 1.36553035e-02
 1.51258253e+00 1.16839919e-02
 1.52465922e+00 9.78888176e-03
 1.41970245e+00 7.96071566e-03
 1.51004486e+00 6.19106586e-03
 1.59448282e+00 4.47221826e-03
 1.54901680e+00 2.79707203e-03
 1.51866873e+00 1.15905228e-03
 1.50369930e+00 -4.47966374e-04
 1.56423473e+00 -2.02972730e-03
 1.53832245e+00 -3.59165166e-03
 1.51966599e+00 -5.13889200e-03
 1.40563945e+00 -6.67638062e-03
 1.51940382e+00 -8.20887371e-03
 1.57579610e+00 -9.74099194e-03
 1.56989849e+00 -1.12772584e-02
 1.54614414e+00 -1.28221340e-02
 1.53281464e+00 -1.43800523e-02
 1.50740516e+00 -1.59554516e-02
 1.58191740e+00 -1.75528080e-02
 1.67590600e+00 -1.91766678e-02
 1.54592900e+00 -2.08316794e-02
 1.61204173e+00 -2.25226274e-02
 1.65106507e+00 -2.42544666e-02
 1.64645285e+00 -2.60323584e-02
 1.61523549e+00 -2.78617093e-02
 1.73215372e+00 -2.97482111e-02
 1.72285524e+00 -3.16978863e-02
 1.72283103e+00 -3.37171354e-02
 1.66822551e+00 -3.58127898e-02
 1.69257202e+00 -3.79921705e-02
 1.74316158e+00 -4.02631521e-02
 1.67687293e+00 -4.26342351e-02
 1.83739131e+00 -4.51146269e-02
 1.77041655e+00 -4.77143321e-02
 1.79843741e+00 -5.04442558e-02
 1.93087557e+00 -5.33163200e-02
 1.93646967e+00 -5.63435960e-02
 1.89778104e+00 -5.95404568e-02
 2.00405999e+00 -6.29227507e-02
 2.01362469e+00 -6.65080014e-02
 2.00231557e+00 -7.03156402e-02
 2.10899533e+00 -7.43672734e-02
 2.11366145e+00 -7.86869945e-02
 2.02777388e+00 -8.33017487e-02
 2.10606457e+00 -8.82417590e-02
 2.29420801e+00 -9.35410289e-02
 2.13713512e+00 -9.92379347e-02
 2.18311515e+00 -1.05375929e-01
 2.32885881e+00 -1.12004378e-01
 2.38264442e+00 -1.19179565e-01
 2.42515225e+00 -1.26965892e-01
 2.60207055e+00 -1.35437338e-01
 2.59680170e+00 -1.44679228e-01
 2.65152158e+00 -1.54790391e-01
 2.72374729e+00 -1.65885812e-01
 2.86755606e+00 -1.78099915e-01
 2.95234408e+00 -1.91590643e-01
 2.94917915e+00 -2.06544572e-01
 3.03654414e+00 -2.23183367e-01
 3.17733170e+00 -2.41772000e-01
 3.33406785e+00 -2.62629291e-01
 3.48524409e+00 -2.86141563e-01
 3.61357228e+00 -3.12780502e-01
 3.82570769e+00 -3.43126754e-01
 3.95660834e+00 -3.77901474e-01
 4.08268967e+00 -4.18009020e-01
 4.18914563e+00 -4.64595502e-01
 4.53163601e+00 -5.19130272e-01
 4.79670593e+00 -5.83521136e-01
 5.08613812e+00 -6.60280153e-01
 5.47719121e+00 -7.52766834e-01
 5.76767211e+00 -8.65552594e-01
 6.22700346e+00 -1.00497994e+00
 6.69600780e+00 -1.18004341e+00
 7.33763088e+00 -1.40381872e+00
 8.00096232e+00 -1.69585920e+00
 8.86762600e+00 -2.08636472e+00
 9.75870628e+00 -2.62373737e+00
 1.09201263e+01 -3.38889805e+00
 1.24842599e+01 -4.52368196e+00
 1.43088742e+01 -6.28938684e+00
 1.64064477e+01 -9.18806585e+00
 1.85812222e+01 -1.41799081e+01
 1.89802182e+01 -2.27221001e+01
 1.23405665e+01 -3.41717836e+01
 -4.49594192e+00 -3.80860482e+01
 -1.69091296e+01 -2.85976165e+01
 -1.93455911e+01 -1.80545263e+01
 -1.77438747e+01 -1.14268394e+01
 -1.54079223e+01 -7.61322046e+00
 -1.33417199e+01 -5.35004890e+00
 -1.18721888e+01 -3.93347270e+00
 -1.03922130e+01 -3.00006626e+00
 -9.37315410e+00 -2.35709964e+00
 -8.47680928e+00 -1.89733836e+00
 -7.74731645e+00 -1.55811394e+00
 -7.11668973e+00 -1.30112139e+00
 -6.47525091e+00 -1.10200128e+00
 -6.15298337e+00 -9.44716954e-01
 -5.71801281e+00 -8.18386898e-01
 -5.27618508e+00 -7.15429429e-01
 -5.08424896e+00 -6.30437436e-01
 -4.79740732e+00 -5.59474289e-01
 -4.51188520e+00 -4.99620839e-01
 -4.35702515e+00 -4.48676591e-01
 -4.04431992e+00 -4.04958108e-01
 -3.92873171e+00 -3.67160214e-01
 -3.82994486e+00 -3.34258678e-01
 -3.65325966e+00 -3.05440821e-01
 -3.47482774e+00 -2.80055277e-01
 -3.37150132e+00 -2.57575112e-01
 -3.24721142e+00 -2.37570398e-01
 -3.18350721e+00 -2.19687576e-01
 -3.07388891e+00 -2.03633748e-01
 -2.95982308e+00 -1.89164621e-01
 -2.85263165e+00 -1.76075137e-01
 -2.80748410e+00 -1.64192149e-01
 -2.71465827e+00 -1.53368641e-01
 -2.73011016e+00 -1.43479128e-01
 -2.56204593e+00 -1.34415975e-01
 -2.51960134e+00 -1.26086426e-01
 -2.50379614e+00 -1.18410196e-01
 -2.38944191e+00 -1.11317499e-01
 -2.48255659e+00 -1.04747436e-01
 -2.35469704e+00 -9.86466617e-02
 -2.37619111e+00 -9.29682715e-02
 -2.18614024e+00 -8.76708832e-02
 -2.10471702e+00 -8.27178615e-02
 -2.12498870e+00 -7.80766670e-02
 -2.06368019e+00 -7.37183057e-02
 -2.11350528e+00 -6.96168622e-02
 -2.04810909e+00 -6.57491010e-02
 -1.98221987e+00 -6.20941269e-02
 -1.94706545e+00 -5.86330915e-02
 -1.97419904e+00 -5.53489421e-02
 -1.94989873e+00 -5.22262031e-02
 -1.91743981e+00 -4.92507870e-02
 -1.86454495e+00 -4.64098291e-02
 -1.86118782e+00 -4.36915434e-02
 -1.93248435e+00 -4.10850957e-02
 -1.93325719e+00 -3.85804918e-02
 -1.84202829e+00 -3.61684787e-02
 -1.81192188e+00 -3.38404560e-02
 -1.79440887e+00 -3.15883977e-02
 -1.70011512e+00 -2.94047809e-02
 -1.73917293e+00 -2.72825220e-02
 -1.78485052e+00 -2.52149182e-02
 -1.81683344e+00 -2.31955939e-02
 -1.72441540e+00 -2.12184512e-02
 -1.70121729e+00 -1.92776238e-02
 -1.73701855e+00 -1.73674330e-02
 -1.73318253e+00 -1.54823464e-02
 -1.77440378e+00 -1.36169375e-02
 -1.70106968e+00 -1.17658466e-02
 -1.73584412e+00 -9.92374147e-03
 -1.66492325e+00 -8.08527892e-03
 -1.76380038e+00 -6.24506444e-03
 -1.57946018e+00 -4.39761136e-03
 -1.67424551e+00 -2.53729786e-03
 -1.67795338e+00 -6.58321480e-04
 -1.73086395e+00 1.24534965e-03
 -1.70950931e+00 3.18002959e-03
 -1.71911201e+00 5.15237244e-03
 -1.77741650e+00 7.16943612e-03
 -1.68857205e+00 9.23875355e-03
 -1.60129365e+00 1.13684124e-02
 -1.71578025e+00 1.35671452e-02
 -1.66233451e+00 1.58444321e-02
 -1.73587123e+00 1.82106180e-02
 -1.64192277e+00 2.06770478e-02
 -1.69516532e+00 2.32562220e-02
 -1.71743496e+00 2.59619786e-02
 -1.92826468e+00 2.88097045e-02
 -1.89779543e+00 3.18165843e-02
 -1.81072638e+00 3.50018932e-02
 -1.77929736e+00 3.83873441e-02
 -1.74087031e+00 4.19975005e-02
 -1.87681153e+00 4.58602711e-02
 -1.88455980e+00 5.00075037e-02
 -1.95497163e+00 5.44757032e-02
 -1.91385352e+00 5.93069048e-02
 -1.92305108e+00 6.45497406e-02
 -1.89601043e+00 7.02607514e-02
 -2.03402213e+00 7.65060106e-02
 -1.95663505e+00 8.33631469e-02
 -2.09319566e+00 9.09238831e-02
 -2.17776828e+00 9.92972451e-02
 -2.24523516e+00 1.08613653e-01
 -2.16927433e+00 1.19030181e-01
 -2.19231629e+00 1.30737381e-01
 -2.35864099e+00 1.43968227e-01
 -2.43698423e+00 1.59009960e-01
 -2.39953399e+00 1.76219960e-01
 -2.58413968e+00 1.96047282e-01
 -2.62474456e+00 2.19062265e-01
 -2.74352356e+00 2.45997868e-01
 -2.83214242e+00 2.77808286e-01
 -2.93944620e+00 3.15753578e-01
 -3.14697495e+00 3.61524239e-01
 -3.26711147e+00 4.17428559e-01
 -3.48739949e+00 4.86681186e-01
 -3.59661030e+00 5.73859490e-01
 -3.96304208e+00 6.85646802e-01
 -4.21002839e+00 8.32083052e-01
 -4.61497208e+00 1.02874647e+00
 -5.07484957e+00 1.30071150e+00
 -5.59202389e+00 1.69002801e+00
 -6.33641821e+00 2.27039588e+00
 -7.09044813e+00 3.17653104e+00
 -8.00820659e+00 4.66010341e+00
 -8.74113630e+00 7.16125718e+00
 -8.19179059e+00 1.11289585e+01
 -4.04273266e+00 1.53485491e+01
 2.83702616e+00 1.52728100e+01
 6.86470944e+00 1.10144906e+01
 7.33376552e+00 7.08850288e+00
 6.65171260e+00 4.62282006e+00
 5.73075017e+00 3.15936318e+00
 5.00663780e+00 2.26411110e+00
 4.20233808e+00 1.68982768e+00
 3.78201638e+00 1.30410422e+00
 3.23853280e+00 1.03439730e+00
 2.98768725e+00 8.39250490e-01
 2.62470234e+00 6.93905614e-01
 2.36871193e+00 5.82959761e-01
 2.16739481e+00 4.96473765e-01
 1.98916178e+00 4.27824121e-01
 1.77956099e+00 3.72470012e-01
 1.60226924e+00 3.27219689e-01
 1.48748329e+00 2.89779545e-01
 1.34947595e+00 2.58468692e-01
 1.28457909e+00 2.32033490e-01
 1.15304925e+00 2.09524120e-01
 1.15431356e+00 1.90210682e-01
 9.59491021e-01 1.73525025e-01
 9.38651873e-01 1.59019719e-01
 9.65895751e-01 1.46338633e-01
 7.87939458e-01 1.35195535e-01
 7.80301035e-01 1.25358306e-01
 6.90443937e-01 1.16637152e-01
 6.52583254e-01 1.08875710e-01
 5.65975765e-01 1.01944245e-01
 5.81554061e-01 9.57344175e-02
 4.20403774e-01 9.01552053e-02
 4.90405374e-01 8.51297058e-02
 3.87066927e-01 8.05926065e-02
 3.47336487e-01 7.64881691e-02
 4.32020020e-01 7.27686119e-02
 3.98759680e-01 6.93928023e-02
 3.76916122e-01 6.63251950e-02
 3.64737999e-01 6.35349632e-02
 2.25892934e-01 6.09952850e-02
 2.12444404e-01 5.86827535e-02
 2.21523935e-01 5.65768872e-02
 1.74699715e-01 5.46597214e-02
 1.18173754e-01 5.29154666e-02
 1.17008053e-01 5.13302209e-02
 3.97732179e-02 4.98917272e-02
 9.84225764e-02 4.85891685e-02
 1.94029634e-01 4.74129929e-02
 -2.88253609e-02 4.63547657e-02
 1.16680995e-01 4.54070431e-02
 -2.69216908e-02 4.45632632e-02
 -1.08387575e-01 4.38176548e-02
 -7.43989400e-03 4.31651573e-02
 -4.06356468e-02 4.26013536e-02
 -1.67760836e-01 4.21224122e-02
 -1.37363424e-01 4.17250379e-02
 -1.12740893e-01 4.14064304e-02
 -1.34700321e-01 4.11642490e-02
 -1.76434121e-01 4.09965834e-02
 -1.64432653e-01 4.09019300e-02
 -1.97537818e-01 4.08791725e-02
 -1.53794602e-01 4.09275670e-02
 -2.88468487e-01 4.10467316e-02
 -2.54261573e-01 4.12366397e-02
 -3.37206704e-01 4.14976163e-02
 -2.64803908e-01 4.18303393e-02
 -1.89936214e-01 4.22358430e-02
 -4.14759622e-01 4.27155262e-02
 -3.28118934e-01 4.32711639e-02
 -3.57367978e-01 4.39049225e-02
 -3.02609592e-01 4.46193797e-02
 -4.70739897e-01 4.54175489e-02
 -4.19271057e-01 4.63029079e-02
 -4.93704372e-01 4.72794340e-02
 -4.05722689e-01 4.83516441e-02
 -4.61016473e-01 4.95246426e-02
 -4.96630556e-01 5.08041763e-02
 -5.17364416e-01 5.21966983e-02
 -4.22525134e-01 5.37094419e-02
 -5.34664786e-01 5.53505059e-02
 -5.19655078e-01 5.71289535e-02
 -6.04118760e-01 5.90549270e-02
 -6.25209878e-01 6.11397799e-02
 -6.54695881e-01 6.33962310e-02
 -6.71799131e-01 6.58385434e-02
 -8.18270948e-01 6.84827334e-02
 -7.40590484e-01 7.13468141e-02
 -7.70095405e-01 7.44510824e-02
 -7.94678511e-01 7.78184551e-02
 -8.74121263e-01 8.14748667e-02
 -8.15161599e-01 8.54497403e-02
 -9.19309883e-01 8.97765483e-02
 -8.51931850e-01 9.44934813e-02
 -9.77388177e-01 9.96442514e-02
 -9.42959126e-01 1.05279061e-01
 -1.12312440e+00 1.11455773e-01
 -1.10969655e+00 1.18241346e-01
 -1.19795289e+00 1.25713576e-01
 -1.22826231e+00 1.33963258e-01
 -1.28527266e+00 1.43096857e-01
 -1.38215494e+00 1.53239844e-01
 -1.37216954e+00 1.64540891e-01
 -1.52465998e+00 1.77177183e-01
 -1.56556540e+00 1.91361204e-01
 -1.70081755e+00 2.07349472e-01
 -1.80705431e+00 2.25453905e-01
 -1.93667400e+00 2.46056741e-01
 -1.92369472e+00 2.69630343e-01
 -2.10642725e+00 2.96763809e-01
 -2.30753960e+00 3.28199147e-01
 -2.28093810e+00 3.64881167e-01
 -2.57233340e+00 4.08027305e-01
 -2.65381826e+00 4.59226942e-01
 -2.84158528e+00 5.20585249e-01
 -3.14591893e+00 5.94935607e-01
 -3.33029930e+00 6.86160187e-01
 -3.81822714e+00 7.99685433e-01
 -4.14628415e+00 9.43268360e-01
 -4.41204815e+00 1.12828132e+00
 -4.97688211e+00 1.37187962e+00
 -5.33856301e+00 1.70078845e+00
 -6.06197717e+00 2.15816515e+00
 -6.97073974e+00 2.81648450e+00
 -7.94555019e+00 3.80237002e+00
 -9.13118063e+00 5.34401931e+00
 -1.02023581e+01 7.84969287e+00
 -1.08145875e+01 1.19401601e+01
 -8.67097593e+00 1.78077943e+01
 -1.61918307e+00 2.24358424e+01
 7.35647032e+00 2.04187220e+01
 1.13805662e+01 1.44195788e+01
 1.18094526e+01 9.46106578e+00
 1.07833792e+01 6.32806782e+00
 9.52159847e+00 4.41756709e+00
 8.48675566e+00 3.21778388e+00
 7.63740044e+00 2.43127446e+00
 6.79720935e+00 1.89371241e+00
 6.24435994e+00 1.51249264e+00
 5.85702633e+00 1.23343360e+00
 5.29599203e+00 1.02354515e+00
 5.00720658e+00 8.61972484e-01
 4.60571608e+00 7.35078168e-01
 4.32966298e+00 6.33671710e-01
 4.12016557e+00 5.51392024e-01
 3.96839980e+00 4.83731003e-01
 3.79907756e+00 4.27425859e-01
 3.68556975e+00 3.80070387e-01
 3.31824223e+00 3.39859982e-01
 3.24480688e+00 3.05420577e-01
 3.22669878e+00 2.75691493e-01
 3.01331843e+00 2.49843722e-01
 2.97359607e+00 2.27221931e-01
 2.85192711e+00 2.07302676e-01
 2.74532676e+00 1.89663851e-01
 2.71756526e+00 1.73962063e-01
 2.66870300e+00 1.59915669e-01
 2.60255409e+00 1.47291925e-01
 2.56703215e+00 1.35897137e-01
 2.46480122e+00 1.25569046e-01
 2.50971985e+00 1.16170884e-01
 2.47011627e+00 1.07586704e-01
 2.40753744e+00 9.97176691e-02
 2.39803324e+00 9.24790879e-02
 2.21809114e+00 8.57980345e-02
 2.11846826e+00 7.96114167e-02
 2.24896568e+00 7.38644034e-02
 2.15977970e+00 6.85091355e-02
 2.09495414e+00 6.35036631e-02
 2.12295404e+00 5.88110654e-02
 2.11614614e+00 5.43987167e-02
 2.05388457e+00 5.02376725e-02
 2.04899048e+00 4.63021537e-02
 2.07165094e+00 4.25691099e-02
 1.99214609e+00 3.90178492e-02
 2.08740921e+00 3.56297223e-02
 2.00325160e+00 3.23878526e-02
 1.98946586e+00 2.92769033e-02
 1.99363452e+00 2.62828765e-02
 1.93889302e+00 2.33929386e-02
 2.02339343e+00 2.05952683e-02
 1.92463204e+00 1.78789230e-02
 1.92656442e+00 1.52337207e-02
 1.87072392e+00 1.26501360e-02
 2.01092210e+00 1.01192067e-02
 1.88970239e+00 7.63244972e-03
 1.91725521e+00 5.18178512e-03
 1.82669154e+00 2.75946660e-03
 1.90704617e+00 3.58017229e-04
 2.00039836e+00 -2.02983049e-03
 1.93153120e+00 -4.41119114e-03
 2.01014228e+00 -6.79308041e-03
 1.81795677e+00 -9.18246736e-03
 1.94317413e+00 -1.15863257e-02
 1.94878147e+00 -1.40116846e-02
 1.99548279e+00 -1.64656801e-02
 1.85283602e+00 -1.89556077e-02
 1.84575773e+00 -2.14889762e-02
 1.98547340e+00 -2.40735646e-02
 1.98336303e+00 -2.67174826e-02
 1.94187438e+00 -2.94292343e-02
 1.94580195e+00 -3.22177883e-02
 2.02639913e+00 -3.50926535e-02
 1.91378331e+00 -3.80639621e-02
 2.09876912e+00 -4.11425624e-02
 2.04519056e+00 -4.43401211e-02
 2.08972540e+00 -4.76692384e-02
 2.00825806e+00 -5.11435780e-02
 2.21472937e+00 -5.47780138e-02
 2.16824488e+00 -5.85887963e-02
 2.13354756e+00 -6.25937436e-02
 2.21437267e+00 -6.68124595e-02
 2.25351287e+00 -7.12665852e-02
 2.29278639e+00 -7.59800899e-02
 2.28199793e+00 -8.09796079e-02
 2.32482201e+00 -8.62948313e-02
 2.38569149e+00 -9.19589697e-02
 2.39549338e+00 -9.80092889e-02
 2.40239687e+00 -1.04487747e-01
 2.42189985e+00 -1.11441745e-01
 2.53627855e+00 -1.18925026e-01
 2.61742773e+00 -1.26998737e-01
 2.59255785e+00 -1.35732719e-01
 2.64299995e+00 -1.45207045e-01
 2.74740966e+00 -1.55513901e-01
 2.65396120e+00 -1.66759869e-01
 2.81872666e+00 -1.79068726e-01
 2.92420524e+00 -1.92584901e-01
 3.06796922e+00 -2.07477762e-01
 3.27021560e+00 -2.23946977e-01
 3.19220418e+00 -2.42229255e-01
 3.29002526e+00 -2.62606912e-01
 3.46601548e+00 -2.85418813e-01
 3.46586788e+00 -3.11074496e-01
 3.62303998e+00 -3.40072576e-01
 3.78699932e+00 -3.73024955e-01
 3.94256559e+00 -4.10689025e-01
 4.13860874e+00 -4.54011027e-01
 4.36716532e+00 -5.04185151e-01
 4.49944662e+00 -5.62735236e-01
 4.72059106e+00 -6.31629419e-01
 5.02589422e+00 -7.13443683e-01
 5.31850087e+00 -8.11599413e-01
 5.68753797e+00 -9.30715293e-01
 6.03988440e+00 -1.07714006e+00
 6.47452088e+00 -1.25977849e+00
 6.96030654e+00 -1.49140619e+00
 7.60367983e+00 -1.79082346e+00
 8.29153984e+00 -2.18649554e+00
 9.09726458e+00 -2.72291194e+00
 1.01021949e+01 -3.47206948e+00
 1.14226243e+01 -4.55479964e+00
 1.27249399e+01 -6.18075750e+00
 1.43684942e+01 -8.71950344e+00
 1.56895600e+01 -1.27912253e+01
 1.54849978e+01 -1.91452529e+01
 1.10031780e+01 -2.71624993e+01
 -2.13744845e-01 -3.13426545e+01
 -1.09490692e+01 -2.66758342e+01
 -1.51816880e+01 -1.86730696e+01
 -1.50997221e+01 -1.24839535e+01
 -1.37631934e+01 -8.53658458e+00
 -1.21157462e+01 -6.07215235e+00
 -1.08337773e+01 -4.48928742e+00
 -9.53414855e+00 -3.43209234e+00
 -8.55486441e+00 -2.69859547e+00
 -7.76809217e+00 -2.17212945e+00
 -7.09496541e+00 -1.78299056e+00
 -6.43574464e+00 -1.48799173e+00
 -5.99932575e+00 -1.25943306e+00
 -5.46764569e+00 -1.07897896e+00
 -5.22277122e+00 -9.34144667e-01
 -4.84382208e+00 -8.16212486e-01
 -4.51297538e+00 -7.18957006e-01
 -4.42783848e+00 -6.37842648e-01
 -3.98175413e+00 -5.69505151e-01
 -3.86877459e+00 -5.11408490e-01
 -3.65310469e+00 -4.61612938e-01
 -3.49535066e+00 -4.18615149e-01
 -3.39007151e+00 -3.81235915e-01
 -3.14992437e+00 -3.48540086e-01
 -3.11064991e+00 -3.19778573e-01
 -2.93034471e+00 -2.94345765e-01
 -2.74495381e+00 -2.71747862e-01
 -2.80142537e+00 -2.51579055e-01
 -2.54644432e+00 -2.33503396e-01
 -2.53004567e+00 -2.17240886e-01
 -2.33434338e+00 -2.02556671e-01
 -2.40580535e+00 -1.89252596e-01
 -2.35693026e+00 -1.77160547e-01
 -2.27058363e+00 -1.66137150e-01
 -2.19270594e+00 -1.56059532e-01
 -2.10978621e+00 -1.46821908e-01
 -2.04495073e+00 -1.38332804e-01
 -1.99862738e+00 -1.30512799e-01
 -1.99498206e+00 -1.23292667e-01
 -1.91065400e+00 -1.16611844e-01
 -1.88850231e+00 -1.10417159e-01
 -1.72724593e+00 -1.04661778e-01
 -1.76421916e+00 -9.93043128e-02
 -1.70777524e+00 -9.43080775e-02
 -1.73012299e+00 -8.96404608e-02
 -1.75249620e+00 -8.52723906e-02
 -1.67662121e+00 -8.11778806e-02
 -1.45676838e+00 -7.73336421e-02
 -1.51845385e+00 -7.37187517e-02
 -1.56188022e+00 -7.03143653e-02
 -1.56472514e+00 -6.71034709e-02
 -1.43701966e+00 -6.40706757e-02
 -1.39286709e+00 -6.12020197e-02
 -1.46688616e+00 -5.84848147e-02
 -1.39836189e+00 -5.59075030e-02
 -1.40368991e+00 -5.34595335e-02
 -1.37758530e+00 -5.11312534e-02
 -1.31197346e+00 -4.89138122e-02
 -1.32057229e+00 -4.67990771e-02
 -1.31009091e+00 -4.47795582e-02
 -1.36070358e+00 -4.28483418e-02
 -1.30068825e+00 -4.09990305e-02
 -1.25305896e+00 -3.92256909e-02
 -1.21989406e+00 -3.75228050e-02
 -1.19187926e+00 -3.58852274e-02
 -1.16641073e+00 -3.43081466e-02
 -1.14449907e+00 -3.27870492e-02
 -1.24334499e+00 -3.13176875e-02
 -1.12270155e+00 -2.98960501e-02
 -1.13144985e+00 -2.85183337e-02
 -1.20952447e+00 -2.71809179e-02
 -1.13439602e+00 -2.58803404e-02
 -1.14153034e+00 -2.46132748e-02
 -1.22578383e+00 -2.33765079e-02
 -1.10256285e+00 -2.21669183e-02
 -1.16164613e+00 -2.09814558e-02
 -1.10915172e+00 -1.98171200e-02
 -1.10501927e+00 -1.86709393e-02
 -1.05077495e+00 -1.75399493e-02
 -1.08806081e+00 -1.64211698e-02
 -9.90564438e-01 -1.53115815e-02
 -1.12853792e+00 -1.42081001e-02
 -1.02730051e+00 -1.31075488e-02
 -1.07407540e+00 -1.20066282e-02
 -1.17116213e+00 -1.09018823e-02
 -1.06610453e+00 -9.78966084e-03
 -1.00627911e+00 -8.66607639e-03
 -1.00783387e+00 -7.52695546e-03
 -1.03319292e+00 -6.36778187e-03
 -9.97012380e-01 -5.18363107e-03
 -1.05591877e+00 -3.96909323e-03
 -1.06053185e+00 -2.71818258e-03
 -1.05841906e+00 -1.42422981e-03
 -1.02391347e+00 -7.97536666e-05
 -1.06337126e+00 1.32369341e-03
 -9.27075440e-01 2.79571188e-03
 -1.01633446e+00 4.34728215e-03
 -1.15559328e+00 5.99104264e-03
 -1.05140811e+00 7.74163257e-03
 -1.10764465e+00 9.61611743e-03
 -1.04455552e+00 1.16345210e-02
 -1.05385764e+00 1.38204955e-02
 -1.03851112e+00 1.62021727e-02
 -1.12914347e+00 1.88132535e-02
 -1.17084433e+00 2.16944165e-02
 -1.12667721e+00 2.48951550e-02
 -1.08887187e+00 2.84761992e-02
 -1.13969906e+00 3.25127444e-02
 -1.08557405e+00 3.70988051e-02
 -1.07830016e+00 4.23531648e-02
 -1.19600858e+00 4.84276199e-02
 -1.15096309e+00 5.55185783e-02
 -1.27808072e+00 6.38836487e-02
 -1.18001127e+00 7.38658038e-02
 -1.31597820e+00 8.59292781e-02
 -1.33111533e+00 1.00714071e-01
 -1.31508687e+00 1.19120686e-01
 -1.33272960e+00 1.42445362e-01
 -1.41334968e+00 1.72602015e-01
 -1.49542148e+00 2.12497607e-01
 -1.55041347e+00 2.66686743e-01
 -1.69898118e+00 3.42545955e-01
 -1.66458375e+00 4.52418760e-01
 -1.83190638e+00 6.17478221e-01
 -2.04254325e+00 8.73857969e-01
 -2.10703011e+00 1.27676060e+00
 -2.02043615e+00 1.86911367e+00
 -1.45755926e+00 2.50626600e+00
 -3.85265420e-01 2.66811269e+00
 3.10111176e-01 2.16367759e+00
 5.88753509e-01 1.51296323e+00
 5.39737786e-01 1.03000510e+00
 5.38874944e-01 7.18673860e-01
 3.36539069e-01 5.20316358e-01
 2.97543502e-01 3.90473828e-01
 5.98210418e-02 3.02399279e-01
 -1.00781697e-01 2.40552764e-01
 5.72143500e-02 1.95759206e-01
 -8.58462923e-02 1.62433086e-01
 -1.83200230e-01 1.37058718e-01
 -1.95791971e-01 1.17351110e-01
 -1.72310774e-01 1.01780761e-01
 -2.50066378e-01 8.92963029e-02
 -1.90014157e-01 7.91576284e-02
 -2.31273057e-01 7.08325279e-02
 -4.90084027e-01 6.39309228e-02
 -4.03379609e-01 5.81619723e-02
 -3.85274888e-01 5.33054596e-02
 -4.76317323e-01 4.91923072e-02
 -4.98669475e-01 4.56910554e-02
 -4.61318036e-01 4.26983186e-02
 -5.52026340e-01 4.01319398e-02
 -4.51742059e-01 3.79260110e-02
 -4.32173469e-01 3.60272008e-02
 -5.94504508e-01 3.43920144e-02
 -5.57827551e-01 3.29847238e-02
 -5.51202418e-01 3.17757897e-02
 -6.13250748e-01 3.07406454e-02
 -5.32520788e-01 2.98587517e-02
 -5.56695896e-01 2.91128554e-02
 -5.49716075e-01 2.84884044e-02
 -5.30781860e-01 2.79730813e-02
 -6.31596124e-01 2.75564304e-02
 -6.45773960e-01 2.72295566e-02
 -6.00193650e-01 2.69848814e-02
 -6.04263600e-01 2.68159439e-02
 -6.97418218e-01 2.67172379e-02
 -6.60953205e-01 2.66840778e-02
 -6.93776301e-01 2.67124883e-02
 -7.76876725e-01 2.67991122e-02
 -7.01694083e-01 2.69411351e-02
 -6.38111628e-01 2.71362216e-02
 -6.90195693e-01 2.73824631e-02
 -6.80418667e-01 2.76783343e-02
 -7.54391649e-01 2.80226565e-02
 -7.44815542e-01 2.84145684e-02
 -7.27459219e-01 2.88535011e-02
 -6.89180535e-01 2.93391589e-02
 -7.96271648e-01 2.98715033e-02
 -6.80568980e-01 3.04507408e-02
 -7.71766834e-01 3.10773143e-02
 -8.04006790e-01 3.17518973e-02
 -8.40378185e-01 3.24753897e-02
 -7.80294106e-01 3.32489181e-02
 -8.06976210e-01 3.40738364e-02
 -9.45938410e-01 3.49517304e-02
 -8.88525028e-01 3.58844232e-02
 -8.88658572e-01 3.68739842e-02
 -9.58629022e-01 3.79227396e-02
 -8.91694482e-01 3.90332857e-02
 -8.53856463e-01 4.02085044e-02
 -9.80393679e-01 4.14515818e-02
 -1.04300456e+00 4.27660297e-02
 -1.01563730e+00 4.41557103e-02
 -9.76786701e-01 4.56248640e-02
 -1.02462488e+00 4.71781421e-02
 -1.01676678e+00 4.88206427e-02
 -1.05410000e+00 5.05579526e-02
 -1.04426637e+00 5.23961937e-02
 -1.07555462e+00 5.43420769e-02
 -1.08796203e+00 5.64029617e-02
 -1.17232511e+00 5.85869254e-02
 -1.16578168e+00 6.09028401e-02
 -1.19429698e+00 6.33604619e-02
 -1.17275766e+00 6.59705314e-02
 -1.16612911e+00 6.87448886e-02
 -1.30692425e+00 7.16966052e-02
 -1.26920056e+00 7.48401347e-02
 -1.30943648e+00 7.81914867e-02
 -1.39121238e+00 8.17684260e-02
 -1.26709093e+00 8.55907039e-02
 -1.38957661e+00 8.96803254e-02
 -1.41762586e+00 9.40618599e-02
 -1.49971581e+00 9.87628030e-02
 -1.52718259e+00 1.03814000e-01
 -1.50977401e+00 1.09250145e-01
 -1.55604111e+00 1.15110360e-01
 -1.56669664e+00 1.21438895e-01
 -1.58913361e+00 1.28285943e-01
 -1.64013511e+00 1.35708621e-01
 -1.77697477e+00 1.43772144e-01
 -1.89604188e+00 1.52551230e-01
 -1.95371881e+00 1.62131813e-01
 -1.87262844e+00 1.72613107e-01
 -2.04061833e+00 1.84110140e-01
 -2.20022708e+00 1.96756870e-01
 -2.17499470e+00 2.10710025e-01
 -2.31169176e+00 2.26153896e-01
 -2.33402137e+00 2.43306341e-01
 -2.35566750e+00 2.62426361e-01
 -2.54786695e+00 2.83823747e-01
 -2.70334275e+00 3.07871456e-01
 -2.79056469e+00 3.35021638e-01
 -2.96368765e+00 3.65826591e-01
 -3.00618354e+00 4.00966439e-01
 -3.23607195e+00 4.41286104e-01
 -3.32943389e+00 4.87845288e-01
 -3.61826804e+00 5.41986927e-01
 -3.68410972e+00 6.05432269e-01
 -3.98133977e+00 6.80414976e-01
 -4.28090045e+00 7.69873438e-01
 -4.59079102e+00 8.77731624e-01
 -4.88094099e+00 1.00931745e+00
 -5.23690934e+00 1.17199968e+00
 -5.72485259e+00 1.37618051e+00
 -6.22177247e+00 1.63688282e+00
 -6.68508667e+00 1.97635805e+00
 -7.50895425e+00 2.42849442e+00
 -8.28575619e+00 3.04647530e+00
 -9.15395665e+00 3.91637848e+00
 -1.03342704e+01 5.18142716e+00
 -1.14803396e+01 7.08314223e+00
 -1.26831445e+01 1.00152538e+01
 -1.29747589e+01 1.45001694e+01
 -1.10009392e+01 2.06174457e+01
 -4.34050738e+00 2.60153090e+01
 5.49631811e+00 2.58012922e+01
 1.19084979e+01 2.02222708e+01
 1.37286514e+01 1.41812031e+01
 1.32258720e+01 9.80764947e+00
 1.22202905e+01 6.95398452e+00
 1.08014215e+01 5.10034889e+00
 9.81393567e+00 3.86421609e+00
 8.87966444e+00 3.01197231e+00
 8.09358342e+00 2.40503173e+00
 7.32116853e+00 1.95995272e+00
 6.87083673e+00 1.62506778e+00
 6.31676018e+00 1.36738240e+00
 5.98884116e+00 1.16518732e+00
 5.42321866e+00 1.00379792e+00
 5.21417957e+00 8.73028685e-01
 4.86921165e+00 7.65653022e-01
 4.70318677e+00 6.76438331e-01
 4.40140094e+00 6.01525794e-01
 4.27716407e+00 5.38022320e-01
 4.01464305e+00 4.83726220e-01
 3.79241252e+00 4.36939106e-01
 3.68535302e+00 3.96334572e-01
 3.70294110e+00 3.60864976e-01
 3.50296746e+00 3.29694253e-01
 3.30470727e+00 3.02148818e-01
 3.16109387e+00 2.77681208e-01
 3.14802596e+00 2.55842840e-01
 3.08447524e+00 2.36263372e-01
 2.98036983e+00 2.18634910e-01
 2.87655147e+00 2.02699792e-01
 2.86138066e+00 1.88241068e-01
 2.78032326e+00 1.75075018e-01
 2.78842242e+00 1.63045212e-01
 2.70799523e+00 1.52017780e-01
 2.64407696e+00 1.41877597e-01
 2.49508313e+00 1.32525205e-01
 2.47612915e+00 1.23874304e-01
 2.48970353e+00 1.15849694e-01
 2.41325404e+00 1.08385588e-01
 2.44491849e+00 1.01424204e-01
 2.37114235e+00 9.49146064e-02
 2.38251038e+00 8.88117250e-02
 2.29623180e+00 8.30755398e-02
 2.33393804e+00 7.76703891e-02
 2.19364521e+00 7.25643839e-02
 2.20729213e+00 6.77289098e-02
 2.18293451e+00 6.31382013e-02
 2.09278554e+00 5.87689763e-02
 2.15192311e+00 5.46001216e-02
 2.03632543e+00 5.06124205e-02
 2.15832617e+00 4.67883164e-02
 2.02178438e+00 4.31117064e-02
 2.04920609e+00 3.95677607e-02
 2.04562065e+00 3.61427633e-02
 2.07517638e+00 3.28239710e-02
 2.04585620e+00 2.95994886e-02
 2.05475412e+00 2.64581562e-02
 2.01931785e+00 2.33894486e-02
 2.06889074e+00 2.03833836e-02
 1.98644149e+00 1.74304380e-02
 2.00291218e+00 1.45214705e-02
 1.97576927e+00 1.16476495e-02
 1.98354233e+00 8.80038539e-03
 1.95738366e+00 5.97126608e-03
 2.04808622e+00 3.15199443e-03
 2.00376967e+00 3.34327661e-04
 1.99523763e+00 -2.48998288e-03
 1.99225927e+00 -5.32925214e-03
 1.96129946e+00 -8.19192272e-03
 1.91569867e+00 -1.10866282e-02
 2.00389432e+00 -1.40222593e-02
 1.91431017e+00 -1.70080332e-02
 1.99971688e+00 -2.00535688e-02
 2.02574384e+00 -2.31689666e-02
 1.95091872e+00 -2.63648966e-02
 2.10649570e+00 -2.96526946e-02
 1.98282981e+00 -3.30444689e-02
 2.13852818e+00 -3.65532194e-02
 2.10734415e+00 -4.01929712e-02
 2.10556600e+00 -4.39789253e-02
 2.15679376e+00 -4.79276304e-02
 2.10445041e+00 -5.20571773e-02
 2.05682278e+00 -5.63874238e-02
 2.20470460e+00 -6.09402521e-02
 2.24167153e+00 -6.57398669e-02
 2.18249383e+00 -7.08131420e-02
 2.25732900e+00 -7.61900238e-02
 2.28262777e+00 -8.19040046e-02
 2.34659484e+00 -8.79926786e-02
 2.36713143e+00 -9.44983989e-02
 2.39215666e+00 -1.01469057e-01
 2.45656199e+00 -1.08959014e-01
 2.52357787e+00 -1.17030208e-01
 2.54972780e+00 -1.25753498e-01
 2.52000109e+00 -1.35210281e-01
 2.58413492e+00 -1.45494464e-01
 2.66829913e+00 -1.56714866e-01
 2.66791807e+00 -1.68998186e-01
 2.62736422e+00 -1.82492670e-01
 2.76528898e+00 -1.97372679e-01
 2.82082708e+00 -2.13844424e-01
 3.00682785e+00 -2.32153219e-01
 3.11787967e+00 -2.52592722e-01
 3.12594766e+00 -2.75516810e-01
 3.26828679e+00 -3.01354988e-01
 3.46401962e+00 -3.30632563e-01
 3.48225080e+00 -3.63997345e-01
 3.63782848e+00 -4.02255384e-01
 3.87228323e+00 -4.46419379e-01
 3.93690610e+00 -4.97775127e-01
 4.07686869e+00 -5.57974022e-01
 4.31580726e+00 -6.29163832e-01
 4.57578833e+00 -7.14176704e-01
 4.80237744e+00 -8.16804400e-01
 5.12540936e+00 -9.42209327e-01
 5.48891908e+00 -1.09755169e+00
 5.83804367e+00 -1.29296895e+00
 6.25100670e+00 -1.54314415e+00
 6.77664093e+00 -1.86988339e+00
 7.46229442e+00 -2.30646401e+00
 8.14887740e+00 -2.90514195e+00
 8.96940248e+00 -3.75028771e+00
 9.85043710e+00 -4.98102679e+00
 1.09059435e+01 -6.82639347e+00
 1.17440508e+01 -9.63656007e+00
 1.15093697e+01 -1.37820614e+01
 8.84576956e+00 -1.89343617e+01
 2.38941775e+00 -2.24650781e+01
 -5.35823501e+00 -2.09907327e+01
 -9.79396238e+00 -1.60809345e+01
 -1.07990807e+01 -1.13444471e+01
 -1.03619882e+01 -7.96583666e+00
 -9.36766051e+00 -5.73530283e+00
 -8.34060914e+00 -4.26197046e+00
 -7.49433537e+00 -3.26391505e+00
 -6.72191160e+00 -2.56657156e+00
 -6.03979270e+00 -2.06443822e+00
 -5.52882521e+00 -1.69286350e+00
 -5.01548758e+00 -1.41119199e+00
 -4.59649233e+00 -1.19311571e+00
 -4.19722689e+00 -1.02112832e+00
 -3.98525106e+00 -8.83273104e-01
 -3.63062578e+00 -7.71187288e-01
 -3.41339335e+00 -6.78894539e-01
 -3.25126353e+00 -6.02040180e-01
 -3.02068227e+00 -5.37395015e-01
 -2.82496744e+00 -4.82526147e-01
 -2.66328842e+00 -4.35574062e-01
 -2.53096779e+00 -3.95098783e-01
 -2.43097550e+00 -3.59971831e-01
 -2.30273974e+00 -3.29299140e-01
 -2.23414046e+00 -3.02365233e-01
 -2.12717562e+00 -2.78592248e-01
 -2.04292044e+00 -2.57509486e-01
 -1.94684637e+00 -2.38730511e-01
 -1.82125082e+00 -2.21935740e-01
 -1.76290024e+00 -2.06859080e-01
 -1.69088933e+00 -1.93277575e-01
 -1.71783020e+00 -1.81003305e-01
 -1.57836140e+00 -1.69877008e-01
 -1.56878853e+00 -1.59763008e-01
 -1.38402168e+00 -1.50545165e-01
 -1.42875779e+00 -1.42123610e-01
 -1.35491200e+00 -1.34412094e-01
 -1.35524980e+00 -1.27335834e-01
 -1.27531839e+00 -1.20829744e-01
 -1.21261768e+00 -1.14836975e-01
 -1.17866395e+00 -1.09307705e-01
 -1.15964363e+00 -1.04198137e-01
 -1.18130619e+00 -9.94696504e-02
 -1.07438846e+00 -9.50881023e-02
 -1.07197158e+00 -9.10232251e-02
 -1.06608657e+00 -8.72481241e-02
 -9.27406331e-01 -8.37388480e-02
 -9.11039590e-01 -8.04740235e-02
 -8.81643151e-01 -7.74345420e-02
 -8.58215595e-01 -7.46032914e-02
 -8.72500551e-01 -7.19649251e-02
 -9.39548216e-01 -6.95056626e-02
 -8.08075920e-01 -6.72131173e-02
 -8.19649701e-01 -6.50761475e-02
 -7.23031723e-01 -6.30847264e-02
 -7.96301884e-01 -6.12298297e-02
 -7.64554492e-01 -5.95033380e-02
 -7.57941290e-01 -5.78979511e-02
 -8.41756220e-01 -5.64071139e-02
 -7.17510463e-01 -5.50249522e-02
 -7.24179499e-01 -5.37462162e-02
 -5.50751954e-01 -5.25662325e-02
 -6.06308514e-01 -5.14808621e-02
 -5.56689360e-01 -5.04864647e-02
 -6.27904648e-01 -4.95798685e-02
 -5.47801160e-01 -4.87583449e-02
 -5.50317804e-01 -4.80195881e-02
 -5.68098716e-01 -4.73616983e-02
 -5.57247778e-01 -4.67831701e-02
 -4.29545582e-01 -4.62828837e-02
 -4.13491884e-01 -4.58601014e-02
 -5.12024871e-01 -4.55144661e-02
 -4.14677905e-01 -4.52460060e-02
 -4.19278656e-01 -4.50551413e-02
 -4.50411804e-01 -4.49426965e-02
 -3.82614840e-01 -4.49099170e-02
 -3.96950178e-01 -4.49584905e-02
 -4.41140117e-01 -4.50905738e-02
 -3.75646427e-01 -4.53088260e-02
 -4.57617031e-01 -4.56164484e-02
 -2.42621208e-01 -4.60172319e-02
 -2.95724129e-01 -4.65156140e-02
 -2.65797058e-01 -4.71167452e-02
 -3.27997599e-01 -4.78265679e-02
 -1.83973813e-01 -4.86519093e-02
 -2.34434232e-01 -4.96005901e-02
 -1.69466521e-01 -5.06815534e-02
 -1.74330703e-01 -5.19050162e-02
 -1.59856896e-01 -5.32826486e-02
 -2.46108409e-01 -5.48277860e-02
 -6.42855919e-02 -5.65556818e-02
 -6.14031156e-03 -5.84838078e-02
 -9.38013926e-02 -6.06322148e-02
 -3.03325186e-02 -6.30239647e-02
 -4.41307572e-02 -6.56856532e-02
 3.36457701e-02 -6.86480430e-02
 -4.40091204e-02 -7.19468353e-02
 -1.48403187e-02 -7.56236160e-02
 3.48352069e-02 -7.97270209e-02
 9.55632443e-02 -8.43141818e-02
 9.35234501e-02 -8.94525307e-02
 5.68648170e-02 -9.52220681e-02
 1.35512985e-01 -1.01718236e-01
 2.21772417e-01 -1.09055584e-01
 2.61679397e-01 -1.17372491e-01
 2.05711881e-01 -1.26837303e-01
 2.11537739e-01 -1.37656375e-01
 3.59347552e-01 -1.50084750e-01
 4.29230828e-01 -1.64440465e-01
 4.66186408e-01 -1.81123981e-01
 5.11988995e-01 -2.00644902e-01
 5.58468481e-01 -2.23659261e-01
 6.86366115e-01 -2.51022344e-01
 6.81452971e-01 -2.83864815e-01
 8.32922318e-01 -3.23704425e-01
 9.90772547e-01 -3.72613193e-01
 1.13329627e+00 -4.33473022e-01
 1.31686215e+00 -5.10375539e-01
 1.45565369e+00 -6.09262784e-01
 1.55239658e+00 -7.38979348e-01
 1.80174565e+00 -9.13040841e-01
 2.13152427e+00 -1.15265948e+00
 2.39343702e+00 -1.49193035e+00
 2.76381413e+00 -1.98635037e+00
 2.96765557e+00 -2.72431738e+00
 3.22130877e+00 -3.82927171e+00
 2.99523651e+00 -5.38643165e+00
 1.76658647e+00 -7.11525260e+00
 -7.61909337e-01 -7.95005648e+00
 -3.12171413e+00 -7.07441742e+00
 -4.44336318e+00 -5.34049588e+00
 -4.65784768e+00 -3.79510564e+00
 -4.53399683e+00 -2.70144642e+00
 -4.20213618e+00 -1.97084430e+00
 -3.85481990e+00 -1.48069440e+00
 -3.49277821e+00 -1.14374447e+00
 -3.24731375e+00 -9.05276261e-01
 -3.04539314e+00 -7.31660230e-01
 -2.84625328e+00 -6.01955842e-01
 -2.68504434e+00 -5.02807373e-01
 -2.50519258e+00 -4.25466147e-01
 -2.43719047e+00 -3.64048938e-01
 -2.28884526e+00 -3.14500935e-01
 -2.19143712e+00 -2.73963711e-01
 -2.10109546e+00 -2.40380430e-01
 -2.06246144e+00 -2.12243260e-01
 -2.08117386e+00 -1.88428032e-01
 -1.99978727e+00 -1.68083690e-01
 -1.85012649e+00 -1.50556907e-01
 -1.72108267e+00 -1.35339729e-01
 -1.83246462e+00 -1.22032612e-01
 -1.72524731e+00 -1.10317911e-01
 -1.68007395e+00 -9.99405932e-02
 -1.72793260e+00 -9.06940288e-02
 -1.64023567e+00 -8.24093844e-02
 -1.64923445e+00 -7.49476222e-02
 -1.53294964e+00 -6.81933976e-02
 -1.61030863e+00 -6.20503610e-02
 -1.59027869e+00 -5.64375054e-02
 -1.58078798e+00 -5.12863048e-02
 -1.58759521e+00 -4.65384515e-02
 -1.48135111e+00 -4.21440562e-02
 -1.55275924e+00 -3.80602031e-02
 -1.51024863e+00 -3.42497848e-02
 -1.47439299e+00 -3.06805541e-02
 -1.49317709e+00 -2.73243505e-02
 -1.44668129e+00 -2.41564626e-02
 -1.48353276e+00 -2.11551021e-02
 -1.44886760e+00 -1.83009653e-02
 -1.41758119e+00 -1.55768677e-02
 -1.56722479e+00 -1.29674360e-02
 -1.41824556e+00 -1.04588490e-02
 -1.42061865e+00 -8.03861646e-03
 -1.44916933e+00 -5.69539146e-03
 -1.34939856e+00 -3.41880893e-03
 -1.44440698e+00 -1.19934650e-03
 -1.40496702e+00 9.71796276e-04
 -1.38547535e+00 3.10280323e-03
 -1.45320655e+00 5.20133420e-03
 -1.36025639e+00 7.27460694e-03
 -1.50361604e+00 9.32947015e-03
 -1.49427436e+00 1.13724692e-02
 -1.48222505e+00 1.34099059e-02
 -1.44454809e+00 1.54478930e-02
 -1.47543978e+00 1.74924049e-02
 -1.46885907e+00 1.95493258e-02
 -1.46772071e+00 2.16244943e-02
 -1.49759440e+00 2.37237475e-02
 -1.48909823e+00 2.58529632e-02
 -1.36771484e+00 2.80181026e-02
 -1.52201879e+00 3.02252521e-02
 -1.51614946e+00 3.24806668e-02
 -1.57155737e+00 3.47908146e-02
 -1.47143729e+00 3.71624227e-02
 -1.56595559e+00 3.96025263e-02
 -1.52773775e+00 4.21185205e-02
 -1.60268795e+00 4.47182163e-02
 -1.55196163e+00 4.74099012e-02
 -1.63218344e+00 5.02024052e-02
 -1.60320315e+00 5.31051733e-02
 -1.61182704e+00 5.61283464e-02
 -1.62950161e+00 5.92828498e-02
 -1.72268755e+00 6.25804938e-02
 -1.70948118e+00 6.60340845e-02
 -1.72658849e+00 6.96575509e-02
 -1.79115883e+00 7.34660866e-02
 -1.85729462e+00 7.74763117e-02
 -1.78041368e+00 8.17064571e-02
 -1.84558989e+00 8.61765747e-02
 -1.91423937e+00 9.09087790e-02
 -1.90784817e+00 9.59275244e-02
 -1.92390199e+00 1.01259926e-01
 -1.90769938e+00 1.06936131e-01
 -2.13613278e+00 1.12989748e-01
 -2.12509054e+00 1.19458356e-01
 -2.04775143e+00 1.26384087e-01
 -2.08281731e+00 1.33814322e-01
 -2.19597370e+00 1.41802508e-01
 -2.12275054e+00 1.50409125e-01
 -2.27878531e+00 1.59702837e-01
 -2.34832135e+00 1.69761868e-01
 -2.43297558e+00 1.80675653e-01
 -2.52416806e+00 1.92546831e-01
 -2.40435351e+00 2.05493656e-01
 -2.53718940e+00 2.19652945e-01
 -2.61553824e+00 2.35183683e-01
 -2.81622340e+00 2.52271473e-01
 -2.83298772e+00 2.71134061e-01
 -2.94682181e+00 2.92028233e-01
 -3.09417391e+00 3.15258501e-01
 -3.19941973e+00 3.41188109e-01
 -3.22595357e+00 3.70253110e-01
 -3.34629478e+00 4.02980513e-01
 -3.52416974e+00 4.40011890e-01
 -3.73832358e+00 4.82134415e-01
 -3.93054949e+00 5.30322078e-01
 -4.03097614e+00 5.85791068e-01
 -4.25463365e+00 6.50075087e-01
 -4.36212512e+00 7.25129165e-01
 -4.68108537e+00 8.13474802e-01
 -4.90749501e+00 9.18406089e-01
 -5.23538511e+00 1.04428735e+00
 -5.66763339e+00 1.19699086e+00
 -6.11272629e+00 1.38455322e+00
 -6.40686007e+00 1.61818070e+00
 -6.84334075e+00 1.91382332e+00
 -7.50922881e+00 2.29469729e+00
 -8.27366884e+00 2.79541915e+00
 -9.16676585e+00 3.46891551e+00
 -9.91186576e+00 4.39809492e+00
 -1.10614082e+01 5.71529834e+00
 -1.21621857e+01 7.63212126e+00
 -1.32722666e+01 1.04708825e+01
 -1.34397507e+01 1.46259901e+01
 -1.18387043e+01 2.01589709e+01
 -6.44460133e+00 2.55189466e+01
 2.28679379e+00 2.69536832e+01
 9.68301935e+00 2.30730852e+01
 1.31645248e+01 1.72697906e+01
 1.35372812e+01 1.23766554e+01
 1.28123040e+01 8.92623782e+00
