 NaN NaN
 7.57362313e+01 4.66239497e+00
 3.86887592e+01 1.72107562e+00
 2.60728025e+01 9.54997393e-01
 1.96285140e+01 6.27704543e-01
 1.57981393e+01 4.53049578e-01
 1.31350490e+01 3.47055373e-01
 1.13193297e+01 2.77072530e-01
 9.76025020e+00 2.28026260e-01
 8.79443591e+00 1.92089763e-01
 7.84624576e+00 1.64835974e-01
 7.18914089e+00 1.43591388e-01
 6.45826027e+00 1.26655707e-01
 5.90734493e+00 1.12901201e-01
 5.63032195e+00 1.01553430e-01
 5.25476074e+00 9.20647657e-02
 4.84498769e+00 8.40381556e-02
 4.50461063e+00 7.71794376e-02
 4.30945753e+00 7.12665278e-02
 4.10824202e+00 6.61289546e-02
 3.78930365e+00 6.16339230e-02
 3.57699189e+00 5.76766196e-02
 3.39031163e+00 5.41733344e-02
 3.26157759e+00 5.10564961e-02
 3.14088604e+00 4.82710316e-02
 2.99428174e+00 4.57716578e-02
 2.75844790e+00 4.35208420e-02
 2.71058696e+00 4.14872455e-02
 2.58389915e+00 3.96445250e-02
 2.45142610e+00 3.79703981e-02
 2.35245848e+00 3.64459102e-02
 2.21680306e+00 3.50548522e-02
 2.05364009e+00 3.37832959e-02
 2.02634939e+00 3.26192200e-02
 1.98806132e+00 3.15522063e-02
 1.91998405e+00 3.05731929e-02
 1.78202926e+00 2.96742705e-02
 1.74170838e+00 2.88485155e-02
 1.65407310e+00 2.80898500e-02
 1.61434694e+00 2.73929267e-02
 1.54881847e+00 2.67530315e-02
 1.49921670e+00 2.61660018e-02
 1.46781675e+00 2.56281575e-02
 1.45944722e+00 2.51362431e-02
 1.33265300e+00 2.46873775e-02
 1.24798360e+00 2.42790124e-02
 1.16818081e+00 2.39088959e-02
 1.18423854e+00 2.35750418e-02
 1.02313214e+00 2.32757034e-02
 9.89035394e-01 2.30093510e-02
 9.37879464e-01 2.27746526e-02
 9.51670162e-01 2.25704576e-02
 8.51834515e-01 2.23957831e-02
 8.30677938e-01 2.22498018e-02
 7.46160754e-01 2.21318325e-02
 7.01401667e-01 2.20413322e-02
 6.73930260e-01 2.19778895e-02
 6.74666802e-01 2.19412193e-02
 6.38775035e-01 2.19311598e-02
 5.59353011e-01 2.19476694e-02
 5.56051687e-01 2.19908258e-02
 4.78489220e-01 2.20608258e-02
 3.84417703e-01 2.21579866e-02
 5.06638418e-01 2.22827480e-02
 3.19617075e-01 2.24356756e-02
 3.08928134e-01 2.26174658e-02
 1.59142273e-01 2.28289516e-02
 2.80170829e-01 2.30711101e-02
 6.48414273e-02 2.33450713e-02
 9.92623526e-02 2.36521289e-02
 5.13832333e-02 2.39937523e-02
 7.40628479e-02 2.43716011e-02
 6.13715032e-02 2.47875421e-02
 -1.10690282e-02 2.52436682e-02
 -1.31300025e-01 2.57423208e-02
 -1.04378520e-01 2.62861152e-02
 -9.90906732e-02 2.68779704e-02
 -2.61739889e-01 2.75211424e-02
 -2.09296918e-01 2.82192638e-02
 -4.17872102e-01 2.89763884e-02
 -4.27598666e-01 2.97970434e-02
 -4.02441129e-01 3.06862896e-02
 -4.83541667e-01 3.16497916e-02
 -6.20049014e-01 3.26938989e-02
 -5.18391936e-01 3.38257409e-02
 -6.84671603e-01 3.50533382e-02
 -7.74056703e-01 3.63857332e-02
 -7.95899114e-01 3.78331436e-02
 -8.28679457e-01 3.94071446e-02
 -9.60816686e-01 4.11208851e-02
 -1.00278707e+00 4.29893446e-02
 -1.11468644e+00 4.50296422e-02
 -1.03847263e+00 4.72614073e-02
 -1.25483815e+00 4.97072284e-02
 -1.33605102e+00 5.23931979e-02
 -1.34225765e+00 5.53495786e-02
 -1.47394581e+00 5.86116221e-02
 -1.56457080e+00 6.22205823e-02
 -1.62899854e+00 6.62249754e-02
 -1.75462540e+00 7.06821615e-02
 -1.83779305e+00 7.56603413e-02
 -1.92549235e+00 8.12410999e-02
 -2.00697234e+00 8.75226728e-02
 -2.18451889e+00 9.46241815e-02
 -2.42165889e+00 1.02691179e-01
 -2.42603733e+00 1.11902987e-01
 -2.79752354e+00 1.22482529e-01
 -2.91999293e+00 1.34709655e-01
 -3.22242852e+00 1.48939474e-01
 -3.23785932e+00 1.65627947e-01
 -3.57580626e+00 1.85368218e-01
 -3.90561159e+00 2.08943163e-01
 -4.15979072e+00 2.37402967e-01
 -4.64880129e+00 2.72182306e-01
 -4.89727166e+00 3.15282039e-01
 -5.42789462e+00 3.69559302e-01
 -5.96777606e+00 4.39206601e-01
 -6.69795532e+00 5.30574524e-01
 -7.52352114e+00 6.53650622e-01
 -8.56152977e+00 8.24866065e-01
 -9.84014000e+00 1.07278293e+00
 -1.15759892e+01 1.45058763e+00
 -1.38740031e+01 2.06648210e+00
 -1.70750319e+01 3.16812025e+00
 -2.23636509e+01 5.42346357e+00
 -3.13666109e+01 1.11241916e+01
 -4.65856930e+01 3.13643010e+01
 -1.44035680e+01 9.99151738e+01
 5.07015682e+01 4.18819393e+01
 3.52023792e+01 1.36898216e+01
 2.51724157e+01 6.36812057e+00
 1.93398085e+01 3.63239925e+00
 1.56105925e+01 2.34041293e+00
 1.32421506e+01 1.63308259e+00
 1.14392467e+01 1.20506216e+00
 9.91504350e+00 9.26734717e-01
 8.99668849e+00 7.35686239e-01
 8.26245313e+00 5.98906526e-01
 7.42347009e+00 4.97624423e-01
 6.83903660e+00 4.20532181e-01
 6.42229365e+00 3.60490431e-01
 5.95882583e+00 3.12812339e-01
 5.60006130e+00 2.74318193e-01
 5.22042480e+00 2.42789226e-01
 4.95103125e+00 2.16639081e-01
 4.66656367e+00 1.94709206e-01
 4.38944339e+00 1.76137496e-01
 4.27168969e+00 1.60271697e-01
 4.03211606e+00 1.46610944e-01
 3.85751528e+00 1.34765457e-01
 3.76036896e+00 1.24428230e-01
 3.64623268e+00 1.15354789e-01
 3.37720312e+00 1.07348502e-01
 3.26177422e+00 1.00249770e-01
 3.22259442e+00 9.39279597e-02
 3.11336920e+00 8.82753162e-02
 2.99552929e+00 8.32023220e-02
 2.88355910e+00 7.86341167e-02
 2.63704201e+00 7.45077126e-02
 2.70069945e+00 7.07698093e-02
 2.57586195e+00 6.73750647e-02
 2.49512541e+00 6.42847158e-02
 2.30712119e+00 6.14654717e-02
 2.39169490e+00 5.88886191e-02
 2.33054952e+00 5.65292935e-02
 2.19728407e+00 5.43658845e-02
 2.09644781e+00 5.23795448e-02
 2.12781899e+00 5.05537855e-02
 2.06284609e+00 4.88741389e-02
 1.98541456e+00 4.73278776e-02
 1.90610278e+00 4.59037782e-02
 1.99676469e+00 4.45919231e-02
 1.80947490e+00 4.33835328e-02
 1.79006904e+00 4.22708233e-02
 1.73850606e+00 4.12468854e-02
 1.80104978e+00 4.03055816e-02
 1.72863923e+00 3.94414575e-02
 1.59106229e+00 3.86496663e-02
 1.54120071e+00 3.79259043e-02
 1.53938513e+00 3.72663545e-02
 1.34180080e+00 3.66676392e-02
 1.49230950e+00 3.61267787e-02
 1.45303084e+00 3.56411558e-02
 1.32165183e+00 3.52084855e-02
 1.33006641e+00 3.48267896e-02
 1.21961524e+00 3.44943746e-02
 1.31012090e+00 3.42098132e-02
 1.16780307e+00 3.39719294e-02
 1.05986748e+00 3.37797862e-02
 1.14639210e+00 3.36326758e-02
 1.10804856e+00 3.35301126e-02
 9.96049466e-01 3.34718282e-02
 1.05667347e+00 3.34577691e-02
 9.79253061e-01 3.34880962e-02
 9.36553331e-01 3.35631866e-02
 9.01683237e-01 3.36836380e-02
 8.03048958e-01 3.38502750e-02
 8.05370506e-01 3.40641576e-02
 8.88080739e-01 3.43265934e-02
 8.29435173e-01 3.46391512e-02
 7.92039956e-01 3.50036787e-02
 6.97355915e-01 3.54223231e-02
 6.03695795e-01 3.58975557e-02
 6.19442822e-01 3.64322008e-02
 6.24613077e-01 3.70294689e-02
 6.11656546e-01 3.76929968e-02
 4.98219811e-01 3.84268925e-02
 3.37474735e-01 3.92357890e-02
 3.55291311e-01 4.01249058e-02
 3.53595723e-01 4.11001207e-02
 2.85472865e-01 4.21680542e-02
 2.50747152e-01 4.33361672e-02
 1.94116693e-01 4.46128755e-02
 1.19817353e-01 4.60076852e-02
 1.00505870e-01 4.75313506e-02
 3.10573596e-02 4.91960614e-02
 5.31835007e-02 5.10156651e-02
 -1.06738126e-01 5.30059308e-02
 -1.09577187e-01 5.51848642e-02
 -1.79742956e-01 5.75730867e-02
 -1.82605183e-01 6.01942912e-02
 -2.85893205e-01 6.30757946e-02
 -4.22867364e-01 6.62492112e-02
 -4.00936105e-01 6.97512764e-02
 -4.63766452e-01 7.36248626e-02
 -6.06854304e-01 7.79202374e-02
 -5.45592381e-01 8.26966351e-02
 -7.17314965e-01 8.80242318e-02
 -8.21530786e-01 9.39866477e-02
 -9.61465610e-01 1.00684143e-01
 -9.04394473e-01 1.08237739e-01
 -1.13116432e+00 1.16794572e-01
 -1.23738824e+00 1.26534941e-01
 -1.29883733e+00 1.37681667e-01
 -1.52912777e+00 1.50512681e-01
 -1.66272769e+00 1.65378188e-01
 -1.86165485e+00 1.82724379e-01
 -2.07318247e+00 2.03126748e-01
 -2.19529556e+00 2.27337679e-01
 -2.42586551e+00 2.56355758e-01
 -2.72026628e+00 2.91528887e-01
 -3.05304252e+00 3.34711406e-01
 -3.47137091e+00 3.88510020e-01
 -3.67861829e+00 4.56680739e-01
 -4.21850509e+00 5.44792378e-01
 -4.83078855e+00 6.61381717e-01
 -5.52443009e+00 8.20062594e-01
 -6.41449658e+00 1.04360052e+00
 -7.54174056e+00 1.37233847e+00
 -8.95699193e+00 1.88313394e+00
 -1.09616746e+01 2.73657837e+00
 -1.39523228e+01 4.31126170e+00
 -1.81751318e+01 7.65350204e+00
 -2.45230898e+01 1.62536598e+01
 -2.45600845e+01 4.08645253e+01
 1.78296394e+01 5.16269986e+01
 2.88137509e+01 2.17198723e+01
 2.25115089e+01 9.59175886e+00
 1.74609139e+01 5.16152292e+00
 1.41627036e+01 3.18291788e+00
 1.19910367e+01 2.14960239e+00
 1.03406987e+01 1.54699442e+00
 9.09037362e+00 1.16635293e+00
 8.14359039e+00 9.11078721e-01
 7.49602962e+00 7.31753574e-01
 6.83040754e+00 6.01046223e-01
 6.32775331e+00 5.02872951e-01
 5.87033937e+00 4.27279024e-01
 5.62547268e+00 3.67840200e-01
 5.19590868e+00 3.20262303e-01
 4.96828699e+00 2.81587654e-01
 4.67670952e+00 2.49725786e-01
 4.59517422e+00 2.23165540e-01
 4.34822014e+00 2.00792712e-01
 4.15253204e+00 1.81771265e-01
 3.97587272e+00 1.65464012e-01
 3.84673546e+00 1.51378470e-01
 3.72435050e+00 1.39129160e-01
 3.55323387e+00 1.28410880e-01
 3.51875693e+00 1.18979457e-01
 3.37131321e+00 1.10637669e-01
 3.14806618e+00 1.03224820e-01
 3.20896554e+00 9.66089185e-02
 3.13598452e+00 9.06807372e-02
 2.96922975e+00 8.53492659e-02
 2.98624554e+00 8.05381869e-02
 2.90605303e+00 7.61831220e-02
 2.77919374e+00 7.22294636e-02
 2.74377523e+00 6.86306526e-02
 2.70369584e+00 6.53468003e-02
 2.69700488e+00 6.23435789e-02
 2.56015717e+00 5.95913216e-02
 2.48662364e+00 5.70642890e-02
 2.44083757e+00 5.47400669e-02
 2.42921040e+00 5.25990696e-02
 2.27936681e+00 5.06241288e-02
 2.29127315e+00 4.88001506e-02
 2.28624166e+00 4.71138283e-02
 2.25735979e+00 4.55534019e-02
 2.33337798e+00 4.41084545e-02
 2.07562844e+00 4.27697401e-02
 2.08862540e+00 4.15290375e-02
 2.10568300e+00 4.03790255e-02
 2.02609267e+00 3.93131761e-02
 2.04804300e+00 3.83256636e-02
 2.01107077e+00 3.74112856e-02
 2.01279846e+00 3.65653956e-02
 1.82416526e+00 3.57838450e-02
 1.87976637e+00 3.50629321e-02
 1.93708408e+00 3.43993594e-02
 1.84425902e+00 3.37901956e-02
 1.73997532e+00 3.32328436e-02
 1.78676657e+00 3.27250123e-02
 1.72992995e+00 3.22646930e-02
 1.68511551e+00 3.18501388e-02
 1.76622955e+00 3.14798477e-02
 1.53411091e+00 3.11525479e-02
 1.65438861e+00 3.08671860e-02
 1.51256551e+00 3.06229179e-02
 1.63369305e+00 3.04191011e-02
 1.65186476e+00 3.02552900e-02
 1.54133475e+00 3.01312327e-02
 1.50480783e+00 3.00468698e-02
 1.36828027e+00 3.00023357e-02
 1.46547031e+00 2.99979608e-02
 1.37270109e+00 3.00342773e-02
 1.38670298e+00 3.01120260e-02
 1.29325205e+00 3.02321657e-02
 1.39363781e+00 3.03958854e-02
 1.32850739e+00 3.06046194e-02
 1.37418862e+00 3.08600645e-02
 1.27959027e+00 3.11642019e-02
 1.23803041e+00 3.15193221e-02
 1.18841639e+00 3.19280547e-02
 1.20743826e+00 3.23934029e-02
 1.22723381e+00 3.29187843e-02
 1.17610086e+00 3.35080784e-02
 1.14879984e+00 3.41656817e-02
 1.05152707e+00 3.48965729e-02
 1.13205379e+00 3.57063887e-02
 1.03265971e+00 3.66015131e-02
 9.69067771e-01 3.75891820e-02
 1.02546286e+00 3.86776071e-02
 1.00660919e+00 3.98761219e-02
 8.81279083e-01 4.11953563e-02
 8.02294334e-01 4.26474426e-02
 8.13364903e-01 4.42462643e-02
 7.60436185e-01 4.60077535e-02
 6.80044756e-01 4.79502509e-02
 6.92625831e-01 5.00949423e-02
 6.23574276e-01 5.24663913e-02
 5.94292647e-01 5.50931931e-02
 5.57325249e-01 5.80087812e-02
 4.96389179e-01 6.12524301e-02
 5.06784883e-01 6.48705094e-02
 4.73102067e-01 6.89180645e-02
 4.44686406e-01 7.34608234e-02
 3.05358656e-01 7.85777683e-02
 2.37770185e-01 8.43644582e-02
 2.46967128e-01 9.09373650e-02
 1.25229193e-01 9.84395923e-02
 4.39178423e-02 1.07048503e-01
 -8.16139953e-02 1.16986017e-01
 -1.88725744e-01 1.28532709e-01
 -2.51948766e-01 1.42047376e-01
 -3.66324970e-01 1.57994667e-01
 -5.45806095e-01 1.76984758e-01
 -6.78909341e-01 1.99831481e-01
 -8.60949161e-01 2.27639378e-01
 -9.97690260e-01 2.61937275e-01
 -1.27327704e+00 3.04889053e-01
 -1.54982998e+00 3.59636791e-01
 -1.73060695e+00 4.30879996e-01
 -2.15399210e+00 5.25894965e-01
 -2.59772263e+00 6.56418337e-01
 -3.27970393e+00 8.42333745e-01
 -3.87347686e+00 1.11940142e+00
 -4.74982364e+00 1.55686555e+00
 -6.08783830e+00 2.30178155e+00
 -7.92970598e+00 3.70440649e+00
 -1.03969800e+01 6.71340239e+00
 -1.23324071e+01 1.39838328e+01
 -4.29487995e+00 2.66117744e+01
 1.34568754e+01 2.12581278e+01
 1.50164080e+01 1.00283027e+01
 1.22888925e+01 5.11876475e+00
 1.01509789e+01 2.99707559e+00
 8.66310613e+00 1.94456897e+00
 7.53940703e+00 1.35734673e+00
 6.72546442e+00 9.99360722e-01
 6.04217061e+00 7.65999874e-01
 5.65697682e+00 6.05791573e-01
 5.20734741e+00 4.91200626e-01
 4.79320460e+00 4.06474035e-01
 4.51687235e+00 3.42092821e-01
 4.28073328e+00 2.92038867e-01
 4.06494822e+00 2.52360231e-01
 3.88245129e+00 2.20376716e-01
 3.71232026e+00 1.94219524e-01
 3.72609221e+00 1.72553863e-01
 3.53039131e+00 1.54406039e-01
 3.38615229e+00 1.39052411e-01
 3.22436637e+00 1.25946194e-01
 3.22183089e+00 1.14668066e-01
 3.15526960e+00 1.04892131e-01
 3.08234053e+00 9.63620312e-02
 3.00984996e+00 8.88738789e-02
 2.93642958e+00 8.22638878e-02
 2.74196548e+00 7.63992702e-02
 2.83529214e+00 7.11714578e-02
 2.76858167e+00 6.64909895e-02
 2.73142918e+00 6.22836154e-02
 2.68967906e+00 5.84872964e-02
 2.65114885e+00 5.50498728e-02
 2.58291610e+00 5.19272352e-02
 2.58657572e+00 4.90818792e-02
 2.45681845e+00 4.64817545e-02
 2.47014378e+00 4.40993402e-02
 2.55019110e+00 4.19108994e-02
 2.34578766e+00 3.98958719e-02
 2.48418172e+00 3.80363791e-02
 2.34308550e+00 3.63168155e-02
 2.28098869e+00 3.47235120e-02
 2.29073336e+00 3.32444556e-02
 2.27311135e+00 3.18690557e-02
 2.26320344e+00 3.05879478e-02
 2.23069560e+00 2.93928289e-02
 2.19409945e+00 2.82763174e-02
 2.22366244e+00 2.72318350e-02
 2.17423725e+00 2.62535054e-02
 2.13790005e+00 2.53360685e-02
 2.10793317e+00 2.44748059e-02
 2.14125589e+00 2.36654777e-02
 2.14082919e+00 2.29042674e-02
 2.14408304e+00 2.21877342e-02
 2.14680172e+00 2.15127725e-02
 2.03078118e+00 2.08765755e-02
 2.00632226e+00 2.02766041e-02
 2.05227712e+00 1.97105603e-02
 2.04354447e+00 1.91763627e-02
 1.98188707e+00 1.86721263e-02
 2.03285694e+00 1.81961443e-02
 1.91665305e+00 1.77468720e-02
 1.93963932e+00 1.73229130e-02
 1.94746095e+00 1.69230072e-02
 1.97131128e+00 1.65460203e-02
 1.92526601e+00 1.61909343e-02
 1.97446267e+00 1.58568400e-02
 1.89944405e+00 1.55429301e-02
 1.91010588e+00 1.52484934e-02
 1.82823262e+00 1.49729104e-02
 1.82143508e+00 1.47156489e-02
 1.95409857e+00 1.44762618e-02
 1.82484390e+00 1.42543844e-02
 1.79189048e+00 1.40497334e-02
 1.79144539e+00 1.38621064e-02
 1.91579124e+00 1.36913824e-02
 1.80733927e+00 1.35375228e-02
 1.75806954e+00 1.34005740e-02
 1.78009234e+00 1.32806702e-02
 1.77097248e+00 1.31780377e-02
 1.68815028e+00 1.30930008e-02
 1.76549678e+00 1.30259879e-02
 1.79513479e+00 1.29775404e-02
 1.77660097e+00 1.29483222e-02
 1.72806753e+00 1.29391322e-02
 1.81026056e+00 1.29509184e-02
 1.81461795e+00 1.29847947e-02
 1.61019512e+00 1.30420617e-02
 1.77706155e+00 1.31242302e-02
 1.59954467e+00 1.32330503e-02
 1.64295207e+00 1.33705451e-02
 1.75549008e+00 1.35390515e-02
 1.75304803e+00 1.37412689e-02
 1.70634826e+00 1.39803179e-02
 1.59607183e+00 1.42598103e-02
 1.68260685e+00 1.45839353e-02
 1.69363768e+00 1.49575630e-02
 1.56280917e+00 1.53863716e-02
 1.56967041e+00 1.58770042e-02
 1.67501685e+00 1.64372624e-02
 1.53093255e+00 1.70763471e-02
 1.58045484e+00 1.78051612e-02
 1.43753049e+00 1.86366915e-02
 1.55629913e+00 1.95864953e-02
 1.45708043e+00 2.06733244e-02
 1.49091007e+00 2.19199354e-02
 1.50043591e+00 2.33541481e-02
 1.41955359e+00 2.50102481e-02
 1.43382447e+00 2.69308609e-02
 1.46595517e+00 2.91694941e-02
 1.38391906e+00 3.17940281e-02
 1.37512695e+00 3.48915842e-02
 1.39677804e+00 3.85754250e-02
 1.38175184e+00 4.29949155e-02
 1.30562366e+00 4.83501923e-02
 1.26461972e+00 5.49142577e-02
 1.31032129e+00 6.30670990e-02
 1.15983499e+00 7.33498927e-02
 1.08690792e+00 8.65539260e-02
 1.15654137e+00 1.03871934e-01
 1.09525267e+00 1.27166818e-01
 9.27723589e-01 1.59472892e-01
 8.28956806e-01 2.05986449e-01
 6.30776049e-01 2.76160862e-01
 4.12846198e-01 3.88504001e-01
 1.71691897e-01 5.82588804e-01
 -1.71128232e-01 9.51720980e-01
 -4.64080587e-01 1.72993960e+00
 -3.91787656e-01 3.34355775e+00
 1.96065801e+00 4.67573506e+00
 3.95565977e+00 3.10518709e+00
 4.02983261e+00 1.60534038e+00
 3.58971939e+00 8.96329224e-01
 3.30708573e+00 5.55747178e-01
 3.04874903e+00 3.74072254e-01
 2.87746213e+00 2.67609522e-01
 2.68240270e+00 2.00414086e-01
 2.55039166e+00 1.55468688e-01
 2.49912792e+00 1.23990876e-01
 2.39917959e+00 1.01111395e-01
 2.40475844e+00 8.39663606e-02
 2.33975114e+00 7.07867574e-02
 2.20992714e+00 6.04340206e-02
 2.31963222e+00 5.21493496e-02
 2.27750628e+00 4.54116907e-02
 2.19921941e+00 3.98538607e-02
 2.10374817e+00 3.52111868e-02
 2.15793280e+00 3.12890470e-02
 2.20226132e+00 2.79417758e-02
 2.04693265e+00 2.50586129e-02
 2.05514093e+00 2.25541340e-02
 2.12556664e+00 2.03616041e-02
 2.06752106e+00 1.84282765e-02
 2.11163743e+00 1.67120142e-02
 2.06875558e+00 1.51788253e-02
 2.07120917e+00 1.38010398e-02
 1.96847562e+00 1.25559456e-02
 2.05948739e+00 1.14247549e-02
 2.05759145e+00 1.03918128e-02
 1.93533187e+00 9.44398623e-03
 2.06359367e+00 8.57018667e-03
 2.03548547e+00 7.76099495e-03
 2.09222323e+00 7.00836343e-03
 1.97601042e+00 6.30537816e-03
 1.94221851e+00 5.64606738e-03
 1.86890063e+00 5.02524637e-03
 2.01279665e+00 4.43839091e-03
 1.93303819e+00 3.88153353e-03
 1.92229861e+00 3.35117781e-03
 1.94910688e+00 2.84422734e-03
 1.84638588e+00 2.35792638e-03
 1.93114137e+00 1.88981012e-03
 1.92493780e+00 1.43766273e-03
 1.93542564e+00 9.99481769e-04
 1.94667662e+00 5.73447912e-04
 1.93611119e+00 1.57898948e-04
 1.98747208e+00 -2.48692587e-04
 1.95982643e+00 -6.47738811e-04
 1.89633138e+00 -1.04055340e-03
 1.98893360e+00 -1.42836647e-03
 1.94121925e+00 -1.81233766e-03
 1.90512213e+00 -2.19356788e-03
 1.94999027e+00 -2.57310986e-03
 1.93431903e+00 -2.95197761e-03
 1.95527518e+00 -3.33115531e-03
 1.96627027e+00 -3.71160532e-03
 1.93853681e+00 -4.09427590e-03
 2.01323674e+00 -4.48010842e-03
 1.93237176e+00 -4.87004436e-03
 2.03321531e+00 -5.26503214e-03
 1.91053920e+00 -5.66603393e-03
 2.02367390e+00 -6.07403240e-03
 1.91972609e+00 -6.49003769e-03
 2.12123265e+00 -6.91509455e-03
 1.91750217e+00 -7.35028978e-03
 1.96441284e+00 -7.79676013e-03
 1.90774173e+00 -8.25570069e-03
 1.99313120e+00 -8.72837391e-03
 1.99369166e+00 -9.21611944e-03
 2.05245288e+00 -9.72036481e-03
 2.01904448e+00 -1.02426372e-02
 1.99619828e+00 -1.07845767e-02
 2.17276551e+00 -1.13479503e-02
 2.00685104e+00 -1.19346689e-02
 2.04915046e+00 -1.25468048e-02
 2.01254945e+00 -1.31866128e-02
 2.05460780e+00 -1.38565531e-02
 2.07887681e+00 -1.45593181e-02
 2.10254897e+00 -1.52978621e-02
 2.10125142e+00 -1.60754364e-02
 2.13762239e+00 -1.68956286e-02
 2.05527840e+00 -1.77624081e-02
 2.07853076e+00 -1.86801793e-02
 2.14774702e+00 -1.96538427e-02
 2.14504289e+00 -2.06888662e-02
 2.16458354e+00 -2.17913685e-02
 2.22056557e+00 -2.29682169e-02
 2.25677012e+00 -2.42271423e-02
 2.24224722e+00 -2.55768756e-02
 2.18743790e+00 -2.70273092e-02
 2.26224431e+00 -2.85896898e-02
 2.28992106e+00 -3.02768491e-02
 2.33333615e+00 -3.21034823e-02
 2.29552177e+00 -3.40864839e-02
 2.35835250e+00 -3.62453572e-02
 2.40050214e+00 -3.86027149e-02
 2.28942228e+00 -4.11848946e-02
 2.37835644e+00 -4.40227221e-02
 2.35658573e+00 -4.71524624e-02
 2.52926149e+00 -5.06170137e-02
 2.52738539e+00 -5.44674189e-02
 2.48289547e+00 -5.87647934e-02
 2.52101385e+00 -6.35828055e-02
 2.57020926e+00 -6.90108992e-02
 2.65322669e+00 -7.51585224e-02
 2.72100090e+00 -8.21607348e-02
 2.75964948e+00 -9.01857361e-02
 2.69939909e+00 -9.94450985e-02
 2.80016815e+00 -1.10207874e-01
 2.93179186e+00 -1.22820340e-01
 3.01292254e+00 -1.37734102e-01
 3.14339449e+00 -1.55546842e-01
 3.17566964e+00 -1.77062617e-01
 3.24174792e+00 -2.03383152e-01
 3.44451419e+00 -2.36049625e-01
 3.57693723e+00 -2.77269297e-01
 3.86125147e+00 -3.30289783e-01
 3.97441258e+00 -4.00040528e-01
 4.16674629e+00 -4.94280239e-01
 4.59777079e+00 -6.25752942e-01
 4.90107377e+00 -8.16476284e-01
 5.51197728e+00 -1.10684483e+00
 6.06964445e+00 -1.57639494e+00
 6.92303525e+00 -2.39453273e+00
 7.91657256e+00 -3.94662395e+00
 8.46437672e+00 -7.05545686e+00
 6.26023189e+00 -1.20910836e+01
 -1.21791360e+00 -1.31138494e+01
 -5.02924503e+00 -8.17891365e+00
 -4.78476843e+00 -4.53451063e+00
 -3.84223037e+00 -2.69725368e+00
 -2.88563144e+00 -1.74671483e+00
 -2.13815442e+00 -1.21172659e+00
 -1.57473783e+00 -8.86221151e-01
 -1.29792734e+00 -6.75190594e-01
 -9.61583294e-01 -5.31247860e-01
 -5.80317863e-01 -4.28966006e-01
 -3.64291825e-01 -3.53820478e-01
 -1.24565050e-01 -2.97065671e-01
 -2.12452892e-02 -2.53196528e-01
 3.17976508e-02 -2.18614692e-01
 1.49216353e-01 -1.90890956e-01
 1.55328246e-01 -1.68339027e-01
 3.98696741e-01 -1.49759532e-01
 4.94791442e-01 -1.34281033e-01
 6.04183473e-01 -1.21258307e-01
 6.21806558e-01 -1.10205531e-01
 7.12991277e-01 -1.00751370e-01
 6.94338762e-01 -9.26081265e-02
 8.17496436e-01 -8.55501619e-02
 9.25818515e-01 -7.93985330e-02
 8.26897404e-01 -7.40098840e-02
 8.41400150e-01 -6.92683005e-02
 9.13460029e-01 -6.50792570e-02
 9.32459196e-01 -6.13650653e-02
 1.00847365e+00 -5.80614140e-02
 1.00931379e+00 -5.51147101e-02
 1.15528633e+00 -5.24800174e-02
 1.11707368e+00 -5.01194434e-02
 1.10557199e+00 -4.80008673e-02
 1.16927833e+00 -4.60969281e-02
 1.18874425e+00 -4.43842148e-02
 1.14824892e+00 -4.28426141e-02
 1.32559324e+00 -4.14547799e-02
 1.31145453e+00 -4.02057024e-02
 1.29427904e+00 -3.90823527e-02
 1.36648717e+00 -3.80733907e-02
 1.33009829e+00 -3.71689231e-02
 1.36858179e+00 -3.63603014e-02
 1.34106741e+00 -3.56399534e-02
 1.36969056e+00 -3.50012421e-02
 1.44965095e+00 -3.44383461e-02
 1.47895073e+00 -3.39461594e-02
 1.46127410e+00 -3.35202064e-02
 1.58115164e+00 -3.31565691e-02
 1.43141991e+00 -3.28518267e-02
 1.50224989e+00 -3.26030024e-02
 1.46969082e+00 -3.24075198e-02
 1.54098439e+00 -3.22631646e-02
 1.55901994e+00 -3.21680533e-02
 1.60577223e+00 -3.21206055e-02
 1.58491685e+00 -3.21195218e-02
 1.69992802e+00 -3.21637644e-02
 1.61748385e+00 -3.22525425e-02
 1.59059652e+00 -3.23852989e-02
 1.65522413e+00 -3.25617012e-02
 1.69235128e+00 -3.27816344e-02
 1.69211651e+00 -3.30451962e-02
 1.69753550e+00 -3.33526948e-02
 1.82774913e+00 -3.37046484e-02
 1.75728853e+00 -3.41017874e-02
 1.82044719e+00 -3.45450583e-02
 1.80811707e+00 -3.50356302e-02
 1.79154529e+00 -3.55749035e-02
 1.96692703e+00 -3.61645202e-02
 1.84131959e+00 -3.68063785e-02
 1.90553611e+00 -3.75026480e-02
 1.89205876e+00 -3.82557898e-02
 1.88163234e+00 -3.90685788e-02
 1.89293671e+00 -3.99441302e-02
 2.06242341e+00 -4.08859301e-02
 2.04280578e+00 -4.18978707e-02
 2.08723513e+00 -4.29842908e-02
 2.05803440e+00 -4.41500231e-02
 2.13146958e+00 -4.54004479e-02
 2.00683962e+00 -4.67415551e-02
 2.13818418e+00 -4.81800160e-02
 2.14948541e+00 -4.97232661e-02
 2.26880539e+00 -5.13796004e-02
 2.15835036e+00 -5.31582850e-02
 2.28279066e+00 -5.50696853e-02
 2.33619812e+00 -5.71254166e-02
 2.25246977e+00 -5.93385196e-02
 2.32479956e+00 -6.17236660e-02
 2.39985315e+00 -6.42974003e-02
 2.40259683e+00 -6.70784258e-02
 2.43780388e+00 -7.00879423e-02
 2.53468700e+00 -7.33500494e-02
 2.59100746e+00 -7.68922264e-02
 2.63838316e+00 -8.07459102e-02
 2.67447405e+00 -8.49471907e-02
 2.71934878e+00 -8.95376540e-02
 2.82796043e+00 -9.45654103e-02
 2.70252183e+00 -1.00086352e-01
 2.75830146e+00 -1.06165708e-01
 2.90643056e+00 -1.12879965e-01
 2.99274858e+00 -1.20319276e-01
 3.00070483e+00 -1.28590486e-01
 3.10620508e+00 -1.37820966e-01
 3.23574366e+00 -1.48163519e-01
 3.29733925e+00 -1.59802704e-01
 3.37668195e+00 -1.72963072e-01
 3.46245028e+00 -1.87919998e-01
 3.45822266e+00 -2.05014090e-01
 3.69240201e+00 -2.24670581e-01
 3.74257109e+00 -2.47425780e-01
 4.01600689e+00 -2.73963643e-01
 4.07233678e+00 -3.05167160e-01
 4.23888940e+00 -3.42191765e-01
 4.51263010e+00 -3.86572222e-01
 4.70191132e+00 -4.40381496e-01
 4.89155278e+00 -5.06472454e-01
 5.23943528e+00 -5.88855182e-01
 5.63238860e+00 -6.93303461e-01
 6.02871355e+00 -8.28362137e-01
 6.45921811e+00 -1.00708414e+00
 7.12315613e+00 -1.25015598e+00
 7.68953098e+00 -1.59180096e+00
 8.62332086e+00 -2.09155716e+00
 9.64751744e+00 -2.85922772e+00
 1.10967049e+01 -4.11094247e+00
 1.28748920e+01 -6.29930262e+00
 1.46436350e+01 -1.03832585e+01
 1.42817434e+01 -1.78613967e+01
 6.07488009e+00 -2.64556788e+01
 -7.48171479e+00 -2.39632338e+01
 -1.21674059e+01 -1.47643479e+01
 -1.12843042e+01 -8.64211853e+00
 -9.44458128e+00 -5.38937483e+00
 -7.79605246e+00 -3.60907267e+00
 -6.60126335e+00 -2.56348651e+00
 -5.52497609e+00 -1.90714531e+00
 -4.71992454e+00 -1.47159115e+00
 -4.05264676e+00 -1.16913588e+00
 -3.47264844e+00 -9.51161992e-01
 -3.10693243e+00 -7.89178085e-01
 -2.74090792e+00 -6.65674818e-01
 -2.34067291e+00 -5.69445999e-01
 -2.04901423e+00 -4.93065334e-01
 -1.78999150e+00 -4.31461180e-01
 -1.58351267e+00 -3.81078156e-01
 -1.39812166e+00 -3.39366030e-01
 -1.24793971e+00 -3.04458179e-01
 -1.14980912e+00 -2.74963585e-01
 -9.91816283e-01 -2.49828890e-01
 -7.79581474e-01 -2.28244852e-01
 -7.46241464e-01 -2.09581638e-01
 -5.83071597e-01 -1.93343228e-01
 -4.73363733e-01 -1.79134775e-01
 -3.93220781e-01 -1.66638867e-01
 -2.73982425e-01 -1.55598037e-01
 -3.44686007e-01 -1.45801708e-01
 -1.86310718e-01 -1.37076333e-01
 -1.20697980e-01 -1.29277875e-01
 -5.69375933e-02 -1.22286003e-01
 6.33955398e-02 -1.15999584e-01
 1.59778863e-01 -1.10333139e-01
 2.14309009e-01 -1.05214041e-01
 1.97028826e-01 -1.00580289e-01
 2.78075339e-01 -9.63787048e-02
 3.51278950e-01 -9.25634960e-02
 3.62831583e-01 -8.90950720e-02
 4.13195432e-01 -8.59390840e-02
 5.46880811e-01 -8.30656331e-02
 5.64225726e-01 -8.04486162e-02
 5.30597652e-01 -7.80651828e-02
 5.38652412e-01 -7.58952824e-02
 6.46925140e-01 -7.39212844e-02
 7.12509490e-01 -7.21276593e-02
 6.09959649e-01 -7.05007093e-02
 8.28901794e-01 -6.90283404e-02
 7.48518332e-01 -6.76998686e-02
 7.49955834e-01 -6.65058552e-02
 7.10951951e-01 -6.54379660e-02
 8.33115736e-01 -6.44888514e-02
 8.86126494e-01 -6.36520431e-02
 8.64026738e-01 -6.29218669e-02
 1.07687771e+00 -6.22933667e-02
 1.01159732e+00 -6.17622406e-02
 1.07761519e+00 -6.13247860e-02
 1.15523589e+00 -6.09778534e-02
 1.13807334e+00 -6.07188072e-02
 1.14966858e+00 -6.05454930e-02
 1.13152214e+00 -6.04562114e-02
 1.17089637e+00 -6.04496962e-02
 1.25286855e+00 -6.05250981e-02
 1.17717608e+00 -6.06819731e-02
 1.28188981e+00 -6.09202743e-02
 1.33676406e+00 -6.12403491e-02
 1.32813185e+00 -6.16429396e-02
 1.50810438e+00 -6.21291872e-02
 1.41868520e+00 -6.27006414e-02
 1.44342125e+00 -6.33592731e-02
 1.54031626e+00 -6.41074915e-02
 1.47071462e+00 -6.49481667e-02
 1.52189189e+00 -6.58846570e-02
 1.62111931e+00 -6.69208411e-02
 1.65362487e+00 -6.80611574e-02
 1.69795588e+00 -6.93106497e-02
 1.69790223e+00 -7.06750204e-02
 1.77023697e+00 -7.21606927e-02
 1.78078341e+00 -7.37748823e-02
 1.81403592e+00 -7.55256809e-02
 1.92383113e+00 -7.74221525e-02
 2.02712382e+00 -7.94744447e-02
 2.01141356e+00 -8.16939184e-02
 2.09835966e+00 -8.40932971e-02
 2.05753397e+00 -8.66868410e-02
 2.08651431e+00 -8.94905500e-02
 2.13033142e+00 -9.25224001e-02
 2.14020998e+00 -9.58026202e-02
 2.30354094e+00 -9.93540171e-02
 2.30725666e+00 -1.03202358e-01
 2.31584721e+00 -1.07376824e-01
 2.40926139e+00 -1.11910544e-01
 2.43331513e+00 -1.16841239e-01
 2.53670819e+00 -1.22211981e-01
 2.55688021e+00 -1.28072116e-01
 2.70410974e+00 -1.34478370e-01
 2.59766402e+00 -1.41496200e-01
 2.79770434e+00 -1.49201434e-01
 2.88253641e+00 -1.57682286e-01
 2.95981192e+00 -1.67041847e-01
 2.97516323e+00 -1.77401177e-01
 3.17041464e+00 -1.88903175e-01
 3.20571088e+00 -2.01717457e-01
 3.37357283e+00 -2.16046550e-01
 3.48899513e+00 -2.32133828e-01
 3.58603136e+00 -2.50273770e-01
 3.64818766e+00 -2.70825343e-01
 3.79902490e+00 -2.94229652e-01
 4.09034054e+00 -3.21033474e-01
 4.25047713e+00 -3.51921024e-01
 4.31988376e+00 -3.87757392e-01
 4.46147415e+00 -4.29648829e-01
 4.87341069e+00 -4.79027691e-01
 5.04828107e+00 -5.37774276e-01
 5.28264444e+00 -6.08394873e-01
 5.59598063e+00 -6.94287545e-01
 5.98691839e+00 -8.00148258e-01
 6.44767003e+00 -9.32607922e-01
 6.89010451e+00 -1.10126137e+00
 7.56810243e+00 -1.32038527e+00
 8.23395869e+00 -1.61191507e+00
 9.19799468e+00 -2.01082523e+00
 9.99146131e+00 -2.57532064e+00
 1.13691420e+01 -3.40715594e+00
 1.27461330e+01 -4.69429164e+00
 1.48666321e+01 -6.80390813e+00
 1.69615332e+01 -1.04792930e+01
 1.85938950e+01 -1.71127455e+01
 1.55710872e+01 -2.77494850e+01
 1.46182722e+00 -3.54118399e+01
 -1.30079262e+01 -2.85461874e+01
 -1.67250506e+01 -1.77379417e+01
 -1.53805978e+01 -1.08441543e+01
 -1.31436820e+01 -7.01928575e+00
 -1.12191963e+01 -4.83057810e+00
 -9.53619323e+00 -3.49979441e+00
 -8.34215307e+00 -2.64232870e+00
 -7.17708379e+00 -2.06186814e+00
 -6.42626493e+00 -1.65249134e+00
 -5.72101707e+00 -1.35379723e+00
 -5.10357258e+00 -1.12958941e+00
 -4.64251974e+00 -9.57218295e-01
 -4.21919297e+00 -8.21971279e-01
 -3.80962705e+00 -7.13977014e-01
 -3.52911949e+00 -6.26423200e-01
 -3.24135823e+00 -5.54491287e-01
 -3.04750410e+00 -4.94698171e-01
 -2.73330990e+00 -4.44477170e-01
 -2.47770025e+00 -4.01904198e-01
 -2.38660713e+00 -3.65514547e-01
 -2.23411642e+00 -3.34177672e-01
 -2.00502794e+00 -3.07009951e-01
 -1.79058642e+00 -2.83312851e-01
 -1.79253275e+00 -2.62528393e-01
 -1.63373061e+00 -2.44206614e-01
 -1.52482274e+00 -2.27981471e-01
 -1.36683067e+00 -2.13552791e-01
 -1.26646249e+00 -2.00672575e-01
 -1.13231238e+00 -1.89134523e-01
 -1.14005997e+00 -1.78765920e-01
 -1.01091945e+00 -1.69421312e-01
 -9.51588327e-01 -1.60977526e-01
 -9.14044750e-01 -1.53329720e-01
 -7.16281577e-01 -1.46388230e-01
 -6.07891913e-01 -1.40076030e-01
 -6.18865364e-01 -1.34326678e-01
 -6.55665855e-01 -1.29082639e-01
 -4.30732802e-01 -1.24293916e-01
 -3.60296578e-01 -1.19916917e-01
 -3.15249751e-01 -1.15913523e-01
 -3.50383708e-01 -1.12250309e-01
 -2.89281982e-01 -1.08897890e-01
 -1.83812964e-01 -1.05830382e-01
 -2.41790309e-01 -1.03024938e-01
 -1.71928050e-01 -1.00461359e-01
 -2.02703789e-01 -9.81217711e-02
 1.68713999e-02 -9.59903368e-02
 2.21009841e-02 -9.40530223e-02
 1.81664744e-01 -9.22973910e-02
 8.37057597e-02 -9.07124290e-02
 8.32035880e-02 -8.92883953e-02
 1.97180481e-01 -8.80166931e-02
 2.50755650e-01 -8.68897595e-02
 2.77458793e-01 -8.59009708e-02
 3.52604099e-01 -8.50445617e-02
 2.49935014e-01 -8.43155561e-02
 4.18505814e-01 -8.37097089e-02
 4.09223290e-01 -8.32234565e-02
 4.72335081e-01 -8.28538758e-02
 5.41635916e-01 -8.25986516e-02
 5.53279417e-01 -8.24560493e-02
 6.89740184e-01 -8.24248951e-02
 5.68950597e-01 -8.25045624e-02
 7.28557351e-01 -8.26949627e-02
 7.36609527e-01 -8.29965435e-02
 8.16243966e-01 -8.34102907e-02
 8.17485618e-01 -8.39377368e-02
 8.75153520e-01 -8.45809752e-02
 9.24839774e-01 -8.53426794e-02
 9.28216242e-01 -8.62261299e-02
 9.22374343e-01 -8.72352457e-02
 1.00991415e+00 -8.83746255e-02
 1.03107727e+00 -8.96495946e-02
 1.09705972e+00 -9.10662620e-02
 1.18309798e+00 -9.26315874e-02
 1.17296853e+00 -9.43534583e-02
 1.24963304e+00 -9.62407813e-02
 1.32835358e+00 -9.83035870e-02
 1.38829347e+00 -1.00553152e-01
 1.41552629e+00 -1.03002141e-01
 1.48819353e+00 -1.05664770e-01
 1.52328734e+00 -1.08557000e-01
 1.53622031e+00 -1.11696753e-01
 1.65331222e+00 -1.15104179e-01
 1.54126319e+00 -1.18801953e-01
 1.70753155e+00 -1.22815631e-01
 1.81379779e+00 -1.27174068e-01
 1.85934469e+00 -1.31909907e-01
 1.91471469e+00 -1.37060162e-01
 1.98240789e+00 -1.42666909e-01
 1.97389532e+00 -1.48778109e-01
 2.11561132e+00 -1.55448591e-01
 2.16936333e+00 -1.62741245e-01
 2.36722501e+00 -1.70728450e-01
 2.43562769e+00 -1.79493821e-01
 2.42644372e+00 -1.89134334e-01
 2.56703137e+00 -1.99762948e-01
 2.61433054e+00 -2.11511837e-01
 2.72852302e+00 -2.24536416e-01
 2.82258808e+00 -2.39020390e-01
 3.03013354e+00 -2.55182121e-01
 3.12033907e+00 -2.73282740e-01
 3.28099641e+00 -2.93636546e-01
 3.41066355e+00 -3.16624488e-01
 3.53122760e+00 -3.42711783e-01
 3.69737774e+00 -3.72471211e-01
 3.89792046e+00 -4.06614249e-01
 4.01628412e+00 -4.46033206e-01
 4.20931724e+00 -4.91859012e-01
 4.58659168e+00 -5.45541641e-01
 4.82656410e+00 -6.08963824e-01
 5.23528106e+00 -6.84604683e-01
 5.42730174e+00 -7.75779761e-01
 5.87133921e+00 -8.87000718e-01
 6.29778238e+00 -1.02452724e+00
 6.78692114e+00 -1.19723647e+00
 7.25362094e+00 -1.41803356e+00
 7.98701297e+00 -1.70621682e+00
 8.79599811e+00 -2.09159235e+00
 9.70183775e+00 -2.62193116e+00
 1.10599524e+01 -3.37709916e+00
 1.25643416e+01 -4.49708247e+00
 1.43051629e+01 -6.23977238e+00
 1.64917888e+01 -9.10067700e+00
 1.86955288e+01 -1.40274679e+01
 1.90187148e+01 -2.24583349e+01
 1.24294862e+01 -3.37588005e+01
 -4.09222924e+00 -3.76220935e+01
 -1.64157667e+01 -2.82574256e+01
 -1.87100217e+01 -1.78518590e+01
 -1.70505582e+01 -1.13106633e+01
 -1.48446728e+01 -7.54686073e+00
 -1.27695837e+01 -5.31330412e+00
 -1.11753448e+01 -3.91531730e+00
 -9.77601665e+00 -2.99421259e+00
 -8.67715261e+00 -2.35977273e+00
 -7.84383203e+00 -1.90616134e+00
 -7.12182986e+00 -1.57152708e+00
 -6.49841107e+00 -1.31806451e+00
 -5.93180979e+00 -1.12173193e+00
 -5.40873041e+00 -9.66701973e-01
 -5.04168458e+00 -8.42235194e-01
 -4.75863602e+00 -7.40848991e-01
 -4.40113239e+00 -6.57206996e-01
 -4.03244239e+00 -5.87424173e-01
 -3.78234921e+00 -5.28619722e-01
 -3.63651246e+00 -4.78622147e-01
 -3.44415552e+00 -4.35770287e-01
 -3.19155163e+00 -3.98776336e-01
 -2.98306812e+00 -3.66629792e-01
 -2.79157837e+00 -3.38528966e-01
 -2.69196821e+00 -3.13831410e-01
 -2.51491482e+00 -2.92017507e-01
 -2.39178413e+00 -2.72663409e-01
 -2.31204053e+00 -2.55420670e-01
 -2.10015553e+00 -2.40000747e-01
 -2.04166526e+00 -2.26163095e-01
 -1.98763805e+00 -2.13705927e-01
 -1.89002478e+00 -2.02458990e-01
 -1.79195478e+00 -1.92277855e-01
 -1.74845641e+00 -1.83039383e-01
 -1.68085103e+00 -1.74638095e-01
 -1.53096436e+00 -1.66983243e-01
 -1.52231637e+00 -1.59996430e-01
 -1.48024397e+00 -1.53609678e-01
 -1.34935674e+00 -1.47763829e-01
 -1.37395160e+00 -1.42407236e-01
 -1.18474034e+00 -1.37494675e-01
 -1.11709030e+00 -1.32986432e-01
 -1.07352390e+00 -1.28847550e-01
 -1.04984188e+00 -1.25047189e-01
 -9.06822687e-01 -1.21558087e-01
 -8.76791579e-01 -1.18356103e-01
 -8.23658404e-01 -1.15419837e-01
 -8.49070808e-01 -1.12730294e-01
 -8.58910387e-01 -1.10270604e-01
 -6.54925171e-01 -1.08025784e-01
 -5.25866288e-01 -1.05982529e-01
 -5.46707949e-01 -1.04129035e-01
 -6.37381534e-01 -1.02454849e-01
 -5.91872648e-01 -1.00950732e-01
 -4.36242838e-01 -9.96085549e-02
 -3.77210924e-01 -9.84211934e-02
 -3.17121795e-01 -9.73824511e-02
 -4.13684952e-01 -9.64869866e-02
 -2.57750016e-01 -9.57302546e-02
 -1.89667732e-01 -9.51084559e-02
 -1.85891755e-01 -9.46184965e-02
 -5.09394618e-02 -9.42579544e-02
 -6.01917270e-02 -9.40250541e-02
 1.88043100e-03 -9.39186479e-02
 2.28087369e-02 -9.39382034e-02
 -1.74587903e-03 -9.40837981e-02
 2.57811437e-02 -9.43561198e-02
 8.31997201e-02 -9.47564729e-02
 1.63007564e-01 -9.52867922e-02
 2.60481116e-01 -9.59496621e-02
 2.83178582e-01 -9.67483435e-02
 3.71231564e-01 -9.76868077e-02
 2.68343353e-01 -9.87697788e-02
 3.63897797e-01 -1.00002784e-01
 3.90747545e-01 -1.01392216e-01
 4.56219437e-01 -1.02945402e-01
 5.12592481e-01 -1.04670691e-01
 5.30687681e-01 -1.06577548e-01
 6.50292348e-01 -1.08676673e-01
 7.15190072e-01 -1.10980128e-01
 7.34712108e-01 -1.13501498e-01
 7.44345716e-01 -1.16256063e-01
 8.47764679e-01 -1.19261013e-01
 8.92554918e-01 -1.22535687e-01
 9.10351405e-01 -1.26101858e-01
 9.81802311e-01 -1.29984064e-01
 1.04876396e+00 -1.34209998e-01
 1.16411087e+00 -1.38810966e-01
 1.18935886e+00 -1.43822428e-01
 1.32366680e+00 -1.49284635e-01
 1.29297431e+00 -1.55243392e-01
 1.33322736e+00 -1.61750970e-01
 1.47031639e+00 -1.68867188e-01
 1.54850852e+00 -1.76660733e-01
 1.70951535e+00 -1.85210739e-01
 1.70574685e+00 -1.94608729e-01
 1.83346964e+00 -2.04960970e-01
 1.93162006e+00 -2.16391386e-01
 2.02716024e+00 -2.29045158e-01
 2.17079904e+00 -2.43093212e-01
 2.15905301e+00 -2.58737855e-01
 2.31171219e+00 -2.76219896e-01
 2.53783313e+00 -2.95827732e-01
 2.68902004e+00 -3.17909029e-01
 2.74708223e+00 -3.42885870e-01
 2.95982650e+00 -3.71274628e-01
 3.15061905e+00 -4.03712265e-01
 3.26268801e+00 -4.40991596e-01
 3.50184068e+00 -4.84109112e-01
 3.80119642e+00 -5.34330760e-01
 3.97221672e+00 -5.93283749e-01
 4.20472904e+00 -6.63086760e-01
 4.49004785e+00 -7.46537921e-01
 4.88342891e+00 -8.47391524e-01
 5.23233740e+00 -9.70774190e-01
 5.69995090e+00 -1.12382587e+00
 6.20582159e+00 -1.31671354e+00
 6.83138801e+00 -1.56428217e+00
 7.45659930e+00 -1.88883276e+00
 8.38115064e+00 -2.32496853e+00
 9.33320237e+00 -2.92838663e+00
 1.05907715e+01 -3.79249164e+00
 1.20785336e+01 -5.08099226e+00
 1.38889652e+01 -7.09313181e+00
 1.57814446e+01 -1.03879431e+01
 1.74098505e+01 -1.59431161e+01
 1.61913642e+01 -2.47559367e+01
 7.01427580e+00 -3.41282894e+01
 -8.13961056e+00 -3.39594555e+01
 -1.68882086e+01 -2.44998840e+01
 -1.79888054e+01 -1.57785296e+01
 -1.64465774e+01 -1.03009538e+01
 -1.44634512e+01 -7.04962739e+00
 -1.26559201e+01 -5.06046062e+00
 -1.12472256e+01 -3.78426850e+00
 -9.95945975e+00 -2.92693175e+00
 -8.97029686e+00 -2.32730957e+00
 -8.08775731e+00 -1.89331456e+00
 -7.51880137e+00 -1.56995114e+00
 -6.95402274e+00 -1.32300449e+00
 -6.36111822e+00 -1.13039642e+00
 -5.92793584e+00 -9.77413794e-01
 -5.49526705e+00 -8.53969741e-01
 -5.34053475e+00 -7.52974083e-01
 -4.91590329e+00 -6.69331676e-01
 -4.60086642e+00 -5.99308411e-01
 -4.40265284e+00 -5.40119219e-01
 -4.23924537e+00 -4.89653913e-01
 -3.89601513e+00 -4.46290802e-01
 -3.81997946e+00 -4.08767495e-01
 -3.55687104e+00 -3.76089747e-01
 -3.43124263e+00 -3.47466119e-01
 -3.26143928e+00 -3.22260428e-01
 -3.10083242e+00 -2.99956690e-01
 -3.01661618e+00 -2.80132935e-01
 -2.93101216e+00 -2.62441439e-01
 -2.83338145e+00 -2.46593626e-01
 -2.65990694e+00 -2.32348434e-01
 -2.59646493e+00 -2.19503257e-01
 -2.50572216e+00 -2.07886846e-01
 -2.45893142e+00 -1.97353682e-01
 -2.40083293e+00 -1.87779502e-01
 -2.19557312e+00 -1.79057701e-01
 -2.18003262e+00 -1.71096431e-01
 -2.08598250e+00 -1.63816235e-01
 -2.01824305e+00 -1.57148120e-01
 -1.91780796e+00 -1.51031969e-01
 -1.98810649e+00 -1.45415229e-01
 -1.83103260e+00 -1.40251820e-01
 -1.70678519e+00 -1.35501229e-01
 -1.82058589e+00 -1.31127743e-01
 -1.60065304e+00 -1.27099816e-01
 -1.59652218e+00 -1.23389520e-01
 -1.52479204e+00 -1.19972091e-01
 -1.51649455e+00 -1.16825535e-01
 -1.41049703e+00 -1.13930301e-01
 -1.45378609e+00 -1.11268991e-01
 -1.30230712e+00 -1.08826118e-01
 -1.37880091e+00 -1.06587898e-01
 -1.22647581e+00 -1.04542067e-01
 -1.27454120e+00 -1.02677729e-01
 -1.24134363e+00 -1.00985219e-01
 -1.16923180e+00 -9.94559922e-02
 -1.02382400e+00 -9.80825192e-02
 -1.04014274e+00 -9.68582065e-02
 -9.75403185e-01 -9.57773206e-02
 -1.03848128e+00 -9.48349276e-02
 -9.32622742e-01 -9.40268403e-02
 -8.83879853e-01 -9.33495759e-02
 -7.64795811e-01 -9.28003198e-02
 -7.39203314e-01 -9.23768986e-02
 -7.70630302e-01 -9.20777582e-02
 -6.51627234e-01 -9.19019499e-02
 -6.28056903e-01 -9.18491217e-02
 -5.96371161e-01 -9.19195164e-02
 -5.91591851e-01 -9.21139752e-02
 -5.60593841e-01 -9.24339481e-02
 -5.13924924e-01 -9.28815102e-02
 -4.94208018e-01 -9.34593849e-02
 -4.37686312e-01 -9.41709740e-02
 -3.87157046e-01 -9.50203960e-02
 -4.44732169e-01 -9.60125318e-02
 -3.83431610e-01 -9.71530806e-02
 -3.19822576e-01 -9.84486262e-02
 -2.19637810e-01 -9.99067139e-02
 -1.56973362e-01 -1.01535942e-01
 -1.51712405e-01 -1.03346067e-01
 -1.10683165e-02 -1.05348129e-01
 -1.52379642e-01 -1.07554594e-01
 -6.60312067e-02 -1.09979522e-01
 7.97326275e-02 -1.12638762e-01
 1.33412649e-01 -1.15550179e-01
 1.63628008e-01 -1.18733922e-01
 1.18858030e-01 -1.22212734e-01
 2.77461130e-01 -1.26012318e-01
 3.43858164e-01 -1.30161769e-01
 2.50005117e-01 -1.34694080e-01
 3.93995903e-01 -1.39646753e-01
 5.46627264e-01 -1.45062508e-01
 6.12871260e-01 -1.50990148e-01
 6.38447274e-01 -1.57485590e-01
 6.57892995e-01 -1.64613103e-01
 7.28379934e-01 -1.72446820e-01
 8.80913706e-01 -1.81072566e-01
 8.83043651e-01 -1.90590111e-01
 8.94319304e-01 -2.01115936e-01
 1.04956188e+00 -2.12786667e-01
 1.13469869e+00 -2.25763359e-01
 1.37237710e+00 -2.40236885e-01
 1.34072119e+00 -2.56434760e-01
 1.47158440e+00 -2.74629854e-01
 1.56240141e+00 -2.95151621e-01
 1.72206432e+00 -3.18400692e-01
 1.83019493e+00 -3.44868044e-01
 1.98225827e+00 -3.75160446e-01
 2.24741263e+00 -4.10034633e-01
 2.37918313e+00 -4.50443788e-01
 2.59370975e+00 -4.97601628e-01
 2.78428485e+00 -5.53072102e-01
 3.08008951e+00 -6.18896984e-01
 3.29812701e+00 -6.97780653e-01
 3.60684129e+00 -7.93362982e-01
 3.99803261e+00 -9.10631158e-01
 4.30343068e+00 -1.05655620e+00
 4.80982520e+00 -1.24110304e+00
 5.29966868e+00 -1.47888102e+00
 5.96107116e+00 -1.79192844e+00
 6.68885350e+00 -2.21457732e+00
 7.64173629e+00 -2.80226901e+00
 8.70242276e+00 -3.64810681e+00
 9.99667878e+00 -4.91475519e+00
 1.13148259e+01 -6.89536370e+00
 1.28710564e+01 -1.01143960e+01
 1.35923693e+01 -1.53693111e+01
 1.09650918e+01 -2.29072375e+01
 1.85869914e+00 -2.88527649e+01
 -9.54630306e+00 -2.62617220e+01
 -1.48787166e+01 -1.85552648e+01
 -1.52567608e+01 -1.21856427e+01
 -1.39454921e+01 -8.16114232e+00
 -1.24129277e+01 -5.70710930e+00
 -1.10280253e+01 -4.16609648e+00
 -9.86274088e+00 -3.15599906e+00
 -8.95570341e+00 -2.46571873e+00
 -8.16171490e+00 -1.97629253e+00
 -7.47739680e+00 -1.61811755e+00
 -6.94045307e+00 -1.34881398e+00
 -6.43151268e+00 -1.14159147e+00
 -5.98736798e+00 -9.78931326e-01
 -5.66077765e+00 -8.49027545e-01
 -5.29905954e+00 -7.43708889e-01
 -5.06238752e+00 -6.57184524e-01
 -4.83972421e+00 -5.85263420e-01
 -4.62546622e+00 -5.24854957e-01
 -4.39937203e+00 -4.73641376e-01
 -4.10457645e+00 -4.29858021e-01
 -3.98076186e+00 -3.92142855e-01
 -3.81892629e+00 -3.59431476e-01
 -3.73287255e+00 -3.30882624e-01
 -3.61326839e+00 -3.05824496e-01
 -3.50576357e+00 -2.83715506e-01
 -3.37087907e+00 -2.64115217e-01
 -3.25090976e+00 -2.46662559e-01
 -3.18126382e+00 -2.31059315e-01
 -3.19878798e+00 -2.17057476e-01
 -2.96090936e+00 -2.04449456e-01
 -2.83252102e+00 -1.93060469e-01
 -2.77511308e+00 -1.82742519e-01
 -2.73682558e+00 -1.73369645e-01
 -2.65665359e+00 -1.64834113e-01
 -2.61709119e+00 -1.57043365e-01
 -2.57508538e+00 -1.49917536e-01
 -2.45188460e+00 -1.43387443e-01
 -2.40477089e+00 -1.37392929e-01
 -2.34781297e+00 -1.31881506e-01
 -2.29187464e+00 -1.26807229e-01
 -2.25337019e+00 -1.22129756e-01
 -2.24946657e+00 -1.17813571e-01
 -2.14703393e+00 -1.13827320e-01
 -2.13297683e+00 -1.10143264e-01
 -2.18228523e+00 -1.06736809e-01
 -1.99297459e+00 -1.03586109e-01
 -1.94216077e+00 -1.00671725e-01
 -1.98154678e+00 -9.79763399e-02
 -1.84471004e+00 -9.54845113e-02
 -1.89087341e+00 -9.31824560e-02
 -1.80626457e+00 -9.10578697e-02
 -1.88430967e+00 -8.90997687e-02
 -1.68161284e+00 -8.72983544e-02
 -1.76683591e+00 -8.56448958e-02
 -1.67923716e+00 -8.41316281e-02
 -1.74139142e+00 -8.27516655e-02
 -1.50777531e+00 -8.14989256e-02
 -1.49857994e+00 -8.03680644e-02
 -1.55384157e+00 -7.93544214e-02
 -1.47825825e+00 -7.84539723e-02
 -1.47263847e+00 -7.76632891e-02
 -1.40820299e+00 -7.69795075e-02
 -1.38266397e+00 -7.64003004e-02
 -1.34111962e+00 -7.59238569e-02
 -1.33244205e+00 -7.55488666e-02
 -1.29951276e+00 -7.52745097e-02
 -1.20339418e+00 -7.51004516e-02
 -1.22237898e+00 -7.50268425e-02
 -1.20074086e+00 -7.50543221e-02
 -1.22969923e+00 -7.51840297e-02
 -1.15611025e+00 -7.54176189e-02
 -1.13394980e+00 -7.57572782e-02
 -1.13864418e+00 -7.62057582e-02
 -9.97016411e-01 -7.67664042e-02
 -9.85887514e-01 -7.74431972e-02
 -1.02815824e+00 -7.82408018e-02
 -1.01671100e+00 -7.91646239e-02
 -9.45156946e-01 -8.02208783e-02
 -8.94481888e-01 -8.14166680e-02
 -9.18536024e-01 -8.27600768e-02
 -8.74288430e-01 -8.42602775e-02
 -8.06728295e-01 -8.59276585e-02
 -7.93194519e-01 -8.77739707e-02
 -7.40809170e-01 -8.98125005e-02
 -7.18642906e-01 -9.20582709e-02
 -5.69071626e-01 -9.45282783e-02
 -5.20730946e-01 -9.72417707e-02
 -6.53693227e-01 -1.00220576e-01
 -5.35262790e-01 -1.03489489e-01
 -4.81426273e-01 -1.07076732e-01
 -4.21355467e-01 -1.11014507e-01
 -4.89942204e-01 -1.15339648e-01
 -3.39564092e-01 -1.20094409e-01
 -2.57827620e-01 -1.25327424e-01
 -2.82435561e-01 -1.31094853e-01
 -1.67748990e-01 -1.37461799e-01
 -8.96348585e-02 -1.44504031e-01
 -4.10680871e-02 -1.52310121e-01
 2.44515698e-02 -1.60984088e-01
 -2.10721397e-02 -1.70648711e-01
 1.30108617e-01 -1.81449697e-01
 2.10933256e-01 -1.93560964e-01
 2.91476702e-01 -2.07191411e-01
 3.05641809e-01 -2.22593642e-01
 4.25332196e-01 -2.40075337e-01
 5.57474990e-01 -2.60014215e-01
 6.60816116e-01 -2.82877938e-01
 7.75353316e-01 -3.09250902e-01
 8.90822327e-01 -3.39870765e-01
 1.16291289e+00 -3.75678939e-01
 1.25043652e+00 -4.17891444e-01
 1.42116669e+00 -4.68099989e-01
 1.56906113e+00 -5.28418785e-01
 1.74759357e+00 -6.01702031e-01
 2.07721849e+00 -6.91873171e-01
 2.36765672e+00 -8.04435388e-01
 2.67511919e+00 -9.47284181e-01
 3.14883368e+00 -1.13203852e+00
 3.49191306e+00 -1.37629066e+00
 3.94027385e+00 -1.70753640e+00
 4.66578016e+00 -2.17027201e+00
 5.35974093e+00 -2.83917527e+00
 6.25871253e+00 -3.84381992e+00
 7.25903311e+00 -5.41260669e+00
 8.08622604e+00 -7.92883254e+00
 8.01758706e+00 -1.18556086e+01
 5.09277294e+00 -1.68103181e+01
 -1.74374151e+00 -1.93935821e+01
 -8.31480509e+00 -1.65091219e+01
 -1.09367872e+01 -1.15629420e+01
 -1.09216349e+01 -7.73766539e+00
 -1.00066576e+01 -5.29787174e+00
 -9.10311891e+00 -3.77459021e+00
 -8.20700386e+00 -2.79615398e+00
 -7.48923891e+00 -2.14260624e+00
 -6.79778301e+00 -1.68912159e+00
 -6.29946647e+00 -1.36359555e+00
 -5.90073944e+00 -1.12294879e+00
 -5.53099440e+00 -9.40490196e-01
 -5.23773113e+00 -7.99100215e-01
 -4.85435375e+00 -6.87446801e-01
 -4.60510235e+00 -5.97813914e-01
 -4.42550698e+00 -5.24813687e-01
 -4.16919671e+00 -4.64598589e-01
 -4.13847423e+00 -4.14365466e-01
 -3.97433074e+00 -3.72035084e-01
 -3.73226359e+00 -3.36040096e-01
 -3.74202289e+00 -3.05181695e-01
 -3.56854790e+00 -2.78530779e-01
 -3.41482531e+00 -2.55358582e-01
 -3.36612876e+00 -2.35087184e-01
 -3.24642761e+00 -2.17253663e-01
 -3.13451666e+00 -2.01483781e-01
 -3.07154344e+00 -1.87472412e-01
 -2.98455311e+00 -1.74968816e-01
 -2.96957712e+00 -1.63765446e-01
 -2.85888383e+00 -1.53689338e-01
 -2.80786623e+00 -1.44595438e-01
 -2.77565556e+00 -1.36361389e-01
 -2.78399028e+00 -1.28883405e-01
 -2.66365282e+00 -1.22073006e-01
 -2.63199736e+00 -1.15854392e-01
 -2.47970809e+00 -1.10162336e-01
 -2.52189644e+00 -1.04940470e-01
 -2.44600128e+00 -1.00139888e-01
 -2.41047083e+00 -9.57179996e-02
 -2.39595458e+00 -9.16375834e-02
 -2.38608757e+00 -8.78660035e-02
 -2.45694968e+00 -8.43745560e-02
 -2.29253514e+00 -8.11379224e-02
 -2.20637935e+00 -7.81337096e-02
 -2.21509911e+00 -7.53420631e-02
 -2.24703185e+00 -7.27453377e-02
 -2.16658640e+00 -7.03278187e-02
 -2.16883678e+00 -6.80754839e-02
 -2.08685939e+00 -6.59757997e-02
 -2.13264977e+00 -6.40175463e-02
 -2.08009492e+00 -6.21906673e-02
 -1.99902731e+00 -6.04861399e-02
 -2.01868275e+00 -5.88958627e-02
 -2.00930647e+00 -5.74125590e-02
 -1.96339699e+00 -5.60296919e-02
 -1.95017693e+00 -5.47413919e-02
 -1.94112208e+00 -5.35423930e-02
 -1.90331226e+00 -5.24279775e-02
 -1.94564053e+00 -5.13939285e-02
 -1.86132712e+00 -5.04364883e-02
 -1.88602993e+00 -4.95523224e-02
 -1.91424400e+00 -4.87384891e-02
 -1.93429021e+00 -4.79924129e-02
 -1.87628568e+00 -4.73118625e-02
 -1.81219951e+00 -4.66949327e-02
 -1.79144578e+00 -4.61400285e-02
 -1.73434815e+00 -4.56458542e-02
 -1.79024968e+00 -4.52114044e-02
 -1.69870574e+00 -4.48359577e-02
 -1.72460212e+00 -4.45190745e-02
 -1.65166976e+00 -4.42605965e-02
 -1.75541721e+00 -4.40606498e-02
 -1.57270839e+00 -4.39196506e-02
 -1.70182166e+00 -4.38383142e-02
 -1.60666680e+00 -4.38176675e-02
 -1.61983086e+00 -4.38590651e-02
 -1.59604131e+00 -4.39642090e-02
 -1.64114486e+00 -4.41351735e-02
 -1.56176866e+00 -4.43744341e-02
 -1.59425911e+00 -4.46849032e-02
 -1.45762130e+00 -4.50699710e-02
 -1.52898085e+00 -4.55335550e-02
 -1.46587064e+00 -4.60801573e-02
 -1.49091113e+00 -4.67149321e-02
 -1.40674961e+00 -4.74437655e-02
 -1.46814180e+00 -4.82733686e-02
 -1.40333527e+00 -4.92113875e-02
 -1.33161932e+00 -5.02665326e-02
 -1.33656013e+00 -5.14487321e-02
 -1.39871150e+00 -5.27693131e-02
 -1.25876321e+00 -5.42412180e-02
 -1.34028864e+00 -5.58792618e-02
 -1.35961668e+00 -5.77004409e-02
 -1.29221548e+00 -5.97243047e-02
 -1.32234359e+00 -6.19734049e-02
 -1.28296440e+00 -6.44738413e-02
 -1.17899333e+00 -6.72559278e-02
 -1.09896431e+00 -7.03550115e-02
 -1.17120489e+00 -7.38124840e-02
 -1.10243936e+00 -7.76770386e-02
 -1.01807585e+00 -8.20062451e-02
 -1.04641007e+00 -8.68685346e-02
 -1.11927943e+00 -9.23457226e-02
 -1.04094405e+00 -9.85362417e-02
 -9.55738830e-01 -1.05559320e-01
 -8.78325056e-01 -1.13560436e-01
 -8.42421823e-01 -1.22718507e-01
 -6.83234571e-01 -1.33255479e-01
 -7.28037813e-01 -1.45449254e-01
 -7.64652833e-01 -1.59651366e-01
 -5.52894435e-01 -1.76311463e-01
 -4.98236246e-01 -1.96011766e-01
 -5.23240406e-01 -2.19516342e-01
 -3.70627921e-01 -2.47842886e-01
 -2.69402871e-01 -2.82369360e-01
 -1.61979536e-01 -3.24995904e-01
 -2.22452095e-02 -3.78396572e-01
 7.48182323e-02 -4.46421048e-01
 2.52996630e-01 -5.34753987e-01
 3.92849300e-01 -6.52030118e-01
 7.23455093e-01 -8.11778844e-01
 9.39731905e-01 -1.03591272e+00
 1.32013127e+00 -1.36109976e+00
 1.64739453e+00 -1.85023802e+00
 2.03461578e+00 -2.61066901e+00
 2.27824747e+00 -3.80638260e+00
 1.92138821e+00 -5.56490309e+00
 3.59329351e-01 -7.45651321e+00
 -2.49567107e+00 -7.93613246e+00
 -4.85673805e+00 -6.43642565e+00
 -5.68759816e+00 -4.50216734e+00
 -5.57869003e+00 -3.06626433e+00
 -5.25760465e+00 -2.14021429e+00
 -4.72728722e+00 -1.54977500e+00
 -4.49138678e+00 -1.16287154e+00
 -4.25513740e+00 -9.00045527e-01
 -3.92653456e+00 -7.15131402e-01
 -3.73731058e+00 -5.80871775e-01
 -3.58843983e+00 -4.80672772e-01
 -3.44661974e+00 -4.04089371e-01
 -3.29926891e+00 -3.44332574e-01
 -3.16269631e+00 -2.96857697e-01
 -3.10044141e+00 -2.58540443e-01
 -2.98412484e+00 -2.27181151e-01
 -2.87857787e+00 -2.01197745e-01
 -2.86315878e+00 -1.79430349e-01
 -2.85330077e+00 -1.61013869e-01
 -2.70950370e+00 -1.45292983e-01
 -2.62984042e+00 -1.31764258e-01
 -2.67103939e+00 -1.20035976e-01
 -2.58302214e+00 -1.09799780e-01
 -2.64392853e+00 -1.00810338e-01
 -2.50881655e+00 -9.28705427e-02
 -2.43338585e+00 -8.58206041e-02
 -2.42644558e+00 -7.95298999e-02
 -2.30065000e+00 -7.38908274e-02
 -2.44858023e+00 -6.88141100e-02
 -2.32879996e+00 -6.42251804e-02
 -2.26005056e+00 -6.00613682e-02
 -2.30620900e+00 -5.62696934e-02
 -2.27165452e+00 -5.28051223e-02
 -2.32816233e+00 -4.96291779e-02
 -2.28331047e+00 -4.67088248e-02
 -2.18346153e+00 -4.40155691e-02
 -2.22471760e+00 -4.15247264e-02
 -2.16704395e+00 -3.92148237e-02
 -2.12508039e+00 -3.70671077e-02
 -2.18408737e+00 -3.50651380e-02
 -2.17789486e+00 -3.31944496e-02
 -2.16224594e+00 -3.14422711e-02
 -2.06666821e+00 -2.97972880e-02
 -2.08877382e+00 -2.82494439e-02
 -2.08784733e+00 -2.67897720e-02
 -2.07258697e+00 -2.54102520e-02
 -2.05628546e+00 -2.41036880e-02
 -2.05614791e+00 -2.28636044e-02
 -2.06085002e+00 -2.16841560e-02
 -2.11359189e+00 -2.05600505e-02
 -2.20223286e+00 -1.94864817e-02
 -2.02849376e+00 -1.84590714e-02
 -1.95989329e+00 -1.74738183e-02
 -2.06202717e+00 -1.65270542e-02
 -2.03942035e+00 -1.56154041e-02
 -2.01124355e+00 -1.47357528e-02
 -2.08134229e+00 -1.38852137e-02
 -1.97958763e+00 -1.30611016e-02
 -2.01605697e+00 -1.22609089e-02
 -2.04527131e+00 -1.14822835e-02
 -2.06639639e+00 -1.07230087e-02
 -2.05639808e+00 -9.98098588e-03
 -2.00530244e+00 -9.25421719e-03
 -1.99042634e+00 -8.54079078e-03
 -1.95549671e+00 -7.83886624e-03
 -2.03633114e+00 -7.14666120e-03
 -2.00387660e+00 -6.46243838e-03
 -2.05423873e+00 -5.78449320e-03
 -1.97458589e+00 -5.11114159e-03
 -2.01640186e+00 -4.44070796e-03
 -1.93888431e+00 -3.77151303e-03
 -1.87607162e+00 -3.10186159e-03
 -1.99338393e+00 -2.43002970e-03
 -2.01394763e+00 -1.75425140e-03
 -1.91385834e+00 -1.07270465e-03
 -1.90513038e+00 -3.83496175e-04
 -1.95292928e+00 3.15354868e-04
 -1.96324698e+00 1.02593478e-03
 -2.01836913e+00 1.75045511e-03
 -1.98488622e+00 2.49127463e-03
 -2.01363047e+00 3.25092405e-03
 -2.00314709e+00 4.03213390e-03
 -1.97533391e+00 4.83786625e-03
 -2.02324931e+00 5.67135094e-03
 -2.05209816e+00 6.53612732e-03
 -1.89632147e+00 7.43609240e-03
 -1.94589394e+00 8.37555685e-03
 -2.06057022e+00 9.35931032e-03
 -2.01009429e+00 1.03926981e-02
 -2.07011667e+00 1.14817112e-02
 -1.99341611e+00 1.26330937e-02
 -1.99730577e+00 1.38544693e-02
 -2.06631583e+00 1.51544936e-02
 -2.01510547e+00 1.65430367e-02
 -2.07281153e+00 1.80314035e-02
 -2.09126367e+00 1.96326016e-02
 -2.11120244e+00 2.13616684e-02
 -2.08173725e+00 2.32360720e-02
 -2.01543862e+00 2.52762088e-02
 -2.11610511e+00 2.75060202e-02
 -2.10199295e+00 2.99537676e-02
 -2.07723479e+00 3.26530091e-02
 -1.94868586e+00 3.56438434e-02
 -2.12703912e+00 3.89745056e-02
 -2.09067567e+00 4.27034327e-02
 -2.10698614e+00 4.69019653e-02
 -2.14544808e+00 5.16579150e-02
 -2.18697912e+00 5.70803298e-02
 -2.30528635e+00 6.33059371e-02
 -2.20094248e+00 7.05079659e-02
 -2.29731686e+00 7.89084020e-02
 -2.27560572e+00 8.87952722e-02
 -2.39372273e+00 1.00547431e-01
 -2.41855297e+00 1.14670758e-01
 -2.31040836e+00 1.31852083e-01
 -2.46169224e+00 1.53041268e-01
 -2.58003035e+00 1.79579149e-01
 -2.51308630e+00 2.13402098e-01
 -2.58229729e+00 2.57378152e-01
 -2.75318062e+00 3.15875172e-01
 -2.84123923e+00 3.95747901e-01
 -3.01897456e+00 5.08090726e-01
 -3.11403922e+00 6.71363304e-01
 -3.32608545e+00 9.16694531e-01
 -3.40955788e+00 1.29483101e+00
 -3.48919966e+00 1.87310410e+00
 -3.22923485e+00 2.66176774e+00
 -2.33862038e+00 3.35771031e+00
 -1.17081405e+00 3.33035929e+00
 -2.30614016e-01 2.61153372e+00
 -1.80505517e-02 1.83315856e+00
 -9.85073621e-02 1.26970542e+00
 -3.27713051e-01 9.02147525e-01
 -5.37624020e-01 6.63482195e-01
 -6.13002596e-01 5.04407109e-01
 -6.82803947e-01 3.94812765e-01
 -7.86063935e-01 3.16837490e-01
 -7.79159108e-01 2.59726950e-01
 -9.53582120e-01 2.16822069e-01
 -1.00622893e+00 1.83870474e-01
 -1.09640042e+00 1.58074309e-01
 -1.12335611e+00 1.37541108e-01
 -1.12987954e+00 1.20958279e-01
 -1.20079597e+00 1.07394608e-01
 -1.20129338e+00 9.61758796e-02
 -1.33583829e+00 8.68049512e-02
 -1.39114449e+00 7.89091555e-02
 -1.33270643e+00 7.22049451e-02
 -1.30974613e+00 6.64736504e-02
 -1.37888974e+00 6.15445534e-02
 -1.35133219e+00 5.72828750e-02
 -1.44626966e+00 5.35811156e-02
 -1.39250414e+00 5.03527277e-02
 -1.52051683e+00 4.75274304e-02
 -1.41914784e+00 4.50476998e-02
 -1.42893627e+00 4.28661090e-02
 -1.50031993e+00 4.09432932e-02
 -1.54518529e+00 3.92463769e-02
 -1.55543462e+00 3.77477476e-02
 -1.53835405e+00 3.64240919e-02
 -1.64714790e+00 3.52556319e-02
 -1.56277075e+00 3.42255158e-02
 -1.52466402e+00 3.33193286e-02
 -1.58387302e+00 3.25246957e-02
 -1.51187507e+00 3.18309614e-02
 -1.60921031e+00 3.12289255e-02
 -1.65335876e+00 3.07106269e-02
 -1.67331672e+00 3.02691646e-02
 -1.59936873e+00 2.98985498e-02
 -1.70546348e+00 2.95935821e-02
 -1.77142313e+00 2.93497464e-02
 -1.64252517e+00 2.91631261e-02
 -1.68327449e+00 2.90303308e-02
 -1.63345693e+00 2.89484346e-02
 -1.83596788e+00 2.89149246e-02
 -1.71267051e+00 2.89276570e-02
 -1.81244534e+00 2.89848208e-02
 -1.77753945e+00 2.90849064e-02
 -1.75106341e+00 2.92266797e-02
 -1.82187770e+00 2.94091603e-02
 -1.83161867e+00 2.96316037e-02
 -1.78907855e+00 2.98934867e-02
 -1.78646829e+00 3.01944951e-02
 -1.80269005e+00 3.05345154e-02
 -1.85785958e+00 3.09136272e-02
 -1.96806487e+00 3.13320993e-02
 -1.78884332e+00 3.17903868e-02
 -1.86119479e+00 3.22891309e-02
 -1.81202863e+00 3.28291600e-02
 -1.92945375e+00 3.34114932e-02
 -1.81645080e+00 3.40373455e-02
 -1.98126598e+00 3.47081346e-02
 -1.86613031e+00 3.54254905e-02
 -1.96932462e+00 3.61912661e-02
 -1.96219206e+00 3.70075515e-02
 -1.85980527e+00 3.78766893e-02
 -1.93041411e+00 3.88012936e-02
 -1.91788705e+00 3.97842714e-02
 -1.97324320e+00 4.08288477e-02
 -2.05354356e+00 4.19385940e-02
 -2.02197715e+00 4.31174610e-02
 -2.05274538e+00 4.43698160e-02
 -2.13075068e+00 4.57004859e-02
 -1.96500940e+00 4.71148062e-02
 -2.04786473e+00 4.86186769e-02
 -2.12065038e+00 5.02186268e-02
 -2.14838858e+00 5.19218874e-02
 -2.17415324e+00 5.37364771e-02
 -2.20076901e+00 5.56712992e-02
 -2.18574375e+00 5.77362543e-02
 -2.22497472e+00 5.99423703e-02
 -2.24565305e+00 6.23019538e-02
 -2.16057112e+00 6.48287655e-02
 -2.24091860e+00 6.75382253e-02
 -2.28042688e+00 7.04476528e-02
 -2.34734077e+00 7.35765486e-02
 -2.33865464e+00 7.69469271e-02
 -2.32849039e+00 8.05837101e-02
 -2.48078610e+00 8.45151939e-02
 -2.38639556e+00 8.87736074e-02
 -2.44295993e+00 9.33957805e-02
 -2.49205747e+00 9.84239496e-02
 -2.51536417e+00 1.03906731e-01
 -2.71728784e+00 1.09900309e-01
 -2.64141209e+00 1.16469882e-01
 -2.60816779e+00 1.23691449e-01
 -2.62872381e+00 1.31654022e-01
 -2.72682889e+00 1.40462375e-01
 -2.87485029e+00 1.50240501e-01
 -2.82948623e+00 1.61135984e-01
 -2.98005837e+00 1.73325570e-01
 -2.97532657e+00 1.87022320e-01
 -3.07838766e+00 2.02484904e-01
 -3.12173561e+00 2.20029757e-01
 -3.25050574e+00 2.40047174e-01
 -3.31611347e+00 2.63022855e-01
 -3.35565125e+00 2.89567088e-01
 -3.54728797e+00 3.20454798e-01
 -3.58794432e+00 3.56681312e-01
 -3.76769767e+00 3.99541196e-01
 -3.88518649e+00 4.50741577e-01
 -4.01411687e+00 5.12568073e-01
 -4.27040501e+00 5.88132562e-01
 -4.49424678e+00 6.81751239e-01
 -4.70028036e+00 7.99535063e-01
 -5.01239589e+00 9.50335154e-01
 -5.28016947e+00 1.14729657e+00
 -5.70665173e+00 1.41047945e+00
 -6.12694411e+00 1.77138460e+00
 -6.62404363e+00 2.28087212e+00
 -7.18423840e+00 3.02280946e+00
 -7.77263329e+00 4.13526282e+00
 -8.20941136e+00 5.82932271e+00
 -8.14901331e+00 8.32835458e+00
 -6.59952592e+00 1.14343107e+01
 -2.63784219e+00 1.35627519e+01
 1.99141854e+00 1.26740531e+01
 4.65363327e+00 9.71440459e+00
 5.24040481e+00 6.85923784e+00
 4.90830527e+00 4.82263193e+00
 4.36444705e+00 3.47811530e+00
 3.71009021e+00 2.59006096e+00
 3.21729663e+00 1.98851950e+00
 2.75998746e+00 1.56825985e+00
 2.29475602e+00 1.26568358e+00
 2.01452431e+00 1.04181760e+00
 1.76588897e+00 8.72154128e-01
 1.46098316e+00 7.40834306e-01
 1.22913695e+00 6.37305073e-01
 1.00173397e+00 5.54358804e-01
 9.15665398e-01 4.86954376e-01
 6.70249360e-01 4.31489267e-01
 5.74186394e-01 3.85338534e-01
 3.98655270e-01 3.46555701e-01
 3.05887432e-01 3.13674333e-01
 1.51873874e-01 2.85573646e-01
 1.88157500e-01 2.61385778e-01
 5.38860511e-03 2.40430654e-01
 -3.60529423e-02 2.22169519e-01
 -8.87649278e-02 2.06171289e-01
 -1.41629772e-01 1.92087853e-01
 -3.24819052e-01 1.79635713e-01
 -3.77047653e-01 1.68582180e-01
 -4.58953914e-01 1.58734882e-01
 -4.40935333e-01 1.49933713e-01
 -4.16314598e-01 1.42044582e-01
 -4.33534322e-01 1.34954541e-01
 -6.43147330e-01 1.28567937e-01
 -6.28441416e-01 1.22803356e-01
 -7.15196767e-01 1.17591184e-01
 -7.40554888e-01 1.12871636e-01
 -7.73978031e-01 1.08593164e-01
 -7.63864929e-01 1.04711160e-01
 -7.99186955e-01 1.01186889e-01
 -9.00270555e-01 9.79866084e-02
 -8.90780686e-01 9.50808477e-02
 -9.42859014e-01 9.24437995e-02
 -1.02450123e+00 9.00528157e-02
 -1.05143769e+00 8.78879839e-02
 -9.83253015e-01 8.59317704e-02
 -1.07244045e+00 8.41687191e-02
 -1.12091717e+00 8.25851958e-02
 -1.15697054e+00 8.11691711e-02
 -1.16351079e+00 7.99100359e-02
 -1.18667691e+00 7.87984433e-02
 -1.22736315e+00 7.78261740e-02
 -1.36184355e+00 7.69860209e-02
 -1.26274908e+00 7.62716908e-02
 -1.30450729e+00 7.56777199e-02
 -1.32430277e+00 7.51994024e-02
 -1.34819987e+00 7.48327295e-02
 -1.34826367e+00 7.45743379e-02
 -1.40906903e+00 7.44214670e-02
 -1.46625641e+00 7.43719233e-02
 -1.37518223e+00 7.44240518e-02
 -1.46742998e+00 7.45767136e-02
 -1.41325156e+00 7.48292687e-02
 -1.43587249e+00 7.51815654e-02
 -1.50134068e+00 7.56339330e-02
 -1.55931075e+00 7.61871813e-02
 -1.60996008e+00 7.68426039e-02
 -1.66040092e+00 7.76019867e-02
 -1.69410918e+00 7.84676213e-02
 -1.71229947e+00 7.94423241e-02
 -1.65430479e+00 8.05294601e-02
 -1.73238086e+00 8.17329734e-02
 -1.69582658e+00 8.30574234e-02
 -1.87106918e+00 8.45080286e-02
 -1.87697284e+00 8.60907174e-02
 -1.95357468e+00 8.78121883e-02
 -1.81573347e+00 8.96799794e-02
 -1.93089457e+00 9.17025491e-02
 -1.85327563e+00 9.38893691e-02
 -1.99478245e+00 9.62510325e-02
 -2.01641540e+00 9.87993779e-02
 -2.02496317e+00 1.01547633e-01
 -2.00887781e+00 1.04510582e-01
 -2.08939658e+00 1.07704757e-01
 -2.11945884e+00 1.11148661e-01
 -2.16492680e+00 1.14863029e-01
 -2.18322574e+00 1.18871132e-01
 -2.35826725e+00 1.23199127e-01
 -2.30728750e+00 1.27876479e-01
 -2.38609495e+00 1.32936445e-01
 -2.39907007e+00 1.38416652e-01
 -2.58003908e+00 1.44359780e-01
 -2.50335177e+00 1.50814380e-01
 -2.56036988e+00 1.57835840e-01
 -2.64433306e+00 1.65487554e-01
 -2.59351916e+00 1.73842329e-01
 -2.77434431e+00 1.82984086e-01
 -2.75469520e+00 1.93009937e-01
 -2.79928965e+00 2.04032726e-01
 -2.92714200e+00 2.16184157e-01
 -3.01238092e+00 2.29618680e-01
 -3.23441330e+00 2.44518331e-01
 -3.17484128e+00 2.61098822e-01
 -3.33421715e+00 2.79617251e-01
 -3.39489759e+00 3.00381937e-01
 -3.48096867e+00 3.23765095e-01
 -3.52394698e+00 3.50219287e-01
 -3.77686023e+00 3.80299023e-01
 -3.80667947e+00 4.14689382e-01
 -4.07865536e+00 4.54244412e-01
 -4.12358041e+00 5.00039241e-01
 -4.32579020e+00 5.53441757e-01
 -4.56454894e+00 6.16212626e-01
 -4.87163222e+00 6.90647001e-01
 -4.92274618e+00 7.79778729e-01
 -5.26851506e+00 8.87680002e-01
 -5.55802074e+00 1.01990984e+00
 -5.86569339e+00 1.18419976e+00
 -6.29181496e+00 1.39152640e+00
 -6.77061965e+00 1.65783010e+00
 -7.23326949e+00 2.00683733e+00
 -7.88972176e+00 2.47480461e+00
 -8.60148809e+00 3.11863464e+00
 -9.44947131e+00 4.02978852e+00
 -1.04299859e+01 5.35713794e+00
 -1.12555362e+01 7.33781153e+00
 -1.18106713e+01 1.03029396e+01
 -1.11445610e+01 1.44811217e+01
 -7.81820759e+00 1.91197958e+01
 -1.02249884e+00 2.13602736e+01
 5.46438441e+00 1.90124880e+01
 8.90889820e+00 1.43623662e+01
 9.51954747e+00 1.02179944e+01
 8.93401811e+00 7.28540872e+00
 8.13424046e+00 5.32674154e+00
 7.11182721e+00 4.01310542e+00
 6.28567837e+00 3.11044649e+00
 5.55914427e+00 2.47198366e+00
 4.81272997e+00 2.00750645e+00
 4.43628879e+00 1.66084277e+00
 3.97387833e+00 1.39616684e+00
 3.66615400e+00 1.19001140e+00
 3.30420208e+00 1.02659577e+00
 2.91653806e+00 8.95044068e-01
 2.63198383e+00 7.87689754e-01
 2.42940354e+00 6.99016605e-01
 2.24233336e+00 6.24981148e-01
 2.08102453e+00 5.62569138e-01
 1.85382804e+00 5.09499015e-01
 1.64500576e+00 4.64019673e-01
 1.49711539e+00 4.24770038e-01
 1.39781447e+00 3.90679903e-01
 1.22624845e+00 3.60898820e-01
 1.11483602e+00 3.34744377e-01
 1.02175689e+00 3.11664072e-01
 9.87309514e-01 2.91206874e-01
 9.37320118e-01 2.73001761e-01
 6.82607791e-01 2.56741362e-01
 6.32732977e-01 2.42169354e-01
 6.73384607e-01 2.29070673e-01
 5.37616049e-01 2.17263845e-01
 4.94305175e-01 2.06594922e-01
 4.04040584e-01 1.96932662e-01
 2.84762093e-01 1.88164663e-01
 1.98307688e-01 1.80194241e-01
 1.29471738e-01 1.72937905e-01
 1.86042269e-02 1.66323282e-01
 3.54915908e-02 1.60287427e-01
 -4.47718785e-02 1.54775415e-01
 -3.46753301e-02 1.49739187e-01
 -6.94353171e-02 1.45136573e-01
 -1.06743693e-01 1.40930493e-01
 -2.09505877e-01 1.37088266e-01
 -2.16219656e-01 1.33581042e-01
 -3.60819456e-01 1.30383317e-01
 -3.76597870e-01 1.27472517e-01
 -3.04234946e-01 1.24828649e-01
 -3.99076628e-01 1.22434004e-01
 -4.63398465e-01 1.20272897e-01
 -4.51345893e-01 1.18331448e-01
 -5.01773669e-01 1.16597399e-01
 -5.70516243e-01 1.15059945e-01
 -6.29081582e-01 1.13709600e-01
 -5.52037792e-01 1.12538078e-01
 -6.46003910e-01 1.11538191e-01
 -7.37223537e-01 1.10703763e-01
 -7.72880856e-01 1.10029555e-01
 -7.94335732e-01 1.09511208e-01
 -7.37024426e-01 1.09145186e-01
 -8.60329878e-01 1.08928742e-01
 -9.79379750e-01 1.08859880e-01
 -9.50619107e-01 1.08937335e-01
 -9.95796101e-01 1.09160552e-01
 -9.58745570e-01 1.09529684e-01
 -1.02716832e+00 1.10045582e-01
 -1.03445865e+00 1.10709809e-01
 -1.10304115e+00 1.11524645e-01
 -1.08755845e+00 1.12493111e-01
 -1.24429365e+00 1.13618998e-01
 -1.30611697e+00 1.14906899e-01
 -1.31955027e+00 1.16362259e-01
 -1.27488642e+00 1.17991424e-01
 -1.33321504e+00 1.19801708e-01
 -1.38785944e+00 1.21801474e-01
 -1.47827958e+00 1.24000215e-01
 -1.49344475e+00 1.26408668e-01
 -1.53672383e+00 1.29038929e-01
 -1.70021532e+00 1.31904598e-01
 -1.64190616e+00 1.35020939e-01
 -1.59779655e+00 1.38405073e-01
 -1.72639995e+00 1.42076195e-01
 -1.75741606e+00 1.46055831e-01
 -1.75025574e+00 1.50368131e-01
 -1.93271066e+00 1.55040216e-01
 -1.83499035e+00 1.60102581e-01
 -2.02008947e+00 1.65589562e-01
 -2.00500425e+00 1.71539897e-01
 -2.06706714e+00 1.77997368e-01
 -2.09841814e+00 1.85011579e-01
 -2.17953502e+00 1.92638865e-01
 -2.29161308e+00 2.00943378e-01
 -2.31285846e+00 2.09998393e-01
 -2.38638642e+00 2.19887863e-01
 -2.49165593e+00 2.30708309e-01
 -2.60964303e+00 2.42571106e-01
 -2.70885890e+00 2.55605267e-01
 -2.77713313e+00 2.69960865e-01
 -2.87307641e+00 2.85813248e-01
 -2.90285378e+00 3.03368271e-01
 -3.11178365e+00 3.22868839e-01
 -3.09183436e+00 3.44603133e-01
 -3.31744961e+00 3.68915047e-01
 -3.41927516e+00 3.96217533e-01
 -3.51334841e+00 4.27009793e-01
 -3.69054985e+00 4.61899673e-01
 -3.78897840e+00 5.01633076e-01
 -3.96380525e+00 5.47133038e-01
 -4.23284728e+00 5.99552228e-01
 -4.30136522e+00 6.60344351e-01
 -4.62986758e+00 7.31362560e-01
 -4.92023048e+00 8.14997062e-01
 -5.16591198e+00 9.14370515e-01
 -5.47862999e+00 1.03362021e+00
 -5.84160927e+00 1.17831301e+00
 -6.17060838e+00 1.35606768e+00
 -6.64196394e+00 1.57750785e+00
 -7.10117987e+00 1.85775444e+00
 -7.64920116e+00 2.21881685e+00
 -8.34072516e+00 2.69351229e+00
 -9.14850339e+00 3.33201639e+00
 -1.00687346e+01 4.21292839e+00
 -1.11346043e+01 5.46171064e+00
 -1.21905857e+01 7.27896068e+00
 -1.30747590e+01 9.97024447e+00
 -1.32917926e+01 1.39094702e+01
 -1.18371298e+01 1.91549667e+01
 -6.65604870e+00 2.42364648e+01
 1.54762013e+00 2.55967569e+01
 8.60053467e+00 2.19179996e+01
 1.18174028e+01 1.64164948e+01
 1.22498757e+01 1.17778573e+01
 1.13665810e+01 8.50696542e+00
