 NaN NaN
 7.56602517e+01 4.66192934e+00
 3.87777946e+01 1.72041689e+00
 2.59707490e+01 9.54190132e-01
 1.96503991e+01 6.26771636e-01
 1.58060012e+01 4.52005468e-01
 1.32106203e+01 3.45910153e-01
 1.12836985e+01 2.75833696e-01
 9.91424955e+00 2.26699603e-01
 8.77772257e+00 1.90679880e-01
 7.96046217e+00 1.63346581e-01
 7.16572843e+00 1.42025529e-01
 6.50731812e+00 1.25015896e-01
 6.14926892e+00 1.11189524e-01
 5.52954721e+00 9.97716191e-02
 5.23708862e+00 9.02142533e-02
 4.93937978e+00 8.21201201e-02
 4.68998394e+00 7.51948348e-02
 4.36181198e+00 6.92161179e-02
 4.14423042e+00 6.40133230e-02
 3.88598698e+00 5.94534974e-02
 3.77825442e+00 5.54316836e-02
 3.55418426e+00 5.18640389e-02
 3.38679084e+00 4.86828683e-02
 3.31989549e+00 4.58329820e-02
 3.14766843e+00 4.32689870e-02
 3.00233512e+00 4.09532449e-02
 2.83790318e+00 3.88543154e-02
 2.72201166e+00 3.69457563e-02
 2.67355639e+00 3.52051889e-02
 2.50302025e+00 3.36135634e-02
 2.48224251e+00 3.21545765e-02
 2.33394916e+00 3.08142064e-02
 2.25300974e+00 2.95803376e-02
 2.19724172e+00 2.84424575e-02
 2.08298475e+00 2.73914082e-02
 2.10514968e+00 2.64191833e-02
 1.97339823e+00 2.55187596e-02
 1.88530325e+00 2.46839577e-02
 2.01136834e+00 2.39093256e-02
 1.85736241e+00 2.31900411e-02
 1.75635386e+00 2.25218299e-02
 1.81669324e+00 2.19008962e-02
 1.68862895e+00 2.13238636e-02
 1.58040157e+00 2.07877253e-02
 1.58953736e+00 2.02898013e-02
 1.60986860e+00 1.98277018e-02
 1.57882237e+00 1.93992958e-02
 1.59189893e+00 1.90026841e-02
 1.33811054e+00 1.86361764e-02
 1.42865277e+00 1.82982710e-02
 1.27811600e+00 1.79876379e-02
 1.27400596e+00 1.77031037e-02
 1.26339273e+00 1.74436395e-02
 1.17482253e+00 1.72083496e-02
 1.24995110e+00 1.69964625e-02
 1.03884268e+00 1.68073233e-02
 1.11115172e+00 1.66403872e-02
 1.07873933e+00 1.64952145e-02
 1.03385842e+00 1.63714661e-02
 1.05715883e+00 1.62689010e-02
 1.01977012e+00 1.61873738e-02
 9.52423825e-01 1.61268337e-02
 9.04337399e-01 1.60873243e-02
 8.73287736e-01 1.60689845e-02
 8.28173205e-01 1.60720496e-02
 8.40155952e-01 1.60968546e-02
 7.33940486e-01 1.61438371e-02
 7.30198237e-01 1.62135424e-02
 7.44835539e-01 1.63066289e-02
 7.43720911e-01 1.64238755e-02
 7.40003887e-01 1.65661895e-02
 6.91676948e-01 1.67346169e-02
 6.66619805e-01 1.69303535e-02
 5.66915757e-01 1.71547587e-02
 5.80648315e-01 1.74093711e-02
 4.61841988e-01 1.76959263e-02
 5.17952490e-01 1.80163780e-02
 4.36215815e-01 1.83729222e-02
 5.06876277e-01 1.87680255e-02
 4.22847744e-01 1.92044570e-02
 3.04544027e-01 1.96853266e-02
 3.89374890e-01 2.02141284e-02
 3.09679202e-01 2.07947920e-02
 2.07818114e-01 2.14317423e-02
 2.96496908e-01 2.21299687e-02
 1.69577744e-01 2.28951084e-02
 3.99251763e-02 2.37335419e-02
 7.95650362e-02 2.46525087e-02
 3.14138842e-02 2.56602427e-02
 2.25397232e-02 2.67661347e-02
 2.78547472e-02 2.79809267e-02
 -5.04213230e-02 2.93169458e-02
 -2.80030496e-02 3.07883872e-02
 -1.26665229e-01 3.24116576e-02
 -2.05154755e-01 3.42057955e-02
 -2.81008298e-01 3.61929875e-02
 -3.42330221e-01 3.83992068e-02
 -3.85774064e-01 4.08550088e-02
 -3.89256114e-01 4.35965281e-02
 -5.86079572e-01 4.66667378e-02
 -6.38840651e-01 5.01170540e-02
 -6.78163638e-01 5.40093960e-02
 -7.65814640e-01 5.84188578e-02
 -8.18101868e-01 6.34372051e-02
 -1.05083325e+00 6.91775056e-02
 -1.02331028e+00 7.57803277e-02
 -1.15696326e+00 8.34221484e-02
 -1.30689887e+00 9.23269153e-02
 -1.44384619e+00 1.02782189e-01
 -1.53797859e+00 1.15162061e-01
 -1.73679872e+00 1.29960298e-01
 -1.99062112e+00 1.47839275e-01
 -2.24043927e+00 1.69703890e-01
 -2.45835772e+00 1.96816167e-01
 -2.74490059e+00 2.30978240e-01
 -3.07839971e+00 2.74834540e-01
 -3.61887508e+00 3.32390739e-01
 -4.08141205e+00 4.09946569e-01
 -4.64850798e+00 5.17866155e-01
 -5.50906787e+00 6.74165349e-01
 -6.51369669e+00 9.12392128e-01
 -7.95370339e+00 1.30079620e+00
 -1.01484561e+01 1.99558841e+00
 -1.34256242e+01 3.41809405e+00
 -1.90276462e+01 7.01381945e+00
 -2.86893828e+01 1.97804460e+01
 -8.42600593e+00 6.30197085e+01
 3.26455437e+01 2.64144118e+01
 2.29995786e+01 8.63178298e+00
 1.66753594e+01 4.01343730e+00
 1.28818672e+01 2.28775609e+00
 1.06880074e+01 1.47272791e+00
 9.06310095e+00 1.02647751e+00
 7.93180057e+00 7.56403870e-01
 7.10978249e+00 5.80749376e-01
 6.47466818e+00 4.60145506e-01
 6.00596081e+00 3.73770580e-01
 5.39190849e+00 3.09784374e-01
 5.09533738e+00 2.61054303e-01
 4.77610018e+00 2.23077038e-01
 4.60532189e+00 1.92896213e-01
 4.32067184e+00 1.68506099e-01
 4.04184106e+00 1.48507089e-01
 3.95186154e+00 1.31898475e-01
 3.81019877e+00 1.17949387e-01
 3.70052471e+00 1.06115942e-01
 3.53969203e+00 9.59866148e-02
 3.26942848e+00 8.72453683e-02
 3.22501368e+00 7.96462298e-02
 3.23973774e+00 7.29954302e-02
 3.09337045e+00 6.71386385e-02
 3.14974843e+00 6.19516964e-02
 2.95084722e+00 5.73337968e-02
 2.89423070e+00 5.32023970e-02
 2.80253815e+00 4.94893789e-02
 2.78039759e+00 4.61381200e-02
 2.71716663e+00 4.31012353e-02
 2.64165038e+00 4.03388205e-02
 2.52010827e+00 3.78170730e-02
 2.61717711e+00 3.55072002e-02
 2.53509453e+00 3.33845499e-02
 2.56100609e+00 3.14279107e-02
 2.45230741e+00 2.96189470e-02
 2.46263379e+00 2.79417392e-02
 2.41028794e+00 2.63824070e-02
 2.40212732e+00 2.49287994e-02
 2.38102369e+00 2.35702380e-02
 2.20475047e+00 2.22973038e-02
 2.20204121e+00 2.11016583e-02
 2.28578731e+00 1.99758936e-02
 2.19892037e+00 1.89134063e-02
 2.16719262e+00 1.79082894e-02
 2.06757037e+00 1.69552420e-02
 2.16143934e+00 1.60494906e-02
 2.12852887e+00 1.51867225e-02
 2.07858494e+00 1.43630279e-02
 2.01977125e+00 1.35748502e-02
 2.15094795e+00 1.28189429e-02
 1.97412185e+00 1.20923312e-02
 1.99564824e+00 1.13922797e-02
 2.12621035e+00 1.07162625e-02
 2.09844170e+00 1.00619382e-02
 1.93579839e+00 9.42712675e-03
 2.03658861e+00 8.80978881e-03
 1.96452645e+00 8.20800780e-03
 1.95269581e+00 7.61997313e-03
 1.98187841e+00 7.04396506e-03
 2.03763050e+00 6.47834087e-03
 1.93455853e+00 5.92152193e-03
 2.04017938e+00 5.37198166e-03
 1.98121998e+00 4.82823411e-03
 2.02527990e+00 4.28882302e-03
 1.89934406e+00 3.75231117e-03
 1.89038204e+00 3.21727002e-03
 2.00872303e+00 2.68226927e-03
 1.89056268e+00 2.14586637e-03
 1.94052157e+00 1.60659578e-03
 2.00681925e+00 1.06295782e-03
 1.96170844e+00 5.13406968e-04
 1.94737172e+00 -4.36606447e-05
 1.97531898e+00 -6.09920594e-04
 1.98560674e+00 -1.18713475e-03
 1.99487300e+00 -1.77716725e-03
 1.93939602e+00 -2.38200218e-03
 1.95665016e+00 -3.00376324e-03
 1.90685220e+00 -3.64473591e-03
 1.95446341e+00 -4.30739239e-03
 2.05785738e+00 -4.99442005e-03
 1.93183113e+00 -5.70875382e-03
 1.91418973e+00 -6.45361348e-03
 1.95823896e+00 -7.23254670e-03
 1.99351318e+00 -8.04947887e-03
 2.07401628e+00 -8.90877120e-03
 1.98401285e+00 -9.81528873e-03
 1.98229699e+00 -1.07744802e-02
 1.98991082e+00 -1.17924724e-02
 2.00566331e+00 -1.28761821e-02
 2.13514185e+00 -1.40334493e-02
 2.04720859e+00 -1.52731972e-02
 2.06072557e+00 -1.66056243e-02
 2.14366736e+00 -1.80424369e-02
 2.08056002e+00 -1.95971327e-02
 2.20570208e+00 -2.12853466e-02
 2.08594724e+00 -2.31252776e-02
 2.18325013e+00 -2.51382177e-02
 2.25848024e+00 -2.73492107e-02
 2.25569842e+00 -2.97878821e-02
 2.30159699e+00 -3.24894888e-02
 2.34922354e+00 -3.54962602e-02
 2.33100196e+00 -3.88591263e-02
 2.38665603e+00 -4.26399658e-02
 2.50982185e+00 -4.69145608e-02
 2.44452360e+00 -5.17765232e-02
 2.54841643e+00 -5.73425758e-02
 2.57353381e+00 -6.37597498e-02
 2.66033966e+00 -7.12153343e-02
 2.70797555e+00 -7.99508474e-02
 2.76889082e+00 -9.02819985e-02
 2.96680713e+00 -1.02627760e-01
 2.98407062e+00 -1.17553617e-01
 3.07861217e+00 -1.35837471e-01
 3.44884553e+00 -1.58572793e-01
 3.41498335e+00 -1.87335110e-01
 3.82627391e+00 -2.24460309e-01
 3.89439274e+00 -2.73529148e-01
 4.17850363e+00 -3.40251897e-01
 4.54801862e+00 -4.34177378e-01
 5.09274089e+00 -5.72227061e-01
 5.60821764e+00 -7.86637985e-01
 6.47845149e+00 -1.14476836e+00
 7.62232619e+00 -1.80541317e+00
 9.50725900e+00 -3.20743777e+00
 1.20986811e+01 -6.81483095e+00
 1.20263463e+01 -1.71377182e+01
 -5.64982986e+00 -2.16520681e+01
 -1.02736140e+01 -9.10805556e+00
 -7.55104046e+00 -4.02123128e+00
 -5.41159331e+00 -2.16318729e+00
 -4.14628604e+00 -1.33345019e+00
 -3.21246991e+00 -9.00203768e-01
 -2.46357582e+00 -6.47613031e-01
 -2.07498921e+00 -4.88124238e-01
 -1.54077128e+00 -3.81220153e-01
 -1.25846789e+00 -3.06173029e-01
 -9.98952319e-01 -2.51519218e-01
 -8.82058579e-01 -2.10512721e-01
 -6.50939617e-01 -1.78978267e-01
 -4.87429839e-01 -1.54221411e-01
 -4.09301854e-01 -1.34441139e-01
 -3.20972257e-01 -1.18397018e-01
 -1.00195099e-01 -1.05212361e-01
 -2.11747432e-02 -9.42534664e-02
 -5.81987106e-03 -8.50531358e-02
 1.39229852e-01 -7.72608487e-02
 1.17967096e-01 -7.06094944e-02
 1.72485163e-01 -6.48926620e-02
 3.73152478e-01 -5.99488266e-02
 3.59662050e-01 -5.56501412e-02
 4.07548320e-01 -5.18943619e-02
 4.35829846e-01 -4.85989456e-02
 4.91855341e-01 -4.56966763e-02
 5.21703044e-01 -4.31323844e-02
 5.32504947e-01 -4.08604580e-02
 5.52556549e-01 -3.88429340e-02
 7.35677261e-01 -3.70480214e-02
 6.69818752e-01 -3.54489469e-02
 7.25475976e-01 -3.40230460e-02
 6.95906343e-01 -3.27510413e-02
 6.47409331e-01 -3.16164656e-02
 7.40228184e-01 -3.06051967e-02
 6.80859152e-01 -2.97050816e-02
 6.82988417e-01 -2.89056292e-02
 6.98086645e-01 -2.81977591e-02
 9.09204481e-01 -2.75735942e-02
 8.13465338e-01 -2.70262896e-02
 9.40588369e-01 -2.65498901e-02
 9.28034277e-01 -2.61392110e-02
 9.74386606e-01 -2.57897389e-02
 9.74943330e-01 -2.54975477e-02
 1.03608119e+00 -2.52592288e-02
 1.08866101e+00 -2.50718309e-02
 9.78991090e-01 -2.49328108e-02
 1.00000671e+00 -2.48399899e-02
 1.03389610e+00 -2.47915196e-02
 1.17383834e+00 -2.47858500e-02
 1.04695681e+00 -2.48217054e-02
 1.15004083e+00 -2.48980628e-02
 1.17751504e+00 -2.50141344e-02
 1.11131828e+00 -2.51693535e-02
 1.17946632e+00 -2.53633629e-02
 1.25576387e+00 -2.55960063e-02
 1.25197959e+00 -2.58673219e-02
 1.27782048e+00 -2.61775378e-02
 1.22837378e+00 -2.65270702e-02
 1.29082261e+00 -2.69165233e-02
 1.34671840e+00 -2.73466908e-02
 1.47339693e+00 -2.78185595e-02
 1.37684318e+00 -2.83333155e-02
 1.38725449e+00 -2.88923510e-02
 1.54884563e+00 -2.94972749e-02
 1.48828563e+00 -3.01499242e-02
 1.46681707e+00 -3.08523783e-02
 1.50356826e+00 -3.16069764e-02
 1.57844315e+00 -3.24163368e-02
 1.66111218e+00 -3.32833801e-02
 1.56779653e+00 -3.42113555e-02
 1.59532359e+00 -3.52038715e-02
 1.72913761e+00 -3.62649305e-02
 1.74396057e+00 -3.73989693e-02
 1.67356575e+00 -3.86109044e-02
 1.75882178e+00 -3.99061854e-02
 1.74685451e+00 -4.12908549e-02
 1.88613461e+00 -4.27716182e-02
 1.83354103e+00 -4.43559233e-02
 2.02769353e+00 -4.60520528e-02
 1.91750506e+00 -4.78692306e-02
 2.03710892e+00 -4.98177457e-02
 1.96706419e+00 -5.19090948e-02
 2.03960108e+00 -5.41561500e-02
 2.13943195e+00 -5.65733537e-02
 2.21476697e+00 -5.91769473e-02
 2.21857815e+00 -6.19852408e-02
 2.42648519e+00 -6.50189300e-02
 2.27293909e+00 -6.83014739e-02
 2.45768855e+00 -7.18595427e-02
 2.37316785e+00 -7.57235543e-02
 2.51828426e+00 -7.99283179e-02
 2.63905915e+00 -8.45138113e-02
 2.68271866e+00 -8.95261234e-02
 2.69363206e+00 -9.50186039e-02
 2.74171646e+00 -1.01053273e-01
 2.91107288e+00 -1.07702564e-01
 2.97615102e+00 -1.15051482e-01
 3.06288762e+00 -1.23200312e-01
 3.13608914e+00 -1.32268022e-01
 3.26545097e+00 -1.42396596e-01
 3.46503509e+00 -1.53756574e-01
 3.55732025e+00 -1.66554213e-01
 3.56918817e+00 -1.81040841e-01
 3.80408663e+00 -1.97525178e-01
 4.07305942e+00 -2.16389778e-01
 4.13594714e+00 -2.38113233e-01
 4.42183282e+00 -2.63300553e-01
 4.66623706e+00 -2.92725355e-01
 4.84494045e+00 -3.27389406e-01
 5.04410817e+00 -3.68608154e-01
 5.36070428e+00 -4.18136028e-01
 5.73991898e+00 -4.78354066e-01
 6.20268809e+00 -5.52557864e-01
 6.59490832e+00 -6.45411868e-01
 7.22245584e+00 -7.63689040e-01
 7.72795155e+00 -9.17519389e-01
 8.61839304e+00 -1.12258722e+00
 9.55703451e+00 -1.40419113e+00
 1.06888948e+01 -1.80519066e+00
 1.22181108e+01 -2.40266750e+00
 1.42032580e+01 -3.34587835e+00
 1.69339357e+01 -4.95180278e+00
 2.08152900e+01 -7.97542359e+00
 2.61563667e+01 -1.44615914e+01
 3.04800290e+01 -3.01333227e+01
 1.29792473e+01 -5.73532216e+01
 -2.50795866e+01 -4.58136251e+01
 -2.84540151e+01 -2.16078659e+01
 -2.28104874e+01 -1.10255481e+01
 -1.80729768e+01 -6.45246547e+00
 -1.48194119e+01 -4.18401582e+00
 -1.23801530e+01 -2.91849074e+00
 -1.06629958e+01 -2.14708624e+00
 -9.26070851e+00 -1.64431220e+00
 -8.25640994e+00 -1.29921904e+00
 -7.41905510e+00 -1.05245451e+00
 -6.60426990e+00 -8.70063009e-01
 -6.04238736e+00 -7.31526424e-01
 -5.52265490e+00 -6.23872786e-01
 -5.00129829e+00 -5.38583789e-01
 -4.69411725e+00 -4.69882386e-01
 -4.37896283e+00 -4.13740514e-01
 -4.13448376e+00 -3.67281170e-01
 -3.81349844e+00 -3.28405697e-01
 -3.60621328e+00 -2.95554439e-01
 -3.45180838e+00 -2.67548958e-01
 -3.18947693e+00 -2.43485564e-01
 -3.03422655e+00 -2.22661956e-01
 -2.81982520e+00 -2.04525724e-01
 -2.75681546e+00 -1.88637568e-01
 -2.50410416e+00 -1.74644627e-01
 -2.49991942e+00 -1.62260868e-01
 -2.32225131e+00 -1.51252467e-01
 -2.24005896e+00 -1.41426792e-01
 -2.10368723e+00 -1.32624009e-01
 -2.02978860e+00 -1.24710611e-01
 -1.86183873e+00 -1.17574393e-01
 -1.90665436e+00 -1.11120515e-01
 -1.66060520e+00 -1.05268382e-01
 -1.66946753e+00 -9.99491657e-02
 -1.66425804e+00 -9.51038131e-02
 -1.43452922e+00 -9.06814393e-02
 -1.46857427e+00 -8.66380205e-02
 -1.50297325e+00 -8.29353265e-02
 -1.27863383e+00 -7.95400423e-02
 -1.23346833e+00 -7.64230425e-02
 -1.20853516e+00 -7.35587892e-02
 -1.25613945e+00 -7.09248288e-02
 -1.15773314e+00 -6.85013712e-02
 -1.03343235e+00 -6.62709351e-02
 -1.05408731e+00 -6.42180492e-02
 -1.07640675e+00 -6.23289980e-02
 -9.08870408e-01 -6.05916068e-02
 -9.00787165e-01 -5.89950571e-02
 -8.95395676e-01 -5.75297303e-02
 -7.94093636e-01 -5.61870721e-02
 -8.04786251e-01 -5.49594776e-02
 -7.73328603e-01 -5.38401915e-02
 -6.52090372e-01 -5.28232227e-02
 -6.51297947e-01 -5.19032707e-02
 -5.87560341e-01 -5.10756625e-02
 -6.07291552e-01 -5.03362981e-02
 -6.25262392e-01 -4.96816041e-02
 -4.33743337e-01 -4.91084940e-02
 -5.00235995e-01 -4.86143352e-02
 -4.67733750e-01 -4.81969203e-02
 -3.32768771e-01 -4.78544447e-02
 -3.61299736e-01 -4.75854881e-02
 -4.07558136e-01 -4.73889998e-02
 -3.86926741e-01 -4.72642885e-02
 -2.44425582e-01 -4.72110163e-02
 -2.00385156e-01 -4.72291949e-02
 -2.36562273e-01 -4.73191871e-02
 -1.33209982e-01 -4.74817105e-02
 -1.51683198e-01 -4.77178459e-02
 -3.13262793e-02 -4.80290493e-02
 -6.00210776e-02 -4.84171674e-02
 5.86526282e-02 -4.88844581e-02
 -4.91446227e-02 -4.94336160e-02
 1.94978850e-02 -5.00678019e-02
 1.85048710e-01 -5.07906795e-02
 9.63147553e-02 -5.16064578e-02
 6.95534797e-02 -5.25199410e-02
 1.32124228e-01 -5.35365871e-02
 2.29456310e-01 -5.46625758e-02
 2.75346551e-01 -5.59048879e-02
 3.27105756e-01 -5.72713974e-02
 2.80022622e-01 -5.87709791e-02
 3.02031896e-01 -6.04136334e-02
 4.19513503e-01 -6.22106327e-02
 5.46796496e-01 -6.41746923e-02
 5.73044255e-01 -6.63201709e-02
 5.32003608e-01 -6.86633062e-02
 5.94586155e-01 -7.12224931e-02
 6.26850832e-01 -7.40186126e-02
 6.45333671e-01 -7.70754234e-02
 8.19189574e-01 -8.04200277e-02
 7.76685197e-01 -8.40834304e-02
 9.36583445e-01 -8.81012107e-02
 9.77588441e-01 -9.25143354e-02
 1.03167138e+00 -9.73701465e-02
 1.12135211e+00 -1.02723568e-01
 1.15380125e+00 -1.08638589e-01
 1.19219357e+00 -1.15190098e-01
 1.32699778e+00 -1.22466166e-01
 1.37766268e+00 -1.30570910e-01
 1.44751620e+00 -1.39628104e-01
 1.57797617e+00 -1.49785783e-01
 1.62028120e+00 -1.61222149e-01
 1.92474793e+00 -1.74153225e-01
 1.94455255e+00 -1.88842875e-01
 2.09513211e+00 -2.05616053e-01
 2.21406186e+00 -2.24876536e-01
 2.38779612e+00 -2.47130949e-01
 2.70871968e+00 -2.73021773e-01
 2.75146573e+00 -3.03373365e-01
 2.99090274e+00 -3.39257202e-01
 3.21220648e+00 -3.82086046e-01
 3.47093179e+00 -4.33752633e-01
 3.86222534e+00 -4.96838546e-01
 4.11755814e+00 -5.74936776e-01
 4.57954719e+00 -6.73164168e-01
 5.00120791e+00 -7.99002070e-01
 5.59918876e+00 -9.63727069e-01
 6.36740909e+00 -1.18495141e+00
 7.14876516e+00 -1.49136176e+00
 8.27377249e+00 -1.93208388e+00
 9.67399203e+00 -2.59648950e+00
 1.14445736e+01 -3.65955060e+00
 1.38203051e+01 -5.49538606e+00
 1.69788036e+01 -8.98609864e+00
 2.05958546e+01 -1.63442693e+01
 1.91736870e+01 -3.16002168e+01
 -2.50814018e+00 -4.41954524e+01
 -2.17699157e+01 -2.93486330e+01
 -2.18176373e+01 -1.51702164e+01
 -1.80594725e+01 -8.46827592e+00
 -1.49965445e+01 -5.24942655e+00
 -1.28078957e+01 -3.53287037e+00
 -1.10730793e+01 -2.52736499e+00
 -9.67309597e+00 -1.89309174e+00
 -8.72212036e+00 -1.46917186e+00
 -7.85370784e+00 -1.17257751e+00
 -7.17011207e+00 -9.57275882e-01
 -6.62826466e+00 -7.96192665e-01
 -6.14148046e+00 -6.72604381e-01
 -5.72017504e+00 -5.75747756e-01
 -5.44313371e+00 -4.98449783e-01
 -5.10806071e+00 -4.35785099e-01
 -4.79387934e+00 -3.84283036e-01
 -4.59582412e+00 -3.41442060e-01
 -4.51461568e+00 -3.05422912e-01
 -4.20911858e+00 -2.74849176e-01
 -4.03258586e+00 -2.48674449e-01
 -3.93148034e+00 -2.26091876e-01
 -3.72500195e+00 -2.06471309e-01
 -3.66989362e+00 -1.89314871e-01
 -3.52841607e+00 -1.74225014e-01
 -3.32179077e+00 -1.60881223e-01
 -3.28483939e+00 -1.49022780e-01
 -3.20439509e+00 -1.38435875e-01
 -3.08912894e+00 -1.28943828e-01
 -3.00382467e+00 -1.20399620e-01
 -2.89478017e+00 -1.12680114e-01
 -2.89673505e+00 -1.05681544e-01
 -2.78357170e+00 -9.93159730e-02
 -2.76164005e+00 -9.35084812e-02
 -2.71843567e+00 -8.81949200e-02
 -2.65394271e+00 -8.33201053e-02
 -2.61263694e+00 -7.88363552e-02
 -2.50070160e+00 -7.47022978e-02
 -2.42993534e+00 -7.08818949e-02
 -2.46726624e+00 -6.73436371e-02
 -2.30396846e+00 -6.40598772e-02
 -2.46216225e+00 -6.10062754e-02
 -2.31303536e+00 -5.81613350e-02
 -2.26441854e+00 -5.55060130e-02
 -2.27895753e+00 -5.30233907e-02
 -2.20618454e+00 -5.06983956e-02
 -2.31640471e+00 -4.85175641e-02
 -2.14751208e+00 -4.64688398e-02
 -2.16707393e+00 -4.45413999e-02
 -2.15056835e+00 -4.27255069e-02
 -2.12535813e+00 -4.10123799e-02
 -2.01114450e+00 -3.93940840e-02
 -2.04580331e+00 -3.78634341e-02
 -2.04120241e+00 -3.64139107e-02
 -1.98976266e+00 -3.50395880e-02
 -1.91693708e+00 -3.37350688e-02
 -1.98978646e+00 -3.24954297e-02
 -1.87384946e+00 -3.13161711e-02
 -1.87448091e+00 -3.01931743e-02
 -1.86003749e+00 -2.91226631e-02
 -1.91495903e+00 -2.81011704e-02
 -1.79417875e+00 -2.71255073e-02
 -1.79784259e+00 -2.61927374e-02
 -1.81152313e+00 -2.53001525e-02
 -1.77726926e+00 -2.44452515e-02
 -1.81423901e+00 -2.36257218e-02
 -1.57803649e+00 -2.28394218e-02
 -1.70079636e+00 -2.20843664e-02
 -1.78664950e+00 -2.13587128e-02
 -1.65389007e+00 -2.06607485e-02
 -1.70595530e+00 -1.99888801e-02
 -1.66128922e+00 -1.93416234e-02
 -1.61855234e+00 -1.87175944e-02
 -1.63116706e+00 -1.81155010e-02
 -1.58227922e+00 -1.75341358e-02
 -1.63284587e+00 -1.69723691e-02
 -1.64210184e+00 -1.64291431e-02
 -1.65853171e+00 -1.59034659e-02
 -1.58954814e+00 -1.53944068e-02
 -1.66316988e+00 -1.49010918e-02
 -1.48422323e+00 -1.44226988e-02
 -1.62411292e+00 -1.39584542e-02
 -1.56830376e+00 -1.35076291e-02
 -1.52960322e+00 -1.30695362e-02
 -1.49605606e+00 -1.26435269e-02
 -1.61975308e+00 -1.22289883e-02
 -1.56851454e+00 -1.18253407e-02
 -1.55478810e+00 -1.14320354e-02
 -1.52366222e+00 -1.10485528e-02
 -1.51173455e+00 -1.06743997e-02
 -1.50485740e+00 -1.03091082e-02
 -1.54088546e+00 -9.95223364e-03
 -1.40217396e+00 -9.60335301e-03
 -1.44129760e+00 -9.26206367e-03
 -1.43680943e+00 -8.92798187e-03
 -1.47875512e+00 -8.60074155e-03
 -1.45363181e+00 -8.27999313e-03
 -1.48874027e+00 -7.96540247e-03
 -1.45838058e+00 -7.65664978e-03
 -1.43724715e+00 -7.35342877e-03
 -1.38279827e+00 -7.05544567e-03
 -1.51803805e+00 -6.76241847e-03
 -1.44342154e+00 -6.47407610e-03
 -1.40599154e+00 -6.19015770e-03
 -1.49402216e+00 -5.91041198e-03
 -1.43121355e+00 -5.63459652e-03
 -1.35221452e+00 -5.36247719e-03
 -1.40146189e+00 -5.09382758e-03
 -1.48401240e+00 -4.82842844e-03
 -1.38344934e+00 -4.56606718e-03
 -1.45716292e+00 -4.30653737e-03
 -1.46466285e+00 -4.04963829e-03
 -1.49044193e+00 -3.79517451e-03
 -1.39799598e+00 -3.54295540e-03
 -1.40568059e+00 -3.29279480e-03
 -1.37763278e+00 -3.04451061e-03
 -1.47392885e+00 -2.79792441e-03
 -1.41782203e+00 -2.55286109e-03
 -1.37835648e+00 -2.30914857e-03
 -1.40527369e+00 -2.06661739e-03
 -1.40193183e+00 -1.82510043e-03
 -1.36994193e+00 -1.58443258e-03
 -1.32415735e+00 -1.34445047e-03
 -1.36569247e+00 -1.10499208e-03
 -1.35065966e+00 -8.65896565e-04
 -1.32682722e+00 -6.27003852e-04
 -1.36460722e+00 -3.88154423e-04
 -1.41256743e+00 -1.49189001e-04
 -1.43671441e+00 9.00517318e-05
 -1.39676875e+00 3.29727415e-04
 -1.37704869e+00 5.69998300e-04
 -1.35186505e+00 8.11025534e-04
 -1.32395840e+00 1.05297145e-03
 -1.35595786e+00 1.29599986e-03
 -1.46301256e+00 1.54027636e-03
 -1.39063586e+00 1.78596862e-03
 -1.45240648e+00 2.03324672e-03
 -1.37576948e+00 2.28228343e-03
 -1.37590760e+00 2.53325457e-03
 -1.38600962e+00 2.78633935e-03
 -1.31793695e+00 3.04172069e-03
 -1.42870434e+00 3.29958560e-03
 -1.41108669e+00 3.56012557e-03
 -1.40833226e+00 3.82353695e-03
 -1.51945819e+00 4.09002134e-03
 -1.36052046e+00 4.35978606e-03
 -1.44008701e+00 4.63304456e-03
 -1.36458723e+00 4.91001691e-03
 -1.45393303e+00 5.19093031e-03
 -1.42375581e+00 5.47601959e-03
 -1.39073934e+00 5.76552776e-03
 -1.46800903e+00 6.05970663e-03
 -1.49691295e+00 6.35881738e-03
 -1.49479701e+00 6.66313127e-03
 -1.46603129e+00 6.97293028e-03
 -1.37503772e+00 7.28850789e-03
 -1.38717197e+00 7.61016988e-03
 -1.53221390e+00 7.93823512e-03
 -1.46796504e+00 8.27303652e-03
 -1.47265793e+00 8.61492196e-03
 -1.49638867e+00 8.96425535e-03
 -1.52138155e+00 9.32141767e-03
 -1.41796825e+00 9.68680823e-03
 -1.47554941e+00 1.00608459e-02
 -1.51788353e+00 1.04439703e-02
 -1.48747052e+00 1.08366437e-02
 -1.48397125e+00 1.12393522e-02
 -1.51923398e+00 1.16526075e-02
 -1.59297319e+00 1.20769487e-02
 -1.54063777e+00 1.25129447e-02
 -1.51219936e+00 1.29611956e-02
 -1.55913927e+00 1.34223357e-02
 -1.63901283e+00 1.38970355e-02
 -1.54489080e+00 1.43860049e-02
 -1.51741167e+00 1.48899957e-02
 -1.61095273e+00 1.54098050e-02
 -1.53118181e+00 1.59462789e-02
 -1.53068006e+00 1.65003158e-02
 -1.54840319e+00 1.70728711e-02
 -1.62302396e+00 1.76649614e-02
 -1.71764469e+00 1.82776695e-02
 -1.67994062e+00 1.89121498e-02
 -1.67702191e+00 1.95696344e-02
 -1.58917317e+00 2.02514394e-02
 -1.65471858e+00 2.09589723e-02
 -1.63343680e+00 2.16937395e-02
 -1.74270092e+00 2.24573552e-02
 -1.70898951e+00 2.32515511e-02
 -1.71329930e+00 2.40781866e-02
 -1.80006588e+00 2.49392609e-02
 -1.75758122e+00 2.58369254e-02
 -1.70800851e+00 2.67734986e-02
 -1.85510482e+00 2.77514815e-02
 -1.85028507e+00 2.87735760e-02
 -1.88844879e+00 2.98427038e-02
 -1.84104582e+00 3.09620295e-02
 -1.85384914e+00 3.21349844e-02
 -1.83269679e+00 3.33652948e-02
 -2.01887888e+00 3.46570128e-02
 -1.92204651e+00 3.60145514e-02
 -1.88633777e+00 3.74427240e-02
 -1.98570148e+00 3.89467886e-02
 -2.05416668e+00 4.05324988e-02
 -1.93585234e+00 4.22061606e-02
 -2.03343061e+00 4.39746978e-02
 -2.13868076e+00 4.58457260e-02
 -2.00756420e+00 4.78276376e-02
 -2.08476888e+00 4.99296989e-02
 -2.13555278e+00 5.21621619e-02
 -2.25221429e+00 5.45363930e-02
 -2.17946305e+00 5.70650215e-02
 -2.23037375e+00 5.97621125e-02
 -2.32204753e+00 6.26433669e-02
 -2.35401844e+00 6.57263552e-02
 -2.32891896e+00 6.90307920e-02
 -2.34926099e+00 7.25788567e-02
 -2.51879443e+00 7.63955737e-02
 -2.43320041e+00 8.05092612e-02
 -2.47680942e+00 8.49520655e-02
 -2.57823789e+00 8.97605988e-02
 -2.52741056e+00 9.49767045e-02
 -2.67891337e+00 1.00648380e-01
 -2.71497330e+00 1.06830894e-01
 -2.78294406e+00 1.13588148e-01
 -2.84299936e+00 1.20994348e-01
 -2.93403544e+00 1.29136056e-01
 -3.13931208e+00 1.38114746e-01
 -3.08968534e+00 1.48049988e-01
 -3.18617582e+00 1.59083458e-01
 -3.27758778e+00 1.71384021e-01
 -3.38195104e+00 1.85154229e-01
 -3.47007685e+00 2.00638698e-01
 -3.55672735e+00 2.18135025e-01
 -3.70517768e+00 2.38008132e-01
 -3.80401446e+00 2.60709363e-01
 -4.07485502e+00 2.86802173e-01
 -4.07108429e+00 3.16997166e-01
 -4.35718517e+00 3.52200558e-01
 -4.50271638e+00 3.93582248e-01
 -4.79518296e+00 4.42673079e-01
 -4.96920707e+00 5.01506443e-01
 -5.27001170e+00 5.72828770e-01
 -5.63395497e+00 6.60419733e-01
 -6.13429366e+00 7.69592149e-01
 -6.43112644e+00 9.07995459e-01
 -6.99989526e+00 1.08695035e+00
 -7.66349431e+00 1.32375005e+00
 -8.34559008e+00 1.64580109e+00
 -9.20296726e+00 2.09844431e+00
 -1.03791219e+01 2.76055875e+00
 -1.18964571e+01 3.77761716e+00
 -1.38022153e+01 5.43595923e+00
 -1.60334481e+01 8.33521382e+00
 -1.83528011e+01 1.37458465e+01
 -1.80632419e+01 2.36532602e+01
 -6.99929362e+00 3.50393951e+01
 1.09912609e+01 3.17372745e+01
 1.71135396e+01 1.95501217e+01
 1.58841000e+01 1.14390758e+01
 1.36055818e+01 7.12966640e+00
 1.14092546e+01 4.77101932e+00
 9.61363815e+00 3.38575864e+00
 8.32154936e+00 2.51618699e+00
 7.25248968e+00 1.93912282e+00
 6.42377073e+00 1.53839251e+00
 5.59822501e+00 1.24958509e+00
 5.09141519e+00 1.03495374e+00
 4.53006715e+00 8.71301178e-01
 4.26638089e+00 7.43780879e-01
 3.86472516e+00 6.42554091e-01
 3.48665335e+00 5.60901636e-01
 3.22750968e+00 4.94113142e-01
 3.04222844e+00 4.38809913e-01
 2.73658002e+00 3.92518927e-01
 2.54021952e+00 3.53397268e-01
 2.44162612e+00 3.20049361e-01
 2.32214235e+00 2.91403050e-01
 2.12058266e+00 2.66623862e-01
 1.98352464e+00 2.45054608e-01
 1.83074517e+00 2.26172131e-01
 1.69941922e+00 2.09555862e-01
 1.57520996e+00 1.94864647e-01
 1.50783167e+00 1.81819449e-01
 1.32366554e+00 1.70190289e-01
 1.28233176e+00 1.59786277e-01
 1.23845155e+00 1.50447930e-01
 1.26415651e+00 1.42041192e-01
 1.13112999e+00 1.34452742e-01
 1.01294720e+00 1.27586285e-01
 9.81570765e-01 1.21359590e-01
 8.88146704e-01 1.15702122e-01
 8.29696753e-01 1.10553114e-01
 7.96985880e-01 1.05860017e-01
 7.83326434e-01 1.01577217e-01
 6.66065737e-01 9.76649884e-02
 6.22105777e-01 9.40886300e-02
 5.09730383e-01 9.08177404e-02
 5.57480908e-01 8.78256201e-02
 4.98975700e-01 8.50887672e-02
 4.42190246e-01 8.25864543e-02
 3.96049105e-01 8.03003712e-02
 3.54160953e-01 7.82143219e-02
 1.72177529e-01 7.63139674e-02
 2.20924085e-01 7.45866064e-02
 1.93574188e-01 7.30209886e-02
 2.08225023e-01 7.16071538e-02
 1.55550018e-01 7.03362952e-02
 6.93849819e-02 6.92006415e-02
 3.79701933e-02 6.81933562e-02
 -6.81184035e-03 6.73084506e-02
 -1.16047571e-02 6.65407102e-02
 -1.53868601e-02 6.58856316e-02
 -7.74114103e-02 6.53393687e-02
 -1.06826185e-01 6.48986875e-02
 -7.88798904e-02 6.45609293e-02
 -1.69158064e-01 6.43239791e-02
 -2.48191059e-01 6.41862418e-02
 -1.34164599e-01 6.41466232e-02
 -2.05436964e-01 6.42045170e-02
 -2.62737906e-01 6.43597960e-02
 -3.75071324e-01 6.46128099e-02
 -3.86883311e-01 6.49643859e-02
 -4.03713067e-01 6.54158364e-02
 -4.79975554e-01 6.59689698e-02
 -5.17417873e-01 6.66261079e-02
 -5.88428969e-01 6.73901079e-02
 -5.17353783e-01 6.82643908e-02
 -5.01609436e-01 6.92529757e-02
 -6.43896803e-01 7.03605214e-02
 -6.13687100e-01 7.15923758e-02
 -5.91255247e-01 7.29546335e-02
 -8.40474496e-01 7.44542035e-02
 -6.99561549e-01 7.60988883e-02
 -7.97412447e-01 7.78974746e-02
 -9.29772565e-01 7.98598402e-02
 -8.97646150e-01 8.19970762e-02
 -1.05441069e+00 8.43216305e-02
 -9.45206462e-01 8.68474725e-02
 -1.06761943e+00 8.95902866e-02
 -1.10499584e+00 9.25676961e-02
 -1.11346299e+00 9.57995257e-02
 -1.20378187e+00 9.93081080e-02
 -1.20776048e+00 1.03118644e-01
 -1.35416743e+00 1.07259630e-01
 -1.25902580e+00 1.11763353e-01
 -1.33536772e+00 1.16666496e-01
 -1.54757719e+00 1.22010840e-01
 -1.57575312e+00 1.27844115e-01
 -1.64369445e+00 1.34221021e-01
 -1.74352732e+00 1.41204460e-01
 -1.78785111e+00 1.48867030e-01
 -1.79984689e+00 1.57292851e-01
 -1.89148413e+00 1.66579800e-01
 -1.96856718e+00 1.76842279e-01
 -2.09880015e+00 1.88214650e-01
 -2.09915398e+00 2.00855528e-01
 -2.30864031e+00 2.14953202e-01
 -2.35653370e+00 2.30732513e-01
 -2.50472125e+00 2.48463667e-01
 -2.65597141e+00 2.68473628e-01
 -2.72786197e+00 2.91160982e-01
 -2.87841067e+00 3.17015536e-01
 -3.19058111e+00 3.46644456e-01
 -3.31060908e+00 3.80807545e-01
 -3.54663053e+00 4.20465490e-01
 -3.67708629e+00 4.66846802e-01
 -3.93206510e+00 5.21542169e-01
 -4.29309400e+00 5.86639756e-01
 -4.55404049e+00 6.64922952e-01
 -4.89050105e+00 7.60165544e-01
 -5.33023912e+00 8.77582763e-01
 -5.79090278e+00 1.02453877e+00
 -6.38829802e+00 1.21168946e+00
 -6.90037349e+00 1.45489032e+00
 -7.69908717e+00 1.77850266e+00
 -8.65012091e+00 2.22136883e+00
 -9.73190339e+00 2.84813077e+00
 -1.11502322e+01 3.77179651e+00
 -1.27861181e+01 5.20111389e+00
 -1.50156881e+01 7.54387131e+00
 -1.74855475e+01 1.16255597e+01
 -1.91551705e+01 1.89924591e+01
 -1.58234835e+01 3.08053839e+01
 -2.96333025e-01 3.93149707e+01
 1.59008993e+01 3.16898293e+01
 2.00823525e+01 1.96860623e+01
 1.84251212e+01 1.20296679e+01
 1.60232529e+01 7.78159437e+00
 1.38971873e+01 5.35062849e+00
 1.19989761e+01 3.87246451e+00
 1.06929900e+01 2.91996101e+00
 9.57479596e+00 2.27509389e+00
 8.60516234e+00 1.82022731e+00
 7.90150188e+00 1.48828001e+00
 7.16886772e+00 1.23905232e+00
 6.63520926e+00 1.04738957e+00
 6.29448566e+00 8.96951857e-01
 5.83890768e+00 7.76775943e-01
 5.43994490e+00 6.79295943e-01
 5.21185196e+00 5.99160216e-01
 4.83396606e+00 5.32500250e-01
 4.49656797e+00 4.76465298e-01
 4.37230656e+00 4.28918268e-01
 4.08314972e+00 3.88232245e-01
 3.97179259e+00 3.53151419e-01
 3.75366753e+00 3.22694204e-01
 3.71135163e+00 2.96084561e-01
 3.57129278e+00 2.72702540e-01
 3.48754600e+00 2.52048136e-01
 3.26037124e+00 2.33714539e-01
 3.16342988e+00 2.17368075e-01
 3.00260956e+00 2.02733003e-01
 3.01784191e+00 1.89579875e-01
 2.88794265e+00 1.77716527e-01
 2.83163320e+00 1.66981053e-01
 2.76658581e+00 1.57236274e-01
 2.58724487e+00 1.48365352e-01
 2.59774167e+00 1.40268283e-01
 2.49716235e+00 1.32859075e-01
 2.55631766e+00 1.26063467e-01
 2.47854299e+00 1.19817069e-01
 2.33210146e+00 1.14063830e-01
 2.32222647e+00 1.08754789e-01
 2.27296658e+00 1.03847028e-01
 2.19764283e+00 9.93028118e-02
 2.13106295e+00 9.50888575e-02
 2.13902131e+00 9.11757302e-02
 2.12962184e+00 8.75373286e-02
 1.93499684e+00 8.41504514e-02
 1.95738389e+00 8.09944281e-02
 1.93535837e+00 7.80508043e-02
 1.85815640e+00 7.53030730e-02
 1.80767908e+00 7.27364437e-02
 1.86038679e+00 7.03376435e-02
 1.81852248e+00 6.80947462e-02
 1.79024113e+00 6.59970236e-02
 1.69050255e+00 6.40348175e-02
 1.76013682e+00 6.21994281e-02
 1.70302602e+00 6.04830169e-02
 1.64552564e+00 5.88785230e-02
 1.57886416e+00 5.73795887e-02
 1.60358619e+00 5.59804964e-02
 1.47436013e+00 5.46761125e-02
 1.46394431e+00 5.34618391e-02
 1.51329314e+00 5.23335723e-02
 1.45194503e+00 5.12876657e-02
 1.45906620e+00 5.03208998e-02
 1.33588262e+00 4.94304553e-02
 1.44242919e+00 4.86138916e-02
 1.32276381e+00 4.78691279e-02
 1.24151462e+00 4.71944296e-02
 1.32035529e+00 4.65883969e-02
 1.25025125e+00 4.60499575e-02
 1.25176061e+00 4.55783622e-02
 1.23282968e+00 4.51731841e-02
 1.21181540e+00 4.48343210e-02
 1.19715679e+00 4.45620013e-02
 1.18396233e+00 4.43567933e-02
 1.12890094e+00 4.42196191e-02
 1.13607475e+00 4.41517714e-02
 1.11835390e+00 4.41549364e-02
 1.13833391e+00 4.42312208e-02
 1.05830280e+00 4.43831848e-02
 9.94407666e-01 4.46138821e-02
 1.03403199e+00 4.49269068e-02
 9.97192598e-01 4.53264495e-02
 9.16628249e-01 4.58173631e-02
 9.65438697e-01 4.64052410e-02
 8.70282116e-01 4.70965085e-02
 8.93453852e-01 4.78985317e-02
 8.95019607e-01 4.88197449e-02
 9.14383210e-01 4.98698032e-02
 8.02962903e-01 5.10597617e-02
 8.98077178e-01 5.24022907e-02
 8.05444369e-01 5.39119316e-02
 8.26500439e-01 5.56054045e-02
 6.67711780e-01 5.75019789e-02
 7.50351968e-01 5.96239216e-02
 7.40717679e-01 6.19970422e-02
 6.42536403e-01 6.46513593e-02
 6.30294813e-01 6.76219201e-02
 6.13975312e-01 7.09498137e-02
 6.77574096e-01 7.46834329e-02
 5.06445419e-01 7.88800558e-02
 4.89151832e-01 8.36078427e-02
 3.30732821e-01 8.89483777e-02
 3.37538650e-01 9.49999310e-02
 3.53685465e-01 1.01881684e-01
 3.90340541e-01 1.09739257e-01
 1.25878805e-01 1.18752009e-01
 1.74523144e-01 1.29142807e-01
 1.59462941e-01 1.41191235e-01
 1.11647045e-01 1.55251718e-01
 4.60329590e-02 1.71778743e-01
 -7.18268320e-02 1.91362521e-01
 -2.07296418e-01 2.14780300e-01
 -2.76179392e-01 2.43071646e-01
 -4.56272231e-01 2.77651243e-01
 -6.00506891e-01 3.20481978e-01
 -7.69687717e-01 3.74347600e-01
 -9.29957341e-01 4.43295091e-01
 -1.06175122e+00 5.33376394e-01
 -1.51236712e+00 6.53938798e-01
 -1.58114623e+00 8.19963581e-01
 -1.99214202e+00 1.05649730e+00
 -2.54453804e+00 1.40744085e+00
 -3.06091677e+00 1.95367134e+00
 -3.78426229e+00 2.85058498e+00
 -4.38982770e+00 4.39538102e+00
 -4.57625889e+00 7.03909026e+00
 -2.40135085e+00 1.05827338e+01
 2.71276829e+00 1.17940032e+01
 6.51783955e+00 8.85684807e+00
 7.21474943e+00 5.59325492e+00
 6.78054982e+00 3.54156606e+00
 6.05613705e+00 2.36089402e+00
 5.45148927e+00 1.66012051e+00
 4.96495913e+00 1.22138782e+00
 4.46432024e+00 9.32207623e-01
 4.09801017e+00 7.32925633e-01
 3.94386480e+00 5.90350267e-01
 3.66275003e+00 4.85084086e-01
 3.47420543e+00 4.05270687e-01
 3.29771500e+00 3.43370118e-01
 3.25404996e+00 2.94418507e-01
 3.14840149e+00 2.55047609e-01
 2.90620801e+00 2.22910548e-01
 2.87596662e+00 1.96333521e-01
 2.71581572e+00 1.74097871e-01
 2.66807213e+00 1.55299869e-01
 2.54252188e+00 1.39258223e-01
 2.55280055e+00 1.25451678e-01
 2.57510061e+00 1.13476054e-01
 2.41369985e+00 1.03014126e-01
 2.43043172e+00 9.38141437e-02
 2.30545012e+00 8.56742824e-02
 2.38169053e+00 7.84312251e-02
 2.25140341e+00 7.19516742e-02
 2.26009161e+00 6.61259624e-02
 2.23362360e+00 6.08631925e-02
 2.13837924e+00 5.60875018e-02
 2.07530220e+00 5.17351639e-02
 2.13977633e+00 4.77523204e-02
 2.06168728e+00 4.40931903e-02
 2.11767521e+00 4.07186464e-02
 2.10415295e+00 3.75950745e-02
 2.03754987e+00 3.46934535e-02
 2.01346372e+00 3.19886083e-02
 2.14292028e+00 2.94585998e-02
 1.98882557e+00 2.70842234e-02
 2.00256502e+00 2.48485952e-02
 2.00522997e+00 2.27368078e-02
 1.99409685e+00 2.07356429e-02
 2.00745044e+00 1.88333310e-02
 1.88543230e+00 1.70193477e-02
 1.99123337e+00 1.52842418e-02
 1.92841522e+00 1.36194888e-02
 1.95732182e+00 1.20173659e-02
 1.93677064e+00 1.04708440e-02
 1.91471147e+00 8.97349545e-03
 1.96281407e+00 7.51941271e-03
 1.95295931e+00 6.10313860e-03
 1.93345644e+00 4.71960440e-03
 1.98730620e+00 3.36407548e-03
 2.01720800e+00 2.03210297e-03
 1.94568542e+00 7.19480466e-04
 1.93010880e+00 -5.77794935e-04
 1.96511722e+00 -1.86355812e-03
 1.94182744e+00 -3.14150855e-03
 1.90212042e+00 -4.41524046e-03
 1.88800008e+00 -5.68827125e-03
 2.01804211e+00 -6.96406841e-03
 1.91219345e+00 -8.24607545e-03
 1.99172070e+00 -9.53773718e-03
 2.07493746e+00 -1.08425247e-02
 2.02573173e+00 -1.21639602e-02
 1.96074255e+00 -1.35056430e-02
 1.98092312e+00 -1.48712749e-02
 2.01241743e+00 -1.62646881e-02
 2.06388802e+00 -1.76898733e-02
 1.96020747e+00 -1.91510111e-02
 2.02048098e+00 -2.06525040e-02
 2.00128903e+00 -2.21990128e-02
 2.02383408e+00 -2.37954956e-02
 2.07808474e+00 -2.54472505e-02
 2.00446442e+00 -2.71599637e-02
 2.10010520e+00 -2.89397627e-02
 2.08112422e+00 -3.07932761e-02
 2.14059624e+00 -3.27277011e-02
 2.11544116e+00 -3.47508793e-02
 2.05862448e+00 -3.68713840e-02
 2.19811554e+00 -3.90986189e-02
 2.17778622e+00 -4.14429314e-02
 2.16508668e+00 -4.39157435e-02
 2.17776863e+00 -4.65297021e-02
 2.15995377e+00 -4.92988541e-02
 2.21129696e+00 -5.22388489e-02
 2.27972459e+00 -5.53671766e-02
 2.31214734e+00 -5.87034453e-02
 2.37551531e+00 -6.22697091e-02
 2.26625564e+00 -6.60908546e-02
 2.32403495e+00 -7.01950604e-02
 2.40396161e+00 -7.46143447e-02
 2.32759343e+00 -7.93852203e-02
 2.50104707e+00 -8.45494845e-02
 2.55021967e+00 -9.01551729e-02
 2.59693453e+00 -9.62577204e-02
 2.61706263e+00 -1.02921380e-01
 2.64022474e+00 -1.10220969e-01
 2.78341396e+00 -1.18244030e-01
 2.72180421e+00 -1.27093526e-01
 2.89490030e+00 -1.36891216e-01
 2.88959370e+00 -1.47781935e-01
 2.99259990e+00 -1.59939040e-01
 3.01638167e+00 -1.73571412e-01
 3.12534230e+00 -1.88932553e-01
 3.19741680e+00 -2.06332493e-01
 3.37630042e+00 -2.26153575e-01
 3.40023904e+00 -2.48871594e-01
 3.54919700e+00 -2.75084485e-01
 3.73443351e+00 -3.05551775e-01
 3.80542420e+00 -3.41249637e-01
 3.99159733e+00 -3.83448985e-01
 4.19851953e+00 -4.33828211e-01
 4.36681849e+00 -4.94639136e-01
 4.59544232e+00 -5.68956603e-01
 4.82797410e+00 -6.61062898e-01
 5.14154678e+00 -7.77055706e-01
 5.45973979e+00 -9.25838234e-01
 5.91415488e+00 -1.12078529e+00
 6.35001467e+00 -1.38264970e+00
 7.06091101e+00 -1.74483494e+00
 7.75327490e+00 -2.26335878e+00
 8.72167171e+00 -3.03640250e+00
 9.68685084e+00 -4.24343160e+00
 1.08528442e+01 -6.21971522e+00
 1.17911799e+01 -9.55160386e+00
 1.11042410e+01 -1.48372004e+01
 5.67091474e+00 -2.04583632e+01
 -3.53995875e+00 -2.03573850e+01
 -8.83525121e+00 -1.46844678e+01
 -9.50756691e+00 -9.45428029e+00
 -8.44518390e+00 -6.16948387e+00
 -7.38574252e+00 -4.21983560e+00
 -6.17505371e+00 -3.02714176e+00
 -5.47361614e+00 -2.26203963e+00
 -4.73634979e+00 -1.74813714e+00
 -4.15460111e+00 -1.38879343e+00
 -3.58436427e+00 -1.12878108e+00
 -3.18467239e+00 -9.35117738e-01
 -2.83463290e+00 -7.87283932e-01
 -2.47183505e+00 -6.72038875e-01
 -2.18076955e+00 -5.80558840e-01
 -2.08187887e+00 -5.06794611e-01
 -1.85437423e+00 -4.46494183e-01
 -1.72788094e+00 -3.96602034e-01
 -1.46591100e+00 -3.54878901e-01
 -1.31706981e+00 -3.19654694e-01
 -1.19153651e+00 -2.89664072e-01
 -1.13326032e+00 -2.63934666e-01
 -9.90407771e-01 -2.41709595e-01
 -9.47829617e-01 -2.22392801e-01
 -8.42513144e-01 -2.05509856e-01
 -6.77776187e-01 -1.90679455e-01
 -6.85916199e-01 -1.77592384e-01
 -5.61073388e-01 -1.65995823e-01
 -5.75227745e-01 -1.55681486e-01
 -3.22148092e-01 -1.46476568e-01
 -3.46343923e-01 -1.38236771e-01
 -2.66366856e-01 -1.30840870e-01
 -2.30697278e-01 -1.24186457e-01
 -2.08257662e-01 -1.18186568e-01
 -1.12640943e-01 -1.12766999e-01
 -1.74828982e-01 -1.07864149e-01
 -1.01088002e-01 -1.03423285e-01
 5.99014058e-03 -9.93971183e-02
 1.66040637e-02 -9.57446553e-02
 5.08921370e-02 -9.24302432e-02
 1.24276930e-01 -8.94227851e-02
 2.01265395e-01 -8.66950887e-02
 2.50776713e-01 -8.42233219e-02
 2.23162244e-01 -8.19865583e-02
 2.67031389e-01 -7.99663943e-02
 2.54761301e-01 -7.81466268e-02
 3.12951456e-01 -7.65129799e-02
 2.94420927e-01 -7.50528735e-02
 5.05548907e-01 -7.37552263e-02
 4.71960589e-01 -7.26102880e-02
 4.30415435e-01 -7.16094962e-02
 4.65765093e-01 -7.07453535e-02
 5.00600729e-01 -7.00113241e-02
 5.66745944e-01 -6.94017436e-02
 6.19319923e-01 -6.89117441e-02
 7.67390564e-01 -6.85371891e-02
 6.51920401e-01 -6.82746201e-02
 6.90033846e-01 -6.81212106e-02
 7.44875821e-01 -6.80747293e-02
 7.53830001e-01 -6.81335100e-02
 7.02213994e-01 -6.82964274e-02
 7.46455724e-01 -6.85628806e-02
 8.67140980e-01 -6.89327804e-02
 7.81899458e-01 -6.94065432e-02
 8.92432962e-01 -6.99850900e-02
 9.70134325e-01 -7.06698503e-02
 9.42333103e-01 -7.14627708e-02
 1.00047170e+00 -7.23663307e-02
 1.01861038e+00 -7.33835612e-02
 9.42344922e-01 -7.45180712e-02
 1.04925700e+00 -7.57740793e-02
 1.14549440e+00 -7.71564530e-02
 1.13800368e+00 -7.86707538e-02
 1.24745092e+00 -8.03232923e-02
 1.21974262e+00 -8.21211911e-02
 1.20751077e+00 -8.40724581e-02
 1.31477631e+00 -8.61860724e-02
 1.27011250e+00 -8.84720822e-02
 1.36313763e+00 -9.09417185e-02
 1.37977432e+00 -9.36075270e-02
 1.53680297e+00 -9.64835190e-02
 1.44077420e+00 -9.95853471e-02
 1.55845796e+00 -1.02930508e-01
 1.59551628e+00 -1.06538580e-01
 1.65491251e+00 -1.10431492e-01
 1.76449674e+00 -1.14633848e-01
 1.77067388e+00 -1.19173300e-01
 1.73334347e+00 -1.24080980e-01
 1.81761950e+00 -1.29392021e-01
 1.82755788e+00 -1.35146162e-01
 2.05514256e+00 -1.41388467e-01
 1.95590714e+00 -1.48170180e-01
 2.06779457e+00 -1.55549753e-01
 2.23758075e+00 -1.63594064e-01
 2.20137959e+00 -1.72379904e-01
 2.26138202e+00 -1.81995765e-01
 2.43983800e+00 -1.92544019e-01
 2.45936604e+00 -2.04143598e-01
 2.54248614e+00 -2.16933278e-01
 2.57948579e+00 -2.31075767e-01
 2.81537666e+00 -2.46762796e-01
 2.79871657e+00 -2.64221529e-01
 3.00100100e+00 -2.83722669e-01
 3.08273949e+00 -3.05590823e-01
 3.22444214e+00 -3.30217846e-01
 3.39904178e+00 -3.58080190e-01
 3.61528433e+00 -3.89761691e-01
 3.80106868e+00 -4.25983818e-01
 3.96027695e+00 -4.67646293e-01
 4.13190027e+00 -5.15882349e-01
 4.25869319e+00 -5.72134907e-01
 4.59272732e+00 -6.38263201e-01
 4.77546937e+00 -7.16694450e-01
 5.02327824e+00 -8.10643504e-01
 5.60011820e+00 -9.24437231e-01
 5.96084531e+00 -1.06400405e+00
 6.31261328e+00 -1.23763054e+00
 6.97837239e+00 -1.45716220e+00
 7.52968924e+00 -1.73996526e+00
 8.25574264e+00 -2.11223683e+00
 9.14982178e+00 -2.61478757e+00
 1.02236760e+01 -3.31352083e+00
 1.14211293e+01 -4.31910882e+00
 1.29171109e+01 -5.82491126e+00
 1.47048896e+01 -8.17939576e+00
 1.64884824e+01 -1.20059936e+01
 1.72327027e+01 -1.82526461e+01
 1.41697285e+01 -2.72131157e+01
 3.32254897e+00 -3.42806933e+01
 -1.02725180e+01 -3.12008266e+01
 -1.65511740e+01 -2.20402517e+01
 -1.70669151e+01 -1.44687722e+01
 -1.54629214e+01 -9.68494097e+00
 -1.36782367e+01 -6.76792444e+00
 -1.20048000e+01 -4.93621379e+00
 -1.07006234e+01 -3.73560021e+00
 -9.61150078e+00 -2.91515070e+00
 -8.54586683e+00 -2.33345375e+00
 -7.80902595e+00 -1.90777225e+00
 -7.22768637e+00 -1.58772928e+00
 -6.56099500e+00 -1.34147911e+00
 -6.16629636e+00 -1.14819724e+00
 -5.63239689e+00 -9.93849880e-01
 -5.24240316e+00 -8.68723881e-01
 -5.03401610e+00 -7.65935684e-01
 -4.63661287e+00 -6.80503413e-01
 -4.45764909e+00 -6.08753254e-01
 -4.24617013e+00 -5.47930089e-01
 -3.98248778e+00 -4.95936274e-01
 -3.77642960e+00 -4.51152752e-01
 -3.61496625e+00 -4.12314268e-01
 -3.36234277e+00 -3.78420808e-01
 -3.19799093e+00 -3.48673794e-01
 -3.16417502e+00 -3.22429428e-01
 -3.12581194e+00 -2.99164149e-01
 -2.87144808e+00 -2.78448736e-01
 -2.70620797e+00 -2.59928676e-01
 -2.66309478e+00 -2.43309136e-01
 -2.64301012e+00 -2.28343331e-01
 -2.49140727e+00 -2.14823458e-01
 -2.36274337e+00 -2.02573562e-01
 -2.30724304e+00 -1.91443868e-01
 -2.18946551e+00 -1.81306273e-01
 -2.19953456e+00 -1.72050700e-01
 -2.21249000e+00 -1.63582163e-01
 -2.07002375e+00 -1.55818361e-01
 -1.95484697e+00 -1.48687725e-01
 -1.85824312e+00 -1.42127793e-01
 -1.82049804e+00 -1.36083873e-01
 -1.79387624e+00 -1.30507930e-01
 -1.74600611e+00 -1.25357656e-01
 -1.69299728e+00 -1.20595689e-01
 -1.61871264e+00 -1.16188953e-01
 -1.58980012e+00 -1.12108101e-01
 -1.50003300e+00 -1.08327047e-01
 -1.56917031e+00 -1.04822558e-01
 -1.46760225e+00 -1.01573914e-01
 -1.42707699e+00 -9.85626094e-02
 -1.37236086e+00 -9.57721045e-02
 -1.34122466e+00 -9.31876039e-02
 -1.35992457e+00 -9.07958703e-02
 -1.25861249e+00 -8.85850616e-02
 -1.30348696e+00 -8.65445903e-02
 -1.21291176e+00 -8.46650019e-02
 -1.11022748e+00 -8.29378701e-02
 -1.11375077e+00 -8.13557055e-02
 -1.18629103e+00 -7.99118767e-02
 -1.11201706e+00 -7.86005438e-02
 -1.00820782e+00 -7.74165996e-02
 -1.01844157e+00 -7.63556209e-02
 -9.33620209e-01 -7.54138272e-02
 -9.95171846e-01 -7.45880467e-02
 -9.78390208e-01 -7.38756883e-02
 -8.17740993e-01 -7.32747207e-02
 -7.73972169e-01 -7.27836564e-02
 -8.57147994e-01 -7.24015418e-02
 -7.62771667e-01 -7.21279524e-02
 -7.81131822e-01 -7.19629939e-02
 -7.09705466e-01 -7.19073083e-02
 -6.88282770e-01 -7.19620859e-02
 -7.66330534e-01 -7.21290830e-02
 -6.09560333e-01 -7.24106462e-02
 -6.07673824e-01 -7.28097430e-02
 -5.81481163e-01 -7.33300005e-02
 -5.72732593e-01 -7.39757513e-02
 -4.48436777e-01 -7.47520899e-02
 -4.05575251e-01 -7.56649380e-02
 -4.80261496e-01 -7.67211229e-02
 -4.26601137e-01 -7.79284684e-02
 -3.65498986e-01 -7.92959022e-02
 -4.07256132e-01 -8.08335808e-02
 -4.20444581e-01 -8.25530361e-02
 -2.70598743e-01 -8.44673465e-02
 -3.68654945e-01 -8.65913380e-02
 -2.77084934e-01 -8.89418198e-02
 -2.63916632e-01 -9.15378620e-02
 -1.18231149e-01 -9.44011223e-02
 -1.15969455e-01 -9.75562342e-02
 -4.96907474e-02 -1.01031266e-01
 2.78244945e-02 -1.04858271e-01
 1.88318108e-02 -1.09073940e-01
 6.90335686e-03 -1.13720394e-01
 8.48143897e-02 -1.18846133e-01
 1.26652742e-01 -1.24507194e-01
 2.25309669e-01 -1.30768556e-01
 2.87205820e-01 -1.37705872e-01
 3.40903361e-01 -1.45407600e-01
 4.01806818e-01 -1.53977649e-01
 4.52386712e-01 -1.63538691e-01
 4.73298936e-01 -1.74236328e-01
 6.30718079e-01 -1.86244378e-01
 6.54698458e-01 -1.99771639e-01
 8.92975232e-01 -2.15070619e-01
 9.34188320e-01 -2.32448902e-01
 9.93246307e-01 -2.52284116e-01
 9.97113141e-01 -2.75043828e-01
 1.17633299e+00 -3.01312344e-01
 1.31157152e+00 -3.31827232e-01
 1.36222005e+00 -3.67529815e-01
 1.56523375e+00 -4.09636026e-01
 1.79746272e+00 -4.59737486e-01
 1.95494067e+00 -5.19948318e-01
 2.13775519e+00 -5.93122635e-01
 2.38302231e+00 -6.83183792e-01
 2.71145782e+00 -7.95634886e-01
 3.02199627e+00 -9.38371328e-01
 3.32961922e+00 -1.12301200e+00
 3.77623767e+00 -1.36714906e+00
 4.29651762e+00 -1.69827824e+00
 4.90713131e+00 -2.16089570e+00
 5.69324559e+00 -2.82967913e+00
 6.66598945e+00 -3.83420219e+00
 7.54716115e+00 -5.40286550e+00
 8.29622759e+00 -7.91896593e+00
 8.31497947e+00 -1.18456146e+01
 5.43021804e+00 -1.68001943e+01
 -1.44645758e+00 -1.93833265e+01
 -8.11331163e+00 -1.64987321e+01
 -1.05880866e+01 -1.15524154e+01
 -1.05997764e+01 -7.72699950e+00
 -9.70922819e+00 -5.28706385e+00
 -8.62503408e+00 -3.76363752e+00
 -7.89042652e+00 -2.78505356e+00
 -7.13382678e+00 -2.13135506e+00
 -6.58421544e+00 -1.67771646e+00
 -6.13120342e+00 -1.35203317e+00
 -5.64276496e+00 -1.11122574e+00
 -5.23799513e+00 -9.28602877e-01
 -5.00012843e+00 -7.87044915e-01
 -4.68749853e+00 -6.75219652e-01
 -4.44194639e+00 -5.85410891e-01
 -4.26277923e+00 -5.12230607e-01
 -4.02701663e+00 -4.51831102e-01
 -3.83295905e+00 -4.01409049e-01
 -3.68627604e+00 -3.58885033e-01
 -3.61414547e+00 -3.22691521e-01
 -3.39785766e+00 -2.91629511e-01
 -3.34626602e+00 -2.64769697e-01
 -3.20726472e+00 -2.41383102e-01
 -3.11862750e+00 -2.20891583e-01
 -3.03797387e+00 -2.02831987e-01
 -2.96583179e+00 -1.86829835e-01
 -2.85472515e+00 -1.72579747e-01
 -2.89435140e+00 -1.59830720e-01
 -2.76230402e+00 -1.48374929e-01
 -2.76926339e+00 -1.38039117e-01
 -2.66107501e+00 -1.28677929e-01
 -2.63615822e+00 -1.20168686e-01
 -2.51693135e+00 -1.12407267e-01
 -2.51551105e+00 -1.05304837e-01
 -2.52161866e+00 -9.87852271e-02
 -2.53677686e+00 -9.27828188e-02
 -2.39801294e+00 -8.72408330e-02
 -2.47714046e+00 -8.21099302e-02
 -2.37446323e+00 -7.73470628e-02
 -2.28401782e+00 -7.29145275e-02
 -2.38816296e+00 -6.87791794e-02
 -2.23158840e+00 -6.49117767e-02
 -2.31324369e+00 -6.12864321e-02
 -2.31479571e+00 -5.78801512e-02
 -2.29550481e+00 -5.46724421e-02
 -2.15993315e+00 -5.16449845e-02
 -2.16952113e+00 -4.87813479e-02
 -2.11081403e+00 -4.60667502e-02
 -2.20611600e+00 -4.34878511e-02
 -2.08564062e+00 -4.10325728e-02
 -2.08219442e+00 -3.86899465e-02
 -2.17699293e+00 -3.64499779e-02
 -2.09205132e+00 -3.43035305e-02
 -2.07401219e+00 -3.22422233e-02
 -2.06972160e+00 -3.02583409e-02
 -2.06218577e+00 -2.83447546e-02
 -1.99350732e+00 -2.64948515e-02
 -2.01928269e+00 -2.47024726e-02
 -1.97396624e+00 -2.29618561e-02
 -2.03497321e+00 -2.12675875e-02
 -2.04629841e+00 -1.96145535e-02
 -1.92674144e+00 -1.79979002e-02
 -1.95713391e+00 -1.64129949e-02
 -1.93694963e+00 -1.48553902e-02
 -1.88424781e+00 -1.33207906e-02
 -1.90026426e+00 -1.18050209e-02
 -1.84403978e+00 -1.03039955e-02
 -1.92824756e+00 -8.81368930e-03
 -2.03577558e+00 -7.33010846e-03
 -1.92487725e+00 -5.84926163e-03
 -2.00770010e+00 -4.36713070e-03
 -1.92254605e+00 -2.87964104e-03
 -1.90349480e+00 -1.38263043e-03
 -1.87782947e+00 1.28183461e-04
 -1.90386623e+00 1.65723770e-03
 -2.02744119e+00 3.20916138e-03
 -1.90604573e+00 4.78881608e-03
 -2.00718821e+00 6.40134031e-03
 -1.91827848e+00 8.05219874e-03
 -2.00857519e+00 9.74723703e-03
 -1.83042933e+00 1.14927435e-02
 -2.03390683e+00 1.32955190e-02
 -2.03414825e+00 1.51629559e-02
 -1.97945599e+00 1.71031296e-02
 -1.92363120e+00 1.91249021e-02
 -1.86160793e+00 2.12380433e-02
 -1.98333476e+00 2.34533712e-02
 -2.07276702e+00 2.57829152e-02
 -1.97025206e+00 2.82401083e-02
 -2.02877861e+00 3.08400127e-02
 -2.05488983e+00 3.35995870e-02
 -2.12564382e+00 3.65380042e-02
 -2.07672378e+00 3.96770311e-02
 -2.16404130e+00 4.30414835e-02
 -2.12815203e+00 4.66597759e-02
 -2.10146256e+00 5.05645886e-02
 -2.13803072e+00 5.47936802e-02
 -2.16690315e+00 5.93908860e-02
 -2.18117755e+00 6.44073500e-02
 -2.24660087e+00 6.99030557e-02
 -2.17831074e+00 7.59487426e-02
 -2.35103181e+00 8.26283211e-02
 -2.30336320e+00 9.00419413e-02
 -2.44447103e+00 9.83099246e-02
 -2.42720769e+00 1.07577845e-01
 -2.42140336e+00 1.18023159e-01
 -2.48911887e+00 1.29863951e-01
 -2.62027975e+00 1.43370584e-01
 -2.61820828e+00 1.58881423e-01
 -2.67556079e+00 1.76824313e-01
 -2.73202929e+00 1.97746351e-01
 -2.84197555e+00 2.22355762e-01
 -2.84894338e+00 2.51581805e-01
 -3.02644226e+00 2.86662024e-01
 -3.07211401e+00 3.29271873e-01
 -3.11316551e+00 3.81721532e-01
 -3.44768253e+00 4.47261908e-01
 -3.56769766e+00 5.30572945e-01
 -3.69966875e+00 6.38565088e-01
 -3.92049115e+00 7.81734758e-01
 -4.31662470e+00 9.76528129e-01
 -4.61573508e+00 1.24958156e+00
 -4.94830550e+00 1.64546755e+00
 -5.38848487e+00 2.24064264e+00
 -5.90115000e+00 3.16558703e+00
 -6.22379685e+00 4.61964019e+00
 -5.78196115e+00 6.75781562e+00
 -3.81060828e+00 9.05776763e+00
 -3.25018549e-01 9.64136249e+00
 2.57606228e+00 7.81897201e+00
 3.48111384e+00 5.46835883e+00
 3.33097844e+00 3.72352514e+00
 2.88706437e+00 2.59844738e+00
 2.58016763e+00 1.88132450e+00
 2.11027783e+00 1.41161221e+00
 1.73374580e+00 1.09272465e+00
 1.37891083e+00 8.68545321e-01
 1.19205438e+00 7.05941677e-01
 8.60171204e-01 5.84743297e-01
 7.22986711e-01 4.92254050e-01
 5.83139574e-01 4.20221917e-01
 5.05042616e-01 3.63122981e-01
 3.40205035e-01 3.17159891e-01
 2.57826857e-01 2.79659258e-01
 1.22264472e-01 2.48698405e-01
 4.98981061e-02 2.22867883e-01
 1.10659210e-02 2.01116572e-01
 -1.20087838e-01 1.82648357e-01
 -2.51617798e-01 1.66851763e-01
 -1.44706388e-01 1.53251129e-01
 -3.12206733e-01 1.41472138e-01
 -3.48556874e-01 1.31217099e-01
 -2.92553889e-01 1.22246962e-01
 -3.59723908e-01 1.14368054e-01
 -3.99987010e-01 1.07422178e-01
 -5.17645574e-01 1.01279143e-01
 -5.03751249e-01 9.58310564e-02
 -5.43225833e-01 9.09879315e-02
 -5.71711354e-01 8.66742697e-02
 -5.38451807e-01 8.28263810e-02
 -6.88520073e-01 7.93902655e-02
 -7.77980807e-01 7.63199267e-02
 -7.32851608e-01 7.35760183e-02
 -8.02908468e-01 7.11247524e-02
 -8.22137245e-01 6.89370129e-02
 -7.63447195e-01 6.69876308e-02
 -7.83829665e-01 6.52547898e-02
 -8.61648542e-01 6.37195355e-02
 -7.89811819e-01 6.23653684e-02
 -9.17828714e-01 6.11779051e-02
 -8.86457117e-01 6.01445953e-02
 -9.37045686e-01 5.92544846e-02
 -9.32933227e-01 5.84980140e-02
 -1.04062113e+00 5.78668520e-02
 -1.05988955e+00 5.73537520e-02
 -1.05700855e+00 5.69524312e-02
 -1.05490943e+00 5.66574692e-02
 -1.07191779e+00 5.64642207e-02
 -1.09909814e+00 5.63687426e-02
 -1.16147382e+00 5.63677321e-02
 -1.16438987e+00 5.64584747e-02
 -1.14596318e+00 5.66388007e-02
 -1.15032598e+00 5.69070494e-02
 -1.19938200e+00 5.72620402e-02
 -1.23276268e+00 5.77030495e-02
 -1.22020541e+00 5.82297925e-02
 -1.28741406e+00 5.88424114e-02
 -1.34196076e+00 5.95414669e-02
 -1.30872057e+00 6.03279349e-02
 -1.34621831e+00 6.12032073e-02
 -1.46124606e+00 6.21690974e-02
 -1.44784302e+00 6.32278486e-02
 -1.40368033e+00 6.43821486e-02
 -1.33778219e+00 6.56351472e-02
 -1.45424333e+00 6.69904792e-02
 -1.49026231e+00 6.84522919e-02
 -1.48405841e+00 7.00252789e-02
 -1.54172168e+00 7.17147183e-02
 -1.63848084e+00 7.35265190e-02
 -1.60674392e+00 7.54672732e-02
 -1.60700903e+00 7.75443172e-02
 -1.62600904e+00 7.97658014e-02
 -1.63263443e+00 8.21407709e-02
 -1.68481192e+00 8.46792575e-02
 -1.72578455e+00 8.73923854e-02
 -1.87093670e+00 9.02924925e-02
 -1.74287321e+00 9.33932702e-02
 -1.85720082e+00 9.67099228e-02
 -1.91839462e+00 1.00259353e-01
 -1.88143379e+00 1.04060375e-01
 -1.94699469e+00 1.08133960e-01
 -1.97146748e+00 1.12503525e-01
 -2.06532859e+00 1.17195262e-01
 -2.10238566e+00 1.22238528e-01
 -2.20637945e+00 1.27666302e-01
 -2.18717265e+00 1.33515712e-01
 -2.32984516e+00 1.39828670e-01
 -2.20534264e+00 1.46652610e-01
 -2.37822117e+00 1.54041373e-01
 -2.45584550e+00 1.62056261e-01
 -2.39288020e+00 1.70767290e-01
 -2.56071639e+00 1.80254716e-01
 -2.68547495e+00 1.90610857e-01
 -2.65655265e+00 2.01942329e-01
 -2.80126746e+00 2.14372762e-01
 -2.76246753e+00 2.28046150e-01
 -3.00382161e+00 2.43130983e-01
 -3.08085645e+00 2.59825402e-01
 -3.29092247e+00 2.78363649e-01
 -3.20566218e+00 2.99024219e-01
 -3.36686047e+00 3.22140231e-01
 -3.42290841e+00 3.48112737e-01
 -3.60256991e+00 3.77427956e-01
 -3.75641437e+00 4.10679807e-01
 -3.92237224e+00 4.48599671e-01
 -4.06341838e+00 4.92096150e-01
 -4.22224147e+00 5.42308813e-01
 -4.47501911e+00 6.00681807e-01
 -4.65686974e+00 6.69066094e-01
 -4.95464438e+00 7.49863663e-01
 -5.19584969e+00 8.46234320e-01
 -5.60339983e+00 9.62397703e-01
 -5.85224683e+00 1.10408317e+00
 -6.41283866e+00 1.27921464e+00
 -6.79226352e+00 1.49897803e+00
 -7.45656044e+00 1.77952797e+00
 -8.00064278e+00 2.14479221e+00
 -8.69689384e+00 2.63121188e+00
 -9.64312084e+00 3.29597673e+00
 -1.06085035e+01 4.23164886e+00
 -1.18254715e+01 5.59224053e+00
 -1.30593737e+01 7.63746635e+00
 -1.43756251e+01 1.07907160e+01
 -1.48511721e+01 1.56137495e+01
 -1.25845245e+01 2.21921170e+01
 -5.29807893e+00 2.79968876e+01
 5.05069175e+00 2.77670491e+01
 1.19752972e+01 2.17680742e+01
 1.39334992e+01 1.52722570e+01
 1.34135561e+01 1.05695763e+01
 1.22187239e+01 7.50128634e+00
 1.08789177e+01 5.50836749e+00
 9.58421149e+00 4.17947817e+00
 8.58873401e+00 3.26340693e+00
 7.70962383e+00 2.61112872e+00
 6.97294897e+00 2.13291667e+00
 6.41472332e+00 1.77321154e+00
 5.88370792e+00 1.49653376e+00
 5.41838245e+00 1.27953909e+00
 5.04935090e+00 1.10643717e+00
 4.60027981e+00 9.66275609e-01
 4.21698342e+00 8.51283902e-01
 4.00605811e+00 7.55835744e-01
 3.77219667e+00 6.75782125e-01
 3.56684952e+00 6.08012532e-01
 3.38970176e+00 5.50159962e-01
 3.19113246e+00 5.00398655e-01
 3.06089693e+00 4.57302880e-01
 2.84678921e+00 4.19746697e-01
 2.69643648e+00 3.86831718e-01
 2.57304144e+00 3.57834302e-01
 2.43949255e+00 3.32166467e-01
 2.33689835e+00 3.09346598e-01
 2.24802477e+00 2.88977255e-01
 2.17074701e+00 2.70728185e-01
 2.04294330e+00 2.54323202e-01
 1.90143123e+00 2.39529945e-01
 1.81793445e+00 2.26151830e-01
 1.82986980e+00 2.14021679e-01
 1.69596719e+00 2.02996622e-01
 1.63490696e+00 1.92954010e-01
 1.50803672e+00 1.83788105e-01
 1.45694685e+00 1.75407383e-01
 1.34390527e+00 1.67732331e-01
 1.33716893e+00 1.60693632e-01
 1.41925812e+00 1.54230662e-01
 1.19754699e+00 1.48290245e-01
 1.19360538e+00 1.42825606e-01
 1.11364906e+00 1.37795503e-01
 1.07351037e+00 1.33163485e-01
 1.02041169e+00 1.28897276e-01
 9.56212619e-01 1.24968245e-01
 9.36231784e-01 1.21350955e-01
 9.48001935e-01 1.18022784e-01
 8.38910515e-01 1.14963597e-01
 8.45528119e-01 1.12155463e-01
 7.64641364e-01 1.09582412e-01
 8.24660736e-01 1.07230235e-01
 6.94798958e-01 1.05086295e-01
 7.17407185e-01 1.03139381e-01
 6.18668791e-01 1.01379569e-01
 5.50576204e-01 9.97981108e-02
 6.25162949e-01 9.83873358e-02
 5.86139848e-01 9.71405653e-02
 5.22905929e-01 9.60520417e-02
 4.50612363e-01 9.51168684e-02
 4.82039489e-01 9.43309590e-02
 4.21464451e-01 9.36909966e-02
 3.52088322e-01 9.31944010e-02
 2.85794106e-01 9.28393040e-02
 3.18738143e-01 9.26245317e-02
 2.29486358e-01 9.25495952e-02
 2.33314284e-01 9.26146864e-02
 1.91060898e-01 9.28206826e-02
 1.30804515e-01 9.31691572e-02
 3.34004443e-02 9.36623975e-02
 7.49754017e-02 9.43034310e-02
 6.73665687e-02 9.50960586e-02
 -5.63458191e-02 9.60448975e-02
 -5.69622174e-02 9.71554333e-02
 -5.85075344e-03 9.84340821e-02
 -1.60870238e-01 9.98882653e-02
 -6.92297949e-02 1.01526497e-01
 -9.00320557e-02 1.03358486e-01
 -2.75119924e-01 1.05395256e-01
 -3.18174113e-01 1.07649286e-01
 -2.85851138e-01 1.10134670e-01
 -2.82836682e-01 1.12867308e-01
 -3.99108653e-01 1.15865126e-01
 -4.15909890e-01 1.19148333e-01
 -4.72191109e-01 1.22739718e-01
 -3.28846993e-01 1.26665005e-01
 -5.54250947e-01 1.30953262e-01
 -5.31368766e-01 1.35637390e-01
 -6.85712236e-01 1.40754690e-01
 -6.41858739e-01 1.46347548e-01
 -7.81718460e-01 1.52464238e-01
 -7.56348285e-01 1.59159889e-01
 -9.69113033e-01 1.66497640e-01
 -9.15275148e-01 1.74550033e-01
 -9.48890798e-01 1.83400705e-01
 -1.02978862e+00 1.93146432e-01
 -1.11591332e+00 2.03899649e-01
 -1.12972580e+00 2.15791540e-01
 -1.26213151e+00 2.28975863e-01
 -1.44027991e+00 2.43633727e-01
 -1.40197080e+00 2.59979579e-01
 -1.55721265e+00 2.78268781e-01
 -1.61268899e+00 2.98807262e-01
 -1.69466640e+00 3.21963930e-01
 -1.96880389e+00 3.48186767e-01
 -1.93943384e+00 3.78023914e-01
 -2.11357206e+00 4.12151571e-01
 -2.34240782e+00 4.51411339e-01
 -2.48006185e+00 4.96860816e-01
 -2.64338958e+00 5.49843026e-01
 -2.87088108e+00 6.12083095e-01
 -3.11297429e+00 6.85824910e-01
 -3.32885043e+00 7.74027592e-01
 -3.59519818e+00 8.80653139e-01
 -3.83730104e+00 1.01109596e+00
 -4.33125857e+00 1.17283829e+00
 -4.59934896e+00 1.37647377e+00
 -5.06885294e+00 1.63734640e+00
 -5.69071688e+00 1.97824418e+00
 -6.35285197e+00 2.43394315e+00
 -7.18557174e+00 3.05905294e+00
 -7.95478659e+00 3.94174455e+00
 -8.96278717e+00 5.22741071e+00
 -1.00258589e+01 7.15540339e+00
 -1.08988481e+01 1.00916699e+01
 -1.06772757e+01 1.44234375e+01
 -7.87488205e+00 1.98073692e+01
 -1.09689778e+00 2.34966723e+01
 6.94963806e+00 2.19554413e+01
 1.15520145e+01 1.68239967e+01
 1.25811116e+01 1.18736778e+01
 1.21023833e+01 8.34241556e+00
 1.10746056e+01 6.01095781e+00
 9.99189585e+00 4.47082000e+00
 9.12370588e+00 3.42737653e+00
 8.24364839e+00 2.69819783e+00
 7.61536119e+00 2.17302896e+00
 6.98949973e+00 1.78430553e+00
 6.52961635e+00 1.48954031e+00
 6.08060944e+00 1.26123986e+00
 5.74715306e+00 1.08110891e+00
 5.41179141e+00 9.36651835e-01
 5.11898249e+00 8.19128840e-01
 4.87504534e+00 7.22294101e-01
 4.61083786e+00 6.41596505e-01
 4.39842696e+00 5.73661123e-01
 4.22023972e+00 5.15945202e-01
 4.05607725e+00 4.66505202e-01
 3.89775789e+00 4.23836022e-01
 3.69967596e+00 3.86758090e-01
 3.56070263e+00 3.54336807e-01
 3.49061909e+00 3.25824208e-01
 3.42125328e+00 3.00616140e-01
 3.30071980e+00 2.78220440e-01
 3.09435194e+00 2.58232999e-01
 3.13770629e+00 2.40319568e-01
 2.97123641e+00 2.24201800e-01
 2.94500856e+00 2.09646417e-01
 2.93465466e+00 1.96456752e-01
 2.82466966e+00 1.84466083e-01
 2.76741085e+00 1.73532328e-01
 2.73734881e+00 1.63533814e-01
 2.66966782e+00 1.54365864e-01
 2.54169348e+00 1.45938026e-01
 2.60201917e+00 1.38171820e-01
 2.52405253e+00 1.30998889e-01
 2.45736915e+00 1.24359471e-01
 2.44660095e+00 1.18201138e-01
 2.33429797e+00 1.12477740e-01
 2.37485078e+00 1.07148525e-01
 2.25054151e+00 1.02177402e-01
 2.32542283e+00 9.75323104e-02
 2.28376439e+00 9.31846977e-02
 2.22690457e+00 8.91090642e-02
 2.11489157e+00 8.52825817e-02
 2.11542146e+00 8.16847636e-02
 2.05998478e+00 7.82971826e-02
 2.08138572e+00 7.51032268e-02
 2.11208370e+00 7.20878892e-02
 2.10463284e+00 6.92375848e-02
 2.03185618e+00 6.65399915e-02
 1.99183495e+00 6.39839119e-02
 1.91625520e+00 6.15591516e-02
 1.92647577e+00 5.92564135e-02
 1.98136979e+00 5.70672038e-02
 1.88836964e+00 5.49837504e-02
 1.88388216e+00 5.29989300e-02
 1.88949910e+00 5.11062039e-02
 1.78983715e+00 4.92995610e-02
 1.86727582e+00 4.75734674e-02
 1.80797692e+00 4.59228213e-02
 1.75225615e+00 4.43429130e-02
 1.79163511e+00 4.28293887e-02
 1.71241088e+00 4.13782187e-02
 1.77521331e+00 3.99856685e-02
 1.69810071e+00 3.86482729e-02
 1.69892339e+00 3.73628129e-02
 1.70426266e+00 3.61262946e-02
 1.71515815e+00 3.49359302e-02
 1.61529244e+00 3.37891214e-02
 1.68084534e+00 3.26834433e-02
 1.68761608e+00 3.16166307e-02
 1.66898169e+00 3.05865655e-02
 1.60021048e+00 2.95912646e-02
 1.63932905e+00 2.86288702e-02
 1.58186710e+00 2.76976395e-02
 1.61296959e+00 2.67959363e-02
 1.57341326e+00 2.59222227e-02
 1.63899749e+00 2.50750523e-02
 1.61928803e+00 2.42530630e-02
 1.57852379e+00 2.34549710e-02
 1.63829971e+00 2.26795654e-02
 1.59847593e+00 2.19257027e-02
 1.62449447e+00 2.11923023e-02
 1.53806581e+00 2.04783419e-02
 1.50348648e+00 1.97828535e-02
 1.45924374e+00 1.91049199e-02
 1.50205683e+00 1.84436707e-02
 1.50374373e+00 1.77982799e-02
 1.45734022e+00 1.71679622e-02
 1.50294236e+00 1.65519708e-02
 1.47453264e+00 1.59495943e-02
 1.43705830e+00 1.53601551e-02
 1.50783885e+00 1.47830065e-02
 1.44492647e+00 1.42175310e-02
 1.45056164e+00 1.36631383e-02
 1.48502498e+00 1.31192636e-02
 1.45450644e+00 1.25853659e-02
 1.50012529e+00 1.20609265e-02
 1.48649420e+00 1.15454473e-02
 1.48399212e+00 1.10384498e-02
 1.48574962e+00 1.05394736e-02
 1.43718112e+00 1.00480753e-02
 1.44123060e+00 9.56382726e-03
 1.39326484e+00 9.08631655e-03
 1.38223528e+00 8.61514407e-03
 1.39462820e+00 8.14992350e-03
 1.51002439e+00 7.69028040e-03
 1.35100463e+00 7.23585138e-03
 1.29157302e+00 6.78628330e-03
 1.42509788e+00 6.34123246e-03
 1.30140393e+00 5.90036388e-03
 1.39069422e+00 5.46335061e-03
 1.38769408e+00 5.02987303e-03
 1.33420835e+00 4.59961825e-03
 1.36890594e+00 4.17227941e-03
 1.45760354e+00 3.74755515e-03
 1.50326847e+00 3.32514899e-03
 1.38847315e+00 2.90476876e-03
 1.39357049e+00 2.48612610e-03
 1.37848600e+00 2.06893585e-03
 1.37461193e+00 1.65291560e-03
 1.36855382e+00 1.23778512e-03
 1.29032903e+00 8.23265872e-04
 1.42768558e+00 4.09080518e-04
 1.35262991e+00 -5.04758990e-06
 1.41740300e+00 -4.19394898e-04
 1.47632249e+00 -8.34238146e-04
 1.45554531e+00 -1.24985486e-03
 1.40393702e+00 -1.66652386e-03
 1.37352247e+00 -2.08452573e-03
 1.42850179e+00 -2.50414338e-03
 1.42058419e+00 -2.92566248e-03
 1.43211932e+00 -3.34937207e-03
 1.46118987e+00 -3.77556505e-03
 1.36612472e+00 -4.20453870e-03
 1.43622919e+00 -4.63659533e-03
 1.46738645e+00 -5.07204275e-03
 1.34876125e+00 -5.51119498e-03
 1.40975442e+00 -5.95437279e-03
 1.42732879e+00 -6.40190437e-03
 1.42582883e+00 -6.85412602e-03
 1.33556166e+00 -7.31138284e-03
 1.40827718e+00 -7.77402946e-03
 1.36426111e+00 -8.24243079e-03
 1.48468041e+00 -8.71696287e-03
 1.43273410e+00 -9.19801369e-03
 1.39916052e+00 -9.68598409e-03
 1.48840103e+00 -1.01812887e-02
 1.41817998e+00 -1.06843569e-02
 1.42157473e+00 -1.11956341e-02
 1.44897630e+00 -1.17155824e-02
 1.50376839e+00 -1.22446823e-02
 1.38114179e+00 -1.27834336e-02
 1.48688801e+00 -1.33323569e-02
 1.50859868e+00 -1.38919950e-02
 1.57783477e+00 -1.44629146e-02
 1.40237004e+00 -1.50457076e-02
 1.43908606e+00 -1.56409930e-02
 1.55156900e+00 -1.62494191e-02
 1.46785785e+00 -1.68716649e-02
 1.51963359e+00 -1.75084429e-02
 1.59143134e+00 -1.81605009e-02
 1.52613051e+00 -1.88286248e-02
 1.57525506e+00 -1.95136413e-02
 1.52609769e+00 -2.02164206e-02
 1.48375161e+00 -2.09378797e-02
 1.56581081e+00 -2.16789856e-02
 1.50914028e+00 -2.24407595e-02
 1.51534829e+00 -2.32242799e-02
 1.53080921e+00 -2.40306875e-02
 1.56415453e+00 -2.48611898e-02
 1.55940669e+00 -2.57170661e-02
 1.59785041e+00 -2.65996727e-02
 1.59031024e+00 -2.75104495e-02
 1.65158350e+00 -2.84509258e-02
 1.58496257e+00 -2.94227281e-02
 1.59064238e+00 -3.04275874e-02
 1.64573683e+00 -3.14673479e-02
 1.66188607e+00 -3.25439761e-02
 1.70948708e+00 -3.36595714e-02
 1.59207552e+00 -3.48163768e-02
 1.67670107e+00 -3.60167916e-02
 1.76352931e+00 -3.72633845e-02
 1.53867222e+00 -3.85589091e-02
 1.69284248e+00 -3.99063196e-02
 1.75887890e+00 -4.13087898e-02
 1.76917489e+00 -4.27697323e-02
 1.73384390e+00 -4.42928217e-02
 1.83605882e+00 -4.58820185e-02
 1.79484707e+00 -4.75415974e-02
 1.79084140e+00 -4.92761770e-02
 1.75823224e+00 -5.10907549e-02
 1.84306299e+00 -5.29907452e-02
 1.91437931e+00 -5.49820213e-02
 1.90534720e+00 -5.70709641e-02
 1.94469217e+00 -5.92645154e-02
 1.87633617e+00 -6.15702388e-02
 1.99806101e+00 -6.39963878e-02
 1.97690654e+00 -6.65519831e-02
 1.89353036e+00 -6.92469002e-02
 2.09331914e+00 -7.20919685e-02
 1.91054768e+00 -7.50990846e-02
 2.10091012e+00 -7.82813412e-02
 2.06778044e+00 -8.16531743e-02
 2.09750665e+00 -8.52305328e-02
 2.16850701e+00 -8.90310727e-02
 2.18237064e+00 -9.30743814e-02
 2.20236775e+00 -9.73822369e-02
 2.31325864e+00 -1.01978909e-01
 2.27665765e+00 -1.06891507e-01
 2.31470045e+00 -1.12150394e-01
 2.34308601e+00 -1.17789658e-01
 2.35880106e+00 -1.23847680e-01
 2.43868176e+00 -1.30367796e-01
 2.45561969e+00 -1.37399087e-01
 2.63191612e+00 -1.44997312e-01
 2.61598609e+00 -1.53226028e-01
 2.66227683e+00 -1.62157936e-01
 2.69834723e+00 -1.71876501e-01
 2.77432880e+00 -1.82477917e-01
 2.85600997e+00 -1.94073504e-01
 2.89319667e+00 -2.06792648e-01
 2.98508868e+00 -2.20786419e-01
 3.05958930e+00 -2.36232072e-01
 3.10237756e+00 -2.53338664e-01
 3.25547342e+00 -2.72354126e-01
 3.26809363e+00 -2.93574225e-01
 3.35216384e+00 -3.17354028e-01
 3.66396645e+00 -3.44122676e-01
 3.63648827e+00 -3.74402613e-01
 3.66703883e+00 -4.08834857e-01
 3.88473530e+00 -4.48212565e-01
 4.10249330e+00 -4.93526127e-01
 4.15680962e+00 -5.46024505e-01
 4.43146556e+00 -6.07299762e-01
 4.54829042e+00 -6.79405263e-01
 4.85349788e+00 -7.65023520e-01
 5.11126589e+00 -8.67708570e-01
 5.30842463e+00 -9.92242415e-01
 5.70526228e+00 -1.14516955e+00
 6.00739049e+00 -1.33561558e+00
 6.46024877e+00 -1.57656912e+00
 7.02221486e+00 -1.88693580e+00
 7.53054306e+00 -2.29490482e+00
 8.20471840e+00 -2.84357578e+00
 8.98083338e+00 -3.60046331e+00
 9.78637930e+00 -4.67333608e+00
 1.08365049e+01 -6.23450172e+00
 1.16334422e+01 -8.54643269e+00
 1.18763031e+01 -1.19303054e+01
 1.04821220e+01 -1.64362229e+01
 6.05578092e+00 -2.08012664e+01
 -1.00602026e+00 -2.19698982e+01
 -6.94292703e+00 -1.88101291e+01
 -9.78315399e+00 -1.40846692e+01
 -1.01350197e+01 -1.01003840e+01
 -9.59364243e+00 -7.29094923e+00
