 NaN NaN
 7.57848086e+01 4.66197109e+00
 3.87276029e+01 1.72047596e+00
 2.61168829e+01 9.54262535e-01
 1.96590896e+01 6.26855333e-01
 1.58735006e+01 4.52099176e-01
 1.31399343e+01 3.46012982e-01
 1.12894885e+01 2.75944990e-01
 9.88914057e+00 2.26818860e-01
 8.77495489e+00 1.90806706e-01
 7.88676528e+00 1.63480663e-01
 7.13466301e+00 1.42166615e-01
 6.62565998e+00 1.25163782e-01
 5.96032587e+00 1.11344047e-01
 5.60144873e+00 9.99326489e-02
 5.25609151e+00 9.03816869e-02
 4.84071982e+00 8.22938789e-02
 4.64766869e+00 7.53748614e-02
 4.46990778e+00 6.94023739e-02
 4.09134260e+00 6.42057868e-02
 3.87123716e+00 5.96521631e-02
 3.72624813e+00 5.56365596e-02
 3.63880204e+00 5.20751469e-02
 3.46039323e+00 4.89002426e-02
 3.21319419e+00 4.60566691e-02
 3.01784673e+00 4.34990447e-02
 2.87985682e+00 4.11897423e-02
 2.91941700e+00 3.90973325e-02
 2.75602073e+00 3.71953838e-02
 2.60440061e+00 3.54615282e-02
 2.45742224e+00 3.38767263e-02
 2.36528213e+00 3.24246857e-02
 2.34853554e+00 3.10913950e-02
 2.29840395e+00 2.98647496e-02
 2.15646999e+00 2.87342478e-02
 2.11436554e+00 2.76907432e-02
 2.11177576e+00 2.67262407e-02
 1.96672400e+00 2.58337290e-02
 1.95213110e+00 2.50070410e-02
 1.97740173e+00 2.42407372e-02
 1.87343172e+00 2.35300088e-02
 1.73489198e+00 2.28705950e-02
 1.67561862e+00 2.22587144e-02
 1.64152320e+00 2.16910056e-02
 1.61371059e+00 2.11644773e-02
 1.64075153e+00 2.06764661e-02
 1.40863797e+00 2.02245995e-02
 1.50525096e+00 1.98067648e-02
 1.40294348e+00 1.94210820e-02
 1.32340129e+00 1.90658813e-02
 1.30650020e+00 1.87396825e-02
 1.27704771e+00 1.84411784e-02
 1.28968177e+00 1.81692203e-02
 1.17160649e+00 1.79228048e-02
 1.14041102e+00 1.77010638e-02
 1.12946317e+00 1.75032554e-02
 1.06006264e+00 1.73287560e-02
 1.03809752e+00 1.71770543e-02
 1.07213679e+00 1.70477464e-02
 1.02301577e+00 1.69405319e-02
 9.53707709e-01 1.68552111e-02
 9.97489114e-01 1.67916828e-02
 8.80341117e-01 1.67499442e-02
 8.37928759e-01 1.67300904e-02
 7.93028852e-01 1.67323157e-02
 7.93338378e-01 1.67569156e-02
 7.77751830e-01 1.68042898e-02
 7.22012825e-01 1.68749464e-02
 6.47762882e-01 1.69695070e-02
 6.92724086e-01 1.70887129e-02
 6.59071213e-01 1.72334332e-02
 6.32215962e-01 1.74046736e-02
 5.78286416e-01 1.76035873e-02
 5.39549526e-01 1.78314875e-02
 5.51683256e-01 1.80898623e-02
 4.98999700e-01 1.83803910e-02
 4.54042962e-01 1.87049643e-02
 3.25654553e-01 1.90657064e-02
 4.67034029e-01 1.94650018e-02
 3.35420451e-01 1.99055249e-02
 3.44027107e-01 2.03902754e-02
 3.71760690e-01 2.09226189e-02
 2.68741866e-01 2.15063344e-02
 1.62452049e-01 2.21456689e-02
 1.21466642e-01 2.28454020e-02
 1.25941398e-01 2.36109213e-02
 1.61726664e-01 2.44483105e-02
 4.55948509e-02 2.53644541e-02
 -2.56955835e-02 2.63671608e-02
 -2.92037651e-02 2.74653098e-02
 -1.34790664e-01 2.86690259e-02
 -1.26615059e-01 2.99898886e-02
 -8.66880831e-02 3.14411842e-02
 -1.75183445e-01 3.30382104e-02
 -3.17053766e-01 3.47986462e-02
 -2.92151935e-01 3.67430049e-02
 -3.41296838e-01 3.88951894e-02
 -4.95861159e-01 4.12831809e-02
 -5.30766513e-01 4.39398948e-02
 -5.39803325e-01 4.69042548e-02
 -6.49306535e-01 5.02225493e-02
 -8.05172817e-01 5.39501590e-02
 -8.43570592e-01 5.81537759e-02
 -9.28755794e-01 6.29142801e-02
 -1.11414154e+00 6.83305067e-02
 -1.03337292e+00 7.45242311e-02
 -1.29365796e+00 8.16468457e-02
 -1.42876135e+00 8.98884144e-02
 -1.50214467e+00 9.94901243e-02
 -1.70250610e+00 1.10761670e-01
 -1.83805424e+00 1.24105935e-01
 -1.97423579e+00 1.40054688e-01
 -2.21829526e+00 1.59321276e-01
 -2.53175518e+00 1.82880234e-01
 -2.74407481e+00 2.12090700e-01
 -3.17681348e+00 2.48893480e-01
 -3.33979111e+00 2.96136490e-01
 -3.90307405e+00 3.58133627e-01
 -4.46626006e+00 4.41669364e-01
 -5.14128564e+00 5.57905304e-01
 -5.97214578e+00 7.26243537e-01
 -7.14737151e+00 9.82813402e-01
 -8.74230924e+00 1.40111610e+00
 -1.09968919e+01 2.14938214e+00
 -1.46069558e+01 3.68135574e+00
 -2.05188750e+01 7.55376790e+00
 -3.10216853e+01 2.13027374e+01
 -9.12249231e+00 6.78690633e+01
 3.51785666e+01 2.84471817e+01
 2.46857365e+01 9.29628061e+00
 1.77871202e+01 4.32258999e+00
 1.37714574e+01 2.46414044e+00
 1.13640429e+01 1.58641444e+00
 9.74139236e+00 1.10584211e+00
 8.39163152e+00 8.15002722e-01
 7.56099513e+00 6.25847829e-01
 6.83644945e+00 4.95979707e-01
 6.29084266e+00 4.02974559e-01
 5.80029651e+00 3.34081131e-01
 5.35554704e+00 2.81618029e-01
 5.02608074e+00 2.40735431e-01
 4.81438786e+00 2.08249508e-01
 4.56975028e+00 1.82000214e-01
 4.36207337e+00 1.60480264e-01
 4.09482268e+00 1.42611968e-01
 3.85703997e+00 1.27608236e-01
 3.83824581e+00 1.14883350e-01
 3.63368788e+00 1.03994142e-01
 3.55087920e+00 9.46002736e-02
 3.40766131e+00 8.64368670e-02
 3.25307159e+00 7.92952637e-02
 3.19276322e+00 7.30092791e-02
 3.17401388e+00 6.74452242e-02
 3.11501336e+00 6.24945589e-02
 3.01888451e+00 5.80684137e-02
 2.89863370e+00 5.40934552e-02
 2.81686599e+00 5.05087311e-02
 2.76896127e+00 4.72632389e-02
 2.79032198e+00 4.43140338e-02
 2.67583926e+00 4.16247434e-02
 2.69990942e+00 3.91643930e-02
 2.51361481e+00 3.69064680e-02
 2.54323624e+00 3.48281615e-02
 2.46522808e+00 3.29097655e-02
 2.45513547e+00 3.11341763e-02
 2.39655435e+00 2.94864882e-02
 2.38019671e+00 2.79536604e-02
 2.32107593e+00 2.65242408e-02
 2.34259475e+00 2.51881360e-02
 2.34838124e+00 2.39364192e-02
 2.28397055e+00 2.27611693e-02
 2.15530530e+00 2.16553344e-02
 2.23224167e+00 2.06126167e-02
 2.22690942e+00 1.96273748e-02
 2.24526162e+00 1.86945393e-02
 2.15770839e+00 1.78095418e-02
 2.18887957e+00 1.69682524e-02
 2.04289439e+00 1.61669272e-02
 2.06093208e+00 1.54021613e-02
 2.03997033e+00 1.46708490e-02
 2.10718755e+00 1.39701485e-02
 2.02360385e+00 1.32974513e-02
 2.12034934e+00 1.26503549e-02
 2.01378492e+00 1.20266389e-02
 1.98848865e+00 1.14242439e-02
 1.93756030e+00 1.08412521e-02
 2.01423629e+00 1.02758709e-02
 1.97252850e+00 9.72641710e-03
 2.01044809e+00 9.19130330e-03
 1.93941865e+00 8.66902500e-03
 1.88871780e+00 8.15814904e-03
 2.00312203e+00 7.65730271e-03
 1.89061576e+00 7.16516361e-03
 1.95703840e+00 6.68044999e-03
 2.01382467e+00 6.20191158e-03
 1.96958337e+00 5.72832058e-03
 1.90635942e+00 5.25846298e-03
 1.95294022e+00 4.79112971e-03
 1.86464103e+00 4.32510792e-03
 2.01735559e+00 3.85917189e-03
 1.82925338e+00 3.39207367e-03
 1.79582280e+00 2.92253327e-03
 1.88425318e+00 2.44922816e-03
 1.79080608e+00 1.97078197e-03
 1.81912331e+00 1.48575227e-03
 1.82461238e+00 9.92616991e-04
 1.86613984e+00 4.89759506e-04
 1.88165609e+00 -2.45481734e-05
 1.80132127e+00 -5.52164268e-04
 1.92928640e+00 -1.09509868e-03
 1.82841898e+00 -1.65553748e-03
 1.80789674e+00 -2.23587106e-03
 1.83278735e+00 -2.83872661e-03
 1.84415660e+00 -3.46700591e-03
 1.83225918e+00 -4.12392938e-03
 1.82115296e+00 -4.81308779e-03
 1.79646839e+00 -5.53850323e-03
 1.87335643e+00 -6.30470133e-03
 1.91440678e+00 -7.11679724e-03
 1.89120738e+00 -7.98059857e-03
 1.96362028e+00 -8.90272916e-03
 1.96425958e+00 -9.89077888e-03
 1.89150176e+00 -1.09534857e-02
 1.95287007e+00 -1.21009585e-02
 1.97737940e+00 -1.33449516e-02
 2.01045207e+00 -1.46992044e-02
 2.02223656e+00 -1.61798654e-02
 2.05002242e+00 -1.78060255e-02
 2.09123276e+00 -1.96003927e-02
 2.04974453e+00 -2.15901540e-02
 2.13513939e+00 -2.38080864e-02
 2.05441313e+00 -2.62940016e-02
 2.12959604e+00 -2.90966448e-02
 2.12298410e+00 -3.22762183e-02
 2.25268256e+00 -3.59077755e-02
 2.30470119e+00 -4.00858464e-02
 2.31485605e+00 -4.49308318e-02
 2.36766204e+00 -5.05979820e-02
 2.43336394e+00 -5.72902256e-02
 2.49226640e+00 -6.52768524e-02
 2.40046284e+00 -7.49213091e-02
 2.56879355e+00 -8.67235504e-02
 2.70871595e+00 -1.01386333e-01
 2.83456437e+00 -1.19922206e-01
 2.86109475e+00 -1.43832367e-01
 2.96917635e+00 -1.75418031e-01
 3.29471645e+00 -2.18348948e-01
 3.48006339e+00 -2.78761725e-01
 3.72728548e+00 -3.67531013e-01
 4.22271819e+00 -5.05374051e-01
 4.63887526e+00 -7.35578775e-01
 5.56612701e+00 -1.16019518e+00
 6.60841865e+00 -2.06126109e+00
 8.41531973e+00 -4.37961224e+00
 8.40863908e+00 -1.10136909e+01
 -3.03166274e+00 -1.39149003e+01
 -6.01767112e+00 -5.85351487e+00
 -4.38207712e+00 -2.58450856e+00
 -2.99882335e+00 -1.39048549e+00
 -2.03110000e+00 -8.57306514e-01
 -1.56057615e+00 -5.78933550e-01
 -1.02535061e+00 -4.16659797e-01
 -7.83377669e-01 -3.14218680e-01
 -4.72615670e-01 -2.45571743e-01
 -2.73780254e-01 -1.97398290e-01
 -9.87185852e-02 -1.62331219e-01
 -9.04526136e-02 -1.36035240e-01
 7.93774970e-02 -1.15827145e-01
 1.79502138e-01 -9.99753834e-02
 3.06252346e-01 -8.73225727e-02
 3.61715596e-01 -7.70715899e-02
 4.76889475e-01 -6.86590745e-02
 5.60565726e-01 -6.16778239e-02
 5.69324419e-01 -5.58276398e-02
 6.46312861e-01 -5.08833091e-02
 5.86178951e-01 -4.66732242e-02
 7.40426323e-01 -4.30647878e-02
 6.68133315e-01 -3.99542512e-02
 7.43029498e-01 -3.72595107e-02
 8.51270523e-01 -3.49149190e-02
 8.05769382e-01 -3.28674918e-02
 8.05857864e-01 -3.10740975e-02
 9.12753255e-01 -2.94993490e-02
 9.38800067e-01 -2.81140043e-02
 9.79670830e-01 -2.68937404e-02
 9.99765858e-01 -2.58182037e-02
 1.04309264e+00 -2.48702692e-02
 1.03838206e+00 -2.40354563e-02
 1.14010773e+00 -2.33014650e-02
 1.02896705e+00 -2.26578058e-02
 1.08167253e+00 -2.20955009e-02
 1.05585429e+00 -2.16068430e-02
 1.08346122e+00 -2.11851981e-02
 1.20402997e+00 -2.08248446e-02
 1.18618652e+00 -2.05208404e-02
 1.16247138e+00 -2.02689131e-02
 1.24627023e+00 -2.00653693e-02
 1.26568208e+00 -1.99070180e-02
 1.25760569e+00 -1.97911080e-02
 1.34236832e+00 -1.97152742e-02
 1.30820878e+00 -1.96774931e-02
 1.24625834e+00 -1.96760455e-02
 1.29557824e+00 -1.97094848e-02
 1.29605728e+00 -1.97766107e-02
 1.42406393e+00 -1.98764473e-02
 1.38314841e+00 -2.00082243e-02
 1.36722993e+00 -2.01713621e-02
 1.31754511e+00 -2.03654592e-02
 1.40624862e+00 -2.05902825e-02
 1.44691219e+00 -2.08457591e-02
 1.36538657e+00 -2.11319712e-02
 1.42763894e+00 -2.14491514e-02
 1.45974582e+00 -2.17976811e-02
 1.54069000e+00 -2.21780895e-02
 1.46888484e+00 -2.25910543e-02
 1.62893271e+00 -2.30374047e-02
 1.50255848e+00 -2.35181247e-02
 1.63364841e+00 -2.40343590e-02
 1.58032886e+00 -2.45874198e-02
 1.59056171e+00 -2.51787956e-02
 1.61111606e+00 -2.58101616e-02
 1.65259554e+00 -2.64833923e-02
 1.71603051e+00 -2.72005758e-02
 1.71819005e+00 -2.79640306e-02
 1.68527020e+00 -2.87763251e-02
 1.74080710e+00 -2.96402994e-02
 1.78174571e+00 -3.05590912e-02
 1.80956577e+00 -3.15361644e-02
 1.76597857e+00 -3.25753424e-02
 1.89493320e+00 -3.36808459e-02
 1.95986730e+00 -3.48573359e-02
 1.95114550e+00 -3.61099636e-02
 1.97743804e+00 -3.74444267e-02
 1.91325640e+00 -3.88670345e-02
 2.05656550e+00 -4.03847826e-02
 2.06477322e+00 -4.20054387e-02
 2.10335166e+00 -4.37376425e-02
 2.17776131e+00 -4.55910203e-02
 2.11491349e+00 -4.75763189e-02
 2.16527048e+00 -4.97055608e-02
 2.22566879e+00 -5.19922261e-02
 2.33300032e+00 -5.44514658e-02
 2.29254907e+00 -5.71003517e-02
 2.50862683e+00 -5.99581724e-02
 2.39837589e+00 -6.30467842e-02
 2.53380774e+00 -6.63910275e-02
 2.46555950e+00 -7.00192264e-02
 2.60503236e+00 -7.39637869e-02
 2.72894726e+00 -7.82619201e-02
 2.71267863e+00 -8.29565187e-02
 2.78394102e+00 -8.80972263e-02
 2.90202073e+00 -9.37417488e-02
 2.93638746e+00 -9.99574733e-02
 3.04068271e+00 -1.06823479e-01
 3.24016928e+00 -1.14433050e-01
 3.24721657e+00 -1.22896850e-01
 3.27156015e+00 -1.32346940e-01
 3.36605542e+00 -1.42941938e-01
 3.46279027e+00 -1.54873676e-01
 3.70891255e+00 -1.68375898e-01
 3.85246097e+00 -1.83735721e-01
 3.88733012e+00 -2.01308922e-01
 4.14381361e+00 -2.21540589e-01
 4.29815603e+00 -2.44993369e-01
 4.44718891e+00 -2.72386707e-01
 4.75854492e+00 -3.04652215e-01
 5.02944985e+00 -3.43013211e-01
 5.26417225e+00 -3.89101240e-01
 5.62639446e+00 -4.45130565e-01
 5.99451978e+00 -5.14165937e-01
 6.22839684e+00 -6.00545067e-01
 6.92842206e+00 -7.10566475e-01
 7.52791014e+00 -8.53650559e-01
 8.27562165e+00 -1.04438292e+00
 9.06376967e+00 -1.30628996e+00
 1.01726360e+01 -1.67922883e+00
 1.16623159e+01 -2.23488150e+00
 1.34088689e+01 -3.11204893e+00
 1.60917814e+01 -4.60550560e+00
 1.96378467e+01 -7.41734614e+00
 2.45392582e+01 -1.34491750e+01
 2.86209459e+01 -2.80230987e+01
 1.23425659e+01 -5.33362160e+01
 -2.30435830e+01 -4.26050254e+01
 -2.60502491e+01 -2.00949648e+01
 -2.08844045e+01 -1.02539941e+01
 -1.66464407e+01 -6.00129889e+00
 -1.34464303e+01 -3.89179247e+00
 -1.12019828e+01 -2.71495397e+00
 -9.61202621e+00 -1.99762224e+00
 -8.33245884e+00 -1.53010326e+00
 -7.27744651e+00 -1.20921975e+00
 -6.51387113e+00 -9.79777229e-01
 -5.88401744e+00 -8.10198786e-01
 -5.24862785e+00 -6.81403670e-01
 -4.89838750e+00 -5.81328659e-01
 -4.46000808e+00 -5.02052196e-01
 -4.12696954e+00 -4.38201963e-01
 -3.79448431e+00 -3.86032097e-01
 -3.50737079e+00 -3.42867170e-01
 -3.21598380e+00 -3.06755570e-01
 -3.05349428e+00 -2.76246933e-01
 -2.91079133e+00 -2.50245406e-01
 -2.63063233e+00 -2.27910642e-01
 -2.65759577e+00 -2.08589576e-01
 -2.41405381e+00 -1.91768532e-01
 -2.17660803e+00 -1.77039026e-01
 -2.13827601e+00 -1.64072958e-01
 -1.95940415e+00 -1.52604376e-01
 -1.82867783e+00 -1.42415881e-01
 -1.81282815e+00 -1.33328386e-01
 -1.64072185e+00 -1.25193302e-01
 -1.53268816e+00 -1.17886528e-01
 -1.49305622e+00 -1.11303775e-01
 -1.42206174e+00 -1.05356903e-01
 -1.28746359e+00 -9.99710255e-02
 -1.16617095e+00 -9.50821988e-02
 -1.22247343e+00 -9.06355742e-02
 -1.23576174e+00 -8.65839018e-02
 -9.52816412e-01 -8.28863163e-02
 -8.85685787e-01 -7.95073437e-02
 -9.61507723e-01 -7.64160855e-02
 -9.01498541e-01 -7.35855436e-02
 -9.33922414e-01 -7.09920609e-02
 -8.36323825e-01 -6.86148539e-02
 -6.73749115e-01 -6.64356215e-02
 -7.22966753e-01 -6.44382157e-02
 -6.54874360e-01 -6.26083639e-02
 -5.82338701e-01 -6.09334333e-02
 -6.35534589e-01 -5.94022315e-02
 -4.93795932e-01 -5.80048351e-02
 -5.09777996e-01 -5.67324450e-02
 -3.99796655e-01 -5.55772614e-02
 -3.90906507e-01 -5.45323770e-02
 -3.29087192e-01 -5.35916857e-02
 -2.84899931e-01 -5.27498033e-02
 -2.63403125e-01 -5.20020009e-02
 -2.04354101e-01 -5.13441462e-02
 -2.65670928e-01 -5.07726549e-02
 -1.53994247e-01 -5.02844482e-02
 -1.78990935e-01 -4.98769179e-02
 -8.18100544e-02 -4.95478963e-02
 -5.46807405e-02 -4.92956323e-02
 -1.46207165e-01 -4.91187715e-02
 1.76415024e-02 -4.90163413e-02
 -2.11052816e-03 -4.89877401e-02
 4.82897289e-02 -4.90327297e-02
 1.21982804e-01 -4.91514325e-02
 1.06754943e-01 -4.93443317e-02
 2.23409543e-01 -4.96122757e-02
 1.75114596e-01 -4.99564857e-02
 3.37208746e-01 -5.03785676e-02
 3.63465906e-01 -5.08805286e-02
 2.94980628e-01 -5.14647965e-02
 4.16500639e-01 -5.21342458e-02
 5.09198800e-01 -5.28922275e-02
 4.45537315e-01 -5.37426052e-02
 4.00374690e-01 -5.46897982e-02
 4.97422788e-01 -5.57388307e-02
 5.80370819e-01 -5.68953902e-02
 5.87313304e-01 -5.81658953e-02
 6.53070987e-01 -5.95575740e-02
 7.00847790e-01 -6.10785550e-02
 6.74976136e-01 -6.27379735e-02
 8.66082732e-01 -6.45460942e-02
 8.84161075e-01 -6.65144547e-02
 8.34685403e-01 -6.86560323e-02
 8.80728019e-01 -7.09854395e-02
 1.00891897e+00 -7.35191523e-02
 1.02766257e+00 -7.62757797e-02
 1.12756644e+00 -7.92763807e-02
 1.07381039e+00 -8.25448391e-02
 1.11563180e+00 -8.61083093e-02
 1.25793039e+00 -8.99977482e-02
 1.30037889e+00 -9.42485508e-02
 1.37782565e+00 -9.89013166e-02
 1.50281742e+00 -1.04002775e-01
 1.60742802e+00 -1.09606910e-01
 1.67153877e+00 -1.15776334e-01
 1.66729330e+00 -1.22583980e-01
 1.75819335e+00 -1.30115185e-01
 1.86615442e+00 -1.38470294e-01
 1.83585832e+00 -1.47767917e-01
 2.07385361e+00 -1.58149045e-01
 2.15645198e+00 -1.69782287e-01
 2.31689204e+00 -1.82870599e-01
 2.50138465e+00 -1.97659997e-01
 2.56986146e+00 -2.14450965e-01
 2.78974317e+00 -2.33613540e-01
 2.92312541e+00 -2.55607503e-01
 3.11212779e+00 -2.81009736e-01
 3.23392076e+00 -3.10551797e-01
 3.53369869e+00 -3.45172327e-01
 3.72938414e+00 -3.86091324e-01
 4.07042678e+00 -4.34917367e-01
 4.33906196e+00 -4.93805518e-01
 4.65307613e+00 -5.65695135e-01
 5.05080189e+00 -6.54677142e-01
 5.52575350e+00 -7.66577475e-01
 6.10603332e+00 -9.09914228e-01
 6.84811719e+00 -1.09752664e+00
 7.50391727e+00 -1.34946756e+00
 8.47960140e+00 -1.69839884e+00
 9.71573153e+00 -2.20025372e+00
 1.13619112e+01 -2.95678834e+00
 1.33372597e+01 -4.16722084e+00
 1.61015547e+01 -6.25751234e+00
 1.97922155e+01 -1.02319999e+01
 2.38000155e+01 -1.86098651e+01
 2.23700899e+01 -3.59799138e+01
 -2.58497208e+00 -5.03205522e+01
 -2.43867492e+01 -3.34164506e+01
 -2.43925706e+01 -1.72733739e+01
 -2.03591187e+01 -9.64279982e+00
 -1.67435470e+01 -5.97797439e+00
 -1.42309760e+01 -4.02361765e+00
 -1.21523381e+01 -2.87884367e+00
 -1.05906596e+01 -2.15674465e+00
 -9.54262837e+00 -1.67414866e+00
 -8.59253589e+00 -1.33652264e+00
 -7.77547635e+00 -1.09145499e+00
 -7.12934368e+00 -9.08119725e-01
 -6.65005512e+00 -7.67476024e-01
 -6.14855737e+00 -6.57269183e-01
 -5.76211733e+00 -5.69332276e-01
 -5.41336896e+00 -4.98057485e-01
 -5.17531297e+00 -4.39493261e-01
 -4.80346668e+00 -3.90791495e-01
 -4.60941896e+00 -3.49858116e-01
 -4.40775281e+00 -3.15126046e-01
 -4.14829615e+00 -2.85403946e-01
 -4.02551179e+00 -2.59773223e-01
 -3.86939954e+00 -2.37516481e-01
 -3.63587844e+00 -2.18066928e-01
 -3.56093278e+00 -2.00972005e-01
 -3.43941329e+00 -1.85866864e-01
 -3.38307116e+00 -1.72454746e-01
 -3.27657940e+00 -1.60492298e-01
 -3.16268012e+00 -1.49778454e-01
 -3.02888294e+00 -1.40145917e-01
 -2.95303013e+00 -1.31454588e-01
 -2.82975088e+00 -1.23586428e-01
 -2.77237776e+00 -1.16441427e-01
 -2.69782374e+00 -1.09934398e-01
 -2.63227284e+00 -1.03992427e-01
 -2.66379701e+00 -9.85528109e-02
 -2.48751206e+00 -9.35613953e-02
 -2.50922326e+00 -8.89712176e-02
 -2.38868104e+00 -8.47413952e-02
 -2.37402748e+00 -8.08362100e-02
 -2.25271084e+00 -7.72243500e-02
 -2.30951405e+00 -7.38782779e-02
 -2.23185245e+00 -7.07737036e-02
 -2.13340573e+00 -6.78891410e-02
 -2.15843279e+00 -6.52055344e-02
 -2.06703447e+00 -6.27059421e-02
 -2.13334306e+00 -6.03752674e-02
 -1.89122097e+00 -5.82000299e-02
 -1.95166743e+00 -5.61681691e-02
 -1.96384815e+00 -5.42688763e-02
 -1.85599806e+00 -5.24924498e-02
 -1.87683798e+00 -5.08301702e-02
 -1.79307115e+00 -4.92741921e-02
 -1.74919568e+00 -4.78174507e-02
 -1.82533420e+00 -4.64535806e-02
 -1.63329220e+00 -4.51768450e-02
 -1.72444470e+00 -4.39820742e-02
 -1.64837475e+00 -4.28646124e-02
 -1.66367751e+00 -4.18202704e-02
 -1.59397824e+00 -4.08452856e-02
 -1.50889171e+00 -3.99362866e-02
 -1.51067918e+00 -3.90902624e-02
 -1.54788286e+00 -3.83045363e-02
 -1.41654633e+00 -3.75767430e-02
 -1.42984245e+00 -3.69048099e-02
 -1.49099355e+00 -3.62869404e-02
 -1.35272608e+00 -3.57216012e-02
 -1.42077815e+00 -3.52075115e-02
 -1.33878142e+00 -3.47436353e-02
 -1.41355226e+00 -3.43291756e-02
 -1.31621052e+00 -3.39635717e-02
 -1.30046253e+00 -3.36464983e-02
 -1.29103422e+00 -3.33778675e-02
 -1.28819264e+00 -3.31578329e-02
 -1.23157357e+00 -3.29867969e-02
 -1.29594859e+00 -3.28654203e-02
 -1.27708121e+00 -3.27946355e-02
 -1.23022160e+00 -3.27756628e-02
 -1.17951255e+00 -3.28100301e-02
 -1.11690640e+00 -3.28995981e-02
 -1.16166064e+00 -3.30465887e-02
 -1.12143690e+00 -3.32536206e-02
 -1.09699655e+00 -3.35237498e-02
 -1.03855636e+00 -3.38605190e-02
 -1.09030147e+00 -3.42680149e-02
 -9.77912945e-01 -3.47509359e-02
 -1.03305262e+00 -3.53146725e-02
 -1.04332844e+00 -3.59654025e-02
 -9.24824020e-01 -3.67102027e-02
 -9.03614054e-01 -3.75571835e-02
 -9.14222487e-01 -3.85156476e-02
 -9.14361007e-01 -3.95962806e-02
 -7.90113460e-01 -4.08113805e-02
 -8.35019641e-01 -4.21751335e-02
 -8.68609281e-01 -4.37039487e-02
 -7.46060650e-01 -4.54168659e-02
 -7.24544747e-01 -4.73360542e-02
 -7.06034325e-01 -4.94874271e-02
 -6.76340640e-01 -5.19014039e-02
 -6.93913759e-01 -5.46138594e-02
 -5.99747268e-01 -5.76673173e-02
 -6.00087726e-01 -6.11124603e-02
 -5.21684126e-01 -6.50100569e-02
 -5.27044761e-01 -6.94334411e-02
 -4.90655703e-01 -7.44717344e-02
 -4.90863118e-01 -8.02340726e-02
 -3.76965345e-01 -8.68552137e-02
 -3.05624032e-01 -9.45030648e-02
 -3.96383824e-01 -1.03388914e-01
 -2.08774140e-01 -1.13781539e-01
 -1.64828768e-01 -1.26026946e-01
 -1.22352414e-02 -1.40576480e-01
 -5.19093559e-03 -1.58027568e-01
 1.61851554e-01 -1.79184018e-01
 2.89754653e-01 -2.05147308e-01
 2.88924650e-01 -2.37458377e-01
 5.19362112e-01 -2.78324251e-01
 6.53432957e-01 -3.30992312e-01
 8.52604918e-01 -4.00391776e-01
 1.16080852e+00 -4.94281125e-01
 1.45420402e+00 -6.25404161e-01
 1.82190758e+00 -8.15778309e-01
 2.37738137e+00 -1.10579792e+00
 3.01474399e+00 -1.57499912e+00
 3.81157218e+00 -2.39278782e+00
 4.86946933e+00 -3.94452956e+00
 5.55360073e+00 -7.05301236e+00
 3.16950024e+00 -1.20882882e+01
 -4.25193939e+00 -1.31107020e+01
 -8.10977247e+00 -8.17541294e+00
 -7.97357968e+00 -4.53065516e+00
 -6.83443413e+00 -2.69304173e+00
 -5.95737444e+00 -1.74214445e+00
 -5.34900302e+00 -1.20679562e+00
 -4.73034358e+00 -8.80927184e-01
 -4.28381909e+00 -6.69530996e-01
 -3.94552659e+00 -5.25219757e-01
 -3.69900039e+00 -4.22566280e-01
 -3.42064631e+00 -3.47045765e-01
 -3.34672744e+00 -2.89912352e-01
 -3.31003661e+00 -2.45660727e-01
 -3.09201996e+00 -2.10692266e-01
 -2.86853946e+00 -1.82577492e-01
 -2.83044960e+00 -1.59629830e-01
 -2.75956127e+00 -1.40649620e-01
 -2.63995363e+00 -1.24765130e-01
 -2.62703771e+00 -1.11330829e-01
 -2.58445504e+00 -9.98605813e-02
 -2.41281392e+00 -8.99827229e-02
 -2.48006896e+00 -8.14092202e-02
 -2.37475019e+00 -7.39140850e-02
 -2.34234812e+00 -6.73180113e-02
 -2.41008810e+00 -6.14772667e-02
 -2.24966012e+00 -5.62755453e-02
 -2.31417371e+00 -5.16179140e-02
 -2.31139922e+00 -4.74262605e-02
 -2.13706421e+00 -4.36358307e-02
 -2.29777348e+00 -4.01925699e-02
 -2.21001327e+00 -3.70510595e-02
 -2.14735445e+00 -3.41729027e-02
 -2.14979647e+00 -3.15254506e-02
 -2.05935201e+00 -2.90807893e-02
 -2.02853795e+00 -2.68149281e-02
 -2.13802468e+00 -2.47071450e-02
 -2.05425802e+00 -2.27394552e-02
 -1.99982301e+00 -2.08961769e-02
 -2.04395818e+00 -1.91635744e-02
 -1.98023343e+00 -1.75295635e-02
 -2.03413640e+00 -1.59834663e-02
 -1.90735774e+00 -1.45158070e-02
 -2.04942916e+00 -1.31181399e-02
 -1.99481161e+00 -1.17829048e-02
 -1.96796010e+00 -1.05033043e-02
 -1.98556195e+00 -9.27319916e-03
 -1.96082316e+00 -8.08701906e-03
 -1.96105576e+00 -6.93968568e-03
 -1.99268205e+00 -5.82654624e-03
 -1.86785936e+00 -4.74331582e-03
 -1.96214175e+00 -3.68602694e-03
 -1.87944773e+00 -2.65098529e-03
 -1.97464155e+00 -1.63473055e-03
 -1.85554305e+00 -6.34001550e-04
 -1.83013051e+00 3.54295027e-04
 -1.98266769e+00 1.33311292e-03
 -1.97973939e+00 2.30529214e-03
 -1.98970661e+00 3.27358277e-03
 -2.06011872e+00 4.24066716e-03
 -2.01989078e+00 5.20918088e-03
 -2.00750301e+00 6.18173276e-03
 -1.92163107e+00 7.16092417e-03
 -1.98294411e+00 8.14936808e-03
 -2.01074737e+00 9.14970794e-03
 -2.02599089e+00 1.01646367e-02
 -1.98627722e+00 1.11969163e-02
 -1.99679436e+00 1.22493979e-02
 -2.00733239e+00 1.33250428e-02
 -2.01321432e+00 1.44269449e-02
 -1.95386593e+00 1.55583547e-02
 -1.94254486e+00 1.67227052e-02
 -1.93941961e+00 1.79236396e-02
 -2.07245610e+00 1.91650431e-02
 -2.06447940e+00 2.04510760e-02
 -2.04690643e+00 2.17862127e-02
 -2.05980374e+00 2.31752833e-02
 -2.08270238e+00 2.46235221e-02
 -2.14573679e+00 2.61366207e-02
 -2.12301842e+00 2.77207899e-02
 -2.12814301e+00 2.93828288e-02
 -2.18630761e+00 3.11302043e-02
 -2.16621616e+00 3.29711426e-02
 -2.24582689e+00 3.49147341e-02
 -2.14751343e+00 3.69710552e-02
 -2.22248440e+00 3.91513089e-02
 -2.28606684e+00 4.14679893e-02
 -2.23591857e+00 4.39350735e-02
 -2.29772988e+00 4.65682468e-02
 -2.39160070e+00 4.93851684e-02
 -2.51817299e+00 5.24057855e-02
 -2.36712006e+00 5.56527066e-02
 -2.45284216e+00 5.91516472e-02
 -2.48544509e+00 6.29319645e-02
 -2.49069287e+00 6.70273013e-02
 -2.54277216e+00 7.14763666e-02
 -2.59378433e+00 7.63238865e-02
 -2.62377263e+00 8.16217683e-02
 -2.71253878e+00 8.74305362e-02
 -2.80904270e+00 9.38211115e-02
 -2.75169946e+00 1.00877037e-01
 -2.87445039e+00 1.08697273e-01
 -2.88572547e+00 1.17399745e-01
 -2.99167489e+00 1.27125878e-01
 -2.97695190e+00 1.38046441e-01
 -3.11000867e+00 1.50369162e-01
 -3.20831626e+00 1.64348741e-01
 -3.28343729e+00 1.80300167e-01
 -3.38319057e+00 1.98616648e-01
 -3.56515860e+00 2.19794051e-01
 -3.63346097e+00 2.44464720e-01
 -3.70387262e+00 2.73444963e-01
 -3.93718204e+00 3.07802915e-01
 -4.11639222e+00 3.48957332e-01
 -4.33629972e+00 3.98824448e-01
 -4.51286826e+00 4.60041378e-01
 -4.67971325e+00 5.36314897e-01
 -5.11914835e+00 6.32982017e-01
 -5.47693222e+00 7.57941141e-01
 -5.97670273e+00 9.23257652e-01
 -6.36734555e+00 1.14805290e+00
 -7.05460391e+00 1.46396079e+00
 -7.90078370e+00 1.92601453e+00
 -8.92939255e+00 2.63570912e+00
 -1.02067657e+01 3.79282099e+00
 -1.17869645e+01 5.81570539e+00
 -1.35345936e+01 9.59075373e+00
 -1.32071559e+01 1.65031623e+01
 -5.46631115e+00 2.44472603e+01
 7.06533273e+00 2.21435069e+01
 1.14224759e+01 1.36407541e+01
 1.05078828e+01 7.98186157e+00
 8.78657086e+00 4.97533404e+00
 7.24660991e+00 3.32983478e+00
 6.08198902e+00 2.36345832e+00
 5.15622673e+00 1.75687376e+00
 4.46859321e+00 1.35436960e+00
 3.83749467e+00 1.07489270e+00
 3.31630803e+00 8.73504251e-01
 2.98481436e+00 7.23868734e-01
 2.61124001e+00 6.09801720e-01
 2.31463266e+00 5.20945005e-01
 2.04652882e+00 4.50434275e-01
 1.88568128e+00 3.93581707e-01
 1.62376694e+00 3.47101008e-01
 1.42285618e+00 3.08634983e-01
 1.33594126e+00 2.76458320e-01
 1.22044810e+00 2.49285330e-01
 1.02586644e+00 2.26142430e-01
 9.57595523e-01 2.06281688e-01
 8.60926798e-01 1.89121006e-01
 7.37522651e-01 1.74201976e-01
 6.79050410e-01 1.61159710e-01
 5.39994678e-01 1.49700896e-01
 5.13229441e-01 1.39587637e-01
 4.25878732e-01 1.30625376e-01
 3.30222920e-01 1.22653790e-01
 2.40563388e-01 1.15539836e-01
 1.79359918e-01 1.09172385e-01
 5.86049025e-02 1.03458058e-01
 4.95435563e-02 9.83179471e-02
 1.33956466e-01 9.36850326e-02
 4.55620562e-02 8.95021147e-02
 1.19223407e-03 8.57201597e-02
 -1.41190464e-01 8.22969616e-02
 -1.45802400e-01 7.91960541e-02
 -2.58114479e-01 7.63858217e-02
 -2.27802771e-01 7.38387682e-02
 -1.72261274e-01 7.15309130e-02
 -3.43912951e-01 6.94412892e-02
 -2.66868943e-01 6.75515256e-02
 -3.78764668e-01 6.58454967e-02
 -4.10341930e-01 6.43090280e-02
 -3.89903142e-01 6.29296479e-02
 -3.78538657e-01 6.16963778e-02
 -5.26289790e-01 6.05995541e-02
 -5.73819474e-01 5.96306762e-02
 -5.54785631e-01 5.87822780e-02
 -5.92275264e-01 5.80478176e-02
 -6.43748847e-01 5.74215839e-02
 -6.88158250e-01 5.68986157e-02
 -6.96583449e-01 5.64746345e-02
 -5.98925185e-01 5.61459858e-02
 -7.33700382e-01 5.59095908e-02
 -7.89298723e-01 5.57629049e-02
 -8.69234340e-01 5.57038839e-02
 -8.16870423e-01 5.57309557e-02
 -8.19542042e-01 5.58429989e-02
 -8.64610510e-01 5.60393248e-02
 -9.32126224e-01 5.63196660e-02
 -9.35655676e-01 5.66841679e-02
 -9.21323822e-01 5.71333863e-02
 -1.03893315e+00 5.76682873e-02
 -9.81138455e-01 5.82902532e-02
 -9.44111211e-01 5.90010911e-02
 -1.08682117e+00 5.98030472e-02
 -1.15184515e+00 6.06988249e-02
 -1.19766423e+00 6.16916077e-02
 -1.14693452e+00 6.27850875e-02
 -1.24799173e+00 6.39834988e-02
 -1.28397032e+00 6.52916588e-02
 -1.37782517e+00 6.67150143e-02
 -1.32969348e+00 6.82596966e-02
 -1.35682636e+00 6.99325854e-02
 -1.41129900e+00 7.17413820e-02
 -1.38864155e+00 7.36946945e-02
 -1.46856888e+00 7.58021355e-02
 -1.46178550e+00 7.80744358e-02
 -1.51835999e+00 8.05235747e-02
 -1.60493115e+00 8.31629311e-02
 -1.56455704e+00 8.60074588e-02
 -1.74302548e+00 8.90738898e-02
 -1.78834133e+00 9.23809707e-02
 -1.84253715e+00 9.59497382e-02
 -1.85244669e+00 9.98038425e-02
 -1.86810070e+00 1.03969925e-01
 -1.97467793e+00 1.08478065e-01
 -2.04099632e+00 1.13362306e-01
 -2.07445298e+00 1.18661280e-01
 -2.15741016e+00 1.24418953e-01
 -2.27404301e+00 1.30685513e-01
 -2.26373586e+00 1.37518443e-01
 -2.41016194e+00 1.44983806e-01
 -2.42953438e+00 1.53157819e-01
 -2.55439111e+00 1.62128759e-01
 -2.64247392e+00 1.71999312e-01
 -2.67414054e+00 1.82889468e-01
 -2.74378845e+00 1.94940118e-01
 -2.87369718e+00 2.08317560e-01
 -2.88369875e+00 2.23219172e-01
 -3.14343734e+00 2.39880618e-01
 -3.20441343e+00 2.58585085e-01
 -3.35604661e+00 2.79675214e-01
 -3.52759949e+00 3.03568673e-01
 -3.61430635e+00 3.30778691e-01
 -3.87283630e+00 3.61941442e-01
 -3.97413349e+00 3.97852997e-01
 -4.37536401e+00 4.39519873e-01
 -4.52861208e+00 4.88229157e-01
 -4.76076322e+00 5.45647354e-01
 -5.01998017e+00 6.13962126e-01
 -5.34597486e+00 6.96089450e-01
 -5.74230469e+00 7.95982853e-01
 -6.09085670e+00 9.19105920e-01
 -6.62615884e+00 1.07317347e+00
 -7.09711830e+00 1.26934875e+00
 -7.86426078e+00 1.52424213e+00
 -8.64655946e+00 1.86337472e+00
 -9.62620968e+00 2.32743805e+00
 -1.08438514e+01 2.98415143e+00
 -1.22215686e+01 3.95190274e+00
 -1.40538950e+01 5.44937736e+00
 -1.64083331e+01 7.90377661e+00
 -1.89695120e+01 1.21798892e+01
 -2.07695524e+01 1.98976060e+01
 -1.71555546e+01 3.22730025e+01
 -8.94614523e-01 4.11878054e+01
 1.61251992e+01 3.31997839e+01
 2.03285967e+01 2.06246922e+01
 1.87574889e+01 1.26039312e+01
 1.61921678e+01 8.15374552e+00
 1.40023757e+01 5.60717204e+00
 1.20547585e+01 4.05875966e+00
 1.07063126e+01 3.06103290e+00
 9.42722619e+00 2.38558867e+00
 8.52839840e+00 1.90919113e+00
 7.67016534e+00 1.56156570e+00
 7.02411098e+00 1.30059909e+00
 6.50598425e+00 1.09993924e+00
 5.95147795e+00 9.42468449e-01
 5.54523960e+00 8.16701688e-01
 5.04263312e+00 7.14712990e-01
 4.89615673e+00 6.30896051e-01
 4.46198395e+00 5.61198303e-01
 4.25452752e+00 5.02633397e-01
 4.03222820e+00 4.52962617e-01
 3.75398704e+00 4.10481713e-01
 3.58907671e+00 3.73875213e-01
 3.32692952e+00 3.42114926e-01
 3.33685555e+00 3.14388000e-01
 3.12942502e+00 2.90045103e-01
 2.97657599e+00 2.68562571e-01
 2.77068470e+00 2.49514370e-01
 2.67201364e+00 2.32551092e-01
 2.55591606e+00 2.17384029e-01
 2.49253621e+00 2.03772973e-01
 2.40154969e+00 1.91516785e-01
 2.31171382e+00 1.80446032e-01
 2.37143073e+00 1.70417192e-01
 2.10384038e+00 1.61308061e-01
 2.10160634e+00 1.53014082e-01
 1.94999809e+00 1.45445387e-01
 1.89778377e+00 1.38524408e-01
 1.94902068e+00 1.32183927e-01
 1.85407247e+00 1.26365480e-01
 1.80293984e+00 1.21018038e-01
 1.61274631e+00 1.16096923e-01
 1.63313063e+00 1.11562896e-01
 1.53768605e+00 1.07381402e-01
 1.58803538e+00 1.03521934e-01
 1.54998166e+00 9.99574976e-02
 1.38929340e+00 9.66641542e-02
 1.41528337e+00 9.36206399e-02
 1.35380996e+00 9.08080360e-02
 1.32568220e+00 8.82094887e-02
 1.13143693e+00 8.58099699e-02
 1.20980985e+00 8.35960705e-02
 1.11297646e+00 8.15558239e-02
 1.07227189e+00 7.96785531e-02
 1.12397068e+00 7.79547387e-02
 1.10691150e+00 7.63759054e-02
 1.08836531e+00 7.49345239e-02
 9.32706742e-01 7.36239260e-02
 1.02506876e+00 7.24382317e-02
 9.35597978e-01 7.13722869e-02
 8.57422280e-01 7.04216095e-02
 8.03853084e-01 6.95823446e-02
 8.55760878e-01 6.88512264e-02
 7.85201901e-01 6.82255467e-02
 7.25636384e-01 6.77031300e-02
 7.78906517e-01 6.72823140e-02
 7.14405607e-01 6.69619353e-02
 6.32491143e-01 6.67413210e-02
 6.16754103e-01 6.66202843e-02
 5.62097272e-01 6.65991256e-02
 5.09431598e-01 6.66786391e-02
 4.89932236e-01 6.68601237e-02
 4.49899564e-01 6.71453998e-02
 4.66450819e-01 6.75368321e-02
 3.60107770e-01 6.80373576e-02
 3.23934657e-01 6.86505216e-02
 3.45204364e-01 6.93805199e-02
 3.26069185e-01 7.02322507e-02
 2.17481964e-01 7.12113746e-02
 1.67231499e-01 7.23243858e-02
 2.88642652e-01 7.35786956e-02
 1.98413607e-01 7.49827300e-02
 1.38145399e-01 7.65460430e-02
 3.87825570e-02 7.82794498e-02
 1.91739908e-02 8.01951815e-02
 -2.93965872e-02 8.23070663e-02
 -7.66505568e-03 8.46307422e-02
 -8.96780388e-02 8.71839057e-02
 -5.50661166e-02 8.99866052e-02
 -2.06434635e-01 9.30615873e-02
 -1.93443047e-01 9.64347068e-02
 -3.54427587e-01 1.00135414e-01
 -3.25081209e-01 1.04197334e-01
 -3.81596345e-01 1.08658968e-01
 -4.13373488e-01 1.13564526e-01
 -4.71312012e-01 1.18964944e-01
 -6.79247856e-01 1.24919113e-01
 -5.48458385e-01 1.31495390e-01
 -6.10247329e-01 1.38773439e-01
 -7.50085552e-01 1.46846528e-01
 -7.22315478e-01 1.55824369e-01
 -8.20488986e-01 1.65836691e-01
 -9.26076275e-01 1.77037745e-01
 -1.14728671e+00 1.89612035e-01
 -1.14382805e+00 2.03781678e-01
 -1.24788509e+00 2.19815939e-01
 -1.31997035e+00 2.38043688e-01
 -1.44257477e+00 2.58869881e-01
 -1.67813741e+00 2.82797575e-01
 -1.63271548e+00 3.10457735e-01
 -1.80483920e+00 3.42650104e-01
 -2.08770471e+00 3.80400089e-01
 -2.27236820e+00 4.25039185e-01
 -2.47135761e+00 4.78320714e-01
 -2.67020039e+00 5.42589600e-01
 -2.91691835e+00 6.21036779e-01
 -3.24900773e+00 7.18089560e-01
 -3.55973576e+00 8.40026570e-01
 -3.98334725e+00 9.95975440e-01
 -4.49621946e+00 1.19958566e+00
 -5.10828427e+00 1.47193884e+00
 -5.70393324e+00 1.84682312e+00
 -6.60633969e+00 2.38072726e+00
 -7.59819756e+00 3.17266283e+00
 -8.90149918e+00 4.40503538e+00
 -1.04988784e+01 6.42831603e+00
 -1.19935273e+01 9.91278966e+00
 -1.22967563e+01 1.58756831e+01
 -7.63139449e+00 2.38682323e+01
 4.03800723e+00 2.66004915e+01
 1.28439259e+01 1.99766545e+01
 1.43477924e+01 1.26165908e+01
 1.32746932e+01 7.98978152e+00
 1.17663225e+01 5.32741064e+00
 1.03398885e+01 3.74737483e+00
 9.19215618e+00 2.75833174e+00
 8.19852415e+00 2.10658257e+00
 7.42649856e+00 1.65758707e+00
 6.87417207e+00 1.33648736e+00
 6.31545061e+00 1.09953599e+00
 5.91091868e+00 9.19993091e-01
 5.46953901e+00 7.80853877e-01
 5.16283340e+00 6.70923481e-01
 4.90139598e+00 5.82605726e-01
 4.71216795e+00 5.10607976e-01
 4.41692654e+00 4.51155611e-01
 4.23174674e+00 4.01500527e-01
 4.05901728e+00 3.59604903e-01
 3.89231924e+00 3.23932601e-01
 3.79604241e+00 2.93308427e-01
 3.58811567e+00 2.66821253e-01
 3.47857922e+00 2.43756075e-01
 3.42043003e+00 2.23545572e-01
 3.34970751e+00 2.05735039e-01
 3.24606823e+00 1.89956638e-01
 3.09106558e+00 1.75910255e-01
 3.03576912e+00 1.63349090e-01
 3.01623727e+00 1.52068698e-01
 2.86865322e+00 1.41898568e-01
 2.84650413e+00 1.32695584e-01
 2.75820806e+00 1.24338913e-01
 2.78134586e+00 1.16725969e-01
 2.67024192e+00 1.09769203e-01
 2.56000957e+00 1.03393535e-01
 2.57426142e+00 9.75342765e-02
 2.56699094e+00 9.21354535e-02
 2.41553611e+00 8.71484296e-02
 2.43810848e+00 8.25307802e-02
 2.46517310e+00 7.82453606e-02
 2.36251431e+00 7.42595337e-02
 2.35426457e+00 7.05445265e-02
 2.27483869e+00 6.70748897e-02
 2.26024962e+00 6.38280443e-02
 2.31598979e+00 6.07838979e-02
 2.20949330e+00 5.79245196e-02
 2.17577625e+00 5.52338625e-02
 2.22662440e+00 5.26975271e-02
 2.14065317e+00 5.03025582e-02
 2.18557110e+00 4.80372700e-02
 2.14682950e+00 4.58910950e-02
 2.14226142e+00 4.38544529e-02
 2.06451347e+00 4.19186373e-02
 2.05091360e+00 4.00757162e-02
 2.14003204e+00 3.83184451e-02
 1.99405834e+00 3.66401909e-02
 1.99071267e+00 3.50348648e-02
 2.05373472e+00 3.34968633e-02
 1.94613557e+00 3.20210150e-02
 1.90069671e+00 3.06025346e-02
 1.96303358e+00 2.92369810e-02
 1.91684738e+00 2.79202193e-02
 1.92137739e+00 2.66483882e-02
 1.95087573e+00 2.54178684e-02
 1.87956532e+00 2.42252558e-02
 1.83115213e+00 2.30673354e-02
 1.82766997e+00 2.19410584e-02
 1.85373233e+00 2.08435203e-02
 1.75784973e+00 1.97719404e-02
 1.82874096e+00 1.87236429e-02
 1.81085112e+00 1.76960384e-02
 1.77326714e+00 1.66866059e-02
 1.82450673e+00 1.56928760e-02
 1.77990264e+00 1.47124130e-02
 1.72139422e+00 1.37427982e-02
 1.77414694e+00 1.27816118e-02
 1.81007254e+00 1.18264152e-02
 1.79568300e+00 1.08747311e-02
 1.85356450e+00 9.92402420e-03
 1.80442926e+00 8.97167842e-03
 1.79968511e+00 8.01497369e-03
 1.74164839e+00 7.05105957e-03
 1.76548577e+00 6.07692604e-03
 1.74018098e+00 5.08937081e-03
 1.74625286e+00 4.08496215e-03
 1.68950470e+00 3.05999654e-03
 1.92018407e+00 2.01044988e-03
 1.71613328e+00 9.31921021e-04
 1.75812895e+00 -1.80434049e-04
 1.68183930e+00 -1.33197942e-03
 1.82055171e+00 -2.52869032e-03
 1.84176703e+00 -3.77726109e-03
 1.72239418e+00 -5.08523410e-03
 1.74237706e+00 -6.46115431e-03
 1.78585806e+00 -7.91475588e-03
 1.85163153e+00 -9.45718857e-03
 1.77435104e+00 -1.11012943e-02
 1.76592416e+00 -1.28619469e-02
 1.75206109e+00 -1.47564722e-02
 1.89248116e+00 -1.68051719e-02
 1.76669046e+00 -1.90319795e-02
 1.80154286e+00 -2.14652901e-02
 1.71719715e+00 -2.41390187e-02
 1.88284291e+00 -2.70939585e-02
 1.93343604e+00 -3.03795454e-02
 1.89697708e+00 -3.40561685e-02
 1.91109014e+00 -3.81982314e-02
 1.85586056e+00 -4.28982530e-02
 1.84358096e+00 -4.82724315e-02
 1.92997810e+00 -5.44682954e-02
 2.01000410e+00 -6.16753819e-02
 1.99884614e+00 -7.01403819e-02
 2.04836881e+00 -8.01890042e-02
 2.05674664e+00 -9.22581597e-02
 2.02360592e+00 -1.06944366e-01
 2.08685460e+00 -1.25078299e-01
 2.21649597e+00 -1.47842701e-01
 2.32316074e+00 -1.76964392e-01
 2.33081759e+00 -2.15037386e-01
 2.43965519e+00 -2.66086537e-01
 2.57854950e+00 -3.36590091e-01
 2.72893714e+00 -4.37411963e-01
 2.93638726e+00 -5.87592992e-01
 3.14950569e+00 -8.21937776e-01
 3.32206633e+00 -1.20546650e+00
 3.52249271e+00 -1.85189248e+00
 3.35463805e+00 -2.87720826e+00
 2.30851540e+00 -3.96760170e+00
 5.38455060e-01 -3.94827893e+00
 -4.47438378e-01 -2.84836940e+00
 -6.82010431e-01 -1.83432064e+00
 -4.20158674e-01 -1.19754962e+00
 -1.66946301e-01 -8.19709785e-01
 -4.90328886e-02 -5.88670033e-01
 2.39368493e-01 -4.40555986e-01
 2.27360134e-01 -3.41159441e-01
 5.24060036e-01 -2.71738655e-01
 5.56405955e-01 -2.21583347e-01
 5.69056619e-01 -1.84297315e-01
 6.54892305e-01 -1.55901330e-01
 7.90756566e-01 -1.33827749e-01
 8.65438385e-01 -1.16365553e-01
 8.21339426e-01 -1.02341798e-01
 9.03536113e-01 -9.09320838e-02
 9.59116149e-01 -8.15440552e-02
 8.97534892e-01 -7.37436627e-02
 1.01551210e+00 -6.72072451e-02
 1.02087448e+00 -6.16896428e-02
 9.07121638e-01 -5.70025203e-02
 1.01875254e+00 -5.29993406e-02
 1.01105310e+00 -4.95647639e-02
 1.04566298e+00 -4.66070486e-02
 1.15046640e+00 -4.40525215e-02
 1.12404814e+00 -4.18415015e-02
 1.08668527e+00 -3.99252548e-02
 1.19302496e+00 -3.82636964e-02
 1.07602718e+00 -3.68236354e-02
 1.25159693e+00 -3.55774226e-02
 1.25176127e+00 -3.45018983e-02
 1.26113907e+00 -3.35775673e-02
 1.34870867e+00 -3.27879465e-02
 1.34557471e+00 -3.21190450e-02
 1.27885407e+00 -3.15589479e-02
 1.26163215e+00 -3.10974794e-02
 1.24436527e+00 -3.07259301e-02
 1.27114326e+00 -3.04368343e-02
 1.32365842e+00 -3.02237873e-02
 1.37166173e+00 -3.00812945e-02
 1.46819253e+00 -3.00046472e-02
 1.32772903e+00 -2.99898193e-02
 1.36294352e+00 -3.00333809e-02
 1.34043152e+00 -3.01324269e-02
 1.42147613e+00 -3.02845169e-02
 1.47456331e+00 -3.04876251e-02
 1.43295616e+00 -3.07400984e-02
 1.45985690e+00 -3.10406217e-02
 1.50814940e+00 -3.13881891e-02
 1.57149993e+00 -3.17820795e-02
 1.49021425e+00 -3.22218380e-02
 1.49100381e+00 -3.27072599e-02
 1.46702107e+00 -3.32383786e-02
 1.55637063e+00 -3.38154566e-02
 1.54849957e+00 -3.44389795e-02
 1.57249762e+00 -3.51096517e-02
 1.47704948e+00 -3.58283957e-02
 1.59452458e+00 -3.65963527e-02
 1.69633591e+00 -3.74148857e-02
 1.54124257e+00 -3.82855853e-02
 1.61972626e+00 -3.92102771e-02
 1.50170077e+00 -4.01910314e-02
 1.71237700e+00 -4.12301757e-02
 1.62898216e+00 -4.23303094e-02
 1.66725616e+00 -4.34943211e-02
 1.80423879e+00 -4.47254087e-02
 1.71549249e+00 -4.60271035e-02
 1.73938734e+00 -4.74032962e-02
 1.74329689e+00 -4.88582683e-02
 1.88609767e+00 -5.03967270e-02
 1.83150044e+00 -5.20238449e-02
 1.84371559e+00 -5.37453058e-02
 1.92824754e+00 -5.55673560e-02
 1.94331604e+00 -5.74968630e-02
 1.92544327e+00 -5.95413828e-02
 1.90954799e+00 -6.17092352e-02
 1.99981267e+00 -6.40095919e-02
 2.00955517e+00 -6.64525748e-02
 2.09741458e+00 -6.90493704e-02
 2.05702539e+00 -7.18123606e-02
 2.12074508e+00 -7.47552727e-02
 2.11600249e+00 -7.78933528e-02
 2.21761611e+00 -8.12435669e-02
 2.26865984e+00 -8.48248329e-02
 2.25950520e+00 -8.86582914e-02
 2.28419110e+00 -9.27676219e-02
 2.26643557e+00 -9.71794118e-02
 2.36645555e+00 -1.01923592e-01
 2.40582189e+00 -1.07033947e-01
 2.37664966e+00 -1.12548727e-01
 2.48028647e+00 -1.18511361e-01
 2.59200287e+00 -1.24971326e-01
 2.65484716e+00 -1.31985176e-01
 2.68188664e+00 -1.39617787e-01
 2.75718957e+00 -1.47943867e-01
 2.76384316e+00 -1.57049790e-01
 2.84787745e+00 -1.67035848e-01
 2.93073184e+00 -1.78019018e-01
 3.07743057e+00 -1.90136399e-01
 3.07988214e+00 -2.03549499e-01
 3.17277377e+00 -2.18449621e-01
 3.24000030e+00 -2.35064694e-01
 3.42045613e+00 -2.53667981e-01
 3.47595515e+00 -2.74589313e-01
 3.56904797e+00 -2.98229683e-01
 3.73610665e+00 -3.25080413e-01
 3.90999169e+00 -3.55748606e-01
 4.05033979e+00 -3.90991315e-01
 4.23643339e+00 -4.31762030e-01
 4.31506693e+00 -4.79274762e-01
 4.63889404e+00 -5.35093744e-01
 4.89068983e+00 -6.01261025e-01
 5.12654280e+00 -6.80481247e-01
 5.44690472e+00 -7.76394538e-01
 5.76585034e+00 -8.93988331e-01
 6.15257364e+00 -1.04023388e+00
 6.61001974e+00 -1.22509636e+00
 7.05369887e+00 -1.46318532e+00
 7.66691345e+00 -1.77653929e+00
 8.37960181e+00 -2.19949049e+00
 9.40341621e+00 -2.78748047e+00
 1.02773693e+01 -3.63361276e+00
 1.17065494e+01 -4.90055200e+00
 1.31562086e+01 -6.88144793e+00
 1.45823141e+01 -1.01007644e+01
 1.53602904e+01 -1.53559606e+01
 1.27311909e+01 -2.28941653e+01
 3.53281630e+00 -2.88399682e+01
 -7.82258005e+00 -2.62491982e+01
 -1.32057278e+01 -1.85430116e+01
 -1.36543506e+01 -1.21736579e+01
 -1.22586968e+01 -8.14942395e+00
 -1.06957233e+01 -5.69565544e+00
 -9.30888486e+00 -4.15490541e+00
 -8.24367945e+00 -3.14506924e+00
 -7.22941176e+00 -2.45504878e+00
 -6.48773003e+00 -1.96588122e+00
 -5.71861812e+00 -1.60796380e+00
 -5.32495253e+00 -1.33891690e+00
 -4.71966539e+00 -1.13195032e+00
 -4.34095849e+00 -9.69545510e-01
 -4.00089283e+00 -8.39896643e-01
 -3.68621658e+00 -7.34832641e-01
 -3.42985766e+00 -6.48562833e-01
 -3.07210667e+00 -5.76896357e-01
 -2.93848703e+00 -5.16742759e-01
 -2.78282919e+00 -4.65784453e-01
 -2.47847725e+00 -4.22256954e-01
 -2.34922864e+00 -3.84798403e-01
 -2.22900387e+00 -3.52344577e-01
 -2.10691196e+00 -3.24054401e-01
 -2.00295215e+00 -2.99256260e-01
 -1.87425698e+00 -2.77408761e-01
 -1.65758091e+00 -2.58071666e-01
 -1.65984305e+00 -2.40884108e-01
 -1.52127571e+00 -2.25548081e-01
 -1.39322870e+00 -2.11815791e-01
 -1.40109581e+00 -1.99479879e-01
 -1.33824320e+00 -1.88365789e-01
 -1.20515604e+00 -1.78325766e-01
 -1.08765110e+00 -1.69234097e-01
 -1.02568323e+00 -1.60983311e-01
 -9.52091371e-01 -1.53481116e-01
 -9.49330962e-01 -1.46647932e-01
 -8.23537306e-01 -1.40414866e-01
 -7.54322337e-01 -1.34722072e-01
 -7.48020121e-01 -1.29517381e-01
 -6.38103909e-01 -1.24755185e-01
 -6.47975671e-01 -1.20395496e-01
 -6.22221431e-01 -1.16403167e-01
 -5.10637612e-01 -1.12747236e-01
 -5.28917572e-01 -1.09400374e-01
 -5.05135271e-01 -1.06338420e-01
 -4.11826619e-01 -1.03539983e-01
 -3.38449177e-01 -1.00986109e-01
 -2.17879903e-01 -9.86599897e-02
 -2.83167066e-01 -9.65467229e-02
 -2.28798177e-01 -9.46330983e-02
 -2.35435223e-01 -9.29074190e-02
 -1.22821226e-01 -9.13593469e-02
 -1.30477165e-01 -8.99797698e-02
 -1.61850113e-01 -8.87606873e-02
 -1.45979857e-02 -8.76951138e-02
 -1.25405633e-01 -8.67769945e-02
 5.85997903e-02 -8.60011347e-02
 1.58892280e-02 -8.53631403e-02
 5.61523855e-02 -8.48593672e-02
 9.39516705e-02 -8.44868810e-02
 1.36344889e-01 -8.42434233e-02
 1.79531219e-01 -8.41273867e-02
 1.97027786e-01 -8.41377960e-02
 3.11440993e-01 -8.42742968e-02
 3.30089757e-01 -8.45371496e-02
 2.72272755e-01 -8.49272308e-02
 3.27081660e-01 -8.54460404e-02
 3.53378370e-01 -8.60957151e-02
 4.09913230e-01 -8.68790485e-02
 4.10130202e-01 -8.77995191e-02
 5.54051075e-01 -8.88613242e-02
 4.92858022e-01 -9.00694230e-02
 5.61825780e-01 -9.14295884e-02
 5.40850341e-01 -9.29484682e-02
 7.27085750e-01 -9.46336574e-02
 5.37620784e-01 -9.64937828e-02
 7.74143715e-01 -9.85386020e-02
 7.32634463e-01 -1.00779118e-01
 7.88104178e-01 -1.03227710e-01
 8.51366928e-01 -1.05898294e-01
 7.91314773e-01 -1.08806493e-01
 9.09813362e-01 -1.11969854e-01
 1.11829651e+00 -1.15408081e-01
 9.34778544e-01 -1.19143326e-01
 1.10117456e+00 -1.23200511e-01
 1.16637201e+00 -1.27607716e-01
 1.21698915e+00 -1.32396632e-01
 1.18456895e+00 -1.37603094e-01
 1.25393791e+00 -1.43267710e-01
 1.38249792e+00 -1.49436606e-01
 1.49427087e+00 -1.56162321e-01
 1.49567272e+00 -1.63504867e-01
 1.50199658e+00 -1.71533007e-01
 1.63861195e+00 -1.80325801e-01
 1.68947560e+00 -1.89974471e-01
 1.93082634e+00 -2.00584689e-01
 1.86273512e+00 -2.12279370e-01
 2.02006264e+00 -2.25202127e-01
 1.99222048e+00 -2.39521553e-01
 2.19816934e+00 -2.55436582e-01
 2.25879387e+00 -2.73183229e-01
 2.45637798e+00 -2.93043148e-01
 2.63889549e+00 -3.15354578e-01
 2.62887363e+00 -3.40526464e-01
 2.74171346e+00 -3.69056858e-01
 2.95283617e+00 -4.01557123e-01
 3.09016756e+00 -4.38784147e-01
 3.32395393e+00 -4.81683686e-01
 3.53411490e+00 -5.31449472e-01
 3.71723586e+00 -5.89604910e-01
 3.98532192e+00 -6.58117723e-01
 4.10845475e+00 -7.39563503e-01
 4.50620396e+00 -8.37363262e-01
 4.81081080e+00 -9.56135333e-01
 5.28105584e+00 -1.10222811e+00
 5.68925893e+00 -1.28454606e+00
 6.17745095e+00 -1.51586450e+00
 6.82708116e+00 -1.81498343e+00
 7.58911893e+00 -2.21036781e+00
 8.36572739e+00 -2.74650692e+00
 9.32389442e+00 -3.49539732e+00
 1.05436656e+01 -4.57787028e+00
 1.19794190e+01 -6.20358064e+00
 1.35002047e+01 -8.74208861e+00
 1.49033204e+01 -1.28135818e+01
 1.48756842e+01 -1.91673899e+01
 1.01346797e+01 -2.71844257e+01
 -8.82010836e-01 -3.13643793e+01
 -1.15967603e+01 -2.66973660e+01
 -1.58020618e+01 -1.86944169e+01
 -1.57789486e+01 -1.25051247e+01
 -1.44565111e+01 -8.55758807e+00
 -1.28456162e+01 -6.09299631e+00
 -1.14502778e+01 -4.50997996e+00
 -1.02069305e+01 -3.45264149e+00
 -9.18072357e+00 -2.71900918e+00
 -8.38291320e+00 -2.19241561e+00
 -7.68695002e+00 -1.80315701e+00
 -7.00074011e+00 -1.50804627e+00
 -6.61343858e+00 -1.27938343e+00
 -6.16768594e+00 -1.09883288e+00
 -5.73741578e+00 -9.53909855e-01
 -5.33012648e+00 -8.35896632e-01
 -5.12416918e+00 -7.38567809e-01
 -4.81071876e+00 -6.57387816e-01
 -4.60093340e+00 -5.88992410e-01
 -4.37358331e+00 -5.30845599e-01
 -4.19669832e+00 -4.81007694e-01
 -3.96748062e+00 -4.37975400e-01
 -3.71451307e+00 -4.00569569e-01
 -3.65261318e+00 -3.67855123e-01
 -3.60393430e+00 -3.39083055e-01
 -3.47384980e+00 -3.13647848e-01
 -3.35121362e+00 -2.91055810e-01
 -3.05392987e+00 -2.70901246e-01
 -3.14857684e+00 -2.52848344e-01
 -2.92607190e+00 -2.36617246e-01
 -2.87637868e+00 -2.21973257e-01
 -2.88187169e+00 -2.08718395e-01
 -2.77302022e+00 -1.96684733e-01
 -2.54133451e+00 -1.85729100e-01
 -2.52718096e+00 -1.75728846e-01
 -2.47732187e+00 -1.66578420e-01
 -2.47516883e+00 -1.58186607e-01
 -2.40085776e+00 -1.50474261e-01
 -2.38826074e+00 -1.43372452e-01
 -2.32275492e+00 -1.36820934e-01
 -2.18146937e+00 -1.30766878e-01
 -2.16051052e+00 -1.25163816e-01
 -2.07467853e+00 -1.19970751e-01
 -2.06762863e+00 -1.15151417e-01
 -2.05100004e+00 -1.10673653e-01
 -1.99001929e+00 -1.06508868e-01
 -1.93252643e+00 -1.02631590e-01
 -1.92699202e+00 -9.90190813e-02
 -1.89861632e+00 -9.56510094e-02
 -1.81584862e+00 -9.25091614e-02
 -1.89485783e+00 -8.95772019e-02
 -1.68929476e+00 -8.68404621e-02
 -1.67921176e+00 -8.42857586e-02
 -1.68748750e+00 -8.19012352e-02
 -1.71442145e+00 -7.96762265e-02
 -1.60977982e+00 -7.76011389e-02
 -1.59335452e+00 -7.56673477e-02
 -1.59836930e+00 -7.38671067e-02
 -1.47289976e+00 -7.21934705e-02
 -1.42136746e+00 -7.06402266e-02
 -1.43162497e+00 -6.92018363e-02
 -1.40694491e+00 -6.78733847e-02
 -1.39401765e+00 -6.66505363e-02
 -1.33766414e+00 -6.55294987e-02
 -1.48042418e+00 -6.45069910e-02
 -1.31031681e+00 -6.35802185e-02
 -1.32851403e+00 -6.27468515e-02
 -1.29517606e+00 -6.20050098e-02
 -1.29977405e+00 -6.13532510e-02
 -1.30623906e+00 -6.07905641e-02
 -1.21115022e+00 -6.03163660e-02
 -1.14031219e+00 -5.99305043e-02
 -1.22029682e+00 -5.96332627e-02
 -1.08945438e+00 -5.94253729e-02
 -1.07870405e+00 -5.93080299e-02
 -1.11228437e+00 -5.92829135e-02
 -1.15414167e+00 -5.93522158e-02
 -1.04033957e+00 -5.95186745e-02
 -9.83231257e-01 -5.97856138e-02
 -1.07287221e+00 -6.01569936e-02
 -9.44263123e-01 -6.06374674e-02
 -9.66808070e-01 -6.12324519e-02
 -1.04513802e+00 -6.19482078e-02
 -9.43449522e-01 -6.27919359e-02
 -8.82128937e-01 -6.37718896e-02
 -8.19676248e-01 -6.48975077e-02
 -8.91822618e-01 -6.61795704e-02
 -8.47355554e-01 -6.76303838e-02
 -8.34948110e-01 -6.92639978e-02
 -7.36929208e-01 -7.10964649e-02
 -7.07363435e-01 -7.31461478e-02
 -6.91055429e-01 -7.54340868e-02
 -6.57117664e-01 -7.79844398e-02
 -6.02800480e-01 -8.08250127e-02
 -7.15892628e-01 -8.39878998e-02
 -5.26908790e-01 -8.75102627e-02
 -6.04227391e-01 -9.14352806e-02
 -5.36924356e-01 -9.58133189e-02
 -5.03190413e-01 -1.00703372e-01
 -3.93065238e-01 -1.06174858e-01
 -3.78991249e-01 -1.12309865e-01
 -3.69289971e-01 -1.19205984e-01
 -2.47820475e-01 -1.26979910e-01
 -2.90339081e-01 -1.35772055e-01
 -2.18852231e-01 -1.45752511e-01
 -1.32283716e-01 -1.57128832e-01
 -8.86843767e-02 -1.70156302e-01
 -6.54327799e-03 -1.85151607e-01
 -1.00296849e-02 -2.02511297e-01
 6.69845330e-02 -2.22737005e-01
 3.48756678e-01 -2.46470389e-01
 3.56371625e-01 -2.74542306e-01
 4.44974043e-01 -3.08043139e-01
 6.07947976e-01 -3.48425236e-01
 6.57012938e-01 -3.97655100e-01
 9.03398399e-01 -4.58444458e-01
 9.84556972e-01 -5.34609531e-01
 1.25794481e+00 -6.31644342e-01
 1.34747812e+00 -7.57661690e-01
 1.69203707e+00 -9.24984572e-01
 2.14228935e+00 -1.15292142e+00
 2.49677075e+00 -1.47274468e+00
 2.92836043e+00 -1.93678506e+00
 3.49090433e+00 -2.63480745e+00
 4.01426292e+00 -3.72000425e+00
 4.34486985e+00 -5.42641353e+00
 3.98479227e+00 -7.93603156e+00
 1.57412972e+00 -1.06355872e+01
 -2.63488186e+00 -1.13200188e+01
 -5.92678244e+00 -9.17965380e+00
 -6.99581135e+00 -6.41911720e+00
 -6.80803561e+00 -4.36980691e+00
 -6.40241092e+00 -3.04813177e+00
 -5.81423589e+00 -2.20542190e+00
 -5.37002055e+00 -1.65318653e+00
 -4.87534869e+00 -1.27802652e+00
 -4.59928804e+00 -1.01405663e+00
 -4.28872762e+00 -8.22376408e-01
 -4.00620512e+00 -6.79303806e-01
 -3.79560765e+00 -5.69932131e-01
 -3.66163807e+00 -4.84572377e-01
 -3.46205631e+00 -4.16738508e-01
 -3.32820607e+00 -3.61971588e-01
 -3.20431389e+00 -3.17132276e-01
 -3.15889889e+00 -2.79962606e-01
 -3.05789192e+00 -2.48807161e-01
 -2.86767816e+00 -2.22431210e-01
 -2.81783576e+00 -1.99899398e-01
 -2.79395219e+00 -1.80493130e-01
 -2.75521478e+00 -1.63653243e-01
 -2.72393370e+00 -1.48939536e-01
 -2.61253677e+00 -1.36001750e-01
 -2.54425254e+00 -1.24558442e-01
 -2.45272677e+00 -1.14381420e-01
 -2.34373435e+00 -1.05284113e-01
 -2.30622501e+00 -9.71127944e-02
 -2.24681553e+00 -8.97398849e-02
 -2.36348178e+00 -8.30587887e-02
 -2.31145847e+00 -7.69798799e-02
 -2.20958672e+00 -7.14273534e-02
 -2.29594710e+00 -6.63367347e-02
 -2.21015643e+00 -6.16528960e-02
 -2.22089159e+00 -5.73284645e-02
 -2.17763166e+00 -5.33225369e-02
 -2.12543227e+00 -4.95996338e-02
 -2.09099002e+00 -4.61288456e-02
 -2.10487653e+00 -4.28831292e-02
 -2.11004282e+00 -3.98387272e-02
 -2.06951724e+00 -3.69746849e-02
 -2.09598158e+00 -3.42724465e-02
 -2.09704295e+00 -3.17155168e-02
 -2.05736742e+00 -2.92891755e-02
 -2.07978692e+00 -2.69802356e-02
 -2.12068431e+00 -2.47768374e-02
 -2.06452805e+00 -2.26682726e-02
 -2.05150465e+00 -2.06448338e-02
 -2.05259752e+00 -1.86976841e-02
 -2.03715721e+00 -1.68187443e-02
 -1.91598258e+00 -1.50005952e-02
 -1.99396681e+00 -1.32363919e-02
 -1.95128330e+00 -1.15197879e-02
 -1.97548180e+00 -9.84486945e-03
 -2.05809870e+00 -8.20609556e-03
 -1.96257609e+00 -6.59824547e-03
 -1.98253065e+00 -5.01637075e-03
 -1.95899817e+00 -3.45575198e-03
 -1.95599006e+00 -1.91185890e-03
 -2.04727926e+00 -3.80313648e-04
 -2.02047401e+00 1.14314367e-03
 -1.99613800e+00 2.66268762e-03
 -2.03403806e+00 4.18243858e-03
 -1.90241242e+00 5.70649309e-03
 -1.99051882e+00 7.23895359e-03
 -1.98235250e+00 8.78395810e-03
 -1.92665430e+00 1.03457102e-02
 -1.93723782e+00 1.19285099e-02
 -2.03814172e+00 1.35367850e-02
 -1.98140880e+00 1.51751252e-02
 -2.05913612e+00 1.68483169e-02
 -2.00278627e+00 1.85613819e-02
 -1.98348936e+00 2.03196179e-02
 -2.02728873e+00 2.21286442e-02
 -2.09557739e+00 2.39944509e-02
 -2.07876608e+00 2.59234537e-02
 -2.07925677e+00 2.79225555e-02
 -2.08335843e+00 2.99992150e-02
 -2.06738276e+00 3.21615243e-02
 -2.08006281e+00 3.44182964e-02
 -2.07318782e+00 3.67791660e-02
 -2.15940761e+00 3.92547033e-02
 -2.09554982e+00 4.18565455e-02
 -2.20339548e+00 4.45975484e-02
 -2.17578666e+00 4.74919616e-02
 -2.27494099e+00 5.05556324e-02
 -2.30025279e+00 5.38062429e-02
 -2.17447883e+00 5.72635889e-02
 -2.18737823e+00 6.09499066e-02
 -2.35195380e+00 6.48902594e-02
 -2.34506165e+00 6.91129959e-02
 -2.36336086e+00 7.36502957e-02
 -2.36662839e+00 7.85388225e-02
 -2.36231441e+00 8.38205098e-02
 -2.37336411e+00 8.95435094e-02
 -2.50306521e+00 9.57633448e-02
 -2.53632692e+00 1.02544320e-01
 -2.56543151e+00 1.09961248e-01
 -2.61892233e+00 1.18101597e-01
 -2.66650158e+00 1.27068146e-01
 -2.64108096e+00 1.36982328e-01
 -2.72682575e+00 1.47988444e-01
 -2.79146855e+00 1.60259025e-01
 -2.80376430e+00 1.74001717e-01
 -2.89780204e+00 1.89468186e-01
 -2.92730835e+00 2.06965778e-01
 -3.08018349e+00 2.26872900e-01
 -3.14808064e+00 2.49659582e-01
 -3.25446807e+00 2.75915265e-01
 -3.32841102e+00 3.06386860e-01
 -3.46172648e+00 3.42031613e-01
 -3.62000483e+00 3.84091663e-01
 -3.72384283e+00 4.34200966e-01
 -3.98207464e+00 4.94541446e-01
 -3.99604736e+00 5.68075604e-01
 -4.27831790e+00 6.58900615e-01
 -4.54151025e+00 7.72800223e-01
 -4.83814798e+00 9.18127187e-01
 -5.17847102e+00 1.10725326e+00
 -5.52572248e+00 1.35902011e+00
 -5.93837684e+00 1.70299721e+00
 -6.46057484e+00 2.18704294e+00
 -7.20394040e+00 2.89078774e+00
 -7.77630249e+00 3.94851428e+00
 -8.41853203e+00 5.57913153e+00
 -8.65110182e+00 8.07309129e+00
 -7.50348743e+00 1.14746264e+01
 -3.79359363e+00 1.44761823e+01
 1.53030241e+00 1.43576127e+01
 5.22578453e+00 1.12561774e+01
 6.19245472e+00 7.89785614e+00
 6.01563792e+00 5.46665651e+00
 5.29751846e+00 3.88050100e+00
 4.64174825e+00 2.85035507e+00
 3.97278973e+00 2.16353943e+00
 3.45098755e+00 1.69016824e+00
 3.07738836e+00 1.35318999e+00
 2.57928543e+00 1.10621261e+00
 2.32239632e+00 9.20510030e-01
 1.99755631e+00 7.77738126e-01
 1.73753483e+00 6.65827230e-01
 1.54543378e+00 5.76613319e-01
 1.36412180e+00 5.04433795e-01
 1.16669233e+00 4.45271220e-01
 1.07361288e+00 3.96216798e-01
 9.01130302e-01 3.55125555e-01
 7.99275683e-01 3.20389470e-01
 6.48712427e-01 2.90784952e-01
 6.52716379e-01 2.65368257e-01
 5.02400352e-01 2.43402486e-01
 2.95260117e-01 2.24305748e-01
 4.33464612e-01 2.07613816e-01
 2.75306018e-01 1.92952824e-01
 1.57461262e-01 1.80019059e-01
 1.56068612e-01 1.68563814e-01
 1.15338892e-01 1.58381916e-01
 8.48055510e-02 1.49302945e-01
 -7.75892963e-02 1.41184449e-01
 -9.38775460e-02 1.33906649e-01
 -1.24015250e-01 1.27368285e-01
 -2.27878193e-01 1.21483313e-01
 -2.03365332e-01 1.16178278e-01
 -2.96627693e-01 1.11390202e-01
 -2.66368133e-01 1.07064867e-01
 -3.69650252e-01 1.03155430e-01
 -3.52886156e-01 9.96212829e-02
 -3.31538358e-01 9.64271136e-02
 -4.09039525e-01 9.35421333e-02
 -5.26315822e-01 9.09394328e-02
 -6.38080527e-01 8.85954459e-02
 -5.16287957e-01 8.64895000e-02
 -6.97861044e-01 8.46034375e-02
 -5.98305944e-01 8.29212979e-02
 -6.52121434e-01 8.14290477e-02
 -6.24240378e-01 8.01143512e-02
 -7.58504107e-01 7.89663767e-02
 -7.61031762e-01 7.79756305e-02
 -8.09758854e-01 7.71338159e-02
 -7.65119808e-01 7.64337126e-02
 -8.00315196e-01 7.58690746e-02
 -8.85449028e-01 7.54345427e-02
 -7.58586144e-01 7.51255704e-02
 -9.23762042e-01 7.49383621e-02
 -9.56035330e-01 7.48698203e-02
 -9.57527285e-01 7.49175032e-02
 -1.08101774e+00 7.50795889e-02
 -9.89719576e-01 7.53548485e-02
 -1.11240942e+00 7.57426246e-02
 -1.04376592e+00 7.62428170e-02
 -1.04304029e+00 7.68558739e-02
 -1.03510006e+00 7.75827893e-02
 -1.11691212e+00 7.84251051e-02
 -1.32688564e+00 7.93849195e-02
 -1.20998754e+00 8.04649012e-02
 -1.29616767e+00 8.16683087e-02
 -1.25827460e+00 8.29990161e-02
 -1.33318601e+00 8.44615455e-02
 -1.32656185e+00 8.60611059e-02
 -1.34989624e+00 8.78036401e-02
 -1.38144637e+00 8.96958800e-02
 -1.40395848e+00 9.17454105e-02
 -1.44680699e+00 9.39607448e-02
 -1.54749271e+00 9.63514106e-02
 -1.49814186e+00 9.89280501e-02
 -1.50783396e+00 1.01702535e-01
 -1.60446567e+00 1.04688100e-01
 -1.54685593e+00 1.07899495e-01
 -1.70975571e+00 1.11353159e-01
 -1.72080152e+00 1.15067430e-01
 -1.76999094e+00 1.19062774e-01
 -1.80630839e+00 1.23362062e-01
 -1.83587860e+00 1.27990886e-01
 -1.92947532e+00 1.32977928e-01
 -1.98513146e+00 1.38355393e-01
 -1.99873506e+00 1.44159511e-01
 -2.00981206e+00 1.50431135e-01
 -2.07357223e+00 1.57216442e-01
 -2.09634819e+00 1.64567759e-01
 -2.20457708e+00 1.72544550e-01
 -2.27790215e+00 1.81214597e-01
 -2.29341804e+00 1.90655405e-01
 -2.42293635e+00 2.00955907e-01
 -2.47191338e+00 2.12218514e-01
 -2.52783626e+00 2.24561624e-01
 -2.58092829e+00 2.38122680e-01
 -2.76079541e+00 2.53061936e-01
 -2.83955497e+00 2.69567125e-01
 -2.91551526e+00 2.87859270e-01
 -3.00994289e+00 3.08199982e-01
 -3.08692137e+00 3.30900688e-01
 -3.36137971e+00 3.56334388e-01
 -3.43056718e+00 3.84950775e-01
 -3.58155750e+00 4.17295838e-01
 -3.72866231e+00 4.54037542e-01
 -3.79535025e+00 4.95999810e-01
 -4.05030459e+00 5.44208013e-01
 -4.26916246e+00 5.99950580e-01
 -4.48331947e+00 6.64863577e-01
 -4.65190722e+00 7.41048443e-01
 -4.97941384e+00 8.31238443e-01
 -5.19563062e+00 9.39037966e-01
 -5.62884020e+00 1.06927286e+00
 -6.12250657e+00 1.22851359e+00
 -6.43622941e+00 1.42587352e+00
 -6.97151092e+00 1.67425558e+00
 -7.55738133e+00 1.99234849e+00
 -8.22863048e+00 2.40790745e+00
 -8.97965150e+00 2.96328869e+00
 -9.92829631e+00 3.72500503e+00
 -1.08643437e+01 4.80044585e+00
 -1.21773735e+01 6.36669455e+00
 -1.34905585e+01 8.71527353e+00
 -1.44502411e+01 1.22918938e+01
 -1.42367080e+01 1.75681845e+01
 -1.09345766e+01 2.41259738e+01
 -2.53646338e+00 2.86197663e+01
 7.19561049e+00 2.67429557e+01
 1.28288278e+01 2.04933938e+01
 1.40779665e+01 1.44644376e+01
 1.34857395e+01 1.01638433e+01
 1.22746856e+01 7.32456960e+00
 1.10304064e+01 5.44909724e+00
 9.84530700e+00 4.17858298e+00
 8.84213659e+00 3.29083434e+00
 8.09687335e+00 2.65156501e+00
 7.39962744e+00 2.17848422e+00
 6.57090418e+00 1.81984430e+00
 6.04832090e+00 1.54215951e+00
 5.67201206e+00 1.32314711e+00
 5.33846005e+00 1.14758816e+00
 4.98709334e+00 1.00483819e+00
 4.59440605e+00 8.87290314e-01
 4.23958720e+00 7.89401730e-01
 4.04926977e+00 7.07062207e-01
 3.87295331e+00 6.37175084e-01
 3.67498546e+00 5.77373528e-01
 3.40617395e+00 5.25824721e-01
 3.26087093e+00 4.81092340e-01
 3.08040405e+00 4.42038443e-01
 2.95341243e+00 4.07752411e-01
 2.78087304e+00 3.77498804e-01
 2.70399356e+00 3.50678591e-01
 2.66208604e+00 3.26800006e-01
 2.50494906e+00 3.05456392e-01
 2.34122143e+00 2.86309190e-01
 2.31448947e+00 2.69074757e-01
 2.13749808e+00 2.53514064e-01
 2.11055838e+00 2.39424571e-01
 2.04012145e+00 2.26633780e-01
 1.98150174e+00 2.14994074e-01
 1.84414871e+00 2.04378560e-01
 1.84371927e+00 1.94677705e-01
 1.65322628e+00 1.85796589e-01
 1.62055066e+00 1.77652653e-01
 1.58907882e+00 1.70173846e-01
 1.50303579e+00 1.63297085e-01
 1.50642021e+00 1.56966977e-01
 1.49645676e+00 1.51134750e-01
 1.37394353e+00 1.45757353e-01
 1.33095110e+00 1.40796699e-01
 1.27439000e+00 1.36219026e-01
 1.27701929e+00 1.31994352e-01
 1.18444120e+00 1.28096013e-01
 1.20128308e+00 1.24500262e-01
 1.13001665e+00 1.21185940e-01
 1.10998110e+00 1.18134174e-01
 1.03550383e+00 1.15328134e-01
 9.47423891e-01 1.12752816e-01
 9.67121919e-01 1.10394852e-01
 9.11153779e-01 1.08242356e-01
 7.84497211e-01 1.06284779e-01
 7.83821210e-01 1.04512794e-01
 7.77152247e-01 1.02918189e-01
 7.95270204e-01 1.01493785e-01
 6.96270550e-01 1.00233354e-01
 6.44963477e-01 9.91315603e-02
 6.50366034e-01 9.81839038e-02
 5.90836068e-01 9.73866785e-02
 5.92110345e-01 9.67369365e-02
 5.83399177e-01 9.62324610e-02
 4.69975025e-01 9.58717467e-02
 4.73898622e-01 9.56539882e-02
 4.06917894e-01 9.55790744e-02
 5.19476662e-01 9.56475913e-02
 4.01111949e-01 9.58608310e-02
 3.39656898e-01 9.62208083e-02
 2.37470620e-01 9.67302853e-02
 2.58473809e-01 9.73928039e-02
 1.56011764e-01 9.82127269e-02
 1.56988827e-01 9.91952888e-02
 1.62638051e-01 1.00346658e-01
 1.35214000e-01 1.01674008e-01
 1.16940987e-01 1.03185608e-01
 5.52827392e-02 1.04890919e-01
 -1.15888440e-03 1.06800716e-01
 -3.90417842e-02 1.08927227e-01
 -8.48170751e-03 1.11284293e-01
 -9.72282591e-02 1.13887557e-01
 -1.66634351e-01 1.16754683e-01
 -1.95934020e-02 1.19905613e-01
 -3.12622268e-01 1.23362865e-01
 -2.89179693e-01 1.27151889e-01
 -3.81690598e-01 1.31301472e-01
 -2.94187288e-01 1.35844231e-01
 -4.39528936e-01 1.40817186e-01
 -4.87766318e-01 1.46262438e-01
 -5.63077186e-01 1.52227986e-01
 -5.39983371e-01 1.58768692e-01
 -6.27034362e-01 1.65947448e-01
 -6.74687516e-01 1.73836581e-01
 -7.84822846e-01 1.82519554e-01
 -7.60307391e-01 1.92093036e-01
 -9.53138005e-01 2.02669450e-01
 -9.18692466e-01 2.14380094e-01
 -9.78798938e-01 2.27379027e-01
 -1.06293906e+00 2.41847909e-01
 -1.15461029e+00 2.58002089e-01
 -1.24160945e+00 2.76098314e-01
 -1.40330552e+00 2.96444564e-01
 -1.45619507e+00 3.19412724e-01
 -1.63135339e+00 3.45455039e-01
 -1.69152338e+00 3.75125706e-01
 -1.80958311e+00 4.09109505e-01
 -1.99431299e+00 4.48260188e-01
 -2.17189739e+00 4.93652595e-01
 -2.20052020e+00 5.46654334e-01
 -2.51614454e+00 6.09025794e-01
 -2.69540403e+00 6.83061859e-01
 -2.97089791e+00 7.71796109e-01
 -3.18238367e+00 8.79300473e-01
 -3.54644873e+00 1.01113371e+00
 -3.90957189e+00 1.17502710e+00
 -4.28431844e+00 1.38195699e+00
 -4.73816762e+00 1.64786350e+00
 -5.34687378e+00 1.99647285e+00
 -5.86192446e+00 2.46404129e+00
 -6.55964282e+00 3.10747130e+00
 -7.39446794e+00 4.01822371e+00
 -8.29712383e+00 5.34516997e+00
 -9.22351316e+00 7.32543845e+00
 -9.66258086e+00 1.02901592e+01
 -9.03827545e+00 1.44679316e+01
 -5.57872373e+00 1.91061933e+01
 1.02323298e+00 2.13462558e+01
 7.55613654e+00 1.89980515e+01
 1.08918805e+01 1.43475077e+01
 1.15051286e+01 1.02027101e+01
 1.10081509e+01 7.26969463e+00
 1.01429606e+01 5.31059338e+00
 9.24188347e+00 3.99651863e+00
 8.45724895e+00 3.09341622e+00
 7.69844974e+00 2.45450477e+00
 7.10657197e+00 1.98957351e+00
 6.53254282e+00 1.64245002e+00
 6.05871835e+00 1.37730824e+00
 5.72929490e+00 1.17068055e+00
 5.38433166e+00 1.00678597e+00
 5.11422348e+00 8.74748252e-01
 4.75562744e+00 7.66900515e-01
 4.59064832e+00 6.77726168e-01
 4.46350822e+00 6.03181361e-01
 4.24546028e+00 5.40251462e-01
 4.06751063e+00 4.86654505e-01
 3.91487006e+00 4.40638966e-01
 3.72760278e+00 4.00843337e-01
 3.57787279e+00 3.66196960e-01
 3.49218511e+00 3.35848920e-01
 3.51208866e+00 3.09116314e-01
 3.29668973e+00 2.85446135e-01
 3.30976532e+00 2.64386820e-01
 3.08790019e+00 2.45566796e-01
 2.97551218e+00 2.28678115e-01
 2.96075663e+00 2.13463850e-01
 2.87326134e+00 1.99708307e-01
 2.85295799e+00 1.87229352e-01
 2.78655715e+00 1.75872344e-01
 2.65517590e+00 1.65505318e-01
 2.69830182e+00 1.56015108e-01
 2.63003983e+00 1.47304233e-01
 2.50060475e+00 1.39288361e-01
 2.49590761e+00 1.31894237e-01
 2.49181211e+00 1.25057984e-01
 2.43689480e+00 1.18723699e-01
 2.40487564e+00 1.12842288e-01
 2.31383861e+00 1.07370495e-01
 2.35215330e+00 1.02270086e-01
 2.29496897e+00 9.75071645e-02
 2.19312947e+00 9.30515961e-02
 2.21860420e+00 8.88765138e-02
 2.20661865e+00 8.49579021e-02
 2.10530408e+00 8.12742402e-02
 2.06284278e+00 7.78061953e-02
 2.12889561e+00 7.45363598e-02
 2.09428644e+00 7.14490239e-02
 2.03221000e+00 6.85299791e-02
 2.10962975e+00 6.57663470e-02
 1.98756144e+00 6.31464312e-02
 1.97462390e+00 6.06595871e-02
 1.94016982e+00 5.82961082e-02
 1.90518258e+00 5.60471265e-02
 1.96940296e+00 5.39045247e-02
 1.96013443e+00 5.18608586e-02
 1.86619657e+00 4.99092883e-02
 1.83445978e+00 4.80435179e-02
 1.77099370e+00 4.62577412e-02
 1.84302662e+00 4.45465934e-02
 1.81965126e+00 4.29051083e-02
 1.80912124e+00 4.13286793e-02
 1.87220573e+00 3.98130253e-02
 1.79041178e+00 3.83541588e-02
 1.82291740e+00 3.69483581e-02
 1.72375111e+00 3.55921413e-02
 1.73273051e+00 3.42822430e-02
 1.62387515e+00 3.30155930e-02
 1.72318407e+00 3.17892963e-02
 1.75227341e+00 3.06006150e-02
 1.70580503e+00 2.94469514e-02
 1.67953963e+00 2.83258320e-02
 1.76270933e+00 2.72348920e-02
 1.67941236e+00 2.61718616e-02
 1.66000223e+00 2.51345514e-02
 1.72820191e+00 2.41208393e-02
 1.65004100e+00 2.31286566e-02
 1.66056331e+00 2.21559746e-02
 1.75545242e+00 2.12007912e-02
 1.59246912e+00 2.02611158e-02
 1.63083714e+00 1.93349554e-02
 1.62562482e+00 1.84202977e-02
 1.64606618e+00 1.75150944e-02
 1.54869026e+00 1.66172422e-02
 1.57249908e+00 1.57245615e-02
 1.63999218e+00 1.48347729e-02
 1.62521431e+00 1.39454703e-02
 1.58780692e+00 1.30540895e-02
 1.61490368e+00 1.21578725e-02
 1.62527208e+00 1.12538249e-02
 1.57695593e+00 1.03386661e-02
 1.60614235e+00 9.40876939e-03
 1.58563027e+00 8.46009063e-03
 1.58713147e+00 7.48808134e-03
 1.56589694e+00 6.48758317e-03
 1.51150368e+00 5.45269817e-03
 1.70102638e+00 4.37662843e-03
 1.55155893e+00 3.25147610e-03
 1.56674134e+00 2.06799243e-03
 1.55962974e+00 8.15259874e-04
 1.52108507e+00 -5.19713699e-04
 1.55987980e+00 -1.95251777e-03
 1.49264242e+00 -3.50201906e-03
 1.54464057e+00 -5.19125453e-03
 1.64128140e+00 -7.04861724e-03
 1.53539050e+00 -9.10944899e-03
 1.58370338e+00 -1.14182062e-02
 1.53256997e+00 -1.40314445e-02
 1.60981878e+00 -1.70219919e-02
 1.57011304e+00 -2.04848735e-02
 1.60592938e+00 -2.45458682e-02
 1.65829526e+00 -2.93740902e-02
 1.63566648e+00 -3.52008571e-02
 1.64745640e+00 -4.23485859e-02
 1.65352294e+00 -5.12760401e-02
 1.63871567e+00 -6.26508326e-02
 1.70227995e+00 -7.74682549e-02
 1.66326699e+00 -9.72498892e-02
 1.69632783e+00 -1.24379097e-01
 1.75171986e+00 -1.62660091e-01
 1.78998921e+00 -2.18175128e-01
 1.88413886e+00 -3.00189030e-01
 1.82313681e+00 -4.20038702e-01
 1.78978118e+00 -5.79492910e-01
 1.57656509e+00 -7.33974407e-01
 1.36313529e+00 -7.75631470e-01
 1.12514035e+00 -6.64508295e-01
 1.12608107e+00 -4.98121138e-01
 1.13566992e+00 -3.57896206e-01
 1.09602289e+00 -2.59141321e-01
