 NaN NaN
 7.57520129e+01 4.66118423e+00
 3.87337137e+01 1.71936238e+00
 2.61045864e+01 9.52897097e-01
 1.97578177e+01 6.25276105e-01
 1.58550776e+01 4.50329887e-01
 1.32407154e+01 3.44069936e-01
 1.14095994e+01 2.73840027e-01
 9.97874801e+00 2.24560869e-01
 8.92512432e+00 1.88402487e-01
 8.06642240e+00 1.60935464e-01
 7.29045879e+00 1.39484483e-01
 6.78205440e+00 1.22347803e-01
 6.29336196e+00 1.08396518e-01
 5.85616085e+00 9.68552015e-02
 5.45442343e+00 8.71753827e-02
 5.13129648e+00 7.89592794e-02
 4.84860743e+00 7.19120829e-02
 4.57462585e+00 6.58111299e-02
 4.43399396e+00 6.04854217e-02
 4.15048703e+00 5.58016779e-02
 4.02366813e+00 5.16546326e-02
 3.86859035e+00 4.79601492e-02
 3.60788011e+00 4.46502500e-02
 3.53019245e+00 4.16694712e-02
 3.39089855e+00 3.89721508e-02
 3.32440336e+00 3.65203851e-02
 3.19377071e+00 3.42824701e-02
 3.05756279e+00 3.22316993e-02
 2.97529101e+00 3.03454280e-02
 2.88678303e+00 2.86043370e-02
 2.87092126e+00 2.69918489e-02
 2.67658609e+00 2.54936616e-02
 2.81465792e+00 2.40973719e-02
 2.65466027e+00 2.27921707e-02
 2.58669792e+00 2.15685940e-02
 2.55567681e+00 2.04183177e-02
 2.46416440e+00 1.93339882e-02
 2.39045172e+00 1.83090820e-02
 2.47894724e+00 1.73377874e-02
 2.33197359e+00 1.64149058e-02
 2.28274763e+00 1.55357676e-02
 2.29239877e+00 1.46961620e-02
 2.16931120e+00 1.38922754e-02
 2.19126387e+00 1.31206402e-02
 2.11978514e+00 1.23780895e-02
 2.14191656e+00 1.16617186e-02
 2.15674290e+00 1.09688515e-02
 2.09453729e+00 1.02970108e-02
 2.05129118e+00 9.64389217e-03
 2.00116991e+00 9.00734147e-03
 2.01467082e+00 8.38533401e-03
 2.05343984e+00 7.77595642e-03
 2.08651202e+00 7.17739007e-03
 1.99997295e+00 6.58789598e-03
 2.00967763e+00 6.00580102e-03
 2.02029501e+00 5.42948510e-03
 1.93294103e+00 4.85736907e-03
 1.94570624e+00 4.28790337e-03
 1.96808310e+00 3.71955712e-03
 2.02034462e+00 3.15080741e-03
 1.96668367e+00 2.58012894e-03
 1.92626205e+00 2.00598355e-03
 1.88997443e+00 1.42680969e-03
 1.94882438e+00 8.41011672e-04
 1.90867470e+00 2.46948530e-04
 1.87269324e+00 -3.57077673e-04
 1.93740608e+00 -9.72834197e-04
 1.93151583e+00 -1.60217084e-03
 1.98966334e+00 -2.24703421e-03
 1.82607517e+00 -2.90948323e-03
 1.96307774e+00 -3.59170614e-03
 1.93790539e+00 -4.29603930e-03
 1.94497541e+00 -5.02498798e-03
 1.93641142e+00 -5.78124963e-03
 2.02773463e+00 -6.56774000e-03
 2.02051437e+00 -7.38762253e-03
 1.98793907e+00 -8.24434166e-03
 1.98723466e+00 -9.14166068e-03
 1.97923565e+00 -1.00837050e-02
 2.06926000e+00 -1.10750115e-02
 2.07749743e+00 -1.21205857e-02
 2.10806658e+00 -1.32259672e-02
 2.17661145e+00 -1.43973059e-02
 2.11917870e+00 -1.56414508e-02
 2.18824321e+00 -1.69660525e-02
 2.21975915e+00 -1.83796851e-02
 2.22602603e+00 -1.98919878e-02
 2.25316953e+00 -2.15138334e-02
 2.25030521e+00 -2.32575275e-02
 2.41806218e+00 -2.51370456e-02
 2.37283631e+00 -2.71683178e-02
 2.54453185e+00 -2.93695700e-02
 2.53273781e+00 -3.17617366e-02
 2.46794193e+00 -3.43689625e-02
 2.53590577e+00 -3.72192151e-02
 2.69402056e+00 -4.03450381e-02
 2.66698014e+00 -4.37844818e-02
 2.81893521e+00 -4.75822628e-02
 2.82431499e+00 -5.17912171e-02
 2.92109265e+00 -5.64741353e-02
 2.96286195e+00 -6.17061007e-02
 3.09706603e+00 -6.75774914e-02
 3.25206070e+00 -7.41978722e-02
 3.43155912e+00 -8.17010910e-02
 3.52334474e+00 -9.02520235e-02
 3.66202470e+00 -1.00055606e-01
 3.79624530e+00 -1.11369084e-01
 3.88604254e+00 -1.24518858e-01
 4.11916075e+00 -1.39924001e-01
 4.32764636e+00 -1.58129650e-01
 4.63794427e+00 -1.79855293e-01
 4.87795418e+00 -2.06066058e-01
 5.20032957e+00 -2.38080404e-01
 5.54776337e+00 -2.77737088e-01
 5.95406332e+00 -3.27661748e-01
 6.44736624e+00 -3.91707173e-01
 7.09213779e+00 -4.75709350e-01
 7.84533112e+00 -5.88846494e-01
 8.68358766e+00 -7.46218269e-01
 9.91060680e+00 -9.74072191e-01
 1.14148664e+01 -1.32128466e+00
 1.35877242e+01 -1.88728929e+00
 1.65309826e+01 -2.89967098e+00
 2.13632257e+01 -4.97226199e+00
 2.96063319e+01 -1.02110321e+01
 4.36715289e+01 -2.88109594e+01
 1.39515188e+01 -9.18067113e+01
 -4.57374587e+01 -3.84762851e+01
 -3.16470978e+01 -1.25687524e+01
 -2.23281406e+01 -5.84036705e+00
 -1.70473905e+01 -3.32632593e+00
 -1.37294790e+01 -2.13902077e+00
 -1.14443257e+01 -1.48898927e+00
 -9.80027024e+00 -1.09562948e+00
 -8.65061198e+00 -8.39828147e-01
 -7.61445821e+00 -6.64229000e-01
 -6.80954751e+00 -5.38496812e-01
 -6.22378748e+00 -4.45381513e-01
 -5.71247701e+00 -3.74491623e-01
 -5.28646534e+00 -3.19266250e-01
 -4.92509833e+00 -2.75398282e-01
 -4.63508974e+00 -2.39965594e-01
 -4.32839099e+00 -2.10929127e-01
 -4.00148835e+00 -1.86830979e-01
 -3.81416939e+00 -1.66606376e-01
 -3.54835753e+00 -1.49462963e-01
 -3.51015248e+00 -1.34801223e-01
 -3.24181418e+00 -1.22160751e-01
 -3.23275048e+00 -1.11183220e-01
 -3.05621850e+00 -1.01586358e-01
 -2.86223722e+00 -9.31453482e-02
 -2.71879696e+00 -8.56793345e-02
 -2.74444588e+00 -7.90414787e-02
 -2.60061039e+00 -7.31115517e-02
 -2.53592687e+00 -6.77903392e-02
 -2.42468661e+00 -6.29953740e-02
 -2.41453848e+00 -5.86576465e-02
 -2.34916952e+00 -5.47190449e-02
 -2.18499536e+00 -5.11303464e-02
 -2.25994113e+00 -4.78496268e-02
 -2.15181896e+00 -4.48409931e-02
 -1.98753885e+00 -4.20735646e-02
 -1.99109107e+00 -3.95206502e-02
 -1.93812821e+00 -3.71590775e-02
 -1.96920094e+00 -3.49686447e-02
 -1.87563398e+00 -3.29316688e-02
 -1.83907482e+00 -3.10326117e-02
 -1.71226678e+00 -2.92577693e-02
 -1.80979752e+00 -2.75950112e-02
 -1.78975486e+00 -2.60335622e-02
 -1.68180782e+00 -2.45638182e-02
 -1.57705911e+00 -2.31771895e-02
 -1.66598084e+00 -2.18659684e-02
 -1.59351733e+00 -2.06232148e-02
 -1.60558952e+00 -1.94426596e-02
 -1.47418378e+00 -1.83186196e-02
 -1.46995744e+00 -1.72459257e-02
 -1.53717204e+00 -1.62198593e-02
 -1.44073653e+00 -1.52360974e-02
 -1.46996409e+00 -1.42906643e-02
 -1.52798332e+00 -1.33798892e-02
 -1.48858749e+00 -1.25003686e-02
 -1.48034578e+00 -1.16489330e-02
 -1.45540151e+00 -1.08226171e-02
 -1.50803305e+00 -1.00186331e-02
 -1.39972963e+00 -9.23434631e-03
 -1.39326419e+00 -8.46725290e-03
 -1.45794856e+00 -7.71495983e-03
 -1.46610479e+00 -6.97516575e-03
 -1.29306461e+00 -6.24564336e-03
 -1.35731445e+00 -5.52422259e-03
 -1.28265920e+00 -4.80877448e-03
 -1.31879877e+00 -4.09719552e-03
 -1.33760821e+00 -3.38739220e-03
 -1.37162668e+00 -2.67726567e-03
 -1.42983147e+00 -1.96469609e-03
 -1.33940481e+00 -1.24752668e-03
 -1.30203914e+00 -5.23547111e-04
 -1.33540580e+00 2.09524015e-04
 -1.38175418e+00 9.54057788e-04
 -1.27676985e+00 1.71253506e-03
 -1.30192139e+00 2.48756829e-03
 -1.36571396e+00 3.28192552e-03
 -1.37980604e+00 4.09855695e-03
 -1.37994054e+00 4.94062452e-03
 -1.36759145e+00 5.81153525e-03
 -1.33142114e+00 6.71497883e-03
 -1.47395836e+00 7.65497040e-03
 -1.46807057e+00 8.63589947e-03
 -1.38029753e+00 9.66258612e-03
 -1.41739904e+00 1.07403458e-02
 -1.56375348e+00 1.18750648e-02
 -1.39005050e+00 1.30732874e-02
 -1.40567417e+00 1.43423191e-02
 -1.38039172e+00 1.56903466e-02
 -1.48314968e+00 1.71265808e-02
 -1.46821572e+00 1.86614251e-02
 -1.46995572e+00 2.03066773e-02
 -1.60743348e+00 2.20757705e-02
 -1.59656982e+00 2.39840632e-02
 -1.63931550e+00 2.60491912e-02
 -1.58597324e+00 2.82914942e-02
 -1.56245163e+00 3.07345396e-02
 -1.65830381e+00 3.34057664e-02
 -1.69367824e+00 3.63372833e-02
 -1.71553521e+00 3.95668651e-02
 -1.82708275e+00 4.31392041e-02
 -1.86125295e+00 4.71074965e-02
 -1.94564548e+00 5.15354671e-02
 -1.94438781e+00 5.64999794e-02
 -2.02683168e+00 6.20944301e-02
 -2.12545831e+00 6.84332110e-02
 -2.15374602e+00 7.56576389e-02
 -2.32619461e+00 8.39439308e-02
 -2.29976202e+00 9.35140733e-02
 -2.39434049e+00 1.04650847e-01
 -2.54244871e+00 1.17718927e-01
 -2.73506213e+00 1.33195027e-01
 -2.78797390e+00 1.51711805e-01
 -2.92459498e+00 1.74123174e-01
 -3.11165614e+00 2.01603832e-01
 -3.27031872e+00 2.35805034e-01
 -3.54553490e+00 2.79106022e-01
 -3.92719166e+00 3.35034306e-01
 -4.26278314e+00 4.08997355e-01
 -4.64160317e+00 5.09618555e-01
 -5.19028688e+00 6.51318147e-01
 -5.86997081e+00 8.59650303e-01
 -6.83248423e+00 1.18329825e+00
 -8.06203864e+00 1.72398407e+00
 -9.87872725e+00 2.72151464e+00
 -1.27101340e+01 4.83864993e+00
 -1.66621380e+01 1.02862577e+01
 -1.66943718e+01 2.58753812e+01
 1.02059046e+01 3.26926393e+01
 1.71780247e+01 1.37489152e+01
 1.30700762e+01 6.06678887e+00
 1.00250186e+01 3.26065720e+00
 7.96055683e+00 2.00743740e+00
 6.45496002e+00 1.35298122e+00
 5.48495096e+00 9.71341639e-01
 4.74630012e+00 7.30297725e-01
 4.25387376e+00 5.68661543e-01
 3.67333011e+00 4.55130585e-01
 3.41211820e+00 3.72392678e-01
 3.10456885e+00 3.10260081e-01
 2.76493683e+00 2.62427276e-01
 2.52536717e+00 2.24825030e-01
 2.44681766e+00 1.94733338e-01
 2.21411583e+00 1.70278755e-01
 2.07667277e+00 1.50137145e-01
 1.92016359e+00 1.33351315e-01
 1.86642776e+00 1.19215507e-01
 1.76671527e+00 1.07200161e-01
 1.68621504e+00 9.69016654e-02
 1.58308064e+00 8.80080682e-02
 1.47506104e+00 8.02751904e-02
 1.36555780e+00 7.35097005e-02
 1.38793452e+00 6.75569196e-02
 1.21158911e+00 6.22919074e-02
 1.23538039e+00 5.76128557e-02
 1.15951662e+00 5.34361340e-02
 1.09523713e+00 4.96925291e-02
 1.11082974e+00 4.63243631e-02
 1.00099157e+00 4.32832604e-02
 1.04682328e+00 4.05284047e-02
 8.84203820e-01 3.80251644e-02
 9.40543937e-01 3.57440019e-02
 8.97044963e-01 3.36596003e-02
 8.72120714e-01 3.17501605e-02
 7.85376639e-01 2.99968311e-02
 8.30890716e-01 2.83832429e-02
 8.44061470e-01 2.68951279e-02
 7.72235127e-01 2.55200041e-02
 7.35321703e-01 2.42469145e-02
 7.67829646e-01 2.30662098e-02
 6.83268558e-01 2.19693659e-02
 6.03629182e-01 2.09488314e-02
 6.54093956e-01 1.99978979e-02
 6.25030802e-01 1.91105904e-02
 6.62844691e-01 1.82815745e-02
 6.26869860e-01 1.75060765e-02
 5.89756413e-01 1.67798151e-02
 4.87581849e-01 1.60989431e-02
 5.24783569e-01 1.54599968e-02
 5.71550626e-01 1.48598523e-02
 4.85935318e-01 1.42956873e-02
 5.55504406e-01 1.37649490e-02
 5.23100973e-01 1.32653245e-02
 4.54554262e-01 1.27947166e-02
 4.80285476e-01 1.23512213e-02
 5.10852776e-01 1.19331092e-02
 4.85876530e-01 1.15388082e-02
 4.58069188e-01 1.11668891e-02
 5.71495831e-01 1.08160526e-02
 4.13684006e-01 1.04851176e-02
 5.15908549e-01 1.01730119e-02
 4.41316183e-01 9.87876262e-03
 3.60950563e-01 9.60148919e-03
 2.95490759e-01 9.34039637e-03
 3.74579769e-01 9.09476854e-03
 3.66158544e-01 8.86396474e-03
 3.02244223e-01 8.64741444e-03
 3.67422957e-01 8.44461400e-03
 4.16380780e-01 8.25512381e-03
 3.93506660e-01 8.07856602e-03
 3.56704699e-01 7.91462290e-03
 3.19705077e-01 7.76303581e-03
 4.20635700e-01 7.62360471e-03
 3.08965140e-01 7.49618836e-03
 3.88673427e-01 7.38070511e-03
 3.25576827e-01 7.27713439e-03
 3.18204075e-01 7.18551890e-03
 3.72545447e-01 7.10596763e-03
 2.81534043e-01 7.03865978e-03
 3.64915500e-01 6.98384963e-03
 3.71285316e-01 6.94187259e-03
 2.26299314e-01 6.91315253e-03
 2.91007236e-01 6.89821068e-03
 2.72301116e-01 6.89767627e-03
 2.66750870e-01 6.91229926e-03
 2.49154488e-01 6.94296563e-03
 2.82934782e-01 6.99071561e-03
 2.07121054e-01 7.05676551e-03
 1.18204975e-01 7.14253396e-03
 2.26731911e-01 7.24967341e-03
 2.68082379e-01 7.38010818e-03
 1.74332702e-01 7.53608051e-03
 2.46938987e-01 7.72020666e-03
 2.30077924e-01 7.93554538e-03
 2.38690467e-01 8.18568214e-03
 1.11269522e-01 8.47483317e-03
 1.79475162e-01 8.80797482e-03
 1.50428982e-01 9.19100556e-03
 1.91950838e-01 9.63095016e-03
 1.62818533e-01 1.01362191e-02
 1.85790557e-01 1.07169412e-02
 1.84156625e-01 1.13853929e-02
 2.24582041e-01 1.21565594e-02
 1.35579484e-01 1.30488743e-02
 1.74058429e-01 1.40852063e-02
 1.64266673e-01 1.52941916e-02
 2.11782051e-03 1.67120571e-02
 1.14893083e-01 1.83851532e-02
 9.68140464e-02 2.03735274e-02
 -9.70483677e-03 2.27560583e-02
 6.54338302e-02 2.56379769e-02
 -3.60089463e-03 2.91621290e-02
 -1.03746915e-01 3.35262596e-02
 -7.45476767e-02 3.90102825e-02
 -1.39853305e-01 4.60206801e-02
 -1.34861314e-01 5.51654478e-02
 -1.83697248e-01 6.73859882e-02
 -1.90932631e-01 8.42008194e-02
 -2.43892902e-01 1.08182585e-01
 -3.64694532e-01 1.43958174e-01
 -4.81012583e-01 2.00486903e-01
 -6.07798791e-01 2.96795946e-01
 -9.09834946e-01 4.78204376e-01
 -1.14022431e+00 8.67457813e-01
 -1.41371634e+00 1.80809013e+00
 -4.10152116e-01 3.44192066e+00
 1.85693084e+00 2.74914491e+00
 1.99578091e+00 1.29606020e+00
 1.74322506e+00 6.60745356e-01
 1.42805773e+00 3.86144424e-01
 1.19266993e+00 2.49882172e-01
 1.16041186e+00 1.73821221e-01
 9.97871618e-01 1.27419651e-01
 8.28489297e-01 9.71419445e-02
 9.02846021e-01 7.63280738e-02
 9.01318771e-01 6.14152299e-02
 8.87406066e-01 5.03650782e-02
 7.17569794e-01 4.19458904e-02
 7.69799049e-01 3.53789061e-02
 7.60961163e-01 3.01527007e-02
 6.69740025e-01 2.59203952e-02
 6.90908215e-01 2.24400933e-02
 6.87230323e-01 1.95389894e-02
 5.65646443e-01 1.70909956e-02
 6.18946959e-01 1.50023746e-02
 5.25089282e-01 1.32022676e-02
 5.87154173e-01 1.16363039e-02
 5.99119689e-01 1.02621962e-02
 6.78877795e-01 9.04664969e-03
 6.14332129e-01 7.96315315e-03
 5.52321070e-01 6.99037832e-03
 5.66634375e-01 6.11100178e-03
 4.46847300e-01 5.31082729e-03
 4.47797601e-01 4.57812400e-03
 6.58446430e-01 3.90312187e-03
 6.25624548e-01 3.27762296e-03
 5.10733367e-01 2.69469925e-03
 5.12075556e-01 2.14845544e-03
 5.62758116e-01 1.63384137e-03
 5.53463378e-01 1.14650236e-03
 5.61456707e-01 6.82659028e-04
 4.88828297e-01 2.39009981e-04
 5.66125252e-01 -1.87347459e-04
 5.75263967e-01 -5.98982276e-04
 5.24536395e-01 -9.98183455e-04
 5.34463278e-01 -1.38700460e-03
 5.69984253e-01 -1.76730124e-03
 6.04305202e-01 -2.14076227e-03
 6.18817512e-01 -2.50893657e-03
 4.91658653e-01 -2.87325572e-03
 5.79171258e-01 -3.23505357e-03
 4.91707909e-01 -3.59558315e-03
 5.94118193e-01 -3.95603154e-03
 6.81845383e-01 -4.31753285e-03
 5.86189385e-01 -4.68117994e-03
 6.23127667e-01 -5.04803490e-03
 6.16966016e-01 -5.41913859e-03
 5.47383222e-01 -5.79551951e-03
 6.35715335e-01 -6.17820209e-03
 5.10022879e-01 -6.56821451e-03
 6.67044301e-01 -6.96659631e-03
 5.36223482e-01 -7.37440580e-03
 5.98866674e-01 -7.79272738e-03
 5.98665352e-01 -8.22267897e-03
 6.02707682e-01 -8.66541953e-03
 6.61729573e-01 -9.12215686e-03
 6.25550982e-01 -9.59415573e-03
 6.53699131e-01 -1.00827464e-02
 5.62205920e-01 -1.05893340e-02
 7.11564877e-01 -1.11154080e-02
 5.66003157e-01 -1.16625531e-02
 6.89599393e-01 -1.22324607e-02
 7.15016010e-01 -1.28269416e-02
 7.00076216e-01 -1.34479399e-02
 6.46874115e-01 -1.40975487e-02
 7.63123140e-01 -1.47780268e-02
 6.97247792e-01 -1.54918182e-02
 7.59405027e-01 -1.62415733e-02
 7.30199586e-01 -1.70301730e-02
 7.91216940e-01 -1.78607557e-02
 6.56745128e-01 -1.87367479e-02
 7.94830164e-01 -1.96618986e-02
 7.39509770e-01 -2.06403188e-02
 7.93119992e-01 -2.16765265e-02
 8.07783023e-01 -2.27754971e-02
 7.88718968e-01 -2.39427230e-02
 9.02307609e-01 -2.51842803e-02
 7.81355183e-01 -2.65069070e-02
 9.08937213e-01 -2.79180924e-02
 8.13543730e-01 -2.94261819e-02
 8.41748224e-01 -3.10404981e-02
 9.97039471e-01 -3.27714829e-02
 8.83271727e-01 -3.46308633e-02
 9.75814073e-01 -3.66318477e-02
 1.04512047e+00 -3.87893567e-02
 1.03784776e+00 -4.11202975e-02
 1.04174112e+00 -4.36438904e-02
 1.16702857e+00 -4.63820602e-02
 1.10784217e+00 -4.93599058e-02
 1.21860226e+00 -5.26062689e-02
 1.17320976e+00 -5.61544233e-02
 1.18358789e+00 -6.00429184e-02
 1.29781063e+00 -6.43166147e-02
 1.30680491e+00 -6.90279643e-02
 1.40416930e+00 -7.42386045e-02
 1.37671362e+00 -8.00213550e-02
 1.53160539e+00 -8.64627404e-02
 1.59644307e+00 -9.36662009e-02
 1.67639757e+00 -1.01756214e-01
 1.78565435e+00 -1.10883635e-01
 1.81129680e+00 -1.21232689e-01
 1.88788161e+00 -1.33030214e-01
 2.09812494e+00 -1.46558033e-01
 2.07197651e+00 -1.62169718e-01
 2.20821240e+00 -1.80313619e-01
 2.26539053e+00 -2.01564971e-01
 2.50619347e+00 -2.26671416e-01
 2.59957927e+00 -2.56618700e-01
 2.80924867e+00 -2.92727435e-01
 3.01378694e+00 -3.36798829e-01
 3.22772908e+00 -3.91339733e-01
 3.57700025e+00 -4.59920170e-01
 3.92617853e+00 -5.47759848e-01
 4.26096821e+00 -6.62726370e-01
 4.76958869e+00 -8.17107662e-01
 5.36236045e+00 -1.03091815e+00
 6.10629302e+00 -1.33843242e+00
 6.99110527e+00 -1.80200428e+00
 8.27056244e+00 -2.54370996e+00
 9.82396497e+00 -3.82456855e+00
 1.21907842e+01 -6.26001447e+00
 1.46308122e+01 -1.13937438e+01
 1.37167709e+01 -2.20376703e+01
 -1.50667477e+00 -3.08252399e+01
 -1.48449054e+01 -2.04667529e+01
 -1.49166101e+01 -1.05745997e+01
 -1.23555968e+01 -5.89870618e+00
 -1.02472657e+01 -3.65292685e+00
 -8.67111137e+00 -2.45527835e+00
 -7.36082331e+00 -1.75371860e+00
 -6.42458082e+00 -1.31115939e+00
 -5.83214394e+00 -1.01535712e+00
 -5.28350746e+00 -8.08384028e-01
 -4.81088504e+00 -6.58123384e-01
 -4.38040963e+00 -5.45685640e-01
 -4.04529242e+00 -4.59402899e-01
 -3.88795519e+00 -3.91765638e-01
 -3.53162288e+00 -3.37769221e-01
 -3.28187139e+00 -2.93977161e-01
 -3.13150347e+00 -2.57967892e-01
 -3.06591367e+00 -2.27995996e-01
 -2.91771815e+00 -2.02778105e-01
 -2.78573365e+00 -1.81353769e-01
 -2.74188716e+00 -1.62992772e-01
 -2.61749451e+00 -1.47132018e-01
 -2.42836732e+00 -1.33331690e-01
 -2.30931505e+00 -1.21244244e-01
 -2.23859331e+00 -1.10592124e-01
 -2.21169311e+00 -1.01151505e-01
 -2.14034739e+00 -9.27402722e-02
 -2.02130131e+00 -8.52090228e-02
 -2.02483440e+00 -7.84342481e-02
 -2.10724496e+00 -7.23131176e-02
 -1.93797915e+00 -6.67594468e-02
 -1.90332260e+00 -6.17005517e-02
 -1.82201682e+00 -5.70747743e-02
 -1.92202493e+00 -5.28295201e-02
 -1.82394370e+00 -4.89196904e-02
 -1.77261530e+00 -4.53064204e-02
 -1.77755113e+00 -4.19560576e-02
 -1.76168174e+00 -3.88393288e-02
 -1.68823827e+00 -3.59306571e-02
 -1.70421135e+00 -3.32075989e-02
 -1.66454816e+00 -3.06503771e-02
 -1.68703138e+00 -2.82414920e-02
 -1.53893171e+00 -2.59653951e-02
 -1.60011337e+00 -2.38082154e-02
 -1.56450547e+00 -2.17575272e-02
 -1.67633095e+00 -1.98021528e-02
 -1.58652367e+00 -1.79319950e-02
 -1.65117866e+00 -1.61378921e-02
 -1.41742967e+00 -1.44114945e-02
 -1.65297364e+00 -1.27451564e-02
 -1.53596427e+00 -1.11318426e-02
 -1.53542971e+00 -9.56504666e-03
 -1.52491265e+00 -8.03871870e-03
 -1.49161451e+00 -6.54720181e-03
 -1.56150083e+00 -5.08517520e-03
 -1.49630114e+00 -3.64760322e-03
 -1.42106817e+00 -2.22968925e-03
 -1.45858026e+00 -8.26833604e-04
 -1.54284348e+00 5.65405268e-04
 -1.53586639e+00 1.95134696e-03
 -1.41993895e+00 3.33522314e-03
 -1.57286109e+00 4.72121012e-03
 -1.64296693e+00 6.11346017e-03
 -1.55150329e+00 7.51613239e-03
 -1.58595342e+00 8.93342322e-03
 -1.56967321e+00 1.03695973e-02
 -1.56816159e+00 1.18290186e-02
 -1.45017386e+00 1.33161833e-02
 -1.63909457e+00 1.48357536e-02
 -1.61722408e+00 1.63925935e-02
 -1.62716766e+00 1.79918076e-02
 -1.56289415e+00 1.96387822e-02
 -1.62535792e+00 2.13392314e-02
 -1.62339657e+00 2.30992458e-02
 -1.57902217e+00 2.49253485e-02
 -1.72609412e+00 2.68245555e-02
 -1.72270662e+00 2.88044448e-02
 -1.71015015e+00 3.08732329e-02
 -1.59507516e+00 3.30398627e-02
 -1.75781154e+00 3.53141015e-02
 -1.71268573e+00 3.77066550e-02
 -1.74681857e+00 4.02292956e-02
 -1.79530909e+00 4.28950117e-02
 -1.90014275e+00 4.57181790e-02
 -1.84870607e+00 4.87147594e-02
 -1.92958884e+00 5.19025321e-02
 -1.98346810e+00 5.53013637e-02
 -1.93722128e+00 5.89335247e-02
 -2.04255606e+00 6.28240617e-02
 -2.18013225e+00 6.70012379e-02
 -2.04788380e+00 7.14970551e-02
 -2.21940781e+00 7.63478772e-02
 -2.20152902e+00 8.15951757e-02
 -2.18502027e+00 8.72864279e-02
 -2.28100664e+00 9.34762033e-02
 -2.32871694e+00 1.00227485e-01
 -2.42181631e+00 1.07613286e-01
 -2.47708556e+00 1.15718637e-01
 -2.49727403e+00 1.24643054e-01
 -2.70344430e+00 1.34503602e-01
 -2.76117918e+00 1.45438757e-01
 -2.87076332e+00 1.57613285e-01
 -2.88673141e+00 1.71224463e-01
 -2.88787416e+00 1.86510091e-01
 -3.17810949e+00 2.03758897e-01
 -3.17623859e+00 2.23324186e-01
 -3.40869046e+00 2.45641952e-01
 -3.62291291e+00 2.71255176e-01
 -3.73303457e+00 3.00846874e-01
 -3.88388085e+00 3.35285635e-01
 -4.11067569e+00 3.75689380e-01
 -4.38293609e+00 4.23516097e-01
 -4.60941177e+00 4.80695404e-01
 -4.94442020e+00 5.49823237e-01
 -5.39890599e+00 6.34456603e-01
 -5.66318198e+00 7.39571364e-01
 -6.16536919e+00 8.72293973e-01
 -6.65629457e+00 1.04310986e+00
 -7.39716739e+00 1.26793459e+00
 -8.20561857e+00 1.57181857e+00
 -9.09246579e+00 1.99590834e+00
 -1.04305447e+01 2.61129225e+00
 -1.19957484e+01 3.54839232e+00
 -1.40778057e+01 5.06400795e+00
 -1.67169035e+01 7.70510169e+00
 -2.00648574e+01 1.27159066e+01
 -2.22004436e+01 2.27529649e+01
 -1.44968734e+01 3.90110666e+01
 9.69323529e+00 4.23128037e+01
 2.19715284e+01 2.63788548e+01
 2.10100695e+01 1.46116474e+01
 1.78378001e+01 8.67917451e+00
 1.49606459e+01 5.60964309e+00
 1.27864678e+01 3.88179087e+00
 1.10339144e+01 2.83028485e+00
 9.76453960e+00 2.14837184e+00
 8.74054260e+00 1.68305252e+00
 7.88565759e+00 1.35223031e+00
 7.24947663e+00 1.10900924e+00
 6.56681352e+00 9.25151858e-01
 6.01707279e+00 7.82883477e-01
 5.70273581e+00 6.70585560e-01
 5.41409008e+00 5.80414395e-01
 5.03579358e+00 5.06924887e-01
 4.65793152e+00 4.46244052e-01
 4.55429312e+00 3.95557679e-01
 4.18856460e+00 3.52781907e-01
 4.10357092e+00 3.16347514e-01
 3.96947965e+00 2.85054879e-01
 3.69713425e+00 2.57974402e-01
 3.57426839e+00 2.34376814e-01
 3.43361279e+00 2.13683575e-01
 3.42941244e+00 1.95431009e-01
 3.16516196e+00 1.79243998e-01
 3.19283910e+00 1.64816440e-01
 3.02159003e+00 1.51896549e-01
 2.99287878e+00 1.40275682e-01
 2.86070300e+00 1.29779751e-01
 2.81122802e+00 1.20262561e-01
 2.69057101e+00 1.11600605e-01
 2.71878696e+00 1.03688945e-01
 2.56960192e+00 9.64379498e-02
 2.59709846e+00 8.97706693e-02
 2.46982801e+00 8.36207264e-02
 2.51508893e+00 7.79306008e-02
 2.39385652e+00 7.26502294e-02
 2.37928434e+00 6.77358554e-02
 2.39105109e+00 6.31490790e-02
 2.33343834e+00 5.88560679e-02
 2.27458801e+00 5.48268993e-02
 2.19503555e+00 5.10350080e-02
 2.32227826e+00 4.74567212e-02
 2.22494665e+00 4.40708650e-02
 2.10793571e+00 4.08584300e-02
 2.20132850e+00 3.78022856e-02
 2.05592744e+00 3.48869354e-02
 2.04256408e+00 3.20983061e-02
 2.13668338e+00 2.94235653e-02
 2.01030911e+00 2.68509629e-02
 2.08270010e+00 2.43696933e-02
 2.05708590e+00 2.19697734e-02
 1.95888046e+00 1.96419362e-02
 2.02057713e+00 1.73775357e-02
 2.03330509e+00 1.51684626e-02
 1.97158786e+00 1.30070677e-02
 1.91617019e+00 1.08860938e-02
 1.95849511e+00 8.79861255e-03
 2.06244424e+00 6.73796670e-03
 2.01730086e+00 4.69771660e-03
 1.98651303e+00 2.67158953e-03
 2.04205475e+00 6.53431776e-04
 1.97113522e+00 -1.36283765e-03
 2.03989759e+00 -3.38327211e-03
 2.00403305e+00 -5.41394193e-03
 1.95466198e+00 -7.46097918e-03
 2.00953939e+00 -9.53062309e-03
 2.05438319e+00 -1.16292669e-02
 1.91980773e+00 -1.37635066e-02
 2.11033870e+00 -1.59401926e-02
 2.04277204e+00 -1.81664847e-02
 2.04215597e+00 -2.04499115e-02
 2.10059801e+00 -2.27984348e-02
 2.13541625e+00 -2.52205205e-02
 2.07353706e+00 -2.77252174e-02
 2.08309835e+00 -3.03222439e-02
 2.14423918e+00 -3.30220864e-02
 2.06992092e+00 -3.58361095e-02
 2.08437062e+00 -3.87766804e-02
 2.16607744e+00 -4.18573119e-02
 2.18414763e+00 -4.50928248e-02
 2.19331430e+00 -4.84995347e-02
 2.20011120e+00 -5.20954674e-02
 2.23913573e+00 -5.59006094e-02
 2.27761975e+00 -5.99371974e-02
 2.32894069e+00 -6.42300581e-02
 2.39291260e+00 -6.88070059e-02
 2.39126103e+00 -7.36993113e-02
 2.50736083e+00 -7.89422548e-02
 2.50633852e+00 -8.45757849e-02
 2.57806619e+00 -9.06453037e-02
 2.64761066e+00 -9.72026082e-02
 2.62402441e+00 -1.04307025e-01
 2.81308237e+00 -1.12026785e-01
 2.76588008e+00 -1.20440695e-01
 2.91121608e+00 -1.29640193e-01
 2.95681121e+00 -1.39731869e-01
 2.95388235e+00 -1.50840603e-01
 3.05985108e+00 -1.63113479e-01
 3.13138633e+00 -1.76724709e-01
 3.23215250e+00 -1.91881873e-01
 3.42531541e+00 -2.08833903e-01
 3.52000730e+00 -2.27881372e-01
 3.64270854e+00 -2.49389895e-01
 3.77072276e+00 -2.73807750e-01
 3.93822315e+00 -3.01689327e-01
 4.09797656e+00 -3.33726675e-01
 4.31937635e+00 -3.70792531e-01
 4.52957464e+00 -4.13999833e-01
 4.95987011e+00 -4.64785309e-01
 5.09167787e+00 -5.25028921e-01
 5.29861139e+00 -5.97227753e-01
 5.66609088e+00 -6.84754496e-01
 6.01507055e+00 -7.92250663e-01
 6.51754381e+00 -9.26240474e-01
 7.04434571e+00 -1.09611754e+00
 7.73825709e+00 -1.31578378e+00
 8.47084237e+00 -1.60647545e+00
 9.38258490e+00 -2.00184808e+00
 1.04805903e+01 -2.55758064e+00
 1.17994102e+01 -3.37053744e+00
 1.36666011e+01 -4.61936057e+00
 1.59925528e+01 -6.65567820e+00
 1.86950111e+01 -1.02158411e+01
 2.15187915e+01 -1.68599947e+01
 2.12045164e+01 -2.90262357e+01
 7.71440506e+00 -4.30083533e+01
 -1.44810757e+01 -3.89531228e+01
 -2.20499135e+01 -2.39869659e+01
 -2.06099529e+01 -1.40263034e+01
 -1.76473096e+01 -8.73408238e+00
 -1.49373644e+01 -5.83740888e+00
 -1.28576879e+01 -4.13605442e+00
 -1.12898632e+01 -3.06796139e+00
 -9.94106474e+00 -2.35906022e+00
 -8.98408606e+00 -1.86668817e+00
 -8.04596290e+00 -1.51174765e+00
 -7.42987169e+00 -1.24788488e+00
 -6.85398260e+00 -1.04661308e+00
 -6.25636384e+00 -8.89700254e-01
 -5.84803626e+00 -7.65064015e-01
 -5.56319041e+00 -6.64452807e-01
 -5.16192645e+00 -5.82081903e-01
 -4.84905400e+00 -5.13801863e-01
 -4.64519713e+00 -4.56575409e-01
 -4.45881102e+00 -4.08139013e-01
 -4.14771701e+00 -3.66778470e-01
 -3.99296181e+00 -3.31176711e-01
 -3.90532539e+00 -3.00308519e-01
 -3.60628923e+00 -2.73366359e-01
 -3.46404119e+00 -2.49707260e-01
 -3.37682091e+00 -2.28814202e-01
 -3.22867926e+00 -2.10267658e-01
 -3.09355382e+00 -1.93724348e-01
 -3.17243649e+00 -1.78901201e-01
 -3.02669556e+00 -1.65563115e-01
 -2.96410330e+00 -1.53513514e-01
 -2.80656957e+00 -1.42587008e-01
 -2.74673458e+00 -1.32643629e-01
 -2.67364950e+00 -1.23564269e-01
 -2.54836384e+00 -1.15247045e-01
 -2.54862420e+00 -1.07604381e-01
 -2.42611860e+00 -1.00560649e-01
 -2.48626004e+00 -9.40502473e-02
 -2.34259175e+00 -8.80160332e-02
 -2.38655122e+00 -8.24080289e-02
 -2.33572154e+00 -7.71823535e-02
 -2.27474242e+00 -7.23003335e-02
 -2.27673396e+00 -6.77277598e-02
 -2.26164947e+00 -6.34342644e-02
 -2.16515002e+00 -5.93927941e-02
 -2.12930786e+00 -5.55791653e-02
 -2.12473998e+00 -5.19716843e-02
 -2.19832846e+00 -4.85508243e-02
 -2.02938335e+00 -4.52989470e-02
 -2.08074493e+00 -4.22000642e-02
 -2.09352371e+00 -3.92396303e-02
 -2.01286320e+00 -3.64043629e-02
 -1.95523828e+00 -3.36820865e-02
 -1.97673549e+00 -3.10615949e-02
 -1.84963928e+00 -2.85325307e-02
 -1.94665552e+00 -2.60852784e-02
 -1.89812985e+00 -2.37108695e-02
 -1.95284802e+00 -2.14008976e-02
 -1.80413913e+00 -1.91474419e-02
 -1.91234750e+00 -1.69429978e-02
 -1.90931106e+00 -1.47804137e-02
 -1.84452464e+00 -1.26528323e-02
 -1.86671271e+00 -1.05536367e-02
 -1.83060908e+00 -8.47639901e-03
 -1.91901289e+00 -6.41483150e-03
 -1.81985323e+00 -4.36274015e-03
 -1.92168926e+00 -2.31397866e-03
 -1.81901725e+00 -2.62403340e-04
 -1.80359924e+00 1.79817221e-03
 -1.86964783e+00 3.87402316e-03
 -1.83251337e+00 5.97156088e-03
 -1.86140546e+00 8.09738236e-03
 -1.82488460e+00 1.02583225e-02
 -1.81560401e+00 1.24615100e-02
 -1.85131456e+00 1.47144273e-02
 -1.88971772e+00 1.70249766e-02
 -1.88073737e+00 1.94015518e-02
 -1.93815627e+00 2.18531186e-02
 -1.92384830e+00 2.43893036e-02
 -1.94028229e+00 2.70204948e-02
 -1.98505862e+00 2.97579549e-02
 -2.02881310e+00 3.26139498e-02
 -1.96401995e+00 3.56018961e-02
 -2.00714348e+00 3.87365295e-02
 -1.96693140e+00 4.20340995e-02
 -2.07925336e+00 4.55125947e-02
 -2.02538935e+00 4.91920050e-02
 -2.17606945e+00 5.30946274e-02
 -2.23557796e+00 5.72454253e-02
 -2.17393919e+00 6.16724513e-02
 -2.19056418e+00 6.64073480e-02
 -2.14393846e+00 7.14859429e-02
 -2.30874419e+00 7.69489596e-02
 -2.39536112e+00 8.28428707e-02
 -2.38302020e+00 8.92209267e-02
 -2.47528703e+00 9.61444045e-02
 -2.55020728e+00 1.03684129e-01
 -2.47873965e+00 1.11922340e-01
 -2.56292350e+00 1.20954995e-01
 -2.67560188e+00 1.30894635e-01
 -2.66665683e+00 1.41873961e-01
 -2.75910210e+00 1.54050347e-01
 -2.78016846e+00 1.67611573e-01
 -2.85662631e+00 1.82783162e-01
 -3.05389340e+00 1.99837869e-01
 -3.13073959e+00 2.19108058e-01
 -3.22747864e+00 2.41002026e-01
 -3.39258856e+00 2.66025765e-01
 -3.56422947e+00 2.94812336e-01
 -3.68022721e+00 3.28162049e-01
 -3.80815248e+00 3.67098198e-01
 -4.05441036e+00 4.12945625e-01
 -4.31706281e+00 4.67443381e-01
 -4.48976479e+00 5.32909382e-01
 -4.81580915e+00 6.12486186e-01
 -5.04493161e+00 7.10516564e-01
 -5.53119805e+00 8.33132589e-01
 -5.93264039e+00 9.89207189e-01
 -6.44236995e+00 1.19194276e+00
 -7.07702331e+00 1.46162410e+00
 -7.86718542e+00 1.83059370e+00
 -8.76754633e+00 2.35267621e+00
 -9.91088129e+00 3.12196856e+00
 -1.12497243e+01 4.31228590e+00
 -1.30155404e+01 6.26317558e+00
 -1.52230581e+01 9.66198715e+00
 -1.66223025e+01 1.57962389e+01
 -1.36753464e+01 2.56324895e+01
 -8.08347984e-01 3.27181902e+01
 1.27353491e+01 2.63692164e+01
 1.61027387e+01 1.63743492e+01
 1.48045147e+01 9.99933721e+00
 1.27685877e+01 6.46227421e+00
 1.09933019e+01 4.43822818e+00
 9.48264379e+00 3.20753037e+00
 8.40901510e+00 2.41451929e+00
 7.49265779e+00 1.87765605e+00
 6.68354633e+00 1.49899057e+00
 6.04447048e+00 1.22266733e+00
 5.51124049e+00 1.01521386e+00
 5.15336783e+00 8.55685009e-01
 4.78470120e+00 7.30475262e-01
 4.45774667e+00 6.30456013e-01
 4.11709742e+00 5.49327464e-01
 3.80326920e+00 4.82633516e-01
 3.59183909e+00 4.27152990e-01
 3.44774121e+00 3.80512148e-01
 3.31677085e+00 3.40931470e-01
 3.17514768e+00 3.07056227e-01
 2.93941267e+00 2.77840682e-01
 2.79567312e+00 2.52467420e-01
 2.64114082e+00 2.30290168e-01
 2.53673296e+00 2.10792605e-01
 2.45798372e+00 1.93558277e-01
 2.38064886e+00 1.78248310e-01
 2.29093092e+00 1.64584719e-01
 2.23741057e+00 1.52337742e-01
 2.18119822e+00 1.41316148e-01
 2.11864282e+00 1.31359738e-01
 2.08488705e+00 1.22333492e-01
 1.94033167e+00 1.14122961e-01
 1.88255772e+00 1.06630616e-01
 1.85976485e+00 9.97729275e-02
 1.84164071e+00 9.34780158e-02
 1.79887554e+00 8.76837473e-02
 1.75865349e+00 8.23361848e-02
 1.82811267e+00 7.73883153e-02
 1.70567345e+00 7.27990029e-02
 1.59505608e+00 6.85321203e-02
 1.55793994e+00 6.45558257e-02
 1.59020712e+00 6.08419582e-02
 1.54273979e+00 5.73655293e-02
 1.41546468e+00 5.41042937e-02
 1.51935653e+00 5.10383856e-02
 1.42264756e+00 4.81500089e-02
 1.43483815e+00 4.54231729e-02
 1.31998304e+00 4.28434652e-02
 1.41291462e+00 4.03978562e-02
 1.29017788e+00 3.80745305e-02
 1.27349707e+00 3.58627399e-02
 1.36219496e+00 3.37526766e-02
 1.30341754e+00 3.17353610e-02
 1.28203415e+00 2.98025445e-02
 1.32946770e+00 2.79466228e-02
 1.29611286e+00 2.61605601e-02
 1.27970803e+00 2.44378208e-02
 1.27745441e+00 2.27723095e-02
 1.25345600e+00 2.11583163e-02
 1.26481690e+00 1.95904675e-02
 1.14027428e+00 1.80636811e-02
 1.19073242e+00 1.65731259e-02
 1.22776729e+00 1.51141831e-02
 1.13162999e+00 1.36824115e-02
 1.21918115e+00 1.22735141e-02
 1.20917028e+00 1.08833059e-02
 1.16059040e+00 9.50768415e-03
 1.16213115e+00 8.14259768e-03
 1.22148004e+00 6.78401788e-03
 1.14574469e+00 5.42790891e-03
 1.20250324e+00 4.07019756e-03
 1.19024956e+00 2.70674228e-03
 1.25208353e+00 1.33330068e-03
 1.20802435e+00 -5.45046862e-05
 1.16403451e+00 -1.46122307e-03
 1.15502848e+00 -2.89161523e-03
 1.18234663e+00 -4.35069684e-03
 1.18485091e+00 -5.84378642e-03
 1.13615486e+00 -7.37655860e-03
 1.12997073e+00 -8.95510394e-03
 1.20656796e+00 -1.05859963e-02
 1.28541239e+00 -1.22763697e-02
 1.16889601e+00 -1.40340057e-02
 1.11817960e+00 -1.58674342e-02
 1.27451838e+00 -1.77860499e-02
 1.18332866e+00 -1.98002474e-02
 1.24449819e+00 -2.19215785e-02
 1.20282010e+00 -2.41629373e-02
 1.17651442e+00 -2.65387776e-02
 1.21706048e+00 -2.90653707e-02
 1.34463278e+00 -3.17611112e-02
 1.27108286e+00 -3.46468829e-02
 1.36932500e+00 -3.77464987e-02
 1.28489822e+00 -4.10872305e-02
 1.29772102e+00 -4.47004535e-02
 1.33866749e+00 -4.86224321e-02
 1.48722854e+00 -5.28952852e-02
 1.48793581e+00 -5.75681794e-02
 1.44722980e+00 -6.26988131e-02
 1.44998721e+00 -6.83552760e-02
 1.56126246e+00 -7.46183962e-02
 1.52329654e+00 -8.15847267e-02
 1.60959516e+00 -8.93703777e-02
 1.67896395e+00 -9.81159793e-02
 1.70414476e+00 -1.07993172e-01
 1.85026027e+00 -1.19213183e-01
 1.85652535e+00 -1.32038291e-01
 1.80952483e+00 -1.46797343e-01
 1.87260896e+00 -1.63907032e-01
 1.99969531e+00 -1.83901507e-01
 2.13328567e+00 -2.07474246e-01
 2.18733784e+00 -2.35538307e-01
 2.34512345e+00 -2.69314705e-01
 2.49531330e+00 -3.10464857e-01
 2.72187435e+00 -3.61293789e-01
 2.76247715e+00 -4.25070269e-01
 3.06372793e+00 -5.06546169e-01
 3.30669258e+00 -6.12827316e-01
 3.51882764e+00 -7.54888497e-01
 3.96084431e+00 -9.50319181e-01
 4.34891786e+00 -1.22852618e+00
 4.85129202e+00 -1.64105260e+00
 5.42513608e+00 -2.28285426e+00
 6.38274005e+00 -3.33637759e+00
 7.06963551e+00 -5.15055579e+00
 7.23803749e+00 -8.25493110e+00
 4.84783491e+00 -1.24158887e+01
 -1.26858253e+00 -1.38384712e+01
 -5.85488475e+00 -1.03905078e+01
 -6.65304788e+00 -6.55928034e+00
 -6.05342095e+00 -4.15091113e+00
 -5.29978988e+00 -2.76517462e+00
 -4.52707005e+00 -1.94287075e+00
 -3.95168579e+00 -1.42821954e+00
 -3.43801698e+00 -1.08915209e+00
 -2.99571285e+00 -8.55630379e-01
 -2.64801896e+00 -6.88685471e-01
 -2.50076984e+00 -5.65543724e-01
 -2.18829921e+00 -4.72285201e-01
 -2.00700919e+00 -4.00057788e-01
 -1.89823048e+00 -3.43033869e-01
 -1.74641430e+00 -2.97259213e-01
 -1.62084727e+00 -2.59978749e-01
 -1.51220880e+00 -2.29227646e-01
 -1.40926898e+00 -2.03575451e-01
 -1.31772401e+00 -1.81961466e-01
 -1.20757048e+00 -1.63586154e-01
 -1.16744749e+00 -1.47837878e-01
 -1.07433611e+00 -1.34242468e-01
 -1.00121574e+00 -1.22427850e-01
 -9.04783827e-01 -1.12098832e-01
 -9.30491811e-01 -1.03018850e-01
 -8.85953146e-01 -9.49965590e-02
 -9.31121832e-01 -8.78758740e-02
 -7.30399391e-01 -8.15284651e-02
 -8.82991687e-01 -7.58480546e-02
 -6.60190235e-01 -7.07460316e-02
 -7.30924539e-01 -6.61480508e-02
 -7.02273475e-01 -6.19913704e-02
 -6.21095283e-01 -5.82227515e-02
 -6.40077490e-01 -5.47967878e-02
 -6.25844714e-01 -5.16745682e-02
 -5.35714981e-01 -4.88225980e-02
 -5.45945804e-01 -4.62119239e-02
 -6.17120424e-01 -4.38174195e-02
 -5.10177476e-01 -4.16171989e-02
 -5.05115125e-01 -3.95921327e-02
 -4.55482637e-01 -3.77254465e-02
 -4.16209126e-01 -3.60023863e-02
 -4.83230252e-01 -3.44099383e-02
 -4.22981432e-01 -3.29365939e-02
 -4.13426885e-01 -3.15721502e-02
 -3.87053089e-01 -3.03075422e-02
 -4.02057943e-01 -2.91346994e-02
 -4.15982959e-01 -2.80464233e-02
 -3.71235367e-01 -2.70362837e-02
 -3.50269040e-01 -2.60985279e-02
 -3.13044375e-01 -2.52280046e-02
 -3.23302698e-01 -2.44200966e-02
 -3.29154481e-01 -2.36706634e-02
 -3.84963730e-01 -2.29759918e-02
 -2.16166325e-01 -2.23327523e-02
 -3.16964725e-01 -2.17379620e-02
 -2.51316739e-01 -2.11889518e-02
 -3.23827436e-01 -2.06833388e-02
 -2.99184428e-01 -2.02190014e-02
 -3.39647453e-01 -1.97940585e-02
 -2.10097256e-01 -1.94068516e-02
 -2.20104490e-01 -1.90559287e-02
 -2.66730278e-01 -1.87400320e-02
 -2.05039240e-01 -1.84580865e-02
 -2.39839259e-01 -1.82091909e-02
 -2.14891541e-01 -1.79926108e-02
 -1.08266340e-01 -1.78077730e-02
 -3.14323501e-01 -1.76542622e-02
 -1.73932573e-01 -1.75318181e-02
 -1.24150166e-01 -1.74403354e-02
 -1.54856304e-01 -1.73798649e-02
 -1.72256908e-01 -1.73506157e-02
 -9.99603233e-02 -1.73529599e-02
 -1.20285012e-01 -1.73874391e-02
 -1.09174360e-01 -1.74547718e-02
 -1.15825091e-01 -1.75558643e-02
 -1.16797631e-01 -1.76918232e-02
 -1.26595787e-01 -1.78639706e-02
 -1.12865766e-01 -1.80738621e-02
 1.03303427e-04 -1.83233087e-02
 -6.56198927e-02 -1.86144023e-02
 -3.02480233e-02 -1.89495452e-02
 -3.00756237e-02 -1.93314855e-02
 -7.71723290e-02 -1.97633585e-02
 -6.06611163e-02 -2.02487346e-02
 -7.91977530e-02 -2.07916765e-02
 -1.31391292e-02 -2.13968058e-02
 -1.04231375e-02 -2.20693820e-02
 4.77079811e-02 -2.28153962e-02
 5.63512357e-02 -2.36416809e-02
 9.04607416e-02 -2.45560428e-02
 6.58607895e-02 -2.55674196e-02
 1.08038446e-01 -2.66860694e-02
 5.20976013e-02 -2.79237981e-02
 -6.62672195e-02 -2.92942356e-02
 1.28852057e-01 -3.08131713e-02
 1.24901018e-01 -3.24989650e-02
 1.05220827e-01 -3.43730523e-02
 2.16562319e-01 -3.64605713e-02
 1.09439635e-01 -3.87911428e-02
 1.24953933e-01 -4.13998502e-02
 1.85984758e-01 -4.43284790e-02
 2.30862796e-01 -4.76270971e-02
 2.57075129e-01 -5.13560860e-02
 2.29872343e-01 -5.55887776e-02
 2.90599359e-01 -6.04149100e-02
 4.15575155e-01 -6.59452047e-02
 4.13810352e-01 -7.23175002e-02
 4.92882949e-01 -7.97050733e-02
 4.51316910e-01 -8.83280842e-02
 4.57870760e-01 -9.84695481e-02
 4.22708073e-01 -1.10497991e-01
 4.83080322e-01 -1.24900154e-01
 6.22918555e-01 -1.42329139e-01
 7.40925323e-01 -1.63676817e-01
 7.88737577e-01 -1.90185352e-01
 8.30421684e-01 -2.23623572e-01
 9.62211164e-01 -2.66574219e-01
 1.02661611e+00 -3.22917288e-01
 1.19456300e+00 -3.98673206e-01
 1.43204598e+00 -5.03532486e-01
 1.54222700e+00 -6.53746257e-01
 1.77717283e+00 -8.77797693e-01
 2.09953926e+00 -1.22775131e+00
 2.50529037e+00 -1.80087176e+00
 2.71202132e+00 -2.76726484e+00
 2.47056822e+00 -4.30044580e+00
 9.52585099e-01 -5.93097595e+00
 -1.71584297e+00 -5.90145552e+00
 -3.30348825e+00 -4.25545945e+00
 -3.37079865e+00 -2.73790116e+00
 -3.10633715e+00 -1.78471709e+00
 -2.86813210e+00 -1.21886966e+00
 -2.57034475e+00 -8.72619090e-01
 -2.15281367e+00 -6.50413874e-01
 -2.05237287e+00 -5.01080760e-01
 -1.89201752e+00 -3.96583097e-01
 -1.66204798e+00 -3.20898664e-01
 -1.59254495e+00 -2.64458747e-01
 -1.49321707e+00 -2.21310224e-01
 -1.44176119e+00 -1.87611586e-01
 -1.37942559e+00 -1.60802748e-01
 -1.37580835e+00 -1.39128528e-01
 -1.14467113e+00 -1.21355127e-01
 -1.18527803e+00 -1.06595846e-01
 -1.21146800e+00 -9.42007809e-02
 -1.26828788e+00 -8.36851411e-02
 -9.54898965e-01 -7.46815466e-02
 -1.13195152e+00 -6.69075994e-02
 -9.88686013e-01 -6.01434044e-02
 -9.22132647e-01 -5.42157093e-02
 -9.50296127e-01 -4.89865351e-02
 -1.02272115e+00 -4.43449024e-02
 -8.96532778e-01 -4.02007310e-02
 -9.58034465e-01 -3.64802840e-02
 -9.46118905e-01 -3.31227262e-02
 -8.77890209e-01 -3.00774972e-02
 -9.06058122e-01 -2.73022857e-02
 -8.65057210e-01 -2.47614529e-02
 -8.67295982e-01 -2.24247954e-02
 -8.82121258e-01 -2.02665657e-02
 -7.77660939e-01 -1.82646919e-02
 -8.08589826e-01 -1.64001504e-02
 -8.44174736e-01 -1.46564593e-02
 -7.40740276e-01 -1.30192655e-02
 -8.37066794e-01 -1.14760072e-02
 -8.23463477e-01 -1.00156355e-02
 -7.73995366e-01 -8.62838447e-03
 -8.48509315e-01 -7.30557854e-03
 -8.02645655e-01 -6.03947237e-03
 -7.72430193e-01 -4.82311536e-03
 -8.14526495e-01 -3.65023722e-03
 -8.36797007e-01 -2.51515058e-03
 -7.00534145e-01 -1.41266768e-03
 -8.52344817e-01 -3.38028748e-04
 -7.94821335e-01 7.13160056e-04
 -7.81157498e-01 1.74498057e-03
 -8.15173300e-01 2.76124998e-03
 -8.67002717e-01 3.76556256e-03
 -7.12263522e-01 4.76132684e-03
 -8.20014349e-01 5.75179899e-03
 -7.99691635e-01 6.74011302e-03
 -8.58236474e-01 7.72930841e-03
 -9.27225787e-01 8.72235578e-03
 -8.57941694e-01 9.72218081e-03
 -7.68289764e-01 1.07316871e-02
 -8.03149290e-01 1.17537779e-02
 -8.69134517e-01 1.27913777e-02
 -7.73033419e-01 1.38474531e-02
 -7.81247916e-01 1.49250342e-02
 -9.09381707e-01 1.60272359e-02
 -7.95359792e-01 1.71572802e-02
 -8.50621942e-01 1.83185193e-02
 -8.84962303e-01 1.95144595e-02
 -9.55531416e-01 2.07487879e-02
 -8.89653660e-01 2.20253992e-02
 -8.96915592e-01 2.33484265e-02
 -9.26327811e-01 2.47222738e-02
 -9.62690256e-01 2.61516522e-02
 -9.90715045e-01 2.76416196e-02
 -9.00087755e-01 2.91976251e-02
 -9.85525388e-01 3.08255584e-02
 -9.40319504e-01 3.25318047e-02
 -9.23896884e-01 3.43233078e-02
 -1.01283538e+00 3.62076399e-02
 -1.02651301e+00 3.81930817e-02
 -1.12868167e+00 4.02887132e-02
 -1.08222992e+00 4.25045176e-02
 -9.86394289e-01 4.48515003e-02
 -1.11820469e+00 4.73418251e-02
 -1.10125679e+00 4.99889726e-02
 -1.23291939e+00 5.28079222e-02
 -1.12807014e+00 5.58153643e-02
 -1.17692342e+00 5.90299472e-02
 -1.24087947e+00 6.24725662e-02
 -1.23867276e+00 6.61667026e-02
 -1.15334220e+00 7.01388237e-02
 -1.23878409e+00 7.44188559e-02
 -1.25298588e+00 7.90407470e-02
 -1.36512634e+00 8.40431374e-02
 -1.46151746e+00 8.94701649e-02
 -1.52696708e+00 9.53724342e-02
 -1.38376850e+00 1.01808192e-01
 -1.58952833e+00 1.08844756e-01
 -1.53849485e+00 1.16560267e-01
 -1.65444651e+00 1.25045845e-01
 -1.72664112e+00 1.34408265e-01
 -1.77710598e+00 1.44773293e-01
 -1.80738730e+00 1.56289878e-01
 -1.84173619e+00 1.69135473e-01
 -1.97808053e+00 1.83522813e-01
 -2.04281323e+00 1.99708658e-01
 -2.08641209e+00 2.18005155e-01
 -2.14300553e+00 2.38794760e-01
 -2.31439937e+00 2.62550047e-01
 -2.49337472e+00 2.89860309e-01
 -2.50454226e+00 3.21467746e-01
 -2.70067091e+00 3.58317350e-01
 -2.81230941e+00 4.01626728e-01
 -3.02159188e+00 4.52985428e-01
 -3.23671152e+00 5.14498779e-01
 -3.46241267e+00 5.89000314e-01
 -3.76034414e+00 6.80372348e-01
 -4.01995161e+00 7.94041464e-01
 -4.35417502e+00 9.37764809e-01
 -4.66516751e+00 1.12291486e+00
 -5.15664708e+00 1.36664706e+00
 -5.78685349e+00 1.69568669e+00
 -6.39630109e+00 2.15319124e+00
 -7.28357326e+00 2.81163556e+00
 -8.26551155e+00 3.79764329e+00
 -9.35482346e+00 5.33941213e+00
 -1.05413665e+01 7.84520268e+00
 -1.10566852e+01 1.19357845e+01
 -9.06011748e+00 1.78035308e+01
 -1.85032685e+00 2.24316887e+01
 6.93962205e+00 2.04146759e+01
 1.11961735e+01 1.44156382e+01
 1.15467344e+01 9.45722856e+00
 1.03894844e+01 6.32433203e+00
 9.28719928e+00 4.41393081e+00
 8.23478672e+00 3.21424526e+00
 7.30168943e+00 2.42783172e+00
 6.51340167e+00 1.89036382e+00
 5.95197200e+00 1.50923655e+00
 5.40792409e+00 1.23026842e+00
 5.05227965e+00 1.02046933e+00
 4.68908450e+00 8.58984549e-01
 4.27525896e+00 7.32176683e-01
 4.04752999e+00 6.30855297e-01
 3.85942936e+00 5.48659357e-01
 3.65267971e+00 4.81080803e-01
 3.49285707e+00 4.24856896e-01
 3.29173372e+00 3.77581477e-01
 3.10430156e+00 3.37449987e-01
 2.95674024e+00 3.03088401e-01
 2.86062143e+00 2.73436084e-01
 2.83664812e+00 2.47664067e-01
 2.77215953e+00 2.25117060e-01
 2.55578532e+00 2.05271656e-01
 2.55556493e+00 1.87705789e-01
 2.48988779e+00 1.72076100e-01
 2.40839206e+00 1.58100986e-01
 2.32530776e+00 1.45547736e-01
 2.24623232e+00 1.34222691e-01
 2.29035294e+00 1.23963626e-01
 2.13947282e+00 1.14633806e-01
 2.15181049e+00 1.06117317e-01
 2.13511114e+00 9.83153522e-02
 1.95525686e+00 9.11432521e-02
 1.89382517e+00 8.45281212e-02
 1.96093474e+00 7.84068968e-02
 1.87320145e+00 7.27247774e-02
 1.93558953e+00 6.74339324e-02
 1.90355533e+00 6.24924404e-02
 1.89113182e+00 5.78634083e-02
 1.81417771e+00 5.35142377e-02
 1.84476509e+00 4.94160115e-02
 1.80597595e+00 4.55429770e-02
 1.74321579e+00 4.18721100e-02
 1.70737825e+00 3.83827448e-02
 1.73599913e+00 3.50562578e-02
 1.70168030e+00 3.18757978e-02
 1.73541743e+00 2.88260531e-02
 1.72619231e+00 2.58930510e-02
 1.65193712e+00 2.30639825e-02
 1.65355606e+00 2.03270510e-02
 1.75125536e+00 1.76713383e-02
 1.68246446e+00 1.50866868e-02
 1.74579756e+00 1.25635953e-02
 1.63589141e+00 1.00931257e-02
 1.74214027e+00 7.66681899e-03
 1.68416095e+00 5.27661932e-03
 1.64924130e+00 2.91480439e-03
 1.66314124e+00 5.73921252e-04
 1.64837046e+00 -1.75327354e-03
 1.63227451e+00 -4.07387051e-03
 1.72453148e+00 -6.39486121e-03
 1.68350888e+00 -8.72319047e-03
 1.64549361e+00 -1.10658077e-02
 1.66024538e+00 -1.34297176e-02
 1.71136197e+00 -1.58220316e-02
 1.65547636e+00 -1.82500205e-02
 1.68972112e+00 -2.07211680e-02
 1.75128928e+00 -2.32432281e-02
 1.75226878e+00 -2.58242849e-02
 1.75515224e+00 -2.84728171e-02
 1.79932037e+00 -3.11977672e-02
 1.73496660e+00 -3.40086177e-02
 1.80107950e+00 -3.69154746e-02
 1.77470111e+00 -3.99291588e-02
 1.77745004e+00 -4.30613100e-02
 1.82832711e+00 -4.63245006e-02
 1.81569639e+00 -4.97323663e-02
 1.87550934e+00 -5.32997521e-02
 1.87578635e+00 -5.70428796e-02
 1.93929601e+00 -6.09795372e-02
 1.95519427e+00 -6.51292987e-02
 2.01899955e+00 -6.95137746e-02
 2.04999957e+00 -7.41569025e-02
 1.92727782e+00 -7.90852851e-02
 2.11068591e+00 -8.43285817e-02
 2.02695650e+00 -8.99199686e-02
 2.07516698e+00 -9.58966776e-02
 2.21241082e+00 -1.02300632e-01
 2.14731080e+00 -1.09179197e-01
 2.24844951e+00 -1.16586079e-01
 2.32668974e+00 -1.24582390e-01
 2.29731666e+00 -1.33237928e-01
 2.38083713e+00 -1.42632731e-01
 2.48699961e+00 -1.52858943e-01
 2.57455199e+00 -1.64023104e-01
 2.64161073e+00 -1.76248950e-01
 2.66258666e+00 -1.89680867e-01
 2.81789249e+00 -2.04488176e-01
 2.81892162e+00 -2.20870499e-01
 2.95262621e+00 -2.39064500e-01
 3.07394111e+00 -2.59352445e-01
 3.08501897e+00 -2.82073146e-01
 3.20778469e+00 -3.07636094e-01
 3.40595994e+00 -3.36539848e-01
 3.64640941e+00 -3.69396255e-01
 3.69856739e+00 -4.06962651e-01
 3.88323051e+00 -4.50185218e-01
 3.97330580e+00 -5.00258085e-01
 4.20165689e+00 -5.58705031e-01
 4.46329715e+00 -6.27494125e-01
 4.78542018e+00 -7.09201287e-01
 4.96513767e+00 -8.07247832e-01
 5.29558460e+00 -9.26252372e-01
 5.80941118e+00 -1.07256357e+00
 6.19067806e+00 -1.25508612e+00
 6.74868012e+00 -1.48659557e+00
 7.27446893e+00 -1.78589212e+00
 7.99094895e+00 -2.18144094e+00
 8.83662507e+00 -2.71773143e+00
 9.85807930e+00 -3.46676033e+00
 1.10182129e+01 -4.54935904e+00
 1.23593593e+01 -6.17518252e+00
 1.40155343e+01 -8.71379108e+00
 1.53019630e+01 -1.27853724e+01
 1.52604445e+01 -1.91392562e+01
 1.05889885e+01 -2.71563555e+01
 -5.75495795e-01 -3.13363602e+01
 -1.12949430e+01 -2.66693857e+01
 -1.55264798e+01 -1.86664633e+01
 -1.54224622e+01 -1.24771854e+01
 -1.40042680e+01 -8.52965075e+00
 -1.25374648e+01 -6.06504867e+00
 -1.11138247e+01 -4.48200960e+00
 -9.95851185e+00 -3.42463594e+00
 -8.99342101e+00 -2.69095589e+00
 -8.15326720e+00 -2.16430192e+00
 -7.47427521e+00 -1.77497013e+00
 -6.90487056e+00 -1.47977328e+00
 -6.34417633e+00 -1.25101124e+00
 -5.86570675e+00 -1.07034826e+00
 -5.47117650e+00 -9.25299351e-01
 -5.23738230e+00 -8.07146592e-01
 -4.95884932e+00 -7.09664347e-01
 -4.67450145e+00 -6.28316798e-01
 -4.55938994e+00 -5.59739431e-01
 -4.27912683e+00 -5.01395958e-01
 -4.00471315e+00 -4.51346377e-01
 -3.87869073e+00 -4.08087053e-01
 -3.66041344e+00 -3.70438475e-01
 -3.60320227e+00 -3.37465176e-01
 -3.43190150e+00 -3.08417734e-01
 -3.46548644e+00 -2.82690188e-01
 -3.10587199e+00 -2.59788372e-01
 -3.09461486e+00 -2.39306091e-01
 -3.00326571e+00 -2.20906992e-01
 -3.02994906e+00 -2.04310650e-01
 -2.84835749e+00 -1.89281763e-01
 -2.83687225e+00 -1.75621705e-01
 -2.68705309e+00 -1.63161863e-01
 -2.74513735e+00 -1.51758341e-01
 -2.64747548e+00 -1.41287715e-01
 -2.56126858e+00 -1.31643616e-01
 -2.49971016e+00 -1.22733957e-01
 -2.51924092e+00 -1.14478667e-01
 -2.47842469e+00 -1.06807835e-01
 -2.43596199e+00 -9.96601717e-02
 -2.34457586e+00 -9.29817405e-02
 -2.36483333e+00 -8.67248938e-02
 -2.33015508e+00 -8.08473839e-02
 -2.27076133e+00 -7.53116140e-02
 -2.22800160e+00 -7.00840059e-02
 -2.22167070e+00 -6.51344613e-02
 -2.20606903e+00 -6.04359041e-02
 -2.19062282e+00 -5.59638874e-02
 -2.09328508e+00 -5.16962559e-02
 -2.00814927e+00 -4.76128538e-02
 -2.11988534e+00 -4.36952725e-02
 -2.12760116e+00 -3.99266298e-02
 -2.05009661e+00 -3.62913769e-02
 -2.05257442e+00 -3.27751288e-02
 -2.03883259e+00 -2.93645146e-02
 -2.02799789e+00 -2.60470436e-02
 -2.05363758e+00 -2.28109866e-02
 -2.05023920e+00 -1.96452678e-02
 -2.01811999e+00 -1.65393678e-02
 -1.98075248e+00 -1.34832342e-02
 -1.97558766e+00 -1.04671994e-02
 -1.91919986e+00 -7.48190342e-03
 -2.00216227e+00 -4.51822202e-03
 -1.96208723e+00 -1.56719732e-03
 -1.95429435e+00 1.38002881e-03
 -1.94650487e+00 4.33227998e-03
 -1.94994294e+00 7.29841006e-03
 -2.12924464e+00 1.02873683e-02
 -2.05623601e+00 1.33082654e-02
 -2.01737436e+00 1.63704425e-02
 -2.00457142e+00 1.94835422e-02
 -2.03490674e+00 2.26575849e-02
 -2.16675573e+00 2.59030494e-02
 -2.06673345e+00 2.92309606e-02
 -2.03269174e+00 3.26529853e-02
 -2.08509951e+00 3.61815368e-02
 -2.05577133e+00 3.98298915e-02
 -2.12698286e+00 4.36123187e-02
 -2.20090701e+00 4.75442262e-02
 -2.12753180e+00 5.16423247e-02
 -2.17840561e+00 5.59248143e-02
 -2.25528846e+00 6.04115972e-02
 -2.20216988e+00 6.51245214e-02
 -2.24951329e+00 7.00876604e-02
 -2.34474351e+00 7.53276373e-02
 -2.27490515e+00 8.08740000e-02
 -2.28148809e+00 8.67596582e-02
 -2.40417136e+00 9.30213952e-02
 -2.41277413e+00 9.97004679e-02
 -2.54789553e+00 1.06843316e-01
 -2.53550201e+00 1.14502399e-01
 -2.58360427e+00 1.22737196e-01
 -2.63188402e+00 1.31615400e-01
 -2.62262615e+00 1.41214346e-01
 -2.57941842e+00 1.51622745e-01
 -2.73528238e+00 1.62942784e-01
 -2.84103093e+00 1.75292680e-01
 -2.94592607e+00 1.88809830e-01
 -2.92263784e+00 2.03654692e-01
 -3.09550999e+00 2.20015603e-01
 -3.15543262e+00 2.38114824e-01
 -3.24528032e+00 2.58216145e-01
 -3.41699261e+00 2.80634562e-01
 -3.38563808e+00 3.05748661e-01
 -3.53705770e+00 3.34016637e-01
 -3.63564563e+00 3.65997190e-01
 -3.81252092e+00 4.02377084e-01
 -3.96058856e+00 4.44007875e-01
 -4.23365321e+00 4.91955464e-01
 -4.36021849e+00 5.47567802e-01
 -4.51073287e+00 6.12568716e-01
 -4.80487013e+00 6.89189911e-01
 -5.06387720e+00 7.80359783e-01
 -5.37878408e+00 8.89978437e-01
 -5.81338393e+00 1.02332626e+00
 -6.14388977e+00 1.18768427e+00
 -6.68167674e+00 1.39329863e+00
 -7.07389008e+00 1.65491977e+00
 -7.79734102e+00 1.99432860e+00
 -8.40205459e+00 2.44460890e+00
 -9.34151508e+00 3.05759788e+00
 -1.03767971e+01 3.91725189e+00
 -1.16743576e+01 5.16406141e+00
 -1.31091670e+01 7.03901449e+00
 -1.46190432e+01 9.95337993e+00
 -1.54925032e+01 1.45354689e+01
 -1.43388832e+01 2.12738783e+01
 -8.05093255e+00 2.85221904e+01
 3.29735746e+00 3.03605854e+01
 1.22284326e+01 2.46153762e+01
 1.52358700e+01 1.72052112e+01
 1.47137392e+01 1.17044291e+01
 1.35681632e+01 8.15708257e+00
 1.19951245e+01 5.89558038e+00
 1.07505995e+01 4.41389119e+00
 9.58291841e+00 3.40757854e+00
 8.71495900e+00 2.69976408e+00
 7.92715316e+00 2.18601419e+00
 7.16121094e+00 1.80275139e+00
 6.75134014e+00 1.50995692e+00
 6.15512894e+00 1.28161969e+00
 5.74329750e+00 1.10032744e+00
 5.39922621e+00 9.54109991e-01
 5.09523577e+00 8.34539791e-01
 4.77259551e+00 7.35555482e-01
 4.59892240e+00 6.52713324e-01
 4.21356275e+00 5.82698985e-01
 4.12060062e+00 5.23001842e-01
 3.94252991e+00 4.71693201e-01
 3.83698312e+00 4.27272392e-01
 3.59745398e+00 3.88558117e-01
 3.47529577e+00 3.54610539e-01
 3.36418429e+00 3.24674583e-01
 3.29266493e+00 2.98138128e-01
 3.13037373e+00 2.74500805e-01
 2.99457593e+00 2.53350425e-01
 2.94930984e+00 2.34345005e-01
 2.81943781e+00 2.17198903e-01
 2.76801938e+00 2.01672048e-01
 2.65793871e+00 1.87561484e-01
 2.63592520e+00 1.74694687e-01
 2.48402084e+00 1.62924241e-01
 2.47062950e+00 1.52123566e-01
 2.41183702e+00 1.42183466e-01
 2.42442548e+00 1.33009328e-01
 2.28305515e+00 1.24518826e-01
 2.30885242e+00 1.16640039e-01
 2.23295455e+00 1.09309892e-01
 2.19551223e+00 1.02472859e-01
 2.11253986e+00 9.60798872e-02
 2.11665331e+00 9.00874847e-02
 2.05914689e+00 8.44569604e-02
 1.97230852e+00 7.91537765e-02
 1.92822062e+00 7.41469987e-02
 2.00592305e+00 6.94088285e-02
 1.95102797e+00 6.49142007e-02
 2.00611326e+00 6.06404386e-02
 1.99263579e+00 5.65669556e-02
 1.86712906e+00 5.26749965e-02
 1.90621129e+00 4.89474129e-02
 1.90906545e+00 4.53684656e-02
 1.86403213e+00 4.19236527e-02
 1.87702797e+00 3.85995569e-02
 1.84614913e+00 3.53837102e-02
 1.82447977e+00 3.22644738e-02
 1.79656579e+00 2.92309303e-02
 1.81763376e+00 2.62727861e-02
 1.74808000e+00 2.33802831e-02
 1.74461808e+00 2.05441178e-02
 1.69159490e+00 1.77553663e-02
 1.78659110e+00 1.50054147e-02
 1.81657875e+00 1.22858933e-02
 1.84270172e+00 9.58861375e-03
 1.76171451e+00 6.90550888e-03
 1.74628122e+00 4.22857318e-03
 1.78233795e+00 1.54980441e-03
 1.67875544e+00 -1.13885531e-03
 1.77921754e+00 -3.84557939e-03
 1.77955991e+00 -6.57871861e-03
 1.73160831e+00 -9.34686568e-03
 1.75362768e+00 -1.21589235e-02
 1.75987348e+00 -1.50241785e-02
 1.80275149e+00 -1.79523791e-02
 1.82704354e+00 -2.09538225e-02
 1.79501227e+00 -2.40394492e-02
 1.89901782e+00 -2.72209484e-02
 1.85803052e+00 -3.05108758e-02
 1.76147735e+00 -3.39227856e-02
 1.86440602e+00 -3.74713807e-02
 1.86953449e+00 -4.11726826e-02
 1.82720275e+00 -4.50442265e-02
 1.87866543e+00 -4.91052848e-02
 1.82307244e+00 -5.33771257e-02
 1.90704681e+00 -5.78833124e-02
 1.83695015e+00 -6.26500521e-02
 1.93420653e+00 -6.77066037e-02
 1.97591285e+00 -7.30857569e-02
 2.00404579e+00 -7.88243977e-02
 2.09665951e+00 -8.49641777e-02
 2.01390707e+00 -9.15523123e-02
 2.10445348e+00 -9.86425337e-02
 2.27334858e+00 -1.06296238e-01
 2.17222965e+00 -1.14583870e-01
 2.17102924e+00 -1.23586607e-01
 2.32676101e+00 -1.33398411e-01
 2.30504302e+00 -1.44128558e-01
 2.33586304e+00 -1.55904756e-01
 2.49453752e+00 -1.68877032e-01
 2.43376758e+00 -1.83222601e-01
 2.57346810e+00 -1.99152014e-01
 2.62974399e+00 -2.16916978e-01
 2.66974670e+00 -2.36820394e-01
 2.75212534e+00 -2.59229354e-01
 3.03685583e+00 -2.84592133e-01
 3.07529762e+00 -3.13460635e-01
 3.19733702e+00 -3.46520366e-01
 3.37996974e+00 -3.84630971e-01
 3.49914968e+00 -4.28881732e-01
 3.61200380e+00 -4.80668669e-01
 3.81989719e+00 -5.41803271e-01
 4.05172800e+00 -6.14668434e-01
 4.25095537e+00 -7.02446184e-01
 4.39819962e+00 -8.09456917e-01
 4.70199798e+00 -9.41675795e-01
 5.16360904e+00 -1.10753763e+00
 5.49478870e+00 -1.31922380e+00
 5.96428530e+00 -1.59477690e+00
 6.59791690e+00 -1.96167505e+00
 7.25227404e+00 -2.46304161e+00
 8.03629121e+00 -3.16867196e+00
 8.89349199e+00 -4.19469716e+00
 9.87698106e+00 -5.73695176e+00
 1.07755658e+01 -8.11468733e+00
 1.09989248e+01 -1.17514918e+01
 9.40477837e+00 -1.67118732e+01
 4.02140485e+00 -2.10889242e+01
 -3.90219146e+00 -2.09156470e+01
 -9.21902440e+00 -1.63922177e+01
 -1.06210816e+01 -1.14941412e+01
 -1.02175848e+01 -7.94814643e+00
 -9.37859753e+00 -5.63453306e+00
 -8.37088190e+00 -4.13177964e+00
 -7.51976140e+00 -3.12971938e+00
 -6.65830528e+00 -2.43892949e+00
 -6.13236099e+00 -1.94703955e+00
 -5.51730498e+00 -1.58639209e+00
 -5.01607209e+00 -1.31509332e+00
 -4.56880549e+00 -1.10639025e+00
 -4.36063468e+00 -9.42680358e-01
 -3.99872299e+00 -8.12057004e-01
 -3.69993099e+00 -7.06261558e-01
 -3.49804226e+00 -6.19434628e-01
 -3.30781309e+00 -5.47333612e-01
 -3.09247643e+00 -4.86829833e-01
 -3.00084735e+00 -4.35577660e-01
 -2.67945174e+00 -3.91792080e-01
 -2.61030547e+00 -3.54096181e-01
 -2.59452608e+00 -3.21414671e-01
 -2.40361354e+00 -2.92898294e-01
 -2.31949663e+00 -2.67869355e-01
 -2.18440498e+00 -2.45781908e-01
 -2.20713847e+00 -2.26192275e-01
 -2.04029301e+00 -2.08736965e-01
 -2.03326765e+00 -1.93115930e-01
 -1.88650491e+00 -1.79079767e-01
 -1.90829290e+00 -1.66419810e-01
 -1.80491669e+00 -1.54960414e-01
 -1.71235235e+00 -1.44552886e-01
 -1.69488247e+00 -1.35070672e-01
 -1.64488941e+00 -1.26405521e-01
 -1.58864433e+00 -1.18464394e-01
 -1.62855138e+00 -1.11166968e-01
 -1.51217519e+00 -1.04443601e-01
 -1.53813415e+00 -9.82336702e-02
 -1.39283435e+00 -9.24841972e-02
 -1.46852924e+00 -8.71487150e-02
 -1.41039089e+00 -8.21863240e-02
 -1.39861427e+00 -7.75609023e-02
 -1.39080249e+00 -7.32404441e-02
 -1.30494641e+00 -6.91965005e-02
 -1.23323398e+00 -6.54037071e-02
 -1.20990132e+00 -6.18393816e-02
 -1.19170989e+00 -5.84831809e-02
 -1.25578806e+00 -5.53168072e-02
 -1.17618280e+00 -5.23237551e-02
 -1.11058044e+00 -4.94890939e-02
 -1.25863800e+00 -4.67992785e-02
 -1.18264289e+00 -4.42419855e-02
 -1.09274605e+00 -4.18059702e-02
 -1.18982375e+00 -3.94809412e-02
 -1.12775874e+00 -3.72574508e-02
 -1.02792171e+00 -3.51267976e-02
 -1.17984508e+00 -3.30809411e-02
 -1.07122074e+00 -3.11124249e-02
 -9.57353634e-01 -2.92143092e-02
 -1.08461002e+00 -2.73801090e-02
 -1.01782843e+00 -2.56037394e-02
 -1.00231438e+00 -2.38794651e-02
 -1.05527587e+00 -2.22018550e-02
 -1.03188104e+00 -2.05657396e-02
 -1.07953075e+00 -1.89661721e-02
 -9.76658519e-01 -1.73983917e-02
 -9.74820226e-01 -1.58577884e-02
 -8.84994915e-01 -1.43398703e-02
 -9.57390320e-01 -1.28402310e-02
 -9.91407164e-01 -1.13545178e-02
 -9.33296681e-01 -9.87840036e-03
 -9.11056635e-01 -8.40753887e-03
 -9.72946976e-01 -6.93755150e-03
 -9.22560320e-01 -5.46398071e-03
 -9.55086583e-01 -3.98225783e-03
 -9.35327904e-01 -2.48766547e-03
 -9.85027913e-01 -9.75296979e-04
 -9.72201844e-01 5.59987597e-04
 -1.06731363e+00 2.12360993e-03
 -9.23109563e-01 3.72132708e-03
 -9.08869597e-01 5.35929151e-03
 -9.98276337e-01 7.04411872e-03
 -9.81841447e-01 8.78296393e-03
 -9.99203906e-01 1.05836097e-02
 -1.02577679e+00 1.24545664e-02
 -1.00689445e+00 1.44051886e-02
 -9.19791290e-01 1.64458097e-02
 -9.41299834e-01 1.85878995e-02
 -9.58216989e-01 2.08442487e-02
 -9.82476816e-01 2.32291864e-02
 -1.02223358e+00 2.57588378e-02
 -1.12875875e+00 2.84514309e-02
 -1.12609122e+00 3.13276629e-02
 -1.04567641e+00 3.44111415e-02
 -1.13493113e+00 3.77289180e-02
 -1.05486341e+00 4.13121344e-02
 -1.13773156e+00 4.51968161e-02
 -1.12877377e+00 4.94248452e-02
 -1.12523734e+00 5.40451656e-02
 -1.13908463e+00 5.91152852e-02
 -1.08505164e+00 6.47031593e-02
 -1.23611879e+00 7.08895731e-02
 -1.22171280e+00 7.77711767e-02
 -1.27907169e+00 8.54643865e-02
 -1.24535816e+00 9.41104443e-02
 -1.41710636e+00 1.03882044e-01
 -1.35277977e+00 1.14992099e-01
 -1.48169835e+00 1.27705481e-01
 -1.40502799e+00 1.42354914e-01
 -1.46238877e+00 1.59362798e-01
 -1.59928476e+00 1.79271583e-01
 -1.60257931e+00 2.02786719e-01
 -1.67499388e+00 2.30838389e-01
 -1.87900534e+00 2.64671898e-01
 -1.88379479e+00 3.05982647e-01
 -1.96921307e+00 3.57122087e-01
 -2.02603137e+00 4.21419357e-01
 -2.24802433e+00 5.03696299e-01
 -2.33425055e+00 6.11113882e-01
 -2.48385713e+00 7.54600076e-01
 -2.85946477e+00 9.51315180e-01
 -3.16949032e+00 1.22896551e+00
 -3.42942429e+00 1.63323823e+00
 -3.71119382e+00 2.23934541e+00
 -3.87601994e+00 3.16227932e+00
 -3.92284718e+00 4.52371902e+00
 -3.06078943e+00 6.21577758e+00
 -8.86287493e-01 7.37532735e+00
 1.52246601e+00 6.89127698e+00
 3.03194453e+00 5.27906638e+00
 3.37450209e+00 3.72376802e+00
 3.24133517e+00 2.61437856e+00
 2.87511118e+00 1.88200232e+00
 2.51738736e+00 1.39828092e+00
 2.21918016e+00 1.07063400e+00
 1.98251081e+00 8.41736684e-01
 1.86757854e+00 6.76943610e-01
 1.59570308e+00 5.55024119e-01
 1.51141480e+00 4.62627571e-01
 1.31981526e+00 3.91114848e-01
 1.21269551e+00 3.34737173e-01
 1.11560880e+00 2.89568201e-01
 1.12290627e+00 2.52861789e-01
 1.00703141e+00 2.22655476e-01
 8.05487129e-01 1.97519332e-01
 7.93989245e-01 1.76393020e-01
 7.49174359e-01 1.58477702e-01
 7.03297189e-01 1.43162833e-01
 6.94850672e-01 1.29975640e-01
 7.60351374e-01 1.18545644e-01
 5.74371597e-01 1.08579347e-01
 5.76866728e-01 9.98419013e-02
 5.23413119e-01 9.21436514e-02
 4.98728051e-01 8.53301372e-02
 4.23602146e-01 7.92745720e-02
 5.62816023e-01 7.38721271e-02
 3.85244626e-01 6.90355440e-02
 3.45192861e-01 6.46917332e-02
 3.00646071e-01 6.07791159e-02
 3.83330030e-01 5.72455290e-02
 2.89612115e-01 5.40465612e-02
 3.51053947e-01 5.11442221e-02
 3.22352268e-01 4.85058703e-02
 2.73868246e-01 4.61033448e-02
 2.53948744e-01 4.39122576e-02
 2.70600547e-01 4.19114122e-02
 2.55709556e-01 4.00823262e-02
 2.21486875e-01 3.84088343e-02
 2.30883597e-01 3.68767588e-02
 2.21518732e-01 3.54736342e-02
 1.31674135e-01 3.41884754e-02
 1.11812386e-01 3.30115833e-02
 1.07569743e-01 3.19343796e-02
 1.78472848e-01 3.09492669e-02
 1.45682493e-01 3.00495101e-02
 1.96261896e-01 2.92291347e-02
 9.52315033e-02 2.84828398e-02
 1.16364429e-01 2.78059238e-02
 1.47760499e-01 2.71942207e-02
 1.81006084e-02 2.66440452e-02
 9.08402807e-02 2.61521452e-02
 6.13546419e-02 2.57156619e-02
 4.22053543e-02 2.53320948e-02
 2.17748929e-02 2.49992719e-02
 -4.29209283e-02 2.47153247e-02
 7.82318127e-02 2.44786666e-02
 1.21359346e-03 2.42879750e-02
 -5.32625427e-02 2.41421769e-02
 -5.68566406e-03 2.40404365e-02
 -6.07475973e-02 2.39821463e-02
 -1.00363636e-02 2.39669203e-02
 -8.38279991e-02 2.39945891e-02
 1.28914764e-02 2.40651982e-02
 5.40262512e-02 2.41790078e-02
 -3.78797612e-02 2.43364947e-02
 -6.89818798e-02 2.45383573e-02
 -7.54402524e-02 2.47855218e-02
 -1.09096276e-01 2.50791513e-02
 -1.52977541e-01 2.54206583e-02
 -1.34138680e-02 2.58117181e-02
 -1.16100877e-01 2.62542872e-02
 -8.32496010e-02 2.67506239e-02
 -1.26737598e-01 2.73033128e-02
 -2.01160179e-01 2.79152941e-02
 -1.71661719e-01 2.85898968e-02
 -8.40011464e-02 2.93308785e-02
 -1.45746754e-01 3.01424703e-02
 -2.17623370e-01 3.10294299e-02
 -2.23629192e-01 3.19971028e-02
 -2.54220048e-01 3.30514934e-02
 -2.29080368e-01 3.41993475e-02
 -2.03602104e-01 3.54482488e-02
 -2.54121318e-01 3.68067315e-02
 -3.45195364e-01 3.82844114e-02
 -2.94532923e-01 3.98921407e-02
 -2.62709406e-01 4.16421896e-02
 -3.45394778e-01 4.35484614e-02
 -3.06101175e-01 4.56267462e-02
 -4.42778638e-01 4.78950249e-02
 -3.79515680e-01 5.03738302e-02
 -3.45634299e-01 5.30866817e-02
 -3.12703097e-01 5.60606091e-02
 -4.16550246e-01 5.93267878e-02
 -4.22191700e-01 6.29213112e-02
 -3.98061703e-01 6.68861383e-02
 -5.09202140e-01 7.12702608e-02
 -4.38847187e-01 7.61311490e-02
 -4.62233094e-01 8.15365583e-02
 -5.00070950e-01 8.75667975e-02
 -4.59547184e-01 9.43176033e-02
 -5.68771004e-01 1.01903807e-01
 -6.98598400e-01 1.10464060e-01
 -6.07777250e-01 1.20166962e-01
 -7.62100124e-01 1.31219119e-01
 -7.16935305e-01 1.43875811e-01
 -8.23527543e-01 1.58455303e-01
 -8.67193261e-01 1.75358276e-01
 -9.84838277e-01 1.95094545e-01
 -1.08980426e+00 2.18320347e-01
 -1.06822082e+00 2.45891164e-01
 -1.18456778e+00 2.78937851e-01
 -1.21469734e+00 3.18978339e-01
 -1.41916551e+00 3.68084826e-01
 -1.46897066e+00 4.29139388e-01
 -1.65948423e+00 5.06233816e-01
 -1.70591286e+00 6.05310313e-01
 -2.02797509e+00 7.35213626e-01
 -2.19562535e+00 9.09459520e-01
 -2.45780637e+00 1.14926036e+00
 -2.76653366e+00 1.48871137e+00
 -3.18529744e+00 1.98330963e+00
 -3.33545469e+00 2.72145310e+00
 -3.58977177e+00 3.82658225e+00
 -3.40832008e+00 5.38391551e+00
 -2.14780239e+00 7.11290841e+00
 2.98435723e-01 7.94788300e+00
 2.84999366e+00 7.07241354e+00
 4.10657183e+00 5.33866061e+00
 4.36122753e+00 3.79343812e+00
 4.11762570e+00 2.69994592e+00
 3.81353121e+00 1.96951020e+00
 3.51963558e+00 1.47952622e+00
 3.12454144e+00 1.14274183e+00
 2.94310175e+00 9.04438921e-01
 2.65015469e+00 7.30988069e-01
 2.54419676e+00 6.01448860e-01
 2.19110472e+00 5.02465693e-01
 2.12348756e+00 4.25290019e-01
 2.04898290e+00 3.64038733e-01
 1.93283153e+00 3.14657154e-01
 1.72980447e+00 2.74286981e-01
 1.69939842e+00 2.40871508e-01
 1.68796662e+00 2.12903035e-01
 1.66643656e+00 1.89257525e-01
 1.59971656e+00 1.69084061e-01
 1.45996464e+00 1.51729453e-01
 1.40078989e+00 1.36685891e-01
 1.39891034e+00 1.23553976e-01
 1.45853286e+00 1.12016211e-01
 1.34830309e+00 1.01817719e-01
 1.29477659e+00 9.27520275e-02
 1.26789085e+00 8.46504661e-02
 1.21772853e+00 7.73741651e-02
 1.23232934e+00 7.08079537e-02
 1.25296671e+00 6.48556622e-02
 1.09893660e+00 5.94364703e-02
 1.07436954e+00 5.44820454e-02
 1.09568199e+00 4.99342813e-02
 1.08138303e+00 4.57434981e-02
 1.10885620e+00 4.18669984e-02
 1.20120860e+00 3.82679023e-02
 9.90695960e-01 3.49142010e-02
 1.08559564e+00 3.17779827e-02
 1.18004254e+00 2.88347966e-02
 1.00210172e+00 2.60631277e-02
 1.07778472e+00 2.34439593e-02
 1.08093957e+00 2.09604080e-02
 1.08095834e+00 1.85974178e-02
 1.12505746e+00 1.63415010e-02
 1.01708628e+00 1.41805194e-02
 9.52238129e-01 1.21034975e-02
 1.01526266e+00 1.01004625e-02
 9.36795260e-01 8.16230692e-03
 1.01432544e+00 6.28066940e-03
 1.06204092e+00 4.44783156e-03
 9.78148046e-01 2.65662724e-03
 9.83463647e-01 9.00362985e-04
 1.02277955e+00 -8.27252621e-04
 9.61199777e-01 -2.53217190e-03
 1.04177438e+00 -4.22006481e-03
 9.65392811e-01 -5.89637040e-03
 1.05424827e+00 -7.56634399e-03
 1.01435407e+00 -9.23510093e-03
 1.05679895e+00 -1.09076575e-02
 1.04368779e+00 -1.25889700e-02
 1.04476365e+00 -1.42839718e-02
 1.05015072e+00 -1.59976100e-02
 1.03208045e+00 -1.77348813e-02
 1.09537512e+00 -1.95008679e-02
 9.42467472e-01 -2.13007744e-02
 1.14919275e+00 -2.31399648e-02
 9.62475557e-01 -2.50240021e-02
 1.01559779e+00 -2.69586890e-02
 1.11107214e+00 -2.89501121e-02
 1.02378461e+00 -3.10046885e-02
 1.05798331e+00 -3.31292169e-02
 1.03456369e+00 -3.53309332e-02
 1.10619056e+00 -3.76175717e-02
 1.19201121e+00 -3.99974322e-02
 1.21429121e+00 -4.24794559e-02
 1.17691213e+00 -4.50733089e-02
 1.23246134e+00 -4.77894771e-02
 1.11940962e+00 -5.06393724e-02
 1.30105383e+00 -5.36354539e-02
 1.18616565e+00 -5.67913646e-02
 1.28718881e+00 -6.01220889e-02
 1.24279879e+00 -6.36441316e-02
 1.30984314e+00 -6.73757248e-02
 1.28080755e+00 -7.13370657e-02
 1.38387177e+00 -7.55505926e-02
 1.33122425e+00 -8.00413056e-02
 1.43377550e+00 -8.48371398e-02
 1.42893940e+00 -8.99694028e-02
 1.35111162e+00 -9.54732889e-02
 1.54567613e+00 -1.01388485e-01
 1.57477940e+00 -1.07759888e-01
 1.62135408e+00 -1.14638460e-01
 1.48836105e+00 -1.22082248e-01
 1.60683116e+00 -1.30157607e-01
 1.67767820e+00 -1.38940681e-01
 1.72078213e+00 -1.48519190e-01
 1.81844083e+00 -1.58994614e-01
 1.87262662e+00 -1.70484869e-01
 1.90086125e+00 -1.83127610e-01
 1.97016641e+00 -1.97084320e-01
 2.05073656e+00 -2.12545433e-01
 2.08808968e+00 -2.29736771e-01
 2.16945128e+00 -2.48927707e-01
 2.25523052e+00 -2.70441606e-01
 2.44391390e+00 -2.94669276e-01
 2.50386974e+00 -3.22086485e-01
 2.54147513e+00 -3.53276967e-01
 2.65678730e+00 -3.88962997e-01
 2.85055769e+00 -4.30046450e-01
 2.98007997e+00 -4.77664662e-01
 3.18426702e+00 -5.33267410e-01
 3.31686923e+00 -5.98724549e-01
 3.54086055e+00 -6.76478865e-01
 3.77812638e+00 -7.69766800e-01
 3.87510924e+00 -8.82943044e-01
 4.30510588e+00 -1.02196732e+00
 4.69956866e+00 -1.19514985e+00
 5.00911068e+00 -1.41431873e+00
 5.43039489e+00 -1.69669049e+00
 5.92092692e+00 -2.06793582e+00
 6.65557009e+00 -2.56730372e+00
 7.19477617e+00 -3.25627702e+00
 8.04513478e+00 -4.23299642e+00
 8.81176921e+00 -5.65437575e+00
 9.57178086e+00 -7.75943851e+00
 9.91407242e+00 -1.08406677e+01
 8.57554388e+00 -1.49436900e+01
 4.60933330e+00 -1.89184130e+01
 -1.87475099e+00 -1.99822738e+01
 -7.52152236e+00 -1.71044124e+01
 -9.97767428e+00 -1.28007242e+01
 -1.02688329e+01 -9.17198373e+00
 -9.71234966e+00 -6.61312289e+00
