 NaN NaN
 7.58424877e+01 4.66131913e+00
 3.87825391e+01 1.71955333e+00
 2.61017388e+01 9.53131310e-01
 1.96579659e+01 6.25547110e-01
 1.58538511e+01 4.50633681e-01
 1.32011032e+01 3.44403797e-01
 1.13560356e+01 2.74202004e-01
 9.96418714e+00 2.24949523e-01
 8.95215904e+00 1.88816746e-01
 8.03289901e+00 1.61374528e-01
 7.25435995e+00 1.39947763e-01
 6.77113355e+00 1.22834884e-01
 6.27346308e+00 1.08907124e-01
 5.84439993e+00 9.73891785e-02
 5.35082223e+00 8.77326812e-02
 5.06348009e+00 7.95399424e-02
 4.82469007e+00 7.25162370e-02
 4.58041680e+00 6.64389783e-02
 4.25343729e+00 6.11372384e-02
 4.09929084e+00 5.64778039e-02
 3.99862151e+00 5.23554725e-02
 3.86513890e+00 4.86861691e-02
 3.67537808e+00 4.54019757e-02
 3.51150145e+00 4.24474871e-02
 3.41702306e+00 3.97770995e-02
 3.26427368e+00 3.73529672e-02
 3.16612205e+00 3.51434444e-02
 3.09889069e+00 3.31218834e-02
 2.94113492e+00 3.12656993e-02
 2.82238410e+00 2.95556340e-02
 2.69315264e+00 2.79751727e-02
 2.74071390e+00 2.65100776e-02
 2.72864684e+00 2.51480124e-02
 2.51135221e+00 2.38782369e-02
 2.57432884e+00 2.26913587e-02
 2.52488476e+00 2.15791287e-02
 2.43923091e+00 2.05342714e-02
 2.32970519e+00 1.95503450e-02
 2.29770642e+00 1.86216236e-02
 2.23027768e+00 1.77429987e-02
 2.25489830e+00 1.69098959e-02
 2.22697397e+00 1.61182042e-02
 2.12093332e+00 1.53642157e-02
 2.08710416e+00 1.46445746e-02
 1.99273561e+00 1.39562322e-02
 1.99700089e+00 1.32964093e-02
 2.01116673e+00 1.26625628e-02
 1.97051744e+00 1.20523568e-02
 1.92702089e+00 1.14636374e-02
 1.94676086e+00 1.08944105e-02
 1.90902642e+00 1.03428222e-02
 1.85708826e+00 9.80714148e-03
 1.84608882e+00 9.28574424e-03
 1.80441749e+00 8.77709975e-03
 1.85028251e+00 8.27975777e-03
 1.78609018e+00 7.79233706e-03
 1.94907914e+00 7.31351477e-03
 1.78812248e+00 6.84201658e-03
 1.90775419e+00 6.37660750e-03
 1.70876813e+00 5.91608319e-03
 1.69373816e+00 5.45926156e-03
 1.74934675e+00 5.00497470e-03
 1.77891858e+00 4.55206100e-03
 1.65417474e+00 4.09935720e-03
 1.74122028e+00 3.64569054e-03
 1.73623177e+00 3.18987061e-03
 1.66406312e+00 2.73068105e-03
 1.73657461e+00 2.26687083e-03
 1.70471459e+00 1.79714500e-03
 1.74920608e+00 1.32015490e-03
 1.74470782e+00 8.34487518e-04
 1.66065794e+00 3.38653940e-04
 1.70998078e+00 -1.68923296e-04
 1.61410027e+00 -6.89924211e-04
 1.72691883e+00 -1.22614696e-03
 1.70302225e+00 -1.77952524e-03
 1.73180347e+00 -2.35214796e-03
 1.77237434e+00 -2.94628137e-03
 1.72413461e+00 -3.56439433e-03
 1.66995336e+00 -4.20918712e-03
 1.79965383e+00 -4.88362447e-03
 1.70824470e+00 -5.59097364e-03
 1.72116066e+00 -6.33484840e-03
 1.72224571e+00 -7.11926013e-03
 1.78718573e+00 -7.94867742e-03
 1.74970004e+00 -8.82809573e-03
 1.85884051e+00 -9.76311938e-03
 1.83082772e+00 -1.07600583e-02
 1.92730084e+00 -1.18260425e-02
 1.90384622e+00 -1.29691588e-02
 1.90067022e+00 -1.41986141e-02
 1.86537882e+00 -1.55249316e-02
 1.86277534e+00 -1.69601879e-02
 2.01172042e+00 -1.85183016e-02
 1.96355217e+00 -2.02153845e-02
 2.01938105e+00 -2.20701748e-02
 2.04656886e+00 -2.41045716e-02
 2.01381871e+00 -2.63443005e-02
 2.20524561e+00 -2.88197482e-02
 2.21257799e+00 -3.15670170e-02
 2.19180933e+00 -3.46292666e-02
 2.16551989e+00 -3.80584387e-02
 2.36700246e+00 -4.19174917e-02
 2.37487911e+00 -4.62833271e-02
 2.42079166e+00 -5.12506628e-02
 2.69629683e+00 -5.69372197e-02
 2.66216774e+00 -6.34907556e-02
 2.71235445e+00 -7.10987380e-02
 2.90928365e+00 -8.00018490e-02
 2.96307641e+00 -9.05131582e-02
 3.07420823e+00 -1.03045852e-01
 3.12297250e+00 -1.18154167e-01
 3.48520669e+00 -1.36595231e-01
 3.71573329e+00 -1.59424938e-01
 3.91166419e+00 -1.88151023e-01
 4.19327577e+00 -2.24985878e-01
 4.56309994e+00 -2.73280687e-01
 4.96324319e+00 -3.38305810e-01
 5.53694191e+00 -4.28731823e-01
 6.08871976e+00 -5.59630625e-01
 7.09803460e+00 -7.59068074e-01
 8.27112518e+00 -1.08414101e+00
 9.99199500e+00 -1.66553334e+00
 1.27500163e+01 -2.85571998e+00
 1.74866348e+01 -5.86399142e+00
 2.55481042e+01 -1.65445102e+01
 8.46105219e+00 -5.27180098e+01
 -2.58783258e+01 -2.20946673e+01
 -1.76138146e+01 -7.21810548e+00
 -1.23989407e+01 -3.35459884e+00
 -9.37057658e+00 -1.91105491e+00
 -7.42122208e+00 -1.22935070e+00
 -5.98045798e+00 -8.56161069e-01
 -5.15720295e+00 -6.30358769e-01
 -4.43214349e+00 -4.83546621e-01
 -3.81686894e+00 -3.82789561e-01
 -3.46976196e+00 -3.10668557e-01
 -3.12712000e+00 -2.57278340e-01
 -2.73710833e+00 -2.16651986e-01
 -2.47046201e+00 -1.85022174e-01
 -2.28928749e+00 -1.59915751e-01
 -2.13010385e+00 -1.39654857e-01
 -1.92517459e+00 -1.23068708e-01
 -1.76812537e+00 -1.09320236e-01
 -1.72115917e+00 -9.77981179e-02
 -1.44682466e+00 -8.80474651e-02
 -1.43918572e+00 -7.97241223e-02
 -1.33028282e+00 -7.25638213e-02
 -1.22993572e+00 -6.63609130e-02
 -1.20335069e+00 -6.09534255e-02
 -1.10601092e+00 -5.62123854e-02
 -1.06110557e+00 -5.20340662e-02
 -1.05888348e+00 -4.83342825e-02
 -8.23680618e-01 -4.50441342e-02
 -9.02876815e-01 -4.21067953e-02
 -8.38774139e-01 -3.94750635e-02
 -7.11710906e-01 -3.71094716e-02
 -7.15007753e-01 -3.49768187e-02
 -5.91788147e-01 -3.30490163e-02
 -7.40135521e-01 -3.13021767e-02
 -6.69596905e-01 -2.97158849e-02
 -6.32274954e-01 -2.82726150e-02
 -5.10302338e-01 -2.69572576e-02
 -5.38962244e-01 -2.57567363e-02
 -4.22046855e-01 -2.46596931e-02
 -4.21105211e-01 -2.36562302e-02
 -4.26205796e-01 -2.27376960e-02
 -3.77861902e-01 -2.18965078e-02
 -3.16652014e-01 -2.11260036e-02
 -3.13603389e-01 -2.04203175e-02
 -3.23793289e-01 -1.97742755e-02
 -2.86365340e-01 -1.91833071e-02
 -3.39284818e-01 -1.86433705e-02
 -2.20964485e-01 -1.81508891e-02
 -2.66739254e-01 -1.77026972e-02
 -2.21145399e-01 -1.72959939e-02
 -2.44522196e-01 -1.69283034e-02
 -2.09917887e-01 -1.65974414e-02
 -1.88242121e-01 -1.63014860e-02
 -1.59718896e-01 -1.60387527e-02
 -1.47964650e-01 -1.58077735e-02
 -9.32814938e-02 -1.56072786e-02
 -6.29490219e-02 -1.54361812e-02
 -1.21202860e-01 -1.52935642e-02
 -1.61183256e-01 -1.51786700e-02
 -9.56149998e-02 -1.50908913e-02
 1.88483510e-02 -1.50297640e-02
 -7.95213006e-02 -1.49949619e-02
 4.82950845e-02 -1.49862925e-02
 9.78651181e-02 -1.50036946e-02
 3.93652270e-02 -1.50472372e-02
 1.66724889e-02 -1.51171196e-02
 9.99421607e-02 -1.52136730e-02
 1.32255855e-01 -1.53373632e-02
 1.17703680e-01 -1.54887952e-02
 1.02472644e-01 -1.56687187e-02
 8.31972601e-02 -1.58780357e-02
 1.54474716e-01 -1.61178095e-02
 1.27223226e-01 -1.63892755e-02
 1.21063733e-01 -1.66938544e-02
 2.12472006e-01 -1.70331675e-02
 2.13599186e-01 -1.74090543e-02
 1.72274558e-01 -1.78235935e-02
 3.24704897e-01 -1.82791275e-02
 2.71480415e-01 -1.87782899e-02
 2.35574946e-01 -1.93240383e-02
 3.42377710e-01 -1.99196921e-02
 3.30192117e-01 -2.05689759e-02
 4.11292684e-01 -2.12760706e-02
 3.95763858e-01 -2.20456724e-02
 3.79341555e-01 -2.28830617e-02
 4.51398352e-01 -2.37941841e-02
 5.10297873e-01 -2.47857447e-02
 3.61528714e-01 -2.58653196e-02
 4.30465133e-01 -2.70414874e-02
 6.05890850e-01 -2.83239848e-02
 6.50213569e-01 -2.97238919e-02
 6.39463209e-01 -3.12538532e-02
 6.19427163e-01 -3.29283434e-02
 7.37271687e-01 -3.47639870e-02
 6.56458776e-01 -3.67799458e-02
 7.89674679e-01 -3.89983905e-02
 7.65070982e-01 -4.14450790e-02
 8.09026958e-01 -4.41500677e-02
 9.59123800e-01 -4.71485939e-02
 9.77436208e-01 -5.04821775e-02
 9.58152856e-01 -5.42000049e-02
 9.59550551e-01 -5.83606836e-02
 1.03243175e+00 -6.30344820e-02
 1.12306372e+00 -6.83062168e-02
 1.20920000e+00 -7.42790091e-02
 1.27757197e+00 -8.10792206e-02
 1.38223593e+00 -8.88630151e-02
 1.46667709e+00 -9.78251832e-02
 1.61239729e+00 -1.08211169e-01
 1.76702874e+00 -1.20333695e-01
 1.76630108e+00 -1.34596113e-01
 2.02038717e+00 -1.51525756e-01
 2.16377141e+00 -1.71822524e-01
 2.26042481e+00 -1.96431159e-01
 2.38430486e+00 -2.26651369e-01
 2.72290840e+00 -2.64310215e-01
 2.98877611e+00 -3.12040322e-01
 3.34652753e+00 -3.73744947e-01
 3.75413877e+00 -4.55407655e-01
 4.14294911e+00 -5.66570625e-01
 4.81532731e+00 -7.23190636e-01
 5.52027484e+00 -9.53544877e-01
 6.56303735e+00 -1.31150434e+00
 7.97965216e+00 -1.90963090e+00
 1.00500441e+01 -3.01328620e+00
 1.31007909e+01 -5.35585669e+00
 1.76427532e+01 -1.13838098e+01
 1.74975433e+01 -2.86340038e+01
 -1.22895158e+01 -3.61775635e+01
 -1.98826168e+01 -1.52149364e+01
 -1.54890073e+01 -6.71399260e+00
 -1.20895744e+01 -3.60865066e+00
 -9.77443676e+00 -2.22170521e+00
 -8.24784288e+00 -1.49732960e+00
 -7.09432305e+00 -1.07484230e+00
 -6.16961166e+00 -8.07932181e-01
 -5.55657646e+00 -6.28890704e-01
 -4.98667392e+00 -5.03079478e-01
 -4.65358362e+00 -4.11341313e-01
 -4.24471651e+00 -3.42402662e-01
 -3.98460975e+00 -2.89285903e-01
 -3.76781764e+00 -2.47488005e-01
 -3.58873924e+00 -2.13998938e-01
 -3.36295678e+00 -1.86745445e-01
 -3.16318329e+00 -1.64262108e-01
 -3.07569222e+00 -1.45489551e-01
 -2.87320719e+00 -1.29646620e-01
 -2.89624426e+00 -1.16147130e-01
 -2.76061992e+00 -1.04544261e-01
 -2.63229015e+00 -9.44926117e-02
 -2.47975346e+00 -8.57217699e-02
 -2.42218877e+00 -7.80175810e-02
 -2.28610504e+00 -7.12086539e-02
 -2.38412699e+00 -6.51564958e-02
 -2.28782464e+00 -5.97482017e-02
 -2.23984697e+00 -5.48909708e-02
 -2.20159436e+00 -5.05079453e-02
 -2.13378818e+00 -4.65350195e-02
 -2.10708938e+00 -4.29183694e-02
 -2.03182633e+00 -3.96125217e-02
 -2.10905777e+00 -3.65788328e-02
 -1.94824799e+00 -3.37842801e-02
 -1.93375034e+00 -3.12004953e-02
 -1.88269868e+00 -2.88029848e-02
 -1.92192002e+00 -2.65704977e-02
 -1.92051489e+00 -2.44845102e-02
 -1.83791237e+00 -2.25288010e-02
 -1.85036752e+00 -2.06891022e-02
 -1.78217063e+00 -1.89528086e-02
 -1.86398577e+00 -1.73087349e-02
 -1.76562485e+00 -1.57469123e-02
 -1.77653773e+00 -1.42584174e-02
 -1.69865947e+00 -1.28352264e-02
 -1.80536940e+00 -1.14700914e-02
 -1.70613739e+00 -1.01564348e-02
 -1.78314283e+00 -8.88825810e-03
 -1.75405129e+00 -7.66006321e-03
 -1.78146267e+00 -6.46678415e-03
 -1.74129195e+00 -5.30372730e-03
 -1.72876531e+00 -4.16651889e-03
 -1.65648812e+00 -3.05105854e-03
 -1.70446336e+00 -1.95347789e-03
 -1.73064976e+00 -8.70103342e-04
 -1.69726537e+00 2.02577575e-04
 -1.73182996e+00 1.26794704e-03
 -1.65708791e+00 2.32928539e-03
 -1.68597560e+00 3.38979774e-03
 -1.76589974e+00 4.45263914e-03
 -1.73246272e+00 5.52093863e-03
 -1.81705790e+00 6.59782271e-03
 -1.83438745e+00 7.68643829e-03
 -1.75415172e+00 8.78997571e-03
 -1.69548273e+00 9.91169199e-03
 -1.76004241e+00 1.10549346e-02
 -1.77669494e+00 1.22231664e-02
 -1.69705185e+00 1.34199913e-02
 -1.82824425e+00 1.46491821e-02
 -1.77301289e+00 1.59147102e-02
 -1.80759155e+00 1.72207774e-02
 -1.80045652e+00 1.85718511e-02
 -1.81181294e+00 1.99727029e-02
 -1.89341351e+00 2.14284509e-02
 -1.88549414e+00 2.29446073e-02
 -1.88117994e+00 2.45271317e-02
 -1.96861662e+00 2.61824905e-02
 -1.99787957e+00 2.79177247e-02
 -1.97813887e+00 2.97405265e-02
 -2.01905503e+00 3.16593266e-02
 -2.01506111e+00 3.36833941e-02
 -2.03660814e+00 3.58229514e-02
 -2.09032152e+00 3.80893061e-02
 -2.14244863e+00 4.04950048e-02
 -2.16667344e+00 4.30540097e-02
 -2.19998361e+00 4.57819066e-02
 -2.22645875e+00 4.86961467e-02
 -2.31414553e+00 5.18163315e-02
 -2.34615653e+00 5.51645478e-02
 -2.45154034e+00 5.87657658e-02
 -2.43341682e+00 6.26483114e-02
 -2.45797168e+00 6.68444306e-02
 -2.51639104e+00 7.13909680e-02
 -2.55864601e+00 7.63301841e-02
 -2.67320540e+00 8.17107470e-02
 -2.62779284e+00 8.75889415e-02
 -2.80878367e+00 9.40301524e-02
 -2.90855790e+00 1.01110694e-01
 -3.00429678e+00 1.08920085e-01
 -3.05728303e+00 1.17563888e-01
 -3.08080966e+00 1.27167296e-01
 -3.27041420e+00 1.37879677e-01
 -3.28964728e+00 1.49880405e-01
 -3.46513602e+00 1.63386385e-01
 -3.65099976e+00 1.78661880e-01
 -3.82656962e+00 1.96031468e-01
 -3.90322869e+00 2.15897321e-01
 -4.08925431e+00 2.38762541e-01
 -4.38473806e+00 2.65263091e-01
 -4.45878452e+00 2.96212138e-01
 -4.70790642e+00 3.32662637e-01
 -5.08918466e+00 3.75997222e-01
 -5.32243973e+00 4.28059905e-01
 -5.72807761e+00 4.91353280e-01
 -6.11931589e+00 5.69341164e-01
 -6.62707142e+00 6.66926072e-01
 -7.27588260e+00 7.91226639e-01
 -7.84991106e+00 9.52889856e-01
 -8.64702722e+00 1.16840046e+00
 -9.66076387e+00 1.46434814e+00
 -1.09485026e+01 1.88577968e+00
 -1.24446999e+01 2.51371053e+00
 -1.45746111e+01 3.50501443e+00
 -1.74512230e+01 5.19284752e+00
 -2.14409882e+01 8.37072190e+00
 -2.70591405e+01 1.51878439e+01
 -3.17094479e+01 3.16592952e+01
 -1.32910302e+01 6.02682516e+01
 2.68563021e+01 4.81396773e+01
 3.02815800e+01 2.26985375e+01
 2.43935581e+01 1.15760847e+01
 1.94899435e+01 6.76953370e+00
 1.61263762e+01 4.38522353e+00
 1.35948269e+01 3.05501511e+00
 1.16959904e+01 2.24413833e+00
 1.02895612e+01 1.71559544e+00
 9.06616026e+00 1.35277463e+00
 8.25279452e+00 1.09329458e+00
 7.46985542e+00 9.01466700e-01
 6.92538204e+00 7.55725626e-01
 6.40157313e+00 6.42437253e-01
 5.93055937e+00 5.52648407e-01
 5.47394002e+00 4.80287062e-01
 5.20003396e+00 4.21119422e-01
 4.87326734e+00 3.72121484e-01
 4.63505326e+00 3.31087302e-01
 4.41114572e+00 2.96377426e-01
 4.26812440e+00 2.66753069e-01
 4.00820134e+00 2.41264199e-01
 3.87706787e+00 2.19172440e-01
 3.72965792e+00 1.99896943e-01
 3.49923490e+00 1.82975726e-01
 3.35554658e+00 1.68037643e-01
 3.22475800e+00 1.54781771e-01
 3.09224714e+00 1.42962043e-01
 3.15018477e+00 1.32375671e-01
 2.99131978e+00 1.22854318e-01
 2.81531852e+00 1.14257300e-01
 2.76427150e+00 1.06466301e-01
 2.75914868e+00 9.93812324e-02
 2.70974379e+00 9.29169573e-02
 2.52389047e+00 8.70006798e-02
 2.55557131e+00 8.15698525e-02
 2.40586134e+00 7.65704849e-02
 2.33961493e+00 7.19557685e-02
 2.33507916e+00 6.76849522e-02
 2.29875597e+00 6.37224173e-02
 2.22142017e+00 6.00369129e-02
 2.16259897e+00 5.66009202e-02
 2.23399002e+00 5.33901212e-02
 2.17609318e+00 5.03829531e-02
 2.04429830e+00 4.75602335e-02
 2.04421718e+00 4.49048414e-02
 2.07943227e+00 4.24014477e-02
 1.98988555e+00 4.00362846e-02
 2.01651183e+00 3.77969473e-02
 1.93379229e+00 3.56722249e-02
 1.89144298e+00 3.36519531e-02
 1.89086817e+00 3.17268874e-02
 1.85169340e+00 2.98885920e-02
 1.83556261e+00 2.81293436e-02
 1.75006400e+00 2.64420467e-02
 1.80129548e+00 2.48201586e-02
 1.82641430e+00 2.32576236e-02
 1.81774363e+00 2.17488146e-02
 1.79299557e+00 2.02884805e-02
 1.74724296e+00 1.88716990e-02
 1.72384969e+00 1.74938343e-02
 1.75454580e+00 1.61504986e-02
 1.71873976e+00 1.48375160e-02
 1.57781529e+00 1.35508903e-02
 1.78890440e+00 1.22867741e-02
 1.72975403e+00 1.10414398e-02
 1.67189695e+00 9.81125226e-03
 1.60748404e+00 8.59264216e-03
 1.74761925e+00 7.38207987e-03
 1.68870979e+00 6.17604976e-03
 1.63736991e+00 4.97102427e-03
 1.63980122e+00 3.76343756e-03
 1.71424500e+00 2.54965822e-03
 1.65143467e+00 1.32596080e-03
 1.70729203e+00 8.84956369e-05
 1.57760540e+00 -1.16674355e-03
 1.61268049e+00 -2.44395470e-03
 1.70328526e+00 -3.74756577e-03
 1.64347017e+00 -5.08227715e-03
 1.55402274e+00 -6.45310886e-03
 1.66987730e+00 -7.86545345e-03
 1.66163575e+00 -9.32513589e-03
 1.65491750e+00 -1.08384815e-02
 1.62548668e+00 -1.24123938e-02
 1.65893460e+00 -1.40544437e-02
 1.70348900e+00 -1.57729731e-02
 1.67785093e+00 -1.75772144e-02
 1.82498758e+00 -1.94774307e-02
 1.81780888e+00 -2.14850799e-02
 1.68423174e+00 -2.36130078e-02
 1.83271503e+00 -2.58756768e-02
 1.77840329e+00 -2.82894378e-02
 1.83957698e+00 -3.08728552e-02
 1.94046359e+00 -3.36470968e-02
 1.92841177e+00 -3.66364055e-02
 1.97944887e+00 -3.98686703e-02
 1.91739282e+00 -4.33761255e-02
 1.97030285e+00 -4.71962069e-02
 1.97862982e+00 -5.13726127e-02
 1.93697668e+00 -5.59566213e-02
 2.05016392e+00 -6.10087438e-02
 2.11279261e+00 -6.66008104e-02
 2.16897677e+00 -7.28186254e-02
 2.24660152e+00 -7.97653762e-02
 2.26796016e+00 -8.75660497e-02
 2.27696241e+00 -9.63732122e-02
 2.34799203e+00 -1.06374654e-01
 2.50618537e+00 -1.17803617e-01
 2.52497093e+00 -1.30952659e-01
 2.70369073e+00 -1.46192687e-01
 2.69493615e+00 -1.63999512e-01
 2.80403185e+00 -1.84991478e-01
 2.97154265e+00 -2.09983784e-01
 3.07696227e+00 -2.40068483e-01
 3.33505943e+00 -2.76734969e-01
 3.45370723e+00 -3.22056040e-01
 3.75359956e+00 -3.78983493e-01
 3.92837871e+00 -4.51833043e-01
 4.36816885e+00 -5.47109610e-01
 4.80863383e+00 -6.74972727e-01
 5.22879028e+00 -8.51970000e-01
 5.78252731e+00 -1.10643897e+00
 6.63499137e+00 -1.48993236e+00
 7.61701098e+00 -2.10337989e+00
 9.07454627e+00 -3.16258568e+00
 1.08911315e+01 -5.17637549e+00
 1.29284272e+01 -9.42103819e+00
 1.22573666e+01 -1.82213929e+01
 -2.65529584e-01 -2.54869600e+01
 -1.14422088e+01 -1.69230548e+01
 -1.15596965e+01 -8.74470393e+00
 -9.42848354e+00 -4.87902582e+00
 -7.64732983e+00 -3.02250622e+00
 -6.32745253e+00 -2.03255661e+00
 -5.35183161e+00 -1.45276280e+00
 -4.63468534e+00 -1.08710647e+00
 -3.98175124e+00 -8.42787688e-01
 -3.56332197e+00 -6.71913446e-01
 -3.08655258e+00 -5.47930669e-01
 -2.79259448e+00 -4.55222178e-01
 -2.53798641e+00 -3.84141481e-01
 -2.33126294e+00 -3.28480127e-01
 -2.06560298e+00 -2.84100650e-01
 -1.95225860e+00 -2.48162099e-01
 -1.84869145e+00 -2.18662638e-01
 -1.63005092e+00 -1.94159464e-01
 -1.53263391e+00 -1.73591796e-01
 -1.38633271e+00 -1.56165838e-01
 -1.26996282e+00 -1.41278162e-01
 -1.19565477e+00 -1.28463518e-01
 -1.16547514e+00 -1.17358593e-01
 -9.98542399e-01 -1.07676374e-01
 -1.01308352e+00 -9.91877280e-02
 -9.59346016e-01 -9.17079594e-02
 -8.78845320e-01 -8.50868731e-02
 -7.36791230e-01 -7.92013350e-02
 -7.70044383e-01 -7.39496377e-02
 -7.09916920e-01 -6.92471889e-02
 -6.37309477e-01 -6.50231785e-02
 -6.51824501e-01 -6.12179799e-02
 -6.27119964e-01 -5.77811051e-02
 -4.68253810e-01 -5.46695841e-02
 -5.67540834e-01 -5.18466700e-02
 -5.30292532e-01 -4.92807978e-02
 -5.51127252e-01 -4.69447415e-02
 -4.71761962e-01 -4.48149278e-02
 -4.62585650e-01 -4.28708730e-02
 -3.78520985e-01 -4.10947206e-02
 -3.81189329e-01 -3.94708574e-02
 -3.85553282e-01 -3.79855949e-02
 -2.95910068e-01 -3.66269026e-02
 -2.81527637e-01 -3.53841848e-02
 -2.73279575e-01 -3.42480924e-02
 -2.47712490e-01 -3.32103634e-02
 -2.80578415e-01 -3.22636888e-02
 -2.23716738e-01 -3.14015971e-02
 -2.57424895e-01 -3.06183571e-02
 -9.91324083e-02 -2.99088941e-02
 -1.23228013e-01 -2.92687184e-02
 -6.76988945e-02 -2.86938640e-02
 -8.55873889e-02 -2.81808362e-02
 -5.66032267e-02 -2.77265663e-02
 -4.16225105e-02 -2.73283735e-02
 -6.26884648e-02 -2.69839312e-02
 -5.57659783e-02 -2.66912396e-02
 -7.06051638e-02 -2.64486020e-02
 2.29157710e-02 -2.62546043e-02
 1.10032035e-02 -2.61080995e-02
 1.26573235e-01 -2.60081936e-02
 -7.41735374e-02 -2.59542359e-02
 1.99973253e-02 -2.59458106e-02
 -3.33103610e-02 -2.59827323e-02
 6.09883121e-02 -2.60650423e-02
 9.18303969e-02 -2.61930093e-02
 9.76518071e-02 -2.63671301e-02
 4.97406328e-02 -2.65881349e-02
 1.57479739e-01 -2.68569931e-02
 1.73368179e-01 -2.71749233e-02
 2.13032692e-01 -2.75434047e-02
 2.83489552e-01 -2.79641922e-02
 1.24116811e-01 -2.84393341e-02
 2.20387959e-01 -2.89711940e-02
 2.65298212e-01 -2.95624757e-02
 2.07069191e-01 -3.02162534e-02
 2.52360844e-01 -3.09360058e-02
 3.37002077e-01 -3.17256570e-02
 3.55371145e-01 -3.25896229e-02
 4.20393281e-01 -3.35328655e-02
 3.79340520e-01 -3.45609561e-02
 4.20551673e-01 -3.56801478e-02
 3.48384559e-01 -3.68974609e-02
 4.88829057e-01 -3.82207814e-02
 4.77322161e-01 -3.96589761e-02
 4.72463102e-01 -4.12220276e-02
 4.61887696e-01 -4.29211921e-02
 5.08488616e-01 -4.47691852e-02
 6.10449476e-01 -4.67804013e-02
 7.28367691e-01 -4.89711730e-02
 6.61288956e-01 -5.13600800e-02
 6.97097470e-01 -5.39683179e-02
 7.01427153e-01 -5.68201394e-02
 6.61661193e-01 -5.99433871e-02
 8.01225902e-01 -6.33701380e-02
 8.58595439e-01 -6.71374872e-02
 9.57584334e-01 -7.12885076e-02
 9.32293469e-01 -7.58734310e-02
 9.36055903e-01 -8.09511114e-02
 1.01448093e+00 -8.65908488e-02
 1.12156963e+00 -9.28746807e-02
 1.13245321e+00 -9.99002810e-02
 1.17127327e+00 -1.07784659e-01
 1.23888961e+00 -1.16668920e-01
 1.32465315e+00 -1.26724446e-01
 1.43232403e+00 -1.38161011e-01
 1.50379986e+00 -1.51237545e-01
 1.57565889e+00 -1.66276572e-01
 1.65334382e+00 -1.83683855e-01
 1.83775553e+00 -2.03975459e-01
 1.94676939e+00 -2.27815646e-01
 2.12622092e+00 -2.56070804e-01
 2.25756890e+00 -2.89887642e-01
 2.39911603e+00 -3.30808899e-01
 2.68766534e+00 -3.80948533e-01
 2.89452564e+00 -4.43263808e-01
 3.11788699e+00 -5.21990194e-01
 3.53194619e+00 -6.23359580e-01
 3.76931317e+00 -7.56831261e-01
 4.31510231e+00 -9.37293854e-01
 4.89919960e+00 -1.18920272e+00
 5.64168711e+00 -1.55480916e+00
 6.73742803e+00 -2.11162955e+00
 7.88346950e+00 -3.01229278e+00
 9.47329878e+00 -4.58188654e+00
 1.14586543e+01 -7.55992207e+00
 1.27359856e+01 -1.35253182e+01
 8.06376587e+00 -2.31881995e+01
 -6.24352805e+00 -2.51504516e+01
 -1.35450586e+01 -1.56799525e+01
 -1.29732244e+01 -8.68596163e+00
 -1.10446303e+01 -5.15985242e+00
 -9.29243746e+00 -3.33533623e+00
 -7.97971584e+00 -2.30824893e+00
 -7.04486020e+00 -1.68314901e+00
 -6.26049460e+00 -1.27771725e+00
 -5.63106839e+00 -1.00101821e+00
 -5.20037206e+00 -8.04257594e-01
 -4.76505854e+00 -6.59562620e-01
 -4.39488658e+00 -5.50150218e-01
 -4.09825314e+00 -4.65455869e-01
 -3.81487349e+00 -3.98573972e-01
 -3.61734800e+00 -3.44842497e-01
 -3.42303233e+00 -3.01025028e-01
 -3.33958719e+00 -2.64819538e-01
 -3.12274621e+00 -2.34553279e-01
 -3.00196375e+00 -2.08987583e-01
 -2.87024781e+00 -1.87189658e-01
 -2.79863781e+00 -1.68446382e-01
 -2.70263068e+00 -1.52205116e-01
 -2.59688892e+00 -1.38032283e-01
 -2.56594957e+00 -1.25583892e-01
 -2.50692047e+00 -1.14584212e-01
 -2.32088706e+00 -1.04810147e-01
 -2.27586004e+00 -9.60796130e-02
 -2.29537074e+00 -8.82428048e-02
 -2.18831970e+00 -8.11755524e-02
 -2.21904673e+00 -7.47742175e-02
 -2.14125552e+00 -6.89517351e-02
 -2.10474074e+00 -6.36345154e-02
 -2.07626433e+00 -5.87599998e-02
 -2.01171585e+00 -5.42747166e-02
 -2.10584484e+00 -5.01327243e-02
 -1.94148150e+00 -4.62943550e-02
 -1.94711185e+00 -4.27251950e-02
 -1.96866155e+00 -3.93952518e-02
 -1.97407199e+00 -3.62782693e-02
 -1.87491192e+00 -3.33511629e-02
 -1.92113665e+00 -3.05935489e-02
 -1.90248290e+00 -2.79873529e-02
 -1.83668033e+00 -2.55164806e-02
 -1.85103767e+00 -2.31665397e-02
 -1.85606020e+00 -2.09246054e-02
 -1.69212996e+00 -1.87790197e-02
 -1.79749363e+00 -1.67192205e-02
 -1.89194161e+00 -1.47355943e-02
 -1.85193232e+00 -1.28193494e-02
 -1.77326186e+00 -1.09624050e-02
 -1.78059517e+00 -9.15729556e-03
 -1.76016332e+00 -7.39708616e-03
 -1.75762086e+00 -5.67529772e-03
 -1.74750352e+00 -3.98584084e-03
 -1.77136097e+00 -2.32295646e-03
 -1.81638706e+00 -6.81162242e-04
 -1.75743058e+00 9.44796199e-04
 -1.74271807e+00 2.55999013e-03
 -1.76813104e+00 4.16934938e-03
 -1.73005275e+00 5.77770145e-03
 -1.81429396e+00 7.38980880e-03
 -1.80126344e+00 9.01040473e-03
 -1.86321574e+00 1.06442284e-02
 -1.78820158e+00 1.22960596e-02
 -1.83687529e+00 1.39707536e-02
 -1.74758780e+00 1.56732765e-02
 -1.79315816e+00 1.74087419e-02
 -1.86802959e+00 1.91824490e-02
 -1.75536289e+00 2.09999230e-02
 -1.75512149e+00 2.28669578e-02
 -1.77392817e+00 2.47896625e-02
 -1.83844066e+00 2.67745120e-02
 -1.94212419e+00 2.88284015e-02
 -1.83649452e+00 3.09587080e-02
 -1.87192499e+00 3.31733575e-02
 -1.91696198e+00 3.54809004e-02
 -1.89475007e+00 3.78905965e-02
 -1.96146749e+00 4.04125105e-02
 -2.07653351e+00 4.30576202e-02
 -2.01262560e+00 4.58379398e-02
 -1.95355298e+00 4.87666608e-02
 -2.10140544e+00 5.18583136e-02
 -2.16254435e+00 5.51289535e-02
 -2.19905824e+00 5.85963759e-02
 -2.20732687e+00 6.22803655e-02
 -2.14056400e+00 6.62029870e-02
 -2.31620913e+00 7.03889249e-02
 -2.25993768e+00 7.48658818e-02
 -2.38327249e+00 7.96650484e-02
 -2.38452298e+00 8.48216589e-02
 -2.45557945e+00 9.03756516e-02
 -2.51048546e+00 9.63724572e-02
 -2.57761931e+00 1.02863944e-01
 -2.64277624e+00 1.09909559e-01
 -2.65840175e+00 1.17577705e-01
 -2.84484875e+00 1.25947425e-01
 -2.86036456e+00 1.35110461e-01
 -2.87873382e+00 1.45173793e-01
 -2.97219124e+00 1.56262788e-01
 -3.01345097e+00 1.68525132e-01
 -3.13766033e+00 1.82135781e-01
 -3.21756589e+00 1.97303230e-01
 -3.29345604e+00 2.14277536e-01
 -3.50374777e+00 2.33360656e-01
 -3.57086603e+00 2.54919915e-01
 -3.77665502e+00 2.79405714e-01
 -3.86450603e+00 3.07375092e-01
 -4.09552769e+00 3.39523429e-01
 -4.24627837e+00 3.76727690e-01
 -4.47564417e+00 4.20106220e-01
 -4.77929478e+00 4.71102759e-01
 -5.00465563e+00 5.31606462e-01
 -5.38990295e+00 6.04126647e-01
 -5.69372923e+00 6.92052546e-01
 -6.03921270e+00 8.00048464e-01
 -6.50781593e+00 9.34670678e-01
 -7.02967625e+00 1.10535897e+00
 -7.70100796e+00 1.32608362e+00
 -8.46908176e+00 1.61818533e+00
 -9.31222587e+00 2.01548515e+00
 -1.04314929e+01 2.57393595e+00
 -1.19057713e+01 3.39087855e+00
 -1.37993862e+01 4.64583380e+00
 -1.61638225e+01 6.69215971e+00
 -1.88470090e+01 1.02698294e+01
 -2.17263847e+01 1.69466635e+01
 -2.12472187e+01 2.91727526e+01
 -7.67243412e+00 4.32236534e+01
 1.45147729e+01 3.91484747e+01
 2.21741149e+01 2.41086961e+01
 2.06113352e+01 1.40990381e+01
 1.77072464e+01 8.78078984e+00
 1.51127948e+01 5.86987596e+00
 1.29363246e+01 4.16016354e+00
 1.12357073e+01 3.08683000e+00
 1.00507090e+01 2.37445749e+00
 8.93858926e+00 1.87968150e+00
 8.04006640e+00 1.52301535e+00
 7.35900281e+00 1.25787724e+00
 6.70304125e+00 1.05564031e+00
 6.29442643e+00 8.97982883e-01
 5.86778932e+00 7.72763183e-01
 5.55300740e+00 6.71689105e-01
 5.21860310e+00 5.88947511e-01
 4.83982357e+00 5.20368600e-01
 4.52442942e+00 4.62900206e-01
 4.46952306e+00 4.14267726e-01
 4.18862429e+00 3.72748586e-01
 3.99054345e+00 3.37019304e-01
 3.82339421e+00 3.06049694e-01
 3.66648112e+00 2.79028323e-01
 3.45474418e+00 2.55309143e-01
 3.39889946e+00 2.34372678e-01
 3.27208981e+00 2.15797429e-01
 3.11819726e+00 1.99238528e-01
 3.00596700e+00 1.84411619e-01
 2.98020723e+00 1.71080553e-01
 2.92147850e+00 1.59047908e-01
 2.71119777e+00 1.48147609e-01
 2.72396882e+00 1.38239132e-01
 2.60223402e+00 1.29202926e-01
 2.47432915e+00 1.20936760e-01
 2.46696175e+00 1.13352788e-01
 2.44485790e+00 1.06375181e-01
 2.32775517e+00 9.99381956e-02
 2.32582508e+00 9.39846011e-02
 2.30708592e+00 8.84643787e-02
 2.31628051e+00 8.33336489e-02
 2.20618882e+00 7.85537790e-02
 2.17851404e+00 7.40906373e-02
 2.13423434e+00 6.99139674e-02
 2.13833869e+00 6.59968608e-02
 2.06068318e+00 6.23153103e-02
 1.99567697e+00 5.88478303e-02
 2.00232380e+00 5.55751331e-02
 1.91490773e+00 5.24798509e-02
 1.95776109e+00 4.95462978e-02
 1.87508467e+00 4.67602631e-02
 1.90130421e+00 4.41088333e-02
 1.80202180e+00 4.15802366e-02
 1.74885503e+00 3.91637077e-02
 1.80368439e+00 3.68493689e-02
 1.78309206e+00 3.46281256e-02
 1.76057432e+00 3.24915740e-02
 1.79045299e+00 3.04319195e-02
 1.68188661e+00 2.84419036e-02
 1.72671944e+00 2.65147378e-02
 1.74902034e+00 2.46440457e-02
 1.73817422e+00 2.28238082e-02
 1.72966069e+00 2.10483157e-02
 1.69115631e+00 1.93121221e-02
 1.67246360e+00 1.76100033e-02
 1.61978045e+00 1.59369178e-02
 1.65306487e+00 1.42879696e-02
 1.66320288e+00 1.26583719e-02
 1.55567730e+00 1.10434130e-02
 1.64247613e+00 9.43842136e-03
 1.59933431e+00 7.83873222e-03
 1.72370314e+00 6.23965249e-03
 1.63772373e+00 4.63642563e-03
 1.54388529e+00 3.02419483e-03
 1.65579164e+00 1.39796429e-03
 1.59119529e+00 -2.47442044e-04
 1.59821256e+00 -1.91742494e-03
 1.59835542e+00 -3.61765831e-03
 1.64351708e+00 -5.35414246e-03
 1.55277337e+00 -7.13326318e-03
 1.62212239e+00 -8.96185785e-03
 1.66171121e+00 -1.08472898e-02
 1.63020329e+00 -1.27975329e-02
 1.67583091e+00 -1.48212676e-02
 1.65684244e+00 -1.69279914e-02
 1.69401920e+00 -1.91281466e-02
 1.74072099e+00 -2.14332680e-02
 1.69853675e+00 -2.38561544e-02
 1.71487668e+00 -2.64110711e-02
 1.74224278e+00 -2.91139864e-02
 1.70807291e+00 -3.19828519e-02
 1.71367976e+00 -3.50379351e-02
 1.72758987e+00 -3.83022171e-02
 1.77865870e+00 -4.18018681e-02
 1.81145380e+00 -4.55668225e-02
 1.92780067e+00 -4.96314747e-02
 1.89104884e+00 -5.40355281e-02
 1.75596560e+00 -5.88250358e-02
 1.91700664e+00 -6.40536848e-02
 1.91205102e+00 -6.97843922e-02
 1.93918510e+00 -7.60912998e-02
 1.96054097e+00 -8.30622892e-02
 2.09377008e+00 -9.08021752e-02
 2.22065352e+00 -9.94367962e-02
 2.28949074e+00 -1.09118300e-01
 2.24801657e+00 -1.20032040e-01
 2.38505441e+00 -1.32405673e-01
 2.32390120e+00 -1.46521283e-01
 2.42177621e+00 -1.62731749e-01
 2.51356573e+00 -1.81483129e-01
 2.66540026e+00 -2.03345719e-01
 2.69787362e+00 -2.29057822e-01
 2.78098185e+00 -2.59588523e-01
 2.96100145e+00 -2.96229427e-01
 3.22370955e+00 -3.40731600e-01
 3.33089833e+00 -3.95514823e-01
 3.63267859e+00 -4.63995814e-01
 3.79667698e+00 -5.51118402e-01
 4.15048853e+00 -6.64238646e-01
 4.40367961e+00 -8.14658677e-01
 4.79898059e+00 -1.02039877e+00
 5.30571898e+00 -1.31144832e+00
 5.97891245e+00 -1.74023508e+00
 6.74775071e+00 -2.40360310e+00
 7.83922196e+00 -3.49073677e+00
 8.96322879e+00 -5.38460412e+00
 9.73495915e+00 -8.80256687e+00
 8.07770745e+00 -1.42831588e+01
 9.33472447e-01 -1.82312386e+01
 -6.62480050e+00 -1.46939741e+01
 -8.54698477e+00 -9.12534266e+00
 -7.85242625e+00 -5.57357338e+00
 -6.71335086e+00 -3.60301469e+00
 -5.70277535e+00 -2.47545953e+00
 -4.77547364e+00 -1.78993300e+00
 -4.20073819e+00 -1.34827270e+00
 -3.58590945e+00 -1.04933149e+00
 -3.19058345e+00 -8.38535039e-01
 -2.87465527e+00 -6.84762706e-01
 -2.59411984e+00 -5.69364933e-01
 -2.31362683e+00 -4.80671954e-01
 -1.99175420e+00 -4.11103410e-01
 -1.90664837e+00 -3.55573328e-01
 -1.89391754e+00 -3.10571859e-01
 -1.61498999e+00 -2.73616402e-01
 -1.55233344e+00 -2.42912423e-01
 -1.32745034e+00 -2.17137558e-01
 -1.26285711e+00 -1.95300530e-01
 -1.18654065e+00 -1.76646745e-01
 -1.17344187e+00 -1.60593782e-01
 -1.02002343e+00 -1.46686442e-01
 -1.00852415e+00 -1.34564887e-01
 -9.38963338e-01 -1.23941696e-01
 -8.51407241e-01 -1.14585101e-01
 -7.56589099e-01 -1.06306574e-01
 -7.32051007e-01 -9.89515177e-02
 -7.75495830e-01 -9.23922227e-02
 -6.96822128e-01 -8.65224593e-02
 -6.94403377e-01 -8.12533027e-02
 -5.98689374e-01 -7.65098730e-02
 -4.97454815e-01 -7.22287700e-02
 -4.93067909e-01 -6.83560383e-02
 -4.45625171e-01 -6.48455420e-02
 -4.73348458e-01 -6.16576570e-02
 -3.62797386e-01 -5.87582119e-02
 -3.81996795e-01 -5.61176254e-02
 -3.70037428e-01 -5.37102002e-02
 -3.14257050e-01 -5.15135404e-02
 -2.54965189e-01 -4.95080697e-02
 -1.58717643e-01 -4.76766313e-02
 -2.22049187e-01 -4.60041524e-02
 -1.74534892e-01 -4.44773636e-02
 -2.14780416e-01 -4.30845628e-02
 -1.12818816e-01 -4.18154148e-02
 -1.64557594e-01 -4.06607822e-02
 -1.42381803e-01 -3.96125815e-02
 -1.51224924e-01 -3.86636598e-02
 -1.39645711e-01 -3.78076906e-02
 -1.37961808e-01 -3.70390833e-02
 2.46408356e-02 -3.63529072e-02
 -1.24264077e-02 -3.57448249e-02
 -2.59857142e-02 -3.52110361e-02
 -3.85812723e-02 -3.47482296e-02
 8.91107936e-03 -3.43535418e-02
 -5.20876602e-03 -3.40245218e-02
 6.16586863e-02 -3.37591018e-02
 5.35598720e-04 -3.35555726e-02
 1.53066770e-01 -3.34125631e-02
 6.59310220e-02 -3.33290240e-02
 5.71234542e-02 -3.33042154e-02
 2.91056554e-02 -3.33376967e-02
 1.34221836e-01 -3.34293213e-02
 1.30349216e-01 -3.35792330e-02
 1.40801454e-01 -3.37878661e-02
 2.12285811e-01 -3.40559485e-02
 1.10252334e-01 -3.43845073e-02
 1.52543533e-01 -3.47748781e-02
 2.00194203e-01 -3.52287175e-02
 2.87908547e-01 -3.57480184e-02
 3.92907577e-01 -3.63351299e-02
 2.64590975e-01 -3.69927809e-02
 2.79807805e-01 -3.77241078e-02
 3.16987324e-01 -3.85326880e-02
 2.66767085e-01 -3.94225786e-02
 3.40695172e-01 -4.03983610e-02
 4.70195323e-01 -4.14651936e-02
 3.46232760e-01 -4.26288727e-02
 4.73978800e-01 -4.38959022e-02
 5.13266494e-01 -4.52735754e-02
 4.39332007e-01 -4.67700694e-02
 5.04226343e-01 -4.83945545e-02
 4.78147448e-01 -5.01573218e-02
 4.94172969e-01 -5.20699319e-02
 5.41792250e-01 -5.41453880e-02
 5.81785732e-01 -5.63983397e-02
 6.28458951e-01 -5.88453215e-02
 6.26589433e-01 -6.15050346e-02
 7.14055820e-01 -6.43986797e-02
 6.34757666e-01 -6.75503535e-02
 6.87207378e-01 -7.09875193e-02
 7.43522412e-01 -7.47415730e-02
 9.33573826e-01 -7.88485221e-02
 8.06945252e-01 -8.33498077e-02
 8.75313075e-01 -8.82933028e-02
 9.98011719e-01 -9.37345319e-02
 9.61130636e-01 -9.97381704e-02
 1.03420340e+00 -1.06379897e-01
 1.07034187e+00 -1.13748702e-01
 1.07594447e+00 -1.21949776e-01
 1.24052497e+00 -1.31108159e-01
 1.31878638e+00 -1.41373387e-01
 1.38476108e+00 -1.52925450e-01
 1.34384533e+00 -1.65982513e-01
 1.49867427e+00 -1.80811007e-01
 1.57971056e+00 -1.97738979e-01
 1.69015406e+00 -2.17173919e-01
 1.76909933e+00 -2.39626901e-01
 1.92438560e+00 -2.65745685e-01
 2.04879856e+00 -2.96360786e-01
 2.18941110e+00 -3.32550613e-01
 2.44621372e+00 -3.75735201e-01
 2.55719530e+00 -4.27813713e-01
 2.72463605e+00 -4.91370483e-01
 3.04060186e+00 -5.69991164e-01
 3.29282135e+00 -6.68760772e-01
 3.67105941e+00 -7.95071696e-01
 3.99259113e+00 -9.59978534e-01
 4.35501474e+00 -1.18055508e+00
 5.04610546e+00 -1.48416602e+00
 5.65094319e+00 -1.91656106e+00
 6.62140924e+00 -2.55792873e+00
 7.51431275e+00 -3.55599754e+00
 8.74548235e+00 -5.19461075e+00
 9.94065855e+00 -8.01662578e+00
 1.02410783e+01 -1.28458851e+01
 6.42541627e+00 -1.93189388e+01
 -3.06471692e+00 -2.15317279e+01
 -1.01542150e+01 -1.61670974e+01
 -1.14458236e+01 -1.02061988e+01
 -1.05681930e+01 -6.45893222e+00
 -9.24395185e+00 -4.30264084e+00
 -8.09085019e+00 -3.02291729e+00
 -7.13081928e+00 -2.22182789e+00
 -6.52780581e+00 -1.69390426e+00
 -5.84481464e+00 -1.33018342e+00
 -5.39877651e+00 -1.07003853e+00
 -4.88917727e+00 -8.78038829e-01
 -4.56001584e+00 -7.32527825e-01
 -4.29322117e+00 -6.19733351e-01
 -3.96356550e+00 -5.30588644e-01
 -3.76250304e+00 -4.58941477e-01
 -3.52258855e+00 -4.00505224e-01
 -3.45522086e+00 -3.52222682e-01
 -3.31570788e+00 -3.11867999e-01
 -3.11354675e+00 -2.77790567e-01
 -3.00739277e+00 -2.48746072e-01
 -2.87308053e+00 -2.23782516e-01
 -2.90432748e+00 -2.02161752e-01
 -2.70738151e+00 -1.83304458e-01
 -2.60821731e+00 -1.66750905e-01
 -2.46694330e+00 -1.52132558e-01
 -2.40335726e+00 -1.39151218e-01
 -2.45880772e+00 -1.27563519e-01
 -2.41804234e+00 -1.17169255e-01
 -2.31952630e+00 -1.07802508e-01
 -2.18606312e+00 -9.93248188e-02
 -2.18071418e+00 -9.16198992e-02
 -2.11445271e+00 -8.45894839e-02
 -2.25956060e+00 -7.81500634e-02
 -2.12200182e+00 -7.22302820e-02
 -2.06339573e+00 -6.67688556e-02
 -1.94330659e+00 -6.17128905e-02
 -2.00961908e+00 -5.70165197e-02
 -1.97050766e+00 -5.26397884e-02
 -1.94484887e+00 -4.85477391e-02
 -1.95305041e+00 -4.47096550e-02
 -2.01004560e+00 -4.10984318e-02
 -1.87759989e+00 -3.76900540e-02
 -1.84014631e+00 -3.44631546e-02
 -1.93640289e+00 -3.13986446e-02
 -1.82229889e+00 -2.84793991e-02
 -1.86888475e+00 -2.56899899e-02
 -1.85048401e+00 -2.30164576e-02
 -1.73785104e+00 -2.04461149e-02
 -1.88912061e+00 -1.79673780e-02
 -1.79625089e+00 -1.55696195e-02
 -1.72720730e+00 -1.32430407e-02
 -1.77599045e+00 -1.09785592e-02
 -1.76455104e+00 -8.76771085e-03
 -1.81943295e+00 -6.60256119e-03
 -1.86862386e+00 -4.47562783e-03
 -1.85738204e+00 -2.37980978e-03
 -1.73754327e+00 -3.08323507e-04
 -1.80861227e+00 1.74535555e-03
 -1.76838717e+00 3.78754718e-03
 -1.77883486e+00 5.82441710e-03
 -1.79614713e+00 7.86202484e-03
 -1.72298936e+00 9.90636974e-03
 -1.90830800e+00 1.19634356e-02
 -1.73759641e+00 1.40392345e-02
 -1.86121061e+00 1.61398508e-02
 -1.83952013e+00 1.82714854e-02
 -1.84104146e+00 2.04405012e-02
 -1.91204441e+00 2.26534702e-02
 -1.85853263e+00 2.49172233e-02
 -1.89169800e+00 2.72389027e-02
 -1.89322589e+00 2.96260187e-02
 -1.91266864e+00 3.20865106e-02
 -1.95049498e+00 3.46288137e-02
 -1.92249805e+00 3.72619328e-02
 -1.94670400e+00 3.99955236e-02
 -1.91145843e+00 4.28399836e-02
 -1.91174557e+00 4.58065535e-02
 -1.89547345e+00 4.89074319e-02
 -2.06926483e+00 5.21559051e-02
 -2.06448758e+00 5.55664937e-02
 -2.08891037e+00 5.91551214e-02
 -2.08870845e+00 6.29393069e-02
 -2.16697226e+00 6.69383857e-02
 -2.08305353e+00 7.11737655e-02
 -2.21928787e+00 7.56692222e-02
 -2.26590440e+00 8.04512449e-02
 -2.27152128e+00 8.55494379e-02
 -2.30175161e+00 9.09969924e-02
 -2.34300135e+00 9.68312414e-02
 -2.45663574e+00 1.03094316e-01
 -2.36971095e+00 1.09833922e-01
 -2.44377041e+00 1.17104273e-01
 -2.50797024e+00 1.24967194e-01
 -2.58279164e+00 1.33493465e-01
 -2.66888548e+00 1.42764439e-01
 -2.77281547e+00 1.52874004e-01
 -2.76675814e+00 1.63930994e-01
 -2.78916528e+00 1.76062144e-01
 -2.90760297e+00 1.89415758e-01
 -3.05138235e+00 2.04166271e-01
 -3.18781353e+00 2.20519980e-01
 -3.33403633e+00 2.38722288e-01
 -3.40212000e+00 2.59066941e-01
 -3.54865552e+00 2.81907900e-01
 -3.57266270e+00 3.07674752e-01
 -3.82381646e+00 3.36892903e-01
 -3.94333249e+00 3.70210324e-01
 -4.11427224e+00 4.08433391e-01
 -4.32803066e+00 4.52575512e-01
 -4.49217680e+00 5.03923994e-01
 -4.77736593e+00 5.64133370e-01
 -5.00571499e+00 6.35357769e-01
 -5.21750767e+00 7.20442018e-01
 -5.53521854e+00 8.23202933e-01
 -6.05715649e+00 9.48852396e-01
 -6.38885423e+00 1.10464897e+00
 -6.85560948e+00 1.30092844e+00
 -7.49746855e+00 1.55278208e+00
 -8.25884392e+00 1.88288083e+00
 -8.93611637e+00 2.32640178e+00
 -1.00156168e+01 2.93996567e+00
 -1.12541248e+01 3.81852580e+00
 -1.27626614e+01 5.12850518e+00
 -1.45682853e+01 7.17410854e+00
 -1.65893782e+01 1.05236372e+01
 -1.81928411e+01 1.61709906e+01
 -1.67933529e+01 2.51299893e+01
 -7.67995653e+00 3.46577847e+01
 7.91794901e+00 3.44861942e+01
 1.67747719e+01 2.48698193e+01
 1.80166990e+01 1.60038885e+01
 1.64539629e+01 1.04355042e+01
 1.44526897e+01 7.13026694e+00
 1.25747314e+01 5.10810300e+00
 1.09827516e+01 3.81072220e+00
 9.96286025e+00 2.93912886e+00
 8.87248610e+00 2.32951048e+00
 8.07356097e+00 1.88825283e+00
 7.31501087e+00 1.55944842e+00
 6.84307199e+00 1.30831504e+00
 6.24685175e+00 1.11240833e+00
 5.82145672e+00 9.56771039e-01
 5.39394096e+00 8.31148907e-01
 5.08160041e+00 7.28334011e-01
 4.85801950e+00 6.43146521e-01
 4.64971950e+00 5.71790191e-01
 4.36218722e+00 5.11433533e-01
 4.18220180e+00 4.59931106e-01
 3.83037360e+00 4.15634049e-01
 3.77537423e+00 3.77258729e-01
 3.63186051e+00 3.43794090e-01
 3.48621816e+00 3.14435216e-01
 3.43818994e+00 2.88535001e-01
 3.18622134e+00 2.65568500e-01
 3.15888538e+00 2.45106320e-01
 3.11289950e+00 2.26794512e-01
 2.90033326e+00 2.10339229e-01
 2.82299192e+00 1.95494893e-01
 2.73726646e+00 1.82054990e-01
 2.70444336e+00 1.69844844e-01
 2.66256314e+00 1.58715902e-01
 2.48283850e+00 1.48541180e-01
 2.47103493e+00 1.39211604e-01
 2.34308039e+00 1.30633058e-01
 2.34677678e+00 1.22723977e-01
 2.28592778e+00 1.15413384e-01
 2.17966324e+00 1.08639275e-01
 2.18762597e+00 1.02347276e-01
 2.23235432e+00 9.64895390e-02
 2.19342681e+00 9.10238082e-02
 2.08971410e+00 8.59126449e-02
 2.07446575e+00 8.11227693e-02
 2.00030871e+00 7.66245063e-02
 1.97470146e+00 7.23913131e-02
 1.94598969e+00 6.83993767e-02
 1.95934967e+00 6.46272693e-02
 1.95051219e+00 6.10556522e-02
 1.89676322e+00 5.76670195e-02
 1.75264321e+00 5.44454776e-02
 1.87151741e+00 5.13765521e-02
 1.77713691e+00 4.84470204e-02
 1.70858697e+00 4.56447649e-02
 1.64473992e+00 4.29586433e-02
 1.74439288e+00 4.03783755e-02
 1.81060299e+00 3.78944417e-02
 1.73472201e+00 3.54979933e-02
 1.76071785e+00 3.31807719e-02
 1.68370439e+00 3.09350372e-02
 1.65038197e+00 2.87535013e-02
 1.65350303e+00 2.66292692e-02
 1.74916303e+00 2.45557838e-02
 1.69385899e+00 2.25267755e-02
 1.57946653e+00 2.05362144e-02
 1.69234126e+00 1.85782659e-02
 1.57660210e+00 1.66472481e-02
 1.58603802e+00 1.47375903e-02
 1.58365937e+00 1.28437932e-02
 1.57116605e+00 1.09603885e-02
 1.59708412e+00 9.08189923e-03
 1.63032506e+00 7.20279894e-03
 1.58233362e+00 5.31746928e-03
 1.62875441e+00 3.42015621e-03
 1.53838774e+00 1.50492323e-03
 1.53952922e+00 -4.34398578e-04
 1.57781922e+00 -2.40426484e-03
 1.61481418e+00 -4.41147716e-03
 1.65511851e+00 -6.46324876e-03
 1.59361851e+00 -8.56727752e-03
 1.55801497e+00 -1.07318281e-02
 1.56720193e+00 -1.29658245e-02
 1.66153360e+00 -1.52789560e-02
 1.59368315e+00 -1.76817979e-02
 1.60728996e+00 -2.01859503e-02
 1.57476995e+00 -2.28041996e-02
 1.66505071e+00 -2.55507056e-02
 1.60322943e+00 -2.84412203e-02
 1.73307148e+00 -3.14933447e-02
 1.72983266e+00 -3.47268326e-02
 1.72782578e+00 -3.81639496e-02
 1.70237200e+00 -4.18299019e-02
 1.73517692e+00 -4.57533490e-02
 1.76409123e+00 -4.99670217e-02
 1.72006548e+00 -5.45084685e-02
 1.83480733e+00 -5.94209653e-02
 1.81686916e+00 -6.47546279e-02
 1.87760512e+00 -7.05677819e-02
 1.88493367e+00 -7.69286610e-02
 1.88438607e+00 -8.39175249e-02
 1.93885302e+00 -9.16293227e-02
 1.97928756e+00 -1.00177064e-01
 2.04815302e+00 -1.09696125e-01
 2.05578184e+00 -1.20349793e-01
 2.10413211e+00 -1.32336477e-01
 2.28082955e+00 -1.45899171e-01
 2.23889956e+00 -1.61338025e-01
 2.34269876e+00 -1.79027220e-01
 2.36458207e+00 -1.99437923e-01
 2.49795700e+00 -2.23169932e-01
 2.59595156e+00 -2.50995972e-01
 2.73221912e+00 -2.83924703e-01
 2.83592431e+00 -3.23291966e-01
 3.02947685e+00 -3.70895536e-01
 3.16661039e+00 -4.29198484e-01
 3.34328676e+00 -5.01643489e-01
 3.52701864e+00 -5.93151634e-01
 3.77707801e+00 -7.10937406e-01
 4.15915043e+00 -8.65883751e-01
 4.37437815e+00 -1.07494429e+00
 4.87690871e+00 -1.36549652e+00
 5.39998066e+00 -1.78351560e+00
 6.00204345e+00 -2.40932628e+00
 6.71772129e+00 -3.38768750e+00
 7.48262795e+00 -4.97758217e+00
 7.84598120e+00 -7.57279961e+00
 6.50398210e+00 -1.12953733e+01
 2.05788404e+00 -1.42316074e+01
 -3.67667223e+00 -1.29524371e+01
 -6.28478817e+00 -9.14724585e+00
 -6.45868749e+00 -6.00218546e+00
 -5.86466657e+00 -4.01515291e+00
 -5.11495993e+00 -2.80362034e+00
 -4.30646041e+00 -2.04293743e+00
 -3.86144095e+00 -1.54441921e+00
 -3.40531867e+00 -1.20382452e+00
 -2.95006484e+00 -9.62409083e-01
 -2.68434666e+00 -7.85802835e-01
 -2.39741639e+00 -6.53078621e-01
 -2.17401031e+00 -5.51007423e-01
 -2.00641449e+00 -4.70938611e-01
 -1.72057930e+00 -4.07042509e-01
 -1.65988926e+00 -3.55284305e-01
 -1.47221856e+00 -3.12804638e-01
 -1.36786702e+00 -2.77534140e-01
 -1.34116132e+00 -2.47946828e-01
 -1.18268139e+00 -2.22898364e-01
 -1.17213391e+00 -2.01517533e-01
 -1.06071589e+00 -1.83131937e-01
 -9.58760638e-01 -1.67216153e-01
 -8.75187227e-01 -1.53354948e-01
 -7.88101327e-01 -1.41216770e-01
 -7.55652448e-01 -1.30534370e-01
 -5.94791685e-01 -1.21090450e-01
 -6.12703402e-01 -1.12706907e-01
 -5.87641447e-01 -1.05236680e-01
 -5.95984576e-01 -9.85575030e-02
 -5.36158965e-01 -9.25670774e-02
 -4.64585733e-01 -8.71793051e-02
 -4.88978836e-01 -8.23213240e-02
 -4.07825561e-01 -7.79311579e-02
 -3.90598127e-01 -7.39558399e-02
 -2.77918163e-01 -7.03499024e-02
 -2.66627567e-01 -6.70741557e-02
 -3.28963694e-01 -6.40946927e-02
 -2.25646842e-01 -6.13820741e-02
 -2.17069817e-01 -5.89106579e-02
 -1.65197366e-01 -5.66580439e-02
 -2.64471531e-01 -5.46046124e-02
 -1.80671810e-01 -5.27331386e-02
 -2.64597518e-01 -5.10284698e-02
 -1.04014050e-01 -4.94772529e-02
 -1.53226081e-01 -4.80677051e-02
 -7.19534270e-02 -4.67894190e-02
 -1.28017656e-01 -4.56331970e-02
 -9.28368558e-02 -4.45909106e-02
 -1.19521173e-01 -4.36553802e-02
 -4.76411171e-02 -4.28202716e-02
 -1.30659996e-02 -4.20800087e-02
 3.51539594e-02 -4.14296976e-02
 4.35396890e-02 -4.08650622e-02
 -2.91158847e-02 -4.03823891e-02
 4.40072806e-02 -3.99784807e-02
 6.95458139e-02 -3.96506151e-02
 1.75948170e-01 -3.93965129e-02
 1.86798168e-01 -3.92143090e-02
 1.50577834e-01 -3.91025299e-02
 1.62233086e-01 -3.90600752e-02
 1.63669225e-01 -3.90862036e-02
 1.83477407e-01 -3.91805227e-02
 2.21300074e-01 -3.93429824e-02
 1.76636620e-01 -3.95738720e-02
 2.40075125e-01 -3.98738211e-02
 2.26773907e-01 -4.02438033e-02
 2.05941538e-01 -4.06851440e-02
 1.83049751e-01 -4.11995315e-02
 3.09285314e-01 -4.17890323e-02
 2.54893504e-01 -4.24561102e-02
 2.78054280e-01 -4.32036494e-02
 3.04648053e-01 -4.40349836e-02
 4.19540576e-01 -4.49539288e-02
 3.16081904e-01 -4.59648232e-02
 3.84371881e-01 -4.70725732e-02
 3.88722934e-01 -4.82827068e-02
 4.14510033e-01 -4.96014360e-02
 5.17313324e-01 -5.10357285e-02
 4.08192896e-01 -5.25933906e-02
 5.21530798e-01 -5.42831641e-02
 4.83108799e-01 -5.61148372e-02
 5.55397732e-01 -5.80993740e-02
 5.92721132e-01 -6.02490645e-02
 5.89742707e-01 -6.25776995e-02
 6.24921220e-01 -6.51007747e-02
 7.24456796e-01 -6.78357291e-02
 6.47401537e-01 -7.08022250e-02
 6.97739973e-01 -7.40224781e-02
 7.03492240e-01 -7.75216470e-02
 7.20903851e-01 -8.13282950e-02
 7.85618014e-01 -8.54749409e-02
 8.03545883e-01 -8.99987160e-02
 8.83959011e-01 -9.49421550e-02
 9.70918733e-01 -1.00354149e-01
 9.88420008e-01 -1.06291102e-01
 9.35783813e-01 -1.12818343e-01
 1.03894197e+00 -1.20011850e-01
 1.12529368e+00 -1.27960391e-01
 1.11039324e+00 -1.36768167e-01
 1.25966274e+00 -1.46558124e-01
 1.31538633e+00 -1.57476122e-01
 1.43975218e+00 -1.69696225e-01
 1.48490240e+00 -1.83427458e-01
 1.33744454e+00 -1.98922547e-01
 1.52203398e+00 -2.16489278e-01
 1.68095643e+00 -2.36505468e-01
 1.76020213e+00 -2.59438866e-01
 1.85725182e+00 -2.85873944e-01
 1.98239176e+00 -3.16548428e-01
 2.09931682e+00 -3.52403786e-01
 2.24496197e+00 -3.94656088e-01
 2.41385893e+00 -4.44897082e-01
 2.52431643e+00 -5.05241008e-01
 2.93655442e+00 -5.78542089e-01
 2.98642626e+00 -6.68723780e-01
 3.33430279e+00 -7.81289269e-01
 3.61544931e+00 -9.24134052e-01
 3.99169893e+00 -1.10887708e+00
 4.54706984e+00 -1.35311060e+00
 5.03454914e+00 -1.68433037e+00
 5.57154009e+00 -2.14703264e+00
 6.28607047e+00 -2.81589511e+00
 7.14997916e+00 -3.82049150e+00
 8.19057528e+00 -5.38922246e+00
 8.95293296e+00 -7.90538488e+00
 8.95841460e+00 -1.18320898e+01
 6.09918576e+00 -1.67867203e+01
 -7.92381498e-01 -1.93698976e+01
 -7.41986317e+00 -1.64853426e+01
 -1.00832601e+01 -1.15390597e+01
 -1.00580639e+01 -7.71367198e+00
 -9.16556074e+00 -5.27375878e+00
 -8.21236334e+00 -3.75034918e+00
 -7.34575684e+00 -2.77177620e+00
 -6.64176126e+00 -2.11808286e+00
 -6.03159442e+00 -1.66444357e+00
 -5.45049022e+00 -1.33875366e+00
 -5.10064536e+00 -1.09793361e+00
 -4.71626900e+00 -9.15292062e-01
 -4.42372600e+00 -7.73709254e-01
 -4.19590804e+00 -6.61852890e-01
 -3.87635416e+00 -5.72006670e-01
 -3.66034497e+00 -4.98782456e-01
 -3.54627852e+00 -4.38332427e-01
 -3.33540555e+00 -3.87853123e-01
 -3.22664773e+00 -3.45264988e-01
 -3.11238219e+00 -3.09000336e-01
 -3.03267135e+00 -2.77859998e-01
 -2.88687378e+00 -2.50914496e-01
 -2.85631670e+00 -2.27434663e-01
 -2.70403112e+00 -2.06842156e-01
 -2.50117279e+00 -1.88673609e-01
 -2.62062676e+00 -1.72554315e-01
 -2.51653114e+00 -1.58178652e-01
 -2.40636101e+00 -1.45295359e-01
 -2.45701464e+00 -1.33696338e-01
 -2.24379190e+00 -1.23208041e-01
 -2.37361260e+00 -1.13684803e-01
 -2.25076172e+00 -1.05003618e-01
 -2.18280032e+00 -9.70600168e-02
 -2.11353600e+00 -8.97647947e-02
 -2.10354243e+00 -8.30413895e-02
 -2.12517443e+00 -7.68237669e-02
 -2.03169269e+00 -7.10547054e-02
 -2.11181789e+00 -6.56843963e-02
 -2.08035463e+00 -6.06692932e-02
 -1.96393488e+00 -5.59711635e-02
 -1.88409048e+00 -5.15562998e-02
 -1.96090177e+00 -4.73948627e-02
 -2.00516583e+00 -4.34603296e-02
 -1.90087574e+00 -3.97290302e-02
 -1.89409477e+00 -3.61797539e-02
 -1.91830736e+00 -3.27934155e-02
 -1.83287106e+00 -2.95527697e-02
 -1.85428188e+00 -2.64421665e-02
 -1.79956121e+00 -2.34473403e-02
 -1.89535621e+00 -2.05552267e-02
 -1.82803678e+00 -1.77538035e-02
 -1.89677481e+00 -1.50319519e-02
 -1.82521390e+00 -1.23793334e-02
 -1.78942090e+00 -9.78628163e-03
 -1.87224619e+00 -7.24370591e-03
 -1.79138504e+00 -4.74300414e-03
 -1.79793876e+00 -2.27598461e-03
 -1.78021382e+00 1.65205705e-04
 -1.79553958e+00 2.58814705e-03
 -1.69572504e+00 5.00020834e-03
 -1.83810450e+00 7.40860497e-03
 -1.81714995e+00 9.82045395e-03
 -1.86494785e+00 1.22428271e-02
 -1.75022162e+00 1.46828033e-02
 -1.88732960e+00 1.71475197e-02
 -1.85577697e+00 1.96442243e-02
 -1.75835170e+00 2.21803283e-02
 -1.85980370e+00 2.47634612e-02
 -1.81132461e+00 2.74015275e-02
 -1.78852648e+00 3.01027675e-02
 -1.91694938e+00 3.28758212e-02
 -1.91425360e+00 3.57297987e-02
 -1.89277616e+00 3.86743551e-02
 -1.85463666e+00 4.17197741e-02
 -1.91094302e+00 4.48770592e-02
 -2.01113698e+00 4.81580362e-02
 -2.05157911e+00 5.15754669e-02
 -2.00535610e+00 5.51431768e-02
 -2.02216231e+00 5.88762007e-02
 -2.06470487e+00 6.27909458e-02
 -2.09768344e+00 6.69053796e-02
 -2.09026686e+00 7.12392432e-02
 -2.09720796e+00 7.58142973e-02
 -2.15792236e+00 8.06546054e-02
 -2.22878255e+00 8.57868614e-02
 -2.22681250e+00 9.12407709e-02
 -2.27953866e+00 9.70494946e-02
 -2.30890353e+00 1.03250169e-01
 -2.27779385e+00 1.09884515e-01
 -2.40605331e+00 1.16999564e-01
 -2.35483411e+00 1.24648504e-01
 -2.49406615e+00 1.32891706e-01
 -2.62428849e+00 1.41797931e-01
 -2.63107952e+00 1.51445796e-01
 -2.55801288e+00 1.61925535e-01
 -2.71226195e+00 1.73341139e-01
 -2.73963896e+00 1.85812969e-01
 -2.87112119e+00 1.99480959e-01
 -3.00125451e+00 2.14508574e-01
 -3.04132840e+00 2.31087732e-01
 -3.07344524e+00 2.49444961e-01
 -3.27345165e+00 2.69849161e-01
 -3.39066153e+00 2.92621465e-01
 -3.40581591e+00 3.18147884e-01
 -3.50611353e+00 3.46895631e-01
 -3.70439434e+00 3.79434448e-01
 -3.84441682e+00 4.16464703e-01
 -4.08721630e+00 4.58854862e-01
 -4.16340766e+00 5.07692024e-01
 -4.43879065e+00 5.64350984e-01
 -4.67643114e+00 6.30589934e-01
 -4.91260059e+00 7.08685102e-01
 -5.12280992e+00 8.01623339e-01
 -5.43008905e+00 9.13382633e-01
 -5.85429854e+00 1.04934886e+00
 -6.26587765e+00 1.21694850e+00
 -6.70205088e+00 1.42663248e+00
 -7.25150594e+00 1.69344602e+00
 -7.88834454e+00 2.03960538e+00
 -8.70471087e+00 2.49885559e+00
 -9.53153444e+00 3.12407004e+00
 -1.06382162e+01 4.00088325e+00
 -1.18638429e+01 5.27259399e+00
 -1.32681583e+01 7.18500745e+00
 -1.48368096e+01 1.01576134e+01
 -1.57604183e+01 1.48312824e+01
 -1.45559648e+01 2.17043783e+01
 -8.15838266e+00 2.90975723e+01
 3.30220014e+00 3.09727118e+01
 1.24690320e+01 2.51126589e+01
 1.53763488e+01 1.75543719e+01
 1.50988218e+01 1.19436381e+01
 1.38198187e+01 8.32539050e+00
 1.22725824e+01 6.01869337e+00
 1.10553353e+01 4.50740014e+00
 9.91786151e+00 3.48098889e+00
 8.80149570e+00 2.75904565e+00
 8.05538126e+00 2.23504923e+00
 7.36421010e+00 1.84415135e+00
 6.75958834e+00 1.54553332e+00
 6.26004204e+00 1.31266415e+00
 5.77557315e+00 1.12778359e+00
 5.49616161e+00 9.78682221e-01
 5.10444359e+00 8.56764089e-01
 4.89192890e+00 7.55846738e-01
 4.57233837e+00 6.71397670e-01
 4.29241594e+00 6.00036372e-01
 4.16891770e+00 5.39202117e-01
 3.91643185e+00 4.86927742e-01
 3.79979906e+00 4.41682670e-01
 3.67722778e+00 4.02262088e-01
 3.52154229e+00 3.67707476e-01
 3.34226481e+00 3.37248776e-01
 3.20417560e+00 3.10261754e-01
 3.09870871e+00 2.86236161e-01
 3.00723066e+00 2.64751707e-01
 2.94486174e+00 2.45459713e-01
 2.84107115e+00 2.28068982e-01
 2.71709270e+00 2.12334806e-01
 2.66602434e+00 1.98050344e-01
 2.64337246e+00 1.85039807e-01
 2.56993553e+00 1.73153026e-01
 2.44093101e+00 1.62261096e-01
 2.41434404e+00 1.52252858e-01
 2.38236261e+00 1.43032041e-01
 2.30729307e+00 1.34514921e-01
 2.21338418e+00 1.26628401e-01
 2.15501994e+00 1.19308424e-01
 2.14400715e+00 1.12498651e-01
 2.08847185e+00 1.06149364e-01
 2.07440123e+00 1.00216535e-01
 2.04284113e+00 9.46610580e-02
 1.99216336e+00 8.94480825e-02
 2.03296410e+00 8.45464600e-02
 1.95457930e+00 7.99282660e-02
 1.82245434e+00 7.55683926e-02
 1.92576504e+00 7.14441982e-02
 1.82268569e+00 6.75352056e-02
 1.91022462e+00 6.38228411e-02
 1.85068852e+00 6.02902075e-02
 1.70243484e+00 5.69218861e-02
 1.76701020e+00 5.37037645e-02
 1.68531293e+00 5.06228839e-02
 1.71279440e+00 4.76673063e-02
 1.68497996e+00 4.48259951e-02
 1.73072632e+00 4.20887106e-02
 1.62653913e+00 3.94459157e-02
 1.71389267e+00 3.68886913e-02
 1.68857519e+00 3.44086608e-02
 1.64916930e+00 3.19979200e-02
 1.61857292e+00 2.96489747e-02
 1.64636022e+00 2.73546816e-02
 1.65707960e+00 2.51081948e-02
 1.58242762e+00 2.29029142e-02
 1.60422927e+00 2.07324376e-02
 1.57447588e+00 1.85905143e-02
 1.58825561e+00 1.64710001e-02
 1.52144534e+00 1.43678128e-02
 1.66998371e+00 1.22748884e-02
 1.54345402e+00 1.01861365e-02
 1.55896653e+00 8.09539393e-03
 1.58849554e+00 5.99637809e-03
 1.57299203e+00 3.88263638e-03
 1.54967831e+00 1.74749318e-03
 1.53533205e+00 -4.16007592e-04
 1.59273923e+00 -2.61516499e-03
 1.51042455e+00 -4.85768976e-03
 1.49853662e+00 -7.15178067e-03
 1.59288304e+00 -9.50620981e-03
 1.58277032e+00 -1.19304188e-02
 1.53383573e+00 -1.44346281e-02
 1.65258500e+00 -1.70299612e-02
 1.51696010e+00 -1.97285882e-02
 1.56287390e+00 -2.25438907e-02
 1.58051912e+00 -2.54906536e-02
 1.49426799e+00 -2.85852889e-02
 1.61953301e+00 -3.18460977e-02
 1.53891330e+00 -3.52935790e-02
 1.60760014e+00 -3.89507948e-02
 1.57103112e+00 -4.28438051e-02
 1.72838019e+00 -4.70021869e-02
 1.70875915e+00 -5.14596579e-02
 1.71844895e+00 -5.62548297e-02
 1.75413580e+00 -6.14321227e-02
 1.70908007e+00 -6.70428823e-02
 1.79174408e+00 -7.31467511e-02
 1.73237927e+00 -7.98133641e-02
 1.85953823e+00 -8.71244588e-02
 1.83791897e+00 -9.51765191e-02
 1.91892793e+00 -1.04084112e-01
 1.92754467e+00 -1.13984137e-01
 2.02870661e+00 -1.25041271e-01
 2.19314975e+00 -1.37455027e-01
 2.02455554e+00 -1.51468977e-01
 2.11610977e+00 -1.67382936e-01
 2.26944024e+00 -1.85569237e-01
 2.23040283e+00 -2.06494727e-01
 2.38402888e+00 -2.30750900e-01
 2.34277245e+00 -2.59095748e-01
 2.58643753e+00 -2.92512779e-01
 2.66083779e+00 -3.32295666e-01
 2.71302575e+00 -3.80171858e-01
 2.92385762e+00 -4.38486724e-01
 3.13548833e+00 -5.10483864e-01
 3.21350639e+00 -6.00742007e-01
 3.49650483e+00 -7.15873581e-01
 3.75321026e+00 -8.65672562e-01
 4.07373670e+00 -1.06505468e+00
 4.29859998e+00 -1.33742812e+00
 4.85321918e+00 -1.72067907e+00
 5.26592284e+00 -2.27784542e+00
 5.86384724e+00 -3.11522933e+00
 6.41811549e+00 -4.40612562e+00
 6.45742291e+00 -6.38046448e+00
 5.62633791e+00 -9.07326201e+00
 2.66082548e+00 -1.14494200e+01
 -1.61094639e+00 -1.13555914e+01
 -4.42140051e+00 -8.90043526e+00
 -5.31223769e+00 -6.24191654e+00
 -5.14299741e+00 -4.31733020e+00
 -4.55109877e+00 -3.06170134e+00
 -4.02613431e+00 -2.24622184e+00
 -3.56682952e+00 -1.70252863e+00
 -3.16708736e+00 -1.32780032e+00
 -2.73159853e+00 -1.06104073e+00
 -2.45007108e+00 -8.65524562e-01
 -2.24399734e+00 -7.18511446e-01
 -2.00285390e+00 -6.05479663e-01
 -1.83811958e+00 -5.16874521e-01
 -1.66360931e+00 -4.46233150e-01
 -1.48700412e+00 -3.89072877e-01
 -1.31881391e+00 -3.42213380e-01
 -1.26460814e+00 -3.03351967e-01
 -1.12795271e+00 -2.70790604e-01
 -1.09448488e+00 -2.43256322e-01
 -1.00628357e+00 -2.19780470e-01
 -8.46657890e-01 -1.99615932e-01
 -7.92521085e-01 -1.82179328e-01
 -9.23304626e-01 -1.67009984e-01
 -6.87624326e-01 -1.53740367e-01
 -7.04856901e-01 -1.42074470e-01
 -6.69756367e-01 -1.31771817e-01
 -5.01280080e-01 -1.22635471e-01
 -6.00052731e-01 -1.14502952e-01
 -4.03441662e-01 -1.07239286e-01
 -4.67355327e-01 -1.00731633e-01
 -3.86137515e-01 -9.48850948e-02
 -3.84685225e-01 -8.96194270e-02
 -3.44598213e-01 -8.48664250e-02
 -2.87336062e-01 -8.05678425e-02
 -2.26867114e-01 -7.66737176e-02
 -3.38661769e-01 -7.31410187e-02
 -2.38215863e-01 -6.99325422e-02
 -2.19862072e-01 -6.70160111e-02
 -2.05734799e-01 -6.43633327e-02
 -2.17579460e-01 -6.19499853e-02
 -8.21205493e-02 -5.97545081e-02
 -1.44555556e-01 -5.77580757e-02
 -1.46545017e-01 -5.59441420e-02
 -8.53730126e-02 -5.42981396e-02
 -5.16617425e-02 -5.28072275e-02
 -6.74379092e-02 -5.14600759e-02
 -6.58494802e-02 -5.02466846e-02
 -2.31933997e-02 -4.91582281e-02
 7.84917995e-03 -4.81869231e-02
 3.18266058e-02 -4.73259156e-02
 3.88718059e-02 -4.65691844e-02
 8.11900509e-02 -4.59114585e-02
 8.88993515e-02 -4.53481466e-02
 1.14694311e-01 -4.48752763e-02
 9.55021128e-02 -4.44894434e-02
 1.55487463e-01 -4.41877685e-02
 1.69168693e-01 -4.39678600e-02
 2.22201315e-01 -4.38277846e-02
 1.65123345e-01 -4.37660421e-02
 9.05976208e-02 -4.37815460e-02
 1.85845698e-01 -4.38736083e-02
 2.18804693e-01 -4.40419293e-02
 2.36968923e-01 -4.42865906e-02
 2.85175575e-01 -4.46080531e-02
 1.75545684e-01 -4.50071578e-02
 2.48107473e-01 -4.54851314e-02
 3.29202179e-01 -4.60435956e-02
 3.16473914e-01 -4.66845801e-02
 3.86625266e-01 -4.74105402e-02
 3.72785410e-01 -4.82243789e-02
 3.28475658e-01 -4.91294742e-02
 3.85061968e-01 -5.01297110e-02
 4.12985897e-01 -5.12295196e-02
 4.12382209e-01 -5.24339206e-02
 3.83030062e-01 -5.37485774e-02
 3.78864383e-01 -5.51798562e-02
 5.56512050e-01 -5.67348972e-02
 5.50168521e-01 -5.84216950e-02
 5.24995672e-01 -6.02491928e-02
 5.61468832e-01 -6.22273909e-02
 5.06136833e-01 -6.43674716e-02
 5.31537972e-01 -6.66819454e-02
 5.19790812e-01 -6.91848185e-02
 6.66621477e-01 -7.18917895e-02
 6.17848644e-01 -7.48204774e-02
 8.26152263e-01 -7.79906886e-02
 7.70904285e-01 -8.14247298e-02
 7.04516634e-01 -8.51477753e-02
 7.95787490e-01 -8.91883013e-02
 8.68322696e-01 -9.35785995e-02
 8.13365959e-01 -9.83553878e-02
 8.70168028e-01 -1.03560539e-01
 9.75489188e-01 -1.09241956e-01
 9.96540895e-01 -1.15454623e-01
 1.04937103e+00 -1.22261880e-01
 1.06139314e+00 -1.29736973e-01
 1.18079883e+00 -1.37964955e-01
 1.17065187e+00 -1.47045012e-01
 1.18838417e+00 -1.57093363e-01
 1.28014173e+00 -1.68246854e-01
 1.36140701e+00 -1.80667487e-01
 1.32471039e+00 -1.94548135e-01
 1.43796303e+00 -2.10119827e-01
 1.60262113e+00 -2.27661119e-01
 1.73722892e+00 -2.47510246e-01
 1.76710538e+00 -2.70081029e-01
 1.79398615e+00 -2.95883942e-01
 2.01639393e+00 -3.25554295e-01
 2.05492782e+00 -3.59890423e-01
 2.11777726e+00 -3.99906095e-01
 2.31987298e+00 -4.46903482e-01
 2.47505065e+00 -5.02576309e-01
 2.71568723e+00 -5.69158156e-01
 2.88136536e+00 -6.49639564e-01
 3.09664057e+00 -7.48092260e-01
 3.25879297e+00 -8.70163852e-01
 3.69507626e+00 -1.02385044e+00
 4.05517508e+00 -1.22073371e+00
 4.48435217e+00 -1.47801407e+00
 4.92872127e+00 -1.82194053e+00
 5.47761239e+00 -2.29373253e+00
 6.18679163e+00 -2.95994171e+00
 6.98117628e+00 -3.93031078e+00
 7.72074189e+00 -5.38550310e+00
 8.27156050e+00 -7.60173649e+00
 8.19658333e+00 -1.08712908e+01
 6.04177531e+00 -1.49350146e+01
 9.10844228e-01 -1.77196223e+01
 -5.15560413e+00 -1.65562042e+01
 -8.48769400e+00 -1.26828778e+01
 -9.46965061e+00 -8.94625870e+00
 -8.92473364e+00 -6.28073978e+00
 -8.31140298e+00 -4.52082892e+00
 -7.52038095e+00 -3.35820090e+00
 -6.87630769e+00 -2.57047149e+00
 -6.22219936e+00 -2.01994228e+00
 -5.77966607e+00 -1.62339242e+00
 -5.25945957e+00 -1.32982398e+00
 -4.94632706e+00 -1.10716731e+00
 -4.48270238e+00 -9.34670102e-01
 -4.29116879e+00 -7.98522825e-01
 -4.07595890e+00 -6.89293527e-01
 -3.85922812e+00 -6.00385161e-01
 -3.64151145e+00 -5.27083110e-01
 -3.43336550e+00 -4.65951919e-01
 -3.29560479e+00 -4.14443903e-01
 -3.16710717e+00 -3.70639491e-01
 -3.07100605e+00 -3.33071383e-01
 -2.89612081e+00 -3.00603194e-01
 -2.86337402e+00 -2.72344234e-01
 -2.77303040e+00 -2.47588700e-01
 -2.72065940e+00 -2.25771639e-01
 -2.59385229e+00 -2.06436627e-01
 -2.52859120e+00 -1.89211749e-01
 -2.46115134e+00 -1.73791526e-01
 -2.30701847e+00 -1.59923191e-01
 -2.39164698e+00 -1.47396140e-01
 -2.29436052e+00 -1.36033760e-01
 -2.23119477e+00 -1.25687046e-01
 -2.21331364e+00 -1.16229559e-01
 -2.05076825e+00 -1.07553428e-01
 -2.23917292e+00 -9.95661519e-02
 -2.09855883e+00 -9.21880168e-02
 -2.18059113e+00 -8.53500086e-02
 -2.06805192e+00 -7.89921066e-02
 -2.15393392e+00 -7.30618841e-02
 -2.03159154e+00 -6.75133546e-02
 -1.88919312e+00 -6.23060136e-02
 -2.08816738e+00 -5.74040409e-02
 -1.85152312e+00 -5.27756317e-02
 -1.92996844e+00 -4.83924335e-02
 -1.93892352e+00 -4.42290709e-02
 -1.92088013e+00 -4.02627403e-02
 -1.87766126e+00 -3.64728658e-02
 -1.88266317e+00 -3.28408030e-02
 -1.91981670e+00 -2.93495847e-02
 -1.87103673e+00 -2.59837005e-02
 -1.93708521e+00 -2.27289051e-02
 -1.85502888e+00 -1.95720517e-02
 -1.84868432e+00 -1.65009445e-02
 -1.85513526e+00 -1.35042092e-02
 -1.77063714e+00 -1.05711777e-02
 -1.85636835e+00 -7.69178463e-03
 -1.79848958e+00 -4.85647452e-03
 -1.83082674e+00 -2.05611688e-03
 -1.78743902e+00 7.18071275e-04
 -1.76250898e+00 3.47459754e-03
 -1.83799635e+00 6.22176152e-03
 -1.76942591e+00 8.96771878e-03
 -1.76866174e+00 1.17205422e-02
 -1.81119865e+00 1.44882819e-02
 -1.85747995e+00 1.72790236e-02
 -1.81689263e+00 2.01009480e-02
 -1.86381851e+00 2.29623898e-02
 -1.83380600e+00 2.58718993e-02
 -1.89840918e+00 2.88383056e-02
 -1.87694251e+00 3.18707836e-02
 -1.85569293e+00 3.49789246e-02
 -1.96223237e+00 3.81728133e-02
 -1.84132189e+00 4.14631098e-02
 -1.99433653e+00 4.48611403e-02
 -1.97964350e+00 4.83789965e-02
 -2.02366703e+00 5.20296461e-02
 -1.97991534e+00 5.58270555e-02
 -1.96606578e+00 5.97863278e-02
 -2.06451679e+00 6.39238585e-02
 -2.02746414e+00 6.82575113e-02
 -2.02638210e+00 7.28068185e-02
 -2.01916610e+00 7.75932098e-02
 -2.17631806e+00 8.26402741e-02
 -2.19046452e+00 8.79740620e-02
 -2.14482353e+00 9.36234343e-02
 -2.21793122e+00 9.96204665e-02
 -2.29848832e+00 1.06000920e-01
 -2.29814057e+00 1.12804794e-01
 -2.35272966e+00 1.20076968e-01
 -2.37691243e+00 1.27867969e-01
 -2.39164288e+00 1.36234867e-01
 -2.44323192e+00 1.45242346e-01
 -2.52228429e+00 1.54963985e-01
 -2.62177995e+00 1.65483783e-01
 -2.65066939e+00 1.76898012e-01
 -2.76782683e+00 1.89317443e-01
 -2.72778281e+00 2.02870075e-01
 -2.80467392e+00 2.17704457e-01
 -2.85270324e+00 2.33993802e-01
 -2.99293122e+00 2.51941063e-01
 -3.08611873e+00 2.71785286e-01
 -3.12897819e+00 2.93809582e-01
 -3.38008815e+00 3.18351230e-01
 -3.45586958e+00 3.45814559e-01
 -3.52979378e+00 3.76687550e-01
 -3.71112878e+00 4.11563386e-01
 -3.87825428e+00 4.51168737e-01
 -4.00349212e+00 4.96401262e-01
 -4.27503363e+00 5.48379887e-01
 -4.31381695e+00 6.08513066e-01
 -4.52300582e+00 6.78592664e-01
 -4.82363701e+00 7.60924947e-01
 -5.07560694e+00 8.58516189e-01
 -5.37392401e+00 9.75340124e-01
 -5.67231685e+00 1.11673040e+00
 -6.16180328e+00 1.28996799e+00
 -6.60386970e+00 1.50517920e+00
 -7.02823840e+00 1.77674050e+00
 -7.58477559e+00 2.12552944e+00
 -8.24304629e+00 2.58262122e+00
 -9.12393558e+00 3.19550185e+00
 -9.97195920e+00 4.03869811e+00
 -1.11121952e+01 5.23199859e+00
 -1.22421465e+01 6.97038381e+00
 -1.34006762e+01 9.56442622e+00
 -1.40123639e+01 1.34478143e+01
 -1.31420333e+01 1.89199498e+01
 -8.66673680e+00 2.49951860e+01
 9.83233503e-02 2.79294375e+01
 8.63184982e+00 2.48543261e+01
 1.30553347e+01 1.87637799e+01
 1.37865193e+01 1.33356094e+01
 1.31709854e+01 9.49452521e+00
 1.20328805e+01 6.92898683e+00
 1.08705787e+01 5.20824316e+00
 9.79301206e+00 4.02574861e+00
 8.82622232e+00 3.18926066e+00
 8.06973826e+00 2.58062847e+00
 7.32095531e+00 2.12628197e+00
 6.76548609e+00 1.77929914e+00
 6.29663137e+00 1.50894407e+00
 5.88385124e+00 1.29454818e+00
 5.51166945e+00 1.12186673e+00
 5.28925883e+00 9.80858341e-01
 4.84605056e+00 8.64297892e-01
 4.45988668e+00 7.66889146e-01
 4.43929003e+00 6.84683838e-01
 4.19975907e+00 6.14693282e-01
 3.96053755e+00 5.54623515e-01
 3.83200000e+00 5.02691371e-01
 3.62326827e+00 4.57494610e-01
 3.44049018e+00 4.17918778e-01
 3.28437330e+00 3.83069465e-01
 3.20343168e+00 3.52222370e-01
 3.14394848e+00 3.24786050e-01
 3.03015322e+00 3.00273812e-01
 2.92234724e+00 2.78282280e-01
 2.78760373e+00 2.58474891e-01
 2.70257502e+00 2.40569074e-01
 2.74650505e+00 2.24326193e-01
 2.43820519e+00 2.09543614e-01
 2.45336143e+00 1.96048381e-01
 2.55464781e+00 1.83692149e-01
 2.32092150e+00 1.72347097e-01
 2.24774721e+00 1.61902610e-01
 2.17671321e+00 1.52262563e-01
 2.24855668e+00 1.43343097e-01
 2.21793658e+00 1.35070775e-01
 2.13447028e+00 1.27381061e-01
 2.11078286e+00 1.20217039e-01
 2.02513067e+00 1.13528351e-01
 2.00019100e+00 1.07270298e-01
 1.90784191e+00 1.01403077e-01
 1.87795636e+00 9.58911405e-02
 1.86552964e+00 9.07026477e-02
 1.89989989e+00 8.58089924e-02
 1.86236730e+00 8.11844019e-02
 1.84589759e+00 7.68055895e-02
 1.79602937e+00 7.26514541e-02
 1.77972860e+00 6.87028203e-02
 1.70470496e+00 6.49422112e-02
 1.66929806e+00 6.13536509e-02
 1.82137018e+00 5.79224902e-02
 1.68980573e+00 5.46352540e-02
 1.65364475e+00 5.14795061e-02
 1.72946840e+00 4.84437295e-02
 1.66179297e+00 4.55172191e-02
 1.58791199e+00 4.26899865e-02
 1.56300012e+00 3.99526733e-02
 1.60481768e+00 3.72964736e-02
 1.52398589e+00 3.47130623e-02
 1.56997499e+00 3.21945302e-02
 1.57592651e+00 2.97333235e-02
 1.58001827e+00 2.73221872e-02
 1.54412360e+00 2.49541119e-02
 1.51278347e+00 2.26222832e-02
 1.61173513e+00 2.03200328e-02
 1.45952917e+00 1.80407905e-02
 1.50289173e+00 1.57780371e-02
 1.46924477e+00 1.35252569e-02
 1.58211259e+00 1.12758895e-02
 1.51476867e+00 9.02328014e-03
 1.43186376e+00 6.76062768e-03
 1.42277565e+00 4.48092985e-03
 1.44371841e+00 2.17692429e-03
 1.49567581e+00 -1.58975005e-04
 1.54781728e+00 -2.53474741e-03
 1.43873397e+00 -4.95884259e-03
 1.54517757e+00 -7.44026618e-03
 1.56119211e+00 -9.98867600e-03
 1.46822709e+00 -1.26144909e-02
 1.49280087e+00 -1.53290145e-02
 1.51973192e+00 -1.81445772e-02
 1.44293185e+00 -2.10746991e-02
 1.56683365e+00 -2.41342798e-02
 1.49956307e+00 -2.73398174e-02
 1.49432269e+00 -3.07096671e-02
 1.63496429e+00 -3.42643427e-02
 1.52666112e+00 -3.80268743e-02
 1.60581418e+00 -4.20232320e-02
 1.67266406e+00 -4.62828318e-02
 1.60927343e+00 -5.08391413e-02
 1.62237482e+00 -5.57304101e-02
 1.65216578e+00 -6.10005541e-02
 1.66334797e+00 -6.67002325e-02
 1.69275373e+00 -7.28881685e-02
 1.70611935e+00 -7.96327756e-02
 1.76832936e+00 -8.70141768e-02
 1.74709869e+00 -9.51267263e-02
 1.83408214e+00 -1.04082182e-01
 1.77015208e+00 -1.14013727e-01
 1.89799933e+00 -1.25081113e-01
 1.93604591e+00 -1.37477286e-01
 2.01034462e+00 -1.51437011e-01
 2.02394188e+00 -1.67248206e-01
 2.03954164e+00 -1.85266999e-01
 2.16657510e+00 -2.05937946e-01
 2.15177446e+00 -2.29821546e-01
 2.20845925e+00 -2.57632145e-01
 2.33604353e+00 -2.90290946e-01
 2.50646747e+00 -3.29001281e-01
 2.62816255e+00 -3.75357308e-01
 2.74323659e+00 -4.31503859e-01
 2.88096092e+00 -5.00376153e-01
 3.01065538e+00 -5.86066907e-01
 3.18352294e+00 -6.94401210e-01
 3.44034905e+00 -8.33857664e-01
 3.65387820e+00 -1.01707812e+00
 3.88814159e+00 -1.26339106e+00
 4.31590899e+00 -1.60307400e+00
 4.69086704e+00 -2.08445657e+00
 5.03123121e+00 -2.78481122e+00
 5.44368600e+00 -3.82184526e+00
 5.59149119e+00 -5.33959206e+00
 4.94957094e+00 -7.36052076e+00
 2.97929738e+00 -9.31826942e+00
 -1.49485997e-01 -9.84256704e+00
 -2.89802036e+00 -8.42576761e+00
 -4.24362852e+00 -6.30682247e+00
 -4.33752910e+00 -4.52025711e+00
 -4.06563637e+00 -3.26055579e+00
