 NaN NaN
 7.57550079e+01 4.66229328e+00
 3.88044154e+01 1.72093178e+00
 2.59600776e+01 9.54821153e-01
 1.96272960e+01 6.27500923e-01
 1.57661992e+01 4.52821759e-01
 1.31883308e+01 3.46805590e-01
 1.12144128e+01 2.76802453e-01
 9.94825239e+00 2.27737189e-01
 8.65904773e+00 1.91782741e-01
 7.81585179e+00 1.64511854e-01
 7.20244499e+00 1.43250878e-01
 6.49119635e+00 1.26299403e-01
 6.10128401e+00 1.12529606e-01
 5.65339879e+00 1.01166975e-01
 5.13119403e+00 9.16638164e-02
 4.87814057e+00 8.36230258e-02
 4.55468729e+00 7.67503949e-02
 4.30671287e+00 7.08237999e-02
 4.03118396e+00 6.56727335e-02
 3.83390395e+00 6.11643691e-02
 3.64640960e+00 5.71938649e-02
 3.41449723e+00 5.36774847e-02
 3.32310406e+00 5.05476332e-02
 3.12174925e+00 4.77492152e-02
 3.03547411e+00 4.52369268e-02
 2.76249621e+00 4.29732156e-02
 2.66366434e+00 4.09267245e-02
 2.59924641e+00 3.90710921e-02
 2.48972444e+00 3.73840191e-02
 2.37535475e+00 3.58465341e-02
 2.31715001e+00 3.44424117e-02
 2.14456060e+00 3.31577079e-02
 2.08088726e+00 3.19803854e-02
 2.00873378e+00 3.09000105e-02
 1.96384315e+00 2.99075055e-02
 1.83621456e+00 2.89949455e-02
 1.82665121e+00 2.81553909e-02
 1.68816823e+00 2.73827478e-02
 1.63167252e+00 2.66716525e-02
 1.66353034e+00 2.60173742e-02
 1.47686044e+00 2.54157330e-02
 1.46252079e+00 2.48630315e-02
 1.46740970e+00 2.43559956e-02
 1.41134500e+00 2.38917257e-02
 1.29830909e+00 2.34676536e-02
 1.32410196e+00 2.30815071e-02
 1.12932564e+00 2.27312788e-02
 1.15411872e+00 2.24151997e-02
 1.10101013e+00 2.21317166e-02
 1.06238526e+00 2.18794731e-02
 9.27434609e-01 2.16572925e-02
 1.00895792e+00 2.14641647e-02
 9.11033803e-01 2.12992333e-02
 8.80267920e-01 2.11617867e-02
 8.11349816e-01 2.10512493e-02
 8.55650204e-01 2.09671751e-02
 7.48981471e-01 2.09092424e-02
 6.86803658e-01 2.08772498e-02
 6.38362820e-01 2.08711140e-02
 6.28458137e-01 2.08908678e-02
 5.67331930e-01 2.09366600e-02
 5.27708117e-01 2.10087561e-02
 4.45099669e-01 2.11075403e-02
 4.86076529e-01 2.12335187e-02
 3.65037390e-01 2.13873233e-02
 3.81030252e-01 2.15697174e-02
 3.62221443e-01 2.17816032e-02
 2.56541810e-01 2.20240291e-02
 2.17220629e-01 2.22982004e-02
 1.95506407e-01 2.26054906e-02
 1.88866993e-01 2.29474547e-02
 8.81279869e-02 2.33258455e-02
 1.65492116e-01 2.37426316e-02
 3.00309919e-02 2.42000181e-02
 5.95268742e-02 2.47004712e-02
 2.69820412e-03 2.52467459e-02
 -7.82212531e-02 2.58419179e-02
 -2.14242959e-01 2.64894210e-02
 -2.14494980e-01 2.71930893e-02
 -2.18106196e-01 2.79572070e-02
 -2.63330189e-01 2.87865650e-02
 -2.89998117e-01 2.96865281e-02
 -3.35029951e-01 3.06631112e-02
 -4.03230758e-01 3.17230701e-02
 -5.09438316e-01 3.28740069e-02
 -5.81149503e-01 3.41244935e-02
 -6.82223680e-01 3.54842179e-02
 -6.63668510e-01 3.69641570e-02
 -7.69120529e-01 3.85767810e-02
 -7.69190037e-01 4.03362983e-02
 -8.81821959e-01 4.22589480e-02
 -8.03582322e-01 4.43633520e-02
 -8.64047741e-01 4.66709409e-02
 -1.13171158e+00 4.92064709e-02
 -1.20241406e+00 5.19986567e-02
 -1.18976987e+00 5.50809481e-02
 -1.38127968e+00 5.84924912e-02
 -1.37408897e+00 6.22793258e-02
 -1.45120619e+00 6.64958847e-02
 -1.59034124e+00 7.12068902e-02
 -1.74871769e+00 7.64897675e-02
 -1.74574123e+00 8.24377449e-02
 -2.02225821e+00 8.91638737e-02
 -2.19995807e+00 9.68062908e-02
 -2.28651848e+00 1.05535185e-01
 -2.36440699e+00 1.15562124e-01
 -2.63784475e+00 1.27152708e-01
 -2.74957042e+00 1.40643965e-01
 -3.03581981e+00 1.56468640e-01
 -3.22369527e+00 1.75189678e-01
 -3.54953083e+00 1.97550104e-01
 -3.76143961e+00 2.24546637e-01
 -4.16870116e+00 2.57540927e-01
 -4.54714024e+00 2.98431980e-01
 -5.09339602e+00 3.49931501e-01
 -5.59655657e+00 4.16018593e-01
 -6.15983371e+00 5.02720596e-01
 -6.94868080e+00 6.19516696e-01
 -7.77336101e+00 7.82001721e-01
 -9.18742921e+00 1.01728395e+00
 -1.06887882e+01 1.37584266e+00
 -1.29056389e+01 1.96037238e+00
 -1.61121645e+01 3.00592162e+00
 -2.10120520e+01 5.14645321e+00
 -2.95429299e+01 1.05570021e+01
 -4.40259920e+01 2.97668898e+01
 -1.34906686e+01 9.48285633e+01
 4.82763554e+01 3.97491542e+01
 3.37586118e+01 1.29919739e+01
 2.40284219e+01 6.04292316e+00
 1.84936829e+01 3.44642940e+00
 1.50912796e+01 2.22018544e+00
 1.27826176e+01 1.54883866e+00
 1.09699867e+01 1.14258484e+00
 9.76683810e+00 8.78404441e-01
 8.73185025e+00 6.97060248e-01
 7.94698402e+00 5.67222236e-01
 7.35484448e+00 4.71074678e-01
 6.67640152e+00 3.97885362e-01
 6.23907522e+00 3.40878295e-01
 5.86116060e+00 2.95605183e-01
 5.57727634e+00 2.59048144e-01
 5.14024909e+00 2.29101327e-01
 4.89500513e+00 2.04259105e-01
 4.59553126e+00 1.83421876e-01
 4.38113245e+00 1.65771398e-01
 4.29306364e+00 1.50688598e-01
 3.99088010e+00 1.37698084e-01
 3.86221060e+00 1.26429897e-01
 3.69020841e+00 1.16592635e-01
 3.59394552e+00 1.07954243e-01
 3.52593023e+00 1.00328078e-01
 3.26981510e+00 9.35626372e-02
 3.22291846e+00 8.75339119e-02
 3.11296996e+00 8.21396054e-02
 3.12733069e+00 7.72947283e-02
 3.01574942e+00 7.29282011e-02
 2.83312335e+00 6.89802115e-02
 2.82525987e+00 6.54001396e-02
 2.69071687e+00 6.21449171e-02
 2.70804812e+00 5.91777182e-02
 2.56193512e+00 5.64669090e-02
 2.53409778e+00 5.39851979e-02
 2.31680786e+00 5.17089445e-02
 2.39953307e+00 4.96175941e-02
 2.33704880e+00 4.76932125e-02
 2.20018841e+00 4.59201009e-02
 2.10297062e+00 4.42844764e-02
 2.17386872e+00 4.27742044e-02
 2.11040520e+00 4.13785751e-02
 1.98405913e+00 4.00881143e-02
 2.02187948e+00 3.88944243e-02
 2.01641252e+00 3.77900486e-02
 1.94703912e+00 3.67683564e-02
 1.91871432e+00 3.58234449e-02
 1.77820113e+00 3.49500549e-02
 1.74503144e+00 3.41434985e-02
 1.81444079e+00 3.33995974e-02
 1.70693000e+00 3.27146293e-02
 1.68894774e+00 3.20852824e-02
 1.69082756e+00 3.15086148e-02
 1.64586834e+00 3.09820215e-02
 1.67629510e+00 3.05032042e-02
 1.60211324e+00 3.00701466e-02
 1.45197839e+00 2.96810923e-02
 1.40133961e+00 2.93345274e-02
 1.50522654e+00 2.90291643e-02
 1.48210168e+00 2.87639293e-02
 1.36648228e+00 2.85379524e-02
 1.43008603e+00 2.83505590e-02
 1.27268919e+00 2.82012639e-02
 1.36826863e+00 2.80897673e-02
 1.22922406e+00 2.80159527e-02
 1.22558095e+00 2.79798865e-02
 1.14165853e+00 2.79818199e-02
 1.19652246e+00 2.80221921e-02
 1.15791856e+00 2.81016363e-02
 1.14649049e+00 2.82209872e-02
 1.14473475e+00 2.83812907e-02
 1.12360370e+00 2.85838166e-02
 1.00173446e+00 2.88300736e-02
 1.03730576e+00 2.91218271e-02
 8.97198744e-01 2.94611209e-02
 8.85658490e-01 2.98503023e-02
 8.80807401e-01 3.02920517e-02
 8.97290498e-01 3.07894168e-02
 8.42984919e-01 3.13458532e-02
 7.95311730e-01 3.19652713e-02
 8.47370997e-01 3.26520908e-02
 7.33024124e-01 3.34113048e-02
 7.56800764e-01 3.42485548e-02
 6.86603060e-01 3.51702176e-02
 6.73526870e-01 3.61835090e-02
 6.05463375e-01 3.72966045e-02
 5.40113102e-01 3.85187827e-02
 5.35026210e-01 3.98605948e-02
 4.57444322e-01 4.13340673e-02
 4.29685301e-01 4.29529426e-02
 4.60598168e-01 4.47329696e-02
 3.69054735e-01 4.66922523e-02
 2.63018843e-01 4.88516735e-02
 2.24781633e-01 5.12354102e-02
 1.64441309e-01 5.38715646e-02
 6.10845891e-02 5.67929424e-02
 7.55974412e-02 6.00380164e-02
 -7.94929045e-02 6.36521307e-02
 -2.66733407e-02 6.76890136e-02
 -1.66695712e-01 7.22126945e-02
 -2.13931816e-01 7.72999527e-02
 -2.35443638e-01 8.30434733e-02
 -4.31877130e-01 8.95559518e-02
 -4.15183078e-01 9.69754908e-02
 -6.64178035e-01 1.05472771e-01
 -6.60661601e-01 1.15260696e-01
 -8.25647737e-01 1.26607540e-01
 -8.76089700e-01 1.39855120e-01
 -1.06209789e+00 1.55444314e-01
 -1.27487388e+00 1.73951523e-01
 -1.40072983e+00 1.96141771e-01
 -1.62109255e+00 2.23047709e-01
 -1.79482010e+00 2.56089985e-01
 -2.17084915e+00 2.97265663e-01
 -2.42565401e+00 3.49452327e-01
 -2.81665188e+00 4.16916419e-01
 -3.23564966e+00 5.06198238e-01
 -3.73447974e+00 6.27727801e-01
 -4.44747555e+00 7.98946539e-01
 -5.21334707e+00 1.05076259e+00
 -6.43046028e+00 1.44205916e+00
 -7.97918665e+00 2.09587096e+00
 -1.01555675e+01 3.30224899e+00
 -1.35527718e+01 5.86281420e+00
 -1.83151003e+01 1.24516541e+01
 -1.84082960e+01 3.13068583e+01
 1.41603980e+01 3.95523234e+01
 2.25947546e+01 1.66393819e+01
 1.76712099e+01 7.34756525e+00
 1.38281671e+01 3.95336208e+00
 1.13900095e+01 2.43743892e+00
 9.62781807e+00 1.64573482e+00
 8.31257506e+00 1.18401041e+00
 7.52366937e+00 8.92341829e-01
 6.81708477e+00 6.96721019e-01
 6.18931306e+00 5.59286919e-01
 5.70746119e+00 4.59100058e-01
 5.29401196e+00 3.83838103e-01
 4.89617221e+00 3.25874353e-01
 4.70403156e+00 2.80286937e-01
 4.51596392e+00 2.43785902e-01
 4.40168035e+00 2.14105230e-01
 4.16608634e+00 1.89643307e-01
 3.93632023e+00 1.69242342e-01
 3.72710201e+00 1.52048664e-01
 3.70641724e+00 1.37421718e-01
 3.54345158e+00 1.24873289e-01
 3.49621732e+00 1.14026027e-01
 3.34446796e+00 1.04584555e-01
 3.28411108e+00 9.63150033e-02
 3.14920597e+00 8.90302511e-02
 3.13355402e+00 8.25791501e-02
 3.14590793e+00 7.68385326e-02
 2.95053255e+00 7.17072186e-02
 2.92277900e+00 6.71014683e-02
 2.75669978e+00 6.29514948e-02
 2.79916861e+00 5.91987653e-02
 2.75109852e+00 5.57938910e-02
 2.66652970e+00 5.26949656e-02
 2.71993378e+00 4.98662457e-02
 2.56763230e+00 4.72770945e-02
 2.59371408e+00 4.49011321e-02
 2.42546081e+00 4.27155451e-02
 2.44600823e+00 4.07005247e-02
 2.40684370e+00 3.88388048e-02
 2.40145886e+00 3.71152816e-02
 2.24831543e+00 3.55166977e-02
 2.33704015e+00 3.40313790e-02
 2.37996453e+00 3.26490149e-02
 2.22511503e+00 3.13604728e-02
 2.23602536e+00 3.01576418e-02
 2.28089838e+00 2.90333009e-02
 2.22920411e+00 2.79810055e-02
 2.12019243e+00 2.69949919e-02
 2.05499143e+00 2.60700945e-02
 2.12718525e+00 2.52016754e-02
 2.14697946e+00 2.43855631e-02
 2.17697633e+00 2.36180003e-02
 1.98701295e+00 2.28955976e-02
 2.05123020e+00 2.22152948e-02
 1.91392963e+00 2.15743254e-02
 2.02719499e+00 2.09701875e-02
 2.01968818e+00 2.04006173e-02
 2.02685660e+00 1.98635659e-02
 1.95478016e+00 1.93571800e-02
 2.02800632e+00 1.88797838e-02
 1.95225431e+00 1.84298638e-02
 1.80346251e+00 1.80060562e-02
 1.87702012e+00 1.76071342e-02
 1.85628769e+00 1.72319989e-02
 1.89733317e+00 1.68796703e-02
 1.88506282e+00 1.65492797e-02
 1.90791511e+00 1.62400641e-02
 1.84285824e+00 1.59513602e-02
 1.75197731e+00 1.56826011e-02
 1.76195076e+00 1.54333125e-02
 1.71202359e+00 1.52031107e-02
 1.80257125e+00 1.49917012e-02
 1.84713541e+00 1.47988784e-02
 1.73250042e+00 1.46245257e-02
 1.71224516e+00 1.44686174e-02
 1.79200309e+00 1.43312207e-02
 1.65537595e+00 1.42124997e-02
 1.72139554e+00 1.41127198e-02
 1.79815608e+00 1.40322536e-02
 1.73404756e+00 1.39715889e-02
 1.68320476e+00 1.39313371e-02
 1.62664600e+00 1.39122449e-02
 1.51978426e+00 1.39152071e-02
 1.61417824e+00 1.39412822e-02
 1.59479416e+00 1.39917114e-02
 1.60899982e+00 1.40679406e-02
 1.66194065e+00 1.41716465e-02
 1.52985950e+00 1.43047680e-02
 1.58481477e+00 1.44695432e-02
 1.59008160e+00 1.46685537e-02
 1.50257308e+00 1.49047777e-02
 1.55771622e+00 1.51816530e-02
 1.57099733e+00 1.55031541e-02
 1.40032101e+00 1.58738840e-02
 1.50884920e+00 1.62991870e-02
 1.56669598e+00 1.67852860e-02
 1.46946156e+00 1.73394504e-02
 1.56223580e+00 1.79702051e-02
 1.39278315e+00 1.86875883e-02
 1.34268183e+00 1.95034758e-02
 1.40099454e+00 2.04319888e-02
 1.40694135e+00 2.14900121e-02
 1.42010189e+00 2.26978585e-02
 1.32276707e+00 2.40801265e-02
 1.34065846e+00 2.56668210e-02
 1.31178647e+00 2.74948298e-02
 1.28552248e+00 2.96098944e-02
 1.23001922e+00 3.20692706e-02
 1.23912007e+00 3.49453695e-02
 1.19756787e+00 3.83308144e-02
 1.16549916e+00 4.23455768e-02
 1.14283567e+00 4.71472280e-02
 1.22835482e+00 5.29459569e-02
 9.89342359e-01 6.00270586e-02
 1.05066548e+00 6.87854471e-02
 8.86682228e-01 7.97801053e-02
 9.59644717e-01 9.38227396e-02
 8.77075102e-01 1.12127426e-01
 7.07376880e-01 1.36573965e-01
 6.59584404e-01 1.70194510e-01
 4.80961529e-01 2.18126022e-01
 2.29055936e-01 2.89607256e-01
 3.64770960e-02 4.02527690e-01
 -3.96803098e-01 5.94879680e-01
 -6.85728658e-01 9.57153620e-01
 -1.35148799e+00 1.73444045e+00
 -1.91422636e+00 3.61268746e+00
 1.74081825e-01 6.87507078e+00
 4.65759536e+00 5.49183149e+00
 5.17158733e+00 2.59045537e+00
 4.42936257e+00 1.32195279e+00
 3.86913986e+00 7.73702725e-01
 3.48364147e+00 5.01680146e-01
 3.26476471e+00 3.49865246e-01
 3.00899960e+00 2.57273890e-01
 2.86556329e+00 1.96879279e-01
 2.76262319e+00 1.55383176e-01
 2.58765097e+00 1.25671675e-01
 2.51247814e+00 1.03674854e-01
 2.57423434e+00 8.69333729e-02
 2.40462553e+00 7.38923553e-02
 2.29770980e+00 6.35307271e-02
 2.25468417e+00 5.51559739e-02
 2.25452747e+00 4.82852072e-02
 2.21997666e+00 4.25735000e-02
 2.15471898e+00 3.77692132e-02
 2.21807871e+00 3.36853081e-02
 2.09337730e+00 3.01804346e-02
 2.11546109e+00 2.71461702e-02
 2.13956402e+00 2.44982269e-02
 2.06596492e+00 2.21702779e-02
 1.96502128e+00 2.01095497e-02
 2.05106792e+00 1.82736247e-02
 2.07008047e+00 1.66280902e-02
 1.98101974e+00 1.51447862e-02
 2.02992297e+00 1.38004846e-02
 2.04069895e+00 1.25758823e-02
 2.14867650e+00 1.14548255e-02
 1.90938627e+00 1.04237072e-02
 2.04256820e+00 9.47099423e-03
 2.01200998e+00 8.58685359e-03
 1.97190868e+00 7.76285431e-03
 1.90454659e+00 6.99172842e-03
 2.03005036e+00 6.26717768e-03
 1.91061843e+00 5.58371630e-03
 1.94918688e+00 4.93654227e-03
 1.99367216e+00 4.32143131e-03
 1.94275009e+00 3.73464917e-03
 1.98471347e+00 3.17287849e-03
 2.01044714e+00 2.63315762e-03
 1.88299407e+00 2.11282912e-03
 1.87803371e+00 1.60949620e-03
 1.96969681e+00 1.12098560e-03
 1.98499829e+00 6.45315952e-04
 1.97766276e+00 1.80670510e-04
 1.92385962e+00 -2.74626446e-04
 1.91876252e+00 -7.22130098e-04
 1.86097354e+00 -1.16329306e-03
 1.90807588e+00 -1.59948121e-03
 1.97312105e+00 -2.03198779e-03
 2.03108870e+00 -2.46204603e-03
 1.91252165e+00 -2.89084051e-03
 1.98447721e+00 -3.31951766e-03
 2.00230441e+00 -3.74919535e-03
 1.84578575e+00 -4.18097190e-03
 1.91110071e+00 -4.61593460e-03
 1.95760612e+00 -5.05516790e-03
 2.01659135e+00 -5.49976134e-03
 1.92281914e+00 -5.95081738e-03
 1.97547699e+00 -6.40945926e-03
 1.92533485e+00 -6.87683893e-03
 1.99025308e+00 -7.35414519e-03
 1.96383821e+00 -7.84261218e-03
 1.99661755e+00 -8.34352831e-03
 1.84717220e+00 -8.85824571e-03
 2.05274515e+00 -9.38819038e-03
 2.04792274e+00 -9.93487324e-03
 2.02109172e+00 -1.04999021e-02
 2.02756178e+00 -1.10849947e-02
 1.96446819e+00 -1.16919934e-02
 2.00933074e+00 -1.23228815e-02
 1.99375757e+00 -1.29798009e-02
 2.04244102e+00 -1.36650723e-02
 2.07859050e+00 -1.43812186e-02
 2.13776889e+00 -1.51309899e-02
 2.07956703e+00 -1.59173933e-02
 2.12214165e+00 -1.67437259e-02
 2.15766465e+00 -1.76136129e-02
 2.16794636e+00 -1.85310515e-02
 2.05065386e+00 -1.95004611e-02
 2.16906315e+00 -2.05267410e-02
 2.27384555e+00 -2.16153383e-02
 2.20800558e+00 -2.27723261e-02
 2.23857947e+00 -2.40044945e-02
 2.21057614e+00 -2.53194580e-02
 2.18246040e+00 -2.67257817e-02
 2.26942480e+00 -2.82331296e-02
 2.22961102e+00 -2.98524416e-02
 2.28946078e+00 -3.15961434e-02
 2.43337360e+00 -3.34783977e-02
 2.40869999e+00 -3.55154074e-02
 2.39252379e+00 -3.77257798e-02
 2.44696735e+00 -4.01309712e-02
 2.43114889e+00 -4.27558284e-02
 2.53407439e+00 -4.56292546e-02
 2.44532626e+00 -4.87850325e-02
 2.55821039e+00 -5.22628492e-02
 2.59851755e+00 -5.61095795e-02
 2.61110614e+00 -6.03809079e-02
 2.66488487e+00 -6.51433918e-02
 2.69156781e+00 -7.04771117e-02
 2.75400429e+00 -7.64791040e-02
 2.82447868e+00 -8.32678542e-02
 2.81897178e+00 -9.09892396e-02
 2.90608124e+00 -9.98244814e-02
 2.97493317e+00 -1.10000920e-01
 3.10916665e+00 -1.21806818e-01
 3.18519027e+00 -1.35611996e-01
 3.20584702e+00 -1.51897096e-01
 3.33129421e+00 -1.71295808e-01
 3.42855541e+00 -1.94657064e-01
 3.65574502e+00 -2.23138713e-01
 3.85742773e+00 -2.58352173e-01
 3.95343213e+00 -3.02592238e-01
 4.21364300e+00 -3.59214076e-01
 4.37906020e+00 -4.33274847e-01
 4.75776929e+00 -5.32672968e-01
 5.11485045e+00 -6.70273230e-01
 5.65165484e+00 -8.68106444e-01
 6.24355313e+00 -1.16625193e+00
 7.01162591e+00 -1.64317684e+00
 8.17784262e+00 -2.46665679e+00
 9.58030561e+00 -4.03227526e+00
 1.11896745e+01 -7.33227534e+00
 1.05517436e+01 -1.41740737e+01
 7.63637167e-01 -1.98226635e+01
 -7.80984594e+00 -1.31647280e+01
 -7.89048050e+00 -6.80654226e+00
 -6.17825350e+00 -3.80122088e+00
 -4.81650580e+00 -2.35791053e+00
 -3.81991272e+00 -1.58831263e+00
 -2.98921881e+00 -1.13759072e+00
 -2.36284359e+00 -8.53351544e-01
 -1.90213987e+00 -6.63448354e-01
 -1.57240864e+00 -5.30647041e-01
 -1.16997889e+00 -4.34304089e-01
 -9.66024949e-01 -3.62278035e-01
 -7.93838968e-01 -3.07069295e-01
 -6.40386150e-01 -2.63851172e-01
 -5.13811628e-01 -2.29407049e-01
 -2.01695415e-01 -2.01528277e-01
 -1.70937457e-01 -1.78658579e-01
 -1.57547829e-01 -1.59676298e-01
 2.08251398e-02 -1.43756780e-01
 1.07037284e-01 -1.30282942e-01
 2.12608113e-01 -1.18785704e-01
 3.04677055e-01 -1.08903419e-01
 3.83698054e-01 -1.00353692e-01
 3.77784494e-01 -9.29134536e-02
 5.19158815e-01 -8.64046358e-02
 4.63396013e-01 -8.06837239e-02
 6.01010667e-01 -7.56340308e-02
 6.99656429e-01 -7.11599132e-02
 6.64734253e-01 -6.71823915e-02
 7.25921153e-01 -6.36357979e-02
 6.56278163e-01 -6.04651861e-02
 7.02386898e-01 -5.76243108e-02
 7.49879610e-01 -5.50740384e-02
 9.44304403e-01 -5.27810873e-02
 8.32905370e-01 -5.07170221e-02
 8.91771884e-01 -4.88574439e-02
 9.94032786e-01 -4.71813362e-02
 9.58775843e-01 -4.56705307e-02
 1.09272554e+00 -4.43092719e-02
 1.07765943e+00 -4.30838562e-02
 1.02870276e+00 -4.19823357e-02
 1.11926621e+00 -4.09942702e-02
 1.08716949e+00 -4.01105213e-02
 1.16931384e+00 -3.93230792e-02
 1.20432247e+00 -3.86249177e-02
 1.23695353e+00 -3.80098709e-02
 1.20344225e+00 -3.74725301e-02
 1.34671462e+00 -3.70081554e-02
 1.32024101e+00 -3.66126011e-02
 1.26676279e+00 -3.62822520e-02
 1.36124936e+00 -3.60139695e-02
 1.25200088e+00 -3.58050456e-02
 1.40723022e+00 -3.56531638e-02
 1.45000820e+00 -3.55563659e-02
 1.36406854e+00 -3.55130245e-02
 1.39485772e+00 -3.55218197e-02
 1.39254004e+00 -3.55817197e-02
 1.53493200e+00 -3.56919655e-02
 1.39786137e+00 -3.58520588e-02
 1.52840893e+00 -3.60617523e-02
 1.56505932e+00 -3.63210436e-02
 1.57795823e+00 -3.66301712e-02
 1.62692104e+00 -3.69896135e-02
 1.59643876e+00 -3.74000896e-02
 1.71945717e+00 -3.78625636e-02
 1.64722223e+00 -3.83782499e-02
 1.60580153e+00 -3.89486227e-02
 1.78104442e+00 -3.95754270e-02
 1.74938475e+00 -4.02606929e-02
 1.73651470e+00 -4.10067530e-02
 1.75201044e+00 -4.18162631e-02
 1.84054489e+00 -4.26922260e-02
 1.83427843e+00 -4.36380208e-02
 1.87659042e+00 -4.46574350e-02
 1.96612584e+00 -4.57547031e-02
 1.89020087e+00 -4.69345505e-02
 1.89236464e+00 -4.82022440e-02
 1.98596607e+00 -4.95636504e-02
 2.06673608e+00 -5.10253036e-02
 2.11994670e+00 -5.25944823e-02
 2.03737345e+00 -5.42792991e-02
 2.09876170e+00 -5.60888045e-02
 2.15882330e+00 -5.80331065e-02
 2.19426341e+00 -6.01235099e-02
 2.19008115e+00 -6.23726787e-02
 2.25922887e+00 -6.47948249e-02
 2.27976834e+00 -6.74059310e-02
 2.33233861e+00 -7.02240100e-02
 2.36228326e+00 -7.32694130e-02
 2.45299520e+00 -7.65651930e-02
 2.45161668e+00 -8.01375368e-02
 2.51952833e+00 -8.40162814e-02
 2.63711666e+00 -8.82355316e-02
 2.56908073e+00 -9.28344054e-02
 2.69990666e+00 -9.78579347e-02
 2.76892551e+00 -1.03358162e-01
 2.89236025e+00 -1.09395484e-01
 2.87287445e+00 -1.16040299e-01
 2.97877962e+00 -1.23375056e-01
 3.13679289e+00 -1.31496805e-01
 3.13302579e+00 -1.40520398e-01
 3.20169903e+00 -1.50582545e-01
 3.31473601e+00 -1.61846982e-01
 3.37020232e+00 -1.74511126e-01
 3.49692259e+00 -1.88814720e-01
 3.54911547e+00 -2.05051174e-01
 3.82703445e+00 -2.23582607e-01
 3.90480476e+00 -2.44860042e-01
 4.09969493e+00 -2.69450855e-01
 4.25401219e+00 -2.98076617e-01
 4.51671470e+00 -3.31666057e-01
 4.58409474e+00 -3.71430457e-01
 4.92964709e+00 -4.18972951e-01
 5.21096209e+00 -4.76450281e-01
 5.50476393e+00 -5.46817687e-01
 5.83314221e+00 -6.34209242e-01
 6.25818398e+00 -7.44545808e-01
 6.78391353e+00 -8.86538993e-01
 7.23893513e+00 -1.07341193e+00
 7.87926538e+00 -1.32597728e+00
 8.75704492e+00 -1.67842084e+00
 9.73177905e+00 -2.18980498e+00
 1.12527177e+01 -2.96848828e+00
 1.28311546e+01 -4.22782744e+00
 1.51862003e+01 -6.42225544e+00
 1.78215579e+01 -1.05855185e+01
 1.96464890e+01 -1.89247519e+01
 1.33416235e+01 -3.24326229e+01
 -6.90088764e+00 -3.51759654e+01
 -1.69830067e+01 -2.19377307e+01
 -1.61856688e+01 -1.21613584e+01
 -1.35248087e+01 -7.23266715e+00
 -1.10970320e+01 -4.68260240e+00
 -9.29198507e+00 -3.24725386e+00
 -7.85281015e+00 -2.37384306e+00
 -6.83706492e+00 -1.80751042e+00
 -5.82446748e+00 -1.42113969e+00
 -5.15683262e+00 -1.14652278e+00
 -4.63002338e+00 -9.44697315e-01
 -4.13383328e+00 -7.92203012e-01
 -3.62648612e+00 -6.74272361e-01
 -3.26715746e+00 -5.81252587e-01
 -2.99256788e+00 -5.06627175e-01
 -2.76687231e+00 -4.45872459e-01
 -2.44826194e+00 -3.95770952e-01
 -2.20674828e+00 -3.53984844e-01
 -2.13728509e+00 -3.18783139e-01
 -1.99951921e+00 -2.88862436e-01
 -1.73083224e+00 -2.63226433e-01
 -1.61355255e+00 -2.41103185e-01
 -1.39618882e+00 -2.21887215e-01
 -1.27526432e+00 -2.05098296e-01
 -1.12585623e+00 -1.90351659e-01
 -1.09974385e+00 -1.77336136e-01
 -9.75294439e-01 -1.65797927e-01
 -9.31569398e-01 -1.55528389e-01
 -7.63800767e-01 -1.46354752e-01
 -7.78620215e-01 -1.38132987e-01
 -6.45423461e-01 -1.30742275e-01
 -4.95035301e-01 -1.24080681e-01
 -4.36060532e-01 -1.18061736e-01
 -3.83659660e-01 -1.12611727e-01
 -4.34127012e-01 -1.07667524e-01
 -2.07461819e-01 -1.03174822e-01
 -2.95598195e-01 -9.90867258e-02
 -2.21566301e-01 -9.53625865e-02
 -1.51855738e-01 -9.19670503e-02
 -1.31869353e-01 -8.88692721e-02
 -1.13449358e-01 -8.60422648e-02
 9.19791102e-03 -8.34623567e-02
 6.66627071e-02 -8.11087368e-02
 8.68474025e-02 -7.89630746e-02
 7.77522271e-02 -7.70091978e-02
 1.13073369e-01 -7.52328208e-02
 2.69062580e-01 -7.36213138e-02
 2.87316759e-01 -7.21635064e-02
 3.62347236e-01 -7.08495206e-02
 3.40363524e-01 -6.96706269e-02
 4.15287836e-01 -6.86191226e-02
 4.57243191e-01 -6.76882264e-02
 5.02174935e-01 -6.68719889e-02
 5.72156286e-01 -6.61652157e-02
 5.64728527e-01 -6.55634014e-02
 5.65829372e-01 -6.50626745e-02
 6.26068359e-01 -6.46597490e-02
 5.75846862e-01 -6.43518860e-02
 7.37276871e-01 -6.41368596e-02
 7.66235193e-01 -6.40129309e-02
 7.66731587e-01 -6.39788265e-02
 7.95502141e-01 -6.40337226e-02
 8.61727201e-01 -6.41772336e-02
 8.54273644e-01 -6.44094057e-02
 9.38079953e-01 -6.47307149e-02
 9.34122929e-01 -6.51420692e-02
 9.29185979e-01 -6.56448155e-02
 1.06284668e+00 -6.62407508e-02
 1.04638542e+00 -6.69321383e-02
 1.10673969e+00 -6.77217282e-02
 1.11840698e+00 -6.86127843e-02
 1.20536101e+00 -6.96091159e-02
 1.21958755e+00 -7.07151161e-02
 1.29068520e+00 -7.19358073e-02
 1.23603416e+00 -7.32768945e-02
 1.44914752e+00 -7.47448274e-02
 1.35028191e+00 -7.63468723e-02
 1.40075342e+00 -7.80911966e-02
 1.40978658e+00 -7.99869650e-02
 1.57847249e+00 -8.20444524e-02
 1.67204302e+00 -8.42751738e-02
 1.62514569e+00 -8.66920356e-02
 1.62987804e+00 -8.93095108e-02
 1.79735188e+00 -9.21438437e-02
 1.75747075e+00 -9.52132876e-02
 1.77801808e+00 -9.85383843e-02
 1.97222371e+00 -1.02142290e-01
 1.98042779e+00 -1.06051163e-01
 1.97396521e+00 -1.10294614e-01
 2.05492236e+00 -1.14906249e-01
 2.15270884e+00 -1.19924309e-01
 2.16117076e+00 -1.25392433e-01
 2.25494887e+00 -1.31360586e-01
 2.33699785e+00 -1.37886158e-01
 2.33627343e+00 -1.45035318e-01
 2.60233866e+00 -1.52884646e-01
 2.62009405e+00 -1.61523141e-01
 2.74207811e+00 -1.71054702e-01
 2.77092950e+00 -1.81601190e-01
 2.88124154e+00 -1.93306271e-01
 3.04772845e+00 -2.06340239e-01
 3.10446306e+00 -2.20906132e-01
 3.30837420e+00 -2.37247560e-01
 3.36124348e+00 -2.55658788e-01
 3.54449010e+00 -2.76497873e-01
 3.73223226e+00 -3.00203944e-01
 3.80451165e+00 -3.27320182e-01
 4.15156957e+00 -3.58524754e-01
 4.23277615e+00 -3.94672997e-01
 4.44031710e+00 -4.36855757e-01
 4.71702388e+00 -4.86481352e-01
 5.04137353e+00 -5.45392662e-01
 5.31405337e+00 -6.16037615e-01
 5.74613785e+00 -7.01722603e-01
 6.12937842e+00 -8.06997992e-01
 6.50010576e+00 -9.38259976e-01
 7.12447696e+00 -1.10471792e+00
 7.73260122e+00 -1.32000117e+00
 8.56995751e+00 -1.60492969e+00
 9.47789157e+00 -1.99249932e+00
 1.05624684e+01 -2.53729778e+00
 1.19248554e+01 -3.33429100e+00
 1.36319259e+01 -4.55862005e+00
 1.59073791e+01 -6.55502201e+00
 1.86240205e+01 -1.00454169e+01
 2.14579639e+01 -1.65593752e+01
 2.10798238e+01 -2.84872128e+01
 7.92111644e+00 -4.21953515e+01
 -1.38232192e+01 -3.82196415e+01
 -2.13512343e+01 -2.35468440e+01
 -1.97187331e+01 -1.37814569e+01
 -1.68534170e+01 -8.59303268e+00
 -1.42577657e+01 -5.75322071e+00
 -1.21495008e+01 -4.08531412e+00
 -1.05073474e+01 -3.03827036e+00
 -9.34471809e+00 -2.34339108e+00
 -8.27341843e+00 -1.86080953e+00
 -7.47686803e+00 -1.51297839e+00
 -6.72332129e+00 -1.25445246e+00
 -6.15089028e+00 -1.05730343e+00
 -5.61074127e+00 -9.03656807e-01
 -5.12281767e+00 -7.81667198e-01
 -4.90411404e+00 -6.83245001e-01
 -4.43363631e+00 -6.02719110e-01
 -4.10785207e+00 -5.36021679e-01
 -3.87107862e+00 -4.80175248e-01
 -3.71077264e+00 -4.32960966e-01
 -3.39345591e+00 -3.92698556e-01
 -3.23810770e+00 -3.58097121e-01
 -2.97439193e+00 -3.28151918e-01
 -2.81890540e+00 -3.02071645e-01
 -2.74120434e+00 -2.79226365e-01
 -2.59183782e+00 -2.59109651e-01
 -2.47026933e+00 -2.41310684e-01
 -2.29375970e+00 -2.25493431e-01
 -2.16527932e+00 -2.11380918e-01
 -2.00887436e+00 -1.98743232e-01
 -1.99701886e+00 -1.87388268e-01
 -1.88513795e+00 -1.77154532e-01
 -1.83584872e+00 -1.67905492e-01
 -1.56035281e+00 -1.59525109e-01
 -1.68595748e+00 -1.51914275e-01
 -1.59181985e+00 -1.44987957e-01
 -1.39237135e+00 -1.38672882e-01
 -1.41623531e+00 -1.32905663e-01
 -1.32770489e+00 -1.27631258e-01
 -1.24810161e+00 -1.22801712e-01
 -1.24868673e+00 -1.18375111e-01
 -1.03633023e+00 -1.14314711e-01
 -1.04381537e+00 -1.10588221e-01
 -9.90711594e-01 -1.07167190e-01
 -9.92670904e-01 -1.04026503e-01
 -9.45041931e-01 -1.01143942e-01
 -8.23963909e-01 -9.84998308e-02
 -8.00258083e-01 -9.60767151e-02
 -7.43623242e-01 -9.38591040e-02
 -7.77231140e-01 -9.18332414e-02
 -6.91063934e-01 -8.99869125e-02
 -5.87166830e-01 -8.83092776e-02
 -5.81553424e-01 -8.67907297e-02
 -4.84277498e-01 -8.54227709e-02
 -5.26758342e-01 -8.41979079e-02
 -3.83667330e-01 -8.31095607e-02
 -4.12127212e-01 -8.21519853e-02
 -3.15253988e-01 -8.13202074e-02
 -1.94992466e-01 -8.06099666e-02
 -1.64088025e-01 -8.00176684e-02
 -2.51937088e-01 -7.95403454e-02
 -5.03440954e-02 -7.91756253e-02
 -1.56414786e-01 -7.89217053e-02
 -1.87528589e-01 -7.87773331e-02
 -1.84727977e-02 -7.87417934e-02
 -9.89728667e-03 -7.88149004e-02
 6.53058924e-02 -7.89969954e-02
 7.30320479e-02 -7.92889498e-02
 1.31236347e-01 -7.96921740e-02
 1.77323238e-01 -8.02086314e-02
 3.21903473e-01 -8.08408584e-02
 2.91224741e-01 -8.15919912e-02
 2.09652694e-01 -8.24657981e-02
 2.98102660e-01 -8.34667201e-02
 3.60094841e-01 -8.45999193e-02
 4.32581054e-01 -8.58713361e-02
 5.06244268e-01 -8.72877564e-02
 5.41652376e-01 -8.88568905e-02
 5.32141319e-01 -9.05874649e-02
 6.79002663e-01 -9.24893291e-02
 6.44700121e-01 -9.45735795e-02
 7.40893839e-01 -9.68527038e-02
 8.60807723e-01 -9.93407484e-02
 8.43022466e-01 -1.02053514e-01
 9.34223974e-01 -1.05008782e-01
 8.81173682e-01 -1.08226582e-01
 9.68297368e-01 -1.11729502e-01
 9.97046663e-01 -1.15543057e-01
 1.14214872e+00 -1.19696115e-01
 1.14573863e+00 -1.24221413e-01
 1.29810527e+00 -1.29156158e-01
 1.31448049e+00 -1.34542753e-01
 1.37608211e+00 -1.40429652e-01
 1.43693214e+00 -1.46872406e-01
 1.49078944e+00 -1.53934909e-01
 1.60360674e+00 -1.61690923e-01
 1.69889157e+00 -1.70225928e-01
 1.66812657e+00 -1.79639401e-01
 1.87116561e+00 -1.90047627e-01
 1.96022230e+00 -2.01587192e-01
 2.02222230e+00 -2.14419349e-01
 2.07833549e+00 -2.28735533e-01
 2.21971523e+00 -2.44764350e-01
 2.46265631e+00 -2.62780543e-01
 2.60921553e+00 -2.83116578e-01
 2.77651630e+00 -3.06177755e-01
 2.88358429e+00 -3.32462143e-01
 3.03708207e+00 -3.62587159e-01
 3.12694410e+00 -3.97325441e-01
 3.51800146e+00 -4.37653913e-01
 3.72628185e+00 -4.84821857e-01
 3.98017823e+00 -5.40446862e-01
 4.22102698e+00 -6.06652413e-01
 4.52302706e+00 -6.86268982e-01
 4.94874262e+00 -7.83134200e-01
 5.32498978e+00 -9.02551531e-01
 5.78580143e+00 -1.05200973e+00
 6.43681376e+00 -1.24234497e+00
 7.10058206e+00 -1.48968099e+00
 7.85668993e+00 -1.81879128e+00
 8.72530981e+00 -2.26917533e+00
 9.89548581e+00 -2.90656874e+00
 1.12534534e+01 -3.84589148e+00
 1.30702459e+01 -5.29942307e+00
 1.53112772e+01 -7.68185105e+00
 1.77972572e+01 -1.18326324e+01
 1.95355022e+01 -1.93242076e+01
 1.60616839e+01 -3.13370304e+01
 2.51796846e-01 -3.99906305e+01
 -1.61971494e+01 -3.22365314e+01
 -2.03583265e+01 -2.00297301e+01
 -1.86997575e+01 -1.22438546e+01
 -1.63081933e+01 -7.92396589e+00
 -1.40723002e+01 -5.45193011e+00
 -1.23164647e+01 -3.94881887e+00
 -1.08196968e+01 -2.98026427e+00
 -9.69506783e+00 -2.32455364e+00
 -8.71358429e+00 -1.86206099e+00
 -7.96295837e+00 -1.52457022e+00
 -7.27028200e+00 -1.27120162e+00
 -6.68595403e+00 -1.07637501e+00
 -6.23671930e+00 -9.23474101e-01
 -5.83381203e+00 -8.01350260e-01
 -5.47605934e+00 -7.02309679e-01
 -5.05505110e+00 -6.20910263e-01
 -4.88430498e+00 -5.53218138e-01
 -4.58454566e+00 -4.96334423e-01
 -4.24008865e+00 -4.48085971e-01
 -4.08412350e+00 -4.06818447e-01
 -3.88157750e+00 -3.71254904e-01
 -3.80574313e+00 -3.40397266e-01
 -3.64723252e+00 -3.13456490e-01
 -3.47132398e+00 -2.89802263e-01
 -3.27089896e+00 -2.68926261e-01
 -3.21114939e+00 -2.50414933e-01
 -3.10458559e+00 -2.33929110e-01
 -3.06144395e+00 -2.19188547e-01
 -2.84983513e+00 -2.05960081e-01
 -2.87005944e+00 -1.94048474e-01
 -2.71209427e+00 -1.83289267e-01
 -2.53680865e+00 -1.73543158e-01
 -2.45817519e+00 -1.64691539e-01
 -2.43018609e+00 -1.56632932e-01
 -2.28854321e+00 -1.49280124e-01
 -2.32897657e+00 -1.42557840e-01
 -2.18132009e+00 -1.36400858e-01
 -2.17321556e+00 -1.30752452e-01
 -2.14847672e+00 -1.25563121e-01
 -1.97107402e+00 -1.20789527e-01
 -1.86437614e+00 -1.16393618e-01
 -1.75302004e+00 -1.12341891e-01
 -1.83808419e+00 -1.08604775e-01
 -1.74404173e+00 -1.05156111e-01
 -1.74086538e+00 -1.01972715e-01
 -1.75830052e+00 -9.90339976e-02
 -1.60804610e+00 -9.63216540e-02
 -1.69133545e+00 -9.38193866e-02
 -1.43999650e+00 -9.15126751e-02
 -1.56889098e+00 -8.93885763e-02
 -1.41715585e+00 -8.74355524e-02
 -1.38569645e+00 -8.56433236e-02
 -1.41270937e+00 -8.40027400e-02
 -1.32854432e+00 -8.25056723e-02
 -1.26519700e+00 -8.11449166e-02
 -1.20764926e+00 -7.99141131e-02
 -1.15772375e+00 -7.88076756e-02
 -1.20374116e+00 -7.78207318e-02
 -1.24106670e+00 -7.69490722e-02
 -1.13594278e+00 -7.61891067e-02
 -1.06659307e+00 -7.55378291e-02
 -1.08701573e+00 -7.49927876e-02
 -1.00913036e+00 -7.45520615e-02
 -9.65934508e-01 -7.42142438e-02
 -9.46197186e-01 -7.39784291e-02
 -8.88891551e-01 -7.38442059e-02
 -8.73476962e-01 -7.38116556e-02
 -8.11924828e-01 -7.38813547e-02
 -7.47986531e-01 -7.40543836e-02
 -7.57925932e-01 -7.43323401e-02
 -6.95072163e-01 -7.47173580e-02
 -6.63784171e-01 -7.52121326e-02
 -6.94488058e-01 -7.58199520e-02
 -5.69761844e-01 -7.65447354e-02
 -5.78075518e-01 -7.73910796e-02
 -4.21036979e-01 -7.83643137e-02
 -4.97916426e-01 -7.94705639e-02
 -4.76262581e-01 -8.07168296e-02
 -3.56645418e-01 -8.21110719e-02
 -3.06211659e-01 -8.36623178e-02
 -3.17157229e-01 -8.53807802e-02
 -2.75012911e-01 -8.72779993e-02
 -2.59939710e-01 -8.93670066e-02
 -2.19874696e-01 -9.16625172e-02
 -1.86124841e-01 -9.41811544e-02
 -1.39877088e-01 -9.69417135e-02
 -1.39251935e-02 -9.99654722e-02
 4.35382893e-02 -1.03276557e-01
 5.56930712e-02 -1.06902376e-01
 2.28175499e-02 -1.10874135e-01
 7.54342679e-02 -1.15227453e-01
 1.75656742e-01 -1.20003098e-01
 3.04240879e-01 -1.25247871e-01
 4.04770048e-01 -1.31015681e-01
 3.46894707e-01 -1.37368848e-01
 5.36939256e-01 -1.44379689e-01
 5.63192140e-01 -1.52132480e-01
 5.48506733e-01 -1.60725873e-01
 6.11143482e-01 -1.70275901e-01
 6.71105169e-01 -1.80919759e-01
 9.23016064e-01 -1.92820560e-01
 9.00569067e-01 -2.06173400e-01
 1.04597847e+00 -2.21213135e-01
 1.20029937e+00 -2.38224458e-01
 1.27548802e+00 -2.57555074e-01
 1.30556857e+00 -2.79633117e-01
 1.49188717e+00 -3.04990426e-01
 1.74436982e+00 -3.34294053e-01
 1.84048857e+00 -3.68389466e-01
 2.02060390e+00 -4.08360684e-01
 2.27080471e+00 -4.55615298e-01
 2.48475112e+00 -5.12006816e-01
 2.82519555e+00 -5.80014137e-01
 3.08029319e+00 -6.63010489e-01
 3.33090797e+00 -7.65676085e-01
 3.68277896e+00 -8.94648191e-01
 4.05749726e+00 -1.05957579e+00
 4.66155452e+00 -1.27488797e+00
 5.30153698e+00 -1.56287042e+00
 6.04279591e+00 -1.95924104e+00
 6.93805734e+00 -2.52371484e+00
 7.96725797e+00 -3.36095822e+00
 9.32885972e+00 -4.66379432e+00
 1.09739884e+01 -6.80271049e+00
 1.26153835e+01 -1.04862730e+01
 1.29238197e+01 -1.67898049e+01
 7.98442032e+00 -2.52389120e+01
 -4.42969686e+00 -2.81273047e+01
 -1.35549550e+01 -2.11252569e+01
 -1.52272900e+01 -1.33449368e+01
 -1.41132214e+01 -8.45397497e+00
 -1.24574548e+01 -5.63964688e+00
 -1.09438939e+01 -3.96947043e+00
 -9.68004579e+00 -2.92404177e+00
 -8.77217771e+00 -2.23517292e+00
 -7.88528120e+00 -1.76063983e+00
 -7.15679498e+00 -1.42130941e+00
 -6.68774149e+00 -1.17093581e+00
 -6.17811850e+00 -9.81252081e-01
 -5.78409422e+00 -8.34282346e-01
 -5.48879131e+00 -7.18192484e-01
 -5.12432838e+00 -6.24952591e-01
 -4.91269839e+00 -5.48967866e-01
 -4.67806689e+00 -4.86248229e-01
 -4.41398367e+00 -4.33888745e-01
 -4.23512316e+00 -3.89735335e-01
 -4.11167063e+00 -3.52164256e-01
 -3.82645210e+00 -3.19933335e-01
 -3.82086109e+00 -2.92079548e-01
 -3.59385766e+00 -2.67847203e-01
 -3.57293957e+00 -2.46636734e-01
 -3.44939385e+00 -2.27967628e-01
 -3.37759626e+00 -2.11451209e-01
 -3.25374100e+00 -1.96770400e-01
 -3.16925039e+00 -1.83664491e-01
 -3.12736237e+00 -1.71917556e-01
 -3.02512881e+00 -1.61349550e-01
 -2.88235469e+00 -1.51809398e-01
 -2.79540512e+00 -1.43169591e-01
 -2.77953486e+00 -1.35321922e-01
 -2.70883929e+00 -1.28174091e-01
 -2.68630622e+00 -1.21646990e-01
 -2.63123377e+00 -1.15672515e-01
 -2.50177218e+00 -1.10191783e-01
 -2.53874568e+00 -1.05153689e-01
 -2.50891816e+00 -1.00513707e-01
 -2.48734815e+00 -9.62329133e-02
 -2.33557094e+00 -9.22771670e-02
 -2.36345912e+00 -8.86164331e-02
 -2.28869191e+00 -8.52242120e-02
 -2.20335306e+00 -8.20770621e-02
 -2.15180509e+00 -7.91541956e-02
 -2.21521928e+00 -7.64371367e-02
 -2.18533629e+00 -7.39094305e-02
 -2.14647673e+00 -7.15563950e-02
 -2.06887416e+00 -6.93649085e-02
 -2.14383322e+00 -6.73232276e-02
 -1.92955581e+00 -6.54208302e-02
 -1.97425074e+00 -6.36482803e-02
 -1.93728243e+00 -6.19971107e-02
 -1.93265540e+00 -6.04597225e-02
 -1.95988021e+00 -5.90292967e-02
 -1.94609260e+00 -5.76997185e-02
 -1.88462552e+00 -5.64655112e-02
 -1.78685432e+00 -5.53217785e-02
 -1.79882754e+00 -5.42641555e-02
 -1.67993661e+00 -5.32887652e-02
 -1.76609206e+00 -5.23921821e-02
 -1.67432214e+00 -5.15714002e-02
 -1.79928816e+00 -5.08238063e-02
 -1.64009313e+00 -5.01471577e-02
 -1.59614802e+00 -4.95395633e-02
 -1.66295592e+00 -4.89994692e-02
 -1.55719801e+00 -4.85256473e-02
 -1.53515835e+00 -4.81171871e-02
 -1.52720109e+00 -4.77734911e-02
 -1.63485829e+00 -4.74942733e-02
 -1.47200060e+00 -4.72795608e-02
 -1.47180910e+00 -4.71296986e-02
 -1.34205890e+00 -4.70453580e-02
 -1.35669062e+00 -4.70275485e-02
 -1.52406116e+00 -4.70776336e-02
 -1.33180186e+00 -4.71973509e-02
 -1.45407315e+00 -4.73888366e-02
 -1.44329166e+00 -4.76546553e-02
 -1.28478924e+00 -4.79978361e-02
 -1.38123279e+00 -4.84219144e-02
 -1.30854200e+00 -4.89309825e-02
 -1.34991734e+00 -4.95297478e-02
 -1.24192258e+00 -5.02236026e-02
 -1.31850448e+00 -5.10187046e-02
 -1.22404601e+00 -5.19220722e-02
 -1.22948128e+00 -5.29416969e-02
 -1.14295441e+00 -5.40866742e-02
 -1.06257676e+00 -5.53673596e-02
 -1.11145086e+00 -5.67955525e-02
 -1.09944664e+00 -5.83847139e-02
 -1.07265472e+00 -6.01502262e-02
 -1.03869496e+00 -6.21097038e-02
 -1.04963101e+00 -6.42833655e-02
 -1.03239346e+00 -6.66944829e-02
 -9.01159778e-01 -6.93699247e-02
 -9.64899699e-01 -7.23408174e-02
 -9.03090366e-01 -7.56433558e-02
 -7.84343211e-01 -7.93197986e-02
 -8.66218556e-01 -8.34197033e-02
 -7.53250116e-01 -8.80014641e-02
 -7.35192198e-01 -9.31342428e-02
 -7.56422602e-01 -9.89004119e-02
 -6.95828403e-01 -1.05398668e-01
 -6.13777529e-01 -1.12748036e-01
 -5.07012450e-01 -1.21093064e-01
 -4.39497698e-01 -1.30610636e-01
 -3.92645060e-01 -1.41518989e-01
 -4.25439712e-01 -1.54089805e-01
 -2.85762082e-01 -1.68664605e-01
 -1.62211673e-01 -1.85677307e-01
 -9.90818401e-02 -2.05685701e-01
 3.84763297e-02 -2.29416097e-01
 7.01957470e-02 -2.57827776e-01
 1.30904308e-01 -2.92207872e-01
 2.32533042e-01 -3.34314061e-01
 4.40463662e-01 -3.86594353e-01
 6.66735568e-01 -4.52534661e-01
 8.80776822e-01 -5.37224887e-01
 1.02723044e+00 -6.48311445e-01
 1.41768992e+00 -7.97658918e-01
 1.68949434e+00 -1.00436456e+00
 2.15926872e+00 -1.30045468e+00
 2.69531254e+00 -1.74206139e+00
 3.30465094e+00 -2.43178873e+00
 4.00701601e+00 -3.56131699e+00
 4.49635943e+00 -5.46587507e+00
 4.05839423e+00 -8.48741095e+00
 9.62426102e-01 -1.17007983e+01
 -4.27934269e+00 -1.16427160e+01
 -7.33198255e+00 -8.39903776e+00
 -7.65986813e+00 -5.40847786e+00
 -7.06911864e+00 -3.53013978e+00
 -6.44525395e+00 -2.41513436e+00
 -5.75962442e+00 -1.73289568e+00
 -5.22871052e+00 -1.29511981e+00
 -4.91111121e+00 -1.00095941e+00
 -4.57843235e+00 -7.95162611e-01
 -4.24097775e+00 -6.46154498e-01
 -4.08748823e+00 -5.35078126e-01
 -3.82541405e+00 -4.50201841e-01
 -3.65634268e+00 -3.83955370e-01
 -3.54375603e+00 -3.31293761e-01
 -3.38097477e+00 -2.88758306e-01
 -3.36815502e+00 -2.53917795e-01
 -3.18641427e+00 -2.25025067e-01
 -3.09539807e+00 -2.00799631e-01
 -2.96048020e+00 -1.80286394e-01
 -2.90453786e+00 -1.62761662e-01
 -2.87797247e+00 -1.47669230e-01
 -2.85570809e+00 -1.34576085e-01
 -2.72428902e+00 -1.23141151e-01
 -2.62744990e+00 -1.13092880e-01
 -2.74733343e+00 -1.04212956e-01
 -2.57300548e+00 -9.63242644e-02
 -2.58708834e+00 -8.92819235e-02
 -2.62246099e+00 -8.29664980e-02
 -2.49814716e+00 -7.72788256e-02
 -2.47947516e+00 -7.21360257e-02
 -2.38914449e+00 -6.74683947e-02
 -2.42225597e+00 -6.32169688e-02
 -2.36199941e+00 -5.93315965e-02
 -2.32640952e+00 -5.57694021e-02
 -2.26949347e+00 -5.24935518e-02
 -2.22257796e+00 -4.94722575e-02
 -2.42035523e+00 -4.66779659e-02
 -2.29247574e+00 -4.40866956e-02
 -2.23644774e+00 -4.16774919e-02
 -2.21713254e+00 -3.94319754e-02
 -2.16923638e+00 -3.73339678e-02
 -2.16155271e+00 -3.53691782e-02
 -2.26120227e+00 -3.35249406e-02
 -2.14850582e+00 -3.17899927e-02
 -2.19732003e+00 -3.01542885e-02
 -2.11573320e+00 -2.86088391e-02
 -2.10395166e+00 -2.71455767e-02
 -2.18952209e+00 -2.57572384e-02
 -2.13197589e+00 -2.44372665e-02
 -2.05340092e+00 -2.31797219e-02
 -2.06113446e+00 -2.19792093e-02
 -2.08538919e+00 -2.08308128e-02
 -2.00409009e+00 -1.97300386e-02
 -2.06996530e+00 -1.86727660e-02
 -2.09526445e+00 -1.76552035e-02
 -2.12576586e+00 -1.66738502e-02
 -1.94136703e+00 -1.57254620e-02
 -2.06238879e+00 -1.48070211e-02
 -2.03382665e+00 -1.39157088e-02
 -2.09290910e+00 -1.30488808e-02
 -1.99725423e+00 -1.22040456e-02
 -1.94260893e+00 -1.13788437e-02
 -1.97881836e+00 -1.05710294e-02
 -1.98683859e+00 -9.77845380e-03
 -1.95827436e+00 -8.99904811e-03
 -2.01869769e+00 -8.23080910e-03
 -2.03376840e+00 -7.47178438e-03
 -2.01048470e+00 -6.72005842e-03
 -2.00049615e+00 -5.97373889e-03
 -1.90802351e+00 -5.23094309e-03
 -1.89173292e+00 -4.48978433e-03
 -1.95858208e+00 -3.74835798e-03
 -1.96856350e+00 -3.00472712e-03
 -2.00043524e+00 -2.25690754e-03
 -1.94771378e+00 -1.50285176e-03
 -2.02428645e+00 -7.40431978e-04
 -1.93310824e+00 3.25785076e-05
 -2.03403780e+00 8.18525560e-04
 -1.95945432e+00 1.61989666e-03
 -1.96842260e+00 2.43934590e-03
 -1.98735523e+00 3.27972212e-03
 -2.03973412e+00 4.14410059e-03
 -1.88869348e+00 5.03581927e-03
 -1.90835135e+00 5.95852013e-03
 -1.91080242e+00 6.91619683e-03
 -1.99226620e+00 7.91324991e-03
 -1.89407987e+00 8.95455087e-03
 -1.97939374e+00 1.00455172e-02
 -1.91722188e+00 1.11922004e-02
 -1.96352962e+00 1.24013898e-02
 -2.05607397e+00 1.36807360e-02
 -1.97326632e+00 1.50388973e-02
 -2.07059186e+00 1.64857158e-02
 -2.01875888e+00 1.80324286e-02
 -2.08118662e+00 1.96919241e-02
 -1.97260091e+00 2.14790532e-02
 -2.08701836e+00 2.34110107e-02
 -1.99975640e+00 2.55078045e-02
 -2.01724416e+00 2.77928375e-02
 -2.11007112e+00 3.02936331e-02
 -2.10285764e+00 3.30427478e-02
 -2.01828617e+00 3.60789259e-02
 -2.02865087e+00 3.94485750e-02
 -2.12368844e+00 4.32076652e-02
 -2.11579236e+00 4.74241992e-02
 -2.23311910e+00 5.21814554e-02
 -2.18634665e+00 5.75822934e-02
 -2.09965497e+00 6.37549354e-02
 -2.34055035e+00 7.08608298e-02
 -2.20396920e+00 7.91054940e-02
 -2.41200133e+00 8.87536883e-02
 -2.44059705e+00 1.00151001e-01
 -2.44131053e+00 1.13755110e-01
 -2.42837811e+00 1.30181943e-01
 -2.52028238e+00 1.50275352e-01
 -2.58090013e+00 1.75214789e-01
 -2.74469980e+00 2.06686182e-01
 -2.71757002e+00 2.47161151e-01
 -2.85311729e+00 3.00368070e-01
 -2.90885494e+00 3.72115038e-01
 -3.08388889e+00 4.71781216e-01
 -3.22973684e+00 6.15117039e-01
 -3.48669816e+00 8.29640597e-01
 -3.78198243e+00 1.16494413e+00
 -4.01962769e+00 1.70975130e+00
 -4.12034238e+00 2.59896836e+00
 -3.71212174e+00 3.87440218e+00
 -2.17802875e+00 4.88044984e+00
 -2.60880093e-01 4.44236619e+00
 6.27107371e-01 3.13890826e+00
 7.42905844e-01 2.06160306e+00
 5.54327324e-01 1.38102255e+00
 2.33040796e-01 9.66118614e-01
 -1.94548219e-02 7.05671072e-01
 -1.87522841e-01 5.35039419e-01
 -3.57031953e-01 4.18512303e-01
 -4.33453354e-01 3.35964915e-01
 -5.87628143e-01 2.75622684e-01
 -7.14355738e-01 2.30316375e-01
 -6.13477673e-01 1.95514021e-01
 -8.51778818e-01 1.68252144e-01
 -8.87852108e-01 1.46533689e-01
 -9.22971374e-01 1.28976493e-01
 -1.12055794e+00 1.14601093e-01
 -1.04733727e+00 1.02698668e-01
 -1.20514055e+00 9.27465576e-02
 -1.18780771e+00 8.43528526e-02
 -1.14350250e+00 7.72192167e-02
 -1.22963832e+00 7.11154308e-02
 -1.25453023e+00 6.58616334e-02
 -1.21571136e+00 6.13157184e-02
 -1.24677323e+00 5.73642542e-02
 -1.31013246e+00 5.39158458e-02
 -1.28588537e+00 5.08962179e-02
 -1.30220509e+00 4.82445308e-02
 -1.34982281e+00 4.59105875e-02
 -1.36471570e+00 4.38526944e-02
 -1.39667426e+00 4.20360078e-02
 -1.39865698e+00 4.04312441e-02
 -1.36031350e+00 3.90136647e-02
 -1.44307249e+00 3.77622717e-02
 -1.44378989e+00 3.66591656e-02
 -1.42000330e+00 3.56890289e-02
 -1.48975783e+00 3.48387083e-02
 -1.46266149e+00 3.40968748e-02
 -1.48630902e+00 3.34537455e-02
 -1.47094228e+00 3.29008549e-02
 -1.52620229e+00 3.24308656e-02
 -1.43236719e+00 3.20374117e-02
 -1.56523875e+00 3.17149680e-02
 -1.62689257e+00 3.14587405e-02
 -1.57811391e+00 3.12645750e-02
 -1.49474674e+00 3.11288799e-02
 -1.49063025e+00 3.10485615e-02
 -1.54261831e+00 3.10209690e-02
 -1.74802678e+00 3.10438486e-02
 -1.71149659e+00 3.11153046e-02
 -1.63749951e+00 3.12337664e-02
 -1.66433734e+00 3.13979615e-02
 -1.71986045e+00 3.16068924e-02
 -1.67121707e+00 3.18598179e-02
 -1.75854314e+00 3.21562379e-02
 -1.77592053e+00 3.24958810e-02
 -1.72915488e+00 3.28786957e-02
 -1.75263635e+00 3.33048433e-02
 -1.74075658e+00 3.37746936e-02
 -1.80729383e+00 3.42888231e-02
 -1.80610887e+00 3.48480148e-02
 -1.88355738e+00 3.54532609e-02
 -1.81392479e+00 3.61057665e-02
 -1.87150079e+00 3.68069567e-02
 -1.84940262e+00 3.75584847e-02
 -1.80417623e+00 3.83622430e-02
 -1.86985601e+00 3.92203765e-02
 -1.93963450e+00 4.01352988e-02
 -1.91151931e+00 4.11097102e-02
 -1.93309202e+00 4.21466201e-02
 -1.99399529e+00 4.32493718e-02
 -2.04213898e+00 4.44216715e-02
 -2.01271051e+00 4.56676217e-02
 -2.03848169e+00 4.69917592e-02
 -2.11273922e+00 4.83990982e-02
 -1.98691370e+00 4.98951808e-02
 -2.11490646e+00 5.14861333e-02
 -2.08393610e+00 5.31787313e-02
 -2.06236559e+00 5.49804750e-02
 -2.09628304e+00 5.68996744e-02
 -2.20072483e+00 5.89455477e-02
 -2.28413406e+00 6.11283354e-02
 -2.18608525e+00 6.34594314e-02
 -2.31487353e+00 6.59515346e-02
 -2.28575666e+00 6.86188257e-02
 -2.20297187e+00 7.14771724e-02
 -2.36172601e+00 7.45443699e-02
 -2.31519401e+00 7.78404217e-02
 -2.31115336e+00 8.13878711e-02
 -2.40987704e+00 8.52121917e-02
 -2.40161761e+00 8.93422505e-02
 -2.45908935e+00 9.38108591e-02
 -2.50558755e+00 9.86554325e-02
 -2.52008291e+00 1.03918780e-01
 -2.73000737e+00 1.09650060e-01
 -2.71580966e+00 1.15905935e-01
 -2.71225648e+00 1.22751987e-01
 -2.75992210e+00 1.30264444e-01
 -2.85627669e+00 1.38532313e-01
 -2.92075197e+00 1.47660034e-01
 -2.94763365e+00 1.57770786e-01
 -2.97334191e+00 1.69010659e-01
 -3.16584265e+00 1.81553944e-01
 -3.10626532e+00 1.95609892e-01
 -3.25879250e+00 2.11431448e-01
 -3.36520736e+00 2.29326624e-01
 -3.35013971e+00 2.49673453e-01
 -3.51707273e+00 2.72939905e-01
 -3.69705496e+00 2.99710671e-01
 -3.75682690e+00 3.30723696e-01
 -3.78939768e+00 3.66920669e-01
 -3.98749560e+00 4.09517879e-01
 -4.24329159e+00 4.60107298e-01
 -4.45415644e+00 5.20803391e-01
 -4.65352369e+00 5.94460606e-01
 -4.83835894e+00 6.85002626e-01
 -5.11915475e+00 7.97932873e-01
 -5.51070518e+00 9.41147078e-01
 -5.85781824e+00 1.12626443e+00
 -6.24684079e+00 1.37087742e+00
 -6.81633785e+00 1.70248206e+00
 -7.31957962e+00 2.16557484e+00
 -8.11671475e+00 2.83483373e+00
 -9.04125533e+00 3.83983271e+00
 -1.00553026e+01 5.40897270e+00
 -1.09477813e+01 7.92555087e+00
 -1.08455994e+01 1.18526786e+01
 -7.91534179e+00 1.68077391e+01
 -1.11630328e+00 1.93913541e+01
 5.56474327e+00 1.65072446e+01
 8.16776711e+00 1.15614155e+01
 8.14649019e+00 7.73649015e+00
 7.28892545e+00 5.29704820e+00
 6.34245107e+00 3.77411911e+00
 5.33835663e+00 2.79603625e+00
 4.68597000e+00 2.14284302e+00
 3.96137875e+00 1.68971422e+00
 3.46562576e+00 1.36454560e+00
 3.10945364e+00 1.12425803e+00
 2.62023357e+00 9.42160620e-01
 2.40418951e+00 8.01134037e-01
 2.09140727e+00 6.89846464e-01
 1.85738036e+00 6.00582087e-01
 1.64232153e+00 5.27953280e-01
 1.47412477e+00 4.68112749e-01
 1.28154005e+00 4.18257589e-01
 1.07415313e+00 3.76308819e-01
 9.60913230e-01 3.40699352e-01
 8.53434742e-01 3.10230650e-01
 7.31981223e-01 2.83973887e-01
 6.81548296e-01 2.61200584e-01
 6.24599962e-01 2.41333112e-01
 5.09499760e-01 2.23908856e-01
 3.45268222e-01 2.08553893e-01
 2.77527232e-01 1.94963424e-01
 1.66933712e-01 1.82887051e-01
 9.14643781e-02 1.72117578e-01
 7.90628582e-02 1.62482407e-01
 -1.01403485e-01 1.53836871e-01
 1.61185898e-02 1.46059008e-01
 -1.08519253e-01 1.39045452e-01
 -2.07904422e-01 1.32708156e-01
 -2.09155146e-01 1.26971776e-01
 -2.34837394e-01 1.21771563e-01
 -3.00340867e-01 1.17051648e-01
 -4.10871023e-01 1.12763649e-01
 -3.34038737e-01 1.08865526e-01
 -3.98345360e-01 1.05320637e-01
 -5.19704294e-01 1.02096954e-01
 -5.75676128e-01 9.91664156e-02
 -5.63421595e-01 9.65043779e-02
 -6.42255893e-01 9.40891615e-02
 -6.30045644e-01 9.19016644e-02
 -6.51482666e-01 8.99250375e-02
 -7.47786832e-01 8.81444080e-02
 -8.28358218e-01 8.65466454e-02
 -8.40126863e-01 8.51201610e-02
 -8.13127286e-01 8.38547377e-02
 -8.55314252e-01 8.27413838e-02
 -8.32691741e-01 8.17722083e-02
 -8.34449755e-01 8.09403142e-02
 -8.87220250e-01 8.02397069e-02
 -1.00341436e+00 7.96652171e-02
 -1.00235054e+00 7.92124341e-02
 -1.08582289e+00 7.88776504e-02
 -1.04588366e+00 7.86578153e-02
 -1.10787076e+00 7.85504958e-02
 -1.02625337e+00 7.85538460e-02
 -1.23040950e+00 7.86665826e-02
 -1.21266984e+00 7.88879666e-02
 -1.20306255e+00 7.92177911e-02
 -1.28742321e+00 7.96563747e-02
 -1.31135030e+00 8.02045600e-02
 -1.38145892e+00 8.08637177e-02
 -1.40235310e+00 8.16357561e-02
 -1.47956086e+00 8.25231362e-02
 -1.33394496e+00 8.35288920e-02
 -1.47691246e+00 8.46566576e-02
 -1.44581201e+00 8.59107003e-02
 -1.47771163e+00 8.72959609e-02
 -1.48333420e+00 8.88181013e-02
 -1.60029733e+00 9.04835616e-02
 -1.61916589e+00 9.22996257e-02
 -1.66928842e+00 9.42744983e-02
 -1.67856017e+00 9.64173942e-02
 -1.71480102e+00 9.87386414e-02
 -1.73736665e+00 1.01249800e-01
 -1.83073555e+00 1.03963800e-01
 -1.78412372e+00 1.06895102e-01
 -1.93533783e+00 1.10059880e-01
 -1.90150713e+00 1.13476236e-01
 -2.04605283e+00 1.17164449e-01
 -2.04068240e+00 1.21147263e-01
 -2.08193426e+00 1.25450227e-01
 -2.07933133e+00 1.30102090e-01
 -2.15808562e+00 1.35135262e-01
 -2.21934445e+00 1.40586366e-01
 -2.37803106e+00 1.46496881e-01
 -2.30525658e+00 1.52913914e-01
 -2.44512570e+00 1.59891107e-01
 -2.53063902e+00 1.67489742e-01
 -2.58529428e+00 1.75780047e-01
 -2.56308702e+00 1.84842792e-01
 -2.65852941e+00 1.94771218e-01
 -2.70711906e+00 2.05673393e-01
 -2.86867372e+00 2.17675104e-01
 -2.99904013e+00 2.30923429e-01
 -2.98989564e+00 2.45591185e-01
 -3.11466337e+00 2.61882480e-01
 -3.28681737e+00 2.80039731e-01
 -3.36664559e+00 3.00352565e-01
 -3.46947586e+00 3.23169238e-01
 -3.64144210e+00 3.48911387e-01
 -3.67399832e+00 3.78093281e-01
 -3.87242596e+00 4.11347212e-01
 -4.08270138e+00 4.49457332e-01
 -4.20099784e+00 4.93405303e-01
 -4.39380718e+00 5.44432683e-01
 -4.56986149e+00 6.04127368e-01
 -4.92464934e+00 6.74545205e-01
 -5.22466151e+00 7.58383961e-01
 -5.33169489e+00 8.59236698e-01
 -5.75096749e+00 9.81968218e-01
 -6.18342867e+00 1.13328661e+00
 -6.62157241e+00 1.32263189e+00
 -7.12118610e+00 1.56359408e+00
 -7.68871812e+00 1.87624069e+00
 -8.32279978e+00 2.29105307e+00
 -9.22934699e+00 2.85579092e+00
 -1.01511762e+01 3.64780669e+00
 -1.12138606e+01 4.79654010e+00
 -1.26545611e+01 6.52402361e+00
 -1.39670433e+01 9.20917651e+00
 -1.48167002e+01 1.34308885e+01
 -1.37926980e+01 1.96393246e+01
 -8.01525425e+00 2.63175703e+01
 2.41299964e+00 2.80114451e+01
 1.05543111e+01 2.27182390e+01
 1.32313104e+01 1.58910535e+01
 1.29062965e+01 1.08230783e+01
 1.17237324e+01 7.55490107e+00
 1.04405344e+01 5.47144188e+00
 9.12018771e+00 4.10647276e+00
 8.03498861e+00 3.17950364e+00
 7.17369723e+00 2.52756922e+00
 6.48499192e+00 2.05445054e+00
 5.76202107e+00 1.70157122e+00
 5.30216949e+00 1.43206050e+00
 4.85266092e+00 1.22195353e+00
 4.39887523e+00 1.05520794e+00
 4.15207625e+00 9.20795393e-01
 3.79895697e+00 8.10951562e-01
 3.58584294e+00 7.20092211e-01
 3.20796540e+00 6.44123514e-01
 3.00306300e+00 5.79992237e-01
 2.79460225e+00 5.25385672e-01
 2.70935039e+00 4.78527291e-01
 2.49847978e+00 4.38034952e-01
 2.28558165e+00 4.02820799e-01
 2.24324547e+00 3.72019474e-01
 2.01595546e+00 3.44935882e-01
 1.82307895e+00 3.21006678e-01
 1.75686554e+00 2.99771513e-01
 1.64823151e+00 2.80851323e-01
 1.48415708e+00 2.63931770e-01
 1.42879692e+00 2.48750470e-01
 1.29075528e+00 2.35087073e-01
 1.40131774e+00 2.22755473e-01
 1.22313736e+00 2.11597656e-01
 1.08236483e+00 2.01478796e-01
 1.05146762e+00 1.92283323e-01
 8.51786589e-01 1.83911747e-01
 8.11679423e-01 1.76278079e-01
 8.50902007e-01 1.69307725e-01
 6.87702214e-01 1.62935749e-01
 6.62597798e-01 1.57105446e-01
 6.50156367e-01 1.51767155e-01
 5.23402316e-01 1.46877267e-01
 5.03394032e-01 1.42397396e-01
 4.79345315e-01 1.38293683e-01
 3.77357689e-01 1.34536208e-01
 4.38288429e-01 1.31098490e-01
 2.46591629e-01 1.27957068e-01
 3.35291353e-01 1.25091135e-01
 2.28941823e-01 1.22482234e-01
 2.16450479e-01 1.20113993e-01
 1.80858130e-01 1.17971901e-01
 1.00986188e-01 1.16043110e-01
 1.28691073e-01 1.14316272e-01
 7.74169909e-03 1.12781396e-01
 4.70789031e-03 1.11429721e-01
 -9.49795327e-02 1.10253616e-01
 -1.27801812e-01 1.09246488e-01
 -5.93386943e-02 1.08402706e-01
 -1.99196080e-01 1.07717535e-01
 -2.59258792e-01 1.07187088e-01
 -2.39553590e-01 1.06808276e-01
 -3.73101211e-01 1.06578781e-01
 -3.44675611e-01 1.06497023e-01
 -4.01610197e-01 1.06562147e-01
 -4.81381484e-01 1.06774009e-01
 -5.24921338e-01 1.07133176e-01
 -4.90689260e-01 1.07640927e-01
 -6.33453093e-01 1.08299266e-01
 -6.10326646e-01 1.09110940e-01
 -6.05392023e-01 1.10079466e-01
 -6.88683024e-01 1.11209166e-01
 -7.88769070e-01 1.12505209e-01
 -8.03365350e-01 1.13973668e-01
 -8.85395524e-01 1.15621580e-01
 -7.30500959e-01 1.17457024e-01
 -9.04711405e-01 1.19489209e-01
 -9.00528353e-01 1.21728579e-01
 -1.02141972e+00 1.24186930e-01
 -1.09663532e+00 1.26877559e-01
 -1.14707589e+00 1.29815417e-01
 -1.11900450e+00 1.33017304e-01
 -1.33198691e+00 1.36502087e-01
 -1.30235666e+00 1.40290957e-01
 -1.27718263e+00 1.44407722e-01
 -1.39969902e+00 1.48879155e-01
 -1.36424654e+00 1.53735402e-01
 -1.51557755e+00 1.59010449e-01
 -1.47878241e+00 1.64742688e-01
 -1.55690029e+00 1.70975571e-01
 -1.72262046e+00 1.77758387e-01
 -1.76611265e+00 1.85147191e-01
 -1.76924320e+00 1.93205906e-01
 -1.88481974e+00 2.02007644e-01
 -1.86186078e+00 2.11636301e-01
 -1.98599400e+00 2.22188478e-01
 -2.10192322e+00 2.33775823e-01
 -2.12433663e+00 2.46527889e-01
 -2.28503542e+00 2.60595651e-01
 -2.41047007e+00 2.76155849e-01
 -2.52251235e+00 2.93416404e-01
 -2.61507876e+00 3.12623196e-01
 -2.74307545e+00 3.34068634e-01
 -2.78536965e+00 3.58102551e-01
 -3.05553151e+00 3.85146195e-01
 -3.16192442e+00 4.15710339e-01
 -3.32730482e+00 4.50418964e-01
 -3.51428123e+00 4.90040543e-01
 -3.64802639e+00 5.35529821e-01
 -3.81106037e+00 5.88084310e-01
 -4.08199825e+00 6.49221651e-01
 -4.32615089e+00 7.20887075e-01
 -4.54179628e+00 8.05604963e-01
 -4.98663502e+00 9.06696202e-01
 -5.21868181e+00 1.02859560e+00
 -5.59512921e+00 1.17732474e+00
 -6.00933231e+00 1.36121177e+00
 -6.48105057e+00 1.59201333e+00
 -7.05039566e+00 1.88670832e+00
 -7.85027363e+00 2.27044546e+00
 -8.59065400e+00 2.78152547e+00
 -9.59212228e+00 3.48005658e+00
 -1.05549611e+01 4.46332452e+00
 -1.19161022e+01 5.89320121e+00
 -1.32767645e+01 8.04265528e+00
 -1.46002797e+01 1.13566833e+01
 -1.51339990e+01 1.64257138e+01
 -1.27918635e+01 2.33396627e+01
 -5.19951233e+00 2.94405390e+01
 5.86142084e+00 2.91988430e+01
 1.31280149e+01 2.28935951e+01
 1.51710607e+01 1.60661527e+01
 1.46731361e+01 1.11233600e+01
 1.33252904e+01 7.89836984e+00
 1.18677308e+01 5.80363376e+00
 1.06106771e+01 4.40681798e+00
 9.46571111e+00 3.44389079e+00
 8.65141824e+00 2.75822184e+00
 7.89693333e+00 2.25550510e+00
 7.22677959e+00 1.87734592e+00
 6.61523852e+00 1.58645402e+00
 6.17571792e+00 1.35829377e+00
 5.75221883e+00 1.17626893e+00
 5.32299718e+00 1.02886811e+00
 4.92693306e+00 9.07924223e-01
 4.59089775e+00 8.07523780e-01
 4.35540225e+00 7.23305994e-01
 4.10473298e+00 6.52001573e-01
 3.94247700e+00 5.91122681e-01
 3.80229758e+00 5.38750348e-01
 3.49343209e+00 4.93386050e-01
 3.44312483e+00 4.53846356e-01
 3.21053736e+00 4.19187001e-01
 3.07855279e+00 3.88647387e-01
 2.97038445e+00 3.61609499e-01
 2.88076886e+00 3.37567120e-01
 2.72406486e+00 3.16102505e-01
 2.64856501e+00 2.96868528e-01
 2.44243796e+00 2.79574889e-01
 2.38694365e+00 2.63977352e-01
 2.29868997e+00 2.49869286e-01
 2.16016227e+00 2.37074969e-01
 2.09998874e+00 2.25444227e-01
 2.03730001e+00 2.14848145e-01
 2.00312839e+00 2.05175577e-01
 1.95470586e+00 1.96330326e-01
 1.84687446e+00 1.88228815e-01
 1.62775035e+00 1.80798188e-01
 1.64562568e+00 1.73974727e-01
 1.56936037e+00 1.67702543e-01
 1.54107982e+00 1.61932479e-01
 1.44177167e+00 1.56621194e-01
 1.48301734e+00 1.51730385e-01
 1.35163611e+00 1.47226139e-01
 1.36545194e+00 1.43078375e-01
 1.30450336e+00 1.39260375e-01
 1.25801998e+00 1.35748380e-01
 1.18453225e+00 1.32521247e-01
 1.12549625e+00 1.29560153e-01
 1.13689609e+00 1.26848340e-01
 1.03705633e+00 1.24370903e-01
 1.00602182e+00 1.22114592e-01
 9.67584596e-01 1.20067659e-01
 9.48038736e-01 1.18219715e-01
 9.12281954e-01 1.16561609e-01
 8.79279745e-01 1.15085327e-01
 7.87121510e-01 1.13783901e-01
 7.98672469e-01 1.12651337e-01
 7.41796442e-01 1.11682551e-01
 6.37419950e-01 1.10873318e-01
 6.50043527e-01 1.10220224e-01
 6.60400489e-01 1.09720640e-01
 4.74281802e-01 1.09372689e-01
 5.09787842e-01 1.09175234e-01
 5.69555138e-01 1.09127864e-01
 4.24786113e-01 1.09230896e-01
 4.26341394e-01 1.09485375e-01
 4.22909776e-01 1.09893089e-01
 3.48442630e-01 1.10456590e-01
 1.89839423e-01 1.11179218e-01
 2.59318585e-01 1.12065144e-01
 2.30694805e-01 1.13119411e-01
 1.73511037e-01 1.14347994e-01
 1.27395058e-01 1.15757865e-01
 3.31562190e-02 1.17357075e-01
 5.54897045e-02 1.19154848e-01
 2.24967092e-02 1.21161693e-01
 -1.78247585e-01 1.23389528e-01
 -7.62436783e-02 1.25851837e-01
 -1.94560493e-01 1.28563843e-01
 -2.49702637e-01 1.31542707e-01
 -2.87656105e-01 1.34807771e-01
 -3.27576641e-01 1.38380832e-01
 -3.27489319e-01 1.42286464e-01
 -4.00060051e-01 1.46552399e-01
 -3.70045808e-01 1.51209965e-01
 -5.87786276e-01 1.56294616e-01
 -5.65452006e-01 1.61846543e-01
 -6.07213860e-01 1.67911405e-01
 -7.65655940e-01 1.74541201e-01
 -7.05378354e-01 1.81795309e-01
 -7.55730425e-01 1.89741725e-01
 -8.67817755e-01 1.98458567e-01
 -9.34233637e-01 2.08035893e-01
 -9.88471448e-01 2.18577905e-01
 -1.18651165e+00 2.30205658e-01
 -1.19458982e+00 2.43060384e-01
 -1.18886347e+00 2.57307618e-01
 -1.33410493e+00 2.73142327e-01
 -1.52197525e+00 2.90795364e-01
 -1.53297717e+00 3.10541617e-01
 -1.70167022e+00 3.32710402e-01
 -1.87861526e+00 3.57698820e-01
 -1.93019372e+00 3.85989079e-01
 -2.07503208e+00 4.18171191e-01
 -2.27706202e+00 4.54972995e-01
 -2.41573766e+00 4.97300359e-01
 -2.66155042e+00 5.46291623e-01
 -2.90130533e+00 6.03392337e-01
 -3.03246245e+00 6.70459307e-01
 -3.20025058e+00 7.49907685e-01
 -3.48670322e+00 8.44922432e-01
 -3.79220443e+00 9.59767907e-01
 -4.20870786e+00 1.10025018e+00
 -4.52588939e+00 1.27442244e+00
 -5.04201687e+00 1.49368670e+00
 -5.52096764e+00 1.77455781e+00
 -6.11516272e+00 2.14156257e+00
 -6.78999733e+00 2.63213055e+00
 -7.62064698e+00 3.30503823e+00
 -8.55062234e+00 4.25518426e+00
 -9.67876188e+00 5.63905510e+00
 -1.08019325e+01 7.71426566e+00
 -1.17102454e+01 1.08746856e+01
 -1.15039838e+01 1.55370883e+01
 -8.53219397e+00 2.13319397e+01
 -1.33447891e+00 2.53028631e+01
 7.41618915e+00 2.36441591e+01
 1.23021214e+01 1.81213066e+01
 1.34790473e+01 1.27934034e+01
 1.28749869e+01 8.99283634e+00
 1.19423175e+01 6.48362415e+00
 1.07716314e+01 4.82611445e+00
 9.70977734e+00 3.70320141e+00
 8.79254821e+00 2.91853598e+00
 8.03137417e+00 2.35345073e+00
 7.43135073e+00 1.93522616e+00
 6.86639692e+00 1.61813332e+00
 6.29608710e+00 1.37258116e+00
 6.04219737e+00 1.17887856e+00
 5.74418776e+00 1.02357664e+00
 5.34696124e+00 8.97268902e-01
 5.08340299e+00 7.93233122e-01
 4.82504938e+00 7.06571105e-01
 4.64766922e+00 6.33650592e-01
 4.37769902e+00 5.71735004e-01
 4.20991188e+00 5.18732704e-01
 4.00150822e+00 4.73023958e-01
 3.83846927e+00 4.33339407e-01
 3.74322120e+00 3.98673369e-01
 3.56218926e+00 3.68221045e-01
 3.46038416e+00 3.41332435e-01
 3.29404817e+00 3.17478084e-01
 3.08365085e+00 2.96223322e-01
 3.13981190e+00 2.77208687e-01
 3.00248218e+00 2.60134893e-01
 2.99416318e+00 2.44751181e-01
 2.87327895e+00 2.30846212e-01
 2.78790311e+00 2.18240892e-01
 2.80036614e+00 2.06782670e-01
 2.62297858e+00 1.96340976e-01
 2.58390891e+00 1.86803555e-01
 2.42317226e+00 1.78073484e-01
 2.56315310e+00 1.70066751e-01
 2.37140757e+00 1.62710263e-01
 2.37593055e+00 1.55940204e-01
 2.26106382e+00 1.49700681e-01
 2.19169821e+00 1.43942589e-01
 2.28319646e+00 1.38622665e-01
 2.15517925e+00 1.33702696e-01
 2.10661459e+00 1.29148849e-01
 2.02319793e+00 1.24931101e-01
 1.98370140e+00 1.21022763e-01
 1.89745586e+00 1.17400064e-01
 1.90230135e+00 1.14041806e-01
 1.88465540e+00 1.10929058e-01
 1.85202144e+00 1.08044904e-01
 1.86376469e+00 1.05374215e-01
 1.76686042e+00 1.02903461e-01
 1.82446671e+00 1.00620542e-01
 1.68457439e+00 9.85146482e-02
 1.73568976e+00 9.65761350e-02
 1.60493786e+00 9.47964138e-02
 1.63492492e+00 9.31678613e-02
 1.51875538e+00 9.16837386e-02
 1.42041200e+00 9.03381230e-02
 1.53750347e+00 8.91258491e-02
 1.48022796e+00 8.80424588e-02
 1.48946370e+00 8.70841599e-02
 1.38602518e+00 8.62477915e-02
 1.44163509e+00 8.55307967e-02
 1.42273367e+00 8.49312011e-02
 1.38117475e+00 8.44475973e-02
 1.19284253e+00 8.40791364e-02
 1.23139040e+00 8.38255230e-02
 1.14963229e+00 8.36870184e-02
 1.19897963e+00 8.36644469e-02
 1.21080330e+00 8.37592107e-02
 1.16760862e+00 8.39733085e-02
 1.17079875e+00 8.43093625e-02
 1.01718334e+00 8.47706520e-02
 9.75796376e-01 8.53611540e-02
 1.06367225e+00 8.60855943e-02
 1.00540279e+00 8.69495063e-02
 9.84874612e-01 8.79593021e-02
 9.45084275e-01 8.91223555e-02
 8.71524793e-01 9.04471000e-02
 8.68492848e-01 9.19431420e-02
 9.18531286e-01 9.36213950e-02
 7.60644298e-01 9.54942351e-02
 7.27050416e-01 9.75756827e-02
 7.49477817e-01 9.98816169e-02
 7.61860639e-01 1.02430025e-01
 7.07965981e-01 1.05241296e-01
 7.04575981e-01 1.08338570e-01
 5.91900591e-01 1.11748148e-01
 5.60308597e-01 1.15499974e-01
 5.42370078e-01 1.19628224e-01
 4.11370657e-01 1.24171989e-01
 4.78374461e-01 1.29176116e-01
 3.87771455e-01 1.34692208e-01
 3.15826535e-01 1.40779841e-01
 2.17765085e-01 1.47508047e-01
 2.44054938e-01 1.54957132e-01
 1.07013016e-01 1.63220913e-01
 1.16154676e-01 1.72409494e-01
 4.89377736e-02 1.82652731e-01
 -6.82875509e-03 1.94104585e-01
 -8.09285487e-02 2.06948633e-01
 -1.55053038e-01 2.21405114e-01
 -3.09880779e-01 2.37739983e-01
 -2.79952951e-01 2.56276685e-01
 -3.91674374e-01 2.77411607e-01
 -4.57459804e-01 3.01634550e-01
 -5.40076198e-01 3.29556200e-01
 -7.35428478e-01 3.61945405e-01
 -8.44756800e-01 3.99780452e-01
 -9.87848201e-01 4.44320619e-01
 -1.14378709e+00 4.97207546e-01
 -1.35795075e+00 5.60611316e-01
 -1.58599439e+00 6.37444823e-01
 -1.71961021e+00 7.31684595e-01
 -1.94998380e+00 8.48861314e-01
 -2.31291717e+00 9.96827108e-01
 -2.57235422e+00 1.18698502e+00
 -3.00552766e+00 1.43630805e+00
 -3.32918275e+00 1.77073281e+00
 -3.93507410e+00 2.23096563e+00
 -4.55665220e+00 2.88243483e+00
 -5.19780411e+00 3.83163862e+00
 -5.88531196e+00 5.24821157e+00
 -6.21574113e+00 7.36903429e+00
 -5.72702413e+00 1.03576399e+01
 -3.29883558e+00 1.36756676e+01
 1.43757664e+00 1.52780967e+01
 6.16863466e+00 1.35982176e+01
 8.61052579e+00 1.02713147e+01
 8.92515453e+00 7.30620957e+00
 8.62654421e+00 5.20797902e+00
 7.98055719e+00 3.80645953e+00
 7.37022817e+00 2.86637457e+00
 6.67253634e+00 2.22028872e+00
 6.25286785e+00 1.76319896e+00
 5.76114854e+00 1.43057116e+00
 5.37522585e+00 1.18222126e+00
 5.12795915e+00 9.92520359e-01
 4.87900954e+00 8.44680424e-01
 4.53995345e+00 7.27412209e-01
 4.40823705e+00 6.32935197e-01
 4.17360984e+00 5.55764732e-01
 4.04505665e+00 4.91954425e-01
 3.85694648e+00 4.38611444e-01
 3.72541484e+00 3.93579229e-01
 3.62403363e+00 3.55225350e-01
 3.51164367e+00 3.22296843e-01
 3.40508508e+00 2.93819752e-01
 3.28914116e+00 2.69028189e-01
 3.20324369e+00 2.47313464e-01
 3.12980061e+00 2.28187085e-01
 2.99405438e+00 2.11253480e-01
 2.99560950e+00 1.96189656e-01
 2.97741980e+00 1.82729844e-01
 2.79715386e+00 1.70653790e-01
 2.81451388e+00 1.59777746e-01
 2.78261394e+00 1.49947464e-01
 2.67143340e+00 1.41032706e-01
 2.71988362e+00 1.32922907e-01
 2.58189373e+00 1.25523726e-01
 2.55179972e+00 1.18754277e-01
 2.52676968e+00 1.12544898e-01
 2.39949768e+00 1.06835336e-01
 2.39536504e+00 1.01573271e-01
 2.44397367e+00 9.67130942e-02
 2.33312413e+00 9.22149092e-02
 2.38922263e+00 8.80436957e-02
 2.38786258e+00 8.41686153e-02
 2.31178091e+00 8.05624304e-02
 2.17721426e+00 7.72010141e-02
 2.33033006e+00 7.40629370e-02
 2.25650295e+00 7.11291170e-02
 2.23724351e+00 6.83825204e-02
 2.15715298e+00 6.58079081e-02
 2.14359841e+00 6.33916164e-02
 2.18165584e+00 6.11213704e-02
 2.09733691e+00 5.89861215e-02
 2.08828924e+00 5.69759081e-02
 2.11791657e+00 5.50817343e-02
 2.05324825e+00 5.32954648e-02
 2.04638791e+00 5.16097329e-02
 2.05304302e+00 5.00178609e-02
 2.01549363e+00 4.85137897e-02
 1.91289662e+00 4.70920181e-02
 1.92427554e+00 4.57475489e-02
 2.00692274e+00 4.44758416e-02
 1.98647129e+00 4.32727715e-02
 1.91195092e+00 4.21345929e-02
 1.91495118e+00 4.10579078e-02
 1.86296579e+00 4.00396374e-02
 1.91333918e+00 3.90769983e-02
 1.88419092e+00 3.81674810e-02
 1.89598068e+00 3.73088314e-02
 1.82303316e+00 3.64990354e-02
 1.84123385e+00 3.57363052e-02
 1.82280531e+00 3.50190683e-02
 1.79498569e+00 3.43459584e-02
 1.83630596e+00 3.37158082e-02
 1.79121043e+00 3.31276446e-02
 1.80872218e+00 3.25806853e-02
 1.79832760e+00 3.20743374e-02
 1.77995049e+00 3.16081982e-02
 1.76199018e+00 3.11820579e-02
 1.81293172e+00 3.07959042e-02
 1.68946160e+00 3.04499298e-02
 1.69097914e+00 3.01445421e-02
 1.73930049e+00 2.98803752e-02
 1.62418031e+00 2.96583060e-02
 1.79134064e+00 2.94794733e-02
 1.64400077e+00 2.93453006e-02
 1.62679391e+00 2.92575250e-02
 1.67675779e+00 2.92182297e-02
 1.61957138e+00 2.92298850e-02
 1.62035709e+00 2.92953949e-02
 1.63946433e+00 2.94181547e-02
 1.66139921e+00 2.96021185e-02
 1.62803696e+00 2.98518800e-02
 1.56358865e+00 3.01727695e-02
 1.63853178e+00 3.05709702e-02
 1.44973674e+00 3.10536588e-02
 1.55855847e+00 3.16291747e-02
 1.62050262e+00 3.23072270e-02
 1.43915420e+00 3.30991460e-02
 1.42584199e+00 3.40181926e-02
 1.43996094e+00 3.50799406e-02
 1.52726121e+00 3.63027507e-02
 1.45547805e+00 3.77083639e-02
 1.53027450e+00 3.93226485e-02
 1.49600996e+00 4.11765472e-02
 1.54060648e+00 4.33072882e-02
 1.44166484e+00 4.57599480e-02
 1.42401965e+00 4.85894837e-02
 1.41875412e+00 5.18634059e-02
 1.34891031e+00 5.56653281e-02
 1.46190652e+00 6.00997360e-02
 1.32380710e+00 6.52984749e-02
 1.39387669e+00 7.14296904e-02
 1.30942734e+00 7.87103311e-02
 1.25616807e+00 8.74239011e-02
 1.26053189e+00 9.79460984e-02
 1.24488554e+00 1.10782517e-01
 1.25613690e+00 1.26625187e-01
 1.17393535e+00 1.46439165e-01
 1.00716598e+00 1.71598126e-01
 1.09410608e+00 2.04101634e-01
 1.08444905e+00 2.46931239e-01
 1.00311485e+00 3.04645663e-01
 8.07217267e-01 3.84386171e-01
 7.79476612e-01 4.97551963e-01
 5.35756424e-01 6.62368948e-01
 4.90915238e-01 9.06600360e-01
 5.34147761e-01 1.26421893e+00
 4.92856366e-01 1.74052420e+00
 1.07834179e+00 2.20192883e+00
 1.84415345e+00 2.32522845e+00
 2.46185222e+00 1.99068498e+00
 2.79253746e+00 1.49052813e+00
 2.81772254e+00 1.06876993e+00
 2.72543561e+00 7.71282911e-01
