 7.57313494e+01 4.66113606e+00
 3.87353805e+01 1.71929418e+00
 2.60705215e+01 9.52813436e-01
 1.97586106e+01 6.25179289e-01
 1.58300261e+01 4.50221339e-01
 1.31847039e+01 3.43950623e-01
 1.14548988e+01 2.73710637e-01
 1.00229184e+01 2.24421906e-01
 8.97311630e+00 1.88254325e-01
 8.01296105e+00 1.60778380e-01
 7.29372217e+00 1.39318675e-01
 6.74324799e+00 1.22173409e-01
 6.28918931e+00 1.08213624e-01
 5.85611893e+00 9.66638499e-02
 5.46487382e+00 8.69755777e-02
 5.07118347e+00 7.87509914e-02
 4.90064954e+00 7.16952516e-02
 4.62319592e+00 6.55856672e-02
 4.34864400e+00 6.02512131e-02
 4.10389587e+00 5.55585842e-02
 3.92007530e+00 5.14024909e-02
 3.84667397e+00 4.76987737e-02
 3.72250466e+00 4.43794328e-02
 3.51855301e+00 4.13889822e-02
 3.43929613e+00 3.86817381e-02
 3.40359832e+00 3.62197750e-02
 3.21981014e+00 3.39713667e-02
 3.01365712e+00 3.19097846e-02
 3.00142423e+00 3.00123612e-02
 2.88429431e+00 2.82597540e-02
 2.86303833e+00 2.66353618e-02
 2.77704023e+00 2.51248577e-02
 2.70120022e+00 2.37158132e-02
 2.72221198e+00 2.23973927e-02
 2.67231620e+00 2.11601045e-02
 2.47807599e+00 1.99955957e-02
 2.61606329e+00 1.88964828e-02
 2.46396535e+00 1.78562106e-02
 2.44951614e+00 1.68689344e-02
 2.38129637e+00 1.59294206e-02
 2.37266585e+00 1.50329631e-02
 2.32291477e+00 1.41753122e-02
 2.25564584e+00 1.33526134e-02
 2.26067287e+00 1.25613557e-02
 2.26268408e+00 1.17983265e-02
 2.16243725e+00 1.10605724e-02
 2.14440725e+00 1.03453656e-02
 2.14833736e+00 9.65017368e-03
 2.12426899e+00 8.97263401e-03
 2.08378633e+00 8.31053000e-03
 2.02986810e+00 7.66177050e-03
 2.07316869e+00 7.02437119e-03
 2.01670750e+00 6.39643756e-03
 2.12712534e+00 5.77614949e-03
 1.97187858e+00 5.16174695e-03
 1.99421604e+00 4.55151663e-03
 1.91886621e+00 3.94377938e-03
 1.99819460e+00 3.33687821e-03
 2.03722833e+00 2.72916666e-03
 2.06102590e+00 2.11899742e-03
 2.03658407e+00 1.50471106e-03
 2.01485914e+00 8.84624708e-04
 1.99704516e+00 2.57020469e-04
 2.00193584e+00 -3.79866446e-04
 2.02973727e+00 -1.02786014e-03
 2.07378367e+00 -1.68885712e-03
 1.95889586e+00 -2.36484023e-03
 1.92294914e+00 -3.05789363e-03
 1.95486644e+00 -3.77021904e-03
 1.97509023e+00 -4.50415350e-03
 2.00887346e+00 -5.26218889e-03
 2.04120842e+00 -6.04699351e-03
 2.17596066e+00 -6.86143614e-03
 2.07909305e+00 -7.70861292e-03
 2.09961348e+00 -8.59187760e-03
 2.03817290e+00 -9.51487564e-03
 2.14406318e+00 -1.04815829e-02
 2.18527655e+00 -1.14963497e-02
 2.10052107e+00 -1.25639509e-02
 2.30249805e+00 -1.36896439e-02
 2.24417284e+00 -1.48792346e-02
 2.26034363e+00 -1.61391540e-02
 2.21355216e+00 -1.74765471e-02
 2.25922822e+00 -1.88993760e-02
 2.28593521e+00 -2.04165403e-02
 2.32984841e+00 -2.20380184e-02
 2.42239856e+00 -2.37750331e-02
 2.45639134e+00 -2.56402482e-02
 2.52002654e+00 -2.76480009e-02
 2.45699934e+00 -2.98145786e-02
 2.56449421e+00 -3.21585509e-02
 2.60932648e+00 -3.47011678e-02
 2.63824907e+00 -3.74668419e-02
 2.76746939e+00 -4.04837336e-02
 2.84190884e+00 -4.37844660e-02
 2.86987212e+00 -4.74070042e-02
 3.04991594e+00 -5.13957417e-02
 3.00000926e+00 -5.58028537e-02
 3.22640449e+00 -6.06899930e-02
 3.14789027e+00 -6.61304331e-02
 3.29704282e+00 -7.22117961e-02
 3.46135848e+00 -7.90395577e-02
 3.44810395e+00 -8.67415899e-02
 3.67369376e+00 -9.54741097e-02
 3.92957837e+00 -1.05429552e-01
 4.02982209e+00 -1.16847114e-01
 4.31767831e+00 -1.30027052e-01
 4.46511255e+00 -1.45350344e-01
 4.69230992e+00 -1.63306142e-01
 4.94265104e+00 -1.84530751e-01
 5.15813681e+00 -2.09863987e-01
 5.53556068e+00 -2.40432398e-01
 5.85976807e+00 -2.77774966e-01
 6.26949122e+00 -3.24037997e-01
 6.77318782e+00 -3.82286305e-01
 7.32501393e+00 -4.57017122e-01
 8.12420386e+00 -5.55042611e-01
 8.94383318e+00 -6.87076223e-01
 1.00115512e+01 -8.70743349e-01
 1.13072551e+01 -1.13668196e+00
 1.30689286e+01 -1.54194407e+00
 1.55565994e+01 -2.20259574e+00
 1.91378682e+01 -3.38429041e+00
 2.48284557e+01 -5.80353722e+00
 3.42406523e+01 -1.19185756e+01
 5.06572354e+01 -3.36297173e+01
 1.61434798e+01 -1.07162859e+02
 -5.37304614e+01 -4.49117162e+01
 -3.71452305e+01 -1.46705471e+01
 -2.64933162e+01 -6.81665797e+00
 -2.01321440e+01 -3.88205394e+00
 -1.62561830e+01 -2.49611089e+00
 -1.35898250e+01 -1.73731160e+00
 -1.17450419e+01 -1.27811727e+00
 -1.03260485e+01 -9.79490295e-01
 -9.09075906e+00 -7.74480278e-01
 -8.29540481e+00 -6.27677720e-01
 -7.56640686e+00 -5.18947062e-01
 -6.95669935e+00 -4.36158581e-01
 -6.37843577e+00 -3.71653888e-01
 -5.95501373e+00 -3.20405370e-01
 -5.51963460e+00 -2.79002067e-01
 -5.16069561e+00 -2.45063795e-01
 -4.99639580e+00 -2.16888738e-01
 -4.69974172e+00 -1.93233963e-01
 -4.47802571e+00 -1.73174524e-01
 -4.24104188e+00 -1.56010563e-01
 -4.11520663e+00 -1.41204606e-01
 -3.97999948e+00 -1.28338325e-01
 -3.71416703e+00 -1.17082168e-01
 -3.68589346e+00 -1.07173646e-01
 -3.40836114e+00 -9.84015802e-02
 -3.38966562e+00 -9.05944958e-02
 -3.12003921e+00 -8.36119753e-02
 -3.15879836e+00 -7.73381271e-02
 -3.08689070e+00 -7.16766038e-02
 -2.99560626e+00 -6.65467622e-02
 -2.90231108e+00 -6.18806754e-02
 -2.89014989e+00 -5.76207869e-02
 -2.67446115e+00 -5.37180547e-02
 -2.71147513e+00 -5.01304708e-02
 -2.69161705e+00 -4.68218724e-02
 -2.61650248e+00 -4.37609798e-02
 -2.47996519e+00 -4.09206143e-02
 -2.42032031e+00 -3.82770571e-02
 -2.41142690e+00 -3.58095217e-02
 -2.41634953e+00 -3.34997166e-02
 -2.36216998e+00 -3.13314822e-02
 -2.26165897e+00 -2.92904859e-02
 -2.38123022e+00 -2.73639669e-02
 -2.31685414e+00 -2.55405197e-02
 -2.24972071e+00 -2.38099114e-02
 -2.20093466e+00 -2.21629252e-02
 -2.29044343e+00 -2.05912269e-02
 -2.24180126e+00 -1.90872499e-02
 -2.16260024e+00 -1.76440961e-02
 -2.13605676e+00 -1.62554496e-02
 -2.12713183e+00 -1.49155016e-02
 -2.07219241e+00 -1.36188848e-02
 -2.02703540e+00 -1.23606154e-02
 -1.98573386e+00 -1.11360415e-02
 -2.06352268e+00 -9.94079757e-03
 -2.00089999e+00 -8.77076320e-03
 -2.03797873e+00 -7.62202588e-03
 -1.93025223e+00 -6.49084710e-03
 -2.12054874e+00 -5.37363108e-03
 -1.98222244e+00 -4.26689565e-03
 -2.02341170e+00 -3.16724497e-03
 -1.95401122e+00 -2.07134342e-03
 -2.04251495e+00 -9.75890549e-04
 -1.93602100e+00 1.22403437e-04
 -2.05808975e+00 1.22684198e-03
 -1.96636650e+00 2.34076651e-03
 -2.08050735e+00 3.46758127e-03
 -2.09811236e+00 4.61077887e-03
 -2.06284887e+00 5.77396702e-03
 -1.95593900e+00 6.96089673e-03
 -2.05314662e+00 8.17549247e-03
 -2.03148618e+00 9.42188474e-03
 -1.98294711e+00 1.07044455e-02
 -2.05021847e+00 1.20278271e-02
 -2.09827973e+00 1.33970055e-02
 -2.01913206e+00 1.48173279e-02
 -1.97634549e+00 1.62945671e-02
 -2.12247191e+00 1.78349817e-02
 -2.17513211e+00 1.94453848e-02
 -2.14045603e+00 2.11332226e-02
 -2.18287632e+00 2.29066633e-02
 -2.27939387e+00 2.47747002e-02
 -2.31024261e+00 2.67472701e-02
 -2.32257668e+00 2.88353902e-02
 -2.34377708e+00 3.10513179e-02
 -2.34024235e+00 3.34087366e-02
 -2.37570214e+00 3.59229742e-02
 -2.37584995e+00 3.86112599e-02
 -2.53131212e+00 4.14930274e-02
 -2.51135745e+00 4.45902759e-02
 -2.61180052e+00 4.79279993e-02
 -2.60111175e+00 5.15347018e-02
 -2.71119439e+00 5.54430179e-02
 -2.63060133e+00 5.96904629e-02
 -2.83695700e+00 6.43203475e-02
 -2.84404591e+00 6.93828952e-02
 -2.91427773e+00 7.49366205e-02
 -2.97109823e+00 8.10500359e-02
 -3.03059980e+00 8.78037821e-02
 -3.21711483e+00 9.52933061e-02
 -3.23928395e+00 1.03632253e-01
 -3.33953746e+00 1.12956799e-01
 -3.47264100e+00 1.23431231e-01
 -3.64288441e+00 1.35255216e-01
 -3.69287131e+00 1.48673338e-01
 -3.95880774e+00 1.63987787e-01
 -4.01077084e+00 1.81575422e-01
 -4.26107253e+00 2.01911024e-01
 -4.48494617e+00 2.25599436e-01
 -4.62549112e+00 2.53420706e-01
 -4.88785452e+00 2.86394575e-01
 -5.19876921e+00 3.25874405e-01
 -5.58094376e+00 3.73686911e-01
 -6.02070773e+00 4.32345076e-01
 -6.43658291e+00 5.05381417e-01
 -6.94500891e+00 5.97885876e-01
 -7.66627807e+00 7.17404952e-01
 -8.47002174e+00 8.75507058e-01
 -9.32326417e+00 1.09064060e+00
 -1.04181994e+01 1.39365556e+00
 -1.19923635e+01 1.83922137e+00
 -1.39065787e+01 2.53148886e+00
 -1.66946420e+01 3.68807798e+00
 -2.05496828e+01 5.82202175e+00
 -2.64076099e+01 1.03512018e+01
 -3.49542725e+01 2.20054585e+01
 -3.49472424e+01 5.53560612e+01
 2.25027639e+01 6.99404904e+01
 3.74057795e+01 2.94129205e+01
 2.89010231e+01 1.29779539e+01
 2.20923620e+01 6.97449090e+00
 1.77249408e+01 4.29326306e+00
 1.46699320e+01 2.89300428e+00
 1.24941496e+01 2.07639663e+00
 1.09758176e+01 1.56057188e+00
 9.64159954e+00 1.21462695e+00
 8.56936924e+00 9.71594365e-01
 7.82767639e+00 7.94437046e-01
 7.14884996e+00 6.61359608e-01
 6.65637821e+00 5.58872140e-01
 6.03820601e+00 4.78268943e-01
 5.76674438e+00 4.13730791e-01
 5.35790588e+00 3.61249557e-01
 5.11944870e+00 3.17992272e-01
 4.85289399e+00 2.81910987e-01
 4.55445008e+00 2.51495657e-01
 4.42859794e+00 2.25613177e-01
 4.18538255e+00 2.03399889e-01
 4.00128863e+00 1.84188218e-01
 3.75536184e+00 1.67455570e-01
 3.69066331e+00 1.52788125e-01
 3.45148004e+00 1.39854746e-01
 3.34467874e+00 1.28387907e-01
 3.23710060e+00 1.18169560e-01
 3.11916053e+00 1.09020532e-01
 3.12719347e+00 1.00792486e-01
 3.01389910e+00 9.33617459e-02
 2.90988117e+00 8.66245267e-02
 2.94350166e+00 8.04931988e-02
 2.74611684e+00 7.48933492e-02
 2.76961284e+00 6.97614458e-02
 2.66455390e+00 6.50429690e-02
 2.56790210e+00 6.06909058e-02
 2.68049910e+00 5.66645292e-02
 2.54572214e+00 5.29284015e-02
 2.52390653e+00 4.94515564e-02
 2.44785221e+00 4.62068244e-02
 2.33412176e+00 4.31702719e-02
 2.29929075e+00 4.03207342e-02
 2.23978155e+00 3.76394244e-02
 2.36520152e+00 3.51096028e-02
 2.24062786e+00 3.27162986e-02
 2.22781685e+00 3.04460726e-02
 2.15806410e+00 2.82868153e-02
 2.21827902e+00 2.62275728e-02
 2.16004981e+00 2.42583984e-02
 2.16424607e+00 2.23702228e-02
 2.17055101e+00 2.05547426e-02
 2.09979544e+00 1.88043222e-02
 1.99848282e+00 1.71119078e-02
 2.11412376e+00 1.54709524e-02
 2.02981285e+00 1.38753479e-02
 2.03345356e+00 1.23193660e-02
 2.00946562e+00 1.07976041e-02
 1.98316759e+00 9.30493678e-03
 1.99606621e+00 7.83647137e-03
 2.01686184e+00 6.38750723e-03
 2.03324950e+00 4.95349769e-03
 2.06164934e+00 3.53001441e-03
 1.87509119e+00 2.11271335e-03
 2.02404945e+00 6.97302160e-04
 1.97824194e+00 -7.20491799e-04
 2.02984916e+00 -2.14495301e-03
 2.00851815e+00 -3.58040944e-03
 1.97965486e+00 -5.03126477e-03
 2.00654987e+00 -6.50203154e-03
 1.97538199e+00 -7.99736573e-03
 1.88157378e+00 -9.52210335e-03
 1.96120980e+00 -1.10812994e-02
 1.99858007e+00 -1.26802702e-02
 2.04422742e+00 -1.43246388e-02
 2.12331419e+00 -1.60203858e-02
 2.12546728e+00 -1.77739047e-02
 2.07474994e+00 -1.95920645e-02
 2.13449970e+00 -2.14822785e-02
 2.14265275e+00 -2.34525837e-02
 2.10701294e+00 -2.55117292e-02
 2.22800536e+00 -2.76692776e-02
 2.24827380e+00 -2.99357211e-02
 2.31430196e+00 -3.23226149e-02
 2.21128771e+00 -3.48427309e-02
 2.32253692e+00 -3.75102359e-02
 2.27315505e+00 -4.03408995e-02
 2.32417785e+00 -4.33523363e-02
 2.42195030e+00 -4.65642906e-02
 2.41236487e+00 -4.99989718e-02
 2.43665180e+00 -5.36814513e-02
 2.53103832e+00 -5.76401342e-02
 2.43535375e+00 -6.19073230e-02
 2.58533724e+00 -6.65198938e-02
 2.61234948e+00 -7.15201121e-02
 2.71309109e+00 -7.69566214e-02
 2.82674668e+00 -8.28856492e-02
 2.89115519e+00 -8.93724857e-02
 2.87167157e+00 -9.64933081e-02
 3.11735214e+00 -1.04337447e-01
 2.99538559e+00 -1.13010220e-01
 3.17201506e+00 -1.22636503e-01
 3.26182961e+00 -1.33365264e-01
 3.39480047e+00 -1.45375374e-01
 3.53924213e+00 -1.58883105e-01
 3.70692219e+00 -1.74151929e-01
 3.87064261e+00 -1.91505433e-01
 4.03002419e+00 -2.11344538e-01
 4.14171292e+00 -2.34170763e-01
 4.35495205e+00 -2.60618049e-01
 4.54119229e+00 -2.91496961e-01
 4.86165481e+00 -3.27857065e-01
 5.02995974e+00 -3.71076527e-01
 5.35030269e+00 -4.22993382e-01
 5.72235923e+00 -4.86102098e-01
 6.08096988e+00 -5.63855222e-01
 6.66674408e+00 -6.61139310e-01
 7.18671913e+00 -7.85049800e-01
 7.86071354e+00 -9.46198979e-01
 8.71688559e+00 -1.16101783e+00
 9.62183287e+00 -1.45600933e+00
 1.08710557e+01 -1.87607335e+00
 1.24522968e+01 -2.50196108e+00
 1.45324093e+01 -3.49003460e+00
 1.73640353e+01 -5.17236334e+00
 2.15318676e+01 -8.33987116e+00
 2.70943471e+01 -1.51347542e+01
 3.14993449e+01 -3.15524739e+01
 1.32449886e+01 -6.00681068e+01
 -2.66876887e+01 -4.79790843e+01
 -3.02388955e+01 -2.26209170e+01
 -2.42970614e+01 -1.15347301e+01
 -1.94239483e+01 -6.74384177e+00
 -1.60506119e+01 -4.36729132e+00
 -1.34578667e+01 -3.04140222e+00
 -1.16751735e+01 -2.23314866e+00
 -1.02173166e+01 -1.70630591e+00
 -9.13698226e+00 -1.34464246e+00
 -8.22700599e+00 -1.08598045e+00
 -7.60061333e+00 -8.94747643e-01
 -6.82027944e+00 -7.49448993e-01
 -6.40458378e+00 -6.36494812e-01
 -5.97099790e+00 -5.46961078e-01
 -5.44346864e+00 -4.74795522e-01
 -5.28052143e+00 -4.15778096e-01
 -4.96038043e+00 -3.66894601e-01
 -4.76350192e+00 -3.25946220e-01
 -4.41796351e+00 -2.91298781e-01
 -4.26042265e+00 -2.61717461e-01
 -4.11138490e+00 -2.36255249e-01
 -3.96623637e+00 -2.14176093e-01
 -3.76754596e+00 -1.94900947e-01
 -3.57922409e+00 -1.77969239e-01
 -3.39873297e+00 -1.63010935e-01
 -3.38582780e+00 -1.49725982e-01
 -3.28779867e+00 -1.37869005e-01
 -3.17133681e+00 -1.27237754e-01
 -3.10924557e+00 -1.17664312e-01
 -2.94793502e+00 -1.09008318e-01
 -2.86248526e+00 -1.01151698e-01
 -2.72971630e+00 -9.39945359e-02
 -2.71754042e+00 -8.74518102e-02
 -2.66928469e+00 -8.14507906e-02
 -2.71537620e+00 -7.59289509e-02
 -2.60622167e+00 -7.08322834e-02
 -2.51378093e+00 -6.61139269e-02
 -2.45149636e+00 -6.17330454e-02
 -2.45550598e+00 -5.76539055e-02
 -2.36477672e+00 -5.38451129e-02
 -2.39850921e+00 -5.02789779e-02
 -2.26215931e+00 -4.69309850e-02
 -2.32411813e+00 -4.37793480e-02
 -2.22590947e+00 -4.08046338e-02
 -2.25514780e+00 -3.79894447e-02
 -2.12602381e+00 -3.53181475e-02
 -2.10518777e+00 -3.27766418e-02
 -2.25037044e+00 -3.03521615e-02
 -2.15898650e+00 -2.80331034e-02
 -2.11473052e+00 -2.58088790e-02
 -2.18538863e+00 -2.36697855e-02
 -2.09587147e+00 -2.16068928e-02
 -2.03226852e+00 -1.96119449e-02
 -1.99488551e+00 -1.76772722e-02
 -2.11430259e+00 -1.57957139e-02
 -2.04747010e+00 -1.39605489e-02
 -1.92063662e+00 -1.21654331e-02
 -1.95035937e+00 -1.04043433e-02
 -2.04634531e+00 -8.67152516e-03
 -2.05361982e+00 -6.96144566e-03
 -2.02480798e+00 -5.26874886e-03
 -1.96572244e+00 -3.58821400e-03
 -1.95532582e+00 -1.91471567e-03
 -1.98508031e+00 -2.43185357e-04
 -1.98039932e+00 1.43142614e-03
 -2.02996725e+00 3.11418600e-03
 -1.98923600e+00 4.81021684e-03
 -2.03225761e+00 6.52473490e-03
 -1.90040464e+00 8.26308942e-03
 -2.08553530e+00 1.00308039e-02
 -1.98559876e+00 1.18336195e-02
 -2.07853120e+00 1.36775421e-02
 -2.01341179e+00 1.55688921e-02
 -2.04110823e+00 1.75143597e-02
 -2.09285404e+00 1.95210655e-02
 -2.06830889e+00 2.15966270e-02
 -2.21917440e+00 2.37492337e-02
 -2.09853577e+00 2.59877308e-02
 -2.15769138e+00 2.83217138e-02
 -2.16435757e+00 3.07616359e-02
 -2.07968601e+00 3.33189307e-02
 -2.17609836e+00 3.60061523e-02
 -2.21190452e+00 3.88371366e-02
 -2.22445554e+00 4.18271883e-02
 -2.23097476e+00 4.49932969e-02
 -2.33462478e+00 4.83543887e-02
 -2.27737618e+00 5.19316224e-02
 -2.34094546e+00 5.57487350e-02
 -2.44610571e+00 5.98324512e-02
 -2.50582366e+00 6.42129675e-02
 -2.55129750e+00 6.89245290e-02
 -2.49572756e+00 7.40061193e-02
 -2.68887383e+00 7.95022892e-02
 -2.63608255e+00 8.54641580e-02
 -2.75390112e+00 9.19506290e-02
 -2.84086305e+00 9.90298748e-02
 -2.86295666e+00 1.06781161e-01
 -3.03713919e+00 1.15297101e-01
 -3.04217714e+00 1.24686460e-01
 -3.05874274e+00 1.35077678e-01
 -3.21714138e+00 1.46623299e-01
 -3.29725881e+00 1.59505635e-01
 -3.32270466e+00 1.73944011e-01
 -3.55777301e+00 1.90204174e-01
 -3.71395471e+00 2.08610595e-01
 -3.87552106e+00 2.29562739e-01
 -3.99392816e+00 2.53556845e-01
 -4.16000633e+00 2.81215429e-01
 -4.35305608e+00 3.13327820e-01
 -4.61403127e+00 3.50906674e-01
 -4.86287702e+00 3.95268092e-01
 -5.17775236e+00 4.48147263e-01
 -5.45562493e+00 5.11868771e-01
 -5.82193896e+00 5.89603092e-01
 -6.27907044e+00 6.85762714e-01
 -6.83812425e+00 8.06631412e-01
 -7.41857790e+00 9.61396589e-01
 -8.05969290e+00 1.16390623e+00
 -8.85185177e+00 1.43578855e+00
 -9.92036106e+00 1.81227128e+00
 -1.11776749e+01 2.35368157e+00
 -1.28164720e+01 3.16976904e+00
 -1.50935367e+01 4.47540134e+00
 -1.79986351e+01 6.73000070e+00
 -2.19568560e+01 1.10167991e+01
 -2.62610796e+01 2.00528703e+01
 -2.46289941e+01 3.87874901e+01
 2.14013407e+00 5.42547185e+01
 2.56467903e+01 3.60227949e+01
 2.57934059e+01 1.86116695e+01
 2.14278688e+01 1.03817311e+01
 1.75478778e+01 6.42905912e+00
 1.47287962e+01 4.32121207e+00
 1.25803226e+01 3.08653566e+00
 1.08938324e+01 2.30772887e+00
 9.81639025e+00 1.78723083e+00
 8.78291148e+00 1.42308247e+00
 7.87183642e+00 1.15875496e+00
 7.23658720e+00 9.61000750e-01
 6.70142302e+00 8.09283210e-01
 6.19447519e+00 6.90384884e-01
 5.79596651e+00 5.95497198e-01
 5.43187858e+00 5.18571699e-01
 5.06981160e+00 4.55346302e-01
 4.90468139e+00 4.02749025e-01
 4.64481060e+00 3.58521148e-01
 4.37419306e+00 3.20972321e-01
 4.16801274e+00 2.88817442e-01
 3.93187671e+00 2.61065559e-01
 3.77883849e+00 2.36942712e-01
 3.70533144e+00 2.15837353e-01
 3.59600139e+00 1.97261130e-01
 3.48187821e+00 1.80820271e-01
 3.35317249e+00 1.66194422e-01
 3.20978477e+00 1.53120815e-01
 3.15621869e+00 1.41382264e-01
 2.99128329e+00 1.30797992e-01
 3.01233345e+00 1.21216525e-01
 2.82571731e+00 1.12510164e-01
 2.86452235e+00 1.04570626e-01
 2.77788440e+00 9.73055936e-02
 2.66785154e+00 9.06359525e-02
 2.56264253e+00 8.44935752e-02
 2.58690558e+00 7.88195217e-02
 2.47582138e+00 7.35625747e-02
 2.49634092e+00 6.86780387e-02
 2.46398271e+00 6.41267503e-02
 2.35458618e+00 5.98742571e-02
 2.23372827e+00 5.58901348e-02
 2.27927697e+00 5.21474148e-02
 2.25558995e+00 4.86221031e-02
 2.20925302e+00 4.52927737e-02
 2.31083629e+00 4.21402237e-02
 2.17005537e+00 3.91471794e-02
 2.26398021e+00 3.62980444e-02
 2.13462547e+00 3.35786834e-02
 2.00786495e+00 3.09762354e-02
 2.16194336e+00 2.84789520e-02
 2.02368338e+00 2.60760558e-02
 2.11627060e+00 2.37576177e-02
 2.06269057e+00 2.15144475e-02
 2.04072512e+00 1.93379986e-02
 1.88986439e+00 1.72202824e-02
 2.00963607e+00 1.51537918e-02
 1.97911010e+00 1.31314324e-02
 2.04379286e+00 1.11464601e-02
 2.02175427e+00 9.19242365e-03
 1.93729774e+00 7.26311206e-03
 2.09001294e+00 5.35250483e-03
 2.00235060e+00 3.45472549e-03
 1.96745421e+00 1.56399691e-03
 2.01009210e+00 -3.25401800e-04
 1.94324722e+00 -2.21917769e-03
 2.02658773e+00 -4.12306602e-03
 1.96523311e+00 -6.04287274e-03
 2.06391517e+00 -7.98451784e-03
 1.95509827e+00 -9.95408018e-03
 1.92190171e+00 -1.19578446e-02
 2.02753750e+00 -1.40023519e-02
 2.05020707e+00 -1.60944521e-02
 2.02484090e+00 -1.82413626e-02
 1.95933513e+00 -2.04507314e-02
 2.00136052e+00 -2.27307068e-02
 2.05899547e+00 -2.50900150e-02
 2.09871147e+00 -2.75380462e-02
 2.20736865e+00 -3.00849522e-02
 2.07089077e+00 -3.27417559e-02
 2.11561079e+00 -3.55204764e-02
 2.19266519e+00 -3.84342715e-02
 2.25668668e+00 -4.14976008e-02
 2.20018184e+00 -4.47264142e-02
 2.26361030e+00 -4.81383695e-02
 2.30814694e+00 -5.17530853e-02
 2.31180512e+00 -5.55924359e-02
 2.36482828e+00 -5.96808970e-02
 2.42524296e+00 -6.40459516e-02
 2.42114649e+00 -6.87185699e-02
 2.46780928e+00 -7.37337790e-02
 2.52254590e+00 -7.91313413e-02
 2.54591845e+00 -8.49565668e-02
 2.65464090e+00 -9.12612914e-02
 2.64824794e+00 -9.81050591e-02
 2.72036514e+00 -1.05556561e-01
 2.80840267e+00 -1.13695394e-01
 2.96695290e+00 -1.22614226e-01
 2.98558241e+00 -1.32421478e-01
 2.95602303e+00 -1.43244663e-01
 3.07773810e+00 -1.55234586e-01
 3.25183858e+00 -1.68570651e-01
 3.31179289e+00 -1.83467637e-01
 3.35523931e+00 -2.00184413e-01
 3.53523246e+00 -2.19035258e-01
 3.76326618e+00 -2.40404721e-01
 3.87340578e+00 -2.64767320e-01
 4.03933398e+00 -2.92713993e-01
 4.20475250e+00 -3.24988048e-01
 4.46840356e+00 -3.62534729e-01
 4.72080361e+00 -4.06570583e-01
 4.97941509e+00 -4.58682203e-01
 5.20994993e+00 -5.20969385e-01
 5.58693472e+00 -5.96256979e-01
 5.96554439e+00 -6.88415631e-01
 6.43196645e+00 -8.02859916e-01
 6.83649641e+00 -9.47344586e-01
 7.51132324e+00 -1.13327948e+00
 8.21312221e+00 -1.37798328e+00
 9.13812824e+00 -1.70871478e+00
 1.00846227e+01 -2.17024790e+00
 1.14315980e+01 -2.83993788e+00
 1.32548469e+01 -3.85970427e+00
 1.54237450e+01 -5.50898490e+00
 1.83292390e+01 -8.38296038e+00
 2.19745342e+01 -1.38355503e+01
 2.42807099e+01 -2.47574869e+01
 1.59803912e+01 -4.24488879e+01
 -1.04055441e+01 -4.60417435e+01
 -2.38145375e+01 -2.87031728e+01
 -2.28534340e+01 -1.58986660e+01
 -1.91668705e+01 -9.44325946e+00
 -1.60934422e+01 -6.10317921e+00
 -1.37603404e+01 -4.22305465e+00
 -1.18322346e+01 -3.07889979e+00
 -1.04614834e+01 -2.33691938e+00
 -9.32649638e+00 -1.83062631e+00
 -8.39575855e+00 -1.47068676e+00
 -7.64903146e+00 -1.20607064e+00
 -6.94331277e+00 -1.00605123e+00
 -6.55832509e+00 -8.51286929e-01
 -6.07751277e+00 -7.29135000e-01
 -5.56091898e+00 -6.31060298e-01
 -5.38440599e+00 -5.51137745e-01
 -4.98189997e+00 -4.85152967e-01
 -4.70044324e+00 -4.30043702e-01
 -4.49104605e+00 -3.83542419e-01
 -4.20882867e+00 -3.43941597e-01
 -4.20744848e+00 -3.09935901e-01
 -3.86722914e+00 -2.80513818e-01
 -3.76476723e+00 -2.54881829e-01
 -3.60754243e+00 -2.32410432e-01
 -3.45844696e+00 -2.12595114e-01
 -3.45791410e+00 -1.95027730e-01
 -3.22220887e+00 -1.79375236e-01
 -3.07613947e+00 -1.65363692e-01
 -3.10816989e+00 -1.52766106e-01
 -2.91687547e+00 -1.41393089e-01
 -2.85702650e+00 -1.31085605e-01
 -2.94932030e+00 -1.21709306e-01
 -2.76103611e+00 -1.13150056e-01
 -2.68823459e+00 -1.05310372e-01
 -2.48411319e+00 -9.81065741e-02
 -2.47128271e+00 -9.14664903e-02
 -2.49394746e+00 -8.53275873e-02
 -2.50946312e+00 -7.96354492e-02
 -2.45061971e+00 -7.43425251e-02
 -2.43736202e+00 -6.94070957e-02
 -2.21256470e+00 -6.47924155e-02
 -2.35532432e+00 -6.04659962e-02
 -2.22152391e+00 -5.63990066e-02
 -2.25296145e+00 -5.25657668e-02
 -2.21986538e+00 -4.89433202e-02
 -2.23791326e+00 -4.55110700e-02
 -2.15941132e+00 -4.22504688e-02
 -2.10429872e+00 -3.91447525e-02
 -2.11950082e+00 -3.61787111e-02
 -2.05178650e+00 -3.33384913e-02
 -2.03444842e+00 -3.06114239e-02
 -2.10498549e+00 -2.79858744e-02
 -2.02189887e+00 -2.54511113e-02
 -2.04626688e+00 -2.29971907e-02
 -2.12424635e+00 -2.06148534e-02
 -2.02828459e+00 -1.82954339e-02
 -2.08737160e+00 -1.60307784e-02
 -2.00234724e+00 -1.38131709e-02
 -1.98517453e+00 -1.16352661e-02
 -1.98123702e+00 -9.49002754e-03
 -1.94098459e+00 -7.37067039e-03
 -1.99649245e+00 -5.27060802e-03
 -1.94610686e+00 -3.18340120e-03
 -1.92925396e+00 -1.10270947e-03
 -2.09562844e+00 9.77755975e-04
 -1.99274555e+00 3.06427883e-03
 -1.96103521e+00 5.16318394e-03
 -2.02215719e+00 7.28088418e-03
 -2.01011651e+00 9.42392847e-03
 -1.92096224e+00 1.15990516e-02
 -1.97918265e+00 1.38132268e-02
 -2.03946807e+00 1.60737211e-02
 -2.06830449e+00 1.83881557e-02
 -1.86760539e+00 2.07645706e-02
 -2.14446727e+00 2.32114960e-02
 -1.94376037e+00 2.57380307e-02
 -2.04149925e+00 2.83539294e-02
 -2.06327558e+00 3.10697008e-02
 -2.00815719e+00 3.38967169e-02
 -2.11621840e+00 3.68473379e-02
 -2.17763217e+00 3.99350538e-02
 -2.26003676e+00 4.31746460e-02
 -2.18032236e+00 4.65823732e-02
 -2.25218219e+00 5.01761857e-02
 -2.25197196e+00 5.39759731e-02
 -2.32421893e+00 5.80038529e-02
 -2.36696427e+00 6.22845075e-02
 -2.38295706e+00 6.68455784e-02
 -2.39490434e+00 7.17181314e-02
 -2.46856753e+00 7.69372065e-02
 -2.42389279e+00 8.25424702e-02
 -2.63748221e+00 8.85789951e-02
 -2.55747195e+00 9.50981934e-02
 -2.64212949e+00 1.02158943e-01
 -2.74374567e+00 1.09828951e-01
 -2.73906703e+00 1.18186411e-01
 -2.91129735e+00 1.27322043e-01
 -2.84430079e+00 1.37341592e-01
 -3.01101844e+00 1.48368942e-01
 -3.00458572e+00 1.60549998e-01
 -3.14449950e+00 1.74057568e-01
 -3.24010944e+00 1.89097554e-01
 -3.38677798e+00 2.05916871e-01
 -3.45722473e+00 2.24813650e-01
 -3.68607332e+00 2.46150529e-01
 -3.81557846e+00 2.70372136e-01
 -3.88645588e+00 2.98028335e-01
 -4.05007779e+00 3.29805525e-01
 -4.25836174e+00 3.66569316e-01
 -4.57747772e+00 4.09423547e-01
 -4.67211704e+00 4.59793201e-01
 -4.94708804e+00 5.19542866e-01
 -5.24440227e+00 5.91149204e-01
 -5.55830415e+00 6.77957315e-01
 -5.99367308e+00 7.84570743e-01
 -6.45948658e+00 9.17460335e-01
 -7.02820435e+00 1.08594285e+00
 -7.67902296e+00 1.30380647e+00
 -8.35260881e+00 1.59211373e+00
 -9.22752399e+00 1.98424479e+00
 -1.03232787e+01 2.53542311e+00
 -1.17307750e+01 3.34172052e+00
 -1.35023571e+01 4.58031758e+00
 -1.57979989e+01 6.59996574e+00
 -1.86082936e+01 1.01309915e+01
 -2.13645106e+01 1.67207764e+01
 -2.09327947e+01 2.87874704e+01
 -7.50799617e+00 4.26551841e+01
 1.43705530e+01 3.86331166e+01
 2.18978687e+01 2.37893867e+01
 2.04760983e+01 1.39101992e+01
 1.75054400e+01 8.66125882e+00
 1.48793963e+01 5.78826658e+00
 1.28835094e+01 4.10081334e+00
 1.12103031e+01 3.04143978e+00
 9.96873803e+00 2.33831855e+00
 8.98776625e+00 1.84995403e+00
 8.11418859e+00 1.49789575e+00
 7.32192433e+00 1.23616910e+00
 6.72050139e+00 1.03652036e+00
 6.22027966e+00 8.80866663e-01
 5.90246946e+00 7.57224431e-01
 5.47873348e+00 6.57409591e-01
 5.13502757e+00 5.75684709e-01
 4.90089356e+00 5.07934260e-01
 4.62940277e+00 4.51145779e-01
 4.52212389e+00 4.03074217e-01
 4.18467795e+00 3.62019354e-01
 3.97406157e+00 3.26674854e-01
 3.82194287e+00 2.96023842e-01
 3.70893449e+00 2.69265342e-01
 3.61259943e+00 2.45761595e-01
 3.35151908e+00 2.24999758e-01
 3.26301734e+00 2.06563678e-01
 3.23000959e+00 1.90112826e-01
 3.18471592e+00 1.75366387e-01
 2.98794137e+00 1.62091113e-01
 2.97898988e+00 1.50091969e-01
 2.81080388e+00 1.39204846e-01
 2.73822804e+00 1.29290842e-01
 2.73936714e+00 1.20231742e-01
 2.62887445e+00 1.11926410e-01
 2.62520582e+00 1.04287896e-01
 2.54646623e+00 9.72410929e-02
 2.53863827e+00 9.07208336e-02
 2.49050553e+00 8.46703343e-02
 2.38507799e+00 7.90399115e-02
 2.36379029e+00 7.37859212e-02
 2.40777886e+00 6.88698773e-02
 2.32081356e+00 6.42577135e-02
 2.25076371e+00 5.99191648e-02
 2.21799072e+00 5.58272449e-02
 2.16810665e+00 5.19578037e-02
 2.20282750e+00 4.82891505e-02
 2.08525106e+00 4.48017325e-02
 2.10332911e+00 4.14778579e-02
 2.08831937e+00 3.83014585e-02
 2.06306135e+00 3.52578831e-02
 2.05695720e+00 3.23337183e-02
 2.01098445e+00 2.95166321e-02
 2.03763955e+00 2.67952365e-02
 2.00472427e+00 2.41589664e-02
 2.04506816e+00 2.15979720e-02
 1.95292793e+00 1.91030227e-02
 2.04211746e+00 1.66654214e-02
 1.96605194e+00 1.42769263e-02
 1.96939947e+00 1.19296799e-02
 2.03511528e+00 9.61614342e-03
 1.97402315e+00 7.32903651e-03
 1.90819725e+00 5.06127979e-03
 1.93382934e+00 2.80594091e-03
 1.98959930e+00 5.56182391e-04
 1.94597977e+00 -1.69478907e-03
 1.86336639e+00 -3.95377271e-03
 1.96130747e+00 -6.22762379e-03
 1.92614035e+00 -8.52330451e-03
 1.86448710e+00 -1.08479362e-02
 2.05174464e+00 -1.32088540e-02
 1.98975509e+00 -1.56136639e-02
 1.96986007e+00 -1.80703043e-02
 1.99581564e+00 -2.05871118e-02
 1.99964570e+00 -2.31728928e-02
 2.07123076e+00 -2.58370025e-02
 2.01574944e+00 -2.85894316e-02
 2.12139907e+00 -3.14409033e-02
 2.14332908e+00 -3.44029818e-02
 2.17319072e+00 -3.74881947e-02
 2.04872594e+00 -4.07101717e-02
 2.12273932e+00 -4.40838022e-02
 2.17373618e+00 -4.76254163e-02
 2.12566633e+00 -5.13529924e-02
 2.14991030e+00 -5.52863967e-02
 2.15913355e+00 -5.94476610e-02
 2.35644651e+00 -6.38613061e-02
 2.26990377e+00 -6.85547201e-02
 2.39285091e+00 -7.35586011e-02
 2.40146115e+00 -7.89074808e-02
 2.34594420e+00 -8.46403431e-02
 2.58968729e+00 -9.08013598e-02
 2.56360294e+00 -9.74407700e-02
 2.57508741e+00 -1.04615935e-01
 2.67164092e+00 -1.12392613e-01
 2.72000315e+00 -1.20846500e-01
 2.73592451e+00 -1.30065116e-01
 2.87163081e+00 -1.40150115e-01
 2.95094260e+00 -1.51220132e-01
 3.11678020e+00 -1.63414331e-01
 3.10576635e+00 -1.76896831e-01
 3.21900278e+00 -1.91862292e-01
 3.22282299e+00 -2.08543009e-01
 3.44952299e+00 -2.27217992e-01
 3.52090593e+00 -2.48224710e-01
 3.58800708e+00 -2.71974410e-01
 3.70530361e+00 -2.98972315e-01
 3.96966679e+00 -3.29844564e-01
 4.12265419e+00 -3.65374565e-01
 4.32257987e+00 -4.06552714e-01
 4.49884514e+00 -4.54645387e-01
 4.73036530e+00 -5.11292162e-01
 5.09351603e+00 -5.78645261e-01
 5.35875230e+00 -6.59573323e-01
 5.74684355e+00 -7.57965595e-01
 5.99793905e+00 -8.79196742e-01
 6.53840193e+00 -1.03085593e+00
 7.15791326e+00 -1.22392448e+00
 7.74211626e+00 -1.47474202e+00
 8.51854905e+00 -1.80841354e+00
 9.51911155e+00 -2.26496704e+00
 1.04788664e+01 -2.91101749e+00
 1.20138930e+01 -3.86302204e+00
 1.38109020e+01 -5.33609960e+00
 1.61031215e+01 -7.75048432e+00
 1.85092584e+01 -1.19568611e+01
 2.02883691e+01 -1.95487020e+01
 1.66730963e+01 -3.17222496e+01
 6.92523203e-01 -4.04916314e+01
 -1.59524769e+01 -3.26338460e+01
 -2.01875776e+01 -2.02637898e+01
 -1.86136673e+01 -1.23737767e+01
 -1.60905960e+01 -7.99609522e+00
 -1.38619877e+01 -5.49096875e+00
 -1.20134962e+01 -3.96771306e+00
 -1.06394263e+01 -2.98615042e+00
 -9.60173443e+00 -2.32160264e+00
 -8.60768370e+00 -1.85284361e+00
 -7.73856226e+00 -1.51074469e+00
 -7.16237566e+00 -1.25387923e+00
 -6.55475759e+00 -1.05632477e+00
 -6.11101497e+00 -9.01242581e-01
 -5.71409071e+00 -7.77334706e-01
 -5.36705033e+00 -6.76804206e-01
 -5.06010066e+00 -5.94135949e-01
 -4.85645245e+00 -5.25343179e-01
 -4.56557887e+00 -4.67487952e-01
 -4.28178772e+00 -4.18367741e-01
 -4.07725154e+00 -3.76305747e-01
 -3.85447707e+00 -3.40007585e-01
 -3.74878475e+00 -3.08461443e-01
 -3.61743991e+00 -2.80867309e-01
 -3.51632997e+00 -2.56586000e-01
 -3.33635054e+00 -2.35101922e-01
 -3.20020434e+00 -2.15995492e-01
 -3.16690101e+00 -1.98922470e-01
 -3.11648337e+00 -1.83598295e-01
 -2.95893684e+00 -1.69786081e-01
 -2.88592826e+00 -1.57287338e-01
 -2.83771536e+00 -1.45934727e-01
 -2.74011257e+00 -1.35586359e-01
 -2.70751758e+00 -1.26121269e-01
 -2.62245702e+00 -1.17435809e-01
 -2.51065753e+00 -1.09440731e-01
 -2.50946927e+00 -1.02058837e-01
 -2.44966079e+00 -9.52230559e-02
 -2.39493488e+00 -8.88748680e-02
 -2.34748081e+00 -8.29630094e-02
 -2.31274140e+00 -7.74423947e-02
 -2.23600591e+00 -7.22732215e-02
 -2.19919716e+00 -6.74202197e-02
 -2.23701295e+00 -6.28520209e-02
 -2.24347236e+00 -5.85406257e-02
 -2.22124276e+00 -5.44609510e-02
 -2.18169981e+00 -5.05904453e-02
 -2.10894878e+00 -4.69087583e-02
 -2.16543903e+00 -4.33974581e-02
 -2.12619957e+00 -4.00397861e-02
 -2.14523831e+00 -3.68204456e-02
 -2.07854489e+00 -3.37254166e-02
 -2.00588342e+00 -3.07417950e-02
 -1.98620104e+00 -2.78576503e-02
 -2.00397985e+00 -2.50619007e-02
 -1.92707547e+00 -2.23442013e-02
 -1.96249536e+00 -1.96948450e-02
 -1.95216000e+00 -1.71046729e-02
 -2.01902114e+00 -1.45649929e-02
 -2.00786492e+00 -1.20675058e-02
 -1.94138324e+00 -9.60423660e-03
 -1.91065229e+00 -7.16747117e-03
 -1.99209319e+00 -4.74969598e-03
 -1.89108119e+00 -2.34354103e-03
 -1.89985751e+00 5.82752643e-05
 -1.89723841e+00 2.46299993e-03
 -1.97443512e+00 4.87789883e-03
 -2.00439334e+00 7.31031022e-03
 -1.94927178e+00 9.76769931e-03
 -2.04098678e+00 1.22577145e-02
 -1.93913235e+00 1.47882462e-02
 -2.02257627e+00 1.73674888e-02
 -1.99132885e+00 2.00040073e-02
 -2.00024595e+00 2.27068089e-02
 -2.03575829e+00 2.54854211e-02
 -1.91033723e+00 2.83499778e-02
 -2.04944137e+00 3.13113143e-02
 -2.09976118e+00 3.43810735e-02
 -1.99445129e+00 3.75718250e-02
 -2.04854941e+00 4.08971996e-02
 -2.14829354e+00 4.43720417e-02
 -2.17710735e+00 4.80125832e-02
 -2.10336888e+00 5.18366428e-02
 -2.22115611e+00 5.58638549e-02
 -2.27642817e+00 6.01159348e-02
 -2.16782188e+00 6.46169855e-02
 -2.22917769e+00 6.93938560e-02
 -2.34994140e+00 7.44765597e-02
 -2.38457996e+00 7.98987668e-02
 -2.39697997e+00 8.56983844e-02
 -2.41108336e+00 9.19182447e-02
 -2.53929506e+00 9.86069237e-02
 -2.55285017e+00 1.05819720e-01
 -2.57674662e+00 1.13619834e-01
 -2.60347150e+00 1.22079786e-01
 -2.81212386e+00 1.31283145e-01
 -2.74380819e+00 1.41326636e-01
 -2.73193777e+00 1.52322730e-01
 -2.85087231e+00 1.64402845e-01
 -3.00170064e+00 1.77721329e-01
 -2.97771716e+00 1.92460448e-01
 -3.17960890e+00 2.08836690e-01
 -3.28256130e+00 2.27108777e-01
 -3.43714374e+00 2.47587955e-01
 -3.54618582e+00 2.70651315e-01
 -3.55862471e+00 2.96759214e-01
 -3.79882951e+00 3.26478303e-01
 -3.91034056e+00 3.60512302e-01
 -4.19846969e+00 3.99743655e-01
 -4.26059826e+00 4.45290651e-01
 -4.60249660e+00 4.98586927e-01
 -4.82513828e+00 5.61493867e-01
 -4.95906166e+00 6.36462357e-01
 -5.33714786e+00 7.26770056e-01
 -5.77038184e+00 8.36876949e-01
 -6.20745806e+00 9.72970901e-01
 -6.68888254e+00 1.14382708e+00
 -7.14338625e+00 1.36220230e+00
 -7.85770681e+00 1.64717290e+00
 -8.65810006e+00 2.02820204e+00
 -9.54704274e+00 2.55251101e+00
 -1.08173552e+01 3.29904651e+00
 -1.22122357e+01 4.40618347e+00
 -1.40511986e+01 6.12884479e+00
 -1.60602676e+01 8.95683509e+00
 -1.81607903e+01 1.38269178e+01
 -1.85335424e+01 2.21607285e+01
 -1.19635458e+01 3.33310927e+01
 4.31440498e+00 3.71498756e+01
 1.65525928e+01 2.78929435e+01
 1.87300657e+01 1.76070795e+01
 1.72172638e+01 1.11410908e+01
 1.49908395e+01 7.42051149e+00
 1.30828733e+01 5.21254937e+00
 1.15342527e+01 3.83052430e+00
 1.01899286e+01 2.91987713e+00
 9.03187286e+00 2.29257993e+00
 8.20844838e+00 1.84401438e+00
 7.55596342e+00 1.51304088e+00
 6.92295328e+00 1.26228891e+00
 6.35837969e+00 1.06799330e+00
 5.96090449e+00 9.14508578e-01
 5.57565336e+00 7.91218638e-01
 5.20840269e+00 6.90726698e-01
 4.95003764e+00 6.07757485e-01
 4.65012473e+00 5.38470327e-01
 4.37969927e+00 4.80017201e-01
 4.23466318e+00 4.30251200e-01
 4.03817512e+00 3.87529849e-01
 3.83388869e+00 3.50579699e-01
 3.66502246e+00 3.18401385e-01
 3.51360477e+00 2.90201921e-01
 3.56412785e+00 2.65345691e-01
 3.24233033e+00 2.43318466e-01
 3.22962946e+00 2.23700645e-01
 3.17098028e+00 2.06147122e-01
 3.01315524e+00 1.90371963e-01
 2.96611358e+00 1.76136637e-01
 2.86067296e+00 1.63240883e-01
 2.80239486e+00 1.51515558e-01
 2.71002671e+00 1.40816996e-01
 2.76200217e+00 1.31022524e-01
 2.62903478e+00 1.22026869e-01
 2.53134666e+00 1.13739255e-01
 2.48065377e+00 1.06081055e-01
 2.47446151e+00 9.89838681e-02
 2.38612313e+00 9.23879437e-02
 2.41368904e+00 8.62408757e-02
 2.34561598e+00 8.04965227e-02
 2.20959685e+00 7.51141049e-02
 2.25914949e+00 7.00574481e-02
 2.25131744e+00 6.52943460e-02
 2.16754405e+00 6.07960218e-02
 2.06378351e+00 5.65366700e-02
 2.20661779e+00 5.24930658e-02
 2.11700403e+00 4.86442305e-02
 2.05735196e+00 4.49711432e-02
 2.00865246e+00 4.14564920e-02
 2.07194319e+00 3.80844582e-02
 1.99878097e+00 3.48405278e-02
 2.11552445e+00 3.17113264e-02
 2.07983342e+00 2.86844746e-02
 2.03620931e+00 2.57484592e-02
 1.95870675e+00 2.28925192e-02
 2.03664349e+00 2.01065433e-02
 1.94973400e+00 1.73809777e-02
 2.01368659e+00 1.47067427e-02
 1.92479412e+00 1.20751554e-02
 1.92739498e+00 9.47785940e-03
 1.83468575e+00 6.90675813e-03
 1.90704643e+00 4.35395249e-03
 1.86950037e+00 1.81168106e-03
 1.80374433e+00 -7.27737690e-04
 1.95260964e+00 -3.27196210e-03
 1.87567101e+00 -5.82868368e-03
 1.93042896e+00 -8.40568383e-03
 1.92405262e+00 -1.10108919e-02
 1.97949172e+00 -1.36524449e-02
 1.93361659e+00 -1.63387509e-02
 2.02210292e+00 -1.90785549e-02
 2.02982565e+00 -2.18810107e-02
 2.00798648e+00 -2.47557581e-02
 2.03137607e+00 -2.77130072e-02
 2.04025652e+00 -3.07636313e-02
 2.11795456e+00 -3.39192702e-02
 2.05620057e+00 -3.71924451e-02
 2.11024690e+00 -4.05966883e-02
 2.06696072e+00 -4.41466892e-02
 2.15153724e+00 -4.78584607e-02
 2.19219445e+00 -5.17495286e-02
 2.08584861e+00 -5.58391494e-02
 2.22846449e+00 -6.01485601e-02
 2.23385987e+00 -6.47012686e-02
 2.18909581e+00 -6.95233897e-02
 2.35341289e+00 -7.46440372e-02
 2.29975070e+00 -8.00957839e-02
 2.34852029e+00 -8.59152015e-02
 2.35425701e+00 -9.21434986e-02
 2.46327715e+00 -9.88272779e-02
 2.53065602e+00 -1.06019438e-01
 2.56404013e+00 -1.13780255e-01
 2.66861737e+00 -1.22178677e-01
 2.55600203e+00 -1.31293901e-01
 2.62105207e+00 -1.41217282e-01
 2.72632600e+00 -1.52054667e-01
 2.83626744e+00 -1.63929268e-01
 2.92656826e+00 -1.76985223e-01
 3.03166594e+00 -1.91392024e-01
 3.12406602e+00 -2.07350081e-01
 3.10971002e+00 -2.25097756e-01
 3.31675840e+00 -2.44920327e-01
 3.40115472e+00 -2.67161517e-01
 3.51714407e+00 -2.92238448e-01
 3.69887464e+00 -3.20661248e-01
 3.89475849e+00 -3.53059012e-01
 3.95167126e+00 -3.90214592e-01
 4.16969635e+00 -4.33111802e-01
 4.44357739e+00 -4.83000321e-01
 4.50877185e+00 -5.41486295e-01
 4.77494910e+00 -6.10660827e-01
 5.10642567e+00 -6.93285472e-01
 5.43354084e+00 -7.93065303e-01
 5.82158185e+00 -9.15059587e-01
 6.23824371e+00 -1.06631432e+00
 6.79396657e+00 -1.25686255e+00
 7.33456209e+00 -1.50135355e+00
 7.95906501e+00 -1.82179421e+00
 8.78077837e+00 -2.25233120e+00
 9.71815304e+00 -2.84792675e+00
 1.09771521e+01 -3.70075278e+00
 1.24396103e+01 -4.97235739e+00
 1.40530636e+01 -6.95803443e+00
 1.59507792e+01 -1.02094384e+01
 1.75920013e+01 -1.56913551e+01
 1.63398917e+01 -2.43879078e+01
 7.40187914e+00 -3.36365925e+01
 -7.65126042e+00 -3.34700054e+01
 -1.63272479e+01 -2.41352902e+01
 -1.74058839e+01 -1.55290334e+01
 -1.59463335e+01 -1.01237267e+01
 -1.39790414e+01 -6.91527080e+00
 -1.23249242e+01 -4.95230037e+00
 -1.08658670e+01 -3.69287886e+00
 -9.68849975e+00 -2.84676883e+00
 -8.69164373e+00 -2.25495619e+00
 -7.98487454e+00 -1.82656880e+00
 -7.22962830e+00 -1.50733678e+00
 -6.67119816e+00 -1.26349670e+00
 -6.17548532e+00 -1.07326155e+00
 -5.73030981e+00 -9.22112155e-01
 -5.47807827e+00 -8.00094521e-01
 -5.10824434e+00 -7.00211767e-01
 -4.80321688e+00 -6.17435688e-01
 -4.52532446e+00 -5.48081129e-01
 -4.38342698e+00 -4.89399423e-01
 -4.03956326e+00 -4.39307849e-01
 -3.85215367e+00 -3.96205708e-01
 -3.76913163e+00 -3.58846829e-01
 -3.62814729e+00 -3.26249617e-01
 -3.45523149e+00 -2.97632575e-01
 -3.37568243e+00 -2.72367379e-01
 -3.34425986e+00 -2.49944281e-01
 -3.08881571e+00 -2.29946274e-01
 -3.04629049e+00 -2.12029574e-01
 -2.96328386e+00 -1.95908726e-01
 -2.87940302e+00 -1.81345115e-01
 -2.83657466e+00 -1.68138036e-01
 -2.72808869e+00 -1.56117672e-01
 -2.59492973e+00 -1.45139551e-01
 -2.62118606e+00 -1.35080121e-01
 -2.49809473e+00 -1.25833198e-01
 -2.48764873e+00 -1.17307099e-01
 -2.45493403e+00 -1.09422307e-01
 -2.26706441e+00 -1.02109561e-01
 -2.40615179e+00 -9.53082860e-02
 -2.25127652e+00 -8.89652944e-02
 -2.28110545e+00 -8.30337047e-02
 -2.33383609e+00 -7.74720390e-02
 -2.20584126e+00 -7.22434657e-02
 -2.28576887e+00 -6.73151601e-02
 -2.13668322e+00 -6.26577634e-02
 -2.17342928e+00 -5.82449221e-02
 -2.09487068e+00 -5.40528947e-02
 -2.10269870e+00 -5.00602142e-02
 -2.06402186e+00 -4.62473975e-02
 -2.01982600e+00 -4.25966939e-02
 -2.00749281e+00 -3.90918663e-02
 -2.01840836e+00 -3.57180007e-02
 -2.02964730e+00 -3.24613388e-02
 -1.92016185e+00 -2.93091308e-02
 -2.03323400e+00 -2.62495044e-02
 -1.99189119e+00 -2.32713488e-02
 -1.97441432e+00 -2.03642099e-02
 -1.96109260e+00 -1.75181963e-02
 -1.98328499e+00 -1.47238936e-02
 -1.88864444e+00 -1.19722853e-02
 -1.96567536e+00 -9.25467971e-03
 -1.97861805e+00 -6.56264209e-03
 -1.93629925e+00 -3.88792949e-03
 -1.90731391e+00 -1.22242884e-03
 -1.93442879e+00 1.44190324e-03
 -1.86929535e+00 4.11309973e-03
 -1.81772732e+00 6.79924223e-03
 -1.98323076e+00 9.50852071e-03
 -1.98732155e+00 1.22492947e-02
 -1.98957543e+00 1.50301565e-02
 -1.89492658e+00 1.78599985e-02
 -1.97264886e+00 2.07480833e-02
 -1.93942315e+00 2.37041205e-02
 -1.92020515e+00 2.67383488e-02
 -2.04254650e+00 2.98616270e-02
 -1.96987760e+00 3.30855331e-02
 -1.98353562e+00 3.64224758e-02
 -1.99590890e+00 3.98858180e-02
 -2.10374589e+00 4.34900165e-02
 -2.09402345e+00 4.72507803e-02
 -2.06596181e+00 5.11852495e-02
 -2.16464121e+00 5.53122008e-02
 -2.08061500e+00 5.96522832e-02
 -2.09438734e+00 6.42282891e-02
 -2.12967225e+00 6.90654691e-02
 -2.25983738e+00 7.41918968e-02
 -2.19633583e+00 7.96388959e-02
 -2.36619625e+00 8.54415398e-02
 -2.30838601e+00 9.16392402e-02
 -2.40681102e+00 9.82764431e-02
 -2.39862574e+00 1.05403455e-01
 -2.46823154e+00 1.13077426e-01
 -2.49682807e+00 1.21363537e-01
 -2.54873386e+00 1.30336416e-01
 -2.57437943e+00 1.40081863e-01
 -2.74256348e+00 1.50698947e-01
 -2.67369160e+00 1.62302575e-01
 -2.86889325e+00 1.75026649e-01
 -2.91737283e+00 1.89027990e-01
 -2.98607657e+00 2.04491226e-01
 -3.12135086e+00 2.21634943e-01
 -3.20891555e+00 2.40719466e-01
 -3.20590394e+00 2.62056806e-01
 -3.45927768e+00 2.86023464e-01
 -3.44665494e+00 3.13077080e-01
 -3.63573914e+00 3.43778300e-01
 -3.85212151e+00 3.78819796e-01
 -3.98631429e+00 4.19065249e-01
 -4.21720764e+00 4.65602362e-01
 -4.36409585e+00 5.19815961e-01
 -4.58773424e+00 5.83490294e-01
 -4.85558385e+00 6.58954566e-01
 -5.14647084e+00 7.49293685e-01
 -5.44854540e+00 8.58659510e-01
 -5.87700310e+00 9.92740557e-01
 -6.17053053e+00 1.15948797e+00
 -6.70883241e+00 1.37026761e+00
 -7.35601127e+00 1.64174244e+00
 -8.05858926e+00 1.99904858e+00
 -8.86337017e+00 2.48134369e+00
 -9.83809174e+00 3.15186172e+00
 -1.10084973e+01 4.11679200e+00
 -1.24769293e+01 5.56166190e+00
 -1.40603838e+01 7.82082373e+00
 -1.58473758e+01 1.14924555e+01
 -1.66034274e+01 1.74861003e+01
 -1.36470142e+01 2.60836211e+01
 -3.14684998e+00 3.28649129e+01
 9.82670618e+00 2.99097908e+01
 1.59867869e+01 2.11202595e+01
 1.63207311e+01 1.38554417e+01
 1.48602163e+01 9.26534026e+00
 1.31856682e+01 6.46642189e+00
 1.17339679e+01 4.70883424e+00
 1.03287686e+01 3.55676708e+00
 9.33618027e+00 2.76945181e+00
 8.21385594e+00 2.21120498e+00
 7.53007227e+00 1.80264075e+00
 6.96477170e+00 1.49542265e+00
 6.42852222e+00 1.25899475e+00
 5.98397099e+00 1.07337588e+00
 5.62849089e+00 9.25100499e-01
 5.23956279e+00 8.04848666e-01
 5.00985553e+00 7.06015390e-01
 4.73708855e+00 6.23820316e-01
 4.47130501e+00 5.54738138e-01
 4.25323585e+00 4.96125013e-01
 4.09276601e+00 4.45967912e-01
 3.89476324e+00 4.02712988e-01
 3.65507616e+00 3.65145832e-01
 3.57641964e+00 3.32306511e-01
 3.44468937e+00 3.03428336e-01
 3.32879515e+00 2.77893100e-01
 3.25466765e+00 2.55197933e-01
 3.13709613e+00 2.34930447e-01
 3.02199480e+00 2.16749908e-01
 2.86958047e+00 2.00372800e-01
 2.93205992e+00 1.85561676e-01
 2.74559003e+00 1.72116453e-01
 2.67365874e+00 1.59867555e-01
 2.69638789e+00 1.48670491e-01
 2.59268032e+00 1.38401507e-01
 2.54757424e+00 1.28954099e-01
 2.44429715e+00 1.20236188e-01
 2.53579142e+00 1.12167808e-01
 2.33737303e+00 1.04679230e-01
 2.38465159e+00 9.77093958e-02
 2.25629726e+00 9.12046363e-02
 2.25262310e+00 8.51175945e-02
 2.26193056e+00 7.94063291e-02
 2.20746434e+00 7.40335591e-02
 2.09882710e+00 6.89660264e-02
 2.13770924e+00 6.41739558e-02
 2.13236034e+00 5.96305936e-02
 2.15322596e+00 5.53118145e-02
 2.04693441e+00 5.11957831e-02
 2.05338068e+00 4.72626621e-02
 2.00451500e+00 4.34943596e-02
 2.01436339e+00 3.98743092e-02
 2.01424764e+00 3.63872779e-02
 1.95347543e+00 3.30191974e-02
 1.93944140e+00 2.97570153e-02
 1.89368505e+00 2.65885625e-02
 1.86826984e+00 2.35024360e-02
 1.93599624e+00 2.04878924e-02
 1.91103583e+00 1.75347524e-02
 1.83889978e+00 1.46333129e-02
 1.91695095e+00 1.17742671e-02
 1.96346206e+00 8.94862925e-03
 1.87429390e+00 6.14766495e-03
 1.93553555e+00 3.36282413e-03
 1.96145547e+00 5.85677218e-04
 1.88456482e+00 -2.19214730e-03
 1.84192333e+00 -4.97902445e-03
 1.95516003e+00 -7.78339429e-03
 1.95026972e+00 -1.06138244e-02
 1.97374644e+00 -1.34790741e-02
 1.96398597e+00 -1.63881611e-02
 1.87638717e+00 -1.93504320e-02
 1.94477526e+00 -2.23756373e-02
 1.90195690e+00 -2.54740121e-02
 2.00032197e+00 -2.86563638e-02
 1.97817418e+00 -3.19341687e-02
 2.01551676e+00 -3.53196780e-02
 1.96329232e+00 -3.88260365e-02
 2.04736621e+00 -4.24674153e-02
 2.01237028e+00 -4.62591612e-02
 2.06094261e+00 -5.02179658e-02
 2.04792850e+00 -5.43620589e-02
 2.16859402e+00 -5.87114284e-02
 2.12964883e+00 -6.32880742e-02
 2.11305267e+00 -6.81163002e-02
 2.06160940e+00 -7.32230534e-02
 2.16956938e+00 -7.86383180e-02
 2.18833003e+00 -8.43955760e-02
 2.33485947e+00 -9.05323476e-02
 2.31539684e+00 -9.70908282e-02
 2.37650399e+00 -1.04118642e-01
 2.44283977e+00 -1.11669736e-01
 2.46540097e+00 -1.19805452e-01
 2.50497910e+00 -1.28595808e-01
 2.52670080e+00 -1.38121046e-01
 2.66483526e+00 -1.48473506e-01
 2.69417541e+00 -1.59759913e-01
 2.82464814e+00 -1.72104178e-01
 2.85644157e+00 -1.85650853e-01
 2.85466251e+00 -2.00569420e-01
 2.87968777e+00 -2.17059649e-01
 3.20055914e+00 -2.35358348e-01
 3.22769576e+00 -2.55747918e-01
 3.23246840e+00 -2.78567304e-01
 3.45162070e+00 -3.04226115e-01
 3.53586657e+00 -3.33223032e-01
 3.57524755e+00 -3.66170012e-01
 3.75046589e+00 -4.03824500e-01
 4.04806894e+00 -4.47132779e-01
 4.20698984e+00 -4.97289076e-01
 4.37118493e+00 -5.55817262e-01
 4.60407382e+00 -6.24685498e-01
 4.87919237e+00 -7.06469787e-01
 5.22301733e+00 -8.04591527e-01
 5.55657790e+00 -9.23669408e-01
 5.78953284e+00 -1.07005217e+00
 6.23166979e+00 -1.25264458e+00
 6.69470458e+00 -1.48422225e+00
 7.33725439e+00 -1.78358545e+00
 8.03963715e+00 -2.17919940e+00
 8.94532685e+00 -2.71555360e+00
 9.98853839e+00 -3.46464481e+00
 1.10772311e+01 -4.54730450e+00
 1.24938744e+01 -6.17318769e+00
 1.40558077e+01 -8.71185473e+00
 1.54245326e+01 -1.27834934e+01
 1.52762633e+01 -1.91374334e+01
 1.06430005e+01 -2.71545878e+01
 -3.73919568e-01 -3.13346466e+01
 -1.11370152e+01 -2.66677252e+01
 -1.53417169e+01 -1.86648550e+01
 -1.53519531e+01 -1.24756284e+01
 -1.39099416e+01 -8.52814417e+00
 -1.24574430e+01 -6.06359170e+00
 -1.09678143e+01 -4.48060148e+00
 -9.89768091e+00 -3.42327592e+00
 -8.86078145e+00 -2.68964328e+00
 -8.12440535e+00 -2.16303604e+00
 -7.32930317e+00 -1.77375037e+00
 -6.82865248e+00 -1.47859903e+00
 -6.26372369e+00 -1.24988195e+00
 -5.76618652e+00 -1.06926340e+00
 -5.46017250e+00 -9.24258420e-01
 -5.10309033e+00 -8.06149132e-01
 -4.81123348e+00 -7.08709927e-01
 -4.52832772e+00 -6.27405019e-01
 -4.34145699e+00 -5.58869924e-01
 -4.12016634e+00 -5.00568386e-01
 -4.03786954e+00 -4.50560434e-01
 -3.82931577e+00 -4.07342462e-01
 -3.58812345e+00 -3.69734991e-01
 -3.46248982e+00 -3.36802584e-01
 -3.36469305e+00 -3.07795847e-01
 -3.31020935e+00 -2.82108853e-01
 -3.23140354e+00 -2.59247465e-01
 -3.08976841e+00 -2.38805518e-01
 -3.07272923e+00 -2.20446691e-01
 -2.81771866e+00 -2.03890590e-01
 -2.78964088e+00 -1.88901944e-01
 -2.74956890e+00 -1.75282160e-01
 -2.70327471e+00 -1.62862657e-01
 -2.53422914e+00 -1.51499573e-01
 -2.56789583e+00 -1.41069517e-01
 -2.51891713e+00 -1.31466155e-01
 -2.40940435e+00 -1.22597436e-01
 -2.43275491e+00 -1.14383325e-01
 -2.37734918e+00 -1.06753949e-01
 -2.27167065e+00 -9.96480564e-02
 -2.16998078e+00 -9.30117517e-02
 -2.27130335e+00 -8.67974281e-02
 -2.19675070e+00 -8.09628807e-02
 -2.14691397e+00 -7.54705573e-02
 -2.14933311e+00 -7.02869259e-02
 -2.05252135e+00 -6.53819364e-02
 -2.06204475e+00 -6.07285631e-02
 -1.99803743e+00 -5.63024118e-02
 -2.02427087e+00 -5.20813821e-02
 -1.93252935e+00 -4.80453764e-02
 -2.05486235e+00 -4.41760468e-02
 -1.92754640e+00 -4.04565750e-02
 -1.96705534e+00 -3.68714798e-02
 -1.92811812e+00 -3.34064477e-02
 -1.97656506e+00 -3.00481830e-02
 -1.95476055e+00 -2.67842752e-02
 -1.95967324e+00 -2.36030794e-02
 -1.87248753e+00 -2.04936104e-02
 -1.92586793e+00 -1.74454443e-02
 -1.86256751e+00 -1.44486311e-02
 -1.87453160e+00 -1.14936121e-02
 -1.88001606e+00 -8.57114407e-03
 -1.79064079e+00 -5.67222741e-03
 -1.85374448e+00 -2.78803808e-03
 -1.92464931e+00 9.01383807e-05
 -1.86882331e+00 2.97097111e-03
 -1.96448785e+00 5.86314760e-03
 -1.91498214e+00 8.77543758e-03
 -1.97153064e+00 1.17167580e-02
 -1.93825156e+00 1.46962401e-02
 -1.89016817e+00 1.77232993e-02
 -1.92739162e+00 2.08077090e-02
 -1.94612068e+00 2.39596797e-02
 -1.85275571e+00 2.71899440e-02
 -1.89038581e+00 3.05098499e-02
 -1.95170183e+00 3.39314619e-02
 -2.04278670e+00 3.74676747e-02
 -1.99771281e+00 4.11323389e-02
 -2.09807502e+00 4.49404017e-02
 -2.11376996e+00 4.89080667e-02
 -2.02109700e+00 5.30529742e-02
 -2.10724759e+00 5.73944074e-02
 -2.15298017e+00 6.19535276e-02
 -2.11384864e+00 6.67536457e-02
 -2.08822599e+00 7.18205353e-02
 -2.18576798e+00 7.71827956e-02
 -2.16944770e+00 8.28722746e-02
 -2.16174392e+00 8.89245635e-02
 -2.33697538e+00 9.53795775e-02
 -2.34265777e+00 1.02282241e-01
 -2.35479014e+00 1.09683299e-01
 -2.41860878e+00 1.17640281e-01
 -2.48631078e+00 1.26218657e-01
 -2.46737295e+00 1.35493222e-01
 -2.51664916e+00 1.45549768e-01
 -2.53927608e+00 1.56487114e-01
 -2.69926649e+00 1.68419582e-01
 -2.76417591e+00 1.81480039e-01
 -2.89902820e+00 1.95823647e-01
 -2.91983278e+00 2.11632529e-01
 -3.03812720e+00 2.29121607e-01
 -2.95236773e+00 2.48545962e-01
 -3.12942575e+00 2.70210187e-01
 -3.28180714e+00 2.94480364e-01
 -3.44736547e+00 3.21799554e-01
 -3.48513339e+00 3.52708004e-01
 -3.62746994e+00 3.87869794e-01
 -3.81740343e+00 4.28108351e-01
 -4.00636478e+00 4.74454367e-01
 -4.19938617e+00 5.28211270e-01
 -4.40598356e+00 5.91045949e-01
 -4.65466610e+00 6.65116397e-01
 -4.85556114e+00 7.53254286e-01
 -5.07845897e+00 8.59230907e-01
 -5.53780068e+00 9.88152247e-01
 -5.86762603e+00 1.14705885e+00
 -6.31541878e+00 1.34585847e+00
 -6.89361857e+00 1.59881439e+00
 -7.43629791e+00 1.92698815e+00
 -8.20067725e+00 2.36237092e+00
 -8.95643757e+00 2.95508791e+00
 -1.00258460e+01 3.78632273e+00
 -1.11480370e+01 4.99192601e+00
 -1.25185637e+01 6.80492696e+00
 -1.38803244e+01 9.62301186e+00
 -1.49096921e+01 1.40537413e+01
 -1.37709133e+01 2.05695761e+01
 -7.69388746e+00 2.75784724e+01
 3.25558514e+00 2.93561176e+01
 1.18753957e+01 2.38006123e+01
 1.47569616e+01 1.66351367e+01
 1.44776158e+01 1.13159840e+01
 1.31590891e+01 7.88575167e+00
 1.17090343e+01 5.69889644e+00
 1.04764874e+01 4.26609898e+00
 9.41746408e+00 3.29297705e+00
 8.49193509e+00 2.60849383e+00
 7.68770725e+00 2.11166463e+00
 7.13323676e+00 1.74101166e+00
 6.51810721e+00 1.45783774e+00
 6.03349866e+00 1.23699077e+00
 5.65846621e+00 1.06163350e+00
 5.26153176e+00 9.20191012e-01
 4.93208676e+00 8.04514027e-01
 4.63834803e+00 7.08741306e-01
 4.45986655e+00 6.28575802e-01
 4.28253903e+00 5.60812573e-01
 4.02831178e+00 5.03023841e-01
 3.87335995e+00 4.53344535e-01
 3.77871365e+00 4.10323465e-01
 3.60002375e+00 3.72818266e-01
 3.51344126e+00 3.39920052e-01
 3.33913482e+00 3.10898594e-01
 3.16115665e+00 2.85161892e-01
 3.13051487e+00 2.62225999e-01
 2.94708199e+00 2.41692236e-01
 2.94280889e+00 2.23229799e-01
 2.79536949e+00 2.06562365e-01
 2.74488392e+00 1.91457667e-01
 2.65983972e+00 1.77719320e-01
 2.63599587e+00 1.65180361e-01
 2.61915522e+00 1.53698097e-01
 2.48264412e+00 1.43149975e-01
 2.48937746e+00 1.33430244e-01
 2.43765564e+00 1.24447243e-01
 2.29727537e+00 1.16121186e-01
 2.35008949e+00 1.08382335e-01
 2.31502390e+00 1.01169495e-01
 2.27722991e+00 9.44287616e-02
 2.12783631e+00 8.81124729e-02
 2.19371525e+00 8.21783336e-02
 2.09850364e+00 7.65886750e-02
 2.18970230e+00 7.13098288e-02
 2.12574015e+00 6.63115947e-02
 2.03890242e+00 6.15667863e-02
 2.11189923e+00 5.70508408e-02
 1.97140925e+00 5.27414843e-02
 1.93015705e+00 4.86184411e-02
 1.95559769e+00 4.46631826e-02
 1.99404179e+00 4.08587070e-02
 1.97864333e+00 3.71893476e-02
 1.97471786e+00 3.36406031e-02
 1.97770480e+00 3.01989877e-02
 1.92668242e+00 2.68518981e-02
 1.96070331e+00 2.35874935e-02
 1.82115506e+00 2.03945885e-02
 1.87855381e+00 1.72625548e-02
 1.92373468e+00 1.41812321e-02
 1.83252352e+00 1.11408450e-02
 1.77179966e+00 8.13192559e-03
 1.81317190e+00 5.14524099e-03
 1.91300354e+00 2.17172319e-03
 1.91662142e+00 -7.97598132e-04
 1.79466230e+00 -3.77166168e-03
 1.95012846e+00 -6.75944014e-03
 1.84203888e+00 -9.77000618e-03
 1.89382387e+00 -1.28125999e-02
 1.84108025e+00 -1.58966983e-02
 1.89649397e+00 -1.90320886e-02
 1.85441574e+00 -2.22289452e-02
 1.90139963e+00 -2.54979122e-02
 1.94692815e+00 -2.88501935e-02
 2.03815485e+00 -3.22976500e-02
 1.96612985e+00 -3.58529073e-02
 1.97211428e+00 -3.95294749e-02
 2.04854335e+00 -4.33418794e-02
 1.97647358e+00 -4.73058137e-02
 1.91724843e+00 -5.14383062e-02
 2.03497192e+00 -5.57579123e-02
 2.10414144e+00 -6.02849333e-02
 2.14205053e+00 -6.50416670e-02
 2.10213191e+00 -7.00526965e-02
 2.14724525e+00 -7.53452235e-02
 2.16843622e+00 -8.09494560e-02
 2.21193321e+00 -8.68990594e-02
 2.21923291e+00 -9.32316852e-02
 2.23318276e+00 -9.99895922e-02
 2.27010994e+00 -1.07220379e-01
 2.32545070e+00 -1.14977855e-01
 2.36579485e+00 -1.23323072e-01
 2.41950889e+00 -1.32325567e-01
 2.45333368e+00 -1.42064846e-01
 2.54005890e+00 -1.52632189e-01
 2.60727899e+00 -1.64132830e-01
 2.56684708e+00 -1.76688631e-01
 2.74309373e+00 -1.90441357e-01
 2.82993160e+00 -2.05556740e-01
 2.92883453e+00 -2.22229519e-01
 2.94456766e+00 -2.40689772e-01
 3.02090491e+00 -2.61210900e-01
 3.16805554e+00 -2.84119790e-01
 3.31884516e+00 -3.09809861e-01
 3.36297828e+00 -3.38757951e-01
 3.55426267e+00 -3.71546391e-01
 3.77658449e+00 -4.08892176e-01
 3.77810219e+00 -4.51685919e-01
 3.94041538e+00 -5.01044509e-01
 4.10271377e+00 -5.58383246e-01
 4.34265802e+00 -6.25516011e-01
 4.48142013e+00 -7.04796568e-01
 4.87087848e+00 -7.99321184e-01
 5.18099945e+00 -9.13224549e-01
 5.49490745e+00 -1.05212058e+00
 5.99393279e+00 -1.22377347e+00
 6.34752239e+00 -1.43914353e+00
 6.90255455e+00 -1.71405952e+00
 7.59489537e+00 -2.07196643e+00
 8.17137788e+00 -2.54857007e+00
 9.13276596e+00 -3.19990620e+00
 9.97448937e+00 -4.11666902e+00
 1.13047389e+01 -5.44976284e+00
 1.24928349e+01 -7.45366119e+00
 1.37659457e+01 -1.05432097e+01
 1.42182539e+01 -1.52688319e+01
 1.19817091e+01 -2.17143515e+01
 4.80698107e+00 -2.74018720e+01
 -5.22747276e+00 -2.71765490e+01
 -1.21967998e+01 -2.12984980e+01
 -1.42391204e+01 -1.49336170e+01
 -1.36504402e+01 -1.03256727e+01
 -1.24058027e+01 -7.31912265e+00
 -1.11683755e+01 -5.36622816e+00
 -9.95803373e+00 -4.06394841e+00
 -8.95327708e+00 -3.16614125e+00
 -8.17204626e+00 -2.52678877e+00
 -7.45892840e+00 -2.05797456e+00
 -6.83789020e+00 -1.70526032e+00
 -6.34718554e+00 -1.43388218e+00
 -5.85494500e+00 -1.22096670e+00
 -5.46906476e+00 -1.05104183e+00
 -5.16002239e+00 -9.13375867e-01
 -4.83210907e+00 -8.00354733e-01
 -4.48276901e+00 -7.06465268e-01
 -4.29691746e+00 -6.27641765e-01
 -4.10441815e+00 -5.60836029e-01
 -3.98065533e+00 -5.03728342e-01
 -3.82441440e+00 -4.54529277e-01
 -3.62494161e+00 -4.11841331e-01
 -3.49147383e+00 -3.74560710e-01
 -3.42770739e+00 -3.41806545e-01
 -3.17302775e+00 -3.12869151e-01
 -3.23678211e+00 -2.87171726e-01
 -3.04485907e+00 -2.64241648e-01
 -2.91703867e+00 -2.43688728e-01
 -2.84400608e+00 -2.25188567e-01
 -2.73065211e+00 -2.08469690e-01
 -2.65856741e+00 -1.93303513e-01
 -2.67879214e+00 -1.79496457e-01
 -2.63120154e+00 -1.66883695e-01
 -2.56288296e+00 -1.55324163e-01
 -2.47024204e+00 -1.44696542e-01
 -2.41077455e+00 -1.34896016e-01
 -2.31474501e+00 -1.25831627e-01
 -2.31139039e+00 -1.17424108e-01
 -2.27816149e+00 -1.09604100e-01
 -2.23634555e+00 -1.02310677e-01
 -2.25297688e+00 -9.54901164e-02
 -2.19474079e+00 -8.90948701e-02
 -2.11660407e+00 -8.30827038e-02
 -2.06382710e+00 -7.74159676e-02
 -2.04967152e+00 -7.20609783e-02
 -2.07619366e+00 -6.69874948e-02
 -2.13880848e+00 -6.21682680e-02
 -1.97313410e+00 -5.75786560e-02
 -2.00528938e+00 -5.31962918e-02
 -1.90617944e+00 -4.90007953e-02
 -2.01155550e+00 -4.49735239e-02
 -1.89568656e+00 -4.10973536e-02
 -1.96141257e+00 -3.73564884e-02
 -1.93997117e+00 -3.37362908e-02
 -1.84258239e+00 -3.02231327e-02
 -1.88761071e+00 -2.68042621e-02
 -1.97757241e+00 -2.34676834e-02
 -1.88742187e+00 -2.02020494e-02
 -1.88069730e+00 -1.69965633e-02
 -1.85509398e+00 -1.38408885e-02
 -1.80193596e+00 -1.07250648e-02
 -1.81116279e+00 -7.63943032e-03
 -1.80712248e+00 -4.57454773e-03
 -1.88528282e+00 -1.52113306e-03
 -1.84559422e+00 1.53001291e-03
 -1.82632224e+00 4.58807226e-03
 -1.90432053e+00 7.66227729e-03
 -1.91924491e+00 1.07619785e-02
 -1.82061886e+00 1.38967142e-02
 -1.85338023e+00 1.70762827e-02
 -1.89923477e+00 2.03108181e-02
 -1.95331996e+00 2.36108708e-02
 -1.89110771e+00 2.69874937e-02
 -1.85110577e+00 3.04523361e-02
 -1.87268230e+00 3.40177457e-02
 -1.85486683e+00 3.76968822e-02
 -1.91988835e+00 4.15038419e-02
 -1.96791687e+00 4.54537984e-02
 -1.97941108e+00 4.95631602e-02
 -2.03540550e+00 5.38497488e-02
 -2.00538225e+00 5.83330015e-02
 -2.10986666e+00 6.30342027e-02
 -2.05130238e+00 6.79767497e-02
 -2.09287646e+00 7.31864585e-02
 -2.18374295e+00 7.86919174e-02
 -2.22584155e+00 8.45248991e-02
 -2.11413374e+00 9.07208397e-02
 -2.16774787e+00 9.73194013e-02
 -2.11710308e+00 1.04365133e-01
 -2.25764278e+00 1.11908253e-01
 -2.38170171e+00 1.20005574e-01
 -2.34708793e+00 1.28721610e-01
 -2.41515835e+00 1.38129897e-01
 -2.49655503e+00 1.48314590e-01
 -2.52386188e+00 1.59372386e-01
 -2.61972413e+00 1.71414865e-01
 -2.68855537e+00 1.84571362e-01
 -2.69819422e+00 1.98992483e-01
 -2.80103430e+00 2.14854476e-01
 -2.90060694e+00 2.32364662e-01
 -3.02873534e+00 2.51768265e-01
 -3.11411331e+00 2.73357032e-01
 -3.19728841e+00 2.97480238e-01
 -3.21119958e+00 3.24558809e-01
 -3.36036477e+00 3.55103660e-01
 -3.49865418e+00 3.89739694e-01
 -3.64119427e+00 4.29237578e-01
 -3.91200637e+00 4.74556264e-01
 -3.96273568e+00 5.26900585e-01
 -4.16821768e+00 5.87800324e-01
 -4.39579256e+00 6.59220273e-01
 -4.59598782e+00 7.43715843e-01
 -4.85783271e+00 8.44656755e-01
 -5.13219081e+00 9.66554549e-01
 -5.54838246e+00 1.11555164e+00
 -5.93957728e+00 1.30016754e+00
 -6.31799161e+00 1.53246432e+00
 -6.83665202e+00 1.82991262e+00
 -7.43822026e+00 2.21845862e+00
 -8.32706996e+00 2.73769766e+00
 -9.20253812e+00 3.44980705e+00
 -1.01300937e+01 4.45517612e+00
 -1.11866790e+01 5.91934516e+00
 -1.24352840e+01 8.11483377e+00
 -1.33689065e+01 1.14582994e+01
 -1.30988833e+01 1.63906281e+01
 -9.98826665e+00 2.25209065e+01
 -2.18952035e+00 2.67217150e+01
 6.94373496e+00 2.49671728e+01
 1.22616666e+01 1.91249021e+01
 1.34041056e+01 1.34888422e+01
 1.28455765e+01 9.46846620e+00
 1.18002595e+01 6.81413997e+00
 1.05773075e+01 5.06077472e+00
 9.45356322e+00 3.87291824e+00
 8.63170686e+00 3.04286149e+00
 7.81380161e+00 2.44507139e+00
 7.13237147e+00 2.00262109e+00
 6.48734207e+00 1.66713584e+00
 6.20365526e+00 1.40731241e+00
 5.69383994e+00 1.20232030e+00
 5.39448690e+00 1.03793229e+00
 4.99122298e+00 9.04197471e-01
 4.75587046e+00 7.94004436e-01
 4.51307297e+00 7.02171329e-01
 4.25707743e+00 6.24855441e-01
 4.03231011e+00 5.59161536e-01
 3.84904798e+00 5.02876608e-01
 3.65846876e+00 4.54286818e-01
 3.49466594e+00 4.12048953e-01
 3.38007574e+00 3.75098690e-01
 3.17474808e+00 3.42584185e-01
 3.26381338e+00 3.13817310e-01
 3.07160284e+00 2.88237420e-01
 2.94327570e+00 2.65384100e-01
 2.91587629e+00 2.44876455e-01
 2.77302465e+00 2.26397205e-01
 2.67044528e+00 2.09680357e-01
 2.60915983e+00 1.94501576e-01
 2.60398081e+00 1.80670583e-01
 2.51617234e+00 1.68025127e-01
 2.42427167e+00 1.56426155e-01
 2.50636396e+00 1.45753927e-01
 2.38041428e+00 1.35904864e-01
 2.33671077e+00 1.26788974e-01
 2.36786648e+00 1.18327747e-01
 2.27386024e+00 1.10452411e-01
 2.16048348e+00 1.03102498e-01
 2.15190725e+00 9.62246302e-02
 2.14506254e+00 8.97715247e-02
 2.03801869e+00 8.37011406e-02
 2.00015471e+00 7.79759658e-02
 2.03900556e+00 7.25624102e-02
 1.99405655e+00 6.74302881e-02
 2.03007791e+00 6.25523760e-02
 1.90965201e+00 5.79040322e-02
 2.00775692e+00 5.34628687e-02
 1.91064688e+00 4.92084670e-02
 1.78923968e+00 4.51221304e-02
 1.99059365e+00 4.11866684e-02
 1.90811740e+00 3.73862060e-02
 1.95986832e+00 3.37060165e-02
 1.86113321e+00 3.01323729e-02
 1.84924059e+00 2.66524147e-02
 1.85155050e+00 2.32540289e-02
 1.84761567e+00 1.99257421e-02
 1.81255324e+00 1.66566219e-02
 1.80329683e+00 1.34361866e-02
 1.93961162e+00 1.02543208e-02
 1.89007757e+00 7.10119710e-03
 1.78487794e+00 3.96720079e-03
 1.90090595e+00 8.42858108e-04
 1.83627845e+00 -2.28123370e-03
 1.87963264e+00 -5.41447538e-03
 1.84974561e+00 -8.56633456e-03
 1.79013928e+00 -1.17464156e-02
 1.85863122e+00 -1.49645314e-02
 2.00187462e+00 -1.82307776e-02
 1.88793987e+00 -2.15556115e-02
 1.84174298e+00 -2.49499354e-02
 1.86020181e+00 -2.84251862e-02
 1.93063884e+00 -3.19934336e-02
 1.90043077e+00 -3.56674866e-02
 1.85715325e+00 -3.94610119e-02
 1.89957982e+00 -4.33886652e-02
 1.96996966e+00 -4.74662384e-02
 1.96485245e+00 -5.17108249e-02
 1.96386196e+00 -5.61410079e-02
 1.98416587e+00 -6.07770729e-02
 2.03771619e+00 -6.56412521e-02
 1.96450756e+00 -7.07580047e-02
 2.03099676e+00 -7.61543394e-02
 2.12650125e+00 -8.18601890e-02
 2.09660294e+00 -8.79088451e-02
 2.07983166e+00 -9.43374663e-02
 2.19241890e+00 -1.01187674e-01
 2.18104592e+00 -1.08506252e-01
 2.28455919e+00 -1.16345979e-01
 2.32646466e+00 -1.24766610e-01
 2.30929744e+00 -1.33836054e-01
 2.40655825e+00 -1.43631779e-01
 2.42094085e+00 -1.54242513e-01
 2.47622395e+00 -1.65770296e-01
 2.58187018e+00 -1.78332981e-01
 2.63269425e+00 -1.92067297e-01
 2.62039936e+00 -2.07132620e-01
 2.79209748e+00 -2.23715649e-01
 2.79719490e+00 -2.42036236e-01
 2.96764143e+00 -2.62354722e-01
 2.97652580e+00 -2.84981209e-01
 3.13475916e+00 -3.10287416e-01
 3.16787017e+00 -3.38721919e-01
 3.28550126e+00 -3.70829970e-01
 3.48013489e+00 -4.07279481e-01
 3.59172868e+00 -4.48895493e-01
 3.75922252e+00 -4.96706381e-01
 3.96080913e+00 -5.52006584e-01
 4.14172992e+00 -6.16442881e-01
 4.45616574e+00 -6.92134775e-01
 4.61216617e+00 -7.81845055e-01
 4.98096787e+00 -8.89225587e-01
 5.14434128e+00 -1.01917798e+00
 5.46434703e+00 -1.17839337e+00
 5.92635808e+00 -1.37617776e+00
 6.36742126e+00 -1.62574295e+00
 6.92579959e+00 -1.94627514e+00
 7.62095557e+00 -2.36633203e+00
 8.27335943e+00 -2.92955260e+00
 9.04401939e+00 -3.70442594e+00
 9.94059674e+00 -4.80103609e+00
 1.10894263e+01 -6.39856740e+00
 1.23432915e+01 -8.78243157e+00
 1.28504578e+01 -1.23511823e+01
 1.19835605e+01 -1.73799654e+01
 7.87788400e+00 -2.29629854e+01
 -6.86759389e-02 -2.56594806e+01
 -8.00128720e+00 -2.28334515e+01
 -1.20614919e+01 -1.72362760e+01
 -1.28031160e+01 -1.22478103e+01
 -1.21591130e+01 -8.71785017e+00
 -1.11529003e+01 -6.36009441e+00
 -1.00124384e+01 -4.77868869e+00
 -9.04609837e+00 -3.69192187e+00
 -8.19682369e+00 -2.92312568e+00
 -7.53156279e+00 -2.36372107e+00
 -6.82514536e+00 -1.94609811e+00
 -6.37745323e+00 -1.62713603e+00
 -5.91253116e+00 -1.37858884e+00
 -5.46583206e+00 -1.18146229e+00
 -5.22168131e+00 -1.02266558e+00
 -4.81497888e+00 -8.92970658e-01
 -4.64881961e+00 -7.85737627e-01
 -4.40846853e+00 -6.96099170e-01
 -4.10999717e+00 -6.20426733e-01
 -3.91707039e+00 -5.55973596e-01
 -3.72047481e+00 -5.00631464e-01
 -3.68152186e+00 -4.52761450e-01
 -3.43703196e+00 -4.11074722e-01
 -3.35428008e+00 -3.74546907e-01
 -3.18682498e+00 -3.42355837e-01
 -3.09386385e+00 -3.13835658e-01
 -2.99595869e+00 -2.88442599e-01
 -2.91610817e+00 -2.65729137e-01
 -2.76825933e+00 -2.45324303e-01
 -2.65375572e+00 -2.26918512e-01
 -2.65413655e+00 -2.10251776e-01
 -2.58895660e+00 -1.95104472e-01
 -2.55620132e+00 -1.81290038e-01
 -2.45729470e+00 -1.68649166e-01
 -2.38528252e+00 -1.57045147e-01
 -2.30621463e+00 -1.46360109e-01
 -2.35883963e+00 -1.36491967e-01
 -2.21509993e+00 -1.27351928e-01
 -2.19550786e+00 -1.18862442e-01
 -2.24803835e+00 -1.10955512e-01
 -2.15318154e+00 -1.03571284e-01
 -2.04049826e+00 -9.66568791e-02
 -2.20407857e+00 -9.01654056e-02
 -2.09817921e+00 -8.40551351e-02
 -2.11149296e+00 -7.82887997e-02
 -1.99376932e+00 -7.28329978e-02
 -1.98271525e+00 -6.76576861e-02
 -1.93348740e+00 -6.27357451e-02
 -2.07439742e+00 -5.80426046e-02
 -1.91546984e+00 -5.35559209e-02
 -1.84845127e+00 -4.92552964e-02
 -1.85995807e+00 -4.51220351e-02
 -1.87330370e+00 -4.11389296e-02
 -1.94472152e+00 -3.72900725e-02
 -1.82636607e+00 -3.35606908e-02
 -1.86656034e+00 -2.99369978e-02
 -1.83182523e+00 -2.64060620e-02
 -1.79318750e+00 -2.29556876e-02
 -1.87659991e+00 -1.95743071e-02
 -1.89667490e+00 -1.62508835e-02
 -1.78293525e+00 -1.29748189e-02
 -1.85489357e+00 -9.73587091e-03
 -1.74338248e+00 -6.52407267e-03
 -1.77433169e+00 -3.32965781e-03
 -1.80218022e+00 -1.42987510e-04
 -1.78050107e+00 3.04552044e-03
 -1.83577440e+00 6.24546182e-03
 -1.73668630e+00 9.46651637e-03
 -1.83476253e+00 1.27185193e-02
 -1.91104809e+00 1.60115349e-02
 -1.80545987e+00 1.93559333e-02
 -1.80792637e+00 2.27624717e-02
 -1.86984855e+00 2.62423802e-02
 -1.88586300e+00 2.98074561e-02
 -1.87456173e+00 3.34701644e-02
 -1.86991997e+00 3.72437495e-02
 -1.76408257e+00 4.11423588e-02
 -1.89175186e+00 4.51811795e-02
 -1.90978818e+00 4.93765925e-02
 -1.91819470e+00 5.37463461e-02
 -1.88621689e+00 5.83097522e-02
 -1.92463874e+00 6.30879108e-02
 -1.99476416e+00 6.81039654e-02
 -2.09239116e+00 7.33833984e-02
 -2.00855020e+00 7.89543701e-02
 -2.07036018e+00 8.48481134e-02
 -2.00658348e+00 9.10993919e-02
 -2.17152329e+00 9.77470358e-02
 -2.20022022e+00 1.04834571e-01
 -2.20295954e+00 1.12410959e-01
 -2.29364928e+00 1.20531476e-01
 -2.29763168e+00 1.29258752e-01
 -2.44135769e+00 1.38664020e-01
 -2.42941063e+00 1.48828605e-01
 -2.32727313e+00 1.59845728e-01
 -2.41202907e+00 1.71822689e-01
 -2.57438636e+00 1.84883525e-01
 -2.58175594e+00 1.99172275e-01
 -2.71469094e+00 2.14856997e-01
 -2.81388607e+00 2.32134759e-01
 -2.77000872e+00 2.51237873e-01
 -2.93386475e+00 2.72441742e-01
 -2.98028684e+00 2.96074802e-01
 -3.05790555e+00 3.22531238e-01
 -3.10134399e+00 3.52287375e-01
 -3.40390526e+00 3.85923009e-01
 -3.44842811e+00 4.24149438e-01
 -3.59714185e+00 4.67846696e-01
 -3.79577026e+00 5.18113576e-01
 -4.01519368e+00 5.76335666e-01
 -4.18342071e+00 6.44279117e-01
 -4.35700199e+00 7.24221757e-01
 -4.60358803e+00 8.19139270e-01
 -4.93990837e+00 9.32974058e-01
 -5.10888584e+00 1.07103062e+00
 -5.49672283e+00 1.24056847e+00
 -5.93958924e+00 1.45171018e+00
 -6.32279723e+00 1.71886335e+00
 -6.94189803e+00 2.06299897e+00
 -7.55023727e+00 2.51538578e+00
 -8.19739564e+00 3.12383177e+00
 -9.08375026e+00 3.96322721e+00
 -1.01082107e+01 5.15311394e+00
 -1.10479470e+01 6.88462333e+00
 -1.19439341e+01 9.44890168e+00
 -1.22483335e+01 1.32022123e+01
 -1.08355616e+01 1.82001317e+01
 -5.80093333e+00 2.30417729e+01
 2.01458203e+00 2.43377942e+01
 8.72633472e+00 2.08325416e+01
 1.17343416e+01 1.55905385e+01
 1.22977880e+01 1.11706648e+01
 1.14784310e+01 8.05397314e+00
