 NaN NaN
 7.57295517e+01 4.66177305e+00
 3.87238494e+01 1.72019574e+00
 2.59897359e+01 9.53919036e-01
 1.97091048e+01 6.26458213e-01
 1.57970675e+01 4.51654491e-01
 1.31522004e+01 3.45524933e-01
 1.13500770e+01 2.75416661e-01
 9.95340130e+00 2.26252603e-01
 8.77969248e+00 1.90204355e-01
 8.01123867e+00 1.62843670e-01
 7.25656226e+00 1.41496138e-01
 6.66513288e+00 1.24460747e-01
 6.10899176e+00 1.10609189e-01
 5.67696902e+00 9.91665429e-02
 5.29351376e+00 8.95847749e-02
 5.01133991e+00 8.14664854e-02
 4.65893836e+00 7.45172082e-02
 4.38882370e+00 6.85145908e-02
 4.14953165e+00 6.32879207e-02
 3.98704624e+00 5.87041846e-02
 3.76115741e+00 5.46583687e-02
 3.57481540e+00 5.10665775e-02
 3.39937862e+00 4.78610658e-02
 3.31696352e+00 4.49865961e-02
 3.08144771e+00 4.23977289e-02
 3.05332933e+00 4.00567807e-02
 2.87022363e+00 3.79322671e-02
 2.84413537e+00 3.59977021e-02
 2.85208676e+00 3.42306635e-02
 2.63840327e+00 3.26120580e-02
 2.54010890e+00 3.11255385e-02
 2.41734379e+00 2.97570388e-02
 2.30769435e+00 2.84943983e-02
 2.33556620e+00 2.73270584e-02
 2.24292675e+00 2.62458142e-02
 2.23685817e+00 2.52426106e-02
 2.15233117e+00 2.43103743e-02
 2.10350099e+00 2.34428742e-02
 2.00652663e+00 2.26346043e-02
 1.93099277e+00 2.18806866e-02
 1.92699407e+00 2.11767881e-02
 1.87119415e+00 2.05190519e-02
 1.75315093e+00 1.99040374e-02
 1.81363735e+00 1.93286707e-02
 1.77566781e+00 1.87902008e-02
 1.64663290e+00 1.82861634e-02
 1.61447909e+00 1.78143486e-02
 1.60322342e+00 1.73727740e-02
 1.52096200e+00 1.69596613e-02
 1.52672713e+00 1.65734151e-02
 1.46615788e+00 1.62126063e-02
 1.38603301e+00 1.58759561e-02
 1.46086265e+00 1.55623231e-02
 1.29118752e+00 1.52706920e-02
 1.31047655e+00 1.50001637e-02
 1.19583269e+00 1.47499467e-02
 1.25133689e+00 1.45193502e-02
 1.19709204e+00 1.43077780e-02
 1.26385705e+00 1.41147235e-02
 1.29931199e+00 1.39397653e-02
 1.17877967e+00 1.37825644e-02
 1.16273807e+00 1.36428616e-02
 1.12456636e+00 1.35204757e-02
 1.06695806e+00 1.34153029e-02
 1.12140268e+00 1.33273166e-02
 9.76313417e-01 1.32565678e-02
 1.02111375e+00 1.32031869e-02
 1.04355910e+00 1.31673853e-02
 9.54024497e-01 1.31494589e-02
 9.76312363e-01 1.31497918e-02
 8.99011029e-01 1.31688611e-02
 8.06701247e-01 1.32072432e-02
 9.58025969e-01 1.32656200e-02
 8.99415956e-01 1.33447885e-02
 8.39865805e-01 1.34456696e-02
 8.37785003e-01 1.35693202e-02
 7.62655322e-01 1.37169468e-02
 7.27798380e-01 1.38899206e-02
 7.67920220e-01 1.40897964e-02
 6.96866458e-01 1.43183333e-02
 7.59492657e-01 1.45775196e-02
 6.13369575e-01 1.48696016e-02
 5.49521408e-01 1.51971171e-02
 5.85493575e-01 1.55629347e-02
 5.21868878e-01 1.59703000e-02
 5.38518804e-01 1.64228897e-02
 5.17603139e-01 1.69248753e-02
 5.13145885e-01 1.74809994e-02
 4.80626701e-01 1.80966651e-02
 4.57142947e-01 1.87780437e-02
 3.35019638e-01 1.95322029e-02
 4.02870784e-01 2.03672621e-02
 3.62451999e-01 2.12925790e-02
 2.93570390e-01 2.23189776e-02
 2.11522318e-01 2.34590261e-02
 1.71476908e-01 2.47273785e-02
 1.64216200e-01 2.61411981e-02
 1.58948041e-01 2.77206835e-02
 1.68120946e-01 2.94897292e-02
 6.15894100e-03 3.14767595e-02
 8.26115323e-02 3.37157911e-02
 7.89054494e-04 3.62477970e-02
 -1.21168978e-01 3.91224762e-02
 -2.12813023e-01 4.24005695e-02
 -2.37026095e-01 4.61569254e-02
 -2.35921140e-01 5.04846059e-02
 -3.99364818e-01 5.55004545e-02
 -4.81210346e-01 6.13527527e-02
 -5.40137613e-01 6.82319115e-02
 -7.37508351e-01 7.63856482e-02
 -8.22895177e-01 8.61409377e-02
 -9.45995120e-01 9.79364172e-02
 -9.74926012e-01 1.12371340e-01
 -1.22349872e+00 1.30281472e-01
 -1.48193450e+00 1.52860273e-01
 -1.52040599e+00 1.81859030e-01
 -1.85307654e+00 2.19930532e-01
 -2.25954942e+00 2.71246845e-01
 -2.72794417e+00 3.42671746e-01
 -3.24025224e+00 4.46136485e-01
 -3.89015255e+00 6.03858712e-01
 -4.92731622e+00 8.61037845e-01
 -6.24953035e+00 1.32112696e+00
 -8.46595933e+00 2.26315539e+00
 -1.22352535e+01 4.64443258e+00
 -1.85351947e+01 1.30992840e+01
 -5.11044685e+00 4.17351213e+01
 2.20604674e+01 1.74926323e+01
 1.56945386e+01 5.71575308e+00
 1.14218148e+01 2.65712845e+00
 9.01927666e+00 1.51421604e+00
 7.41686285e+00 9.74397288e-01
 6.45350929e+00 6.78806696e-01
 5.75226567e+00 4.99891126e-01
 5.17754238e+00 3.83505262e-01
 4.74361011e+00 3.03576632e-01
 4.40138094e+00 2.46315700e-01
 4.02341142e+00 2.03881045e-01
 3.86162436e+00 1.71548948e-01
 3.71588475e+00 1.46336959e-01
 3.38396450e+00 1.26287123e-01
 3.26701612e+00 1.10071061e-01
 3.18877414e+00 9.67618037e-02
 2.93868178e+00 8.56965575e-02
 2.98771630e+00 7.63912309e-02
 2.93581857e+00 6.84855639e-02
 2.81319018e+00 6.17069518e-02
 2.79410311e+00 5.58460246e-02
 2.58565512e+00 5.07398107e-02
 2.50825609e+00 4.62599077e-02
 2.44255106e+00 4.23040289e-02
 2.44206568e+00 3.87898658e-02
 2.49144037e+00 3.56505713e-02
 2.36139060e+00 3.28313897e-02
 2.36679538e+00 3.02871143e-02
 2.27488222e+00 2.79801468e-02
 2.19398996e+00 2.58790018e-02
 2.27014749e+00 2.39571427e-02
 2.24362371e+00 2.21920686e-02
 2.25968352e+00 2.05645906e-02
 2.26339298e+00 1.90582555e-02
 2.15401237e+00 1.76588822e-02
 2.06265944e+00 1.63541871e-02
 2.00736290e+00 1.51334789e-02
 2.12407002e+00 1.39874087e-02
 2.06913623e+00 1.29077643e-02
 2.03124601e+00 1.18872993e-02
 2.00456158e+00 1.09195914e-02
 1.97075636e+00 9.99892324e-03
 2.02779878e+00 9.12018243e-03
 1.99782555e+00 8.27877679e-03
 2.00861807e+00 7.47056251e-03
 2.07799281e+00 6.69178269e-03
 1.94021630e+00 5.93901461e-03
 2.04644103e+00 5.20912423e-03
 2.03645310e+00 4.49922675e-03
 2.01129587e+00 3.80665219e-03
 1.96267974e+00 3.12891516e-03
 1.91777193e+00 2.46368826e-03
 2.02738256e+00 1.80877828e-03
 1.90511501e+00 1.16210502e-03
 1.92301947e+00 5.21682018e-04
 1.94345089e+00 -1.14400935e-04
 1.99266825e+00 -7.47993957e-04
 1.93201482e+00 -1.38090212e-03
 1.91371969e+00 -2.01489962e-03
 1.90335022e+00 -2.65174337e-03
 1.91325248e+00 -3.29318603e-03
 1.97542292e+00 -3.94098894e-03
 1.91850278e+00 -4.59693485e-03
 1.98768957e+00 -5.26284088e-03
 1.98280626e+00 -5.94057162e-03
 1.97930040e+00 -6.63205283e-03
 1.97981839e+00 -7.33928571e-03
 2.03877699e+00 -8.06436206e-03
 1.92628384e+00 -8.80948047e-03
 2.05294921e+00 -9.57696381e-03
 2.02981942e+00 -1.03692784e-02
 2.05399229e+00 -1.11890547e-02
 2.02897798e+00 -1.20391109e-02
 2.06852285e+00 -1.29224781e-02
 2.00753608e+00 -1.38424294e-02
 2.07423328e+00 -1.48025123e-02
 2.11682890e+00 -1.58065847e-02
 2.16087262e+00 -1.68588568e-02
 2.13042975e+00 -1.79639377e-02
 2.24321312e+00 -1.91268894e-02
 2.11002733e+00 -2.03532886e-02
 2.15735363e+00 -2.16492974e-02
 2.18477626e+00 -2.30217456e-02
 2.17158498e+00 -2.44782256e-02
 2.30084760e+00 -2.60272037e-02
 2.29694304e+00 -2.76781490e-02
 2.30224717e+00 -2.94416857e-02
 2.35063954e+00 -3.13297718e-02
 2.41925699e+00 -3.33559107e-02
 2.45446876e+00 -3.55354023e-02
 2.47856893e+00 -3.78856432e-02
 2.58796736e+00 -4.04264855e-02
 2.58434421e+00 -4.31806697e-02
 2.61988224e+00 -4.61743486e-02
 2.66627110e+00 -4.94377249e-02
 2.69570884e+00 -5.30058321e-02
 2.82251239e+00 -5.69194952e-02
 2.84278824e+00 -6.12265232e-02
 2.88655798e+00 -6.59831953e-02
 3.00526335e+00 -7.12561306e-02
 3.04112516e+00 -7.71246558e-02
 3.16390427e+00 -8.36838293e-02
 3.23997243e+00 -9.10483382e-02
 3.22991856e+00 -9.93575683e-02
 3.42986641e+00 -1.08782267e-01
 3.48378437e+00 -1.19533397e-01
 3.65648223e+00 -1.31874051e-01
 3.83788586e+00 -1.46135679e-01
 3.93245036e+00 -1.62740530e-01
 4.10312337e+00 -1.82233162e-01
 4.33315010e+00 -2.05325461e-01
 4.49066010e+00 -2.32962209e-01
 4.73695451e+00 -2.66418626e-01
 4.91451127e+00 -3.07449006e-01
 5.31885718e+00 -3.58519356e-01
 5.76152154e+00 -4.23182888e-01
 6.25565601e+00 -5.06707682e-01
 6.71250904e+00 -6.17169423e-01
 7.21918409e+00 -7.67446563e-01
 8.21693503e+00 -9.79074788e-01
 9.22290884e+00 -1.29021759e+00
 1.06568955e+01 -1.77358024e+00
 1.24909620e+01 -2.58107807e+00
 1.52017320e+01 -4.07084725e+00
 1.93727653e+01 -7.23267704e+00
 2.52910790e+01 -1.53683559e+01
 2.52689906e+01 -3.86497382e+01
 -1.48670450e+01 -4.88309079e+01
 -2.52250176e+01 -2.05397144e+01
 -1.91004540e+01 -9.06699437e+00
 -1.44273732e+01 -4.87626143e+00
 -1.13128953e+01 -3.00470556e+00
 -9.34358088e+00 -2.02736788e+00
 -7.80039302e+00 -1.45746757e+00
 -6.68044458e+00 -1.09754124e+00
 -5.76530653e+00 -8.56208684e-01
 -5.12125492e+00 -6.86721696e-01
 -4.38247227e+00 -5.63225715e-01
 -4.04364813e+00 -4.70506070e-01
 -3.61625733e+00 -3.99145948e-01
 -3.25466282e+00 -3.43068286e-01
 -2.97846683e+00 -2.98211008e-01
 -2.66594735e+00 -2.61776333e-01
 -2.53240305e+00 -2.31786840e-01
 -2.37045556e+00 -2.06813120e-01
 -2.18061687e+00 -1.85801272e-01
 -1.88465061e+00 -1.67960540e-01
 -1.77100580e+00 -1.52688277e-01
 -1.69926639e+00 -1.39518722e-01
 -1.61968747e+00 -1.28087344e-01
 -1.42646600e+00 -1.18105552e-01
 -1.33075631e+00 -1.09342492e-01
 -1.29476481e+00 -1.01611728e-01
 -1.15333631e+00 -9.47613819e-02
 -1.16683228e+00 -8.86667316e-02
 -1.07389343e+00 -8.32245969e-02
 -1.00244731e+00 -7.83490346e-02
 -8.33639845e-01 -7.39680063e-02
 -7.47826694e-01 -7.00207743e-02
 -6.97751954e-01 -6.64558502e-02
 -6.58125894e-01 -6.32293667e-02
 -6.20835826e-01 -6.03037741e-02
 -6.69614619e-01 -5.76467916e-02
 -5.50759954e-01 -5.52305566e-02
 -4.35914913e-01 -5.30309312e-02
 -4.35942737e-01 -5.10269332e-02
 -4.76930293e-01 -4.92002676e-02
 -3.50996404e-01 -4.75349378e-02
 -1.71237318e-01 -4.60169223e-02
 -3.01565932e-01 -4.46339043e-02
 -2.04954403e-01 -4.33750446e-02
 -2.84696228e-01 -4.22307905e-02
 -1.51482363e-01 -4.11927144e-02
 -1.17596625e-01 -4.02533762e-02
 -2.53851514e-02 -3.94062073e-02
 -4.10872902e-02 -3.86454110e-02
 -5.66362431e-02 -3.79658780e-02
 2.01153189e-02 -3.73631137e-02
 7.22125806e-02 -3.68331765e-02
 1.40627919e-01 -3.63726249e-02
 5.05051611e-02 -3.59784721e-02
 1.14389451e-01 -3.56481480e-02
 2.48825527e-01 -3.53794661e-02
 1.51970399e-01 -3.51705967e-02
 1.61912411e-01 -3.50200434e-02
 2.62683904e-01 -3.49266251e-02
 2.88008235e-01 -3.48894605e-02
 3.65843441e-01 -3.49079568e-02
 3.53578918e-01 -3.49818012e-02
 3.84119306e-01 -3.51109557e-02
 3.96056362e-01 -3.52956543e-02
 3.91570664e-01 -3.55364037e-02
 4.57877411e-01 -3.58339863e-02
 4.75221195e-01 -3.61894662e-02
 5.23548346e-01 -3.66041979e-02
 5.79813508e-01 -3.70798386e-02
 5.85905415e-01 -3.76183634e-02
 7.11763587e-01 -3.82220836e-02
 6.63319406e-01 -3.88936698e-02
 7.69980084e-01 -3.96361785e-02
 7.14087129e-01 -4.04530832e-02
 7.28399228e-01 -4.13483117e-02
 8.09877882e-01 -4.23262883e-02
 7.51748256e-01 -4.33919839e-02
 8.22708744e-01 -4.45509728e-02
 8.26080150e-01 -4.58094991e-02
 1.00998288e+00 -4.71745538e-02
 9.46246116e-01 -4.86539635e-02
 1.07911744e+00 -5.02564933e-02
 1.08181071e+00 -5.19919666e-02
 1.14020306e+00 -5.38714047e-02
 1.16637345e+00 -5.59071891e-02
 1.22413331e+00 -5.81132521e-02
 1.24471611e+00 -6.05052998e-02
 1.35902181e+00 -6.31010753e-02
 1.31189354e+00 -6.59206693e-02
 1.40354080e+00 -6.89868886e-02
 1.48485014e+00 -7.23256947e-02
 1.48565234e+00 -7.59667290e-02
 1.59687991e+00 -7.99439425e-02
 1.66685439e+00 -8.42963574e-02
 1.75290814e+00 -8.90689895e-02
 1.76625493e+00 -9.43139749e-02
 1.88140254e+00 -1.00091951e-01
 1.96047795e+00 -1.06473761e-01
 2.03344122e+00 -1.13542573e-01
 2.17170028e+00 -1.21396530e-01
 2.27061820e+00 -1.30152085e-01
 2.40681715e+00 -1.39948247e-01
 2.47301143e+00 -1.50952006e-01
 2.57734443e+00 -1.63365354e-01
 2.79603905e+00 -1.77434443e-01
 2.90892836e+00 -1.93461665e-01
 2.99928337e+00 -2.11821759e-01
 3.20245437e+00 -2.32983564e-01
 3.42145726e+00 -2.57539786e-01
 3.52372572e+00 -2.86248342e-01
 3.83053590e+00 -3.20090693e-01
 4.17369169e+00 -3.60355651e-01
 4.36924670e+00 -4.08762156e-01
 4.83178150e+00 -4.67643109e-01
 5.16576224e+00 -5.40227516e-01
 5.55219157e+00 -6.31085608e-01
 6.20011108e+00 -7.46853585e-01
 6.84472424e+00 -8.97456945e-01
 7.51354295e+00 -1.09826339e+00
 8.49834527e+00 -1.37406093e+00
 9.56579280e+00 -1.76684408e+00
 1.11068122e+01 -2.35213894e+00
 1.29913683e+01 -3.27619009e+00
 1.57478092e+01 -4.84958032e+00
 1.95348241e+01 -7.81205666e+00
 2.47350293e+01 -1.41672042e+01
 2.90462657e+01 -2.95225478e+01
 1.18434223e+01 -5.61930139e+01
 -2.54202271e+01 -4.48861566e+01
 -2.86946767e+01 -2.11687407e+01
 -2.31363682e+01 -1.07998413e+01
 -1.85072715e+01 -6.31890817e+00
 -1.53739454e+01 -4.09609843e+00
 -1.30631708e+01 -2.85597232e+00
 -1.13024730e+01 -2.09999350e+00
 -1.00655739e+01 -1.60722219e+00
 -8.93234986e+00 -1.26894767e+00
 -8.01272964e+00 -1.02701534e+00
 -7.42467381e+00 -8.48154691e-01
 -6.80800340e+00 -7.12261563e-01
 -6.29495361e+00 -6.06625644e-01
 -5.97488851e+00 -5.22900402e-01
 -5.47271864e+00 -4.55425245e-01
 -5.23955198e+00 -4.00253262e-01
 -4.94244897e+00 -3.54565373e-01
 -4.64772687e+00 -3.16305129e-01
 -4.48707828e+00 -2.83944199e-01
 -4.26277286e+00 -2.56327772e-01
 -4.05253284e+00 -2.32570234e-01
 -3.95668379e+00 -2.11983291e-01
 -3.76857824e+00 -1.94025507e-01
 -3.62704823e+00 -1.78266266e-01
 -3.51959987e+00 -1.64359640e-01
 -3.41306356e+00 -1.52025168e-01
 -3.29301612e+00 -1.41033542e-01
 -3.15779317e+00 -1.31195801e-01
 -3.08469959e+00 -1.22355110e-01
 -3.03075310e+00 -1.14380421e-01
 -2.85774765e+00 -1.07161547e-01
 -2.76195058e+00 -1.00605300e-01
 -2.84897154e+00 -9.46324395e-02
 -2.61952207e+00 -8.91752410e-02
 -2.65480327e+00 -8.41755417e-02
 -2.57485843e+00 -7.95831669e-02
 -2.40725884e+00 -7.53546481e-02
 -2.41651210e+00 -7.14521752e-02
 -2.35972847e+00 -6.78427351e-02
 -2.31699001e+00 -6.44973995e-02
 -2.32320665e+00 -6.13907332e-02
 -2.26461979e+00 -5.85002995e-02
 -2.17712221e+00 -5.58062465e-02
 -2.08373434e+00 -5.32909576e-02
 -2.16395193e+00 -5.09387563e-02
 -2.07750589e+00 -4.87356560e-02
 -2.00786280e+00 -4.66691459e-02
 -1.93885145e+00 -4.47280083e-02
 -1.99155632e+00 -4.29021624e-02
 -1.95087568e+00 -4.11825286e-02
 -1.90150267e+00 -3.95609122e-02
 -1.85858002e+00 -3.80299028e-02
 -1.89070825e+00 -3.65827858e-02
 -1.83658305e+00 -3.52134668e-02
 -1.81459319e+00 -3.39164042e-02
 -1.80844915e+00 -3.26865515e-02
 -1.73999114e+00 -3.15193054e-02
 -1.78627266e+00 -3.04104613e-02
 -1.71151532e+00 -2.93561731e-02
 -1.74491331e+00 -2.83529188e-02
 -1.66328785e+00 -2.73974689e-02
 -1.69043776e+00 -2.64868593e-02
 -1.72381287e+00 -2.56183669e-02
 -1.58687937e+00 -2.47894880e-02
 -1.62947406e+00 -2.39979190e-02
 -1.61222491e+00 -2.32415396e-02
 -1.63187971e+00 -2.25183972e-02
 -1.61239553e+00 -2.18266937e-02
 -1.52835248e+00 -2.11647735e-02
 -1.56564849e+00 -2.05311127e-02
 -1.43170170e+00 -1.99243097e-02
 -1.49630150e+00 -1.93430770e-02
 -1.51212551e+00 -1.87862340e-02
 -1.54255672e+00 -1.82527002e-02
 -1.44833509e+00 -1.77414905e-02
 -1.46642421e+00 -1.72517101e-02
 -1.48714670e+00 -1.67825507e-02
 -1.48871289e+00 -1.63332877e-02
 -1.50248387e+00 -1.59032781e-02
 -1.41435520e+00 -1.54919587e-02
 -1.29826117e+00 -1.50988457e-02
 -1.46066889e+00 -1.47235352e-02
 -1.40956196e+00 -1.43657040e-02
 -1.38677920e+00 -1.40251120e-02
 -1.38650393e+00 -1.37016054e-02
 -1.37383214e+00 -1.33951213e-02
 -1.37139799e+00 -1.31056939e-02
 -1.35403424e+00 -1.28334618e-02
 -1.33229487e+00 -1.25786781e-02
 -1.35468476e+00 -1.23417218e-02
 -1.33278024e+00 -1.21231134e-02
 -1.30296048e+00 -1.19235321e-02
 -1.35009150e+00 -1.17438390e-02
 -1.30377604e+00 -1.15851037e-02
 -1.30531153e+00 -1.14486385e-02
 -1.22193682e+00 -1.13360393e-02
 -1.19910142e+00 -1.12492375e-02
 -1.18648348e+00 -1.11905632e-02
 -1.16158491e+00 -1.11628250e-02
 -1.22154526e+00 -1.11694103e-02
 -1.24902978e+00 -1.12144119e-02
 -1.26783626e+00 -1.13027897e-02
 -1.21340214e+00 -1.14405784e-02
 -1.20932166e+00 -1.16351571e-02
 -1.15261886e+00 -1.18956024e-02
 -1.11787412e+00 -1.22331550e-02
 -1.23624350e+00 -1.26618458e-02
 -1.20103340e+00 -1.31993427e-02
 -1.17428872e+00 -1.38681156e-02
 -1.18133390e+00 -1.46970600e-02
 -1.13220021e+00 -1.57237999e-02
 -1.14274436e+00 -1.69980105e-02
 -1.19759452e+00 -1.85863138e-02
 -1.07034511e+00 -2.05796502e-02
 -1.16410679e+00 -2.31046644e-02
 -1.11605165e+00 -2.63417919e-02
 -1.01312252e+00 -3.05549324e-02
 -1.13946377e+00 -3.61419494e-02
 -1.05338689e+00 -4.37243404e-02
 -9.78576303e-01 -5.43145011e-02
 -9.34894282e-01 -6.96462728e-02
 -8.59419370e-01 -9.28740691e-02
 -7.72882844e-01 -1.30173755e-01
 -8.06937568e-01 -1.94750530e-01
 -5.59935267e-01 -3.17740012e-01
 -5.16997768e-01 -5.77240001e-01
 -5.63908541e-01 -1.11550939e+00
 -1.25587272e+00 -1.55986272e+00
 -2.05843003e+00 -1.03558732e+00
 -2.03251734e+00 -5.34904037e-01
 -1.85859929e+00 -2.98118781e-01
 -1.70305153e+00 -1.84276002e-01
 -1.73562931e+00 -1.23458878e-01
 -1.52375875e+00 -8.77385893e-02
 -1.56063266e+00 -6.51203160e-02
 -1.56376233e+00 -4.99253174e-02
 -1.57041687e+00 -3.92227716e-02
 -1.50571856e+00 -3.13876741e-02
 -1.46753161e+00 -2.54642006e-02
 -1.47194972e+00 -2.08618777e-02
 -1.41243581e+00 -1.72006070e-02
 -1.46302509e+00 -1.42270117e-02
 -1.36524941e+00 -1.17670458e-02
 -1.46927794e+00 -9.69800482e-03
 -1.42086631e+00 -7.93138605e-03
 -1.41035273e+00 -6.40205706e-03
 -1.37784324e+00 -5.06121598e-03
 -1.45938605e+00 -3.87170219e-03
 -1.49597427e+00 -2.80480276e-03
 -1.44016145e+00 -1.83803381e-03
 -1.39942247e+00 -9.53571458e-04
 -1.33709162e+00 -1.37123704e-04
 -1.40207217e+00 6.22892592e-04
 -1.43167408e+00 1.33596055e-03
 -1.41905937e+00 2.00991930e-03
 -1.33247264e+00 2.65130955e-03
 -1.43347203e+00 3.26563830e-03
 -1.36252808e+00 3.85758371e-03
 -1.39431802e+00 4.43115516e-03
 -1.43118418e+00 4.98981938e-03
 -1.42359341e+00 5.53660084e-03
 -1.49767427e+00 6.07416211e-03
 -1.42317896e+00 6.60486899e-03
 -1.41327068e+00 7.13084343e-03
 -1.41041273e+00 7.65400707e-03
 -1.44799695e+00 8.17611734e-03
 -1.32970012e+00 8.69879748e-03
 -1.46345534e+00 9.22356197e-03
 -1.41034835e+00 9.75183808e-03
 -1.45537173e+00 1.02849843e-02
 -1.43745093e+00 1.08243067e-02
 -1.47060430e+00 1.13710725e-02
 -1.47982521e+00 1.19265232e-02
 -1.50181754e+00 1.24918857e-02
 -1.57387153e+00 1.30683823e-02
 -1.52987167e+00 1.36572408e-02
 -1.47242340e+00 1.42597033e-02
 -1.56260777e+00 1.48770348e-02
 -1.50547852e+00 1.55105320e-02
 -1.62806806e+00 1.61615309e-02
 -1.51278004e+00 1.68314160e-02
 -1.57803532e+00 1.75216283e-02
 -1.58585937e+00 1.82336741e-02
 -1.61786412e+00 1.89691342e-02
 -1.55019478e+00 1.97296733e-02
 -1.60276654e+00 2.05170504e-02
 -1.62940368e+00 2.13331295e-02
 -1.71461442e+00 2.21798914e-02
 -1.68847983e+00 2.30594461e-02
 -1.68389964e+00 2.39740469e-02
 -1.60816111e+00 2.49261055e-02
 -1.77790197e+00 2.59182083e-02
 -1.80312140e+00 2.69531348e-02
 -1.75373251e+00 2.80338781e-02
 -1.65909149e+00 2.91636670e-02
 -1.73561445e+00 3.03459910e-02
 -1.65519814e+00 3.15846284e-02
 -1.81910570e+00 3.28836775e-02
 -1.86080755e+00 3.42475913e-02
 -1.82249320e+00 3.56812170e-02
 -1.95756783e+00 3.71898406e-02
 -1.94490421e+00 3.87792367e-02
 -1.93061971e+00 4.04557253e-02
 -1.91217909e+00 4.22262367e-02
 -2.02120204e+00 4.40983844e-02
 -1.99645162e+00 4.60805493e-02
 -2.14049662e+00 4.81819755e-02
 -2.16711885e+00 5.04128806e-02
 -2.06966613e+00 5.27845822e-02
 -2.10273965e+00 5.53096446e-02
 -2.22026395e+00 5.80020479e-02
 -2.22944403e+00 6.08773854e-02
 -2.22110025e+00 6.39530923e-02
 -2.34121158e+00 6.72487149e-02
 -2.29925874e+00 7.07862249e-02
 -2.30989196e+00 7.45903910e-02
 -2.46798275e+00 7.86892174e-02
 -2.44567777e+00 8.31144654e-02
 -2.54361378e+00 8.79022750e-02
 -2.64955078e+00 9.30939103e-02
 -2.66506815e+00 9.87366563e-02
 -2.76325326e+00 1.04884904e-01
 -2.85393488e+00 1.11601474e-01
 -2.76478027e+00 1.18959225e-01
 -2.91728085e+00 1.27043052e-01
 -2.98591875e+00 1.35952340e-01
 -3.10576795e+00 1.45804042e-01
 -3.20040786e+00 1.56736526e-01
 -3.35773037e+00 1.68914464e-01
 -3.33351934e+00 1.82535047e-01
 -3.46882021e+00 1.97836000e-01
 -3.66596795e+00 2.15105985e-01
 -3.76273629e+00 2.34698249e-01
 -3.86451343e+00 2.57048735e-01
 -4.05224677e+00 2.82700388e-01
 -4.17585994e+00 3.12336186e-01
 -4.47610644e+00 3.46824698e-01
 -4.65233134e+00 3.87283826e-01
 -4.96522205e+00 4.35171550e-01
 -5.19831501e+00 4.92417485e-01
 -5.48022833e+00 5.61617574e-01
 -5.86155578e+00 6.46328838e-01
 -6.29228176e+00 7.51527158e-01
 -6.66425808e+00 8.84339015e-01
 -7.29039540e+00 1.05524987e+00
 -7.97175262e+00 1.28017534e+00
 -8.77532818e+00 1.58416588e+00
 -9.72720649e+00 2.00836808e+00
 -1.09524229e+01 2.62387035e+00
 -1.25821343e+01 3.56109480e+00
 -1.46788138e+01 5.07684089e+00
 -1.73523018e+01 7.71807126e+00
 -2.06777905e+01 1.27290191e+01
 -2.27914569e+01 2.27662267e+01
 -1.51998782e+01 3.90244841e+01
 9.06212984e+00 4.23263836e+01
 2.13627917e+01 2.63926038e+01
 2.03542128e+01 1.46255723e+01
 1.70386016e+01 8.69328238e+00
 1.42773814e+01 5.62394109e+00
 1.19876972e+01 3.89628633e+00
 1.02913429e+01 2.84498527e+00
 8.98292467e+00 2.16328491e+00
 7.96082386e+00 1.69818611e+00
 7.08607236e+00 1.36759252e+00
 6.40922986e+00 1.12460837e+00
 5.83377404e+00 9.40996451e-01
 5.31272117e+00 7.98982308e-01
 4.88459516e+00 6.86947663e-01
 4.49716141e+00 5.97049075e-01
 4.13268982e+00 5.23841731e-01
 3.84908239e+00 4.63452946e-01
 3.62274462e+00 4.13068825e-01
 3.47842114e+00 3.70605838e-01
 3.29633276e+00 3.34495111e-01
 3.04432653e+00 3.03537391e-01
 2.96803862e+00 2.76803464e-01
 2.74265148e+00 2.53564470e-01
 2.53096928e+00 2.33242295e-01
 2.47761424e+00 2.15373715e-01
 2.29217882e+00 1.99584088e-01
 2.21451414e+00 1.85567811e-01
 2.10242690e+00 1.73073628e-01
 2.07353042e+00 1.61893450e-01
 1.95233301e+00 1.51853774e-01
 1.86410034e+00 1.42809025e-01
 1.71208269e+00 1.34636346e-01
 1.62252865e+00 1.27231488e-01
 1.65770772e+00 1.20505543e-01
 1.52873664e+00 1.14382331e-01
 1.48936224e+00 1.08796282e-01
 1.37172299e+00 1.03690733e-01
 1.43949132e+00 9.90165245e-02
 1.23798394e+00 9.47308586e-02
 1.21027811e+00 9.07963483e-02
 1.28123886e+00 8.71802347e-02
 1.16012914e+00 8.38537324e-02
 1.05197774e+00 8.07914818e-02
 1.12887472e+00 7.79710893e-02
 9.76931355e-01 7.53727388e-02
 9.29199351e-01 7.29788633e-02
 9.13242399e-01 7.07738649e-02
 9.30497579e-01 6.87438778e-02
 8.14741370e-01 6.68765638e-02
 8.45389747e-01 6.51609387e-02
 7.92133026e-01 6.35872226e-02
 6.48806829e-01 6.21467110e-02
 5.85888044e-01 6.08316642e-02
 7.07891055e-01 5.96352119e-02
 4.35387867e-01 5.85512710e-02
 4.86960388e-01 5.75744746e-02
 4.86423854e-01 5.67001116e-02
 4.67894946e-01 5.59240746e-02
 3.98228783e-01 5.52428155e-02
 5.30427216e-01 5.46533081e-02
 3.13411070e-01 5.41530171e-02
 3.18983276e-01 5.37398724e-02
 4.00687533e-01 5.34122487e-02
 3.43068103e-01 5.31689497e-02
 3.11889003e-01 5.30091975e-02
 2.73108616e-01 5.29326254e-02
 2.46990689e-01 5.29392756e-02
 2.45848847e-01 5.30296008e-02
 1.15967052e-01 5.32044705e-02
 1.60964756e-01 5.34651808e-02
 7.64546991e-02 5.38134699e-02
 2.21801229e-01 5.42515374e-02
 -3.82947857e-02 5.47820692e-02
 4.16913732e-02 5.54082686e-02
 2.89740649e-02 5.61338930e-02
 -7.30737180e-02 5.69632974e-02
 -5.59900338e-02 5.79014873e-02
 -1.64989718e-01 5.89541783e-02
 -1.24085696e-01 6.01278681e-02
 -8.31974419e-02 6.14299191e-02
 -1.91543235e-01 6.28686546e-02
 -1.74952512e-01 6.44534720e-02
 -2.36438295e-01 6.61949731e-02
 -3.24070641e-01 6.81051179e-02
 -4.46375199e-01 7.01974030e-02
 -3.77914598e-01 7.24870712e-02
 -4.41460185e-01 7.49913582e-02
 -5.11876727e-01 7.77297822e-02
 -5.54499270e-01 8.07244871e-02
 -6.65240731e-01 8.40006489e-02
 -6.07155167e-01 8.75869601e-02
 -6.35134941e-01 9.15162083e-02
 -7.24994028e-01 9.58259715e-02
 -8.19871968e-01 1.00559456e-01
 -8.01581229e-01 1.05766513e-01
 -8.60885746e-01 1.11504878e-01
 -9.81827526e-01 1.17841687e-01
 -1.08680873e+00 1.24855350e-01
 -1.04538455e+00 1.32637871e-01
 -1.12646993e+00 1.41297753e-01
 -1.30402244e+00 1.50963642e-01
 -1.38287670e+00 1.61788959e-01
 -1.39494913e+00 1.73957817e-01
 -1.54341356e+00 1.87692645e-01
 -1.66313361e+00 2.03264132e-01
 -1.77223309e+00 2.21004288e-01
 -1.90533217e+00 2.41323834e-01
 -2.01346302e+00 2.64735593e-01
 -2.23663541e+00 2.91886404e-01
 -2.30795441e+00 3.23601245e-01
 -2.57675681e+00 3.60945230e-01
 -2.77080815e+00 4.05312176e-01
 -2.98205416e+00 4.58553561e-01
 -3.17971218e+00 5.23170201e-01
 -3.55186151e+00 6.02603855e-01
 -3.91140244e+00 7.01692461e-01
 -4.33644959e+00 8.27401837e-01
 -4.70336333e+00 9.90041067e-01
 -5.37307333e+00 1.20535821e+00
 -6.02580135e+00 1.49831112e+00
 -6.84707455e+00 1.91018975e+00
 -7.83221937e+00 2.51282604e+00
 -9.21443299e+00 3.43869629e+00
 -1.08280267e+01 4.94855897e+00
 -1.29593900e+01 7.58847316e+00
 -1.50656705e+01 1.25154035e+01
 -1.48187727e+01 2.15373811e+01
 -4.84707250e+00 3.19059728e+01
 1.16269455e+01 2.88985251e+01
 1.72619772e+01 1.77998134e+01
 1.61569038e+01 1.04130560e+01
 1.38286525e+01 6.48830292e+00
 1.19599673e+01 4.34003279e+00
 1.04673381e+01 3.07818621e+00
 9.23674837e+00 2.28595524e+00
 8.09177138e+00 1.76009667e+00
 7.45891235e+00 1.39481531e+00
 6.76995055e+00 1.13145431e+00
 6.27051334e+00 9.35638764e-01
 5.84622670e+00 7.86243544e-01
 5.36832387e+00 6.69748193e-01
 5.15976111e+00 5.77192653e-01
 4.84745110e+00 5.02457727e-01
 4.66741075e+00 4.41253561e-01
 4.50258996e+00 3.90502993e-01
 4.22593876e+00 3.47953617e-01
 4.04278072e+00 3.11926827e-01
 3.85338499e+00 2.81151386e-01
 3.57437103e+00 2.54650568e-01
 3.58561329e+00 2.31664084e-01
 3.53643862e+00 2.11593076e-01
 3.35226841e+00 1.93960729e-01
 3.27453099e+00 1.78383638e-01
 3.13879489e+00 1.64550696e-01
 3.08494888e+00 1.52207351e-01
 3.03219953e+00 1.41143705e-01
 2.91281469e+00 1.31185435e-01
 2.88159693e+00 1.22186800e-01
 2.82140883e+00 1.14025188e-01
 2.78495263e+00 1.06596849e-01
 2.69172238e+00 9.98135079e-02
 2.66897432e+00 9.35996707e-02
 2.63457632e+00 8.78904617e-02
 2.57532980e+00 8.26298725e-02
 2.61171709e+00 7.77693399e-02
 2.48840342e+00 7.32665816e-02
 2.39240630e+00 6.90846388e-02
 2.44481193e+00 6.51910832e-02
 2.30026563e+00 6.15573592e-02
 2.28732263e+00 5.81582331e-02
 2.33914927e+00 5.49713313e-02
 2.30054121e+00 5.19767510e-02
 2.29236866e+00 4.91567306e-02
 2.24241556e+00 4.64953696e-02
 2.24868576e+00 4.39783894e-02
 2.21834889e+00 4.15929283e-02
 2.18084779e+00 3.93273654e-02
 2.08551680e+00 3.71711686e-02
 2.13641467e+00 3.51147626e-02
 2.09524056e+00 3.31494144e-02
 2.09963246e+00 3.12671331e-02
 2.17349911e+00 2.94605824e-02
 2.14057362e+00 2.77230031e-02
 2.01186801e+00 2.60481453e-02
 2.02449527e+00 2.44302074e-02
 2.11060449e+00 2.28637824e-02
 1.93677619e+00 2.13438092e-02
 1.98195757e+00 1.98655292e-02
 1.98426328e+00 1.84244462e-02
 1.91097559e+00 1.70162903e-02
 1.90497040e+00 1.56369844e-02
 1.90667878e+00 1.42826130e-02
 1.98757630e+00 1.29493931e-02
 1.90142053e+00 1.16336459e-02
 1.89063682e+00 1.03317708e-02
 2.03104073e+00 9.04021878e-03
 1.98253817e+00 7.75546721e-03
 1.98164279e+00 6.47399396e-03
 1.88986144e+00 5.19225156e-03
 1.88259324e+00 3.90664060e-03
 1.86889294e+00 2.61348193e-03
 1.88314876e+00 1.30898746e-03
 2.00625767e+00 -1.07710410e-05
 1.81623564e+00 -1.34989560e-03
 1.87044840e+00 -2.71269876e-03
 1.91662589e+00 -4.10374395e-03
 1.89817242e+00 -5.52789036e-03
 1.90241866e+00 -6.99034315e-03
 1.88313326e+00 -8.49670997e-03
 1.89180764e+00 -1.00530652e-02
 1.97416983e+00 -1.16660232e-02
 1.87810642e+00 -1.33428221e-02
 1.95080528e+00 -1.50914213e-02
 1.99889572e+00 -1.69206135e-02
 1.90217944e+00 -1.88401559e-02
 1.91739223e+00 -2.08609237e-02
 2.04715007e+00 -2.29950903e-02
 1.99371363e+00 -2.52563413e-02
 2.03411195e+00 -2.76601273e-02
 2.03581951e+00 -3.02239666e-02
 2.04375469e+00 -3.29678079e-02
 2.06230965e+00 -3.59144679e-02
 2.13716666e+00 -3.90901613e-02
 2.04194527e+00 -4.25251473e-02
 2.26386770e+00 -4.62545225e-02
 2.17652416e+00 -5.03191991e-02
 2.16291818e+00 -5.47671198e-02
 2.16389249e+00 -5.96547781e-02
 2.18606729e+00 -6.50491329e-02
 2.20867475e+00 -7.10300414e-02
 2.27187251e+00 -7.76933739e-02
 2.27788653e+00 -8.51550403e-02
 2.44548718e+00 -9.35562429e-02
 2.43637029e+00 -1.03070404e-01
 2.51829401e+00 -1.13912399e-01
 2.58471317e+00 -1.26351029e-01
 2.59286322e+00 -1.40726061e-01
 2.67544373e+00 -1.57471887e-01
 2.72308094e+00 -1.77150865e-01
 2.95978178e+00 -2.00501121e-01
 2.93012955e+00 -2.28506427e-01
 3.14472888e+00 -2.62500497e-01
 3.20621409e+00 -3.04326364e-01
 3.46332897e+00 -3.56586366e-01
 3.57234569e+00 -4.23045940e-01
 3.69197158e+00 -5.09307767e-01
 4.00012416e+00 -6.23979994e-01
 4.42102680e+00 -7.80787542e-01
 4.75491351e+00 -1.00257144e+00
 5.27783438e+00 -1.32926254e+00
 5.85544466e+00 -1.83462071e+00
 6.66137519e+00 -2.66273546e+00
 7.54129388e+00 -4.10528866e+00
 8.15357956e+00 -6.70864810e+00
 6.92566750e+00 -1.08829800e+01
 1.54820734e+00 -1.38900993e+01
 -4.39642426e+00 -1.11961212e+01
 -5.71445158e+00 -6.95498539e+00
 -5.29492671e+00 -4.24996457e+00
 -4.35146076e+00 -2.74925137e+00
 -3.47332435e+00 -1.89060158e+00
 -2.91160504e+00 -1.36861883e+00
 -2.43811624e+00 -1.03237580e+00
 -2.01023223e+00 -8.04835371e-01
 -1.72883694e+00 -6.44431951e-01
 -1.38230068e+00 -5.27463064e-01
 -1.18267123e+00 -4.39724664e-01
 -1.04176100e+00 -3.72328759e-01
 -7.47773971e-01 -3.19501998e-01
 -6.77858056e-01 -2.77370846e-01
 -6.18423417e-01 -2.43262205e-01
 -4.84350851e-01 -2.15285370e-01
 -3.68116759e-01 -1.92073697e-01
 -3.61414423e-01 -1.72620169e-01
 -2.47235555e-01 -1.56169944e-01
 -1.78765296e-01 -1.42148452e-01
 4.80085831e-02 -1.30112264e-01
 1.69215438e-02 -1.19714852e-01
 2.85283070e-02 -1.10682330e-01
 7.02292544e-02 -1.02795975e-01
 1.16989152e-01 -9.58794580e-02
 1.02833556e-01 -8.97893934e-02
 1.84869604e-01 -8.44082506e-02
 2.57235264e-01 -7.96389851e-02
 2.71279110e-01 -7.54009246e-02
 3.42920358e-01 -7.16265889e-02
 3.88403827e-01 -6.82592072e-02
 4.96615753e-01 -6.52507654e-02
 4.74428705e-01 -6.25604570e-02
 4.26813782e-01 -6.01534466e-02
 4.56540877e-01 -5.79998740e-02
 6.11902936e-01 -5.60740496e-02
 6.03792577e-01 -5.43537979e-02
 5.71779266e-01 -5.28199209e-02
 6.01650898e-01 -5.14557562e-02
 5.16854661e-01 -5.02468112e-02
 6.80507825e-01 -4.91804594e-02
 6.69459242e-01 -4.82456875e-02
 7.29097720e-01 -4.74328830e-02
 6.61674897e-01 -4.67336559e-02
 7.86834096e-01 -4.61406890e-02
 8.38456697e-01 -4.56476111e-02
 8.28714692e-01 -4.52488894e-02
 7.59334468e-01 -4.49397393e-02
 8.28092644e-01 -4.47160471e-02
 8.46317252e-01 -4.45743048e-02
 9.12124195e-01 -4.45115556e-02
 9.57140842e-01 -4.45253470e-02
 9.94879306e-01 -4.46136925e-02
 9.03393978e-01 -4.47750391e-02
 9.69505551e-01 -4.50082415e-02
 1.00637453e+00 -4.53125402e-02
 1.05991416e+00 -4.56875461e-02
 1.07569834e+00 -4.61332277e-02
 1.15741992e+00 -4.66499034e-02
 1.08956194e+00 -4.72382373e-02
 1.22278299e+00 -4.78992381e-02
 1.08416846e+00 -4.86342628e-02
 1.19662033e+00 -4.94450225e-02
 1.25922832e+00 -5.03335926e-02
 1.31735087e+00 -5.13024266e-02
 1.31872603e+00 -5.23543736e-02
 1.28972100e+00 -5.34926999e-02
 1.30455022e+00 -5.47211146e-02
 1.36213341e+00 -5.60438013e-02
 1.32217065e+00 -5.74654531e-02
 1.43218055e+00 -5.89913149e-02
 1.41731438e+00 -6.06272316e-02
 1.39400027e+00 -6.23797039e-02
 1.41169857e+00 -6.42559519e-02
 1.55944675e+00 -6.62639888e-02
 1.55025900e+00 -6.84127048e-02
 1.57131165e+00 -7.07119641e-02
 1.64498255e+00 -7.31727154e-02
 1.60407421e+00 -7.58071203e-02
 1.71553634e+00 -7.86286997e-02
 1.71047056e+00 -8.16525042e-02
 1.73772448e+00 -8.48953103e-02
 1.89960447e+00 -8.83758481e-02
 1.83217231e+00 -9.21150668e-02
 1.92882125e+00 -9.61364431e-02
 1.91008703e+00 -1.00466343e-01
 1.97267182e+00 -1.05134445e-01
 1.99584344e+00 -1.10174243e-01
 2.05320390e+00 -1.15623632e-01
 2.23294884e+00 -1.21525614e-01
 2.28183068e+00 -1.27929131e-01
 2.43373302e+00 -1.34890066e-01
 2.34861318e+00 -1.42472448e-01
 2.34626076e+00 -1.50749904e-01
 2.53079808e+00 -1.59807426e-01
 2.48956389e+00 -1.69743532e-01
 2.68370848e+00 -1.80672915e-01
 2.63509053e+00 -1.92729723e-01
 2.83207011e+00 -2.06071643e-01
 2.97690820e+00 -2.20885006e-01
 3.04896672e+00 -2.37391253e-01
 3.06957886e+00 -2.55855142e-01
 3.26450254e+00 -2.76595294e-01
 3.43264621e+00 -2.99997847e-01
 3.59146284e+00 -3.26534312e-01
 3.63177900e+00 -3.56785174e-01
 3.94345259e+00 -3.91471438e-01
 4.01122902e+00 -4.31497322e-01
 4.28310431e+00 -4.78008809e-01
 4.51839557e+00 -5.32475128e-01
 4.81458433e+00 -5.96803980e-01
 5.02838674e+00 -6.73507321e-01
 5.42347722e+00 -7.65944572e-01
 5.86273459e+00 -8.78687066e-01
 6.22056539e+00 -1.01807724e+00
 6.66454027e+00 -1.19310956e+00
 7.31418346e+00 -1.41685969e+00
 8.04576518e+00 -1.70888090e+00
 8.77107108e+00 -2.09937304e+00
 9.87791096e+00 -2.63673815e+00
 1.09424622e+01 -3.40189710e+00
 1.25529481e+01 -4.53668507e+00
 1.44168371e+01 -6.30239981e+00
 1.64645977e+01 -9.20109446e+00
 1.87037776e+01 -1.41929582e+01
 1.90516082e+01 -2.27351774e+01
 1.24330759e+01 -3.41848939e+01
 -4.30434261e+00 -3.80991973e+01
 -1.67800410e+01 -2.86108104e+01
 -1.92219712e+01 -1.80677708e+01
 -1.75461731e+01 -1.14401405e+01
 -1.51888701e+01 -7.62658418e+00
 -1.32932967e+01 -5.36348129e+00
 -1.16463463e+01 -3.94697992e+00
 -1.02230771e+01 -3.01365451e+00
 -9.17639750e+00 -2.37077522e+00
 -8.27523760e+00 -1.91110768e+00
 -7.55473265e+00 -1.57198350e+00
 -6.82224230e+00 -1.31509780e+00
 -6.29163004e+00 -1.11609128e+00
 -5.76133424e+00 -9.58927401e-01
 -5.52595399e+00 -8.32724797e-01
 -5.16688000e+00 -7.29901934e-01
 -4.79018300e+00 -6.45051860e-01
 -4.52613921e+00 -5.74238116e-01
 -4.26108057e+00 -5.14541737e-01
 -4.02113127e+00 -4.63762422e-01
 -3.77123212e+00 -4.20216939e-01
 -3.66780891e+00 -3.82600334e-01
 -3.46814654e+00 -3.49888608e-01
 -3.29169841e+00 -3.21269329e-01
 -3.17116665e+00 -2.96091393e-01
 -3.07420645e+00 -2.73828145e-01
 -2.94170704e+00 -2.54049952e-01
 -2.83025932e+00 -2.36403564e-01
 -2.79430067e+00 -2.20596416e-01
 -2.69255612e+00 -2.06384562e-01
 -2.55328110e+00 -1.93563316e-01
 -2.45050675e+00 -1.81959922e-01
 -2.49642182e+00 -1.71427778e-01
 -2.37375392e+00 -1.61841838e-01
 -2.19352076e+00 -1.53094932e-01
 -2.25756246e+00 -1.45094796e-01
 -2.06329116e+00 -1.37761666e-01
 -2.05670325e+00 -1.31026309e-01
 -2.01747113e+00 -1.24828411e-01
 -1.83359232e+00 -1.19115246e-01
 -1.87046821e+00 -1.13840569e-01
 -1.77885487e+00 -1.08963695e-01
 -1.72188470e+00 -1.04448731e-01
 -1.71407435e+00 -1.00263924e-01
 -1.60836974e+00 -9.63811158e-02
 -1.61832691e+00 -9.27752805e-02
 -1.69373056e+00 -8.94241281e-02
 -1.47210561e+00 -8.63077694e-02
 -1.56252578e+00 -8.34084279e-02
 -1.40530169e+00 -8.07101926e-02
 -1.44329062e+00 -7.81988057e-02
 -1.40616288e+00 -7.58614787e-02
 -1.39773086e+00 -7.36867343e-02
 -1.34675323e+00 -7.16642691e-02
 -1.22356130e+00 -6.97848344e-02
 -1.34319048e+00 -6.80401331e-02
 -1.29741564e+00 -6.64227301e-02
 -1.22437565e+00 -6.49259742e-02
 -1.11975983e+00 -6.35439311e-02
 -1.13959344e+00 -6.22713247e-02
 -1.07187330e+00 -6.11034872e-02
 -1.04977681e+00 -6.00363156e-02
 -1.05693102e+00 -5.90662356e-02
 -1.03568492e+00 -5.81901702e-02
 -8.54082380e-01 -5.74055150e-02
 -1.00159336e+00 -5.67101174e-02
 -9.99393032e-01 -5.61022608e-02
 -9.63106509e-01 -5.55806536e-02
 -8.63989037e-01 -5.51444219e-02
 -9.43267675e-01 -5.47931073e-02
 -8.61045462e-01 -5.45266677e-02
 -7.92390317e-01 -5.43454842e-02
 -7.66876420e-01 -5.42503705e-02
 -7.42269459e-01 -5.42425891e-02
 -7.35016370e-01 -5.43238709e-02
 -7.55612099e-01 -5.44964414e-02
 -6.91987511e-01 -5.47630530e-02
 -6.84179495e-01 -5.51270233e-02
 -5.80732337e-01 -5.55922824e-02
 -5.63022924e-01 -5.61634278e-02
 -6.71302597e-01 -5.68457899e-02
 -5.07632099e-01 -5.76455092e-02
 -5.61279215e-01 -5.85696268e-02
 -4.82784711e-01 -5.96261904e-02
 -4.62743246e-01 -6.08243798e-02
 -5.44407433e-01 -6.21746526e-02
 -4.18589468e-01 -6.36889182e-02
 -4.37522622e-01 -6.53807408e-02
 -3.52693844e-01 -6.72655811e-02
 -3.57935076e-01 -6.93610825e-02
 -1.67348354e-01 -7.16874119e-02
 -2.82968767e-01 -7.42676670e-02
 -2.55054308e-01 -7.71283655e-02
 -1.58638707e-01 -8.03000340e-02
 -1.56758391e-01 -8.38179218e-02
 -1.39274780e-01 -8.77228692e-02
 -1.11467465e-01 -9.20623708e-02
 -8.84049452e-02 -9.68918833e-02
 -1.59841291e-03 -1.02276446e-01
 9.02927482e-02 -1.08292701e-01
 5.32247898e-02 -1.15031427e-01
 2.04319661e-01 -1.22600748e-01
 1.57209293e-01 -1.31130221e-01
 3.20501095e-01 -1.40776092e-01
 4.32637285e-01 -1.51728120e-01
 3.94291595e-01 -1.64218517e-01
 5.07785359e-01 -1.78533791e-01
 5.99212311e-01 -1.95030618e-01
 6.65579852e-01 -2.14157374e-01
 7.98276644e-01 -2.36483745e-01
 7.72548872e-01 -2.62742059e-01
 9.41928195e-01 -2.93885899e-01
 1.10980285e+00 -3.31174735e-01
 1.20035442e+00 -3.76298491e-01
 1.53052481e+00 -4.31564900e-01
 1.65678063e+00 -5.00188074e-01
 1.88781330e+00 -5.86744859e-01
 2.21160602e+00 -6.97918074e-01
 2.46909737e+00 -8.43747155e-01
 2.82472038e+00 -1.03980984e+00
 3.31669492e+00 -1.31118011e+00
 3.87099403e+00 -1.69990736e+00
 4.46148324e+00 -2.27969101e+00
 5.22377480e+00 -3.18524655e+00
 6.20622727e+00 -4.66824345e+00
 6.84268544e+00 -7.16882547e+00
 6.29513084e+00 -1.11359583e+01
 2.19092329e+00 -1.53549833e+01
 -4.64240479e+00 -1.52786811e+01
 -8.48389463e+00 -1.10198005e+01
 -9.08081895e+00 -7.09325333e+00
 -8.52504278e+00 -4.62701219e+00
 -7.54618241e+00 -3.16299778e+00
 -6.65018515e+00 -2.26718852e+00
 -6.04859293e+00 -1.69234789e+00
 -5.49020249e+00 -1.30606675e+00
 -5.14338512e+00 -1.03580128e+00
 -4.62793386e+00 -8.40094613e-01
 -4.40530498e+00 -6.94188155e-01
 -4.09587610e+00 -5.82678565e-01
 -3.98240630e+00 -4.95626242e-01
 -3.72973742e+00 -4.26407240e-01
 -3.64112881e+00 -3.70480291e-01
 -3.35835763e+00 -3.24653192e-01
 -3.28487674e+00 -2.86631867e-01
 -3.21055861e+00 -2.54734954e-01
 -2.93886532e+00 -2.27708324e-01
 -2.98968744e+00 -2.04601661e-01
 -2.88872279e+00 -1.84684549e-01
 -2.89469921e+00 -1.67388313e-01
 -2.75707209e+00 -1.52264978e-01
 -2.65214010e+00 -1.38957856e-01
 -2.59678806e+00 -1.27180134e-01
 -2.46019492e+00 -1.16699097e-01
 -2.51609419e+00 -1.07324332e-01
 -2.48774297e+00 -9.88988328e-02
 -2.36813949e+00 -9.12922001e-02
 -2.38893176e+00 -8.43954006e-02
 -2.20802890e+00 -7.81166910e-02
 -2.30136642e+00 -7.23784173e-02
 -2.29435199e+00 -6.71144834e-02
 -2.23324202e+00 -6.22683319e-02
 -2.23028450e+00 -5.77913248e-02
 -2.14680209e+00 -5.36414332e-02
 -2.14241296e+00 -4.97821723e-02
 -2.20001118e+00 -4.61817298e-02
 -2.12383793e+00 -4.28122488e-02
 -2.13196349e+00 -3.96492344e-02
 -2.13998026e+00 -3.66710597e-02
 -2.14900336e+00 -3.38585542e-02
 -2.09584134e+00 -3.11946562e-02
 -2.13873355e+00 -2.86641216e-02
 -2.03072685e+00 -2.62532749e-02
 -2.01561716e+00 -2.39497990e-02
 -2.03609858e+00 -2.17425544e-02
 -2.02245219e+00 -1.96214238e-02
 -1.98653304e+00 -1.75771788e-02
 -1.91779727e+00 -1.56013632e-02
 -2.03993078e+00 -1.36861922e-02
 -2.05650047e+00 -1.18244634e-02
 -2.04135056e+00 -1.00094793e-02
 -1.92771410e+00 -8.23497734e-03
 -2.05264526e+00 -6.49506895e-03
 -2.04665234e+00 -4.78418359e-03
 -1.92706735e+00 -3.09701886e-03
 -1.88564418e+00 -1.42849459e-03
 -2.02237485e+00 2.26289306e-04
 -1.93566407e+00 1.87209221e-03
 -1.98566763e+00 3.51356980e-03
 -1.91744745e+00 5.15530936e-03
 -1.93028004e+00 6.80186387e-03
 -2.02422565e+00 8.45778533e-03
 -2.03940613e+00 1.01276579e-02
 -1.90557915e+00 1.18161311e-02
 -2.05788879e+00 1.35279538e-02
 -1.96204017e+00 1.52680091e-02
 -2.02156598e+00 1.70413508e-02
 -1.98719862e+00 1.88532426e-02
 -1.96812058e+00 2.07091988e-02
 -2.03758620e+00 2.26150291e-02
 -2.05651729e+00 2.45768875e-02
 -2.05209854e+00 2.66013252e-02
 -2.04327551e+00 2.86953496e-02
 -2.04491606e+00 3.08664900e-02
 -2.07455371e+00 3.31228709e-02
 -2.17368389e+00 3.54732945e-02
 -2.12514609e+00 3.79273341e-02
 -2.03895277e+00 4.04954401e-02
 -2.10758171e+00 4.31890610e-02
 -2.13328476e+00 4.60207820e-02
 -2.19759438e+00 4.90044845e-02
 -2.17977309e+00 5.21555301e-02
 -2.24453863e+00 5.54909741e-02
 -2.16053786e+00 5.90298140e-02
 -2.29627539e+00 6.27932795e-02
 -2.23331213e+00 6.68051728e-02
 -2.31983265e+00 7.10922701e-02
 -2.40076920e+00 7.56847950e-02
 -2.47065940e+00 8.06169823e-02
 -2.47721071e+00 8.59277500e-02
 -2.52778646e+00 9.16615043e-02
 -2.46081298e+00 9.78691112e-02
 -2.56423373e+00 1.04609071e-01
 -2.54015150e+00 1.11948948e-01
 -2.69937315e+00 1.19967124e-01
 -2.71434232e+00 1.28754957e-01
 -2.76982506e+00 1.38419451e-01
 -2.85339887e+00 1.49086600e-01
 -2.91906124e+00 1.60905577e-01
 -3.02700969e+00 1.74054056e-01
 -2.98913436e+00 1.88744988e-01
 -3.17198066e+00 2.05235350e-01
 -3.18366718e+00 2.23837503e-01
 -3.32846002e+00 2.44934114e-01
 -3.49524033e+00 2.68997971e-01
 -3.54747927e+00 2.96618577e-01
 -3.66882358e+00 3.28538345e-01
 -3.79538027e+00 3.65702475e-01
 -4.01790714e+00 4.09328790e-01
 -4.16016488e+00 4.61007050e-01
 -4.30754342e+00 5.22842798e-01
 -4.57511963e+00 5.97669784e-01
 -4.82860950e+00 6.89370544e-01
 -5.19785657e+00 8.03371880e-01
 -5.48800665e+00 9.47431166e-01
 -5.81839200e+00 1.13292110e+00
 -6.28900339e+00 1.37699737e+00
 -7.01529879e+00 1.70638549e+00
 -7.63700499e+00 2.16424317e+00
 -8.54012567e+00 2.82304553e+00
 -9.42765556e+00 3.80941646e+00
 -1.05894499e+01 5.35155390e+00
 -1.17397312e+01 7.85771872e+00
 -1.23005698e+01 1.19486807e+01
 -1.01461656e+01 1.78168135e+01
 -3.09035738e+00 2.24453644e+01
 5.79225531e+00 2.04287513e+01
 9.90786790e+00 1.44301204e+01
 1.01356755e+01 9.47212501e+00
 9.29630976e+00 6.33965046e+00
 7.94069820e+00 4.42967927e+00
 6.93283452e+00 3.23043216e+00
 6.09116876e+00 2.44446583e+00
 5.31524920e+00 1.90745426e+00
 4.65298440e+00 1.52679284e+00
 4.25718194e+00 1.24830044e+00
 3.72980293e+00 1.03898742e+00
 3.47117492e+00 8.77999424e-01
 3.09518855e+00 7.51699532e-01
 2.78336597e+00 6.50897760e-01
 2.56755637e+00 5.69233552e-01
 2.36131620e+00 5.02199347e-01
 2.11898760e+00 4.46532924e-01
 1.88764416e+00 3.99828666e-01
 1.79002403e+00 3.60282578e-01
 1.62420531e+00 3.26521225e-01
 1.54412612e+00 2.97484588e-01
 1.40034164e+00 2.72344342e-01
 1.33715181e+00 2.50445869e-01
 1.24549736e+00 2.31266468e-01
 1.04824560e+00 2.14384808e-01
 1.08385076e+00 1.99458307e-01
 9.25286237e-01 1.86206168e-01
 9.14905955e-01 1.74396533e-01
 7.79502519e-01 1.63836634e-01
 7.36057033e-01 1.54365182e-01
 6.50431532e-01 1.45846427e-01
 6.14148087e-01 1.38165490e-01
 6.06755376e-01 1.31224653e-01
 4.74050086e-01 1.24940403e-01
 4.71467348e-01 1.19241052e-01
 3.81593791e-01 1.14064811e-01
 3.52610375e-01 1.09358219e-01
 3.17238350e-01 1.05074864e-01
 2.19118149e-01 1.01174320e-01
 2.11880818e-01 9.76212747e-02
 1.79249917e-01 9.43848019e-02
 2.02861867e-01 9.14377534e-02
 1.12766711e-02 8.87562499e-02
 4.50845116e-02 8.63192523e-02
 4.87354991e-02 8.41081992e-02
 -4.89528740e-02 8.21067010e-02
 5.90448693e-02 8.03002780e-02
 -6.37525573e-02 7.86761394e-02
 -1.44314703e-01 7.72229929e-02
 -1.10157598e-01 7.59308834e-02
 -1.29472062e-01 7.47910537e-02
 -1.58168396e-01 7.37958262e-02
 -1.75214530e-01 7.29385012e-02
 -2.00164507e-01 7.22132705e-02
 -2.15792022e-01 7.16151431e-02
 -3.79834715e-01 7.11398832e-02
 -3.61249982e-01 7.07839571e-02
 -3.85719759e-01 7.05444901e-02
 -3.50655003e-01 7.04192301e-02
 -4.51165078e-01 7.04065197e-02
 -4.25498890e-01 7.05052741e-02
 -4.02139779e-01 7.07149656e-02
 -4.75491904e-01 7.10356138e-02
 -5.36843549e-01 7.14677819e-02
 -6.86131099e-01 7.20125779e-02
 -5.92104567e-01 7.26716624e-02
 -5.20765761e-01 7.34472607e-02
 -6.07991064e-01 7.43421821e-02
 -6.80647175e-01 7.53598447e-02
 -6.36469639e-01 7.65043061e-02
 -7.30096415e-01 7.77803028e-02
 -7.88977226e-01 7.91932955e-02
 -7.28185043e-01 8.07495241e-02
 -7.71293866e-01 8.24560718e-02
 -9.25168442e-01 8.43209399e-02
 -1.01579513e+00 8.63531347e-02
 -1.03520882e+00 8.85627682e-02
 -9.90389002e-01 9.09611746e-02
 -1.02819972e+00 9.35610449e-02
 -1.04261826e+00 9.63765832e-02
 -1.03978718e+00 9.94236869e-02
 -1.17042470e+00 1.02720156e-01
 -1.20394521e+00 1.06285936e-01
 -1.26175835e+00 1.10143403e-01
 -1.28974922e+00 1.14317688e-01
 -1.33289703e+00 1.18837072e-01
 -1.39370731e+00 1.23733431e-01
 -1.45884150e+00 1.29042774e-01
 -1.48554149e+00 1.34805873e-01
 -1.54246361e+00 1.41069010e-01
 -1.67980151e+00 1.47884870e-01
 -1.63817688e+00 1.55313600e-01
 -1.72560039e+00 1.63424094e-01
 -1.87009594e+00 1.72295529e-01
 -1.89681721e+00 1.82019244e-01
 -1.95000827e+00 1.92701017e-01
 -2.03943309e+00 2.04463863e-01
 -2.12002504e+00 2.17451489e-01
 -2.20584569e+00 2.31832578e-01
 -2.27471790e+00 2.47806146e-01
 -2.39078833e+00 2.65608286e-01
 -2.52079629e+00 2.85520725e-01
 -2.52502907e+00 3.07881771e-01
 -2.76081413e+00 3.33100432e-01
 -2.89662988e+00 3.61674819e-01
 -3.00877804e+00 3.94216352e-01
 -3.19124073e+00 4.31481968e-01
 -3.43685375e+00 4.74417473e-01
 -3.59194499e+00 5.24216642e-01
 -3.89434224e+00 5.82402919e-01
 -4.05753123e+00 6.50944066e-01
 -4.36139653e+00 7.32415709e-01
 -4.58661250e+00 8.30238891e-01
 -4.83113010e+00 9.49031969e-01
 -5.33659268e+00 1.09514337e+00
 -5.77977260e+00 1.27747757e+00
 -6.28851691e+00 1.50880992e+00
 -6.87889903e+00 1.80794041e+00
 -7.60459618e+00 2.20333405e+00
 -8.44851208e+00 2.73948011e+00
 -9.50032285e+00 3.48837515e+00
 -1.06961454e+01 4.57085046e+00
 -1.19737016e+01 6.19656088e+00
 -1.36376704e+01 8.73506661e+00
 -1.51015985e+01 1.28065553e+01
 -1.48974225e+01 1.91603565e+01
 -1.02903447e+01 2.71773832e+01
 7.59534898e-01 3.13573253e+01
 1.14730162e+01 2.66902982e+01
 1.57145350e+01 1.86873330e+01
 1.57543799e+01 1.24980224e+01
 1.43329443e+01 8.55046479e+00
 1.27680980e+01 6.08584973e+00
 1.13285090e+01 4.50280765e+00
 1.02108698e+01 3.44544097e+00
 9.07893892e+00 2.71177796e+00
 8.34369576e+00 2.18515116e+00
 7.64865864e+00 1.79585675e+00
 6.95395041e+00 1.50070758e+00
 6.56381189e+00 1.27200365e+00
 6.08341376e+00 1.09140931e+00
 5.74413044e+00 9.46439720e-01
 5.38153228e+00 8.28377123e-01
 5.05247620e+00 7.30996047e-01
 4.77859431e+00 6.49760862e-01
 4.50489145e+00 5.81307257e-01
 4.35626534e+00 5.23099166e-01
 4.16687228e+00 4.73196826e-01
 4.04638267e+00 4.30096858e-01
 3.87903123e+00 3.92620031e-01
 3.64656545e+00 3.59831173e-01
 3.51927294e+00 3.30981182e-01
 3.39961662e+00 3.05464439e-01
 3.30796184e+00 2.82787143e-01
 3.19391520e+00 2.62543486e-01
 2.99168100e+00 2.44397532e-01
 3.11302593e+00 2.28069297e-01
 2.90074973e+00 2.13323948e-01
 2.75782352e+00 1.99963363e-01
 2.72467642e+00 1.87819460e-01
 2.67988270e+00 1.76748910e-01
 2.60688643e+00 1.66628890e-01
 2.56552317e+00 1.57353672e-01
 2.54471318e+00 1.48831850e-01
 2.47786206e+00 1.40984076e-01
 2.38163170e+00 1.33741206e-01
 2.24501069e+00 1.27042769e-01
 2.23053733e+00 1.20835696e-01
 2.26945927e+00 1.15073265e-01
 2.27407103e+00 1.09714208e-01
 2.16185701e+00 1.04721975e-01
 2.15809835e+00 1.00064100e-01
 2.04773023e+00 9.57116693e-02
 1.98428016e+00 9.16388681e-02
 1.96700079e+00 8.78225943e-02
 1.91535922e+00 8.42421262e-02
 1.91751936e+00 8.08788377e-02
 1.88249435e+00 7.77159526e-02
 1.92669801e+00 7.47383326e-02
 1.82563440e+00 7.19322924e-02
 1.76839180e+00 6.92854405e-02
 1.77991219e+00 6.67865389e-02
 1.73064853e+00 6.44253821e-02
 1.74414726e+00 6.21926896e-02
 1.65099411e+00 6.00800130e-02
 1.72738194e+00 5.80796538e-02
 1.65468633e+00 5.61845907e-02
 1.63449211e+00 5.43884165e-02
 1.63466678e+00 5.26852817e-02
 1.63638493e+00 5.10698447e-02
 1.55763685e+00 4.95372288e-02
 1.50077247e+00 4.80829830e-02
 1.61178491e+00 4.67030486e-02
 1.51651955e+00 4.53937289e-02
 1.48918831e+00 4.41516633e-02
 1.38937382e+00 4.29738048e-02
 1.44762211e+00 4.18573995e-02
 1.48031307e+00 4.07999707e-02
 1.42566853e+00 3.97993035e-02
 1.42988868e+00 3.88534340e-02
 1.38731388e+00 3.79606392e-02
 1.41386372e+00 3.71194301e-02
 1.36646776e+00 3.63285466e-02
 1.44747469e+00 3.55869554e-02
 1.29450978e+00 3.48938491e-02
 1.30217380e+00 3.42486487e-02
 1.38254124e+00 3.36510083e-02
 1.25663865e+00 3.31008227e-02
 1.34932553e+00 3.25982378e-02
 1.28201876e+00 3.21436644e-02
 1.20885992e+00 3.17377966e-02
 1.24089966e+00 3.13816332e-02
 1.21726613e+00 3.10765057e-02
 1.26855906e+00 3.08241108e-02
 1.19107925e+00 3.06265507e-02
 1.20127042e+00 3.04863815e-02
 1.26236579e+00 3.04066711e-02
 1.18312698e+00 3.03910691e-02
 1.13834608e+00 3.04438910e-02
 1.26501051e+00 3.05702196e-02
 1.12933158e+00 3.07760281e-02
 1.17605406e+00 3.10683290e-02
 1.16318225e+00 3.14553562e-02
 1.11368888e+00 3.19467871e-02
 1.06553365e+00 3.25540169e-02
 1.15017325e+00 3.32904972e-02
 1.11782572e+00 3.41721583e-02
 1.13025514e+00 3.52179371e-02
 1.04242789e+00 3.64504449e-02
 1.00334229e+00 3.78968148e-02
 9.76990025e-01 3.95897893e-02
 1.05683375e+00 4.15691253e-02
 9.09219056e-01 4.38834296e-02
 9.60332445e-01 4.65925782e-02
 1.00583212e+00 4.97709424e-02
 9.77813524e-01 5.35117411e-02
 9.86121752e-01 5.79329883e-02
 9.43686576e-01 6.31857358e-02
 7.63979714e-01 6.94656691e-02
 8.45852248e-01 7.70296958e-02
 8.05327877e-01 8.62201073e-02
 7.78107960e-01 9.75004743e-02
 7.61607802e-01 1.11510149e-01
 6.63678908e-01 1.29149004e-01
 6.59447073e-01 1.51712660e-01
 6.18349250e-01 1.81114427e-01
 5.22371666e-01 2.20260675e-01
 4.51313952e-01 2.73705424e-01
 3.10620906e-01 3.48824631e-01
 2.09321324e-01 4.57961249e-01
 2.12290719e-02 6.22287779e-01
 -1.46503500e-02 8.77937299e-01
 -2.35766008e-02 1.28011186e+00
 -6.57095185e-02 1.87173846e+00
 5.36726614e-01 2.50816539e+00
 1.50108030e+00 2.66928721e+00
 2.34055285e+00 2.16412723e+00
 2.64143294e+00 1.51268743e+00
 2.59425456e+00 1.02900277e+00
 2.47021912e+00 7.16943353e-01
 2.24930382e+00 5.17855494e-01
 2.20150006e+00 3.87279871e-01
 2.13010855e+00 2.98468937e-01
 2.04330206e+00 2.35882182e-01
 1.93353388e+00 1.90343960e-01
 1.88446710e+00 1.56268174e-01
 1.87375950e+00 1.30138548e-01
 1.77302608e+00 1.09669494e-01
 1.76280079e+00 9.33308982e-02
 1.72425620e+00 8.00707694e-02
 1.71058809e+00 6.91483621e-02
 1.72034962e+00 6.00308123e-02
 1.73575459e+00 5.23273698e-02
 1.71107498e+00 4.57465038e-02
 1.61882967e+00 4.00672870e-02
 1.57880225e+00 3.51199094e-02
 1.66764216e+00 3.07721557e-02
 1.61608189e+00 2.69198588e-02
 1.56576846e+00 2.34800534e-02
 1.62529938e+00 2.03859936e-02
 1.60315338e+00 1.75834792e-02
 1.54143484e+00 1.50281125e-02
 1.65094062e+00 1.26832269e-02
 1.55817832e+00 1.05183059e-02
 1.59426624e+00 8.50776457e-03
 1.57306713e+00 6.63000094e-03
 1.54860659e+00 4.86665232e-03
 1.59702646e+00 3.20200634e-03
 1.53267510e+00 1.62253159e-03
 1.56895160e+00 1.16500460e-04
 1.51249418e+00 -1.32631581e-03
 1.51187439e+00 -2.71489558e-03
 1.54453022e+00 -4.05717035e-03
 1.47848074e+00 -5.36019281e-03
 1.54220290e+00 -6.63027618e-03
 1.59648611e+00 -7.87311070e-03
 1.63808819e+00 -9.09386155e-03
 1.63378000e+00 -1.02972517e-02
 1.59018957e+00 -1.14876323e-02
 1.55885352e+00 -1.26690434e-02
 1.59971331e+00 -1.38452662e-02
 1.65572854e+00 -1.50198685e-02
 1.64466512e+00 -1.61962447e-02
 1.66938756e+00 -1.73776515e-02
 1.63005305e+00 -1.85672396e-02
 1.57227545e+00 -1.97680824e-02
 1.59692938e+00 -2.09832029e-02
 1.60633274e+00 -2.22155978e-02
 1.71314107e+00 -2.34682610e-02
 1.67606560e+00 -2.47442054e-02
 1.79787525e+00 -2.60464849e-02
 1.65852926e+00 -2.73782149e-02
 1.56685576e+00 -2.87425938e-02
 1.71998761e+00 -3.01429241e-02
 1.68208700e+00 -3.15826342e-02
 1.80318425e+00 -3.30653014e-02
 1.71904629e+00 -3.45946748e-02
 1.77376165e+00 -3.61747014e-02
 1.74265901e+00 -3.78095523e-02
 1.80888690e+00 -3.95036516e-02
 1.80778855e+00 -4.12617082e-02
 1.83457675e+00 -4.30887492e-02
 1.81236081e+00 -4.49901583e-02
 1.82268079e+00 -4.69717163e-02
 1.89853297e+00 -4.90396473e-02
 1.88706645e+00 -5.12006695e-02
 1.86153816e+00 -5.34620520e-02
 1.92741507e+00 -5.58316782e-02
 1.95384591e+00 -5.83181171e-02
 1.85660584e+00 -6.09307041e-02
 1.99734798e+00 -6.36796318e-02
 2.10391952e+00 -6.65760527e-02
 1.99982484e+00 -6.96321966e-02
 2.10640445e+00 -7.28615040e-02
 2.02535822e+00 -7.62787789e-02
 2.13461827e+00 -7.99003635e-02
 2.16419278e+00 -8.37443396e-02
 2.24271329e+00 -8.78307608e-02
 2.22518112e+00 -9.21819206e-02
 2.17523492e+00 -9.68226649e-02
 2.27002791e+00 -1.01780755e-01
 2.32592357e+00 -1.07087290e-01
 2.32495171e+00 -1.12777209e-01
 2.37182793e+00 -1.18889873e-01
 2.43165164e+00 -1.25469757e-01
 2.49890098e+00 -1.32567278e-01
 2.55663153e+00 -1.40239767e-01
 2.61019593e+00 -1.48552647e-01
 2.58704581e+00 -1.57580842e-01
 2.66840918e+00 -1.67410482e-01
 2.76067411e+00 -1.78140977e-01
 2.75542181e+00 -1.89887546e-01
 2.92832749e+00 -2.02784333e-01
 2.97684152e+00 -2.16988251e-01
 3.00972758e+00 -2.32683773e-01
 3.18514597e+00 -2.50088938e-01
 3.24771534e+00 -2.69462924e-01
 3.27693470e+00 -2.91115698e-01
 3.45721165e+00 -3.15420395e-01
 3.59120974e+00 -3.42829340e-01
 3.71223494e+00 -3.73895006e-01
 3.94041456e+00 -4.09297693e-01
 4.03231453e+00 -4.49882498e-01
 4.30360361e+00 -4.96709299e-01
 4.31651556e+00 -5.51121210e-01
 4.56792157e+00 -6.14839658e-01
 4.80527629e+00 -6.90098486e-01
 5.07954611e+00 -7.79836266e-01
 5.38097855e+00 -8.87977153e-01
 5.79343067e+00 -1.01984925e+00
 6.03808468e+00 -1.18282151e+00
 6.59023253e+00 -1.38729633e+00
 7.13854225e+00 -1.64829678e+00
 7.64833832e+00 -1.98807450e+00
 8.37002407e+00 -2.44051791e+00
 9.11450584e+00 -3.05881062e+00
 1.00367964e+01 -3.92903060e+00
 1.11586492e+01 -5.19440129e+00
 1.24054626e+01 -7.09644380e+00
 1.35244628e+01 -1.00288885e+01
 1.40264819e+01 -1.45141430e+01
 1.18050831e+01 -2.06317645e+01
 5.08994241e+00 -2.60299794e+01
 -4.43592363e+00 -2.58163208e+01
 -1.09096950e+01 -2.02376646e+01
 -1.27819512e+01 -1.41969692e+01
 -1.22591303e+01 -9.82379549e+00
 -1.12102052e+01 -6.97051821e+00
 -9.89196942e+00 -5.11727836e+00
 -8.81229637e+00 -3.88154976e+00
 -7.95489767e+00 -3.02971892e+00
 -7.03341359e+00 -2.42320039e+00
 -6.40932489e+00 -1.97855289e+00
 -5.81693718e+00 -1.64410928e+00
 -5.23031078e+00 -1.38687544e+00
 -4.91758935e+00 -1.18514250e+00
 -4.50934769e+00 -1.02422629e+00
 -4.10093874e+00 -8.93941681e-01
 -3.87649977e+00 -7.87062562e-01
 -3.64449402e+00 -6.98356797e-01
 -3.33841981e+00 -6.23966058e-01
 -3.23066815e+00 -5.60997769e-01
 -3.03407302e+00 -5.07250773e-01
 -2.91284830e+00 -4.61027244e-01
 -2.70328669e+00 -4.21001359e-01
 -2.48678602e+00 -3.86126089e-01
 -2.37341821e+00 -3.55566009e-01
 -2.25093107e+00 -3.28648206e-01
 -2.19568047e+00 -3.04825917e-01
 -2.10233165e+00 -2.83651298e-01
 -1.97173476e+00 -2.64754780e-01
 -1.82436888e+00 -2.47829278e-01
 -1.61439562e+00 -2.32617982e-01
 -1.69148240e+00 -2.18904840e-01
 -1.52324551e+00 -2.06507072e-01
 -1.43721669e+00 -1.95269238e-01
 -1.45122884e+00 -1.85058509e-01
 -1.38249582e+00 -1.75760859e-01
 -1.38350997e+00 -1.67277987e-01
 -1.27311499e+00 -1.59524813e-01
 -1.28885001e+00 -1.52427426e-01
 -1.06888221e+00 -1.45921395e-01
 -1.10573975e+00 -1.39950378e-01
 -1.01274329e+00 -1.34464955e-01
 -1.04524990e+00 -1.29421664e-01
 -9.55422537e-01 -1.24782185e-01
 -8.93906759e-01 -1.20512659e-01
 -7.90591867e-01 -1.16583105e-01
 -8.71839855e-01 -1.12966936e-01
 -8.45345817e-01 -1.09640537e-01
 -6.88516972e-01 -1.06582912e-01
 -7.24613535e-01 -1.03775378e-01
 -6.51612746e-01 -1.01201304e-01
 -5.62566274e-01 -9.88458857e-02
 -6.15794581e-01 -9.66959562e-02
 -5.56470018e-01 -9.47398157e-02
 -5.70548368e-01 -9.29670902e-02
 -5.68784154e-01 -9.13686077e-02
 -4.63163641e-01 -8.99362921e-02
 -4.33569267e-01 -8.86630718e-02
 -4.96285573e-01 -8.75428023e-02
 -3.75420195e-01 -8.65701997e-02
 -3.54393275e-01 -8.57407849e-02
 -3.37734839e-01 -8.50508376e-02
 -2.81484907e-01 -8.44973582e-02
 -2.72350559e-01 -8.40780383e-02
 -1.49502015e-01 -8.37912381e-02
 -1.72334882e-01 -8.36359709e-02
 -1.53206079e-01 -8.36118945e-02
 -8.02881710e-02 -8.37193091e-02
 -1.33821469e-01 -8.39591616e-02
 -2.27863888e-02 -8.43330571e-02
 -4.02394941e-02 -8.48432764e-02
 8.35523630e-02 -8.54928017e-02
 2.62693430e-02 -8.62853492e-02
 5.98530828e-02 -8.72254103e-02
 1.77974225e-01 -8.83183018e-02
 1.19200350e-01 -8.95702264e-02
 2.19813290e-01 -9.09883439e-02
 1.64910117e-01 -9.25808551e-02
 2.98681762e-01 -9.43571007e-02
 2.63936066e-01 -9.63276757e-02
 3.24211727e-01 -9.85045631e-02
 3.49061521e-01 -1.00901290e-01
 4.64015306e-01 -1.03533107e-01
 4.77871081e-01 -1.06417202e-01
 4.15158758e-01 -1.09572942e-01
 5.05680470e-01 -1.13022164e-01
 5.91871491e-01 -1.16789508e-01
 5.80998081e-01 -1.20902814e-01
 7.01369334e-01 -1.25393585e-01
 6.91514489e-01 -1.30297536e-01
 7.16114691e-01 -1.35655241e-01
 8.30618139e-01 -1.41512909e-01
 7.38599681e-01 -1.47923308e-01
 8.83036181e-01 -1.54946867e-01
 8.83229598e-01 -1.62653012e-01
 1.07226599e+00 -1.71121782e-01
 1.07886754e+00 -1.80445791e-01
 1.11830775e+00 -1.90732632e-01
 1.25135552e+00 -2.02107839e-01
 1.17984548e+00 -2.14718545e-01
 1.37233758e+00 -2.28738053e-01
 1.38658478e+00 -2.44371567e-01
 1.47673102e+00 -2.61863439e-01
 1.62994971e+00 -2.81506408e-01
 1.72055489e+00 -3.03653477e-01
 1.78960189e+00 -3.28733310e-01
 2.08610993e+00 -3.57270415e-01
 2.16422387e+00 -3.89911832e-01
 2.23283262e+00 -4.27462876e-01
 2.39902785e+00 -4.70935543e-01
 2.60976132e+00 -5.21614952e-01
 2.69240940e+00 -5.81151847e-01
 2.93642507e+00 -6.51693373e-01
 3.21785287e+00 -7.36071074e-01
 3.40621176e+00 -8.38076136e-01
 3.68131532e+00 -9.62870407e-01
 4.05167512e+00 -1.11761356e+00
 4.49785776e+00 -1.31244253e+00
 4.85034355e+00 -1.56203985e+00
 5.42350864e+00 -1.88821116e+00
 6.13811359e+00 -2.32423331e+00
 6.78289173e+00 -2.92236178e+00
 7.62978457e+00 -3.76696665e+00
 8.59689065e+00 -4.99717297e+00
 9.53828108e+00 -6.84201462e+00
 1.04139852e+01 -9.65166350e+00
 1.03134686e+01 -1.37966541e+01
 7.51214871e+00 -1.89484501e+01
 1.05456729e+00 -2.24786683e+01
 -6.56034370e+00 -2.10038305e+01
 -1.09743725e+01 -1.60935454e+01
 -1.21406756e+01 -1.13565762e+01
 -1.15387043e+01 -7.97748856e+00
 -1.06299648e+01 -5.74648192e+00
 -9.61299641e+00 -4.27268077e+00
 -8.75743020e+00 -3.27416025e+00
 -7.98120220e+00 -2.57635500e+00
 -7.28329094e+00 -2.07376292e+00
 -6.74446869e+00 -1.70173215e+00
 -6.26544156e+00 -1.41960694e+00
 -5.78396148e+00 -1.20107901e+00
 -5.39225260e+00 -1.02864166e+00
 -5.16520907e+00 -8.90337878e-01
 -4.79698114e+00 -7.77804550e-01
 -4.57964370e+00 -6.85065016e-01
 -4.49392254e+00 -6.07764271e-01
 -4.23603459e+00 -5.42672783e-01
 -4.09687029e+00 -4.87357322e-01
 -3.88041172e+00 -4.39958033e-01
 -3.72509420e+00 -3.99034594e-01
 -3.58776927e+00 -3.63458176e-01
 -3.53107523e+00 -3.32334358e-01
 -3.41007961e+00 -3.04947297e-01
 -3.23360677e+00 -2.80718763e-01
 -3.26353714e+00 -2.59177677e-01
 -3.11517064e+00 -2.39937213e-01
 -3.00168161e+00 -2.22677389e-01
 -3.01821948e+00 -2.07131702e-01
 -2.87426620e+00 -1.93076773e-01
 -2.87724783e+00 -1.80324244e-01
 -2.81828872e+00 -1.68714403e-01
 -2.74270819e+00 -1.58111106e-01
 -2.75501372e+00 -1.48397730e-01
 -2.62269838e+00 -1.39473901e-01
 -2.54198763e+00 -1.31252847e-01
 -2.49916090e+00 -1.23659241e-01
 -2.58907151e+00 -1.16627428e-01
 -2.39498533e+00 -1.10099965e-01
 -2.37665523e+00 -1.04026410e-01
 -2.39204190e+00 -9.83623135e-02
 -2.39977494e+00 -9.30683754e-02
 -2.37924423e+00 -8.81097348e-02
 -2.14505837e+00 -8.34553716e-02
 -2.23422651e+00 -7.90775981e-02
 -2.20704601e+00 -7.49516277e-02
 -2.19365139e+00 -7.10552051e-02
 -2.14863710e+00 -6.73682901e-02
 -2.10136717e+00 -6.38727852e-02
 -2.15010090e+00 -6.05523000e-02
 -2.06401419e+00 -5.73919473e-02
 -2.04310627e+00 -5.43781658e-02
 -2.04110892e+00 -5.14985653e-02
 -2.03619849e+00 -4.87417906e-02
 -1.96658206e+00 -4.60974025e-02
 -2.05755663e+00 -4.35557723e-02
 -1.99637665e+00 -4.11079886e-02
 -1.88339832e+00 -3.87457740e-02
 -1.95431325e+00 -3.64614108e-02
 -1.96835361e+00 -3.42476740e-02
 -1.98322001e+00 -3.20977712e-02
 -1.98698600e+00 -3.00052871e-02
 -1.92585581e+00 -2.79641336e-02
 -1.88453842e+00 -2.59685029e-02
 -1.92860904e+00 -2.40128243e-02
 -1.84857365e+00 -2.20917233e-02
 -1.87996525e+00 -2.01999829e-02
 -1.96285605e+00 -1.83325063e-02
 -1.92229841e+00 -1.64842809e-02
 -1.73700963e+00 -1.46503420e-02
 -1.96021625e+00 -1.28257374e-02
 -1.90955181e+00 -1.10054910e-02
 -1.84678543e+00 -9.18456594e-03
 -1.81493040e+00 -7.35782535e-03
 -1.83784184e+00 -5.51999188e-03
 -1.83760378e+00 -3.66560394e-03
 -1.73782789e+00 -1.78896864e-03
 -1.83317848e+00 1.15889581e-04
 -1.83949238e+00 2.05528560e-03
 -1.86096304e+00 4.03593653e-03
 -1.93653319e+00 6.06503229e-03
 -1.89585611e+00 8.15031522e-03
 -1.82983719e+00 1.03001706e-02
 -1.89533169e+00 1.25237300e-02
 -1.83398336e+00 1.48309906e-02
 -1.87237824e+00 1.72329525e-02
 -1.89522489e+00 1.97417792e-02
 -1.87314899e+00 2.23709839e-02
 -1.91577979e+00 2.51356495e-02
 -1.94779007e+00 2.80526874e-02
 -1.98999980e+00 3.11411446e-02
 -1.95289304e+00 3.44225690e-02
 -1.89542752e+00 3.79214479e-02
 -2.01856633e+00 4.16657348e-02
 -1.93042863e+00 4.56874872e-02
 -1.96316214e+00 5.00236426e-02
 -1.88200085e+00 5.47169684e-02
 -2.09619694e+00 5.98172310e-02
 -2.11465697e+00 6.53826449e-02
 -1.99387306e+00 7.14816807e-02
 -2.07515495e+00 7.81953355e-02
 -2.17175097e+00 8.56200095e-02
 -2.17262846e+00 9.38711747e-02
 -2.18643118e+00 1.03088100e-01
 -2.27589641e+00 1.13439986e-01
 -2.32024500e+00 1.25134018e-01
 -2.30292175e+00 1.38426040e-01
 -2.40961036e+00 1.53634865e-01
 -2.42172752e+00 1.71161707e-01
 -2.38379617e+00 1.91516904e-01
 -2.52807246e+00 2.15357198e-01
 -2.59075932e+00 2.43538570e-01
 -2.69270475e+00 2.77192364e-01
 -2.80978084e+00 3.17836989e-01
 -2.89378823e+00 3.67545114e-01
 -3.04243824e+00 4.29199280e-01
 -3.14231827e+00 5.06891737e-01
 -3.41494138e+00 6.06565139e-01
 -3.43648918e+00 7.37064686e-01
 -3.79369393e+00 9.11906587e-01
 -4.05810481e+00 1.15230365e+00
 -4.31505233e+00 1.49235155e+00
 -4.67482425e+00 1.98754778e+00
 -4.97921864e+00 2.72629078e+00
 -5.13199314e+00 3.83202143e+00
 -4.87169270e+00 5.38995863e+00
 -3.65364033e+00 7.11955834e+00
 -1.15686239e+00 7.95514306e+00
 1.24818938e+00 7.08028750e+00
 2.56668781e+00 5.34715272e+00
 2.79722553e+00 3.80255307e+00
 2.55391097e+00 2.70968888e+00
 2.18166221e+00 1.97988681e+00
 1.91591449e+00 1.49054263e+00
 1.58330454e+00 1.15440467e+00
 1.31931044e+00 9.16755323e-01
 1.02477334e+00 7.43965692e-01
 9.38234579e-01 6.15095889e-01
 7.52268462e-01 5.16790859e-01
 6.14776000e-01 4.40302609e-01
 4.75952874e-01 3.79748609e-01
 2.71228100e-01 3.31074768e-01
 2.77606423e-01 2.91423393e-01
 2.36968819e-01 2.58738407e-01
 5.31487630e-02 2.31512757e-01
 5.26019367e-02 2.08623079e-01
 -4.86150593e-02 1.89219150e-01
 -1.07298071e-01 1.72648501e-01
 -2.21268673e-01 1.58404069e-01
 -3.08520551e-01 1.46087231e-01
 -2.72263406e-01 1.35381300e-01
 -3.55640175e-01 1.26032237e-01
 -3.45726063e-01 1.17834445e-01
 -3.38839576e-01 1.10620168e-01
 -4.12610607e-01 1.04251489e-01
 -4.61781996e-01 9.86142323e-02
 -5.70117580e-01 9.36132697e-02
 -5.83481985e-01 8.91688702e-02
 -5.50611517e-01 8.52138422e-02
 -5.66807363e-01 8.16912757e-02
 -6.17904352e-01 7.85527456e-02
 -7.12500849e-01 7.57568721e-02
 -7.05083519e-01 7.32681598e-02
 -6.47745537e-01 7.10560559e-02
 -6.88055003e-01 6.90941809e-02
 -7.76733033e-01 6.73596986e-02
 -8.00651656e-01 6.58327953e-02
 -8.10976313e-01 6.44962494e-02
 -8.19967511e-01 6.33350733e-02
 -7.64376455e-01 6.23362134e-02
 -7.85557211e-01 6.14883004e-02
 -9.16016355e-01 6.07814374e-02
 -9.08228121e-01 6.02070235e-02
 -8.99195217e-01 5.97576026e-02
 -9.57224035e-01 5.94267378e-02
 -1.03449039e+00 5.92089032e-02
 -9.35517079e-01 5.90993939e-02
 -1.03740529e+00 5.90942487e-02
 -1.00445050e+00 5.91901864e-02
 -1.06943946e+00 5.93845509e-02
 -1.04414309e+00 5.96752673e-02
 -1.06892871e+00 6.00608040e-02
 -1.03526510e+00 6.05401439e-02
 -1.18932045e+00 6.11127604e-02
 -1.09301081e+00 6.17786005e-02
 -1.13684760e+00 6.25380721e-02
 -1.15375549e+00 6.33920373e-02
 -1.22081948e+00 6.43418103e-02
 -1.19394291e+00 6.53891592e-02
 -1.25625937e+00 6.65363138e-02
 -1.30729530e+00 6.77859763e-02
 -1.36877638e+00 6.91413385e-02
 -1.26780518e+00 7.06061022e-02
 -1.36148068e+00 7.21845061e-02
 -1.48415054e+00 7.38813574e-02
 -1.41695510e+00 7.57020695e-02
 -1.42739763e+00 7.76527064e-02
 -1.33191776e+00 7.97400341e-02
 -1.47582402e+00 8.19715802e-02
 -1.49097112e+00 8.43557017e-02
 -1.53660048e+00 8.69016641e-02
 -1.53319003e+00 8.96197311e-02
 -1.58788925e+00 9.25212673e-02
 -1.60961377e+00 9.56188564e-02
 -1.65279954e+00 9.89264361e-02
 -1.74382112e+00 1.02459453e-01
 -1.60245511e+00 1.06235042e-01
 -1.75551723e+00 1.10272228e-01
 -1.79328169e+00 1.14592166e-01
 -1.76976643e+00 1.19218410e-01
 -1.91223854e+00 1.24177234e-01
 -1.93669121e+00 1.29497995e-01
 -1.91320878e+00 1.35213564e-01
 -2.04702794e+00 1.41360822e-01
 -2.11891725e+00 1.47981252e-01
 -2.09111376e+00 1.55121624e-01
 -2.12042412e+00 1.62834812e-01
 -2.32204300e+00 1.71180758e-01
 -2.28493123e+00 1.80227620e-01
 -2.35420171e+00 1.90053151e-01
 -2.36313015e+00 2.00746339e-01
 -2.42878148e+00 2.12409408e-01
 -2.54639220e+00 2.25160220e-01
 -2.60473866e+00 2.39135227e-01
 -2.70496409e+00 2.54493069e-01
 -2.83275985e+00 2.71419029e-01
 -2.82819511e+00 2.90130552e-01
 -2.99666408e+00 3.10884145e-01
 -3.10364236e+00 3.33984055e-01
 -3.20815162e+00 3.59793285e-01
 -3.36874398e+00 3.88747660e-01
 -3.45568894e+00 4.21373978e-01
 -3.51781476e+00 4.58313616e-01
 -3.79861681e+00 5.00353567e-01
 -3.94452131e+00 5.48467657e-01
 -4.03148656e+00 6.03871921e-01
 -4.35860537e+00 6.68099922e-01
 -4.56228207e+00 7.43106564e-01
 -4.82882348e+00 8.31413234e-01
 -5.07050029e+00 9.36313921e-01
 -5.34512653e+00 1.06217286e+00
 -5.64875385e+00 1.21486223e+00
 -6.15072760e+00 1.40241861e+00
 -6.48604232e+00 1.63604816e+00
 -7.14757836e+00 1.93170088e+00
 -7.79295529e+00 2.31259294e+00
 -8.46369903e+00 2.81334086e+00
 -9.16617760e+00 3.48687122e+00
 -1.01798701e+01 4.41609258e+00
 -1.11538861e+01 5.73334590e+00
 -1.22668145e+01 7.65022668e+00
 -1.34531860e+01 1.04890538e+01
 -1.37562341e+01 1.46442353e+01
 -1.20451999e+01 2.01772979e+01
 -6.55370716e+00 2.55373638e+01
 2.00944512e+00 2.69721986e+01
 9.53224003e+00 2.30917070e+01
 1.29147466e+01 1.72885273e+01
 1.33835633e+01 1.23955154e+01
 1.26007664e+01 8.94522965e+00
