 NaN NaN
 7.57560373e+01 4.66121957e+00
 3.87268981e+01 1.71941239e+00
 2.59634164e+01 9.52958444e-01
 1.97225250e+01 6.25347094e-01
 1.58080798e+01 4.50409471e-01
 1.32067410e+01 3.44157407e-01
 1.13605416e+01 2.73934876e-01
 9.83157655e+00 2.24662722e-01
 8.83255792e+00 1.88511067e-01
 7.98520998e+00 1.61050567e-01
 7.36215908e+00 1.39605958e-01
 6.74025087e+00 1.22475546e-01
 6.22496553e+00 1.08530461e-01
 5.76281329e+00 9.69953100e-02
 5.44978574e+00 8.73216488e-02
 5.01106409e+00 7.91117200e-02
 4.86321886e+00 7.20707370e-02
 4.49175399e+00 6.59760571e-02
 4.41250480e+00 6.06567004e-02
 4.21461378e+00 5.59794043e-02
 4.03642749e+00 5.18389199e-02
 3.82771530e+00 4.81511271e-02
 3.71962907e+00 4.48480644e-02
 3.50304095e+00 4.18742836e-02
 3.34560557e+00 3.91841384e-02
 3.25720517e+00 3.67397407e-02
 3.06552797e+00 3.45094023e-02
 3.06531597e+00 3.24664326e-02
 3.07612295e+00 3.05882031e-02
 2.86619437e+00 2.88554112e-02
 2.81125979e+00 2.72514964e-02
 2.76809014e+00 2.57621742e-02
 2.62469972e+00 2.43750594e-02
 2.60369414e+00 2.30793620e-02
 2.61747878e+00 2.18656373e-02
 2.52123721e+00 2.07255815e-02
 2.41803656e+00 1.96518627e-02
 2.40439756e+00 1.86379794e-02
 2.40109130e+00 1.76781435e-02
 2.19288737e+00 1.67671810e-02
 2.30038380e+00 1.59004484e-02
 2.20542944e+00 1.50737621e-02
 2.24438166e+00 1.42833376e-02
 2.16424971e+00 1.35257377e-02
 2.12780564e+00 1.27978280e-02
 2.12130689e+00 1.20967384e-02
 2.13231768e+00 1.14198291e-02
 2.15823151e+00 1.07646616e-02
 2.06285528e+00 1.01289729e-02
 2.08245782e+00 9.51065266e-03
 1.93926051e+00 8.90772322e-03
 2.04492374e+00 8.31832120e-03
 1.97951447e+00 7.74068144e-03
 1.98259649e+00 7.17312217e-03
 1.90254695e+00 6.61403154e-03
 1.87313108e+00 6.06185507e-03
 1.91193289e+00 5.51508409e-03
 1.83580893e+00 4.97224472e-03
 1.96685184e+00 4.43188746e-03
 1.93557524e+00 3.89257703e-03
 1.94577904e+00 3.35288254e-03
 1.94183387e+00 2.81136770e-03
 1.81081954e+00 2.26658102e-03
 1.84844420e+00 1.71704584e-03
 1.83600993e+00 1.16125006e-03
 1.83145156e+00 5.97635476e-04
 1.95672826e+00 2.45864956e-05
 1.91441065e+00 -5.59581800e-04
 1.81250859e+00 -1.15663655e-03
 1.85742500e+00 -1.76844106e-03
 1.82452698e+00 -2.39697003e-03
 2.00115422e+00 -3.04432637e-03
 1.87355718e+00 -3.71275973e-03
 1.95061752e+00 -4.40468723e-03
 1.90701183e+00 -5.12271667e-03
 1.98059562e+00 -5.86967259e-03
 2.05747705e+00 -6.64862586e-03
 1.87142459e+00 -7.46292716e-03
 1.92045381e+00 -8.31624527e-03
 1.98810077e+00 -9.21261084e-03
 2.04802485e+00 -1.01564668e-02
 2.02500844e+00 -1.11527262e-02
 1.92805402e+00 -1.22068398e-02
 2.09763514e+00 -1.33248742e-02
 2.11164382e+00 -1.45136025e-02
 1.99082871e+00 -1.57806121e-02
 1.99952341e+00 -1.71344295e-02
 2.10758342e+00 -1.85846691e-02
 2.21976833e+00 -2.01422092e-02
 2.19489701e+00 -2.18194012e-02
 2.32032886e+00 -2.36303209e-02
 2.29430097e+00 -2.55910695e-02
 2.31537290e+00 -2.77201385e-02
 2.32647046e+00 -3.00388516e-02
 2.46869695e+00 -3.25719064e-02
 2.46130847e+00 -3.53480379e-02
 2.58365382e+00 -3.84008414e-02
 2.50807312e+00 -4.17697943e-02
 2.63706621e+00 -4.55015396e-02
 2.67691659e+00 -4.96515055e-02
 2.75784759e+00 -5.42859684e-02
 2.84726439e+00 -5.94847022e-02
 3.00318877e+00 -6.53444140e-02
 3.06039045e+00 -7.19832408e-02
 3.19570299e+00 -7.95467026e-02
 3.37310096e+00 -8.82156733e-02
 3.61974830e+00 -9.82171916e-02
 3.59811385e+00 -1.09839327e-01
 3.81494322e+00 -1.23451934e-01
 3.95838886e+00 -1.39536124e-01
 4.13920182e+00 -1.58726874e-01
 4.42889169e+00 -1.81875947e-01
 4.66582782e+00 -2.10146930e-01
 5.06193422e+00 -2.45162585e-01
 5.40176968e+00 -2.89240116e-01
 5.83979442e+00 -3.45779720e-01
 6.41550952e+00 -4.19931816e-01
 7.08174791e+00 -5.19796424e-01
 7.84955529e+00 -6.58699389e-01
 8.86329884e+00 -8.59804822e-01
 1.01983869e+01 -1.16624738e+00
 1.20831034e+01 -1.66577977e+00
 1.47162913e+01 -2.55925138e+00
 1.90674116e+01 -4.38838467e+00
 2.62065787e+01 -9.01175098e+00
 3.85638583e+01 -2.54266751e+01
 1.24298126e+01 -8.10220322e+01
 -4.03381322e+01 -3.39566095e+01
 -2.78454692e+01 -1.10925808e+01
 -1.95857718e+01 -5.15463280e+00
 -1.49858744e+01 -2.93595003e+00
 -1.19030129e+01 -1.88814554e+00
 -1.00555446e+01 -1.31449898e+00
 -8.61957093e+00 -9.67372110e-01
 -7.38348492e+00 -7.41644493e-01
 -6.62021230e+00 -5.86697802e-01
 -5.90078133e+00 -4.75760456e-01
 -5.35954433e+00 -3.93608859e-01
 -4.92061615e+00 -3.31072293e-01
 -4.49743162e+00 -2.82360629e-01
 -4.09427159e+00 -2.43672761e-01
 -3.95628946e+00 -2.12429865e-01
 -3.67284389e+00 -1.86832451e-01
 -3.36142212e+00 -1.65593912e-01
 -3.16729928e+00 -1.47774589e-01
 -3.07146630e+00 -1.32675243e-01
 -2.86491083e+00 -1.19766817e-01
 -2.74187602e+00 -1.08643029e-01
 -2.62167832e+00 -9.89876820e-02
 -2.45191630e+00 -9.05517027e-02
 -2.32617280e+00 -8.31367263e-02
 -2.32133062e+00 -7.65831839e-02
 -2.23241853e+00 -7.07615323e-02
 -2.09862970e+00 -6.55657126e-02
 -2.01648076e+00 -6.09082149e-02
 -1.93613773e+00 -5.67163113e-02
 -1.78126713e+00 -5.29291533e-02
 -1.81392426e+00 -4.94955126e-02
 -1.79748148e+00 -4.63720087e-02
 -1.71476566e+00 -4.35217056e-02
 -1.67561254e+00 -4.09129933e-02
 -1.52768980e+00 -3.85186890e-02
 -1.59333458e+00 -3.63153108e-02
 -1.49917104e+00 -3.42824868e-02
 -1.55025108e+00 -3.24024708e-02
 -1.42567242e+00 -3.06597444e-02
 -1.32475329e+00 -2.90406870e-02
 -1.40835476e+00 -2.75333019e-02
 -1.40614017e+00 -2.61269874e-02
 -1.33053931e+00 -2.48123436e-02
 -1.25401864e+00 -2.35810109e-02
 -1.30093172e+00 -2.24255323e-02
 -1.23169523e+00 -2.13392365e-02
 -1.20663226e+00 -2.03161385e-02
 -1.20369085e+00 -1.93508535e-02
 -1.15086401e+00 -1.84385243e-02
 -1.20882991e+00 -1.75747572e-02
 -1.17710294e+00 -1.67555674e-02
 -1.11634997e+00 -1.59773315e-02
 -1.20770223e+00 -1.52367453e-02
 -1.10837932e+00 -1.45307882e-02
 -1.03850679e+00 -1.38566907e-02
 -9.76819493e-01 -1.32119066e-02
 -9.70980875e-01 -1.25940878e-02
 -1.08576599e+00 -1.20010627e-02
 -1.12355847e+00 -1.14308160e-02
 -9.47640911e-01 -1.08814718e-02
 -9.96762210e-01 -1.03512767e-02
 -9.28837725e-01 -9.83858679e-03
 -8.66943005e-01 -9.34185352e-03
 -9.00641312e-01 -8.85961242e-03
 -9.41121987e-01 -8.39047191e-03
 -9.68473584e-01 -7.93310314e-03
 -9.25029996e-01 -7.48623037e-03
 -8.38324413e-01 -7.04862193e-03
 -9.43969232e-01 -6.61908153e-03
 -9.03278531e-01 -6.19643983e-03
 -9.92159438e-01 -5.77954618e-03
 -9.03021674e-01 -5.36726036e-03
 -8.80391071e-01 -4.95844431e-03
 -9.27850058e-01 -4.55195361e-03
 -8.67367092e-01 -4.14662866e-03
 -9.94957698e-01 -3.74128540e-03
 -9.33609207e-01 -3.33470547e-03
 -8.54313449e-01 -2.92562548e-03
 -8.66581722e-01 -2.51272540e-03
 -7.35374831e-01 -2.09461574e-03
 -8.96124089e-01 -1.66982324e-03
 -7.90960641e-01 -1.23677483e-03
 -8.23402554e-01 -7.93779431e-04
 -8.08993175e-01 -3.39007227e-04
 -8.94245997e-01 1.29534168e-04
 -8.40679111e-01 6.14027249e-04
 -9.02239717e-01 1.11687666e-03
 -8.35642410e-01 1.64074666e-03
 -7.94026241e-01 2.18860518e-03
 -8.44913784e-01 2.76377596e-03
 -8.56163458e-01 3.37000043e-03
 -9.25439950e-01 4.01151187e-03
 -8.43790480e-01 4.69312429e-03
 -9.37558570e-01 5.42034009e-03
 -9.10172421e-01 6.19948075e-03
 -9.12081649e-01 7.03784679e-03
 -8.45434213e-01 7.94391452e-03
 -8.89951540e-01 8.92757983e-03
 -1.00090971e+00 1.00004622e-02
 -9.63926621e-01 1.11762870e-02
 -9.95321148e-01 1.24713689e-02
 -8.67308189e-01 1.39052301e-02
 -9.88851936e-01 1.55013965e-02
 -1.01343646e+00 1.72884330e-02
 -1.05777663e+00 1.93013042e-02
 -9.98575783e-01 2.15831835e-02
 -1.09001347e+00 2.41878848e-02
 -1.13316975e+00 2.71831780e-02
 -1.03065897e+00 3.06553706e-02
 -1.13099235e+00 3.47157427e-02
 -1.20843562e+00 3.95097404e-02
 -1.20892962e+00 4.52303641e-02
 -1.30084591e+00 5.21380882e-02
 -1.20714393e+00 6.05912109e-02
 -1.34074379e+00 7.10933611e-02
 -1.48342851e+00 8.43701733e-02
 -1.52779002e+00 1.01497456e-01
 -1.61276469e+00 1.24124331e-01
 -1.82114500e+00 1.54880644e-01
 -1.89345951e+00 1.98164049e-01
 -2.16326094e+00 2.61767601e-01
 -2.38907041e+00 3.60537794e-01
 -2.75821444e+00 5.25495841e-01
 -3.39027988e+00 8.29773296e-01
 -4.14479967e+00 1.47548545e+00
 -5.34365304e+00 3.13685845e+00
 -5.42058895e+00 7.89098773e+00
 2.76282779e+00 9.97004972e+00
 4.93640133e+00 4.19304453e+00
 3.60099492e+00 1.85037589e+00
 2.76674757e+00 9.94690760e-01
 2.02440808e+00 6.12582061e-01
 1.68366103e+00 4.13072866e-01
 1.31105889e+00 2.96762452e-01
 1.13501306e+00 2.23328796e-01
 9.67258206e-01 1.74112094e-01
 7.09111208e-01 1.39566401e-01
 6.18827025e-01 1.14412266e-01
 5.83543391e-01 9.55429050e-02
 4.66663778e-01 8.10354593e-02
 3.69322000e-01 6.96490493e-02
 4.27033606e-01 6.05542570e-02
 3.21981518e-01 5.31798352e-02
 2.94973654e-01 4.71220554e-02
 2.90876107e-01 4.20890949e-02
 8.67145299e-02 3.78658119e-02
 2.65939600e-01 3.42907997e-02
 6.67385362e-02 3.12410660e-02
 1.32951396e-01 2.86215728e-02
 6.01620889e-03 2.63579549e-02
 -5.59056364e-02 2.43913572e-02
 5.66749223e-02 2.26747165e-02
 -1.16364946e-02 2.11700430e-02
 -1.29985816e-02 1.98464064e-02
 -4.55160319e-02 1.86784250e-02
 -5.38254646e-02 1.76451193e-02
 -7.96917371e-02 1.67290336e-02
 -6.15819821e-02 1.59155553e-02
 -1.06804182e-01 1.51923838e-02
 -6.94407343e-02 1.45491118e-02
 -1.27509719e-01 1.39768933e-02
 -7.25675763e-02 1.34681776e-02
 -4.08832764e-02 1.30164954e-02
 -1.85504835e-01 1.26162860e-02
 -1.78358631e-01 1.22627557e-02
 -2.06236832e-01 1.19517622e-02
 -2.16866312e-01 1.16797195e-02
 -2.01475773e-01 1.14435190e-02
 -1.18141926e-01 1.12404641e-02
 -2.02281435e-01 1.10682156e-02
 -2.36939039e-01 1.09247463e-02
 -2.09916405e-01 1.08083022e-02
 -2.22823762e-01 1.07173709e-02
 -2.84482631e-01 1.06506541e-02
 -3.63113262e-01 1.06070450e-02
 -2.69214321e-01 1.05856088e-02
 -2.22440438e-01 1.05855669e-02
 -3.12114468e-01 1.06062834e-02
 -2.67351888e-01 1.06472533e-02
 -3.19858253e-01 1.07080940e-02
 -3.08600282e-01 1.07885368e-02
 -3.59977599e-01 1.08884216e-02
 -3.24583833e-01 1.10076922e-02
 -3.21912251e-01 1.11463922e-02
 -3.91095121e-01 1.13046635e-02
 -3.42283519e-01 1.14827447e-02
 -4.29940166e-01 1.16809712e-02
 -4.14548000e-01 1.18997758e-02
 -3.17584894e-01 1.21396907e-02
 -3.70478915e-01 1.24013504e-02
 -3.39767473e-01 1.26854953e-02
 -4.40605654e-01 1.29929771e-02
 -4.18559321e-01 1.33247644e-02
 -4.13655576e-01 1.36819503e-02
 -4.47283567e-01 1.40657608e-02
 -5.33282187e-01 1.44775647e-02
 -4.68666588e-01 1.49188855e-02
 -4.63430769e-01 1.53914144e-02
 -5.96653734e-01 1.58970260e-02
 -4.95041246e-01 1.64377954e-02
 -5.71162066e-01 1.70160187e-02
 -4.20006177e-01 1.76342357e-02
 -5.05852306e-01 1.82952562e-02
 -5.73086833e-01 1.90021904e-02
 -7.33362296e-01 1.97584829e-02
 -6.46863123e-01 2.05679528e-02
 -5.82924378e-01 2.14348389e-02
 -6.89240798e-01 2.23638526e-02
 -6.25862205e-01 2.33602379e-02
 -6.32458982e-01 2.44298425e-02
 -7.13520796e-01 2.55791986e-02
 -7.05152618e-01 2.68156184e-02
 -7.68223753e-01 2.81473049e-02
 -7.20388700e-01 2.95834820e-02
 -7.57244831e-01 3.11345477e-02
 -8.58940610e-01 3.28122546e-02
 -8.93158282e-01 3.46299245e-02
 -9.01887820e-01 3.66027027e-02
 -1.00017090e+00 3.87478635e-02
 -9.85195885e-01 4.10851757e-02
 -9.90956300e-01 4.36373449e-02
 -9.01678331e-01 4.64305486e-02
 -1.04745767e+00 4.94950904e-02
 -1.10151013e+00 5.28662015e-02
 -1.13376023e+00 5.65850297e-02
 -1.18525468e+00 6.06998691e-02
 -1.11553141e+00 6.52676968e-02
 -1.26951873e+00 7.03561108e-02
 -1.30722308e+00 7.60457892e-02
 -1.33492159e+00 8.24336418e-02
 -1.54470278e+00 8.96368816e-02
 -1.57003919e+00 9.77983388e-02
 -1.67552837e+00 1.07093468e-01
 -1.66284932e+00 1.17739695e-01
 -1.89665741e+00 1.30009037e-01
 -1.79979180e+00 1.44245371e-01
 -2.15673384e+00 1.60888421e-01
 -2.18756648e+00 1.80507604e-01
 -2.35619780e+00 2.03850650e-01
 -2.54635982e+00 2.31914830e-01
 -2.75920771e+00 2.66053621e-01
 -2.95494024e+00 3.08140385e-01
 -3.18504589e+00 3.60826627e-01
 -3.36127130e+00 4.27962461e-01
 -3.88868758e+00 5.15306356e-01
 -4.30457123e+00 6.31774193e-01
 -4.92318423e+00 7.91747227e-01
 -5.39079976e+00 1.01958946e+00
 -6.38795748e+00 1.35911892e+00
 -7.48486505e+00 1.89518250e+00
 -9.08734173e+00 2.80797141e+00
 -1.12584344e+01 4.52666561e+00
 -1.41827306e+01 8.21368778e+00
 -1.66823637e+01 1.71223631e+01
 -6.77171154e+00 3.25957456e+01
 1.49056462e+01 2.60357701e+01
 1.66526772e+01 1.22755410e+01
 1.35805503e+01 6.25973579e+00
 1.09910591e+01 3.65995691e+00
 9.15999927e+00 2.37027344e+00
 7.67850101e+00 1.65071165e+00
 6.70287959e+00 1.21203496e+00
 5.97468847e+00 9.26060361e-01
 5.32952117e+00 7.29716914e-01
 4.79042304e+00 5.89264884e-01
 4.49409287e+00 4.85401584e-01
 4.22057597e+00 4.06463044e-01
 3.85764813e+00 3.45074995e-01
 3.57224863e+00 2.96394900e-01
 3.50480239e+00 2.57138523e-01
 3.19626824e+00 2.25015848e-01
 2.98504095e+00 1.98391188e-01
 2.94048124e+00 1.76071306e-01
 2.70179145e+00 1.57169357e-01
 2.67536969e+00 1.41015190e-01
 2.61081334e+00 1.27094830e-01
 2.58324051e+00 1.15008772e-01
 2.32942707e+00 1.04442702e-01
 2.27345290e+00 9.51465911e-02
 2.30822649e+00 8.69195358e-02
 2.17932816e+00 7.95986029e-02
 2.19102791e+00 7.30505224e-02
 2.10656600e+00 6.71654233e-02
 2.07209793e+00 6.18520586e-02
 1.97514364e+00 5.70341278e-02
 2.03554561e+00 5.26474191e-02
 1.96875463e+00 4.86375677e-02
 1.94892460e+00 4.49582838e-02
 1.90163221e+00 4.15699400e-02
 1.88236815e+00 3.84384388e-02
 1.86268229e+00 3.55342964e-02
 1.75807192e+00 3.28318983e-02
 1.77764397e+00 3.03088899e-02
 1.77228263e+00 2.79456753e-02
 1.67467402e+00 2.57250022e-02
 1.68547566e+00 2.36316170e-02
 1.69085772e+00 2.16519759e-02
 1.63644577e+00 1.97740025e-02
 1.62674778e+00 1.79868829e-02
 1.66885061e+00 1.62808921e-02
 1.60172289e+00 1.46472457e-02
 1.54474744e+00 1.30779732e-02
 1.57037269e+00 1.15658085e-02
 1.61126305e+00 1.01040955e-02
 1.66175983e+00 8.68670638e-03
 1.59033538e+00 7.30796916e-03
 1.52529582e+00 5.96260497e-03
 1.57912260e+00 4.64567198e-03
 1.55486184e+00 3.35251568e-03
 1.57727178e+00 2.07872415e-03
 1.61445703e+00 8.20087577e-04
 1.64687982e+00 -4.27438712e-04
 1.56303770e+00 -1.66776837e-03
 1.59884477e+00 -2.90471585e-03
 1.62614386e+00 -4.14202646e-03
 1.59883067e+00 -5.38340509e-03
 1.60708354e+00 -6.63254398e-03
 1.60621253e+00 -7.89315008e-03
 1.61362195e+00 -9.16897220e-03
 1.61923318e+00 -1.04638284e-02
 1.62291790e+00 -1.17816342e-02
 1.53775682e+00 -1.31264315e-02
 1.68129688e+00 -1.45024188e-02
 1.69399346e+00 -1.59139842e-02
 1.64423154e+00 -1.73657394e-02
 1.62580549e+00 -1.88625571e-02
 1.70922060e+00 -2.04096125e-02
 1.71193655e+00 -2.20124272e-02
 1.66822606e+00 -2.36769195e-02
 1.76516709e+00 -2.54094594e-02
 1.80128847e+00 -2.72169304e-02
 1.76117504e+00 -2.91067991e-02
 1.82791072e+00 -3.10871938e-02
 1.93523689e+00 -3.31669937e-02
 1.77527571e+00 -3.53559309e-02
 1.89140938e+00 -3.76647065e-02
 1.84018997e+00 -4.01051249e-02
 1.90527310e+00 -4.26902479e-02
 1.96619949e+00 -4.54345735e-02
 1.88137209e+00 -4.83542439e-02
 1.97809966e+00 -5.14672874e-02
 2.04269970e+00 -5.47939027e-02
 2.12822920e+00 -5.83567922e-02
 2.12325594e+00 -6.21815562e-02
 2.21555875e+00 -6.62971602e-02
 2.17859707e+00 -7.07364903e-02
 2.34427357e+00 -7.55370196e-02
 2.25177352e+00 -8.07416076e-02
 2.43547187e+00 -8.63994661e-02
 2.52683573e+00 -9.25673338e-02
 2.51200024e+00 -9.93109090e-02
 2.61738895e+00 -1.06706611e-01
 2.66622954e+00 -1.14843757e-01
 2.74257390e+00 -1.23827271e-01
 2.88092640e+00 -1.33781082e-01
 2.86130779e+00 -1.44852410e-01
 2.93289536e+00 -1.57217222e-01
 3.05687160e+00 -1.71087245e-01
 3.23992205e+00 -1.86719039e-01
 3.42840347e+00 -2.04425885e-01
 3.58098156e+00 -2.24593498e-01
 3.71894228e+00 -2.47701058e-01
 3.88025605e+00 -2.74349710e-01
 4.05997604e+00 -3.05301702e-01
 4.30898655e+00 -3.41534979e-01
 4.61986975e+00 -3.84320548e-01
 4.81373663e+00 -4.35334171e-01
 5.05982169e+00 -4.96820844e-01
 5.49125237e+00 -5.71842519e-01
 5.80004888e+00 -6.64660669e-01
 6.44715621e+00 -7.81344039e-01
 6.94984313e+00 -9.30765665e-01
 7.58836446e+00 -1.12629972e+00
 8.28871500e+00 -1.38883444e+00
 9.45950060e+00 -1.75239229e+00
 1.07200257e+01 -2.27523650e+00
 1.23249398e+01 -3.06336193e+00
 1.43786316e+01 -4.32428517e+00
 1.71482930e+01 -6.50171078e+00
 2.10943446e+01 -1.06418114e+01
 2.53701042e+01 -1.93687050e+01
 2.36160281e+01 -3.74623437e+01
 -2.15355219e+00 -5.24003753e+01
 -2.48719964e+01 -3.47921632e+01
 -2.50535376e+01 -1.79766695e+01
 -2.08040336e+01 -1.00282590e+01
 -1.71003824e+01 -6.21078299e+00
 -1.42943117e+01 -4.17501813e+00
 -1.22908403e+01 -2.98255207e+00
 -1.07486565e+01 -2.23036038e+00
 -9.45179309e+00 -1.72764107e+00
 -8.59764275e+00 -1.37592326e+00
 -7.80697978e+00 -1.12061204e+00
 -7.13475654e+00 -9.29597311e-01
 -6.58373472e+00 -7.83045018e-01
 -6.03642779e+00 -6.68189886e-01
 -5.79457044e+00 -5.76524682e-01
 -5.23521039e+00 -5.02207870e-01
 -5.05232924e+00 -4.41123167e-01
 -4.75653597e+00 -3.90303679e-01
 -4.59170516e+00 -3.47567950e-01
 -4.37911319e+00 -3.11283453e-01
 -4.12882987e+00 -2.80209043e-01
 -3.95967643e+00 -2.53387664e-01
 -3.75604847e+00 -2.30071827e-01
 -3.68405101e+00 -2.09670904e-01
 -3.56219991e+00 -1.91713246e-01
 -3.38469595e+00 -1.75818547e-01
 -3.26965207e+00 -1.61677415e-01
 -3.13114573e+00 -1.49036067e-01
 -3.08981367e+00 -1.37684750e-01
 -3.03650561e+00 -1.27448872e-01
 -2.96504062e+00 -1.18182142e-01
 -2.87845971e+00 -1.09761235e-01
 -2.85318836e+00 -1.02081577e-01
 -2.56186166e+00 -9.50540124e-02
 -2.66876962e+00 -8.86021419e-02
 -2.62444887e+00 -8.26601764e-02
 -2.60582773e+00 -7.71712017e-02
 -2.54671565e+00 -7.20857633e-02
 -2.39505626e+00 -6.73607073e-02
 -2.42861848e+00 -6.29582234e-02
 -2.37826153e+00 -5.88450534e-02
 -2.30856674e+00 -5.49918308e-02
 -2.38829898e+00 -5.13725283e-02
 -2.31418175e+00 -4.79639935e-02
 -2.24849411e+00 -4.47455560e-02
 -2.21668166e+00 -4.16986947e-02
 -2.19590289e+00 -3.88067538e-02
 -2.22647199e+00 -3.60546999e-02
 -2.21889651e+00 -3.34289136e-02
 -2.17606778e+00 -3.09170086e-02
 -2.10482302e+00 -2.85076761e-02
 -2.23975041e+00 -2.61905487e-02
 -2.13506912e+00 -2.39560811e-02
 -2.08695792e+00 -2.17954459e-02
 -2.00231332e+00 -1.97004409e-02
 -2.02511320e+00 -1.76634073e-02
 -2.05004321e+00 -1.56771559e-02
 -1.97884984e+00 -1.37349012e-02
 -2.02720469e+00 -1.18302014e-02
 -2.01235823e+00 -9.95690383e-03
 -2.08269283e+00 -8.10909387e-03
 -1.92596271e+00 -6.28104822e-03
 -1.98256671e+00 -4.46719033e-03
 -2.05021470e+00 -2.66204806e-03
 -1.98428091e+00 -8.60212763e-04
 -1.96179752e+00 9.43700685e-04
 -1.99385205e+00 2.75509358e-03
 -2.02382653e+00 4.57942326e-03
 -2.07787370e+00 6.42224373e-03
 -2.04069216e+00 8.28924766e-03
 -2.04614261e+00 1.01863102e-02
 -1.99467139e+00 1.21195355e-02
 -2.04400066e+00 1.40953064e-02
 -1.97032849e+00 1.61203380e-02
 -2.01117933e+00 1.82017365e-02
 -1.94691070e+00 2.03470635e-02
 -1.99766598e+00 2.25644076e-02
 -2.20958238e+00 2.48624641e-02
 -2.14495047e+00 2.72506247e-02
 -2.12204938e+00 2.97390787e-02
 -2.08081365e+00 3.23389281e-02
 -2.18464422e+00 3.50623184e-02
 -2.12447057e+00 3.79225895e-02
 -2.17495573e+00 4.09344483e-02
 -2.28419252e+00 4.41141697e-02
 -2.20368363e+00 4.74798282e-02
 -2.21053378e+00 5.10515700e-02
 -2.29819326e+00 5.48519300e-02
 -2.38985997e+00 5.89062058e-02
 -2.46876086e+00 6.32428981e-02
 -2.47387284e+00 6.78942350e-02
 -2.51547883e+00 7.28967948e-02
 -2.49552867e+00 7.82922534e-02
 -2.58564459e+00 8.41282828e-02
 -2.63422537e+00 9.04596382e-02
 -2.67138487e+00 9.73494799e-02
 -2.73035277e+00 1.04870990e-01
 -2.84046297e+00 1.13109363e-01
 -2.91119137e+00 1.22164268e-01
 -3.03001718e+00 1.32152920e-01
 -3.02171904e+00 1.43213939e-01
 -3.19928973e+00 1.55512228e-01
 -3.29938714e+00 1.69245196e-01
 -3.27749428e+00 1.84650772e-01
 -3.46563384e+00 2.02017807e-01
 -3.63162414e+00 2.21699727e-01
 -3.70133694e+00 2.44132638e-01
 -3.83999982e+00 2.69859637e-01
 -4.09800719e+00 2.99563847e-01
 -4.31550572e+00 3.34113964e-01
 -4.43544817e+00 3.74628012e-01
 -4.64212822e+00 4.22564080e-01
 -4.97467030e+00 4.79851885e-01
 -5.26453081e+00 5.49087459e-01
 -5.60351776e+00 6.33827906e-01
 -6.05271296e+00 7.39049179e-01
 -6.57523277e+00 8.71877824e-01
 -7.05679705e+00 1.04279936e+00
 -7.71030667e+00 1.26772944e+00
 -8.57008669e+00 1.57171857e+00
 -9.52408634e+00 1.99591337e+00
 -1.07039161e+01 2.61140228e+00
 -1.23858671e+01 3.54860740e+00
 -1.44374863e+01 5.06432823e+00
 -1.70102837e+01 7.70552739e+00
 -2.03877110e+01 1.27164380e+01
 -2.24428785e+01 2.27536025e+01
 -1.48235405e+01 3.90118108e+01
 9.46825146e+00 4.23136552e+01
 2.17343398e+01 2.63798141e+01
 2.06133025e+01 1.46127154e+01
 1.73387191e+01 8.68035202e+00
 1.45937415e+01 5.61093106e+00
 1.23782986e+01 3.88319033e+00
 1.06777575e+01 2.83179695e+00
 9.43564340e+00 2.14999781e+00
 8.32950878e+00 1.68479369e+00
 7.51588896e+00 1.35408812e+00
 6.80049534e+00 1.11098524e+00
 6.32657345e+00 9.27247695e-01
 5.70793300e+00 7.85100914e-01
 5.28412142e+00 6.72926470e-01
 5.03749166e+00 5.82880774e-01
 4.66743661e+00 5.09518848e-01
 4.40412410e+00 4.48967835e-01
 4.10959090e+00 3.98413652e-01
 3.98527591e+00 3.55772573e-01
 3.77237873e+00 3.19475514e-01
 3.53345865e+00 2.88322999e-01
 3.30503611e+00 2.61385577e-01
 3.17284493e+00 2.37934134e-01
 3.22217536e+00 2.17390293e-01
 2.92885013e+00 1.99290546e-01
 2.86687191e+00 1.83259952e-01
 2.71075300e+00 1.68992591e-01
 2.61090614e+00 1.56236870e-01
 2.49871170e+00 1.44784347e-01
 2.48525883e+00 1.34461143e-01
 2.39419495e+00 1.25121284e-01
 2.37051542e+00 1.16641493e-01
 2.28481685e+00 1.08917076e-01
 2.18291528e+00 1.01858654e-01
 2.14324960e+00 9.53895452e-02
 2.20355667e+00 8.94436537e-02
 2.09785230e+00 8.39637554e-02
 2.01457439e+00 7.89000988e-02
 1.97710416e+00 7.42092566e-02
 1.92547776e+00 6.98531757e-02
 1.86614505e+00 6.57983907e-02
 1.82569852e+00 6.20153664e-02
 1.77343253e+00 5.84779473e-02
 1.77995094e+00 5.51628948e-02
 1.67043243e+00 5.20494947e-02
 1.74864100e+00 4.91192252e-02
 1.70293112e+00 4.63554732e-02
 1.68584914e+00 4.37432917e-02
 1.63836790e+00 4.12691916e-02
 1.67080083e+00 3.89209620e-02
 1.65363668e+00 3.66875144e-02
 1.51658787e+00 3.45587485e-02
 1.54997779e+00 3.25254333e-02
 1.55529831e+00 3.05791049e-02
 1.56777744e+00 2.87119754e-02
 1.54513438e+00 2.69168532e-02
 1.44972444e+00 2.51870720e-02
 1.56420816e+00 2.35164275e-02
 1.43658859e+00 2.18991209e-02
 1.55483142e+00 2.03297081e-02
 1.41899213e+00 1.88030534e-02
 1.45274688e+00 1.73142872e-02
 1.29939507e+00 1.58587674e-02
 1.33505290e+00 1.44320434e-02
 1.40024809e+00 1.30298222e-02
 1.46715673e+00 1.16479365e-02
 1.41212039e+00 1.02823142e-02
 1.32038254e+00 8.92894861e-03
 1.43293462e+00 7.58386913e-03
 1.39742364e+00 6.24311241e-03
 1.36435104e+00 4.90269287e-03
 1.30681815e+00 3.55857269e-03
 1.34367520e+00 2.20663061e-03
 1.33246215e+00 8.42629186e-04
 1.28361933e+00 -5.37820125e-04
 1.35641956e+00 -1.93929446e-03
 1.44888656e+00 -3.36660041e-03
 1.40806604e+00 -4.82481887e-03
 1.36370576e+00 -6.31935472e-03
 1.37002486e+00 -7.85599237e-03
 1.32323081e+00 -9.44095824e-03
 1.45199493e+00 -1.10809915e-02
 1.39602100e+00 -1.27834248e-02
 1.27944394e+00 -1.45562765e-02
 1.34430643e+00 -1.64083575e-02
 1.45893868e+00 -1.83493946e-02
 1.35537465e+00 -2.03901739e-02
 1.40292925e+00 -2.25427088e-02
 1.47675217e+00 -2.48204378e-02
 1.43646598e+00 -2.72384570e-02
 1.49556351e+00 -2.98137970e-02
 1.50666266e+00 -3.25657521e-02
 1.49817989e+00 -3.55162754e-02
 1.50085524e+00 -3.86904542e-02
 1.58676822e+00 -4.21170855e-02
 1.62105467e+00 -4.58293770e-02
 1.59778854e+00 -4.98658048e-02
 1.50826139e+00 -5.42711713e-02
 1.63494020e+00 -5.90979162e-02
 1.65949351e+00 -6.44077539e-02
 1.72755752e+00 -7.02737332e-02
 1.78809129e+00 -7.67828480e-02
 1.85035675e+00 -8.40393750e-02
 1.84318479e+00 -9.21691770e-02
 1.93384485e+00 -1.01325306e-01
 2.03162632e+00 -1.11695376e-01
 2.10211805e+00 -1.23511359e-01
 2.12641821e+00 -1.37062789e-01
 2.22175126e+00 -1.52714744e-01
 2.28464812e+00 -1.70932735e-01
 2.41152202e+00 -1.92317661e-01
 2.53906588e+00 -2.17655750e-01
 2.74950004e+00 -2.47991270e-01
 2.81035177e+00 -2.84734613e-01
 2.92985268e+00 -3.29826713e-01
 3.18892084e+00 -3.85995739e-01
 3.36665055e+00 -4.57169663e-01
 3.63803985e+00 -5.49161568e-01
 3.91043872e+00 -6.70851315e-01
 4.32825886e+00 -8.36311757e-01
 4.85656561e+00 -1.06882466e+00
 5.42975207e+00 -1.40889303e+00
 6.11595572e+00 -1.93121448e+00
 7.06518572e+00 -2.78281913e+00
 8.21129537e+00 -4.27160523e+00
 9.52226728e+00 -7.04993300e+00
 9.23892253e+00 -1.21372696e+01
 3.59510042e+00 -1.79838982e+01
 -5.62058954e+00 -1.62883802e+01
 -8.71032878e+00 -1.00305619e+01
 -8.21813113e+00 -5.86574432e+00
 -7.00109639e+00 -3.65299228e+00
 -5.84452992e+00 -2.44191667e+00
 -5.01571838e+00 -1.73065339e+00
 -4.42050989e+00 -1.28418350e+00
 -3.77143751e+00 -9.87907487e-01
 -3.39375310e+00 -7.82172416e-01
 -2.95316291e+00 -6.33904504e-01
 -2.64249024e+00 -5.23721478e-01
 -2.46567676e+00 -4.39711998e-01
 -2.10895368e+00 -3.74252662e-01
 -2.06818584e+00 -3.22291470e-01
 -1.83283037e+00 -2.80378257e-01
 -1.75463207e+00 -2.46094342e-01
 -1.67217078e+00 -2.17704827e-01
 -1.51013087e+00 -1.93939860e-01
 -1.39960063e+00 -1.73853130e-01
 -1.43748934e+00 -1.56728025e-01
 -1.25063172e+00 -1.42013999e-01
 -1.19037297e+00 -1.29282546e-01
 -1.04033103e+00 -1.18196191e-01
 -9.62352453e-01 -1.08486273e-01
 -1.01589966e+00 -9.99368090e-02
 -1.02331114e+00 -9.23725858e-02
 -8.99425579e-01 -8.56502832e-02
 -9.83397033e-01 -7.96517664e-02
 -7.54220717e-01 -7.42789676e-02
 -8.36725712e-01 -6.94499399e-02
 -7.97697645e-01 -6.50957880e-02
 -7.68599137e-01 -6.11582584e-02
 -6.81290950e-01 -5.75878337e-02
 -6.24883143e-01 -5.43422131e-02
 -6.39383280e-01 -5.13850934e-02
 -5.40497562e-01 -4.86851826e-02
 -6.28491999e-01 -4.62153997e-02
 -5.91437898e-01 -4.39522182e-02
 -6.16052376e-01 -4.18751280e-02
 -4.46786319e-01 -3.99661892e-02
 -4.66908475e-01 -3.82096620e-02
 -4.77740091e-01 -3.65916982e-02
 -4.26328822e-01 -3.51000814e-02
 -3.26930966e-01 -3.37240095e-02
 -3.80863463e-01 -3.24539106e-02
 -3.82062992e-01 -3.12812861e-02
 -4.24983951e-01 -3.01985788e-02
 -3.73681065e-01 -2.91990583e-02
 -3.85833083e-01 -2.82767249e-02
 -2.71883008e-01 -2.74262257e-02
 -2.32017793e-01 -2.66427835e-02
 -2.97112882e-01 -2.59221343e-02
 -2.93192704e-01 -2.52604749e-02
 -3.05475041e-01 -2.46544166e-02
 -1.99794257e-01 -2.41009454e-02
 -2.76620184e-01 -2.35973880e-02
 -1.95371287e-01 -2.31413820e-02
 -6.39178841e-02 -2.27308510e-02
 -1.96995633e-01 -2.23639823e-02
 -2.51605253e-01 -2.20392090e-02
 -1.59681324e-01 -2.17551939e-02
 -2.06290591e-01 -2.15108172e-02
 -1.92958154e-01 -2.13051654e-02
 -2.22232329e-01 -2.11375234e-02
 -6.83393377e-02 -2.10073683e-02
 -1.15249644e-01 -2.09143652e-02
 -9.80086242e-02 -2.08583648e-02
 -4.58789872e-02 -2.08394035e-02
 -1.01310819e-01 -2.08577046e-02
 -1.30983429e-01 -2.09136820e-02
 -4.46064003e-02 -2.10079460e-02
 -7.16142836e-02 -2.11413106e-02
 -1.89308865e-02 -2.13148040e-02
 -9.39217780e-02 -2.15296810e-02
 -8.05096159e-02 -2.17874381e-02
 1.15202702e-02 -2.20898320e-02
 -1.83272071e-03 -2.24389015e-02
 1.08243747e-01 -2.28369931e-02
 -7.37406847e-03 -2.32867910e-02
 -8.46248474e-03 -2.37913525e-02
 1.10506314e-01 -2.43541494e-02
 7.19558797e-03 -2.49791155e-02
 -1.35846970e-03 -2.56707034e-02
 5.28233963e-02 -2.64339499e-02
 1.53682575e-01 -2.72745527e-02
 7.69498496e-02 -2.81989610e-02
 1.39964483e-02 -2.92144813e-02
 8.02382938e-02 -3.03294029e-02
 1.59496980e-01 -3.15531456e-02
 2.03065955e-01 -3.28964362e-02
 2.04201431e-01 -3.43715177e-02
 2.04599549e-01 -3.59924005e-02
 2.09661332e-01 -3.77751646e-02
 2.95505941e-01 -3.97383235e-02
 3.25552927e-01 -4.19032669e-02
 1.96699853e-01 -4.42948011e-02
 3.31853464e-01 -4.69418115e-02
 4.07843790e-01 -4.98780812e-02
 4.12419776e-01 -5.31433083e-02
 4.49568793e-01 -5.67843784e-02
 4.22205623e-01 -6.08569692e-02
 4.29140700e-01 -6.54275880e-02
 5.38282213e-01 -7.05761828e-02
 4.90387669e-01 -7.63995160e-02
 5.37510261e-01 -8.30155675e-02
 6.42911622e-01 -9.05693414e-02
 6.39951373e-01 -9.92406077e-02
 7.39044989e-01 -1.09254353e-01
 7.16711398e-01 -1.20895071e-01
 7.57591329e-01 -1.34526595e-01
 8.77038387e-01 -1.50620047e-01
 9.75737007e-01 -1.69793915e-01
 1.13525620e+00 -1.92872634e-01
 1.11195495e+00 -2.20974026e-01
 1.32661731e+00 -2.55642914e-01
 1.48266065e+00 -2.99060699e-01
 1.57932359e+00 -3.54383892e-01
 1.75819385e+00 -4.26309289e-01
 1.95757346e+00 -5.22053370e-01
 2.24577670e+00 -6.53122353e-01
 2.62956973e+00 -8.38665093e-01
 2.97269899e+00 -1.11215799e+00
 3.55934591e+00 -1.53543854e+00
 4.19306236e+00 -2.22930627e+00
 4.81817953e+00 -3.43829719e+00
 5.40968951e+00 -5.62046747e+00
 4.37852516e+00 -9.11968641e+00
 -1.90638089e-01 -1.16403511e+01
 -5.09567806e+00 -9.38140403e+00
 -6.28519791e+00 -5.82536882e+00
 -5.81694111e+00 -3.55715773e+00
 -5.14871399e+00 -2.29859423e+00
 -4.42620264e+00 -1.57831132e+00
 -3.95309852e+00 -1.14027455e+00
 -3.52261421e+00 -8.57951194e-01
 -3.17866532e+00 -6.66755572e-01
 -2.81913585e+00 -5.31840127e-01
 -2.70924473e+00 -4.33333139e-01
 -2.50766230e+00 -3.59326047e-01
 -2.40293455e+00 -3.02367077e-01
 -2.23802142e+00 -2.57615659e-01
 -2.15285863e+00 -2.21823951e-01
 -1.92051957e+00 -1.92750504e-01
 -1.94744654e+00 -1.68809791e-01
 -1.87695177e+00 -1.48855624e-01
 -1.76756495e+00 -1.32043298e-01
 -1.67515098e+00 -1.17739508e-01
 -1.61951141e+00 -1.05462066e-01
 -1.55938264e+00 -9.48387081e-02
 -1.56905457e+00 -8.55783914e-02
 -1.46952847e+00 -7.74509503e-02
 -1.49364103e+00 -7.02724440e-02
 -1.46708077e+00 -6.38944504e-02
 -1.44832368e+00 -5.81961389e-02
 -1.34811011e+00 -5.30783285e-02
 -1.22955856e+00 -4.84589835e-02
 -1.41902030e+00 -4.42697634e-02
 -1.29339435e+00 -4.04533542e-02
 -1.25133833e+00 -3.69613850e-02
 -1.28982948e+00 -3.37527884e-02
 -1.29279714e+00 -3.07924999e-02
 -1.24258899e+00 -2.80504174e-02
 -1.22830137e+00 -2.55005647e-02
 -1.21265191e+00 -2.31204125e-02
 -1.20481923e+00 -2.08903258e-02
 -1.23370676e+00 -1.87931098e-02
 -1.20522517e+00 -1.68136353e-02
 -1.23563986e+00 -1.49385286e-02
 -1.21853762e+00 -1.31559117e-02
 -1.15692163e+00 -1.14551852e-02
 -1.18149034e+00 -9.82684548e-03
 -1.15798429e+00 -8.26232930e-03
 -1.14414245e+00 -6.75388169e-03
 -1.08645443e+00 -5.29444302e-03
 -1.12831050e+00 -3.87755166e-03
 -1.15404344e+00 -2.49725986e-03
 -1.07914580e+00 -1.14806051e-03
 -1.11250911e+00 1.75176980e-04
 -1.11109765e+00 1.47726325e-03
 -1.11167999e+00 2.76273916e-03
 -1.13445056e+00 4.03592075e-03
 -1.11023344e+00 5.30093983e-03
 -1.13689892e+00 6.56178094e-03
 -1.08697592e+00 7.82231553e-03
 -1.18308536e+00 9.08633366e-03
 -1.15210204e+00 1.03575740e-02
 -1.15888670e+00 1.16397525e-02
 -1.23696909e+00 1.29365900e-02
 -1.13731188e+00 1.42518398e-02
 -1.16403527e+00 1.55893146e-02
 -1.20411270e+00 1.69529136e-02
 -1.21092776e+00 1.83466511e-02
 -1.22994340e+00 1.97746852e-02
 -1.28501555e+00 2.12413482e-02
 -1.27686101e+00 2.27511789e-02
 -1.15830331e+00 2.43089574e-02
 -1.21157767e+00 2.59197416e-02
 -1.23265370e+00 2.75889086e-02
 -1.28177970e+00 2.93221986e-02
 -1.37863645e+00 3.11257640e-02
 -1.33953194e+00 3.30062239e-02
 -1.29884221e+00 3.49707248e-02
 -1.37092202e+00 3.70270085e-02
 -1.36310981e+00 3.91834888e-02
 -1.37396901e+00 4.14493377e-02
 -1.36400728e+00 4.38345842e-02
 -1.56636751e+00 4.63502256e-02
 -1.40568692e+00 4.90083555e-02
 -1.50198782e+00 5.18223105e-02
 -1.50529630e+00 5.48068391e-02
 -1.57231488e+00 5.79782963e-02
 -1.55769275e+00 6.13548697e-02
 -1.55724615e+00 6.49568425e-02
 -1.73873671e+00 6.88069004e-02
 -1.75933681e+00 7.29304905e-02
 -1.72601184e+00 7.73562452e-02
 -1.70706856e+00 8.21164811e-02
 -1.68098396e+00 8.72477917e-02
 -1.78101912e+00 9.27917533e-02
 -1.90481331e+00 9.87957689e-02
 -1.92444683e+00 1.05314084e-01
 -1.89461574e+00 1.12409013e-01
 -1.98672536e+00 1.20152428e-01
 -2.17650398e+00 1.28627581e-01
 -2.15864685e+00 1.37931338e-01
 -2.25341166e+00 1.48176942e-01
 -2.36379031e+00 1.59497454e-01
 -2.41161019e+00 1.72050061e-01
 -2.34243985e+00 1.86021516e-01
 -2.49347821e+00 2.01635064e-01
 -2.64083547e+00 2.19159320e-01
 -2.76348040e+00 2.38919783e-01
 -2.77724049e+00 2.61313875e-01
 -2.99275467e+00 2.86830833e-01
 -3.14525134e+00 3.16078288e-01
 -3.18396401e+00 3.49818243e-01
 -3.45769832e+00 3.89016408e-01
 -3.70388240e+00 4.34910860e-01
 -3.90236316e+00 4.89109133e-01
 -4.07594963e+00 5.53727918e-01
 -4.34173337e+00 6.31597992e-01
 -4.75905664e+00 7.26571312e-01
 -5.08145534e+00 8.43992212e-01
 -5.46036647e+00 9.91439684e-01
 -5.93379020e+00 1.17993165e+00
 -6.41186025e+00 1.42594424e+00
 -7.21214963e+00 1.75492466e+00
 -7.96866269e+00 2.20765779e+00
 -9.05884126e+00 2.85232978e+00
 -1.03189873e+01 3.80845484e+00
 -1.18594991e+01 5.29620967e+00
 -1.36786228e+01 7.73863812e+00
 -1.55890729e+01 1.19448222e+01
 -1.57761384e+01 1.91426275e+01
 -1.01439017e+01 2.87903639e+01
 3.91891459e+00 3.20885450e+01
 1.45150379e+01 2.40932398e+01
 1.65291302e+01 1.52092478e+01
 1.50232750e+01 9.62448098e+00
 1.32689433e+01 6.41092358e+00
 1.14441683e+01 4.50381370e+00
 1.01274270e+01 3.31006600e+00
 9.06525226e+00 2.52344786e+00
 8.12064586e+00 1.98155959e+00
 7.25520179e+00 1.59404235e+00
 6.75820187e+00 1.30808982e+00
 6.17652436e+00 1.09142505e+00
 5.79313921e+00 9.23521972e-01
 5.28130639e+00 7.90867550e-01
 5.04007814e+00 6.84292588e-01
 4.70069888e+00 5.97408415e-01
 4.52357914e+00 5.25658711e-01
 4.23749332e+00 4.65726217e-01
 3.99636831e+00 4.15151026e-01
 3.89557014e+00 3.72078781e-01
 3.68692105e+00 3.35090803e-01
 3.58933745e+00 3.03087142e-01
 3.46958751e+00 2.75204569e-01
 3.32601968e+00 2.50758105e-01
 3.18146234e+00 2.29198690e-01
 3.09111339e+00 2.10082105e-01
 2.94436016e+00 1.93045857e-01
 2.86401422e+00 1.77791794e-01
 2.79147721e+00 1.64072868e-01
 2.75732829e+00 1.51682971e-01
 2.70532501e+00 1.40449044e-01
 2.62441930e+00 1.30224905e-01
 2.65815217e+00 1.20886370e-01
 2.51690554e+00 1.12327386e-01
 2.49328225e+00 1.04456921e-01
 2.42980121e+00 9.71964643e-02
 2.40285416e+00 9.04779904e-02
 2.31850409e+00 8.42423034e-02
 2.31302167e+00 7.84376717e-02
 2.21475623e+00 7.30187029e-02
 2.15429693e+00 6.79454090e-02
 2.13127758e+00 6.31824264e-02
 2.12419288e+00 5.86983622e-02
 2.13606677e+00 5.44652433e-02
 2.19727873e+00 5.04580503e-02
 2.08372150e+00 4.66543214e-02
 2.16828731e+00 4.30338145e-02
 2.00043579e+00 3.95782169e-02
 2.16256938e+00 3.62708960e-02
 1.94658044e+00 3.30966835e-02
 2.04122799e+00 3.00416877e-02
 2.03662477e+00 2.70931297e-02
 2.01548523e+00 2.42392002e-02
 2.01218055e+00 2.14689328e-02
 2.02923605e+00 1.87720912e-02
 1.96705167e+00 1.61390700e-02
 2.00852886e+00 1.35608038e-02
 1.89796789e+00 1.10286861e-02
 1.97745750e+00 8.53449517e-03
 1.85013629e+00 6.07032521e-03
 1.98601106e+00 3.62852290e-03
 1.92230638e+00 1.20162742e-03
 1.96652538e+00 -1.21768654e-03
 2.01447852e+00 -3.63666362e-03
 1.94375589e+00 -6.06252149e-03
 1.94590894e+00 -8.50250382e-03
 2.02724020e+00 -1.09639335e-02
 2.01557226e+00 -1.34542667e-02
 1.96582059e+00 -1.59811488e-02
 1.96795780e+00 -1.85524723e-02
 2.01555052e+00 -2.11764382e-02
 2.05586955e+00 -2.38616217e-02
 2.01982485e+00 -2.66170430e-02
 1.98654764e+00 -2.94522439e-02
 2.06180638e+00 -3.23773724e-02
 1.99443477e+00 -3.54032761e-02
 2.01786073e+00 -3.85416059e-02
 2.08800863e+00 -4.18049326e-02
 2.12927777e+00 -4.52068782e-02
 2.06733721e+00 -4.87622640e-02
 2.18475381e+00 -5.24872797e-02
 2.23137983e+00 -5.63996765e-02
 2.14206914e+00 -6.05189889e-02
 2.26855926e+00 -6.48667896e-02
 2.42314463e+00 -6.94669860e-02
 2.34788566e+00 -7.43461629e-02
 2.39723948e+00 -7.95339839e-02
 2.33008088e+00 -8.50636612e-02
 2.33293564e+00 -9.09725071e-02
 2.44911153e+00 -9.73025877e-02
 2.46046307e+00 -1.04101496e-01
 2.60717226e+00 -1.11423276e-01
 2.51051345e+00 -1.19329526e-01
 2.59618839e+00 -1.27890729e-01
 2.71306723e+00 -1.37187860e-01
 2.77408027e+00 -1.47314342e-01
 2.87583874e+00 -1.58378436e-01
 2.90283569e+00 -1.70506180e-01
 2.94445056e+00 -1.83845032e-01
 3.10467128e+00 -1.98568402e-01
 3.11714803e+00 -2.14881349e-01
 3.24526117e+00 -2.33027774e-01
 3.35456699e+00 -2.53299602e-01
 3.49529141e+00 -2.76048572e-01
 3.60500984e+00 -3.01701550e-01
 3.77054354e+00 -3.30780589e-01
 3.88857634e+00 -3.63929503e-01
 4.12895825e+00 -4.01949469e-01
 4.27323716e+00 -4.45847341e-01
 4.51157920e+00 -4.96902075e-01
 4.71518972e+00 -5.56757453e-01
 4.96306927e+00 -6.27553584e-01
 5.22440891e+00 -7.12116755e-01
 5.62965898e+00 -8.14238890e-01
 5.98149843e+00 -9.39097860e-01
 6.31108200e+00 -1.09390484e+00
 6.89629696e+00 -1.28892811e+00
 7.48536075e+00 -1.53916038e+00
 8.13004475e+00 -1.86712447e+00
 8.96914986e+00 -2.30776765e+00
 1.01138399e+01 -2.91734071e+00
 1.13268909e+01 -3.79017652e+00
 1.26204972e+01 -5.09161067e+00
 1.45479993e+01 -7.12386013e+00
 1.65310210e+01 -1.04515128e+01
 1.79686521e+01 -1.60619739e+01
 1.67005735e+01 -2.49624391e+01
 7.54668120e+00 -3.44279826e+01
 -7.88092416e+00 -3.42575166e+01
 -1.68085549e+01 -2.47039790e+01
 -1.78020425e+01 -1.58959802e+01
 -1.62464165e+01 -1.03639788e+01
 -1.43107749e+01 -7.08033478e+00
 -1.25076547e+01 -5.07137823e+00
 -1.10324377e+01 -3.78246701e+00
 -9.77026024e+00 -2.91655917e+00
 -8.82841145e+00 -2.31091258e+00
 -8.08286021e+00 -1.87252468e+00
 -7.29985474e+00 -1.54585327e+00
 -6.75606039e+00 -1.29634342e+00
 -6.18584561e+00 -1.10169736e+00
 -5.82005795e+00 -9.47055580e-01
 -5.46069032e+00 -8.22230772e-01
 -5.13435446e+00 -7.20062079e-01
 -4.87618078e+00 -6.35403479e-01
 -4.53301006e+00 -5.64483490e-01
 -4.33403059e+00 -5.04489076e-01
 -4.16054674e+00 -4.53288771e-01
 -3.95203103e+00 -4.09244430e-01
 -3.79971681e+00 -3.71080753e-01
 -3.72060225e+00 -3.37793229e-01
 -3.48334876e+00 -3.08582137e-01
 -3.29763120e+00 -2.82804526e-01
 -3.37273065e+00 -2.59938810e-01
 -3.10463630e+00 -2.39558321e-01
 -3.09156623e+00 -2.21311339e-01
 -3.01314765e+00 -2.04905846e-01
 -2.77494849e+00 -1.90097775e-01
 -2.76843768e+00 -1.76681856e-01
 -2.68887152e+00 -1.64484449e-01
 -2.65182684e+00 -1.53357856e-01
 -2.64342925e+00 -1.43175801e-01
 -2.51040915e+00 -1.33829794e-01
 -2.49577370e+00 -1.25226193e-01
 -2.43510337e+00 -1.17283823e-01
 -2.33144693e+00 -1.09932015e-01
 -2.34819820e+00 -1.03109003e-01
 -2.25220695e+00 -9.67605957e-02
 -2.24426679e+00 -9.08390689e-02
 -2.10162343e+00 -8.53022461e-02
 -2.18551477e+00 -8.01127219e-02
 -2.13958720e+00 -7.52372100e-02
 -2.10228554e+00 -7.06459905e-02
 -2.06004995e+00 -6.63124398e-02
 -2.10010665e+00 -6.22126299e-02
 -2.01965962e+00 -5.83249845e-02
 -2.06455486e+00 -5.46299833e-02
 -1.96094668e+00 -5.11099067e-02
 -1.92650302e+00 -4.77486142e-02
 -1.83935687e+00 -4.45313515e-02
 -1.73453993e+00 -4.14445819e-02
 -1.90931435e+00 -3.84758384e-02
 -1.92917367e+00 -3.56135931e-02
 -1.79064924e+00 -3.28471411e-02
 -1.88283121e+00 -3.01664980e-02
 -1.79023963e+00 -2.75623072e-02
 -1.79824332e+00 -2.50257565e-02
 -1.81719827e+00 -2.25485027e-02
 -1.79084867e+00 -2.01226024e-02
 -1.80109551e+00 -1.77404479e-02
 -1.80373394e+00 -1.53947083e-02
 -1.71264673e+00 -1.30782728e-02
 -1.68501436e+00 -1.07841981e-02
 -1.84286498e+00 -8.50565675e-03
 -1.62655980e+00 -6.23588704e-03
 -1.81725924e+00 -3.96814376e-03
 -1.73361967e+00 -1.69564844e-03
 -1.73150416e+00 5.88461091e-04
 -1.71989185e+00 2.89118252e-03
 -1.78218420e+00 5.21970328e-03
 -1.78747136e+00 7.58145769e-03
 -1.69508527e+00 9.98418812e-03
 -1.77988620e+00 1.24360110e-02
 -1.67696056e+00 1.49454886e-02
 -1.74827700e+00 1.75217087e-02
 -1.76708755e+00 2.01743721e-02
 -1.84972498e+00 2.29138906e-02
 -1.84351938e+00 2.57514981e-02
 -1.77316206e+00 2.86993752e-02
 -1.88557006e+00 3.17707914e-02
 -1.82737700e+00 3.49802682e-02
 -1.80639755e+00 3.83437660e-02
 -1.79914005e+00 4.18789008e-02
 -1.94403204e+00 4.56051947e-02
 -1.95313381e+00 4.95443688e-02
 -1.89846195e+00 5.37206856e-02
 -2.03224714e+00 5.81613522e-02
 -1.93116749e+00 6.28969959e-02
 -2.01977803e+00 6.79622296e-02
 -2.01255967e+00 7.33963253e-02
 -2.21485227e+00 7.92440206e-02
 -2.14132154e+00 8.55564917e-02
 -2.16074860e+00 9.23925285e-02
 -2.25197406e+00 9.98199677e-02
 -2.22814220e+00 1.07917444e-01
 -2.29028176e+00 1.16776552e-01
 -2.29735096e+00 1.26504516e-01
 -2.35741164e+00 1.37227534e-01
 -2.40422133e+00 1.49094973e-01
 -2.58956797e+00 1.62284682e-01
 -2.62557367e+00 1.77009778e-01
 -2.60596750e+00 1.93527389e-01
 -2.79802390e+00 2.12150015e-01
 -2.77890866e+00 2.33260454e-01
 -2.98054622e+00 2.57331608e-01
 -3.12736523e+00 2.84953092e-01
 -3.14301209e+00 3.16867412e-01
 -3.34065038e+00 3.54019858e-01
 -3.38439882e+00 3.97628329e-01
 -3.58749063e+00 4.49282655e-01
 -3.92984086e+00 5.11088439e-01
 -4.08573708e+00 5.85879482e-01
 -4.34538870e+00 6.77538363e-01
 -4.61476811e+00 7.91491918e-01
 -5.00207738e+00 9.35497548e-01
 -5.27091440e+00 1.12092797e+00
 -5.74921687e+00 1.36493889e+00
 -6.39741974e+00 1.69425580e+00
 -6.97717903e+00 2.15203644e+00
 -7.87406472e+00 2.81075590e+00
 -8.84749944e+00 3.79703804e+00
 -9.98869926e+00 5.33908079e+00
 -1.11981727e+01 7.84514499e+00
 -1.16494503e+01 1.19360004e+01
 -9.67335714e+00 1.78040205e+01
 -2.48042990e+00 2.24324526e+01
 6.41629690e+00 2.04157147e+01
 1.04711632e+01 1.44169527e+01
 1.07923727e+01 9.45881986e+00
 9.86062874e+00 6.32620148e+00
 8.64415797e+00 4.41607997e+00
 7.57729639e+00 3.21667594e+00
 6.74685022e+00 2.43054597e+00
 5.98607867e+00 1.89336392e+00
 5.45266066e+00 1.51252504e+00
 4.86686672e+00 1.23384807e+00
 4.35720009e+00 1.02434320e+00
 4.08896457e+00 8.63155937e-01
 3.75459845e+00 7.36649166e-01
 3.47890058e+00 6.35632727e-01
 3.18778581e+00 5.53745869e-01
 3.08054537e+00 4.86480823e-01
 2.92563882e+00 4.30575149e-01
 2.69804028e+00 3.83622998e-01
 2.48354827e+00 3.43820130e-01
 2.37745843e+00 3.09792849e-01
 2.26639178e+00 2.80480862e-01
 2.19639985e+00 2.55055555e-01
 2.05102734e+00 2.32862003e-01
 2.00999615e+00 2.13377182e-01
 1.90336141e+00 1.96179420e-01
 1.73295370e+00 1.80925774e-01
 1.69419734e+00 1.67335068e-01
 1.67097385e+00 1.55175043e-01
 1.51218937e+00 1.44252505e-01
 1.51891756e+00 1.34405720e-01
 1.55262349e+00 1.25498466e-01
 1.45393495e+00 1.17415365e-01
 1.45916658e+00 1.10058172e-01
 1.37715773e+00 1.03342818e-01
 1.33358443e+00 9.71970275e-02
 1.28618769e+00 9.15583883e-02
 1.16855811e+00 8.63727840e-02
 1.23045735e+00 8.15931052e-02
 1.12992686e+00 7.71781904e-02
 1.20103657e+00 7.30919479e-02
 1.07577968e+00 6.93026252e-02
 1.02152569e+00 6.57821987e-02
 1.05959823e+00 6.25058607e-02
 9.66345453e-01 5.94515868e-02
 1.06672606e+00 5.65997698e-02
 1.17927612e+00 5.39329088e-02
 8.94775819e-01 5.14353432e-02
 8.66057349e-01 4.90930255e-02
 9.56676261e-01 4.68933264e-02
 9.21165728e-01 4.48248662e-02
 8.36717396e-01 4.28773694e-02
 8.91430112e-01 4.10415389e-02
 8.10003848e-01 3.93089459e-02
 8.45108990e-01 3.76719349e-02
 8.13876475e-01 3.61235395e-02
 8.07033825e-01 3.46574099e-02
 7.68304965e-01 3.32677482e-02
 8.47799789e-01 3.19492516e-02
 6.95885386e-01 3.06970630e-02
 7.74867336e-01 2.95067261e-02
 7.51516138e-01 2.83741471e-02
 7.06201107e-01 2.72955588e-02
 6.91630757e-01 2.62674909e-02
 7.27141179e-01 2.52867412e-02
 6.89700757e-01 2.43503517e-02
 6.51621252e-01 2.34555866e-02
 6.20560463e-01 2.25999118e-02
 6.97946606e-01 2.17809779e-02
 7.52412088e-01 2.09966038e-02
 6.36206150e-01 2.02447625e-02
 7.07523303e-01 1.95235681e-02
 6.36356757e-01 1.88312639e-02
 5.49557051e-01 1.81662121e-02
 6.02579839e-01 1.75268837e-02
 6.48517018e-01 1.69118503e-02
 5.67301693e-01 1.63197760e-02
 5.59580394e-01 1.57494100e-02
 5.68212192e-01 1.51995801e-02
 5.37560163e-01 1.46691868e-02
 6.20734712e-01 1.41571978e-02
 5.77389488e-01 1.36626430e-02
 5.26297839e-01 1.31846098e-02
 6.22982295e-01 1.27222390e-02
 5.68265100e-01 1.22747209e-02
 5.25954063e-01 1.18412919e-02
 5.13137191e-01 1.14212309e-02
 5.49334417e-01 1.10138566e-02
 5.27799675e-01 1.06185247e-02
 4.43149547e-01 1.02346254e-02
 5.01129257e-01 9.86158061e-03
 5.15964124e-01 9.49884242e-03
 5.63133874e-01 9.14589062e-03
 5.53988740e-01 8.80223098e-03
 4.12890125e-01 8.46739352e-03
 5.69137853e-01 8.14093089e-03
 5.23132223e-01 7.82241687e-03
 3.79910429e-01 7.51144496e-03
 4.42150843e-01 7.20762714e-03
 5.54108992e-01 6.91059258e-03
 5.26800926e-01 6.61998656e-03
 4.62377678e-01 6.33546940e-03
 3.97394037e-01 6.05671549e-03
 5.36469285e-01 5.78341233e-03
 5.06283219e-01 5.51525967e-03
 5.40506528e-01 5.25196873e-03
 5.03607579e-01 4.99326137e-03
 5.35887634e-01 4.73886941e-03
 4.96910752e-01 4.48853395e-03
 4.30191475e-01 4.24200467e-03
 4.89004659e-01 3.99903930e-03
 4.01907772e-01 3.75940298e-03
 4.15408681e-01 3.52286771e-03
 4.40919346e-01 3.28921187e-03
 4.31787029e-01 3.05821968e-03
 4.57735792e-01 2.82968075e-03
 3.90198317e-01 2.60338958e-03
 4.18482271e-01 2.37914519e-03
 4.64359585e-01 2.15675061e-03
 4.65052368e-01 1.93601257e-03
 4.63384870e-01 1.71674101e-03
 4.07930193e-01 1.49874877e-03
 4.56631579e-01 1.28185118e-03
 3.90409339e-01 1.06586572e-03
 4.29602641e-01 8.50611614e-04
 4.65462477e-01 6.35909562e-04
 4.23025136e-01 4.21581326e-04
 4.32866250e-01 2.07449422e-04
 4.83380777e-01 -6.66322488e-06
 4.78290933e-01 -2.20933616e-04
 4.70676392e-01 -4.35539014e-04
 5.12264457e-01 -6.50657280e-04
 3.89000405e-01 -8.66467211e-04
 5.06795323e-01 -1.08314888e-03
 4.54137910e-01 -1.30088399e-03
 4.51146206e-01 -1.51985620e-03
 4.17142013e-01 -1.74025152e-03
 3.81424378e-01 -1.96225866e-03
 4.10455626e-01 -2.18606937e-03
 3.87725072e-01 -2.41187890e-03
 4.97161238e-01 -2.63988632e-03
 4.15220104e-01 -2.87029500e-03
 3.91394028e-01 -3.10331297e-03
 3.84345670e-01 -3.33915344e-03
 3.62752673e-01 -3.57803517e-03
 3.81232987e-01 -3.82018305e-03
 3.96612355e-01 -4.06582854e-03
 5.33349242e-01 -4.31521020e-03
 4.43457590e-01 -4.56857429e-03
 4.27364262e-01 -4.82617532e-03
 5.30373452e-01 -5.08827670e-03
 5.07511546e-01 -5.35515135e-03
 4.91757597e-01 -5.62708243e-03
 4.85691127e-01 -5.90436404e-03
 4.71051322e-01 -6.18730205e-03
 3.63375156e-01 -6.47621485e-03
 5.20229645e-01 -6.77143431e-03
 3.90308049e-01 -7.07330664e-03
 4.47553246e-01 -7.38219346e-03
 5.24235461e-01 -7.69847282e-03
 4.90866173e-01 -8.02254035e-03
 5.32341163e-01 -8.35481050e-03
 3.86543076e-01 -8.69571783e-03
 5.60243954e-01 -9.04571842e-03
 5.38998950e-01 -9.40529139e-03
 5.24335283e-01 -9.77494052e-03
 5.86001020e-01 -1.01551960e-02
 4.61003217e-01 -1.05466162e-02
 5.01563145e-01 -1.09497899e-02
 5.45794539e-01 -1.13653384e-02
 5.35271626e-01 -1.17939178e-02
 5.10696508e-01 -1.22362217e-02
 5.24546589e-01 -1.26929838e-02
 6.26983186e-01 -1.31649811e-02
 5.77288528e-01 -1.36530371e-02
 5.48098686e-01 -1.41580251e-02
 6.11989717e-01 -1.46808725e-02
 5.60803099e-01 -1.52225647e-02
 6.18422851e-01 -1.57841497e-02
 5.05924678e-01 -1.63667433e-02
 5.76572009e-01 -1.69715341e-02
 5.20028822e-01 -1.75997901e-02
 5.67586107e-01 -1.82528647e-02
 6.91692617e-01 -1.89322040e-02
 6.39998032e-01 -1.96393549e-02
 7.06329234e-01 -2.03759734e-02
 6.11409511e-01 -2.11438345e-02
 5.80418509e-01 -2.19448423e-02
 7.26726774e-01 -2.27810418e-02
 6.35242934e-01 -2.36546316e-02
 6.82632590e-01 -2.45679782e-02
 7.31834652e-01 -2.55236317e-02
 6.68156078e-01 -2.65243429e-02
 6.57423278e-01 -2.75730831e-02
 7.80350744e-01 -2.86730655e-02
 6.05775428e-01 -2.98277693e-02
 7.39171788e-01 -3.10409667e-02
 8.32676556e-01 -3.23167530e-02
 7.52942331e-01 -3.36595804e-02
 7.59849269e-01 -3.50742959e-02
 8.49244823e-01 -3.65661846e-02
 7.99067216e-01 -3.81410174e-02
 8.19451738e-01 -3.98051058e-02
 8.48258037e-01 -4.15653641e-02
 8.24158267e-01 -4.34293794e-02
 8.14808753e-01 -4.54054919e-02
 8.73542252e-01 -4.75028859e-02
 9.81475433e-01 -4.97316949e-02
 9.25362844e-01 -5.21031209e-02
 9.19684397e-01 -5.46295730e-02
 9.22738019e-01 -5.73248260e-02
 9.93887905e-01 -6.02042050e-02
 9.91124171e-01 -6.32847989e-02
 1.09772512e+00 -6.65857091e-02
 1.02838471e+00 -7.01283405e-02
 1.05402897e+00 -7.39367423e-02
 1.22942827e+00 -7.80380086e-02
 1.14984687e+00 -8.24627525e-02
 1.17866020e+00 -8.72456675e-02
 1.20417474e+00 -9.24261962e-02
 1.27918560e+00 -9.80493309e-02
 1.35657009e+00 -1.04166575e-01
 1.37488606e+00 -1.10837103e-01
 1.40379862e+00 -1.18129172e-01
 1.40776041e+00 -1.26121841e-01
 1.52958705e+00 -1.34907083e-01
 1.44905208e+00 -1.44592391e-01
 1.53999118e+00 -1.55304026e-01
 1.68211516e+00 -1.67191068e-01
 1.74617301e+00 -1.80430538e-01
 1.76661277e+00 -1.95233894e-01
 1.82303672e+00 -2.11855364e-01
 1.99200883e+00 -2.30602713e-01
 2.00490433e+00 -2.51851291e-01
 2.23883380e+00 -2.76062557e-01
 2.34330894e+00 -3.03808780e-01
 2.31233449e+00 -3.35806345e-01
 2.46508239e+00 -3.72961283e-01
 2.67282975e+00 -4.16432342e-01
 2.88426046e+00 -4.67719746e-01
 3.09052334e+00 -5.28792133e-01
 3.23458310e+00 -6.02271457e-01
 3.50796113e+00 -6.91707693e-01
 3.60583779e+00 -8.01995910e-01
 4.00091587e+00 -9.40024745e-01
 4.39960583e+00 -1.11571122e+00
 4.83525648e+00 -1.34369917e+00
 5.30756128e+00 -1.64623175e+00
 5.95002698e+00 -2.05816067e+00
 6.54664811e+00 -2.63593241e+00
 7.49270919e+00 -3.47400323e+00
 8.42944801e+00 -4.73439728e+00
 9.37078178e+00 -6.69362413e+00
 9.96360311e+00 -9.77411817e+00
 9.22766882e+00 -1.43043794e+01
 4.99066778e+00 -1.91774657e+01
 -2.64238376e+00 -2.04132848e+01
 -8.59721150e+00 -1.65503938e+01
 -1.05283468e+01 -1.15680977e+01
 -1.04029460e+01 -7.86954350e+00
 -9.49101231e+00 -5.48434909e+00
 -8.52361833e+00 -3.96367048e+00
 -7.61333838e+00 -2.96728575e+00
 -6.81972555e+00 -2.29051190e+00
 -6.35511818e+00 -1.81442758e+00
 -5.76275471e+00 -1.46881839e+00
 -5.24619597e+00 -1.21093892e+00
 -4.86202345e+00 -1.01388303e+00
 -4.54270231e+00 -8.60162431e-01
 -4.26915910e+00 -7.38070105e-01
 -4.06667678e+00 -6.39557914e-01
 -3.79877786e+00 -5.58959553e-01
 -3.59878942e+00 -4.92199578e-01
 -3.49193874e+00 -4.36290124e-01
 -3.29728507e+00 -3.89002653e-01
 -3.14921368e+00 -3.48648988e-01
 -2.92571498e+00 -3.13932193e-01
 -2.93207224e+00 -2.83843101e-01
 -2.83814130e+00 -2.57587263e-01
 -2.59164202e+00 -2.34532564e-01
 -2.55859882e+00 -2.14171102e-01
 -2.64414299e+00 -1.96091082e-01
 -2.47134632e+00 -1.79955829e-01
 -2.36600410e+00 -1.65487951e-01
 -2.44357694e+00 -1.52457240e-01
 -2.25620292e+00 -1.40671361e-01
 -2.25864170e+00 -1.29968604e-01
 -2.23050970e+00 -1.20212199e-01
 -2.24692478e+00 -1.11285825e-01
 -2.07533216e+00 -1.03090021e-01
 -2.00878602e+00 -9.55393243e-02
 -2.04732461e+00 -8.85599388e-02
 -2.01348031e+00 -8.20878555e-02
 -2.04510872e+00 -7.60673069e-02
 -2.00505278e+00 -7.04494988e-02
 -2.05989995e+00 -6.51915610e-02
 -1.87010154e+00 -6.02556755e-02
 -1.90972649e+00 -5.56083479e-02
 -1.94391789e+00 -5.12197955e-02
 -1.83521945e+00 -4.70634324e-02
 -1.88561750e+00 -4.31154318e-02
 -1.87079045e+00 -3.93543547e-02
 -1.82898469e+00 -3.57608321e-02
 -1.81269977e+00 -3.23172916e-02
 -1.75784059e+00 -2.90077226e-02
 -1.74681508e+00 -2.58174722e-02
 -1.72596849e+00 -2.27330672e-02
 -1.75705982e+00 -1.97420589e-02
 -1.75731700e+00 -1.68328867e-02
 -1.74274985e+00 -1.39947563e-02
 -1.74386405e+00 -1.12175324e-02
 -1.77453254e+00 -8.49164160e-03
 -1.74540372e+00 -5.80798545e-03
 -1.73908817e+00 -3.15786033e-03
 -1.75658088e+00 -5.32884337e-04
 -1.72352309e+00 2.07507086e-03
 -1.74721442e+00 4.67394404e-03
 -1.69326878e+00 7.27154530e-03
 -1.65083009e+00 9.87561472e-03
 -1.78343036e+00 1.24938795e-02
 -1.77722817e+00 1.51341106e-02
 -1.69898071e+00 1.78041795e-02
 -1.79687468e+00 2.05121158e-02
 -1.85226205e+00 2.32661664e-02
 -1.87064082e+00 2.60748579e-02
 -1.89481760e+00 2.89470614e-02
 -1.82412141e+00 3.18920623e-02
 -1.86407006e+00 3.49196352e-02
 -1.81623992e+00 3.80401255e-02
 -1.87498591e+00 4.12645386e-02
 -1.82799070e+00 4.46046383e-02
 -1.90161725e+00 4.80730564e-02
 -1.95123997e+00 5.16834148e-02
 -2.00833944e+00 5.54504631e-02
 -1.95258461e+00 5.93902338e-02
 -2.00089275e+00 6.35202181e-02
 -2.01262671e+00 6.78595670e-02
 -1.96479041e+00 7.24293206e-02
 -2.03490123e+00 7.72526718e-02
 -2.10334295e+00 8.23552710e-02
 -2.11106198e+00 8.77655778e-02
 -2.11733025e+00 9.35152711e-02
 -2.16706406e+00 9.96397263e-02
 -2.16391184e+00 1.06178575e-01
 -2.24471574e+00 1.13176365e-01
 -2.32676923e+00 1.20683333e-01
 -2.32215164e+00 1.28756333e-01
 -2.34478189e+00 1.37459928e-01
 -2.51349610e+00 1.46867711e-01
 -2.47871994e+00 1.57063879e-01
 -2.66617831e+00 1.68145148e-01
 -2.63931315e+00 1.80223070e-01
 -2.73502459e+00 1.93426870e-01
 -2.72054776e+00 2.07906930e-01
 -2.79167122e+00 2.23839095e-01
 -3.00239960e+00 2.41430035e-01
 -3.02285501e+00 2.60923964e-01
 -3.12169979e+00 2.82611125e-01
 -3.15439945e+00 3.06838582e-01
 -3.33546917e+00 3.34024076e-01
 -3.43043123e+00 3.64673962e-01
 -3.56264076e+00 3.99406661e-01
 -3.85100408e+00 4.38983635e-01
 -4.06631824e+00 4.84350770e-01
 -4.11463068e+00 5.36694312e-01
 -4.28349895e+00 5.97517476e-01
 -4.49768963e+00 6.68746860e-01
 -4.75818774e+00 7.52882525e-01
 -5.11720935e+00 8.53213222e-01
 -5.40188827e+00 9.74130712e-01
 -5.71293568e+00 1.12159799e+00
 -6.21219460e+00 1.30386207e+00
 -6.66956044e+00 1.53256487e+00
 -7.23837038e+00 1.82451956e+00
 -7.86691333e+00 2.20462921e+00
 -8.70228513e+00 2.71082033e+00
 -9.52896657e+00 3.40261373e+00
 -1.05827651e+01 4.37634435e+00
 -1.18632391e+01 5.79230192e+00
 -1.31673830e+01 7.92078697e+00
 -1.45086140e+01 1.12024464e+01
 -1.48530268e+01 1.62219376e+01
 -1.25708477e+01 2.30682973e+01
 -4.99705434e+00 2.91095161e+01
 5.74954718e+00 2.88701433e+01
 1.29609163e+01 2.26264721e+01
 1.50736468e+01 1.58656946e+01
 1.46192693e+01 1.09711284e+01
 1.32914116e+01 7.77755734e+00
 1.18874740e+01 5.70317594e+00
 1.06329749e+01 4.31987619e+00
 9.62549770e+00 3.36620709e+00
 8.68923329e+00 2.68706911e+00
 7.97363874e+00 2.18907786e+00
 7.23591300e+00 1.81440923e+00
 6.80366334e+00 1.52613721e+00
 6.32161661e+00 1.29996574e+00
 5.86300818e+00 1.11946049e+00
 5.50911355e+00 9.73222291e-01
 5.17686042e+00 8.53163524e-01
 4.82971575e+00 7.53428145e-01
 4.69032701e+00 6.69697590e-01
 4.37994478e+00 5.98734099e-01
 4.14083120e+00 5.38073696e-01
 4.06367293e+00 4.85815681e-01
 3.93354047e+00 4.40475658e-01
 3.75491302e+00 4.00881210e-01
 3.66320233e+00 3.66096712e-01
 3.47227691e+00 3.35368374e-01
 3.32662342e+00 3.08083558e-01
 3.22915301e+00 2.83740286e-01
 3.20496451e+00 2.61924148e-01
 3.03447011e+00 2.42290616e-01
 3.02625553e+00 2.24551383e-01
 2.92077611e+00 2.08463706e-01
 2.80350681e+00 1.93822028e-01
 2.70027966e+00 1.80451337e-01
 2.72963356e+00 1.68201865e-01
 2.62952539e+00 1.56944825e-01
 2.55551059e+00 1.46568966e-01
 2.60372310e+00 1.36977758e-01
 2.58238599e+00 1.28087099e-01
 2.52029125e+00 1.19823418e-01
 2.41060464e+00 1.12122107e-01
 2.33560906e+00 1.04926217e-01
 2.30307922e+00 9.81853681e-02
 2.22475393e+00 9.18548299e-02
 2.30644407e+00 8.58947525e-02
 2.30149451e+00 8.02695087e-02
 2.26027548e+00 7.49471379e-02
 2.10324914e+00 6.98988690e-02
 2.24667000e+00 6.50987122e-02
 2.08107833e+00 6.05231066e-02
 2.07652989e+00 5.61506164e-02
 2.10719616e+00 5.19616654e-02
 2.04099045e+00 4.79383075e-02
 2.03534697e+00 4.40640238e-02
 2.00657445e+00 4.03235451e-02
 1.96666713e+00 3.67026946e-02
 2.01419415e+00 3.31882479e-02
 1.92678427e+00 2.97678080e-02
 2.04314922e+00 2.64296926e-02
 1.95301269e+00 2.31628319e-02
 2.02376987e+00 1.99566754e-02
 1.96790685e+00 1.68011059e-02
 1.94481665e+00 1.36863595e-02
 1.96555942e+00 1.06029502e-02
 1.91520596e+00 7.54159828e-03
 1.98537518e+00 4.49316170e-03
 1.89861075e+00 1.44856865e-03
 1.99793099e+00 -1.60124875e-03
 2.01544332e+00 -4.66542102e-03
 1.96931497e+00 -7.75320877e-03
 1.92124912e+00 -1.08740722e-02
 1.93572462e+00 -1.40377437e-02
 1.99555085e+00 -1.72543039e-02
 1.91944335e+00 -2.05342634e-02
 2.00657410e+00 -2.38886509e-02
 1.93609157e+00 -2.73291083e-02
 2.00519891e+00 -3.08679963e-02
 2.00323847e+00 -3.45185107e-02
 2.00579197e+00 -3.82948116e-02
 2.08239237e+00 -4.22121695e-02
 1.99873674e+00 -4.62871289e-02
 1.99819194e+00 -5.05376952e-02
 2.13212832e+00 -5.49835469e-02
 2.15318475e+00 -5.96462788e-02
 2.15629782e+00 -6.45496834e-02
 2.10716055e+00 -6.97200738e-02
 2.20303453e+00 -7.51866612e-02
 2.14786532e+00 -8.09819933e-02
 2.16537475e+00 -8.71424687e-02
 2.29933496e+00 -9.37089409e-02
 2.31681270e+00 -1.00727433e-01
 2.28735766e+00 -1.08249986e-01
 2.36924731e+00 -1.16335664e-01
 2.41522936e+00 -1.25051771e-01
 2.45565705e+00 -1.34475296e-01
 2.50245577e+00 -1.44694684e-01
 2.52264523e+00 -1.55811966e-01
 2.56375338e+00 -1.67945381e-01
 2.66226178e+00 -1.81232595e-01
 2.79029514e+00 -1.95834687e-01
 2.85275590e+00 -2.11941111e-01
 2.98922509e+00 -2.29775935e-01
 3.01942833e+00 -2.49605714e-01
 3.11208288e+00 -2.71749538e-01
 3.01355211e+00 -2.96591935e-01
 3.24833727e+00 -3.24599617e-01
 3.45498435e+00 -3.56343396e-01
 3.57723286e+00 -3.92527212e-01
 3.69256600e+00 -4.34026957e-01
 3.90671867e+00 -4.81943086e-01
 4.00575024e+00 -5.37672827e-01
 4.26909969e+00 -6.03010694e-01
 4.44402413e+00 -6.80290610e-01
 4.76157546e+00 -7.72590198e-01
 4.96500387e+00 -8.84029892e-01
 5.19301038e+00 -1.02021959e+00
 5.68754835e+00 -1.18894018e+00
 6.06754304e+00 -1.40120790e+00
 6.60154966e+00 -1.67297865e+00
 7.13383768e+00 -2.02794888e+00
 7.78444740e+00 -2.50228075e+00
 8.59823154e+00 -3.15276031e+00
 9.49665590e+00 -4.07107226e+00
 1.05356069e+01 -5.40840309e+00
 1.15735867e+01 -7.41364246e+00
 1.23828690e+01 -1.04673198e+01
 1.22421547e+01 -1.49720922e+01
 9.32353092e+00 -2.05709425e+01
 2.20638853e+00 -2.44076276e+01
 -6.11038919e+00 -2.28053492e+01
 -1.09446012e+01 -1.74697887e+01
 -1.19668907e+01 -1.23225606e+01
 -1.14764057e+01 -8.65092353e+00
 -1.04852569e+01 -6.22688902e+00
 -9.33925094e+00 -4.62569602e+00
 -8.45766528e+00 -3.54097932e+00
 -7.63905344e+00 -2.78304035e+00
 -6.85378470e+00 -2.23723104e+00
 -6.35071540e+00 -1.83329498e+00
 -5.80867995e+00 -1.52705211e+00
 -5.20637340e+00 -1.28991362e+00
 -4.88055421e+00 -1.10285535e+00
 -4.65022066e+00 -9.52883895e-01
 -4.30658706e+00 -8.30911327e-01
 -3.97857241e+00 -7.30443044e-01
 -3.82835256e+00 -6.46746677e-01
 -3.58446617e+00 -5.76312898e-01
 -3.43193232e+00 -5.16497705e-01
 -3.27700184e+00 -4.65280176e-01
 -3.07001323e+00 -4.21095287e-01
 -3.02599620e+00 -3.82716508e-01
 -2.79743248e+00 -3.49172028e-01
 -2.72655809e+00 -3.19684101e-01
 -2.56760953e+00 -2.93624511e-01
 -2.52295454e+00 -2.70481486e-01
 -2.47188145e+00 -2.49834802e-01
 -2.34509868e+00 -2.31336875e-01
 -2.25902128e+00 -2.14698231e-01
 -2.18271086e+00 -1.99676255e-01
 -2.18470136e+00 -1.86066389e-01
 -2.11302577e+00 -1.73695199e-01
 -1.96275682e+00 -1.62414864e-01
 -2.01043107e+00 -1.52098770e-01
 -1.86419902e+00 -1.42637961e-01
 -1.77237920e+00 -1.33938260e-01
 -1.79112066e+00 -1.25917927e-01
 -1.66038640e+00 -1.18505729e-01
 -1.69792496e+00 -1.11639356e-01
 -1.58731625e+00 -1.05264107e-01
 -1.67419519e+00 -9.93317892e-02
 -1.63409100e+00 -9.37998081e-02
 -1.52988603e+00 -8.86303907e-02
 -1.61099086e+00 -8.37899382e-02
 -1.57145537e+00 -7.92484731e-02
 -1.47686742e+00 -7.49791704e-02
 -1.38509740e+00 -7.09579566e-02
 -1.58662246e+00 -6.71631658e-02
 -1.40454535e+00 -6.35752440e-02
 -1.36666521e+00 -6.01764934e-02
 -1.37198044e+00 -5.69508514e-02
 -1.36721715e+00 -5.38836976e-02
 -1.37527533e+00 -5.09616861e-02
 -1.32159785e+00 -4.81725986e-02
 -1.34326532e+00 -4.55052142e-02
 -1.38233532e+00 -4.29491963e-02
 -1.30375605e+00 -4.04949910e-02
 -1.27426450e+00 -3.81337371e-02
 -1.22437393e+00 -3.58571861e-02
 -1.20803293e+00 -3.36576300e-02
 -1.18362731e+00 -3.15278360e-02
 -1.20907120e+00 -2.94609874e-02
 -1.21745177e+00 -2.74506296e-02
 -1.22493666e+00 -2.54906203e-02
 -1.18742671e+00 -2.35750829e-02
 -1.21119080e+00 -2.16983637e-02
 -1.14192630e+00 -1.98549900e-02
 -1.22862503e+00 -1.80396313e-02
 -1.24795866e+00 -1.62470612e-02
 -1.10071893e+00 -1.44721195e-02
 -1.26556289e+00 -1.27096750e-02
 -1.20518487e+00 -1.09545882e-02
 -1.24679540e+00 -9.20167275e-03
 -1.18185817e+00 -7.44565531e-03
 -1.09555750e+00 -5.68113401e-03
 -1.21267025e+00 -3.90253377e-03
 -1.14633896e+00 -2.10405840e-03
 -1.08463231e+00 -2.79638506e-04
 -1.11176794e+00 1.57712588e-03
 -1.10946375e+00 3.47302884e-03
 -1.08581617e+00 5.41532967e-03
 -1.15588218e+00 7.41183301e-03
 -1.16707857e+00 9.47097987e-03
 -1.08556019e+00 1.16019515e-02
 -1.12600787e+00 1.38147888e-02
 -1.16007268e+00 1.61205303e-02
 -1.23505895e+00 1.85313727e-02
 -1.21912097e+00 2.10608577e-02
 -1.22217574e+00 2.37240923e-02
 -1.19853295e+00 2.65380075e-02
 -1.16368000e+00 2.95216657e-02
 -1.23411669e+00 3.26966266e-02
 -1.09198858e+00 3.60873855e-02
 -1.22421947e+00 3.97219002e-02
 -1.30246309e+00 4.36322294e-02
 -1.29329879e+00 4.78553084e-02
 -1.27354750e+00 5.24338991e-02
 -1.27317681e+00 5.74177597e-02
 -1.35355275e+00 6.28650933e-02
 -1.33323472e+00 6.88443561e-02
 -1.37724834e+00 7.54365284e-02
 -1.48001627e+00 8.27379906e-02
 -1.39584606e+00 9.08641923e-02
 -1.47522292e+00 9.99543769e-02
 -1.44775450e+00 1.10177718e-01
 -1.51505229e+00 1.21741371e-01
 -1.56107275e+00 1.34901145e-01
 -1.65307887e+00 1.49975820e-01
 -1.68270622e+00 1.67366571e-01
 -1.79022896e+00 1.87583695e-01
 -1.80961671e+00 2.11283892e-01
 -1.85227726e+00 2.39323097e-01
 -1.86773091e+00 2.72832604e-01
 -2.05612710e+00 3.13330773e-01
 -2.18461948e+00 3.62890220e-01
 -2.30563291e+00 4.24393426e-01
 -2.43861111e+00 5.01932585e-01
 -2.55791793e+00 6.01450289e-01
 -2.73353574e+00 7.31791671e-01
 -3.00680198e+00 9.06472872e-01
 -3.21985138e+00 1.14670663e+00
 -3.56843211e+00 1.48658854e+00
 -3.86997106e+00 1.98161604e+00
 -4.21611216e+00 2.72018746e+00
 -4.39850005e+00 3.82574361e+00
 -4.14347333e+00 5.38350329e+00
 -2.82394519e+00 7.11292239e+00
 -4.27919542e-01 7.94832330e+00
 2.01565801e+00 7.07328063e+00
 3.28920394e+00 5.33995533e+00
 3.56873662e+00 3.79516166e+00
 3.34600944e+00 2.70209982e+00
 3.07058345e+00 1.97209637e+00
 2.65283177e+00 1.48254693e+00
 2.33932512e+00 1.14619973e+00
 2.12851818e+00 9.08337019e-01
 1.87167771e+00 7.35329758e-01
 1.69191549e+00 6.06237916e-01
 1.59393049e+00 5.07706289e-01
 1.34665090e+00 4.30986723e-01
 1.33374292e+00 3.70196525e-01
 1.20476636e+00 3.21281433e-01
 1.05345184e+00 2.81383574e-01
 9.46247330e-01 2.48446683e-01
 9.06033864e-01 2.20963512e-01
 7.71425440e-01 1.97810494e-01
 8.19378246e-01 1.78137190e-01
 7.32111760e-01 1.61290907e-01
 6.61547811e-01 1.46764350e-01
 5.65134223e-01 1.34158651e-01
 6.20043148e-01 1.23156865e-01
 5.84356960e-01 1.13504685e-01
 5.14302127e-01 1.04996234e-01
 5.50753494e-01 9.74634592e-02
 3.90318625e-01 9.07681346e-02
 3.75822723e-01 8.47957605e-02
 3.87088613e-01 7.94508670e-02
 4.55127425e-01 7.46533651e-02
 2.86067783e-01 7.03356871e-02
 2.72665829e-01 6.64405270e-02
 2.83088817e-01 6.29190434e-02
 1.72870687e-01 5.97294185e-02
 2.01741629e-01 5.68356952e-02
 2.18856388e-01 5.42068345e-02
 1.84215004e-01 5.18159443e-02
 1.51486383e-01 4.96396472e-02
 1.71725820e-01 4.76575586e-02
 1.44115381e-01 4.58518537e-02
 1.45805843e-01 4.42069073e-02
 1.86497978e-01 4.27089917e-02
 7.69869194e-02 4.13460238e-02
 7.54620656e-02 4.01073510e-02
 9.96135169e-02 3.89835712e-02
 8.79262026e-02 3.79663792e-02
 5.62241830e-02 3.70484360e-02
 1.02449332e-01 3.62232585e-02
 -7.28269547e-03 3.54851234e-02
 -5.24295402e-02 3.48289870e-02
 -6.89157452e-03 3.42504149e-02
 -3.31000215e-02 3.37455229e-02
 8.43738486e-03 3.33109257e-02
 -3.89461902e-02 3.29436938e-02
 -6.47020608e-02 3.26413160e-02
 -8.26418794e-03 3.24016686e-02
 -1.48537526e-02 3.22229888e-02
 1.96888752e-03 3.21038531e-02
 -2.26316308e-01 3.20431596e-02
 -1.48178866e-02 3.20401138e-02
 -1.32296091e-01 3.20942183e-02
 -1.79639506e-01 3.22052652e-02
 -1.52178872e-01 3.23733320e-02
 -1.60345732e-01 3.25987798e-02
 -2.19006059e-01 3.28822555e-02
 -2.19747806e-01 3.32246957e-02
 -2.07392749e-01 3.36273342e-02
 -1.82039712e-01 3.40917130e-02
 -2.09634392e-01 3.46196953e-02
 -2.39934563e-01 3.52134833e-02
 -2.58423402e-01 3.58756389e-02
 -3.10338544e-01 3.66091090e-02
 -2.54483433e-01 3.74172548e-02
 -3.51065136e-01 3.83038868e-02
 -2.92351240e-01 3.92733049e-02
 -3.29598028e-01 4.03303459e-02
 -3.90698533e-01 4.14804370e-02
 -2.58826813e-01 4.27296595e-02
 -4.13409275e-01 4.40848206e-02
 -3.90223355e-01 4.55535382e-02
 -3.21340955e-01 4.71443374e-02
 -3.42771679e-01 4.88667637e-02
 -3.58173223e-01 5.07315140e-02
 -4.51231603e-01 5.27505885e-02
 -4.01842647e-01 5.49374692e-02
 -3.89877799e-01 5.73073275e-02
 -5.10535965e-01 5.98772686e-02
 -5.98995804e-01 6.26666189e-02
 -5.01754965e-01 6.56972660e-02
 -5.32321320e-01 6.89940614e-02
 -6.27422426e-01 7.25853001e-02
 -5.84318674e-01 7.65032948e-02
 -5.62367192e-01 8.07850644e-02
 -5.89247530e-01 8.54731658e-02
 -6.88136830e-01 9.06167022e-02
 -6.52063668e-01 9.62725530e-02
 -6.96359684e-01 1.02506881e-01
 -8.69995897e-01 1.09396993e-01
 -8.18454887e-01 1.17033647e-01
 -8.55812351e-01 1.25523937e-01
 -8.75631753e-01 1.34994924e-01
 -9.52986503e-01 1.45598236e-01
 -9.11732352e-01 1.57515956e-01
 -1.03322567e+00 1.70968206e-01
 -1.12023426e+00 1.86223019e-01
 -1.18048601e+00 2.03609320e-01
 -1.32564699e+00 2.23534153e-01
 -1.25074095e+00 2.46505843e-01
 -1.40160225e+00 2.73165484e-01
 -1.43140945e+00 3.04330351e-01
 -1.57085090e+00 3.41054587e-01
 -1.71455834e+00 3.84715390e-01
 -1.83888743e+00 4.37137472e-01
 -1.98852901e+00 5.00776079e-01
 -2.16237965e+00 5.78991463e-01
 -2.43596866e+00 6.76469227e-01
 -2.47507475e+00 7.99878551e-01
 -2.78051489e+00 9.58926896e-01
 -3.13963435e+00 1.16808866e+00
 -3.29205022e+00 1.44949443e+00
 -3.78403658e+00 1.83781147e+00
 -4.13327413e+00 2.38837672e+00
 -4.64708018e+00 3.18966666e+00
 -5.06271964e+00 4.37645572e+00
 -5.24065309e+00 6.11366168e+00
 -4.64453311e+00 8.42701122e+00
 -2.28686475e+00 1.06680191e+01
 1.32792165e+00 1.12677239e+01
 4.42042847e+00 9.64487004e+00
 5.92328488e+00 7.21805702e+00
 6.09772634e+00 5.17181655e+00
 5.76089327e+00 3.72883270e+00
