 NaN NaN
 7.57713069e+01 4.66154074e+00
 3.86738089e+01 1.71986699e+00
 2.61486028e+01 9.53515965e-01
 1.96611423e+01 6.25992082e-01
 1.58719985e+01 4.51132334e-01
 1.31847315e+01 3.44951593e-01
 1.13358053e+01 2.74795667e-01
 9.98082220e+00 2.25586615e-01
 8.89847867e+00 1.89495420e-01
 7.97384105e+00 1.62093380e-01
 7.32132749e+00 1.40705732e-01
 6.70983267e+00 1.23631183e-01
 6.14908342e+00 1.09741195e-01
 5.74307828e+00 9.82606538e-02
 5.31005523e+00 8.86413599e-02
 4.99084559e+00 8.04857693e-02
 4.73839099e+00 7.34992872e-02
 4.55009963e+00 6.74594457e-02
 4.28309775e+00 6.21954264e-02
 4.06541778e+00 5.75741183e-02
 3.83505707e+00 5.34904160e-02
 3.63709458e+00 4.98603370e-02
 3.48186190e+00 4.66160529e-02
 3.48921979e+00 4.37022461e-02
 3.29939705e+00 4.10733986e-02
 3.20396369e+00 3.86917500e-02
 3.03332915e+00 3.65257398e-02
 2.93110738e+00 3.45488059e-02
 2.85502546e+00 3.27384500e-02
 2.74596408e+00 3.10755018e-02
 2.63907082e+00 2.95435364e-02
 2.54078107e+00 2.81284082e-02
 2.55503140e+00 2.68178753e-02
 2.45523293e+00 2.56012958e-02
 2.38035297e+00 2.44693785e-02
 2.31484318e+00 2.34139796e-02
 2.20220496e+00 2.24279336e-02
 2.25150106e+00 2.15049131e-02
 2.04592430e+00 2.06393123e-02
 2.09812362e+00 1.98261486e-02
 2.10673420e+00 1.90609795e-02
 2.00362452e+00 1.83398332e-02
 1.92894772e+00 1.76591484e-02
 1.93729364e+00 1.70157240e-02
 1.84302368e+00 1.64066749e-02
 1.91885424e+00 1.58293950e-02
 1.71818348e+00 1.52815248e-02
 1.80740915e+00 1.47609231e-02
 1.79301486e+00 1.42656430e-02
 1.70271513e+00 1.37939106e-02
 1.65818833e+00 1.33441065e-02
 1.69859688e+00 1.29147494e-02
 1.61850420e+00 1.25044822e-02
 1.65656340e+00 1.21120592e-02
 1.58374813e+00 1.17363352e-02
 1.55990054e+00 1.13762556e-02
 1.57368070e+00 1.10308476e-02
 1.56829119e+00 1.06992126e-02
 1.48641635e+00 1.03805196e-02
 1.44730860e+00 1.00739985e-02
 1.41690728e+00 9.77893487e-03
 1.52967084e+00 9.49466524e-03
 1.42628788e+00 9.22057236e-03
 1.46433367e+00 8.95608136e-03
 1.34219571e+00 8.70065620e-03
 1.27675525e+00 8.45379636e-03
 1.35611780e+00 8.21503400e-03
 1.29887410e+00 7.98393126e-03
 1.33336695e+00 7.76007790e-03
 1.37916954e+00 7.54308907e-03
 1.35354841e+00 7.33260341e-03
 1.33804917e+00 7.12828117e-03
 1.29831337e+00 6.92980261e-03
 1.19045577e+00 6.73686650e-03
 1.25007202e+00 6.54918870e-03
 1.32751492e+00 6.36650096e-03
 1.23126438e+00 6.18854974e-03
 1.23141240e+00 6.01509513e-03
 1.25574696e+00 5.84590990e-03
 1.28785350e+00 5.68077863e-03
 1.20686969e+00 5.51949683e-03
 1.21550175e+00 5.36187018e-03
 1.19454896e+00 5.20771390e-03
 1.03606410e+00 5.05685199e-03
 1.17223131e+00 4.90911672e-03
 1.18912977e+00 4.76434801e-03
 1.09753150e+00 4.62239295e-03
 1.16723586e+00 4.48310528e-03
 1.14693020e+00 4.34634496e-03
 1.18446743e+00 4.21197776e-03
 1.06859933e+00 4.07987486e-03
 1.17843226e+00 3.94991246e-03
 1.17779724e+00 3.82197147e-03
 9.83692163e-01 3.69593720e-03
 1.09219617e+00 3.57169901e-03
 1.07506029e+00 3.44915006e-03
 1.08315165e+00 3.32818705e-03
 1.02326910e+00 3.20870994e-03
 1.06470670e+00 3.09062175e-03
 1.16804382e+00 2.97382830e-03
 1.04442964e+00 2.85823801e-03
 1.09759318e+00 2.74376170e-03
 1.03471182e+00 2.63031242e-03
 1.06684638e+00 2.51780521e-03
 9.96866847e-01 2.40615698e-03
 1.06941470e+00 2.29528631e-03
 1.08212839e+00 2.18511331e-03
 1.09062782e+00 2.07555943e-03
 9.99529585e-01 1.96654735e-03
 9.82660937e-01 1.85800082e-03
 1.01203555e+00 1.74984451e-03
 9.03613919e-01 1.64200388e-03
 9.44186197e-01 1.53440504e-03
 1.02265479e+00 1.42697463e-03
 1.01434352e+00 1.31963968e-03
 1.00226766e+00 1.21232749e-03
 1.00480650e+00 1.10496550e-03
 1.05721407e+00 9.97481174e-04
 9.95655911e-01 8.89801864e-04
 1.00458417e+00 7.81854691e-04
 1.00172509e+00 6.73566421e-04
 1.05305805e+00 5.64863343e-04
 1.04536369e+00 4.55671139e-04
 9.46368223e-01 3.45914760e-04
 1.08374901e+00 2.35518295e-04
 9.55629016e-01 1.24404843e-04
 9.87177653e-01 1.24963749e-05
 1.03280478e+00 -1.00286401e-04
 9.99079797e-01 -2.14024178e-04
 9.02651151e-01 -3.28799200e-04
 9.86472425e-01 -4.44695406e-04
 1.11412166e+00 -5.61798585e-04
 1.04286590e+00 -6.80196540e-04
 1.02163711e+00 -7.99979247e-04
 9.98800852e-01 -9.21239032e-04
 9.67817514e-01 -1.04407075e-03
 1.07714287e+00 -1.16857197e-03
 1.01714601e+00 -1.29484319e-03
 9.73273153e-01 -1.42298799e-03
 1.09597195e+00 -1.55311333e-03
 1.00608388e+00 -1.68532969e-03
 1.05375336e+00 -1.81975139e-03
 1.07190934e+00 -1.95649679e-03
 1.04164676e+00 -2.09568856e-03
 1.03846922e+00 -2.23745398e-03
 1.04144044e+00 -2.38192523e-03
 1.01482219e+00 -2.52923973e-03
 1.07722608e+00 -2.67954041e-03
 9.88237780e-01 -2.83297615e-03
 9.63055245e-01 -2.98970209e-03
 1.10126882e+00 -3.14988006e-03
 1.03098812e+00 -3.31367903e-03
 1.01605067e+00 -3.48127554e-03
 1.03338594e+00 -3.65285417e-03
 1.09028820e+00 -3.82860812e-03
 1.17762453e+00 -4.00873972e-03
 1.08037484e+00 -4.19346105e-03
 1.04623004e+00 -4.38299454e-03
 1.08503534e+00 -4.57757374e-03
 1.11907797e+00 -4.77744396e-03
 1.11204384e+00 -4.98286312e-03
 1.16402162e+00 -5.19410258e-03
 1.22904580e+00 -5.41144806e-03
 1.12951394e+00 -5.63520061e-03
 1.16904279e+00 -5.86567771e-03
 1.20539541e+00 -6.10321437e-03
 1.15426224e+00 -6.34816437e-03
 1.09338996e+00 -6.60090164e-03
 1.15292935e+00 -6.86182167e-03
 1.16539772e+00 -7.13134307e-03
 1.10173690e+00 -7.40990931e-03
 1.18708979e+00 -7.69799049e-03
 1.16785943e+00 -7.99608544e-03
 1.19583394e+00 -8.30472379e-03
 1.24950061e+00 -8.62446844e-03
 1.11239357e+00 -8.95591805e-03
 1.22716365e+00 -9.29970991e-03
 1.29074728e+00 -9.65652301e-03
 1.33495101e+00 -1.00270814e-02
 1.38440888e+00 -1.04121578e-02
 1.22485125e+00 -1.08125777e-02
 1.24679128e+00 -1.12292239e-02
 1.33683161e+00 -1.16630412e-02
 1.29548235e+00 -1.21150415e-02
 1.34508415e+00 -1.25863104e-02
 1.37723992e+00 -1.30780130e-02
 1.39426523e+00 -1.35914015e-02
 1.36248411e+00 -1.41278227e-02
 1.31869478e+00 -1.46887274e-02
 1.36304314e+00 -1.52756795e-02
 1.46648985e+00 -1.58903673e-02
 1.45913145e+00 -1.65346153e-02
 1.47118291e+00 -1.72103978e-02
 1.43233443e+00 -1.79198537e-02
 1.50574986e+00 -1.86653034e-02
 1.51822332e+00 -1.94492676e-02
 1.65197457e+00 -2.02744884e-02
 1.65177669e+00 -2.11439530e-02
 1.58069652e+00 -2.20609204e-02
 1.49929246e+00 -2.30289520e-02
 1.57525766e+00 -2.40519451e-02
 1.67518108e+00 -2.51341725e-02
 1.58897735e+00 -2.62803261e-02
 1.64393255e+00 -2.74955673e-02
 1.68918361e+00 -2.87855846e-02
 1.76716638e+00 -3.01566593e-02
 1.77215487e+00 -3.16157412e-02
 1.76947655e+00 -3.31705354e-02
 1.82330420e+00 -3.48296035e-02
 1.90989826e+00 -3.66024795e-02
 1.94478832e+00 -3.84998056e-02
 1.95708216e+00 -4.05334901e-02
 2.00371734e+00 -4.27168923e-02
 2.11318203e+00 -4.50650395e-02
 2.27438050e+00 -4.75948828e-02
 2.16629754e+00 -5.03256001e-02
 2.21336219e+00 -5.32789559e-02
 2.33115718e+00 -5.64797306e-02
 2.34926335e+00 -5.99562356e-02
 2.48305241e+00 -6.37409335e-02
 2.51704199e+00 -6.78711893e-02
 2.52581592e+00 -7.23901851e-02
 2.63673691e+00 -7.73480394e-02
 2.71916199e+00 -8.28031863e-02
 2.86230915e+00 -8.88240846e-02
 2.88133919e+00 -9.54913515e-02
 3.00983358e+00 -1.02900444e-01
 3.13134100e+00 -1.11165056e-01
 3.26899251e+00 -1.20421457e-01
 3.37393003e+00 -1.30834085e-01
 3.47106658e+00 -1.42602818e-01
 3.59712107e+00 -1.55972535e-01
 3.72519645e+00 -1.71245823e-01
 3.95248166e+00 -1.88800066e-01
 4.16041123e+00 -2.09110735e-01
 4.37578375e+00 -2.32783582e-01
 4.67994757e+00 -2.60599859e-01
 4.96009591e+00 -2.93580905e-01
 5.14738258e+00 -3.33082234e-01
 5.53886739e+00 -3.80933488e-01
 5.95945698e+00 -4.39651705e-01
 6.35974808e+00 -5.12775130e-01
 6.97160813e+00 -6.05401977e-01
 7.57683268e+00 -7.25091039e-01
 8.37606879e+00 -8.83429596e-01
 9.28641799e+00 -1.09889617e+00
 1.05403353e+01 -1.40239111e+00
 1.19297896e+01 -1.84867314e+00
 1.39376632e+01 -2.54206321e+00
 1.65816251e+01 -3.70053677e+00
 2.05104794e+01 -5.83796490e+00
 2.64811653e+01 -1.03745454e+01
 3.48597298e+01 -2.20478452e+01
 3.48941630e+01 -5.54529366e+01
 -2.26001887e+01 -7.00612023e+01
 -3.74282434e+01 -2.94674435e+01
 -2.89257546e+01 -1.30056481e+01
 -2.21650386e+01 -6.99240029e+00
 -1.76406634e+01 -4.30681819e+00
 -1.46213770e+01 -2.90430122e+00
 -1.24901354e+01 -2.08639238e+00
 -1.08480924e+01 -1.56976141e+00
 -9.64488485e+00 -1.22329143e+00
 -8.60446467e+00 -9.79905651e-01
 -7.80247586e+00 -8.02506536e-01
 -7.04630328e+00 -6.69263171e-01
 -6.60326758e+00 -5.66663682e-01
 -6.04398428e+00 -4.85988229e-01
 -5.73064626e+00 -4.21408166e-01
 -5.35265895e+00 -3.68908912e-01
 -5.00035049e+00 -3.25652968e-01
 -4.75847099e+00 -2.89589147e-01
 -4.50069735e+00 -2.59205051e-01
 -4.21615980e+00 -2.33365842e-01
 -4.03969534e+00 -2.11206582e-01
 -3.91156736e+00 -1.92058740e-01
 -3.64874588e+00 -1.75399015e-01
 -3.43175701e+00 -1.60813065e-01
 -3.41970422e+00 -1.47969375e-01
 -3.25253743e+00 -1.36600156e-01
 -3.15930198e+00 -1.26487187e-01
 -2.93121198e+00 -1.17451199e-01
 -2.92681710e+00 -1.09343818e-01
 -2.89412789e+00 -1.02041386e-01
 -2.63598952e+00 -9.54401802e-02
 -2.66641473e+00 -8.94526738e-02
 -2.56813589e+00 -8.40045932e-02
 -2.49297373e+00 -7.90325788e-02
 -2.36975721e+00 -7.44823148e-02
 -2.30899582e+00 -7.03070219e-02
 -2.27411963e+00 -6.64662358e-02
 -2.27527294e+00 -6.29248100e-02
 -2.24985170e+00 -5.96520982e-02
 -2.11639081e+00 -5.66212794e-02
 -2.01646564e+00 -5.38087984e-02
 -2.04031002e+00 -5.11938992e-02
 -2.00260673e+00 -4.87582350e-02
 -1.91212624e+00 -4.64855396e-02
 -1.81950182e+00 -4.43613503e-02
 -1.87470358e+00 -4.23727726e-02
 -1.76628951e+00 -4.05082803e-02
 -1.82585071e+00 -3.87575446e-02
 -1.75809497e+00 -3.71112874e-02
 -1.74369272e+00 -3.55611557e-02
 -1.61150774e+00 -3.40996124e-02
 -1.63692340e+00 -3.27198426e-02
 -1.63574115e+00 -3.14156717e-02
 -1.73565371e+00 -3.01814945e-02
 -1.67063716e+00 -2.90122129e-02
 -1.52826471e+00 -2.79031819e-02
 -1.49026131e+00 -2.68501616e-02
 -1.57044939e+00 -2.58492759e-02
 -1.52196190e+00 -2.48969748e-02
 -1.45457328e+00 -2.39900024e-02
 -1.43883408e+00 -2.31253678e-02
 -1.40609038e+00 -2.23003193e-02
 -1.40613398e+00 -2.15123220e-02
 -1.47094175e+00 -2.07590372e-02
 -1.36554941e+00 -2.00383042e-02
 -1.37402773e+00 -1.93481247e-02
 -1.38393500e+00 -1.86866475e-02
 -1.37878536e+00 -1.80521559e-02
 -1.37968633e+00 -1.74430561e-02
 -1.35905567e+00 -1.68578665e-02
 -1.28892827e+00 -1.62952082e-02
 -1.30464163e+00 -1.57537964e-02
 -1.25957844e+00 -1.52324328e-02
 -1.30162099e+00 -1.47299984e-02
 -1.21946649e+00 -1.42454471e-02
 -1.25738657e+00 -1.37778003e-02
 -1.26994528e+00 -1.33261411e-02
 -1.27745026e+00 -1.28896098e-02
 -1.21594680e+00 -1.24673995e-02
 -1.29752771e+00 -1.20587522e-02
 -1.17452433e+00 -1.16629548e-02
 -1.15625800e+00 -1.12793361e-02
 -1.17895991e+00 -1.09072639e-02
 -1.19784299e+00 -1.05461414e-02
 -1.12295867e+00 -1.01954057e-02
 -1.19154354e+00 -9.85452440e-03
 -1.10702844e+00 -9.52299421e-03
 -1.19067853e+00 -9.20033850e-03
 -1.13845235e+00 -8.88610554e-03
 -1.12993371e+00 -8.57986684e-03
 -1.11233849e+00 -8.28121550e-03
 -1.11847251e+00 -7.98976477e-03
 -1.09469671e+00 -7.70514668e-03
 -1.07604473e+00 -7.42701079e-03
 -1.19058453e+00 -7.15502299e-03
 -1.13448382e+00 -6.88886442e-03
 -9.85408346e-01 -6.62823046e-03
 -1.05303845e+00 -6.37282979e-03
 -1.05827267e+00 -6.12238347e-03
 -9.91119105e-01 -5.87662415e-03
 -1.09066861e+00 -5.63529529e-03
 -1.09488572e+00 -5.39815040e-03
 -1.06767180e+00 -5.16495242e-03
 -1.05090843e+00 -4.93547305e-03
 -1.04877195e+00 -4.70949214e-03
 -1.11697564e+00 -4.48679713e-03
 -9.78458574e-01 -4.26718253e-03
 -1.06916053e+00 -4.05044942e-03
 -1.03387727e+00 -3.83640495e-03
 -9.57351915e-01 -3.62486188e-03
 -1.02493552e+00 -3.41563819e-03
 -1.03366069e+00 -3.20855664e-03
 -1.07215809e+00 -3.00344438e-03
 -1.01126776e+00 -2.80013260e-03
 -1.03584219e+00 -2.59845612e-03
 -1.07541017e+00 -2.39825311e-03
 -9.64436648e-01 -2.19936470e-03
 -9.92177018e-01 -2.00163472e-03
 -1.02154420e+00 -1.80490932e-03
 -9.77955352e-01 -1.60903674e-03
 -9.39459199e-01 -1.41386694e-03
 -9.39415096e-01 -1.21925140e-03
 -9.58391016e-01 -1.02504275e-03
 -1.07711536e+00 -8.31094579e-04
 -9.14521578e-01 -6.37261084e-04
 -9.94948467e-01 -4.43396852e-04
 -1.00846768e+00 -2.49356576e-04
 -9.69262621e-01 -5.49947823e-05
 -9.90526539e-01 1.39834429e-04
 -9.57926589e-01 3.35277656e-04
 -1.03969345e+00 5.31482466e-04
 -9.52337466e-01 7.28597668e-04
 -9.27253696e-01 9.26773588e-04
 -9.57461937e-01 1.12616235e-03
 -1.03359893e+00 1.32691817e-03
 -9.84209298e-01 1.52919764e-03
 -1.02667402e+00 1.73316004e-03
 -8.74536163e-01 1.93896763e-03
 -1.00730583e+00 2.14678601e-03
 -9.99988643e-01 2.35678440e-03
 -1.05511893e+00 2.56913602e-03
 -9.62401502e-01 2.78401844e-03
 -1.01802779e+00 3.00161396e-03
 -9.97864709e-01 3.22210997e-03
 -9.72874534e-01 3.44569940e-03
 -1.00048387e+00 3.67258112e-03
 -1.05163450e+00 3.90296039e-03
 -9.74959531e-01 4.13704935e-03
 -9.67883052e-01 4.37506751e-03
 -9.93243384e-01 4.61724229e-03
 -1.09951308e+00 4.86380954e-03
 -1.13192016e+00 5.11501419e-03
 -1.01408219e+00 5.37111080e-03
 -1.09867447e+00 5.63236432e-03
 -9.74202474e-01 5.89905073e-03
 -1.01088723e+00 6.17145779e-03
 -1.15028727e+00 6.44988591e-03
 -1.13601464e+00 6.73464893e-03
 -1.05014363e+00 7.02607509e-03
 -1.07672313e+00 7.32450801e-03
 -1.11857378e+00 7.63030770e-03
 -1.19967261e+00 7.94385173e-03
 -1.13830775e+00 8.26553642e-03
 -1.12973595e+00 8.59577815e-03
 -1.08735117e+00 8.93501473e-03
 -1.15015531e+00 9.28370694e-03
 -1.13087756e+00 9.64234015e-03
 -1.12968697e+00 1.00114260e-02
 -1.08471127e+00 1.03915044e-02
 -1.12442446e+00 1.07831455e-02
 -1.15534404e+00 1.11869519e-02
 -1.11074964e+00 1.16035611e-02
 -1.24452368e+00 1.20336478e-02
 -1.18057685e+00 1.24779274e-02
 -1.21633608e+00 1.29371581e-02
 -1.22329260e+00 1.34121452e-02
 -1.20064432e+00 1.39037440e-02
 -1.14133604e+00 1.44128639e-02
 -1.23207984e+00 1.49404731e-02
 -1.21744224e+00 1.54876029e-02
 -1.27108023e+00 1.60553527e-02
 -1.24430532e+00 1.66448962e-02
 -1.33631901e+00 1.72574871e-02
 -1.23505047e+00 1.78944661e-02
 -1.23507018e+00 1.85572683e-02
 -1.33764353e+00 1.92474314e-02
 -1.33103325e+00 1.99666046e-02
 -1.40973249e+00 2.07165589e-02
 -1.36894068e+00 2.14991978e-02
 -1.38685704e+00 2.23165698e-02
 -1.40064333e+00 2.31708816e-02
 -1.25346960e+00 2.40645135e-02
 -1.54386593e+00 2.50000358e-02
 -1.55264814e+00 2.59802277e-02
 -1.49006990e+00 2.70080976e-02
 -1.56166538e+00 2.80869069e-02
 -1.47871711e+00 2.92201956e-02
 -1.50541015e+00 3.04118116e-02
 -1.65569458e+00 3.16659433e-02
 -1.59018599e+00 3.29871568e-02
 -1.64635772e+00 3.43804374e-02
 -1.60335476e+00 3.58512363e-02
 -1.64154397e+00 3.74055249e-02
 -1.68713171e+00 3.90498545e-02
 -1.77690810e+00 4.07914258e-02
 -1.71434102e+00 4.26381677e-02
 -1.73654269e+00 4.45988272e-02
 -1.78693424e+00 4.66830734e-02
 -1.77688259e+00 4.89016157e-02
 -1.88493305e+00 5.12663419e-02
 -1.80710130e+00 5.37904768e-02
 -1.98222725e+00 5.64887667e-02
 -1.98593884e+00 5.93776941e-02
 -2.02477932e+00 6.24757290e-02
 -2.05519482e+00 6.58036233e-02
 -2.09604944e+00 6.93847569e-02
 -2.10303508e+00 7.32455477e-02
 -2.13772005e+00 7.74159366e-02
 -2.28894384e+00 8.19299669e-02
 -2.38637629e+00 8.68264764e-02
 -2.32290434e+00 9.21499303e-02
 -2.52878924e+00 9.79514275e-02
 -2.55511861e+00 1.04289923e-01
 -2.58427738e+00 1.11233722e-01
 -2.67119902e+00 1.18862313e-01
 -2.68231390e+00 1.27268637e-01
 -2.94407968e+00 1.36561912e-01
 -2.91594558e+00 1.46871172e-01
 -3.03341713e+00 1.58349731e-01
 -3.15635772e+00 1.71180877e-01
 -3.35204830e+00 1.85585170e-01
 -3.37474597e+00 2.01829909e-01
 -3.55766727e+00 2.20241512e-01
 -3.67685389e+00 2.41221898e-01
 -3.91561560e+00 2.65270401e-01
 -4.11238929e+00 2.93013477e-01
 -4.31460149e+00 3.25245494e-01
 -4.48069436e+00 3.62985624e-01
 -4.84584215e+00 4.07558487e-01
 -4.98397920e+00 4.60710544e-01
 -5.38907522e+00 5.24781531e-01
 -5.71509535e+00 6.02962632e-01
 -6.29454094e+00 6.99695199e-01
 -6.70382983e+00 8.21304161e-01
 -7.25587907e+00 9.77037128e-01
 -7.97879754e+00 1.18083288e+00
 -8.95711230e+00 1.45446148e+00
 -9.94525206e+00 1.83338174e+00
 -1.12192853e+01 2.37831658e+00
 -1.29236493e+01 3.19973565e+00
 -1.51595124e+01 4.51391633e+00
 -1.81406210e+01 6.78329511e+00
 -2.20093787e+01 1.10982111e+01
 -2.64203418e+01 2.01935648e+01
 -2.47210388e+01 3.90511044e+01
 2.09249809e+00 5.46198200e+01
 2.57543540e+01 3.62682872e+01
 2.59376174e+01 1.87429428e+01
 2.14287772e+01 1.04590282e+01
 1.77260728e+01 6.48044824e+00
 1.48150894e+01 4.35880212e+00
 1.27461488e+01 3.11606052e+00
 1.10282720e+01 2.33218455e+00
 9.76906649e+00 1.80831719e+00
 8.77204727e+00 1.44183048e+00
 7.94771459e+00 1.17582477e+00
 7.24173737e+00 9.76834458e-01
 6.63997500e+00 8.24188254e-01
 6.26417313e+00 7.04582080e-01
 5.78615959e+00 6.09149670e-01
 5.36117298e+00 5.31803000e-01
 4.97511279e+00 4.68252140e-01
 4.73628267e+00 4.15405084e-01
 4.51083275e+00 3.70988429e-01
 4.27672461e+00 3.33300885e-01
 4.06233098e+00 3.01049076e-01
 3.93050633e+00 2.73235720e-01
 3.69681802e+00 2.49081957e-01
 3.57936118e+00 2.27972422e-01
 3.40355773e+00 2.09415764e-01
 3.33767766e+00 1.93015842e-01
 3.14460540e+00 1.78450435e-01
 3.04593490e+00 1.65455295e-01
 2.91771710e+00 1.53812074e-01
 2.76951558e+00 1.43339083e-01
 2.79438177e+00 1.33884151e-01
 2.69330682e+00 1.25319052e-01
 2.59462076e+00 1.17535123e-01
 2.52958946e+00 1.10439790e-01
 2.40106639e+00 1.03953794e-01
 2.42126709e+00 9.80089545e-02
 2.34728994e+00 9.25463627e-02
 2.34324074e+00 8.75149097e-02
 2.23056281e+00 8.28700780e-02
 2.11629509e+00 7.85729474e-02
 2.15905247e+00 7.45893711e-02
 1.99338403e+00 7.08892893e-02
 1.96674178e+00 6.74461562e-02
 1.93488489e+00 6.42364579e-02
 1.98460797e+00 6.12393060e-02
 1.88845675e+00 5.84360932e-02
 1.88373160e+00 5.58102004e-02
 1.94363054e+00 5.33467473e-02
 1.80869487e+00 5.10323781e-02
 1.72071976e+00 4.88550774e-02
 1.67210461e+00 4.68040123e-02
 1.66551314e+00 4.48693947e-02
 1.69317228e+00 4.30423629e-02
 1.70608002e+00 4.13148778e-02
 1.61960454e+00 3.96796331e-02
 1.58366935e+00 3.81299760e-02
 1.58116298e+00 3.66598384e-02
 1.54279930e+00 3.52636760e-02
 1.55581341e+00 3.39364150e-02
 1.50973536e+00 3.26734043e-02
 1.38513543e+00 3.14703745e-02
 1.42517966e+00 3.03234000e-02
 1.44677408e+00 2.92288665e-02
 1.38846038e+00 2.81834419e-02
 1.31622331e+00 2.71840497e-02
 1.42469221e+00 2.62278456e-02
 1.32169151e+00 2.53121970e-02
 1.35854123e+00 2.44346642e-02
 1.37170840e+00 2.35929829e-02
 1.31852788e+00 2.27850498e-02
 1.27383085e+00 2.20089087e-02
 1.39936580e+00 2.12627378e-02
 1.29170506e+00 2.05448391e-02
 1.26713732e+00 1.98536280e-02
 1.30756082e+00 1.91876242e-02
 1.22502661e+00 1.85454433e-02
 1.25072775e+00 1.79257894e-02
 1.33827459e+00 1.73274484e-02
 1.16197216e+00 1.67492811e-02
 1.30036661e+00 1.61902182e-02
 1.22188889e+00 1.56492546e-02
 1.18938702e+00 1.51254450e-02
 1.27739751e+00 1.46178990e-02
 1.20525851e+00 1.41257777e-02
 1.15304590e+00 1.36482894e-02
 1.21730540e+00 1.31846867e-02
 1.17019033e+00 1.27342633e-02
 1.18237281e+00 1.22963509e-02
 1.14707036e+00 1.18703166e-02
 1.13925191e+00 1.14555607e-02
 1.17784197e+00 1.10515142e-02
 1.08341528e+00 1.06576367e-02
 1.03771276e+00 1.02734148e-02
 1.13893928e+00 9.89835990e-03
 1.02017556e+00 9.53200660e-03
 1.09543869e+00 9.17391137e-03
 1.01716585e+00 8.82365094e-03
 1.03837317e+00 8.48082100e-03
 1.07765911e+00 8.14503495e-03
 1.05749190e+00 7.81592271e-03
 1.00924806e+00 7.49312966e-03
 1.11493590e+00 7.17631560e-03
 1.11804365e+00 6.86515381e-03
 9.88950313e-01 6.55933011e-03
 9.68949514e-01 6.25854207e-03
 1.10713905e+00 5.96249819e-03
 1.02694851e+00 5.67091715e-03
 1.01936273e+00 5.38352710e-03
 9.82623235e-01 5.10006503e-03
 1.05244352e+00 4.82027608e-03
 1.02950378e+00 4.54391299e-03
 1.06321942e+00 4.27073551e-03
 1.01922133e+00 4.00050987e-03
 1.03855210e+00 3.73300825e-03
 1.04409177e+00 3.46800829e-03
 9.38317596e-01 3.20529263e-03
 9.75472780e-01 2.94464845e-03
 1.06761903e+00 2.68586700e-03
 1.11825782e+00 2.42874325e-03
 9.11467756e-01 2.17307542e-03
 1.01447518e+00 1.91866459e-03
 1.01744277e+00 1.66531434e-03
 9.71023036e-01 1.41283038e-03
 9.18049233e-01 1.16102012e-03
 9.74429004e-01 9.09692394e-04
 1.02776919e+00 6.58657029e-04
 1.02220995e+00 4.07724536e-04
 1.06783695e+00 1.56705743e-04
 9.99801488e-01 -9.45885542e-05
 1.03379026e+00 -3.46347934e-04
 9.90399611e-01 -5.98762703e-04
 9.98951924e-01 -8.52024249e-04
 1.04218064e+00 -1.10632539e-03
 9.27353308e-01 -1.36186074e-03
 9.04890677e-01 -1.61882708e-03
 9.37982874e-01 -1.87742370e-03
 9.98683954e-01 -2.13785282e-03
 1.08771174e+00 -2.40031997e-03
 9.73750394e-01 -2.66503435e-03
 1.11554045e+00 -2.93220931e-03
 1.04421189e+00 -3.20206273e-03
 9.87741987e-01 -3.47481750e-03
 9.51064999e-01 -3.75070194e-03
 1.03373833e+00 -4.02995031e-03
 1.00604033e+00 -4.31280332e-03
 8.99749321e-01 -4.59950862e-03
 1.00330158e+00 -4.89032139e-03
 1.00852820e+00 -5.18550490e-03
 1.08690173e+00 -5.48533112e-03
 1.01797829e+00 -5.79008137e-03
 1.07916352e+00 -6.10004698e-03
 9.97482857e-01 -6.41553005e-03
 9.91575540e-01 -6.73684415e-03
 1.13049875e+00 -7.06431518e-03
 9.90470286e-01 -7.39828221e-03
 1.04409901e+00 -7.73909838e-03
 9.85809328e-01 -8.08713187e-03
 1.07150227e+00 -8.44276698e-03
 1.06408651e+00 -8.80640516e-03
 1.03111715e+00 -9.17846627e-03
 1.13912879e+00 -9.55938977e-03
 1.02396600e+00 -9.94963615e-03
 1.15662606e+00 -1.03496883e-02
 1.12504590e+00 -1.07600532e-02
 1.03751457e+00 -1.11812634e-02
 1.15109363e+00 -1.16138789e-02
 1.08210438e+00 -1.20584894e-02
 1.10177980e+00 -1.25157157e-02
 1.06387100e+00 -1.29862128e-02
 1.17795947e+00 -1.34706715e-02
 1.25881050e+00 -1.39698218e-02
 1.07749455e+00 -1.44844352e-02
 1.23552686e+00 -1.50153280e-02
 1.22912303e+00 -1.55633648e-02
 1.20431506e+00 -1.61294618e-02
 1.25805975e+00 -1.67145912e-02
 1.09540784e+00 -1.73197849e-02
 1.23900704e+00 -1.79461398e-02
 1.24788356e+00 -1.85948227e-02
 1.19443694e+00 -1.92670759e-02
 1.26907967e+00 -1.99642229e-02
 1.29590874e+00 -2.06876759e-02
 1.29734364e+00 -2.14389424e-02
 1.25466492e+00 -2.22196338e-02
 1.25836688e+00 -2.30314735e-02
 1.34501577e+00 -2.38763076e-02
 1.27753226e+00 -2.47561147e-02
 1.42549545e+00 -2.56730181e-02
 1.38238458e+00 -2.66292990e-02
 1.36499791e+00 -2.76274105e-02
 1.36278235e+00 -2.86699940e-02
 1.36026487e+00 -2.97598963e-02
 1.42701704e+00 -3.09001903e-02
 1.50455745e+00 -3.20941958e-02
 1.49965703e+00 -3.33455046e-02
 1.48505942e+00 -3.46580078e-02
 1.55000774e+00 -3.60359258e-02
 1.47806795e+00 -3.74838433e-02
 1.56497993e+00 -3.90067469e-02
 1.48901023e+00 -4.06100690e-02
 1.70907963e+00 -4.22997360e-02
 1.64707139e+00 -4.40822239e-02
 1.67916855e+00 -4.59646200e-02
 1.68791812e+00 -4.79546944e-02
 1.69162939e+00 -5.00609796e-02
 1.77503560e+00 -5.22928631e-02
 1.74039296e+00 -5.46606915e-02
 1.71197241e+00 -5.71758912e-02
 1.84957828e+00 -5.98511059e-02
 1.92173580e+00 -6.27003563e-02
 1.83701079e+00 -6.57392233e-02
 2.05287792e+00 -6.89850616e-02
 2.08128274e+00 -7.24572471e-02
 1.99689448e+00 -7.61774659e-02
 2.05006852e+00 -8.01700530e-02
 2.07653090e+00 -8.44623899e-02
 2.08772894e+00 -8.90853730e-02
 2.14377166e+00 -9.40739693e-02
 2.33509358e+00 -9.94678768e-02
 2.28229023e+00 -1.05312312e-01
 2.40860323e+00 -1.11658957e-01
 2.42692507e+00 -1.18567099e-01
 2.51321390e+00 -1.26105013e-01
 2.59127872e+00 -1.34351642e-01
 2.61126087e+00 -1.43398664e-01
 2.70835376e+00 -1.53353032e-01
 2.76713820e+00 -1.64340126e-01
 2.98341280e+00 -1.76507694e-01
 3.02600863e+00 -1.90030809e-01
 3.19161242e+00 -2.05118146e-01
 3.18792345e+00 -2.22020020e-01
 3.38170469e+00 -2.41038739e-01
 3.39219254e+00 -2.62542095e-01
 3.65995420e+00 -2.86981100e-01
 3.76225711e+00 -3.14913583e-01
 3.97616126e+00 -3.47035951e-01
 4.32220633e+00 -3.84226494e-01
 4.42683387e+00 -4.27605291e-01
 4.75983539e+00 -4.78618346e-01
 5.08944411e+00 -5.39157815e-01
 5.26352198e+00 -6.11737036e-01
 5.62952432e+00 -6.99750703e-01
 6.03225493e+00 -8.07870673e-01
 6.42080534e+00 -9.42663867e-01
 6.99071675e+00 -1.11358543e+00
 7.63306909e+00 -1.33462841e+00
 8.35150200e+00 -1.62716832e+00
 9.40761101e+00 -2.02508142e+00
 1.04050919e+01 -2.58441194e+00
 1.19310934e+01 -3.40265966e+00
 1.36331945e+01 -4.65963869e+00
 1.59909123e+01 -6.70928421e+00
 1.88004296e+01 -1.02927782e+01
 2.17009608e+01 -1.69805022e+01
 2.13220094e+01 -2.92265493e+01
 7.74371230e+00 -4.33003921e+01
 -1.45125921e+01 -3.92185483e+01
 -2.21290427e+01 -2.41541963e+01
 -2.07034408e+01 -1.41281850e+01
 -1.77258267e+01 -8.80125015e+00
 -1.50105953e+01 -5.88558520e+00
 -1.29765977e+01 -4.17308699e+00
 -1.13794630e+01 -3.09801026e+00
 -9.95606050e+00 -2.38448731e+00
 -9.02350806e+00 -1.88891942e+00
 -8.10264479e+00 -1.53169011e+00
 -7.39386287e+00 -1.26614152e+00
 -6.84779488e+00 -1.06360005e+00
 -6.37875732e+00 -9.05714163e-01
 -5.90808899e+00 -7.80322272e-01
 -5.46655290e+00 -6.79118784e-01
 -5.13385987e+00 -5.96281119e-01
 -4.91924485e+00 -5.27632727e-01
 -4.67944371e+00 -4.70116522e-01
 -4.43287248e+00 -4.21454257e-01
 -4.10990668e+00 -3.79920619e-01
 -3.93450019e+00 -3.44190049e-01
 -3.78205723e+00 -3.13230765e-01
 -3.53597189e+00 -2.86230106e-01
 -3.52697875e+00 -2.62541069e-01
 -3.33502524e+00 -2.41643438e-01
 -3.21249050e+00 -2.23115143e-01
 -3.10149246e+00 -2.06610874e-01
 -2.96027197e+00 -1.91845943e-01
 -2.88431047e+00 -1.78583956e-01
 -2.80419548e+00 -1.66627318e-01
 -2.71325209e+00 -1.55809839e-01
 -2.60523933e+00 -1.45990935e-01
 -2.53653183e+00 -1.37051038e-01
 -2.45803155e+00 -1.28887941e-01
 -2.36115077e+00 -1.21413856e-01
 -2.31150111e+00 -1.14553042e-01
 -2.22783663e+00 -1.08239879e-01
 -2.14743683e+00 -1.02417283e-01
 -2.24437346e+00 -9.70354100e-02
 -2.18104947e+00 -9.20505824e-02
 -2.16533712e+00 -8.74243940e-02
 -2.04977714e+00 -8.31229655e-02
 -2.02190816e+00 -7.91163190e-02
 -1.93232239e+00 -7.53778509e-02
 -1.90379445e+00 -7.18838857e-02
 -1.83001356e+00 -6.86132979e-02
 -1.82821521e+00 -6.55471893e-02
 -1.73171431e+00 -6.26686124e-02
 -1.70795131e+00 -5.99623339e-02
 -1.67989249e+00 -5.74146305e-02
 -1.81510243e+00 -5.50131127e-02
 -1.73614042e+00 -5.27465716e-02
 -1.69420988e+00 -5.06048469e-02
 -1.66755780e+00 -4.85787107e-02
 -1.64634633e+00 -4.66597667e-02
 -1.64400332e+00 -4.48403615e-02
 -1.56699524e+00 -4.31135071e-02
 -1.52869250e+00 -4.14728125e-02
 -1.51665663e+00 -3.99124230e-02
 -1.57661478e+00 -3.84269673e-02
 -1.45210443e+00 -3.70115102e-02
 -1.44189183e+00 -3.56615102e-02
 -1.44219730e+00 -3.43727826e-02
 -1.46992154e+00 -3.31414662e-02
 -1.47748751e+00 -3.19639931e-02
 -1.36103968e+00 -3.08370629e-02
 -1.38061106e+00 -2.97576181e-02
 -1.34796241e+00 -2.87228233e-02
 -1.35651396e+00 -2.77300457e-02
 -1.27826586e+00 -2.67768376e-02
 -1.35206544e+00 -2.58609213e-02
 -1.39537813e+00 -2.49801743e-02
 -1.39776045e+00 -2.41326173e-02
 -1.24539615e+00 -2.33164019e-02
 -1.19693480e+00 -2.25298006e-02
 -1.30078467e+00 -2.17711969e-02
 -1.33180570e+00 -2.10390770e-02
 -1.21044101e+00 -2.03320216e-02
 -1.28509617e+00 -1.96486987e-02
 -1.23595805e+00 -1.89878572e-02
 -1.22495988e+00 -1.83483209e-02
 -1.19350601e+00 -1.77289825e-02
 -1.12515392e+00 -1.71287991e-02
 -1.24912300e+00 -1.65467875e-02
 -1.12556941e+00 -1.59820195e-02
 -1.19348271e+00 -1.54336186e-02
 -1.16531554e+00 -1.49007558e-02
 -1.15622252e+00 -1.43826467e-02
 -1.14507649e+00 -1.38785483e-02
 -1.06632705e+00 -1.33877560e-02
 -1.14082264e+00 -1.29096012e-02
 -1.15317083e+00 -1.24434489e-02
 -1.17571945e+00 -1.19886952e-02
 -1.08202859e+00 -1.15447654e-02
 -1.09870233e+00 -1.11111121e-02
 -1.04686232e+00 -1.06872132e-02
 -1.14868070e+00 -1.02725703e-02
 -1.06013231e+00 -9.86670746e-03
 -1.14841418e+00 -9.46916916e-03
 -1.10512484e+00 -9.07951938e-03
 -9.98352913e-01 -8.69734017e-03
 -1.01434089e+00 -8.32223045e-03
 -1.10175997e+00 -7.95380496e-03
 -1.04182265e+00 -7.59169313e-03
 -1.03800879e+00 -7.23553815e-03
 -1.04284925e+00 -6.88499601e-03
 -1.00559829e+00 -6.53973467e-03
 -1.04962763e+00 -6.19943318e-03
 -1.03559545e+00 -5.86378093e-03
 -1.08785104e+00 -5.53247691e-03
 -9.64711225e-01 -5.20522899e-03
 -9.19460884e-01 -4.88175328e-03
 -1.04514184e+00 -4.56177348e-03
 -1.03489658e+00 -4.24502028e-03
 -1.01094635e+00 -3.93123075e-03
 -9.79345021e-01 -3.62014784e-03
 -1.05178304e+00 -3.31151979e-03
 -1.08508967e+00 -3.00509968e-03
 -1.00361314e+00 -2.70064485e-03
 -1.00410411e+00 -2.39791649e-03
 -9.67811627e-01 -2.09667915e-03
 -1.01162377e+00 -1.79670026e-03
 -9.94824561e-01 -1.49774973e-03
 -1.02897089e+00 -1.19959948e-03
 -9.20592508e-01 -9.02023027e-04
 -1.06440043e+00 -6.04795068e-04
 -9.23547629e-01 -3.07691043e-04
 -9.95126132e-01 -1.04867361e-05
 -9.13257561e-01 2.87042143e-04
 -9.79751982e-01 5.85120372e-04
 -1.07863423e+00 8.83973631e-04
 -9.57659754e-01 1.18382892e-03
 -9.22940627e-01 1.48491498e-03
 -1.00446703e+00 1.78746272e-03
 -1.03164132e+00 2.09170566e-03
 -1.02307708e+00 2.39788035e-03
 -1.08519483e+00 2.70622685e-03
 -9.66254362e-01 3.01698919e-03
 -9.30610398e-01 3.33041582e-03
 -9.88084457e-01 3.64676017e-03
 -9.91447196e-01 3.96628107e-03
 -9.12221177e-01 4.28924336e-03
 -1.07258709e+00 4.61591842e-03
 -1.04847218e+00 4.94658470e-03
 -1.02826221e+00 5.28152840e-03
 -1.03580188e+00 5.62104402e-03
 -1.04321101e+00 5.96543509e-03
 -1.02879173e+00 6.31501480e-03
 -1.01884079e+00 6.67010678e-03
 -9.85453312e-01 7.03104586e-03
 -1.11637198e+00 7.39817885e-03
 -1.01479041e+00 7.77186546e-03
 -1.06920038e+00 8.15247915e-03
 -1.04406234e+00 8.54040816e-03
 -1.06811038e+00 8.93605648e-03
 -1.17631643e+00 9.33984499e-03
 -1.03382311e+00 9.75221263e-03
 -1.09996900e+00 1.01736176e-02
 -1.11605514e+00 1.06045387e-02
 -1.08838581e+00 1.10454769e-02
 -1.05695603e+00 1.14969566e-02
 -1.12825189e+00 1.19595274e-02
 -1.17289464e+00 1.24337659e-02
 -9.67204143e-01 1.29202775e-02
 -1.13408616e+00 1.34196985e-02
 -1.15534951e+00 1.39326982e-02
 -1.15095107e+00 1.44599813e-02
 -1.13460714e+00 1.50022902e-02
 -1.12942453e+00 1.55604082e-02
 -1.05091976e+00 1.61351620e-02
 -1.17816524e+00 1.67274251e-02
 -1.19591698e+00 1.73381214e-02
 -1.23788461e+00 1.79682284e-02
 -1.14319289e+00 1.86187820e-02
 -1.25358621e+00 1.92908803e-02
 -1.06294262e+00 1.99856888e-02
 -1.20951399e+00 2.07044453e-02
 -1.18293112e+00 2.14484659e-02
 -1.24147908e+00 2.22191511e-02
 -1.19264538e+00 2.30179925e-02
 -1.30685482e+00 2.38465804e-02
 -1.26329416e+00 2.47066118e-02
 -1.20597323e+00 2.55998994e-02
 -1.27807977e+00 2.65283813e-02
 -1.22795343e+00 2.74941319e-02
 -1.29481581e+00 2.84993737e-02
 -1.35164849e+00 2.95464902e-02
 -1.37514471e+00 3.06380407e-02
 -1.30719483e+00 3.17767758e-02
 -1.34178167e+00 3.29656553e-02
 -1.37981058e+00 3.42078677e-02
 -1.44593408e+00 3.55068518e-02
 -1.49385989e+00 3.68663212e-02
 -1.34464057e+00 3.82902907e-02
 -1.40551449e+00 3.97831067e-02
 -1.49280083e+00 4.13494805e-02
 -1.50127267e+00 4.29945260e-02
 -1.50405344e+00 4.47238020e-02
 -1.52840062e+00 4.65433591e-02
 -1.61362891e+00 4.84597935e-02
 -1.65917345e+00 5.04803072e-02
 -1.57179811e+00 5.26127757e-02
 -1.71133255e+00 5.48658256e-02
 -1.63623916e+00 5.72489220e-02
 -1.77493453e+00 5.97724687e-02
 -1.68974388e+00 6.24479218e-02
 -1.73183136e+00 6.52879204e-02
 -1.82799228e+00 6.83064362e-02
 -1.84017521e+00 7.15189457e-02
 -1.87037443e+00 7.49426288e-02
 -1.84466930e+00 7.85965992e-02
 -1.91864689e+00 8.25021710e-02
 -1.94566470e+00 8.66831699e-02
 -2.01143981e+00 9.11662963e-02
 -2.10883211e+00 9.59815520e-02
 -2.07951972e+00 1.01162741e-01
 -2.16986747e+00 1.06748065e-01
 -2.22717682e+00 1.12780820e-01
 -2.29961615e+00 1.19310245e-01
 -2.26945851e+00 1.26392513e-01
 -2.35135947e+00 1.34091947e-01
 -2.48570721e+00 1.42482472e-01
 -2.59000396e+00 1.51649387e-01
 -2.71062344e+00 1.61691525e-01
 -2.60658747e+00 1.72723917e-01
 -2.80267527e+00 1.84881067e-01
 -2.90529456e+00 1.98321049e-01
 -2.94901018e+00 2.13230623e-01
 -3.09564620e+00 2.29831704e-01
 -3.15623991e+00 2.48389590e-01
 -3.34482396e+00 2.69223522e-01
 -3.44771265e+00 2.92720364e-01
 -3.60482711e+00 3.19352485e-01
 -3.77301411e+00 3.49701399e-01
 -3.96448927e+00 3.84489364e-01
 -4.14458849e+00 4.24622146e-01
 -4.42058721e+00 4.71247664e-01
 -4.56732564e+00 5.25837609e-01
 -4.75021542e+00 5.90302851e-01
 -5.10826348e+00 6.67159502e-01
 -5.43179242e+00 7.59772515e-01
 -5.75387139e+00 8.72720733e-01
 -6.29897059e+00 1.01235699e+00
 -6.80726585e+00 1.18769047e+00
 -7.30876462e+00 1.41181824e+00
 -7.99085935e+00 1.70432554e+00
 -8.84491791e+00 2.09546155e+00
 -9.69385315e+00 2.63370741e+00
 -1.10359612e+01 3.40011620e+00
 -1.24159776e+01 4.53675480e+00
 -1.43095089e+01 6.30534779e+00
 -1.65019440e+01 9.20876847e+00
 -1.86056827e+01 1.42087745e+01
 -1.90671064e+01 2.27649328e+01
 -1.23189714e+01 3.42333348e+01
 4.45871371e+00 3.81540112e+01
 1.68932323e+01 2.86501001e+01
 1.93110329e+01 1.80898104e+01
 1.76344018e+01 1.14513229e+01
 1.54200127e+01 7.63150323e+00
 1.32317317e+01 5.36466659e+00
 1.17130808e+01 3.94581123e+00
 1.04375862e+01 3.01091789e+00
 9.29656754e+00 2.36694185e+00
 8.39258533e+00 1.90647352e+00
 7.55546212e+00 1.56674207e+00
 7.06189406e+00 1.30938000e+00
 6.37679481e+00 1.10998815e+00
 5.95130098e+00 9.52503725e-01
 5.48264263e+00 8.26027512e-01
 5.23370269e+00 7.22965516e-01
 4.92133776e+00 6.37901869e-01
 4.57304052e+00 5.66893596e-01
 4.39977585e+00 5.07016870e-01
 4.23785502e+00 4.56067697e-01
 3.97645194e+00 4.12359991e-01
 3.86154823e+00 3.74586555e-01
 3.62352934e+00 3.41721598e-01
 3.50475935e+00 3.12951236e-01
 3.41430841e+00 2.87623170e-01
 3.26704756e+00 2.65209741e-01
 3.09888863e+00 2.45280467e-01
 3.03014991e+00 2.27481363e-01
 2.85238111e+00 2.11519218e-01
 2.81422519e+00 1.97149512e-01
 2.75430887e+00 1.84167035e-01
 2.70110576e+00 1.72398553e-01
 2.53509975e+00 1.61697014e-01
 2.54595905e+00 1.51936946e-01
 2.48887483e+00 1.43010768e-01
 2.34617099e+00 1.34825819e-01
 2.34222797e+00 1.27301938e-01
 2.24209448e+00 1.20369502e-01
 2.13654570e+00 1.13967803e-01
 2.14703204e+00 1.08043714e-01
 2.10919415e+00 1.02550584e-01
 2.08117994e+00 9.74473087e-02
 1.92787478e+00 9.26975613e-02
 1.94405696e+00 8.82691406e-02
 1.88837791e+00 8.41334211e-02
 1.89913032e+00 8.02648871e-02
 1.90218416e+00 7.66407358e-02
 1.71480290e+00 7.32405381e-02
 1.79853227e+00 7.00459485e-02
 1.70644525e+00 6.70404548e-02
 1.77399790e+00 6.42091623e-02
 1.77478117e+00 6.15386074e-02
 1.69380055e+00 5.90165955e-02
 1.57653808e+00 5.66320601e-02
 1.60681055e+00 5.43749391e-02
 1.51919961e+00 5.22360681e-02
 1.62092045e+00 5.02070849e-02
 1.48699495e+00 4.82803471e-02
 1.53299968e+00 4.64488586e-02
 1.50257916e+00 4.47062049e-02
 1.46102530e+00 4.30464958e-02
 1.42212064e+00 4.14643148e-02
 1.43379820e+00 3.99546738e-02
 1.36049280e+00 3.85129727e-02
 1.37193368e+00 3.71349640e-02
 1.38576880e+00 3.58167200e-02
 1.39641114e+00 3.45546047e-02
 1.35668872e+00 3.33452478e-02
 1.36539350e+00 3.21855215e-02
 1.30338552e+00 3.10725195e-02
 1.35030330e+00 3.00035386e-02
 1.28390141e+00 2.89760613e-02
 1.25036936e+00 2.79877407e-02
 1.36033318e+00 2.70363865e-02
 1.28416361e+00 2.61199528e-02
 1.24022007e+00 2.52365257e-02
 1.22418828e+00 2.43843141e-02
 1.26590576e+00 2.35616392e-02
 1.19817962e+00 2.27669265e-02
 1.21413384e+00 2.19986976e-02
 1.20502765e+00 2.12555633e-02
 1.25336894e+00 2.05362166e-02
 1.23828396e+00 1.98394269e-02
 1.15714691e+00 1.91640345e-02
 1.10924614e+00 1.85089455e-02
 1.15818069e+00 1.78731269e-02
 1.13937760e+00 1.72556026e-02
 1.08386692e+00 1.66554492e-02
 1.19127458e+00 1.60717927e-02
 1.13107981e+00 1.55038044e-02
 1.09670821e+00 1.49506988e-02
 1.14678980e+00 1.44117296e-02
 1.15655559e+00 1.38861881e-02
 1.13186297e+00 1.33734000e-02
 1.14913593e+00 1.28727231e-02
 1.10652026e+00 1.23835456e-02
 1.13845297e+00 1.19052840e-02
 1.16640743e+00 1.14373807e-02
 1.02111230e+00 1.09793032e-02
 1.02081843e+00 1.05305416e-02
 1.08236062e+00 1.00906076e-02
 1.07631723e+00 9.65903302e-03
 1.12682412e+00 9.23536839e-03
 1.04847916e+00 8.81918172e-03
 1.10659174e+00 8.41005741e-03
 9.90074342e-01 8.00759506e-03
 1.08730122e+00 7.61140852e-03
 9.84283896e-01 7.22112489e-03
 1.03781555e+00 6.83638359e-03
 1.01121343e+00 6.45683549e-03
 1.08921052e+00 6.08214213e-03
 1.07557710e+00 5.71197486e-03
 1.01911741e+00 5.34601417e-03
 9.14033146e-01 4.98394897e-03
 1.15135821e+00 4.62547586e-03
 1.08789906e+00 4.27029853e-03
 1.01755115e+00 3.91812714e-03
 1.03523595e+00 3.56867770e-03
 1.02357516e+00 3.22167150e-03
 9.74667533e-01 2.87683457e-03
 9.83983953e-01 2.53389710e-03
 1.03718039e+00 2.19259296e-03
 9.77994550e-01 1.85265918e-03
 9.59989670e-01 1.51383540e-03
 1.05233356e+00 1.17586347e-03
 1.04896548e+00 8.38486868e-04
 1.01422401e+00 5.01450296e-04
 1.07751458e+00 1.64499175e-04
 9.64317540e-01 -1.72620819e-04
 1.08645985e+00 -5.10164223e-04
 9.63219747e-01 -8.48386256e-04
 9.55890986e-01 -1.18754329e-03
 1.07089259e+00 -1.52789333e-03
 1.04269354e+00 -1.86969648e-03
 9.50357704e-01 -2.21321545e-03
 9.65307167e-01 -2.55871603e-03
 9.39775282e-01 -2.90646762e-03
 1.10639703e+00 -3.25674373e-03
 9.42311540e-01 -3.60982250e-03
 9.97987628e-01 -3.96598730e-03
 1.03914816e+00 -4.32552725e-03
 1.07970487e+00 -4.68873780e-03
 1.08173453e+00 -5.05592139e-03
 1.05920141e+00 -5.42738804e-03
 9.66264939e-01 -5.80345602e-03
 9.78550173e-01 -6.18445256e-03
 1.08075068e+00 -6.57071455e-03
 9.93450248e-01 -6.96258933e-03
 9.81768077e-01 -7.36043546e-03
 1.01545031e+00 -7.76462358e-03
 1.00200808e+00 -8.17553730e-03
 1.09289040e+00 -8.59357413e-03
 1.02232426e+00 -9.01914651e-03
 1.20762183e+00 -9.45268281e-03
 1.18663692e+00 -9.89462849e-03
 1.15540338e+00 -1.03454473e-02
 1.12859878e+00 -1.08056225e-02
 1.00599072e+00 -1.12756584e-02
 1.08627785e+00 -1.17560814e-02
 1.19802021e+00 -1.22474419e-02
 1.10652838e+00 -1.27503160e-02
 1.16338215e+00 -1.32653068e-02
 1.04276024e+00 -1.37930469e-02
 1.11605004e+00 -1.43342000e-02
 1.11282696e+00 -1.48894632e-02
 9.92041667e-01 -1.54595695e-02
 1.12505972e+00 -1.60452900e-02
 1.15826143e+00 -1.66474371e-02
 1.13372201e+00 -1.72668670e-02
 1.16487996e+00 -1.79044832e-02
 1.17716956e+00 -1.85612398e-02
 1.20082121e+00 -1.92381450e-02
 1.25741030e+00 -1.99362657e-02
 1.17136256e+00 -2.06567314e-02
 1.26061816e+00 -2.14007391e-02
 1.17245478e+00 -2.21695583e-02
 1.18323402e+00 -2.29645371e-02
 1.23781174e+00 -2.37871077e-02
 1.14213554e+00 -2.46387935e-02
 1.19492622e+00 -2.55212161e-02
 1.34687348e+00 -2.64361038e-02
 1.22654736e+00 -2.73852994e-02
 1.29816033e+00 -2.83707708e-02
 1.22697985e+00 -2.93946205e-02
 1.35849012e+00 -3.04590978e-02
 1.36123210e+00 -3.15666114e-02
 1.22394135e+00 -3.27197427e-02
 1.37581699e+00 -3.39212622e-02
 1.35179018e+00 -3.51741456e-02
 1.33055444e+00 -3.64815929e-02
 1.38110653e+00 -3.78470495e-02
 1.48169116e+00 -3.92742287e-02
 1.36812540e+00 -4.07671381e-02
 1.41909084e+00 -4.23301074e-02
 1.39877873e+00 -4.39678206e-02
 1.45327430e+00 -4.56853518e-02
 1.42147062e+00 -4.74882045e-02
 1.54318190e+00 -4.93823563e-02
 1.63776606e+00 -5.13743092e-02
 1.54220832e+00 -5.34711456e-02
 1.55015165e+00 -5.56805920e-02
 1.57468164e+00 -5.80110907e-02
 1.59597421e+00 -6.04718808e-02
 1.58404219e+00 -6.30730905e-02
 1.72841647e+00 -6.58258419e-02
 1.69863742e+00 -6.87423702e-02
 1.73596885e+00 -7.18361606e-02
 1.81450835e+00 -7.51221042e-02
 1.84962039e+00 -7.86166784e-02
 1.81451059e+00 -8.23381531e-02
 1.85477626e+00 -8.63068305e-02
 1.85989662e+00 -9.05453225e-02
 1.99015193e+00 -9.50788724e-02
 2.02828058e+00 -9.99357313e-02
 2.03086492e+00 -1.05147598e-01
 2.22665870e+00 -1.10750138e-01
 2.14084319e+00 -1.16783588e-01
 2.19515169e+00 -1.23293483e-01
 2.21806286e+00 -1.30331513e-01
 2.27036806e+00 -1.37956544e-01
 2.34749683e+00 -1.46235850e-01
 2.58029699e+00 -1.55246592e-01
 2.56170383e+00 -1.65077609e-01
 2.58959717e+00 -1.75831605e-01
 2.82039713e+00 -1.87627821e-01
 2.78396351e+00 -2.00605324e-01
 2.78465312e+00 -2.14927098e-01
 2.93370786e+00 -2.30785135e-01
 3.05016102e+00 -2.48406841e-01
 3.09557503e+00 -2.68063149e-01
 3.27568731e+00 -2.90078883e-01
 3.34659591e+00 -3.14846101e-01
 3.52981212e+00 -3.42841446e-01
 3.76691471e+00 -3.74648934e-01
 3.81201668e+00 -4.10990200e-01
 4.00563984e+00 -4.52765126e-01
 4.21232848e+00 -5.01107090e-01
 4.44230095e+00 -5.57459151e-01
 4.66150948e+00 -6.23680672e-01
 4.91249612e+00 -7.02198991e-01
 5.19864404e+00 -7.96229068e-01
 5.61524726e+00 -9.10097872e-01
 5.97371254e+00 -1.04973391e+00
 6.43384074e+00 -1.22342387e+00
 6.95982990e+00 -1.44301330e+00
 7.59770078e+00 -1.72586852e+00
 8.25458419e+00 -2.09818670e+00
 9.15600747e+00 -2.60077855e+00
 1.02216403e+01 -3.29954747e+00
 1.14630648e+01 -4.30516573e+00
 1.29514721e+01 -5.81099307e+00
 1.47873504e+01 -8.16549714e+00
 1.64588232e+01 -1.19921092e+01
 1.73719831e+01 -1.82387707e+01
 1.41040465e+01 -2.71992440e+01
 3.26681472e+00 -3.42668200e+01
 -1.02495115e+01 -3.11869464e+01
 -1.65756518e+01 -2.20263593e+01
 -1.70807814e+01 -1.44548624e+01
 -1.55058221e+01 -9.67100832e+00
 -1.37477958e+01 -6.75396364e+00
 -1.21150634e+01 -4.92221946e+00
 -1.07967507e+01 -3.72156693e+00
 -9.63034996e+00 -2.90107300e+00
 -8.71214185e+00 -2.31932611e+00
 -7.85642272e+00 -1.89358908e+00
 -7.22766675e+00 -1.57348494e+00
 -6.61855716e+00 -1.32716786e+00
 -6.08112650e+00 -1.13381328e+00
 -5.74078410e+00 -9.79387323e-01
 -5.36779383e+00 -8.54176728e-01
 -5.05281189e+00 -7.51297835e-01
 -4.84302455e+00 -6.65768656e-01
 -4.56993642e+00 -5.93915255e-01
 -4.29492846e+00 -5.32982382e-01
 -4.11807237e+00 -4.80872251e-01
 -3.95416233e+00 -4.35965657e-01
 -3.64139949e+00 -3.96997181e-01
 -3.60179825e+00 -3.62966640e-01
 -3.48811363e+00 -3.33075271e-01
 -3.27998035e+00 -3.06679083e-01
 -3.26678792e+00 -2.83254309e-01
 -3.04486596e+00 -2.62371507e-01
 -3.01967918e+00 -2.43675933e-01
 -2.94487800e+00 -2.26872503e-01
 -2.73676079e+00 -2.11714173e-01
 -2.69557229e+00 -1.97992861e-01
 -2.65736376e+00 -1.85532315e-01
 -2.54686995e+00 -1.74182449e-01
 -2.45767453e+00 -1.63814826e-01
 -2.41980546e+00 -1.54319020e-01
 -2.34719944e+00 -1.45599669e-01
 -2.27307297e+00 -1.37574079e-01
 -2.22715960e+00 -1.30170260e-01
 -2.16552807e+00 -1.23325304e-01
 -2.13697595e+00 -1.16984049e-01
 -2.04837907e+00 -1.11097958e-01
 -2.03363990e+00 -1.05624190e-01
 -2.04756221e+00 -1.00524819e-01
 -1.99004151e+00 -9.57661662e-02
 -2.03960984e+00 -9.13182488e-02
 -1.93929014e+00 -8.71542998e-02
 -1.77380971e+00 -8.32503640e-02
 -1.80689641e+00 -7.95849509e-02
 -1.74233496e+00 -7.61387364e-02
 -1.73060969e+00 -7.28943058e-02
 -1.72254199e+00 -6.98359317e-02
 -1.76003234e+00 -6.69493813e-02
 -1.64488081e+00 -6.42217494e-02
 -1.63353391e+00 -6.16413117e-02
 -1.55779990e+00 -5.91973980e-02
 -1.61491734e+00 -5.68802798e-02
 -1.58112871e+00 -5.46810725e-02
 -1.46717528e+00 -5.25916484e-02
 -1.45063005e+00 -5.06045610e-02
 -1.53078202e+00 -4.87129769e-02
 -1.54162849e+00 -4.69106164e-02
 -1.50233269e+00 -4.51916999e-02
 -1.46530151e+00 -4.35509011e-02
 -1.35682434e+00 -4.19833045e-02
 -1.39823435e+00 -4.04843679e-02
 -1.33528431e+00 -3.90498885e-02
 -1.45997984e+00 -3.76759727e-02
 -1.31262702e+00 -3.63590094e-02
 -1.35617595e+00 -3.50956449e-02
 -1.29785112e+00 -3.38827613e-02
 -1.27784069e+00 -3.27174567e-02
 -1.35188021e+00 -3.15970273e-02
 -1.22480516e+00 -3.05189507e-02
 -1.22805315e+00 -2.94808720e-02
 -1.22320918e+00 -2.84805896e-02
 -1.20552986e+00 -2.75160437e-02
 -1.28219099e+00 -2.65853050e-02
 -1.30140617e+00 -2.56865648e-02
 -1.21962390e+00 -2.48181255e-02
 -1.11084241e+00 -2.39783927e-02
 -1.26187886e+00 -2.31658672e-02
 -1.16383543e+00 -2.23791379e-02
 -1.23476418e+00 -2.16168758e-02
 -1.07228858e+00 -2.08778277e-02
 -1.15822307e+00 -2.01608108e-02
 -1.08481010e+00 -1.94647081e-02
 -1.16935494e+00 -1.87884634e-02
 -1.06353623e+00 -1.81310770e-02
 -1.20309482e+00 -1.74916024e-02
 -1.14703015e+00 -1.68691420e-02
 -1.11761800e+00 -1.62628440e-02
 -1.14354851e+00 -1.56718996e-02
 -1.08009221e+00 -1.50955397e-02
 -1.14175110e+00 -1.45330325e-02
 -1.04004610e+00 -1.39836809e-02
 -1.09012801e+00 -1.34468203e-02
 -1.16446453e+00 -1.29218166e-02
 -9.85479299e-01 -1.24080637e-02
 -1.06993993e+00 -1.19049824e-02
 -1.09257598e+00 -1.14120178e-02
 -1.06430204e+00 -1.09286386e-02
 -1.02755847e+00 -1.04543347e-02
 -9.87397166e-01 -9.98861648e-03
 -1.04167799e+00 -9.53101306e-03
 -1.02480597e+00 -9.08107119e-03
 -9.71438052e-01 -8.63835402e-03
 -1.01435916e+00 -8.20244003e-03
 -1.02772774e+00 -7.77292197e-03
 -1.04741667e+00 -7.34940583e-03
 -1.01808812e+00 -6.93150994e-03
 -1.03613516e+00 -6.51886409e-03
 -1.02479260e+00 -6.11110863e-03
 -9.86289123e-01 -5.70789370e-03
 -9.86364796e-01 -5.30887847e-03
 -1.06912794e+00 -4.91373038e-03
 -1.01337362e+00 -4.52212443e-03
 -1.00177269e+00 -4.13374255e-03
 -1.01349709e+00 -3.74827288e-03
 -9.78660165e-01 -3.36540922e-03
 -1.03452100e+00 -2.98485035e-03
 -9.64291232e-01 -2.60629949e-03
 -9.53148271e-01 -2.22946368e-03
 -8.88303607e-01 -1.85405328e-03
 -9.38179809e-01 -1.47978136e-03
 -9.91686092e-01 -1.10636321e-03
 -9.94000195e-01 -7.33515775e-04
 -1.00624794e+00 -3.60957139e-04
 -1.01339118e+00 1.15939862e-05
 -9.87342705e-01 3.84418787e-04
 -9.73124082e-01 7.57798867e-04
 -1.12513979e+00 1.13201676e-03
 -1.06445279e+00 1.50735647e-03
 -1.00821985e+00 1.88410396e-03
 -1.01551987e+00 2.26254773e-03
 -1.00199508e+00 2.64297933e-03
 -9.99256572e-01 3.02569392e-03
 -9.75028179e-01 3.41099084e-03
 -9.53310111e-01 3.79917418e-03
 -1.02733140e+00 4.19055337e-03
 -9.90707592e-01 4.58544382e-03
 -1.09548087e+00 4.98416751e-03
 -9.49650126e-01 5.38705369e-03
 -9.74756627e-01 5.79443956e-03
 -1.00594632e+00 6.20667094e-03
 -9.61584233e-01 6.62410307e-03
 -1.06529636e+00 7.04710134e-03
 -1.06707826e+00 7.47604214e-03
 -9.94145283e-01 7.91131371e-03
 -1.00581392e+00 8.35331703e-03
 -1.02442713e+00 8.80246677e-03
 -9.70676743e-01 9.25919231e-03
 -1.06096394e+00 9.72393880e-03
 -1.00098951e+00 1.01971683e-02
 -1.06017225e+00 1.06793609e-02
 -1.08141879e+00 1.11710161e-02
 -1.13212873e+00 1.16726541e-02
 -1.10016032e+00 1.21848172e-02
 -1.10114732e+00 1.27080714e-02
 -1.06268766e+00 1.32430082e-02
 -1.07980873e+00 1.37902457e-02
 -1.12653176e+00 1.43504315e-02
 -1.08401974e+00 1.49242438e-02
 -1.22127364e+00 1.55123939e-02
 -1.05932570e+00 1.61156288e-02
 -1.15763398e+00 1.67347331e-02
 -1.06715713e+00 1.73705321e-02
 -1.10528711e+00 1.80238947e-02
 -1.17405620e+00 1.86957361e-02
 -1.11758392e+00 1.93870216e-02
 -1.16082794e+00 2.00987701e-02
 -1.11178335e+00 2.08320579e-02
 -1.11174259e+00 2.15880230e-02
 -1.18999109e+00 2.23678698e-02
 -1.23856970e+00 2.31728740e-02
 -1.16016340e+00 2.40043879e-02
 -1.30731349e+00 2.48638468e-02
 -1.24130226e+00 2.57527746e-02
 -1.26078770e+00 2.66727918e-02
 -1.23075182e+00 2.76256222e-02
 -1.17928138e+00 2.86131018e-02
 -1.28482299e+00 2.96371879e-02
 -1.30463866e+00 3.06999688e-02
 -1.32502514e+00 3.18036750e-02
 -1.23553304e+00 3.29506912e-02
 -1.30034912e+00 3.41435695e-02
 -1.29205032e+00 3.53850438e-02
 -1.34648525e+00 3.66780462e-02
 -1.23429797e+00 3.80257243e-02
 -1.37409133e+00 3.94314609e-02
 -1.43677169e+00 4.08988959e-02
 -1.47125337e+00 4.24319497e-02
 -1.36394286e+00 4.40348507e-02
 -1.46549673e+00 4.57121640e-02
 -1.47347107e+00 4.74688252e-02
 -1.34847559e+00 4.93101766e-02
 -1.48636570e+00 5.12420088e-02
 -1.45250217e+00 5.32706064e-02
 -1.60062578e+00 5.54028001e-02
 -1.64090408e+00 5.76460243e-02
 -1.66416484e+00 6.00083828e-02
 -1.54367512e+00 6.24987226e-02
 -1.61406802e+00 6.51267173e-02
 -1.71410707e+00 6.79029616e-02
 -1.68080933e+00 7.08390787e-02
 -1.71751190e+00 7.39478427e-02
 -1.83607414e+00 7.72433183e-02
 -1.77204902e+00 8.07410201e-02
 -1.81707890e+00 8.44580961e-02
 -1.79972929e+00 8.84135382e-02
 -1.88696124e+00 9.26284256e-02
 -1.93683193e+00 9.71262059e-02
 -1.89211390e+00 1.01933021e-01
 -1.92769329e+00 1.07078089e-01
 -2.10835735e+00 1.12594144e-01
 -2.13208945e+00 1.18517963e-01
 -2.10838761e+00 1.24890972e-01
 -2.19713316e+00 1.31759972e-01
 -2.22589635e+00 1.39177998e-01
 -2.33619171e+00 1.47205339e-01
 -2.30146060e+00 1.55910759e-01
 -2.31621277e+00 1.65372967e-01
 -2.39005053e+00 1.75682389e-01
 -2.50626536e+00 1.86943322e-01
 -2.72698617e+00 1.99276559e-01
 -2.68544561e+00 2.12822616e-01
 -2.78702186e+00 2.27745714e-01
 -2.86805768e+00 2.44238730e-01
 -2.89078287e+00 2.62529392e-01
 -3.09328524e+00 2.82888099e-01
 -3.24288722e+00 3.05637839e-01
 -3.33612860e+00 3.31166913e-01
 -3.47439455e+00 3.59945378e-01
 -3.60351701e+00 3.92546498e-01
 -3.75112895e+00 4.29675037e-01
 -3.92985554e+00 4.72204970e-01
 -4.11604305e+00 5.21230347e-01
 -4.32764393e+00 5.78134818e-01
 -4.52336154e+00 6.44687950e-01
 -4.83252952e+00 7.23180758e-01
 -5.05516710e+00 8.16619549e-01
 -5.41920071e+00 9.29008279e-01
 -5.71940231e+00 1.06576803e+00
 -6.17513961e+00 1.23437392e+00
 -6.63510268e+00 1.44534530e+00
 -7.23797981e+00 1.71382603e+00
 -7.84903637e+00 2.06217802e+00
 -8.68494475e+00 2.52436764e+00
 -9.50596776e+00 3.15361507e+00
 -1.05727594e+01 4.03611665e+00
 -1.17669920e+01 5.31611123e+00
 -1.33178800e+01 7.24101670e+00
 -1.46906444e+01 1.02330750e+01
 -1.57864901e+01 1.49373616e+01
 -1.45766597e+01 2.18555099e+01
 -8.12944196e+00 2.92971730e+01
 3.37082757e+00 3.11845816e+01
 1.26017403e+01 2.52860514e+01
 1.57287907e+01 1.76781492e+01
 1.53016525e+01 1.20305822e+01
 1.39754091e+01 8.38857847e+00
 1.25463700e+01 6.06673454e+00
 1.10430312e+01 4.54551739e+00
 9.98890117e+00 3.51236776e+00
 8.96302372e+00 2.78568798e+00
 8.10892398e+00 2.25825802e+00
 7.41311408e+00 1.86480413e+00
 6.78498080e+00 1.56423985e+00
 6.40192467e+00 1.32986014e+00
 5.85268746e+00 1.14378828e+00
 5.49671412e+00 9.93734779e-01
 5.16339028e+00 8.71047351e-01
 4.80172529e+00 7.69503032e-01
 4.67096447e+00 6.84539653e-01
 4.39190053e+00 6.12754595e-01
 4.13924802e+00 5.51570412e-01
 4.04787648e+00 4.99007122e-01
 3.82460854e+00 4.53524201e-01
 3.62092761e+00 4.13909035e-01
 3.55110584e+00 3.79196927e-01
 3.30740867e+00 3.48612887e-01
 3.23023037e+00 3.21528713e-01
 3.08550975e+00 2.97430948e-01
 3.04771391e+00 2.75896692e-01
 2.96581698e+00 2.56575138e-01
 2.77982762e+00 2.39173347e-01
 2.68142530e+00 2.23445185e-01
 2.66347814e+00 2.09182648e-01
 2.57091964e+00 1.96208997e-01
 2.41162537e+00 1.84373298e-01
 2.44440422e+00 1.73546033e-01
 2.46897871e+00 1.63615562e-01
 2.39028370e+00 1.54485244e-01
 2.24796706e+00 1.46071086e-01
 2.07451135e+00 1.38299812e-01
 2.19520857e+00 1.31107261e-01
 2.06503707e+00 1.24437063e-01
 2.00379557e+00 1.18239531e-01
 1.96199043e+00 1.12470733e-01
 1.97421524e+00 1.07091713e-01
 1.93287324e+00 1.02067826e-01
 1.86744950e+00 9.73681806e-02
 1.85102350e+00 9.29651628e-02
 1.88931397e+00 8.88340244e-02
 1.85150816e+00 8.49525358e-02
 1.76032914e+00 8.13006834e-02
 1.75596052e+00 7.78604100e-02
 1.68100840e+00 7.46153897e-02
 1.67758293e+00 7.15508322e-02
 1.66821086e+00 6.86533126e-02
 1.63048676e+00 6.59106227e-02
 1.56900807e+00 6.33116410e-02
 1.57100972e+00 6.08462183e-02
 1.57254039e+00 5.85050774e-02
 1.58595241e+00 5.62797244e-02
 1.53978387e+00 5.41623706e-02
 1.45523856e+00 5.21458631e-02
 1.44855174e+00 5.02236233e-02
 1.50618384e+00 4.83895924e-02
 1.38450996e+00 4.66381822e-02
 1.30237121e+00 4.49642324e-02
 1.42905315e+00 4.33629709e-02
 1.44892755e+00 4.18299797e-02
 1.36275461e+00 4.03611631e-02
 1.37701166e+00 3.89527199e-02
 1.29890615e+00 3.76011181e-02
 1.31575494e+00 3.63030720e-02
 1.21920445e+00 3.50555217e-02
 1.23449629e+00 3.38556146e-02
 1.28406430e+00 3.27006882e-02
 1.12928648e+00 3.15882552e-02
 1.23825851e+00 3.05159892e-02
 1.17181961e+00 2.94817127e-02
 1.21772237e+00 2.84833847e-02
 1.28632657e+00 2.75190912e-02
 1.17021837e+00 2.65870348e-02
 1.17218811e+00 2.56855266e-02
 1.13679288e+00 2.48129775e-02
 1.09557484e+00 2.39678917e-02
 1.20255672e+00 2.31488593e-02
 1.21366095e+00 2.23545503e-02
 1.14964404e+00 2.15837092e-02
 1.21906680e+00 2.08351494e-02
 1.07310868e+00 2.01077484e-02
 1.12453949e+00 1.94004439e-02
 1.16073408e+00 1.87122288e-02
 1.00612133e+00 1.80421482e-02
 1.01427611e+00 1.73892956e-02
 1.12449685e+00 1.67528094e-02
 9.92074957e-01 1.61318705e-02
 1.10400869e+00 1.55256988e-02
 1.11955519e+00 1.49335510e-02
 1.03867666e+00 1.43547183e-02
 1.05534294e+00 1.37885237e-02
 1.08791398e+00 1.32343204e-02
 1.07312986e+00 1.26914894e-02
 9.96725477e-01 1.21594380e-02
 1.06801487e+00 1.16375979e-02
 1.05800573e+00 1.11254236e-02
 1.12099936e+00 1.06223912e-02
 1.11508341e+00 1.01279964e-02
 9.61275408e-01 9.64175381e-03
 9.33361338e-01 9.16319515e-03
 1.04571536e+00 8.69186846e-03
 1.01950754e+00 8.22733681e-03
 9.21630840e-01 7.76917727e-03
 9.40374446e-01 7.31697992e-03
 1.02016578e+00 6.87034692e-03
 1.00646062e+00 6.42889157e-03
 1.02722200e+00 5.99223748e-03
 1.05186737e+00 5.56001774e-03
 9.96135857e-01 5.13187414e-03
 1.04794029e+00 4.70745641e-03
 9.17572251e-01 4.28642149e-03
 9.68159960e-01 3.86843287e-03
 9.71595649e-01 3.45315985e-03
 9.54157513e-01 3.04027697e-03
 9.41219734e-01 2.62946330e-03
 1.11786639e+00 2.22040188e-03
 1.10916449e+00 1.81277907e-03
 1.00445840e+00 1.40628399e-03
 9.90419531e-01 1.00060794e-03
 9.44900062e-01 5.95443799e-04
 1.00359330e+00 1.90485471e-04
 1.01140404e+00 -2.14572672e-04
 9.90504784e-01 -6.20036361e-04
 9.69955923e-01 -1.02621199e-03
 9.62193073e-01 -1.43340720e-03
 1.01034008e+00 -1.84193140e-03
 9.60741239e-01 -2.25209641e-03
 9.82124110e-01 -2.66421696e-03
 1.00631851e+00 -3.07861139e-03
 9.43301439e-01 -3.49560214e-03
 1.02990950e+00 -3.91551645e-03
 1.03729672e+00 -4.33868696e-03
 9.23171640e-01 -4.76545240e-03
 9.99151522e-01 -5.19615819e-03
 9.22328018e-01 -5.63115724e-03
 1.07540811e+00 -6.07081058e-03
 9.62261333e-01 -6.51548818e-03
 1.09971973e+00 -6.96556973e-03
 1.09865292e+00 -7.42144542e-03
 1.01670029e+00 -7.88351685e-03
 1.07048975e+00 -8.35219790e-03
 1.04386781e+00 -8.82791571e-03
 1.04887638e+00 -9.31111166e-03
 1.08820526e+00 -9.80224242e-03
 1.04373786e+00 -1.03017811e-02
 1.08805602e+00 -1.08102184e-02
 1.05188567e+00 -1.13280639e-02
 1.07651435e+00 -1.18558473e-02
 1.01922750e+00 -1.23941200e-02
 1.05212946e+00 -1.29434564e-02
 1.16784007e+00 -1.35044556e-02
 1.10529644e+00 -1.40777433e-02
 1.12110706e+00 -1.46639732e-02
 1.08881833e+00 -1.52638294e-02
 1.08530837e+00 -1.58780281e-02
 1.04496614e+00 -1.65073203e-02
 1.03635404e+00 -1.71524937e-02
 1.10523823e+00 -1.78143757e-02
 1.15152586e+00 -1.84938360e-02
 1.17040476e+00 -1.91917896e-02
 1.02873080e+00 -1.99092000e-02
 1.15401329e+00 -2.06470828e-02
 1.13267809e+00 -2.14065095e-02
 1.21313280e+00 -2.21886112e-02
 1.15771677e+00 -2.29945835e-02
 1.15978990e+00 -2.38256910e-02
 1.07696565e+00 -2.46832725e-02
 1.19652267e+00 -2.55687465e-02
 1.20468668e+00 -2.64836175e-02
 1.20870539e+00 -2.74294828e-02
 1.29227576e+00 -2.84080392e-02
 1.16706685e+00 -2.94210912e-02
 1.13499900e+00 -3.04705598e-02
 1.27380872e+00 -3.15584915e-02
 1.29361864e+00 -3.26870689e-02
 1.25233907e+00 -3.38586219e-02
 1.27215883e+00 -3.50756400e-02
 1.34707517e+00 -3.63407858e-02
 1.39208449e+00 -3.76569103e-02
 1.28950264e+00 -3.90270692e-02
 1.38751195e+00 -4.04545406e-02
 1.36244131e+00 -4.19428459e-02
 1.41846624e+00 -4.34957713e-02
 1.43067962e+00 -4.51173925e-02
 1.43192379e+00 -4.68121021e-02
 1.34535064e+00 -4.85846397e-02
 1.49388648e+00 -5.04401256e-02
 1.40941018e+00 -5.23840986e-02
 1.48493981e+00 -5.44225573e-02
 1.51992254e+00 -5.65620074e-02
 1.47437482e+00 -5.88095144e-02
 1.58862131e+00 -6.11727621e-02
 1.61130086e+00 -6.36601190e-02
 1.60164308e+00 -6.62807135e-02
 1.59492459e+00 -6.90445175e-02
 1.59150920e+00 -7.19624430e-02
 1.66398707e+00 -7.50464494e-02
 1.74347422e+00 -7.83096675e-02
 1.75980431e+00 -8.17665396e-02
 1.71114250e+00 -8.54329802e-02
 1.74237405e+00 -8.93265595e-02
 1.77140007e+00 -9.34667145e-02
 1.81099164e+00 -9.78749923e-02
 1.85950887e+00 -1.02575331e-01
 1.93186164e+00 -1.07594385e-01
 1.98586896e+00 -1.12961901e-01
 2.05852221e+00 -1.18711163e-01
 2.00149040e+00 -1.24879505e-01
 2.14320849e+00 -1.31508915e-01
 2.17731320e+00 -1.38646753e-01
 2.22015800e+00 -1.46346590e-01
 2.21826189e+00 -1.54669213e-01
 2.29013953e+00 -1.63683823e-01
 2.34565559e+00 -1.73469464e-01
 2.46601366e+00 -1.84116753e-01
 2.40408295e+00 -1.95729967e-01
 2.51724175e+00 -2.08429582e-01
 2.73797814e+00 -2.22355386e-01
 2.81655932e+00 -2.37670296e-01
 2.84652122e+00 -2.54565101e-01
 2.99513948e+00 -2.73264356e-01
 2.96925719e+00 -2.94033793e-01
 3.22545339e+00 -3.17189683e-01
 3.18600406e+00 -3.43110776e-01
 3.41796922e+00 -3.72253635e-01
 3.54050767e+00 -4.05172541e-01
 3.61483003e+00 -4.42545550e-01
 3.84214372e+00 -4.85208985e-01
 3.97431170e+00 -5.34203596e-01
 4.23076420e+00 -5.90837092e-01
 4.48991432e+00 -6.56769975e-01
 4.63034794e+00 -7.34135026e-01
 4.98095014e+00 -8.25706237e-01
 5.21275925e+00 -9.35141659e-01
 5.50500415e+00 -1.06733895e+00
 5.89666365e+00 -1.22896631e+00
 6.28994669e+00 -1.42927261e+00
 6.72118647e+00 -1.68135265e+00
 7.46692063e+00 -2.00417294e+00
 8.09594506e+00 -2.42590129e+00
 8.81301485e+00 -2.98952354e+00
 9.89533252e+00 -3.76254115e+00
 1.08987658e+01 -4.85393974e+00
 1.21410357e+01 -6.44343485e+00
 1.34633417e+01 -8.82688203e+00
 1.44183899e+01 -1.24566173e+01
 1.43036352e+01 -1.78112799e+01
 1.06896451e+01 -2.44664825e+01
 2.35333638e+00 -2.90270025e+01
 -7.55497951e+00 -2.71222208e+01
 -1.32796184e+01 -2.07796850e+01
 -1.45149056e+01 -1.46610271e+01
 -1.40471978e+01 -1.02964141e+01
 -1.27999044e+01 -7.41483568e+00
 -1.13103777e+01 -5.51137719e+00
 -1.03148663e+01 -4.22186157e+00
 -9.25543355e+00 -3.32079361e+00
 -8.39730019e+00 -2.67189086e+00
 -7.61673593e+00 -2.19163928e+00
 -7.07767041e+00 -1.82752189e+00
 -6.64128157e+00 -1.54555508e+00
 -6.14110195e+00 -1.32312475e+00
 -5.79891629e+00 -1.14478560e+00
 -5.39856910e+00 -9.99734762e-01
 -5.05741667e+00 -8.80252082e-01
 -4.81518847e+00 -7.80712186e-01
 -4.40697926e+00 -6.96943538e-01
 -4.32081606e+00 -6.25803225e-01
 -4.13535624e+00 -5.64888998e-01
 -3.92150690e+00 -5.12340544e-01
 -3.72987641e+00 -4.66699926e-01
 -3.57136950e+00 -4.26812005e-01
 -3.39351108e+00 -3.91752332e-01
 -3.28878147e+00 -3.60774218e-01
 -3.25345728e+00 -3.33269396e-01
 -3.02976040e+00 -3.08738439e-01
 -2.95436311e+00 -2.86768271e-01
 -2.85593830e+00 -2.67014908e-01
 -2.67026008e+00 -2.49190075e-01
 -2.75288749e+00 -2.33050750e-01
 -2.58345339e+00 -2.18390917e-01
 -2.54278321e+00 -2.05035023e-01
 -2.45486613e+00 -1.92832735e-01
 -2.49148112e+00 -1.81654724e-01
 -2.34288475e+00 -1.71389248e-01
 -2.32586935e+00 -1.61939359e-01
 -2.26252423e+00 -1.53220619e-01
 -2.23872686e+00 -1.45159215e-01
 -2.09585192e+00 -1.37690393e-01
 -2.14680097e+00 -1.30757163e-01
 -2.06533725e+00 -1.24309204e-01
 -2.02349661e+00 -1.18301953e-01
 -1.91608471e+00 -1.12695830e-01
 -1.88779960e+00 -1.07455589e-01
 -1.86188599e+00 -1.02549755e-01
 -1.85240983e+00 -9.79501570e-02
 -1.84098159e+00 -9.36315142e-02
 -1.73990078e+00 -8.95710917e-02
 -1.73628888e+00 -8.57483971e-02
 -1.68397818e+00 -8.21449208e-02
 -1.72874603e+00 -7.87439096e-02
 -1.61061299e+00 -7.55301710e-02
 -1.61203436e+00 -7.24899009e-02
 -1.56113785e+00 -6.96105349e-02
 -1.65898049e+00 -6.68806163e-02
 -1.62298044e+00 -6.42896808e-02
 -1.47462661e+00 -6.18281552e-02
 -1.57309686e+00 -5.94872674e-02
 -1.43616899e+00 -5.72589672e-02
 -1.42636592e+00 -5.51358560e-02
 -1.39178921e+00 -5.31111243e-02
 -1.40991155e+00 -5.11784957e-02
 -1.32461324e+00 -4.93321781e-02
 -1.35362893e+00 -4.75668185e-02
 -1.37648641e+00 -4.58774640e-02
 -1.32356304e+00 -4.42595260e-02
 -1.27370256e+00 -4.27087482e-02
 -1.38187718e+00 -4.12211778e-02
 -1.36639292e+00 -3.97931400e-02
 -1.29978873e+00 -3.84212143e-02
 -1.30831281e+00 -3.71022135e-02
 -1.32176867e+00 -3.58331646e-02
 -1.27885626e+00 -3.46112913e-02
 -1.30242400e+00 -3.34339988e-02
 -1.26112108e+00 -3.22988590e-02
 -1.40456728e+00 -3.12035976e-02
 -1.29338094e+00 -3.01460825e-02
 -1.17635456e+00 -2.91243128e-02
 -1.25091943e+00 -2.81364090e-02
 -1.23318311e+00 -2.71806038e-02
 -1.14825792e+00 -2.62552340e-02
 -1.14919171e+00 -2.53587332e-02
 -1.15333367e+00 -2.44896242e-02
 -1.12769987e+00 -2.36465131e-02
 -1.11362211e+00 -2.28280833e-02
 -1.10892979e+00 -2.20330900e-02
 -1.12359302e+00 -2.12603553e-02
 -1.08912815e+00 -2.05087637e-02
 -1.14875323e+00 -1.97772575e-02
 -1.11802864e+00 -1.90648332e-02
 -1.14850720e+00 -1.83705377e-02
 -1.20168228e+00 -1.76934651e-02
 -1.08306622e+00 -1.70327533e-02
 -1.01756287e+00 -1.63875813e-02
 -1.02992546e+00 -1.57571664e-02
 -1.13852507e+00 -1.51407616e-02
 -1.11573398e+00 -1.45376535e-02
 -1.02601603e+00 -1.39471600e-02
 -1.07009489e+00 -1.33686281e-02
 -9.61692655e-01 -1.28014323e-02
 -1.08923551e+00 -1.22449724e-02
 -1.04456878e+00 -1.16986722e-02
 -1.04568466e+00 -1.11619778e-02
 -1.06590689e+00 -1.06343560e-02
 -1.09100633e+00 -1.01152932e-02
 -1.00585710e+00 -9.60429376e-03
 -9.10282113e-01 -9.10087892e-03
 -1.10807586e+00 -8.60458567e-03
 -9.37500438e-01 -8.11496558e-03
 -1.11058421e+00 -7.63158378e-03
 -1.02057530e+00 -7.15401792e-03
 -1.06304185e+00 -6.68185729e-03
 -9.81771288e-01 -6.21470187e-03
 -1.08835620e+00 -5.75216146e-03
 -9.91951103e-01 -5.29385488e-03
 -9.92695411e-01 -4.83940917e-03
 -9.72629317e-01 -4.38845881e-03
 -9.44499523e-01 -3.94064498e-03
 -9.77357195e-01 -3.49561489e-03
 -1.06144433e+00 -3.05302103e-03
 -9.18947717e-01 -2.61252053e-03
 -1.00580477e+00 -2.17377450e-03
 -1.00178345e+00 -1.73644738e-03
 -1.00655091e+00 -1.30020632e-03
 -1.02700494e+00 -8.64720556e-04
 -1.01072129e+00 -4.29660778e-04
 -9.73866551e-01 5.30145148e-06
 -1.01761174e+00 4.40494315e-04
 -1.09924466e+00 8.76246346e-04
 -9.06933253e-01 1.31288703e-03
 -1.00784626e+00 1.75074741e-03
 -9.43989049e-01 2.19016072e-03
 -9.66085782e-01 2.63146296e-03
 -9.53303276e-01 3.07499358e-03
 -1.01604133e+00 3.52109610e-03
 -1.05438440e+00 3.97011873e-03
 -1.02505931e+00 4.42241510e-03
 -1.13660400e+00 4.87834493e-03
 -9.50254353e-01 5.33827470e-03
 -1.03681733e+00 5.80257846e-03
 -1.03764834e+00 6.27163852e-03
 -1.05136329e+00 6.74584630e-03
 -1.10164212e+00 7.22560312e-03
 -1.03480742e+00 7.71132104e-03
 -1.05732719e+00 8.20342383e-03
 -1.00643923e+00 8.70234785e-03
 -1.03644769e+00 9.20854306e-03
 -9.85380582e-01 9.72247408e-03
 -9.87841802e-01 1.02446213e-02
 -1.02993629e+00 1.07754818e-02
 -9.75731221e-01 1.13155712e-02
 -1.11825707e+00 1.18654242e-02
 -1.11425472e+00 1.24255964e-02
 -1.12267210e+00 1.29966658e-02
 -1.03530439e+00 1.35792340e-02
 -1.08001998e+00 1.41739282e-02
 -1.01632549e+00 1.47814030e-02
 -1.14355384e+00 1.54023419e-02
 -1.07956501e+00 1.60374597e-02
 -1.15533256e+00 1.66875045e-02
 -1.09327541e+00 1.73532600e-02
 -1.10803860e+00 1.80355480e-02
 -1.08989917e+00 1.87352312e-02
 -1.05764188e+00 1.94532158e-02
 -1.14789112e+00 2.01904549e-02
 -1.12538236e+00 2.09479514e-02
 -1.10930644e+00 2.17267620e-02
 -1.09951183e+00 2.25280009e-02
 -1.13411096e+00 2.33528438e-02
 -1.10388381e+00 2.42025327e-02
 -1.15916205e+00 2.50783806e-02
 -1.13541426e+00 2.59817769e-02
 -1.17837686e+00 2.69141929e-02
 -1.20155965e+00 2.78771885e-02
 -1.21350052e+00 2.88724186e-02
 -1.13985029e+00 2.99016405e-02
 -1.27157737e+00 3.09667222e-02
 -1.34028041e+00 3.20696509e-02
 -1.10338663e+00 3.32125429e-02
 -1.31074079e+00 3.43976535e-02
 -1.15612417e+00 3.56273894e-02
 -1.29262731e+00 3.69043204e-02
 -1.20765184e+00 3.82311936e-02
 -1.27193015e+00 3.96109488e-02
 -1.20069477e+00 4.10467345e-02
 -1.36606297e+00 4.25419273e-02
 -1.29753029e+00 4.41001513e-02
 -1.39076164e+00 4.57253009e-02
 -1.40556422e+00 4.74215659e-02
 -1.44183178e+00 4.91934584e-02
 -1.51142983e+00 5.10458441e-02
 -1.48926058e+00 5.29839756e-02
 -1.51793148e+00 5.50135305e-02
 -1.48016010e+00 5.71406538e-02
 -1.50685089e+00 5.93720045e-02
 -1.51720016e+00 6.17148088e-02
 -1.47719778e+00 6.41769193e-02
 -1.59571712e+00 6.67668811e-02
 -1.56617837e+00 6.94940068e-02
 -1.53514419e+00 7.23684613e-02
 -1.62630785e+00 7.54013565e-02
 -1.66649948e+00 7.86048600e-02
 -1.68551494e+00 8.19923177e-02
 -1.66752812e+00 8.55783935e-02
 -1.65355930e+00 8.93792284e-02
 -1.76947265e+00 9.34126234e-02
 -1.86899884e+00 9.76982477e-02
 -1.82331674e+00 1.02257880e-01
 -1.84455651e+00 1.07115685e-01
 -1.82594859e+00 1.12298532e-01
 -1.98223415e+00 1.17836373e-01
 -2.01549043e+00 1.23762667e-01
 -2.11129077e+00 1.30114889e-01
 -2.10935592e+00 1.36935123e-01
 -2.20156224e+00 1.44270755e-01
 -2.20871642e+00 1.52175296e-01
 -2.25902116e+00 1.60709353e-01
 -2.30105483e+00 1.69941788e-01
 -2.27919894e+00 1.79951102e-01
 -2.42087263e+00 1.90827094e-01
 -2.43162219e+00 2.02672868e-01
 -2.61899367e+00 2.15607257e-01
 -2.68568274e+00 2.29767794e-01
 -2.75643629e+00 2.45314334e-01
 -2.80256439e+00 2.62433538e-01
 -2.85082202e+00 2.81344429e-01
 -2.90333127e+00 3.02305340e-01
 -3.00385035e+00 3.25622646e-01
 -3.14713676e+00 3.51661855e-01
 -3.31462990e+00 3.80861768e-01
 -3.37521389e+00 4.13752743e-01
 -3.63387015e+00 4.50980465e-01
 -3.67738555e+00 4.93337183e-01
 -3.96656186e+00 5.41803195e-01
 -4.05609179e+00 5.97602591e-01
 -4.30650368e+00 6.62279067e-01
 -4.49987801e+00 7.37800416e-01
 -4.80969294e+00 8.26704626e-01
 -5.06966500e+00 9.32307348e-01
 -5.34350218e+00 1.05900150e+00
 -5.69231052e+00 1.21269783e+00
 -6.11761658e+00 1.40148565e+00
 -6.51591743e+00 1.63664472e+00
 -7.07102176e+00 1.93422968e+00
 -7.62352892e+00 2.31760906e+00
 -8.27631383e+00 2.82162649e+00
 -9.13279850e+00 3.49955582e+00
 -1.00346379e+01 4.43484959e+00
 -1.11790415e+01 5.76071703e+00
 -1.22928119e+01 7.69014193e+00
 -1.32701216e+01 1.05475579e+01
 -1.35757072e+01 1.47299607e+01
 -1.19176337e+01 2.02992807e+01
 -6.47437233e+00 2.56944646e+01
 2.18034285e+00 2.71386596e+01
 9.70247772e+00 2.32326499e+01
 1.31799050e+01 1.73913329e+01
 1.35799957e+01 1.24661508e+01
 1.28971186e+01 8.99315626e+00
