 NaN NaN
 7.57590489e+01 4.66188866e+00
 3.87543738e+01 1.72035933e+00
 2.61134981e+01 9.54119580e-01
 1.96363312e+01 6.26690075e-01
 1.57826043e+01 4.51914144e-01
 1.31789470e+01 3.45809931e-01
 1.13220508e+01 2.75725213e-01
 9.90616555e+00 2.26583344e-01
 8.76672318e+00 1.90556225e-01
 7.96738298e+00 1.63215833e-01
 7.19660785e+00 1.41887928e-01
 6.56741946e+00 1.24871637e-01
 6.12008007e+00 1.11038761e-01
 5.73616539e+00 9.96144750e-02
 5.28854071e+00 9.00508232e-02
 4.98386602e+00 8.19504754e-02
 4.70030761e+00 7.50190258e-02
 4.41138030e+00 6.90341765e-02
 4.16237509e+00 6.38252641e-02
 4.01450999e+00 5.92593207e-02
 3.76995325e+00 5.52313744e-02
 3.60167662e+00 5.16575693e-02
 3.46157646e+00 4.84701975e-02
 3.27223398e+00 4.56140576e-02
 3.13976541e+00 4.30437448e-02
 2.99239129e+00 4.07216094e-02
 2.86619388e+00 3.86162003e-02
 2.87715651e+00 3.67010643e-02
 2.67947303e+00 3.49538120e-02
 2.49505296e+00 3.33553829e-02
 2.47636881e+00 3.18894630e-02
 2.45779149e+00 3.05420195e-02
 2.28428036e+00 2.93009259e-02
 2.27719009e+00 2.81556583e-02
 2.12468575e+00 2.70970476e-02
 2.11068586e+00 2.61170753e-02
 2.12958232e+00 2.52087061e-02
 1.98807860e+00 2.43657482e-02
 1.95444664e+00 2.35827364e-02
 1.85966487e+00 2.28548350e-02
 1.84250372e+00 2.21777557e-02
 1.70022792e+00 2.15476878e-02
 1.75652570e+00 2.09612395e-02
 1.60268043e+00 2.04153879e-02
 1.60355079e+00 1.99074359e-02
 1.59067185e+00 1.94349758e-02
 1.53316229e+00 1.89958577e-02
 1.54022125e+00 1.85881625e-02
 1.43203358e+00 1.82101787e-02
 1.43167828e+00 1.78603823e-02
 1.28511952e+00 1.75374194e-02
 1.35665728e+00 1.72400916e-02
 1.27961944e+00 1.69673430e-02
 1.22553522e+00 1.67182492e-02
 1.18011151e+00 1.64920085e-02
 1.22542967e+00 1.62879332e-02
 1.15831519e+00 1.61054437e-02
 1.16363185e+00 1.59440630e-02
 1.12263556e+00 1.58034119e-02
 1.00376667e+00 1.56832066e-02
 9.63825746e-01 1.55832553e-02
 1.05739191e+00 1.55034577e-02
 1.00866049e+00 1.54438039e-02
 8.94015696e-01 1.54043748e-02
 9.92362687e-01 1.53853435e-02
 8.41645871e-01 1.53869773e-02
 7.81039505e-01 1.54096406e-02
 8.87098478e-01 1.54537993e-02
 7.93289321e-01 1.55200255e-02
 8.67057140e-01 1.56090042e-02
 7.97075903e-01 1.57215403e-02
 8.14439723e-01 1.58585680e-02
 6.45223876e-01 1.60211610e-02
 6.14867965e-01 1.62105449e-02
 6.23132670e-01 1.64281114e-02
 6.77185526e-01 1.66754347e-02
 5.16889873e-01 1.69542908e-02
 5.50261850e-01 1.72666798e-02
 5.15069439e-01 1.76148513e-02
 3.81453602e-01 1.80013345e-02
 3.99686092e-01 1.84289725e-02
 3.68794608e-01 1.89009631e-02
 3.32547140e-01 1.94209050e-02
 3.21045145e-01 1.99928531e-02
 3.42770332e-01 2.06213828e-02
 2.97165096e-01 2.13116651e-02
 1.98184560e-01 2.20695560e-02
 1.74971945e-01 2.29017014e-02
 1.44444603e-01 2.38156629e-02
 1.34722551e-01 2.48200662e-02
 9.98823208e-02 2.59247807e-02
 1.33604923e-01 2.71411339e-02
 -1.33630151e-02 2.84821717e-02
 -6.05578145e-04 2.99629749e-02
 -5.64687693e-02 3.16010449e-02
 -1.68988934e-01 3.34167791e-02
 -2.01244512e-01 3.54340582e-02
 -3.02808206e-01 3.76809778e-02
 -4.07434100e-01 4.01907652e-02
 -2.65082434e-01 4.30029380e-02
 -3.98131190e-01 4.61647798e-02
 -5.32323189e-01 4.97332353e-02
 -6.07927017e-01 5.37773668e-02
 -5.93112750e-01 5.83815719e-02
 -7.28576692e-01 6.36498414e-02
 -8.80195041e-01 6.97114610e-02
 -9.41872791e-01 7.67287454e-02
 -1.13618064e+00 8.49076721e-02
 -1.23345330e+00 9.45127295e-02
 -1.31540189e+00 1.05887997e-01
 -1.51669321e+00 1.19487630e-01
 -1.69021604e+00 1.35920868e-01
 -1.90921143e+00 1.56020022e-01
 -2.19098405e+00 1.80945888e-01
 -2.48854928e+00 2.12356045e-01
 -2.73447446e+00 2.52682817e-01
 -3.18522134e+00 3.05610584e-01
 -3.55916830e+00 3.76933790e-01
 -4.27804729e+00 4.76185276e-01
 -4.96490021e+00 6.19935891e-01
 -5.93270664e+00 8.39042823e-01
 -7.22950169e+00 1.19628168e+00
 -9.18307503e+00 1.83533410e+00
 -1.21877279e+01 3.14373217e+00
 -1.73675952e+01 6.45104264e+00
 -2.62573997e+01 1.81936846e+01
 -7.57387690e+00 5.79648464e+01
 3.02943368e+01 2.42955338e+01
 2.12310252e+01 7.93918097e+00
 1.53963781e+01 3.69124470e+00
 1.20270657e+01 2.10396104e+00
 9.89318292e+00 1.35428954e+00
 8.50364055e+00 9.43817082e-01
 7.50831218e+00 6.95390553e-01
 6.60781047e+00 5.33809859e-01
 6.04029828e+00 4.22864094e-01
 5.60353958e+00 3.43401605e-01
 5.13076689e+00 2.84531827e-01
 4.83782978e+00 2.39694241e-01
 4.51948360e+00 2.04746705e-01
 4.36593448e+00 1.76969960e-01
 4.01445541e+00 1.54519134e-01
 3.87640882e+00 1.36106864e-01
 3.72666856e+00 1.20812690e-01
 3.47806842e+00 1.07964347e-01
 3.53575483e+00 9.70615571e-02
 3.33519529e+00 8.77257851e-02
 3.16775000e+00 7.96663239e-02
 3.13979793e+00 7.26569100e-02
 3.06659384e+00 6.65192959e-02
 2.96468490e+00 6.11115080e-02
 2.89647526e+00 5.63193243e-02
 2.77136451e+00 5.20500002e-02
 2.72918160e+00 4.82275893e-02
 2.72197782e+00 4.47894118e-02
 2.61574152e+00 4.16833603e-02
 2.60132994e+00 3.88658227e-02
 2.58564354e+00 3.63000661e-02
 2.54741424e+00 3.39549684e-02
 2.51302895e+00 3.18040143e-02
 2.47697261e+00 2.98244948e-02
 2.46895356e+00 2.79968643e-02
 2.37554659e+00 2.63042204e-02
 2.32639930e+00 2.47318805e-02
 2.36034160e+00 2.32670359e-02
 2.29466953e+00 2.18984661e-02
 2.33811844e+00 2.06163027e-02
 2.26502907e+00 1.94118328e-02
 2.28612933e+00 1.82773345e-02
 2.23711277e+00 1.72059392e-02
 2.27355066e+00 1.61915143e-02
 2.11004622e+00 1.52285651e-02
 2.18942727e+00 1.43121497e-02
 2.08699139e+00 1.34378079e-02
 2.10397891e+00 1.26014985e-02
 2.14168733e+00 1.17995466e-02
 2.14700814e+00 1.10285967e-02
 2.09122910e+00 1.02855732e-02
 2.06635613e+00 9.56764448e-03
 2.10040281e+00 8.87219261e-03
 2.02721402e+00 8.19678563e-03
 2.10759990e+00 7.53915352e-03
 1.95611423e+00 6.89716650e-03
 1.98480525e+00 6.26881556e-03
 1.96588622e+00 5.65219479e-03
 2.08041127e+00 5.04548532e-03
 1.96147969e+00 4.44694043e-03
 2.00187940e+00 3.85487173e-03
 2.03229569e+00 3.26763619e-03
 2.03950652e+00 2.68362374e-03
 2.02447471e+00 2.10124534e-03
 1.99066488e+00 1.51892134e-03
 2.04070290e+00 9.35069991e-04
 1.87917143e+00 3.48095821e-04
 1.96864721e+00 -2.43622074e-04
 2.03358415e+00 -8.41742174e-04
 2.00810476e+00 -1.44797318e-03
 2.11341898e+00 -2.06408739e-03
 1.93614149e+00 -2.69193499e-03
 1.96721008e+00 -3.33345946e-03
 1.91690163e+00 -3.99071444e-03
 2.01069534e+00 -4.66588218e-03
 1.95983122e+00 -5.36129402e-03
 2.08393893e+00 -6.07945328e-03
 2.07670199e+00 -6.82306089e-03
 1.97549131e+00 -7.59504437e-03
 1.96674202e+00 -8.39859075e-03
 2.00875190e+00 -9.23718412e-03
 2.10073264e+00 -1.01146486e-02
 2.03035775e+00 -1.10351981e-02
 1.97032418e+00 -1.20034933e-02
 2.04194289e+00 -1.30247086e-02
 2.19270592e+00 -1.41046098e-02
 2.20911580e+00 -1.52496447e-02
 2.16100386e+00 -1.64670507e-02
 2.16257051e+00 -1.77649807e-02
 2.13685356e+00 -1.91526541e-02
 2.13538286e+00 -2.06405347e-02
 2.16520207e+00 -2.22405461e-02
 2.42026302e+00 -2.39663296e-02
 2.23873978e+00 -2.58335566e-02
 2.40714459e+00 -2.78603091e-02
 2.31408968e+00 -3.00675452e-02
 2.34702058e+00 -3.24796723e-02
 2.35630975e+00 -3.51252579e-02
 2.41871136e+00 -3.80379154e-02
 2.44126688e+00 -4.12574193e-02
 2.46119311e+00 -4.48311163e-02
 2.63419166e+00 -4.88157278e-02
 2.58423399e+00 -5.32796736e-02
 2.60969467e+00 -5.83060931e-02
 2.76376737e+00 -6.39968175e-02
 2.79136750e+00 -7.04776482e-02
 2.80647004e+00 -7.79054560e-02
 2.91327519e+00 -8.64778566e-02
 3.14508569e+00 -9.64465859e-02
 3.14909105e+00 -1.08136281e-01
 3.25266949e+00 -1.21971317e-01
 3.35494444e+00 -1.38514886e-01
 3.55423516e+00 -1.58527141e-01
 3.67869083e+00 -1.83053788e-01
 3.93377433e+00 -2.13564757e-01
 4.04829636e+00 -2.52178012e-01
 4.36227577e+00 -3.02033680e-01
 4.74199391e+00 -3.67945380e-01
 5.12075154e+00 -4.57589457e-01
 5.53195292e+00 -5.83802467e-01
 6.16346606e+00 -7.69332102e-01
 7.06344274e+00 -1.05751494e+00
 8.20488652e+00 -1.53890134e+00
 9.77197453e+00 -2.42696116e+00
 1.22405967e+01 -4.31166598e+00
 1.56538943e+01 -9.16107233e+00
 1.57973279e+01 -2.30381925e+01
 -8.11217139e+00 -2.91068303e+01
 -1.44457601e+01 -1.22437200e+01
 -1.06268573e+01 -5.40539111e+00
 -7.94216568e+00 -2.90754743e+00
 -6.18293655e+00 -1.79206783e+00
 -4.79257815e+00 -1.20959464e+00
 -4.01701636e+00 -8.69978451e-01
 -3.24400205e+00 -6.55519728e-01
 -2.75877569e+00 -5.11750663e-01
 -2.21999971e+00 -4.10806675e-01
 -2.03157668e+00 -3.37277011e-01
 -1.61580607e+00 -2.82092910e-01
 -1.40730454e+00 -2.39641468e-01
 -1.16981357e+00 -2.06300467e-01
 -1.05134812e+00 -1.79648739e-01
 -9.62388195e-01 -1.58018713e-01
 -7.30872056e-01 -1.40231799e-01
 -6.50635359e-01 -1.25436059e-01
 -5.27776773e-01 -1.13003380e-01
 -4.57917016e-01 -1.02462503e-01
 -2.87253490e-01 -9.34542936e-02
 -3.41334331e-01 -8.57012154e-02
 -2.50016606e-01 -7.89860707e-02
 -1.02351132e-01 -7.31369328e-02
 -1.15303177e-01 -6.80162916e-02
 2.78659914e-02 -6.35131178e-02
 6.70103983e-02 -5.95369840e-02
 1.34230866e-01 -5.60136542e-02
 1.17634853e-01 -5.28817371e-02
 1.77757484e-01 -5.00901212e-02
 2.23274649e-01 -4.75959881e-02
 2.98677409e-01 -4.53632611e-02
 2.97466417e-01 -4.33613830e-02
 3.99338604e-01 -4.15643455e-02
 4.73525421e-01 -3.99499134e-02
 3.97865437e-01 -3.84989990e-02
 4.25317347e-01 -3.71951565e-02
 5.08920472e-01 -3.60241685e-02
 5.62954558e-01 -3.49737081e-02
 6.00345732e-01 -3.40330596e-02
 6.51037797e-01 -3.31928877e-02
 7.45125645e-01 -3.24450458e-02
 6.54938821e-01 -3.17824151e-02
 6.88773731e-01 -3.11987708e-02
 6.40944193e-01 -3.06886685e-02
 7.53451824e-01 -3.02473494e-02
 7.72023469e-01 -2.98706590e-02
 7.78439431e-01 -2.95549798e-02
 6.72654473e-01 -2.92971727e-02
 8.59986583e-01 -2.90945282e-02
 8.06768333e-01 -2.89447249e-02
 9.19032861e-01 -2.88457939e-02
 9.88526889e-01 -2.87960898e-02
 9.46381027e-01 -2.87942651e-02
 9.76521595e-01 -2.88392502e-02
 9.55559562e-01 -2.89302359e-02
 1.07547602e+00 -2.90666602e-02
 9.99398133e-01 -2.92481974e-02
 1.02419180e+00 -2.94747503e-02
 1.07155988e+00 -2.97464451e-02
 1.06100689e+00 -3.00636281e-02
 1.25458348e+00 -3.04268655e-02
 1.12455685e+00 -3.08369450e-02
 1.11150436e+00 -3.12948796e-02
 1.25867230e+00 -3.18019140e-02
 1.19795037e+00 -3.23595334e-02
 1.31741002e+00 -3.29694741e-02
 1.28392830e+00 -3.36337376e-02
 1.35740392e+00 -3.43546068e-02
 1.32234508e+00 -3.51346661e-02
 1.44525880e+00 -3.59768237e-02
 1.34913625e+00 -3.68843389e-02
 1.46767661e+00 -3.78608529e-02
 1.56801827e+00 -3.89104243e-02
 1.51541279e+00 -4.00375704e-02
 1.55150684e+00 -4.12473146e-02
 1.54100669e+00 -4.25452402e-02
 1.59316292e+00 -4.39375536e-02
 1.66815654e+00 -4.54311554e-02
 1.70410788e+00 -4.70337238e-02
 1.71272848e+00 -4.87538101e-02
 1.80476519e+00 -5.06009489e-02
 1.85117046e+00 -5.25857867e-02
 1.76757028e+00 -5.47202307e-02
 1.93440783e+00 -5.70176224e-02
 1.99686481e+00 -5.94929404e-02
 2.04454052e+00 -6.21630386e-02
 2.02581769e+00 -6.50469257e-02
 2.19218458e+00 -6.81660962e-02
 2.16303960e+00 -7.15449225e-02
 2.23500627e+00 -7.52111209e-02
 2.30788565e+00 -7.91963099e-02
 2.31166316e+00 -8.35366804e-02
 2.46757108e+00 -8.82738038e-02
 2.54490450e+00 -9.34556130e-02
 2.60320728e+00 -9.91375995e-02
 2.67364164e+00 -1.05384280e-01
 2.66285283e+00 -1.12271009e-01
 2.86025381e+00 -1.19886226e-01
 2.93624029e+00 -1.28334277e-01
 3.04134399e+00 -1.37738950e-01
 3.22209486e+00 -1.48247992e-01
 3.34600795e+00 -1.60038865e-01
 3.34212567e+00 -1.73326210e-01
 3.51921833e+00 -1.88371574e-01
 3.70720496e+00 -2.05496235e-01
 3.88702024e+00 -2.25098318e-01
 4.11806776e+00 -2.47675900e-01
 4.30864238e+00 -2.73858627e-01
 4.45135676e+00 -3.04451627e-01
 4.75752855e+00 -3.40497478e-01
 5.01007219e+00 -3.83365223e-01
 5.28887929e+00 -4.34880779e-01
 5.72436185e+00 -4.97522216e-01
 6.10963010e+00 -5.74719438e-01
 6.65543494e+00 -6.71326989e-01
 7.15980506e+00 -7.94393879e-01
 7.89907437e+00 -9.54462992e-01
 8.62484620e+00 -1.16785790e+00
 9.61958188e+00 -1.46090835e+00
 1.10013102e+01 -1.87822082e+00
 1.24291808e+01 -2.50001880e+00
 1.45055596e+01 -3.48164266e+00
 1.74698228e+01 -5.15299200e+00
 2.15087151e+01 -8.29982258e+00
 2.69671942e+01 -1.50503328e+01
 3.15503033e+01 -3.13608085e+01
 1.33750841e+01 -5.96901531e+01
 -2.63718707e+01 -4.76801705e+01
 -2.98767072e+01 -2.24877540e+01
 -2.39895225e+01 -1.14740679e+01
 -1.89888135e+01 -6.71455228e+00
 -1.56742108e+01 -4.35360566e+00
 -1.30803564e+01 -3.03646222e+00
 -1.12986614e+01 -2.23357917e+00
 -9.90461783e+00 -1.71027543e+00
 -8.78359169e+00 -1.35107910e+00
 -7.91907483e+00 -1.09421871e+00
 -7.19125798e+00 -9.04354610e-01
 -6.61435653e+00 -7.60132340e-01
 -5.95437174e+00 -6.48051168e-01
 -5.60903774e+00 -5.59245549e-01
 -5.10914048e+00 -4.87702936e-01
 -4.77844521e+00 -4.29231048e-01
 -4.52232567e+00 -3.80835584e-01
 -4.26998220e+00 -3.40332309e-01
 -4.05116402e+00 -3.06097959e-01
 -3.84921867e+00 -2.76906026e-01
 -3.56361180e+00 -2.51815945e-01
 -3.36301512e+00 -2.30096750e-01
 -3.28204572e+00 -2.11173470e-01
 -2.99768058e+00 -1.94588856e-01
 -2.94048593e+00 -1.79975619e-01
 -2.87187467e+00 -1.67036016e-01
 -2.68560666e+00 -1.55526643e-01
 -2.53350379e+00 -1.45246964e-01
 -2.56475900e+00 -1.36030573e-01
 -2.36737040e+00 -1.27738464e-01
 -2.35494060e+00 -1.20253799e-01
 -2.15129299e+00 -1.13477806e-01
 -2.20756507e+00 -1.07326538e-01
 -2.03739814e+00 -1.01728293e-01
 -2.04811923e+00 -9.66215349e-02
 -1.92810787e+00 -9.19532275e-02
 -1.73215699e+00 -8.76774706e-02
 -1.76637510e+00 -8.37543893e-02
 -1.74335108e+00 -8.01492193e-02
 -1.60199486e+00 -7.68315522e-02
 -1.60546907e+00 -7.37747075e-02
 -1.54848795e+00 -7.09552092e-02
 -1.51387412e+00 -6.83523470e-02
 -1.45124422e+00 -6.59478072e-02
 -1.50087872e+00 -6.37253606e-02
 -1.31735858e+00 -6.16705980e-02
 -1.37807982e+00 -5.97707053e-02
 -1.26828884e+00 -5.80142715e-02
 -1.26272910e+00 -5.63911245e-02
 -1.16678118e+00 -5.48921900e-02
 -1.05946001e+00 -5.35093703e-02
 -1.03176003e+00 -5.22354405e-02
 -1.05235326e+00 -5.10639578e-02
 -9.78003397e-01 -4.99891846e-02
 -9.23563402e-01 -4.90060207e-02
 -9.65536634e-01 -4.81099465e-02
 -9.18181793e-01 -4.72969722e-02
 -1.00157067e+00 -4.65635959e-02
 -9.12046289e-01 -4.59067666e-02
 -7.68361450e-01 -4.53238536e-02
 -8.55960740e-01 -4.48126200e-02
 -6.83438366e-01 -4.43712016e-02
 -6.92964903e-01 -4.39980896e-02
 -7.00789993e-01 -4.36921164e-02
 -5.50134532e-01 -4.34524462e-02
 -6.35202716e-01 -4.32785686e-02
 -5.67145189e-01 -4.31702948e-02
 -5.84249830e-01 -4.31277585e-02
 -5.92470308e-01 -4.31514187e-02
 -4.88099292e-01 -4.32420671e-02
 -4.51654334e-01 -4.34008385e-02
 -4.57876951e-01 -4.36292249e-02
 -4.64982886e-01 -4.39290938e-02
 -4.82014720e-01 -4.43027108e-02
 -3.34078162e-01 -4.47527675e-02
 -2.86108527e-01 -4.52824142e-02
 -3.22937261e-01 -4.58952993e-02
 -3.42935279e-01 -4.65956147e-02
 -3.61510821e-01 -4.73881508e-02
 -3.18362624e-01 -4.82783585e-02
 -2.14950144e-01 -4.92724237e-02
 -1.56221503e-01 -5.03773532e-02
 -9.76356508e-02 -5.16010749e-02
 2.52284090e-02 -5.29525558e-02
 -6.50099793e-02 -5.44419392e-02
 4.63505036e-02 -5.60807069e-02
 5.38907078e-02 -5.78818690e-02
 1.60113337e-01 -5.98601887e-02
 1.54495830e-01 -6.20324482e-02
 2.27364553e-01 -6.44177648e-02
 2.41032679e-01 -6.70379679e-02
 2.69141547e-01 -6.99180512e-02
 3.18503699e-01 -7.30867158e-02
 3.44760405e-01 -7.65770287e-02
 4.52515168e-01 -8.04272209e-02
 4.33954747e-01 -8.46816650e-02
 5.70358401e-01 -8.93920749e-02
 6.25389931e-01 -9.46189908e-02
 7.14534489e-01 -1.00433627e-01
 7.85821498e-01 -1.06920187e-01
 8.37505707e-01 -1.14178791e-01
 9.84011071e-01 -1.22329199e-01
 9.41080276e-01 -1.31515592e-01
 1.14630870e+00 -1.41912768e-01
 1.23012579e+00 -1.53734252e-01
 1.29803834e+00 -1.67243019e-01
 1.40568953e+00 -1.82765851e-01
 1.51491878e+00 -2.00712781e-01
 1.68743782e+00 -2.21603813e-01
 1.91227439e+00 -2.46106174e-01
 2.07445895e+00 -2.75087120e-01
 2.08820599e+00 -3.09690166e-01
 2.49054560e+00 -3.51447343e-01
 2.76199271e+00 -4.02448270e-01
 2.91688345e+00 -4.65601256e-01
 3.45242414e+00 -5.45048097e-01
 3.71977434e+00 -6.46844542e-01
 4.20394792e+00 -7.80118406e-01
 4.71291214e+00 -9.59125920e-01
 5.43989020e+00 -1.20708752e+00
 6.27654840e+00 -1.56376814e+00
 7.47106218e+00 -2.10150990e+00
 8.82211743e+00 -2.96194423e+00
 1.07650470e+01 -4.44790251e+00
 1.32864804e+01 -7.27340487e+00
 1.62471494e+01 -1.32294302e+01
 1.52104853e+01 -2.55783296e+01
 -2.41026286e+00 -3.57735091e+01
 -1.79267639e+01 -2.37556515e+01
 -1.80244565e+01 -1.22788338e+01
 -1.51132819e+01 -6.85386710e+00
 -1.25914876e+01 -4.24829633e+00
 -1.06168858e+01 -2.85875987e+00
 -9.30631404e+00 -2.04478463e+00
 -8.23205066e+00 -1.53130352e+00
 -7.43118911e+00 -1.18809281e+00
 -6.76847476e+00 -9.47945372e-01
 -6.18942763e+00 -7.73599767e-01
 -5.74469536e+00 -6.43140593e-01
 -5.38213291e+00 -5.43030934e-01
 -5.07522002e+00 -4.64558378e-01
 -4.67248117e+00 -4.01916662e-01
 -4.58901088e+00 -3.51118880e-01
 -4.23233609e+00 -3.09355633e-01
 -4.07600244e+00 -2.74601986e-01
 -3.87109155e+00 -2.45369083e-01
 -3.78931825e+00 -2.20542716e-01
 -3.62334533e+00 -1.99275804e-01
 -3.54373157e+00 -1.80915165e-01
 -3.41083549e+00 -1.64950651e-01
 -3.35380773e+00 -1.50979178e-01
 -3.30096893e+00 -1.38678873e-01
 -3.12078090e+00 -1.27790211e-01
 -2.99108119e+00 -1.18102068e-01
 -2.96848592e+00 -1.09441285e-01
 -2.98253762e+00 -1.01664756e-01
 -2.79832291e+00 -9.46533797e-02
 -2.77954495e+00 -8.83073791e-02
 -2.62516341e+00 -8.25426551e-02
 -2.63796049e+00 -7.72879159e-02
 -2.66294473e+00 -7.24824005e-02
 -2.61712515e+00 -6.80740613e-02
 -2.59574498e+00 -6.40181007e-02
 -2.43432351e+00 -6.02757874e-02
 -2.40511790e+00 -5.68134908e-02
 -2.46885713e+00 -5.36018899e-02
 -2.35424751e+00 -5.06153219e-02
 -2.36597411e+00 -4.78312413e-02
 -2.33382555e+00 -4.52297707e-02
 -2.24926549e+00 -4.27933246e-02
 -2.28610689e+00 -4.05062925e-02
 -2.25698144e+00 -3.83547724e-02
 -2.27155318e+00 -3.63263445e-02
 -2.25209721e+00 -3.44098781e-02
 -2.23018225e+00 -3.25953676e-02
 -2.18429066e+00 -3.08737907e-02
 -2.15570780e+00 -2.92369873e-02
 -2.17039124e+00 -2.76775540e-02
 -2.17630461e+00 -2.61887531e-02
 -2.11227093e+00 -2.47644332e-02
 -2.04083092e+00 -2.33989598e-02
 -2.02882602e+00 -2.20871544e-02
 -2.03219061e+00 -2.08242408e-02
 -2.09109915e+00 -1.96057976e-02
 -2.05993828e+00 -1.84277160e-02
 -2.01333370e+00 -1.72861622e-02
 -1.98390393e+00 -1.61775433e-02
 -2.04193897e+00 -1.50984767e-02
 -2.01463917e+00 -1.40457622e-02
 -1.97407238e+00 -1.30163566e-02
 -1.96617111e+00 -1.20073501e-02
 -1.98761924e+00 -1.10159438e-02
 -1.81908473e+00 -1.00394296e-02
 -1.92730074e+00 -9.07516994e-03
 -2.06285953e+00 -8.12057875e-03
 -1.93211817e+00 -7.17310309e-03
 -1.91785667e+00 -6.23020449e-03
 -1.84245188e+00 -5.28934051e-03
 -1.89827110e+00 -4.34794593e-03
 -1.94354394e+00 -3.40341334e-03
 -1.94418362e+00 -2.45307291e-03
 -1.87459194e+00 -1.49417090e-03
 -1.90960159e+00 -5.23846713e-04
 -1.85892514e+00 4.60891952e-04
 -1.97301732e+00 1.46319630e-03
 -1.93745044e+00 2.48640648e-03
 -1.91671314e+00 3.53408495e-03
 -1.90843851e+00 4.61005405e-03
 -1.91047319e+00 5.71843827e-03
 -2.05063180e+00 6.86371251e-03
 -1.95877026e+00 8.05075709e-03
 -1.90992612e+00 9.28492116e-03
 -1.95825542e+00 1.05720959e-02
 -1.93114428e+00 1.19187999e-02
 -1.98723305e+00 1.33322780e-02
 -2.03461658e+00 1.48206187e-02
 -1.96824148e+00 1.63928911e-02
 -2.01285846e+00 1.80593082e-02
 -1.99083685e+00 1.98314205e-02
 -2.04005949e+00 2.17223482e-02
 -1.93587894e+00 2.37470605e-02
 -2.02675860e+00 2.59227123e-02
 -2.00032967e+00 2.82690547e-02
 -2.08844259e+00 3.08089363e-02
 -2.05727271e+00 3.35689196e-02
 -2.12197723e+00 3.65800450e-02
 -2.09164383e+00 3.98787820e-02
 -2.21439545e+00 4.35082245e-02
 -2.16581030e+00 4.75196027e-02
 -2.14601541e+00 5.19742109e-02
 -2.20867389e+00 5.69458891e-02
 -2.26037092e+00 6.25242459e-02
 -2.26510074e+00 6.88188871e-02
 -2.34558459e+00 7.59650244e-02
 -2.41953334e+00 8.41310033e-02
 -2.48844408e+00 9.35285370e-02
 -2.54752793e+00 1.04426813e-01
 -2.62904336e+00 1.17172239e-01
 -2.69065272e+00 1.32216547e-01
 -2.77085291e+00 1.50157541e-01
 -2.85571616e+00 1.71799398e-01
 -2.99652450e+00 1.98243956e-01
 -3.09571989e+00 2.31032504e-01
 -3.23575924e+00 2.72372414e-01
 -3.45508910e+00 3.25511404e-01
 -3.55459975e+00 3.95379021e-01
 -3.89170180e+00 4.89734076e-01
 -4.16913822e+00 6.21320690e-01
 -4.57095916e+00 8.12156606e-01
 -5.02283752e+00 1.10263649e+00
 -5.71089779e+00 1.57229678e+00
 -6.51988811e+00 2.39054369e+00
 -7.50179191e+00 3.94274307e+00
 -8.16606991e+00 7.05168325e+00
 -5.81036148e+00 1.20874165e+01
 1.68541562e+00 1.31102881e+01
 5.47844723e+00 8.17545744e+00
 5.11152762e+00 4.53115905e+00
 4.12941115e+00 2.69400627e+00
 3.27295110e+00 1.74357121e+00
 2.58171153e+00 1.20868649e+00
 1.97867040e+00 8.83284378e-01
 1.62518459e+00 6.72357032e-01
 1.26069334e+00 5.28517484e-01
 9.73183159e-01 4.26338876e-01
 7.55874901e-01 3.51296742e-01
 5.60213012e-01 2.94645563e-01
 4.85710858e-01 2.50880371e-01
 4.03212328e-01 2.16402899e-01
 1.61871492e-01 1.88784033e-01
 2.38120709e-01 1.66337570e-01
 -2.61938046e-02 1.47864235e-01
 6.82757783e-05 1.32492685e-01
 -1.15696489e-01 1.19577796e-01
 -2.27207990e-01 1.08633849e-01
 -3.03685399e-01 9.92896099e-02
 -2.85958377e-01 9.12574897e-02
 -3.91115254e-01 8.43119602e-02
 -4.42230687e-01 7.82741916e-02
 -4.52116410e-01 7.30009455e-02
 -3.92438949e-01 6.83764287e-02
 -5.71766512e-01 6.43062413e-02
 -6.28560774e-01 6.07128253e-02
 -5.51662850e-01 5.75320045e-02
 -5.31084833e-01 5.47103263e-02
 -6.13324392e-01 5.22030009e-02
 -6.26233938e-01 4.99722881e-02
 -7.39123649e-01 4.79862261e-02
 -7.46784739e-01 4.62176199e-02
 -7.94698871e-01 4.46432324e-02
 -8.16303006e-01 4.32431317e-02
 -8.77853171e-01 4.20001626e-02
 -8.38646198e-01 4.08995151e-02
 -7.83277053e-01 3.99283701e-02
 -9.35896256e-01 3.90756085e-02
 -9.74772526e-01 3.83315692e-02
 -9.87727262e-01 3.76878485e-02
 -9.59599432e-01 3.71371324e-02
 -9.72236123e-01 3.66730563e-02
 -9.21994681e-01 3.62900867e-02
 -1.05090678e+00 3.59834223e-02
 -9.66285655e-01 3.57489098e-02
 -1.11505710e+00 3.55829732e-02
 -9.72269834e-01 3.54825539e-02
 -1.04702622e+00 3.54450602e-02
 -1.15669424e+00 3.54683249e-02
 -1.25757553e+00 3.55505690e-02
 -1.22170722e+00 3.56903726e-02
 -1.24000068e+00 3.58866496e-02
 -1.28283948e+00 3.61386280e-02
 -1.27679645e+00 3.64458336e-02
 -1.34037535e+00 3.68080779e-02
 -1.20711920e+00 3.72254490e-02
 -1.34226085e+00 3.76983056e-02
 -1.36468569e+00 3.82272743e-02
 -1.36314197e+00 3.88132492e-02
 -1.30532961e+00 3.94573947e-02
 -1.33552684e+00 4.01611510e-02
 -1.44792743e+00 4.09262419e-02
 -1.35506556e+00 4.17546859e-02
 -1.53172563e+00 4.26488104e-02
 -1.47595885e+00 4.36112684e-02
 -1.56990130e+00 4.46450592e-02
 -1.58749671e+00 4.57535529e-02
 -1.63282107e+00 4.69405178e-02
 -1.55378199e+00 4.82101541e-02
 -1.62364319e+00 4.95671309e-02
 -1.56315624e+00 5.10166299e-02
 -1.68324369e+00 5.25643953e-02
 -1.69309509e+00 5.42167903e-02
 -1.76217962e+00 5.59808633e-02
 -1.74826477e+00 5.78644219e-02
 -1.78065440e+00 5.98761197e-02
 -1.82552552e+00 6.20255541e-02
 -1.77216826e+00 6.43233808e-02
 -2.07116844e+00 6.67814439e-02
 -1.98969415e+00 6.94129274e-02
 -2.00147945e+00 7.22325304e-02
 -1.91347589e+00 7.52566701e-02
 -2.16495549e+00 7.85037184e-02
 -2.10141292e+00 8.19942785e-02
 -2.17318969e+00 8.57515083e-02
 -2.14496326e+00 8.98015013e-02
 -2.21018590e+00 9.41737357e-02
 -2.23289769e+00 9.89016062e-02
 -2.40462565e+00 1.04023057e-01
 -2.46307246e+00 1.09581338e-01
 -2.50145435e+00 1.15625911e-01
 -2.64202648e+00 1.22213544e-01
 -2.63740178e+00 1.29409637e-01
 -2.72669197e+00 1.37289834e-01
 -2.78730375e+00 1.45942005e-01
 -2.92721713e+00 1.55468683e-01
 -2.90506997e+00 1.65990089e-01
 -3.02495713e+00 1.77647914e-01
 -3.06178883e+00 1.90610069e-01
 -3.33722484e+00 2.05076715e-01
 -3.37534426e+00 2.21287971e-01
 -3.54026933e+00 2.39533849e-01
 -3.68476399e+00 2.60167196e-01
 -3.80151618e+00 2.83620713e-01
 -4.08519986e+00 3.10429600e-01
 -4.22175267e+00 3.41262021e-01
 -4.31339649e+00 3.76960663e-01
 -4.55052013e+00 4.18600211e-01
 -4.74137951e+00 4.67568078e-01
 -5.14498572e+00 5.25679760e-01
 -5.44847809e+00 5.95346778e-01
 -5.69601775e+00 6.79826313e-01
 -6.12030600e+00 7.83600975e-01
 -6.58628787e+00 9.12971682e-01
 -7.06139622e+00 1.07701058e+00
 -7.64885588e+00 1.28914393e+00
 -8.42859656e+00 1.56988138e+00
 -9.36633391e+00 1.95172698e+00
 -1.04700550e+01 2.48845481e+00
 -1.18041773e+01 3.27361525e+00
 -1.34932754e+01 4.47973868e+00
 -1.56943859e+01 6.44642349e+00
 -1.84586673e+01 9.88482856e+00
 -2.12297922e+01 1.63017241e+01
 -2.07697965e+01 2.80517951e+01
 -7.86270553e+00 4.15556269e+01
 1.36422951e+01 3.76392086e+01
 2.09066234e+01 2.31851546e+01
 1.95830769e+01 1.35653569e+01
 1.66725588e+01 8.45429380e+00
 1.40388968e+01 5.65683121e+00
 1.20219458e+01 4.01380265e+00
 1.04339093e+01 2.98237962e+00
 9.13548245e+00 2.29786907e+00
 8.16556438e+00 1.82248914e+00
 7.39835087e+00 1.47984848e+00
 6.67869445e+00 1.22517929e+00
 6.04897152e+00 1.03096958e+00
 5.54227999e+00 8.79611280e-01
 5.10418987e+00 7.59435570e-01
 4.83858426e+00 6.62473418e-01
 4.39846622e+00 5.83138237e-01
 4.13354247e+00 5.17422800e-01
 3.90046925e+00 4.62394010e-01
 3.65860974e+00 4.15866064e-01
 3.56865261e+00 3.76183709e-01
 3.28774605e+00 3.42075257e-01
 3.12004268e+00 3.12550911e-01
 2.93857260e+00 2.86831126e-01
 2.83040935e+00 2.64295316e-01
 2.68074798e+00 2.44444558e-01
 2.54860945e+00 2.26874110e-01
 2.47340476e+00 2.11252896e-01
 2.33262063e+00 1.97308016e-01
 2.21663464e+00 1.84812923e-01
 2.14279121e+00 1.73578314e-01
 1.92978643e+00 1.63445031e-01
 1.95112123e+00 1.54278504e-01
 1.84018146e+00 1.45964346e-01
 1.84423205e+00 1.38404841e-01
 1.66665686e+00 1.31516134e-01
 1.63167896e+00 1.25225947e-01
 1.53751818e+00 1.19471737e-01
 1.49173926e+00 1.14199173e-01
 1.41387346e+00 1.09360899e-01
 1.43563095e+00 1.04915501e-01
 1.38632897e+00 1.00826652e-01
 1.28789803e+00 9.70623999e-02
 1.20883368e+00 9.35945705e-02
 1.25755563e+00 9.03982614e-02
 1.08323198e+00 8.74514185e-02
 1.10904890e+00 8.47344756e-02
 1.09373312e+00 8.22300472e-02
 9.95163699e-01 7.99226671e-02
 9.25664169e-01 7.77985650e-02
 8.93240948e-01 7.58454740e-02
 9.32478830e-01 7.40524662e-02
 9.16510132e-01 7.24098104e-02
 8.16981297e-01 7.09088503e-02
 7.84345252e-01 6.95418989e-02
 6.58316985e-01 6.83021476e-02
 7.43525239e-01 6.71835881e-02
 6.88377712e-01 6.61809455e-02
 6.13193890e-01 6.52896201e-02
 6.05389186e-01 6.45056395e-02
 5.07333054e-01 6.38256164e-02
 4.78464955e-01 6.32467148e-02
 5.12196469e-01 6.27666213e-02
 4.56368122e-01 6.23835235e-02
 3.74625660e-01 6.20960920e-02
 3.32955850e-01 6.19034695e-02
 2.63268921e-01 6.18052628e-02
 3.52341745e-01 6.18015411e-02
 3.74487760e-01 6.18928383e-02
 2.81758079e-01 6.20801604e-02
 2.40158810e-01 6.23649974e-02
 1.62571062e-01 6.27493414e-02
 1.32699648e-01 6.32357088e-02
 3.14747981e-02 6.38271697e-02
 6.28546592e-02 6.45273833e-02
 5.57196757e-02 6.53406405e-02
 -1.18692271e-02 6.62719145e-02
 -9.09910897e-02 6.73269209e-02
 -1.02282874e-01 6.85121876e-02
 -4.24770812e-02 6.98351370e-02
 -1.28246818e-01 7.13041814e-02
 -1.48350015e-01 7.29288347e-02
 -1.99902487e-01 7.47198420e-02
 -2.32328359e-01 7.66893314e-02
 -2.69850984e-01 7.88509906e-02
 -3.95927888e-01 8.12202743e-02
 -3.75627062e-01 8.38146461e-02
 -3.05194654e-01 8.66538645e-02
 -2.66208456e-01 8.97603190e-02
 -4.41782501e-01 9.31594280e-02
 -4.37945438e-01 9.68801111e-02
 -5.35458749e-01 1.00955353e-01
 -6.22903931e-01 1.05422875e-01
 -6.50217230e-01 1.10325948e-01
 -7.27427300e-01 1.15714370e-01
 -8.21167824e-01 1.21645650e-01
 -8.51532993e-01 1.28186463e-01
 -9.95897339e-01 1.35414423e-01
 -9.93024722e-01 1.43420284e-01
 -1.17067308e+00 1.52310662e-01
 -1.10168113e+00 1.62211459e-01
 -1.27443999e+00 1.73272157e-01
 -1.30997084e+00 1.85671291e-01
 -1.48735536e+00 1.99623452e-01
 -1.58160127e+00 2.15388335e-01
 -1.65230634e+00 2.33282552e-01
 -1.78214300e+00 2.53695212e-01
 -1.94709676e+00 2.77108682e-01
 -2.05174337e+00 3.04126625e-01
 -2.28212030e+00 3.35512338e-01
 -2.42010873e+00 3.72241947e-01
 -2.57979068e+00 4.15579379e-01
 -2.82182150e+00 4.67183881e-01
 -3.14831718e+00 5.29267156e-01
 -3.33081359e+00 6.04827922e-01
 -3.65803247e+00 6.98010331e-01
 -4.09284074e+00 8.14666169e-01
 -4.48588819e+00 9.63262963e-01
 -5.05361338e+00 1.15640007e+00
 -5.63453263e+00 1.41343593e+00
 -6.36525396e+00 1.76523622e+00
 -7.18962375e+00 2.26316807e+00
 -8.35756242e+00 2.99703235e+00
 -9.75967310e+00 4.13270878e+00
 -1.13988896e+01 5.99424314e+00
 -1.34020766e+01 9.23760524e+00
 -1.46691553e+01 1.50915342e+01
 -1.20205679e+01 2.44784620e+01
 3.19732258e-01 3.12404179e+01
 1.32726284e+01 2.51810386e+01
 1.64505345e+01 1.56422185e+01
 1.52962712e+01 9.55800322e+00
 1.33131031e+01 6.18218258e+00
 1.15997808e+01 4.25031150e+00
 1.01164612e+01 3.07557610e+00
 9.14885067e+00 2.31855173e+00
 8.05867008e+00 1.80598717e+00
 7.46927511e+00 1.44440394e+00
 6.75369458e+00 1.18049634e+00
 6.32326547e+00 9.82319935e-01
 5.81822649e+00 8.29885668e-01
 5.46786938e+00 7.10209061e-01
 5.19199239e+00 6.14578163e-01
 5.03543153e+00 5.36980700e-01
 4.61917468e+00 4.73163925e-01
 4.40158409e+00 4.20053646e-01
 4.29874637e+00 3.75384426e-01
 4.15753883e+00 3.37457924e-01
 3.96589966e+00 3.04981205e-01
 3.80445155e+00 2.76956222e-01
 3.61733694e+00 2.52602838e-01
 3.50815104e+00 2.31304244e-01
 3.36688710e+00 2.12567662e-01
 3.27810270e+00 1.95995622e-01
 3.20609946e+00 1.81264705e-01
 3.08932332e+00 1.68109601e-01
 3.03496342e+00 1.56311032e-01
 2.99827228e+00 1.45686496e-01
 2.94728389e+00 1.36083113e-01
 2.85664664e+00 1.27372040e-01
 2.71287205e+00 1.19444072e-01
 2.66500752e+00 1.12206160e-01
 2.62913145e+00 1.05578620e-01
 2.57035562e+00 9.94928958e-02
 2.48075260e+00 9.38897395e-02
 2.53970585e+00 8.87177333e-02
 2.49559799e+00 8.39320765e-02
 2.45937054e+00 7.94935859e-02
 2.42228526e+00 7.53678677e-02
 2.41223369e+00 7.15246278e-02
 2.33296610e+00 6.79370954e-02
 2.25770429e+00 6.45815382e-02
 2.40125760e+00 6.14368537e-02
 2.22115005e+00 5.84842225e-02
 2.22007452e+00 5.57068136e-02
 2.20959361e+00 5.30895327e-02
 2.07476045e+00 5.06188070e-02
 2.13643186e+00 4.82823989e-02
 2.09786528e+00 4.60692469e-02
 2.16540425e+00 4.39693261e-02
 1.94805824e+00 4.19735286e-02
 1.99106899e+00 4.00735580e-02
 2.02946001e+00 3.82618380e-02
 2.04790357e+00 3.65314319e-02
 1.96769553e+00 3.48759716e-02
 1.94508583e+00 3.32895953e-02
 1.92950071e+00 3.17668919e-02
 2.00264154e+00 3.03028517e-02
 1.92404512e+00 2.88928226e-02
 1.91777391e+00 2.75324703e-02
 1.88094265e+00 2.62177430e-02
 1.87734787e+00 2.49448390e-02
 1.82120147e+00 2.37101775e-02
 1.80977336e+00 2.25103717e-02
 1.79764515e+00 2.13422038e-02
 1.84094121e+00 2.02026021e-02
 1.83223380e+00 1.90886192e-02
 1.89327976e+00 1.79974117e-02
 1.75130639e+00 1.69262200e-02
 1.81475223e+00 1.58723497e-02
 1.80189769e+00 1.48331523e-02
 1.79647941e+00 1.38060072e-02
 1.69882908e+00 1.27883022e-02
 1.85201804e+00 1.17774142e-02
 1.79583826e+00 1.07706899e-02
 1.85494263e+00 9.76542359e-03
 1.81603776e+00 8.75883557e-03
 1.61806196e+00 7.74804734e-03
 1.76004257e+00 6.73005526e-03
 1.70800853e+00 5.70170115e-03
 1.84282102e+00 4.65963968e-03
 1.73805613e+00 3.60030162e-03
 1.85611888e+00 2.51985206e-03
 1.63596104e+00 1.41414285e-03
 1.78192750e+00 2.78657698e-04
 1.73722536e+00 -8.91551336e-04
 1.68116280e+00 -2.10193792e-03
 1.74387530e+00 -3.35854824e-03
 1.71254368e+00 -4.66812337e-03
 1.71353579e+00 -6.03822067e-03
 1.72771497e+00 -7.47735838e-03
 1.78941716e+00 -8.99518915e-03
 1.71801583e+00 -1.06027091e-02
 1.73378193e+00 -1.23125112e-02
 1.65531443e+00 -1.41390949e-02
 1.75954080e+00 -1.60992450e-02
 1.72584186e+00 -1.82125009e-02
 1.80336199e+00 -2.05017392e-02
 1.82914233e+00 -2.29939041e-02
 1.80464356e+00 -2.57209283e-02
 1.81966341e+00 -2.87209052e-02
 1.81170229e+00 -3.20395930e-02
 1.88505787e+00 -3.57323614e-02
 1.81727597e+00 -3.98667385e-02
 1.85857134e+00 -4.45257752e-02
 1.91247243e+00 -4.98125429e-02
 1.96944457e+00 -5.58562204e-02
 1.98510742e+00 -6.28204403e-02
 1.95502619e+00 -7.09149056e-02
 2.12917093e+00 -8.04118141e-02
 2.10195721e+00 -9.16694920e-02
 2.11994819e+00 -1.05167063e-01
 2.14862299e+00 -1.21556399e-01
 2.24342039e+00 -1.41741835e-01
 2.24204190e+00 -1.67005736e-01
 2.42254986e+00 -1.99212232e-01
 2.50597096e+00 -2.41148812e-01
 2.62879411e+00 -2.97120601e-01
 2.80494505e+00 -3.74027397e-01
 2.93627627e+00 -4.83404466e-01
 3.07710338e+00 -6.45470245e-01
 3.35161364e+00 -8.97472234e-01
 3.74513513e+00 -1.31097697e+00
 3.94405239e+00 -2.02285705e+00
 4.11366864e+00 -3.24083070e+00
 3.12316637e+00 -4.87326040e+00
 7.25370365e-01 -5.43153751e+00
 -1.13058036e+00 -4.07929757e+00
 -1.29160160e+00 -2.57672047e+00
 -1.16014536e+00 -1.63227539e+00
 -7.70150652e-01 -1.08897016e+00
 -5.47342023e-01 -7.66679275e-01
 -3.48511860e-01 -5.65070738e-01
 -8.52853788e-02 -4.32339429e-01
 -3.25453788e-02 -3.41012443e-01
 2.24066482e-01 -2.75804030e-01
 2.77344940e-01 -2.27781204e-01
 3.36294754e-01 -1.91483938e-01
 4.88611548e-01 -1.63440112e-01
 5.12561930e-01 -1.41364002e-01
 5.59653231e-01 -1.23704743e-01
 5.27628345e-01 -1.09381860e-01
 6.79091513e-01 -9.76248641e-02
 6.97308634e-01 -8.78728890e-02
 7.72686875e-01 -7.97101174e-02
 7.92161498e-01 -7.28231840e-02
 8.71924946e-01 -6.69724393e-02
 9.21662743e-01 -6.19721659e-02
 8.68299896e-01 -5.76767064e-02
 8.69796713e-01 -5.39705727e-02
 1.00393976e+00 -5.07612857e-02
 1.03863863e+00 -4.79741186e-02
 9.40953462e-01 -4.55481888e-02
 1.01407869e+00 -4.34335163e-02
 9.94492369e-01 -4.15887875e-02
 1.08202352e+00 -3.99796358e-02
 1.01912217e+00 -3.85773085e-02
 1.06824666e+00 -3.73576240e-02
 1.04450917e+00 -3.63001490e-02
 1.11139784e+00 -3.53875449e-02
 1.13917080e+00 -3.46050442e-02
 1.10898476e+00 -3.39400292e-02
 1.21043204e+00 -3.33816907e-02
 1.21301588e+00 -3.29207489e-02
 1.26658108e+00 -3.25492263e-02
 1.27704105e+00 -3.22602591e-02
 1.29898403e+00 -3.20479424e-02
 1.26870902e+00 -3.19072015e-02
 1.29317606e+00 -3.18336847e-02
 1.31479275e+00 -3.18236735e-02
 1.22611899e+00 -3.18740084e-02
 1.29311140e+00 -3.19820258e-02
 1.34392428e+00 -3.21455054e-02
 1.35033986e+00 -3.23626271e-02
 1.35656722e+00 -3.26319333e-02
 1.30898828e+00 -3.29522995e-02
 1.35882334e+00 -3.33229086e-02
 1.31134085e+00 -3.37432307e-02
 1.33040043e+00 -3.42130068e-02
 1.42806718e+00 -3.47322360e-02
 1.52587653e+00 -3.53011660e-02
 1.39659016e+00 -3.59202868e-02
 1.44767654e+00 -3.65903268e-02
 1.51959977e+00 -3.73122515e-02
 1.54284769e+00 -3.80872651e-02
 1.47602587e+00 -3.89168142e-02
 1.53144575e+00 -3.98025937e-02
 1.52726052e+00 -4.07465556e-02
 1.57745918e+00 -4.17509201e-02
 1.68041015e+00 -4.28181891e-02
 1.66235116e+00 -4.39511627e-02
 1.61357645e+00 -4.51529588e-02
 1.71188454e+00 -4.64270354e-02
 1.76343978e+00 -4.77772172e-02
 1.78532504e+00 -4.92077253e-02
 1.74487568e+00 -5.07232116e-02
 1.72358501e+00 -5.23287983e-02
 1.87942954e+00 -5.40301225e-02
 1.81121167e+00 -5.58333873e-02
 1.79799117e+00 -5.77454195e-02
 1.81588327e+00 -5.97737362e-02
 1.84054178e+00 -6.19266196e-02
 1.90937440e+00 -6.42132035e-02
 1.94043852e+00 -6.66435714e-02
 1.94037575e+00 -6.92288694e-02
 1.98127942e+00 -7.19814352e-02
 2.07531364e+00 -7.49149470e-02
 2.00087373e+00 -7.80445951e-02
 2.08855904e+00 -8.13872797e-02
 2.12526570e+00 -8.49618411e-02
 2.16989442e+00 -8.87893266e-02
 2.24553429e+00 -9.28933020e-02
 2.28723615e+00 -9.73002163e-02
 2.24535691e+00 -1.02039830e-01
 2.31090172e+00 -1.07145718e-01
 2.44704034e+00 -1.12655868e-01
 2.42777330e+00 -1.18613389e-01
 2.45722989e+00 -1.25067357e-01
 2.53970875e+00 -1.32073825e-01
 2.63966338e+00 -1.39697048e-01
 2.73820846e+00 -1.48010952e-01
 2.77262666e+00 -1.57100935e-01
 2.79662665e+00 -1.67066059e-01
 2.94580305e+00 -1.78021750e-01
 3.00843181e+00 -1.90103144e-01
 3.07515075e+00 -2.03469251e-01
 3.23933991e+00 -2.18308189e-01
 3.27891050e+00 -2.34843793e-01
 3.38273593e+00 -2.53344053e-01
 3.50062148e+00 -2.74131945e-01
 3.68734713e+00 -2.97599508e-01
 3.83960183e+00 -3.24226271e-01
 3.93210109e+00 -3.54603678e-01
 4.04737255e+00 -3.89467807e-01
 4.29436784e+00 -4.29743762e-01
 4.49987371e+00 -4.76606723e-01
 4.66653395e+00 -5.31567153e-01
 4.93565310e+00 -5.96591649e-01
 5.20521706e+00 -6.74277409e-01
 5.49447646e+00 -7.68109050e-01
 5.82640099e+00 -8.82844869e-01
 6.21832199e+00 -1.02511176e+00
 6.69854858e+00 -1.20434604e+00
 7.33432944e+00 -1.43432577e+00
 8.03229693e+00 -1.73574904e+00
 8.67987595e+00 -2.14073188e+00
 9.60602729e+00 -2.70096794e+00
 1.07535087e+01 -3.50314782e+00
 1.21827219e+01 -4.69921258e+00
 1.36765888e+01 -6.56689540e+00
 1.56242783e+01 -9.62504467e+00
 1.71254778e+01 -1.47810718e+01
 1.59902141e+01 -2.29605758e+01
 7.46653400e+00 -3.16593880e+01
 -6.67181390e+00 -3.15028521e+01
 -1.48578543e+01 -2.27234147e+01
 -1.58336921e+01 -1.46291264e+01
 -1.42492569e+01 -9.54544336e+00
 -1.26122984e+01 -6.52797876e+00
 -1.09428448e+01 -4.68194390e+00
 -9.56681334e+00 -3.49763056e+00
 -8.50144214e+00 -2.70206152e+00
 -7.52785897e+00 -2.14567923e+00
 -6.79070449e+00 -1.74301581e+00
 -6.13239441e+00 -1.44302898e+00
 -5.58342338e+00 -1.21396344e+00
 -5.04531912e+00 -1.03532810e+00
 -4.70784463e+00 -8.93467510e-01
 -4.40593199e+00 -7.79019949e-01
 -3.93030561e+00 -6.85404966e-01
 -3.73796632e+00 -6.07893737e-01
 -3.54989425e+00 -5.43020637e-01
 -3.26865318e+00 -4.88200863e-01
 -3.16872270e+00 -4.41475979e-01
 -2.97934714e+00 -4.01340932e-01
 -2.71547578e+00 -3.66624136e-01
 -2.61196156e+00 -3.36402882e-01
 -2.49697806e+00 -3.09942682e-01
 -2.34904138e+00 -2.86653148e-01
 -2.23817433e+00 -2.66055447e-01
 -2.16828549e+00 -2.47758003e-01
 -1.96981465e+00 -2.31438150e-01
 -1.84803824e+00 -2.16828117e-01
 -1.80309696e+00 -2.03704230e-01
 -1.67374338e+00 -1.91878511e-01
 -1.53958371e+00 -1.81192080e-01
 -1.55982728e+00 -1.71509944e-01
 -1.52903261e+00 -1.62716834e-01
 -1.34485568e+00 -1.54713872e-01
 -1.39105904e+00 -1.47415875e-01
 -1.36803546e+00 -1.40749166e-01
 -1.21667918e+00 -1.34649778e-01
 -1.25046853e+00 -1.29061982e-01
 -1.12831798e+00 -1.23937073e-01
 -1.05326738e+00 -1.19232356e-01
 -1.02595763e+00 -1.14910301e-01
 -9.71358307e-01 -1.10937842e-01
 -8.97857831e-01 -1.07285776e-01
 -8.45163685e-01 -1.03928265e-01
 -8.47119283e-01 -1.00842407e-01
 -7.57879781e-01 -9.80078783e-02
 -8.27697661e-01 -9.54066231e-02
 -7.11537934e-01 -9.30225889e-02
 -6.30363571e-01 -9.08415017e-02
 -5.61629472e-01 -8.88506717e-02
 -6.03654789e-01 -8.70388264e-02
 -5.35801757e-01 -8.53959673e-02
 -5.05322726e-01 -8.39132464e-02
 -4.32324924e-01 -8.25828596e-02
 -3.76629797e-01 -8.13979560e-02
 -3.90247660e-01 -8.03525591e-02
 -4.06665285e-01 -7.94415004e-02
 -3.39302442e-01 -7.86603632e-02
 -2.69297222e-01 -7.80054348e-02
 -3.56833603e-01 -7.74736678e-02
 -2.43441724e-01 -7.70626480e-02
 -2.27079803e-01 -7.67705706e-02
 -2.19018832e-01 -7.65962210e-02
 -1.10283924e-01 -7.65389638e-02
 -1.01446543e-01 -7.65987362e-02
 2.42760979e-02 -7.67760481e-02
 -5.56153420e-02 -7.70719881e-02
 4.19549285e-02 -7.74882350e-02
 -5.11325260e-03 -7.80270757e-02
 1.38808024e-02 -7.86914300e-02
 8.42706615e-02 -7.94848819e-02
 1.69876617e-01 -8.04117187e-02
 1.60306283e-01 -8.14769781e-02
 2.91497437e-01 -8.26865049e-02
 3.14146781e-01 -8.40470178e-02
 2.74754670e-01 -8.55661874e-02
 3.21274146e-01 -8.72527284e-02
 4.03037807e-01 -8.91165058e-02
 3.37822829e-01 -9.11686594e-02
 4.57579980e-01 -9.34217478e-02
 5.52218923e-01 -9.58899171e-02
 4.10137326e-01 -9.85890958e-02
 4.80295675e-01 -1.01537223e-01
 7.08241341e-01 -1.04754516e-01
 6.87913131e-01 -1.08263779e-01
 6.81478620e-01 -1.12090773e-01
 7.42432975e-01 -1.16264646e-01
 8.52214320e-01 -1.20818441e-01
 8.33362936e-01 -1.25789700e-01
 9.46709142e-01 -1.31221186e-01
 9.99569120e-01 -1.37161738e-01
 1.00727368e+00 -1.43667303e-01
 1.10667161e+00 -1.50802181e-01
 1.10825825e+00 -1.58640529e-01
 1.34787610e+00 -1.67268194e-01
 1.36030410e+00 -1.76784966e-01
 1.39667092e+00 -1.87307341e-01
 1.48260060e+00 -1.98971956e-01
 1.65576959e+00 -2.11939878e-01
 1.63480376e+00 -2.26401987e-01
 1.66221243e+00 -2.42585801e-01
 1.84871351e+00 -2.60764193e-01
 1.88935815e+00 -2.81266614e-01
 2.11164268e+00 -3.04493693e-01
 2.24136372e+00 -3.30936400e-01
 2.26367748e+00 -3.61201495e-01
 2.59237347e+00 -3.96045702e-01
 2.71016623e+00 -4.36422189e-01
 2.95290376e+00 -4.83544658e-01
 3.11946249e+00 -5.38977038e-01
 3.31455683e+00 -6.04761082e-01
 3.58057579e+00 -6.83601145e-01
 3.87563601e+00 -7.79137074e-01
 4.21631867e+00 -8.96356026e-01
 4.64982704e+00 -1.04222898e+00
 5.01600053e+00 -1.22672086e+00
 5.60722213e+00 -1.46444094e+00
 6.22796442e+00 -1.77742750e+00
 7.00920920e+00 -2.20001251e+00
 7.82094364e+00 -2.78763726e+00
 8.82689290e+00 -3.63340503e+00
 1.00972553e+01 -4.89998023e+00
 1.15922062e+01 -6.88051234e+00
 1.31662842e+01 -1.00994650e+01
 1.38355227e+01 -1.53542971e+01
 1.11951413e+01 -2.28921371e+01
 2.02592336e+00 -2.88375747e+01
 -9.34511541e+00 -2.62464384e+01
 -1.47523909e+01 -1.85398842e+01
 -1.50180816e+01 -1.21701614e+01
 -1.37657828e+01 -8.14555663e+00
 -1.21892166e+01 -5.69141533e+00
 -1.08842200e+01 -4.15029027e+00
 -9.66864693e+00 -3.14007658e+00
 -8.86351409e+00 -2.44967583e+00
 -7.98456024e+00 -1.96012496e+00
 -7.23725329e+00 -1.60182095e+00
 -6.77091786e+00 -1.33238388e+00
 -6.29853310e+00 -1.12502327e+00
 -5.96025911e+00 -9.62220307e-01
 -5.52368710e+00 -8.32168845e-01
 -5.23374718e+00 -7.26697509e-01
 -4.97154483e+00 -6.40015320e-01
 -4.60362215e+00 -5.67931092e-01
 -4.43371530e+00 -5.07354044e-01
 -4.30697558e+00 -4.55966249e-01
 -4.12165682e+00 -4.12002871e-01
 -3.92059370e+00 -3.74101688e-01
 -3.78412521e+00 -3.41198102e-01
 -3.75870985e+00 -3.12450648e-01
 -3.54949080e+00 -2.87187308e-01
 -3.42400766e+00 -2.64866267e-01
 -3.31290171e+00 -2.45046853e-01
 -3.23990531e+00 -2.27367744e-01
 -3.16581029e+00 -2.11530463e-01
 -3.05096394e+00 -1.97286721e-01
 -2.96781514e+00 -1.84428645e-01
 -2.93899523e+00 -1.72781140e-01
 -2.80750476e+00 -1.62195890e-01
 -2.78562799e+00 -1.52546593e-01
 -2.70442610e+00 -1.43725159e-01
 -2.70413177e+00 -1.35638652e-01
 -2.59220612e+00 -1.28206809e-01
 -2.59768422e+00 -1.21360027e-01
 -2.54441584e+00 -1.15037707e-01
 -2.52187669e+00 -1.09186892e-01
 -2.34731566e+00 -1.03761141e-01
 -2.31469611e+00 -9.87195901e-02
 -2.28288407e+00 -9.40261665e-02
 -2.22301407e+00 -8.96489313e-02
 -2.27463237e+00 -8.55595229e-02
 -2.07621194e+00 -8.17326871e-02
 -2.25989484e+00 -7.81458770e-02
 -2.11233299e+00 -7.47789116e-02
 -2.01014541e+00 -7.16136841e-02
 -2.09400544e+00 -6.86339110e-02
 -2.01273899e+00 -6.58249156e-02
 -2.08002996e+00 -6.31734415e-02
 -1.99476938e+00 -6.06674902e-02
 -1.96950889e+00 -5.82961806e-02
 -1.97708392e+00 -5.60496259e-02
 -1.92782522e+00 -5.39188264e-02
 -1.90975768e+00 -5.18955752e-02
 -1.97054135e+00 -4.99723759e-02
 -1.82156183e+00 -4.81423695e-02
 -1.74068951e+00 -4.63992703e-02
 -1.85557828e+00 -4.47373091e-02
 -1.85759387e+00 -4.31511828e-02
 -1.80103569e+00 -4.16360097e-02
 -1.76092013e+00 -4.01872897e-02
 -1.80974983e+00 -3.88008688e-02
 -1.78310034e+00 -3.74729073e-02
 -1.68646848e+00 -3.61998515e-02
 -1.64888715e+00 -3.49784085e-02
 -1.79119746e+00 -3.38055230e-02
 -1.73889691e+00 -3.26783566e-02
 -1.64614784e+00 -3.15942701e-02
 -1.57323111e+00 -3.05508060e-02
 -1.68518262e+00 -2.95456735e-02
 -1.56242749e+00 -2.85767353e-02
 -1.65417224e+00 -2.76419950e-02
 -1.56657913e+00 -2.67395854e-02
 -1.58607535e+00 -2.58677592e-02
 -1.49769914e+00 -2.50248788e-02
 -1.56258741e+00 -2.42094084e-02
 -1.63676513e+00 -2.34199062e-02
 -1.51823132e+00 -2.26550170e-02
 -1.52553987e+00 -2.19134663e-02
 -1.60890340e+00 -2.11940538e-02
 -1.55833193e+00 -2.04956485e-02
 -1.53726852e+00 -1.98171834e-02
 -1.52650757e+00 -1.91576511e-02
 -1.49513811e+00 -1.85160993e-02
 -1.47968525e+00 -1.78916275e-02
 -1.51035487e+00 -1.72833827e-02
 -1.38238518e+00 -1.66905569e-02
 -1.45892628e+00 -1.61123833e-02
 -1.53777167e+00 -1.55481340e-02
 -1.46611294e+00 -1.49971173e-02
 -1.50572788e+00 -1.44586750e-02
 -1.44629901e+00 -1.39321805e-02
 -1.44076946e+00 -1.34170367e-02
 -1.39255087e+00 -1.29126736e-02
 -1.28828632e+00 -1.24185473e-02
 -1.46571082e+00 -1.19341376e-02
 -1.43997166e+00 -1.14589466e-02
 -1.42285052e+00 -1.09924977e-02
 -1.46612728e+00 -1.05343335e-02
 -1.41200359e+00 -1.00840151e-02
 -1.40261995e+00 -9.64112070e-03
 -1.44934434e+00 -9.20524432e-03
 -1.40494151e+00 -8.77599498e-03
 -1.39555422e+00 -8.35299557e-03
 -1.34510276e+00 -7.93588197e-03
 -1.36722824e+00 -7.52430210e-03
 -1.34836284e+00 -7.11791514e-03
 -1.37029823e+00 -6.71639068e-03
 -1.39625425e+00 -6.31940801e-03
 -1.36652515e+00 -5.92665541e-03
 -1.44149524e+00 -5.53782940e-03
 -1.28521477e+00 -5.15263418e-03
 -1.41819504e+00 -4.77078093e-03
 -1.31590211e+00 -4.39198726e-03
 -1.40748047e+00 -4.01597661e-03
 -1.32014830e+00 -3.64247772e-03
 -1.37431996e+00 -3.27122408e-03
 -1.29888910e+00 -2.90195344e-03
 -1.39847758e+00 -2.53440726e-03
 -1.38544215e+00 -2.16833029e-03
 -1.39276850e+00 -1.80347002e-03
 -1.37531645e+00 -1.43957629e-03
 -1.37902288e+00 -1.07640077e-03
 -1.37710731e+00 -7.13696551e-04
 -1.32636761e+00 -3.51217676e-04
 -1.34248461e+00 1.12812916e-05
 -1.33522284e+00 3.74045713e-04
 -1.33831994e+00 7.37321309e-04
 -1.36281643e+00 1.10135461e-03
 -1.39324712e+00 1.46639337e-03
 -1.38488076e+00 1.83268708e-03
 -1.41734909e+00 2.20048732e-03
 -1.30808486e+00 2.57004832e-03
 -1.36462241e+00 2.94162736e-03
 -1.40759174e+00 3.31548529e-03
 -1.40125978e+00 3.69188698e-03
 -1.31761503e+00 4.07110186e-03
 -1.37579372e+00 4.45340443e-03
 -1.35826631e+00 4.83907479e-03
 -1.42195799e+00 5.22839921e-03
 -1.41190309e+00 5.62167069e-03
 -1.44571621e+00 6.01918959e-03
 -1.35869226e+00 6.42126425e-03
 -1.42799420e+00 6.82821161e-03
 -1.40052277e+00 7.24035798e-03
 -1.44731300e+00 7.65803969e-03
 -1.36324553e+00 8.08160391e-03
 -1.47101088e+00 8.51140942e-03
 -1.45711347e+00 8.94782745e-03
 -1.39834151e+00 9.39124264e-03
 -1.41412470e+00 9.84205391e-03
 -1.42244623e+00 1.03006755e-02
 -1.36952741e+00 1.07675382e-02
 -1.46383046e+00 1.12430901e-02
 -1.47693083e+00 1.17277983e-02
 -1.49210651e+00 1.22221498e-02
 -1.44132899e+00 1.27266530e-02
 -1.44501801e+00 1.32418394e-02
 -1.50482919e+00 1.37682648e-02
 -1.49810555e+00 1.43065115e-02
 -1.45825197e+00 1.48571894e-02
 -1.48116501e+00 1.54209387e-02
 -1.44097666e+00 1.59984316e-02
 -1.54870986e+00 1.65903745e-02
 -1.46429379e+00 1.71975107e-02
 -1.51908999e+00 1.78206228e-02
 -1.46103054e+00 1.84605356e-02
 -1.44819670e+00 1.91181193e-02
 -1.42763980e+00 1.97942925e-02
 -1.56104795e+00 2.04900261e-02
 -1.54678679e+00 2.12063469e-02
 -1.64043610e+00 2.19443421e-02
 -1.67656029e+00 2.27051635e-02
 -1.54571738e+00 2.34900330e-02
 -1.57183877e+00 2.43002475e-02
 -1.56037906e+00 2.51371849e-02
 -1.66955452e+00 2.60023110e-02
 -1.60981857e+00 2.68971858e-02
 -1.52310604e+00 2.78234717e-02
 -1.63431429e+00 2.87829420e-02
 -1.64216637e+00 2.97774894e-02
 -1.61312428e+00 3.08091372e-02
 -1.61963707e+00 3.18800494e-02
 -1.70080238e+00 3.29925438e-02
 -1.74391739e+00 3.41491048e-02
 -1.70888465e+00 3.53523988e-02
 -1.71424383e+00 3.66052906e-02
 -1.72226439e+00 3.79108611e-02
 -1.71437898e+00 3.92724285e-02
 -1.69347813e+00 4.06935696e-02
 -1.72568972e+00 4.21781458e-02
 -1.81105138e+00 4.37303298e-02
 -1.78320073e+00 4.53546377e-02
 -1.80948012e+00 4.70559628e-02
 -1.82317873e+00 4.88396146e-02
 -1.93381219e+00 5.07113625e-02
 -1.92357753e+00 5.26774845e-02
 -1.91901832e+00 5.47448223e-02
 -1.96158707e+00 5.69208431e-02
 -2.00893807e+00 5.92137105e-02
 -1.98573790e+00 6.16323633e-02
 -2.04497188e+00 6.41866066e-02
 -1.97705851e+00 6.68872140e-02
 -2.13055337e+00 6.97460457e-02
 -2.09898116e+00 7.27761823e-02
 -2.07489831e+00 7.59920793e-02
 -2.13657115e+00 7.94097444e-02
 -2.14472660e+00 8.30469417e-02
 -2.18296347e+00 8.69234287e-02
 -2.21740802e+00 9.10612307e-02
 -2.30095793e+00 9.54849607e-02
 -2.28365520e+00 1.00222193e-01
 -2.50181324e+00 1.05303900e-01
 -2.31109318e+00 1.10764969e-01
 -2.35834887e+00 1.16644811e-01
 -2.49955607e+00 1.22988080e-01
 -2.55224724e+00 1.29845533e-01
 -2.63529500e+00 1.37275061e-01
 -2.62829783e+00 1.45342920e-01
 -2.69823910e+00 1.54125226e-01
 -2.83108753e+00 1.63709763e-01
 -2.83550389e+00 1.74198196e-01
 -2.92089547e+00 1.85708782e-01
 -3.01916958e+00 1.98379721e-01
 -2.95249363e+00 2.12373323e-01
 -3.16594157e+00 2.27881218e-01
 -3.16504911e+00 2.45130934e-01
 -3.27770011e+00 2.64394240e-01
 -3.46212186e+00 2.85997855e-01
 -3.63071268e+00 3.10337274e-01
 -3.67978843e+00 3.37894820e-01
 -3.77656978e+00 3.69263441e-01
 -3.86053178e+00 4.05178436e-01
 -4.08836703e+00 4.46560247e-01
 -4.32531115e+00 4.94572943e-01
 -4.49622566e+00 5.50705252e-01
 -4.56773635e+00 6.16884571e-01
 -4.95670679e+00 6.95640045e-01
 -5.22977431e+00 7.90340096e-01
 -5.48558994e+00 9.05545312e-01
 -5.76934533e+00 1.04754424e+00
 -6.25079233e+00 1.22518642e+00
 -6.74384304e+00 1.45121176e+00
 -7.42357850e+00 1.74443240e+00
 -7.87560277e+00 2.13342276e+00
 -8.82093603e+00 2.66295461e+00
 -9.54266781e+00 3.40554102e+00
 -1.06098977e+01 4.48252355e+00
 -1.19467835e+01 6.10204349e+00
 -1.30947223e+01 8.61931352e+00
 -1.39533542e+01 1.25770057e+01
 -1.30245622e+01 1.83971210e+01
 -7.67019805e+00 2.46576494e+01
 2.20529507e+00 2.62456461e+01
 9.82654043e+00 2.12836988e+01
 1.24103874e+01 1.48837410e+01
 1.20656738e+01 1.01329271e+01
 1.09639107e+01 7.06930546e+00
 9.72808545e+00 5.11627815e+00
 8.51348276e+00 3.83678636e+00
 7.61522079e+00 2.96788869e+00
 6.80527616e+00 2.35681566e+00
 6.05674548e+00 1.91336821e+00
 5.49189643e+00 1.58263478e+00
 5.03015538e+00 1.33005145e+00
 4.49578271e+00 1.13315275e+00
 4.12153793e+00 9.76900034e-01
 3.80978855e+00 8.50954974e-01
 3.60935258e+00 7.48039051e-01
 3.32907864e+00 6.62917438e-01
 3.04332281e+00 5.91752469e-01
 2.91472974e+00 5.31681964e-01
 2.71591851e+00 4.80537937e-01
 2.49700850e+00 4.36655034e-01
 2.28415960e+00 3.98737612e-01
 2.26014979e+00 3.65765898e-01
 2.02015035e+00 3.36928696e-01
 1.93393291e+00 3.11574420e-01
 1.78722576e+00 2.89174989e-01
 1.74954064e+00 2.69298869e-01
 1.66622661e+00 2.51590728e-01
 1.53688896e+00 2.35755906e-01
 1.50114032e+00 2.21548446e-01
 1.39595485e+00 2.08761792e-01
 1.28483269e+00 1.97221489e-01
 1.24389378e+00 1.86779414e-01
 1.11795737e+00 1.77309179e-01
 1.04058266e+00 1.68702447e-01
 1.14536967e+00 1.60865950e-01
 1.00215080e+00 1.53719077e-01
 8.86639700e-01 1.47191895e-01
 8.13403284e-01 1.41223525e-01
 7.13151861e-01 1.35760801e-01
 7.35516648e-01 1.30757156e-01
 7.75798494e-01 1.26171695e-01
 7.49574169e-01 1.21968419e-01
 6.28182368e-01 1.18115568e-01
 5.32997450e-01 1.14585073e-01
 5.08806641e-01 1.11352086e-01
 4.51645295e-01 1.08394585e-01
 4.88868834e-01 1.05693036e-01
 3.42923196e-01 1.03230103e-01
 3.03617436e-01 1.00990404e-01
 2.82368829e-01 9.89602923e-02
 3.01100698e-01 9.71276821e-02
 2.65726182e-01 9.54818874e-02
 1.39025163e-01 9.40134888e-02
 1.78185490e-01 9.27142185e-02
 1.32225052e-01 9.15768608e-02
 9.29988184e-02 9.05951679e-02
 1.05817080e-01 8.97637884e-02
 4.45022074e-02 8.90782068e-02
 2.29085486e-02 8.85346927e-02
 -1.80572699e-02 8.81302605e-02
 -7.65005278e-02 8.78626360e-02
 -8.34539062e-02 8.77302317e-02
 -1.22869961e-01 8.77321291e-02
 -1.78972217e-01 8.78680678e-02
 -1.44778712e-01 8.81384417e-02
 -1.61863364e-01 8.85443020e-02
 -3.14072195e-01 8.90873663e-02
 -2.52750845e-01 8.97700353e-02
 -4.13562777e-01 9.05954161e-02
 -3.56429204e-01 9.15673536e-02
 -3.75396603e-01 9.26904697e-02
 -4.58352795e-01 9.39702111e-02
 -4.24219537e-01 9.54129071e-02
 -4.77191284e-01 9.70258387e-02
 -5.87392120e-01 9.88173182e-02
 -6.30023157e-01 1.00796784e-01
 -5.92203613e-01 1.02974911e-01
 -7.01202412e-01 1.05363736e-01
 -7.49083958e-01 1.07976810e-01
 -7.65649529e-01 1.10829363e-01
 -7.78619393e-01 1.13938511e-01
 -7.58397723e-01 1.17323484e-01
 -8.12872154e-01 1.21005897e-01
 -8.54241129e-01 1.25010063e-01
 -9.13521813e-01 1.29363364e-01
 -9.70614450e-01 1.34096683e-01
 -1.08244443e+00 1.39244905e-01
 -1.16689800e+00 1.44847526e-01
 -1.15415498e+00 1.50949352e-01
 -1.26019762e+00 1.57601347e-01
 -1.29608759e+00 1.64861633e-01
 -1.34124099e+00 1.72796699e-01
 -1.44152360e+00 1.81482842e-01
 -1.50637226e+00 1.91007924e-01
 -1.46212531e+00 2.01473498e-01
 -1.69266146e+00 2.12997412e-01
 -1.77848327e+00 2.25717004e-01
 -1.91685810e+00 2.39793062e-01
 -1.95859266e+00 2.55414746e-01
 -2.05742768e+00 2.72805759e-01
 -2.03982812e+00 2.92232144e-01
 -2.30230822e+00 3.14012201e-01
 -2.26694903e+00 3.38529213e-01
 -2.37515178e+00 3.66247934e-01
 -2.62963592e+00 3.97736136e-01
 -2.74044742e+00 4.33693076e-01
 -2.90295659e+00 4.74987520e-01
 -3.22178247e+00 5.22709150e-01
 -3.33267205e+00 5.78238965e-01
 -3.43841569e+00 6.43347073e-01
 -3.80270400e+00 7.20330605e-01
 -4.01443480e+00 8.12211515e-01
 -4.34088576e+00 9.23025429e-01
 -4.65964762e+00 1.05825194e+00
 -5.00122392e+00 1.22546962e+00
 -5.54661651e+00 1.43537696e+00
 -5.94571795e+00 1.70342476e+00
 -6.61663958e+00 2.05249835e+00
 -7.29475121e+00 2.51745143e+00
 -8.23603340e+00 3.15298259e+00
 -9.17558482e+00 4.04762206e+00
 -1.02860003e+01 5.34867371e+00
 -1.16005474e+01 7.30453974e+00
 -1.27400124e+01 1.03201684e+01
 -1.31864396e+01 1.49328512e+01
 -1.10078249e+01 2.12244119e+01
 -4.16904816e+00 2.67760705e+01
 5.75739839e+00 2.65559648e+01
 1.23543725e+01 2.08180042e+01
 1.43098731e+01 1.46048410e+01
 1.38313544e+01 1.01067108e+01
 1.25629575e+01 7.17178197e+00
 1.13518252e+01 5.26538355e+00
 1.02282884e+01 3.99409026e+00
 9.25942341e+00 3.11763233e+00
 8.45336713e+00 2.49347547e+00
 7.70977000e+00 2.03580079e+00
 7.14028260e+00 1.69146879e+00
 6.60224338e+00 1.42654505e+00
 6.12868307e+00 1.21870190e+00
 5.78356949e+00 1.05283653e+00
 5.49629317e+00 9.18473371e-01
 5.19639993e+00 8.08180130e-01
 4.87517789e+00 7.16575327e-01
 4.65673039e+00 6.39690420e-01
 4.37545309e+00 5.74550124e-01
 4.19448967e+00 5.18890271e-01
 4.08745196e+00 4.70964353e-01
 3.86765075e+00 4.29408457e-01
 3.70972588e+00 3.93145396e-01
 3.70142550e+00 3.61315608e-01
 3.56132848e+00 3.33226661e-01
 3.37437190e+00 3.08315857e-01
 3.23826291e+00 2.86122221e-01
 3.21755769e+00 2.66265270e-01
 3.09142246e+00 2.48428772e-01
 3.01990922e+00 2.32348185e-01
 2.90634293e+00 2.17800869e-01
 2.80901179e+00 2.04598388e-01
 2.69615115e+00 1.92580404e-01
 2.59593783e+00 1.81609815e-01
 2.60174276e+00 1.71568834e-01
 2.59995327e+00 1.62355823e-01
 2.52203209e+00 1.53882718e-01
 2.37969549e+00 1.46072911e-01
 2.41686915e+00 1.38859522e-01
 2.28392219e+00 1.32183950e-01
 2.38350043e+00 1.25994686e-01
 2.20125386e+00 1.20246309e-01
 2.20318632e+00 1.14898650e-01
 2.12421833e+00 1.09916084e-01
 2.06490698e+00 1.05266932e-01
 2.03114324e+00 1.00922955e-01
 2.05870864e+00 9.68589208e-02
 2.02258824e+00 9.30522320e-02
 2.01762343e+00 8.94826113e-02
 1.93950310e+00 8.61318267e-02
 1.92927041e+00 8.29834559e-02
 1.94070588e+00 8.00226820e-02
 1.80428889e+00 7.72361167e-02
 1.90160300e+00 7.46116459e-02
 1.79913308e+00 7.21382953e-02
 1.85983452e+00 6.98061136e-02
 1.83817673e+00 6.76060695e-02
 1.74425111e+00 6.55299619e-02
 1.66875530e+00 6.35703409e-02
 1.67203582e+00 6.17204389e-02
 1.68719514e+00 5.99741096e-02
 1.56820501e+00 5.83257750e-02
 1.54780496e+00 5.67703782e-02
 1.69726250e+00 5.53033428e-02
 1.62498273e+00 5.39205372e-02
 1.53194152e+00 5.26182436e-02
 1.51018915e+00 5.13931311e-02
 1.59108513e+00 5.02422333e-02
 1.55458924e+00 4.91629285e-02
 1.45604859e+00 4.81529245e-02
 1.42811147e+00 4.72102455e-02
 1.48145770e+00 4.63332226e-02
 1.43333118e+00 4.55204877e-02
 1.39288215e+00 4.47709693e-02
 1.47605131e+00 4.40838923e-02
 1.34588617e+00 4.34587807e-02
 1.33693967e+00 4.28954633e-02
 1.37983585e+00 4.23940829e-02
 1.36065952e+00 4.19551099e-02
 1.36373775e+00 4.15793590e-02
 1.37279252e+00 4.12680117e-02
 1.30895382e+00 4.10226431e-02
 1.33875285e+00 4.08452553e-02
 1.23504290e+00 4.07383173e-02
 1.25509575e+00 4.07048131e-02
 1.17102672e+00 4.07482992e-02
 1.17136662e+00 4.08729733e-02
 1.23985881e+00 4.10837555e-02
 1.24267217e+00 4.13863862e-02
 1.24483455e+00 4.17875422e-02
 1.22063654e+00 4.22949760e-02
 1.16812077e+00 4.29176825e-02
 1.24458816e+00 4.36661002e-02
 1.03910407e+00 4.45523540e-02
 1.14690879e+00 4.55905498e-02
 1.08962891e+00 4.67971337e-02
 1.03898630e+00 4.81913320e-02
 1.07436943e+00 4.97956937e-02
 1.02383682e+00 5.16367618e-02
 9.69507695e-01 5.37459118e-02
 9.31297566e-01 5.61604038e-02
 1.01978032e+00 5.89247139e-02
 1.00355742e+00 6.20922310e-02
 8.09805785e-01 6.57274387e-02
 1.01763135e+00 6.99087464e-02
 9.29539455e-01 7.47321959e-02
 9.21721529e-01 8.03163697e-02
 7.83216899e-01 8.68089586e-02
 7.92016124e-01 9.43956604e-02
 7.13887985e-01 1.03312394e-01
 7.52026165e-01 1.13862303e-01
 6.55010869e-01 1.26439797e-01
 6.35031683e-01 1.41565111e-01
 6.61036163e-01 1.59934903e-01
 5.08548748e-01 1.82497819e-01
 5.02717307e-01 2.10569778e-01
 3.79588715e-01 2.46014038e-01
 2.77816094e-01 2.91529501e-01
 2.18884732e-01 3.51124555e-01
 8.52927935e-02 4.30916416e-01
 -1.33408505e-01 5.40511247e-01
 -1.74115286e-01 6.95419026e-01
 -3.65101964e-01 9.21215651e-01
 -5.46986647e-01 1.26000547e+00
 -6.80815052e-01 1.77616233e+00
 -6.81262250e-01 2.53780342e+00
 -1.88827246e-01 3.48453184e+00
 9.45074549e-01 4.13315677e+00
 2.38092383e+00 3.86167399e+00
 3.15295310e+00 2.95863333e+00
 3.44797626e+00 2.08745391e+00
 3.38762727e+00 1.46590094e+00
 3.18847846e+00 1.05540534e+00
 2.96258132e+00 7.84110006e-01
 2.84389693e+00 6.00186857e-01
 2.70159098e+00 4.71544299e-01
 2.57552658e+00 3.78787034e-01
 2.46609384e+00 3.10029493e-01
 2.39437506e+00 2.57797440e-01
 2.25308191e+00 2.17254211e-01
 2.26800811e+00 1.85181188e-01
 2.08661869e+00 1.59379969e-01
 2.05808987e+00 1.38312838e-01
 2.12766073e+00 1.20880788e-01
 1.90616688e+00 1.06282921e-01
 1.99393710e+00 9.39252336e-02
 1.94234568e+00 8.33601038e-02
 1.86074310e+00 7.42453065e-02
 1.94608371e+00 6.63157321e-02
 1.85228164e+00 5.93635241e-02
 2.00850502e+00 5.32239068e-02
 1.79352679e+00 4.77649222e-02
 1.83230957e+00 4.28798966e-02
 1.87515842e+00 3.84818408e-02
 1.85473079e+00 3.44992396e-02
 1.89228233e+00 3.08728497e-02
 1.72212951e+00 2.75532424e-02
 1.78101381e+00 2.44988979e-02
 1.76609046e+00 2.16747154e-02
 1.78331158e+00 1.90508388e-02
 1.79846132e+00 1.66017228e-02
 1.80981918e+00 1.43053863e-02
 1.71680012e+00 1.21428096e-02
 1.74820219e+00 1.00974467e-02
 1.74118349e+00 8.15482561e-03
 1.82305410e+00 6.30222116e-03
 1.77346109e+00 4.52838409e-03
 1.67659309e+00 2.82331615e-03
 1.80461361e+00 1.17808207e-03
 1.72114185e+00 -4.15348336e-04
 1.67768685e+00 -1.96423366e-03
 1.68750132e+00 -3.47517427e-03
 1.67123016e+00 -4.95420916e-03
 1.75130001e+00 -6.40689928e-03
 1.73850028e+00 -7.83839958e-03
 1.79805132e+00 -9.25352171e-03
 1.73795509e+00 -1.06567891e-02
 1.73926481e+00 -1.20524855e-02
 1.80721745e+00 -1.34446987e-02
 1.81254260e+00 -1.48373589e-02
 1.72230908e+00 -1.62342749e-02
 1.77677996e+00 -1.76391662e-02
 1.79255093e+00 -1.90556939e-02
 1.85723976e+00 -2.04874885e-02
 1.78962434e+00 -2.19381780e-02
 1.81291700e+00 -2.34114139e-02
 1.84450631e+00 -2.49108971e-02
 1.87655588e+00 -2.64404040e-02
 1.87269761e+00 -2.80038125e-02
 1.85270284e+00 -2.96051284e-02
 1.85060813e+00 -3.12485135e-02
 1.88397423e+00 -3.29383140e-02
 1.91945536e+00 -3.46790914e-02
 1.98779162e+00 -3.64756549e-02
 1.97187420e+00 -3.83330971e-02
 1.83681506e+00 -4.02568315e-02
 1.91702505e+00 -4.22526347e-02
 1.90489943e+00 -4.43266922e-02
 1.91705959e+00 -4.64856490e-02
 2.00937458e+00 -4.87366662e-02
 2.01192544e+00 -5.10874834e-02
 2.02485345e+00 -5.35464896e-02
 2.02834602e+00 -5.61228021e-02
 2.04277708e+00 -5.88263557e-02
 2.07639419e+00 -6.16680044e-02
 2.02123933e+00 -6.46596355e-02
 2.07298149e+00 -6.78143015e-02
 2.10653065e+00 -7.11463692e-02
 2.21005766e+00 -7.46716916e-02
 2.18685035e+00 -7.84078056e-02
 2.20917805e+00 -8.23741603e-02
 2.20461879e+00 -8.65923805e-02
 2.30447794e+00 -9.10865745e-02
 2.27304824e+00 -9.58836912e-02
 2.32299760e+00 -1.01013939e-01
 2.44864823e+00 -1.06511279e-01
 2.44365929e+00 -1.12414003e-01
 2.44993018e+00 -1.18765419e-01
 2.49960460e+00 -1.25614672e-01
 2.58503607e+00 -1.33017711e-01
 2.63271096e+00 -1.41038465e-01
 2.57720917e+00 -1.49750243e-01
 2.69968865e+00 -1.59237446e-01
 2.79708018e+00 -1.69597639e-01
 2.75525312e+00 -1.80944095e-01
 2.90600249e+00 -1.93408929e-01
 3.02122176e+00 -2.07146979e-01
 3.02889089e+00 -2.22340650e-01
 3.17185423e+00 -2.39206006e-01
 3.14932581e+00 -2.58000479e-01
 3.26839250e+00 -2.79032706e-01
 3.42362053e+00 -3.02675205e-01
 3.48957821e+00 -3.29380828e-01
 3.59631693e+00 -3.59704359e-01
 3.68546977e+00 -3.94331141e-01
 3.88556058e+00 -4.34115472e-01
 3.94669652e+00 -4.80132720e-01
 4.18418128e+00 -5.33751001e-01
 4.36210304e+00 -5.96731200e-01
 4.60394452e+00 -6.71368678e-01
 4.75220799e+00 -7.60697483e-01
 5.02729682e+00 -8.68789997e-01
 5.45695327e+00 -1.00120542e+00
 5.76193684e+00 -1.16567546e+00
 6.15234317e+00 -1.37317689e+00
 6.49851174e+00 -1.63965024e+00
 6.96869365e+00 -1.98882213e+00
 7.65871802e+00 -2.45694921e+00
 8.38053992e+00 -3.10093434e+00
 9.22700210e+00 -4.01223875e+00
 1.01685434e+01 -5.33973426e+00
 1.09931452e+01 -7.32054961e+00
 1.16088988e+01 -1.02858153e+01
 1.08800270e+01 -1.44641309e+01
 7.49770903e+00 -1.91029344e+01
 7.85907465e-01 -2.13435380e+01
 -5.75563235e+00 -1.89958743e+01
 -9.18316457e+00 -1.43458707e+01
 -9.74271355e+00 -1.02016136e+01
 -9.19956919e+00 -7.26913910e+00
 -8.29110734e+00 -5.31057973e+00
 -7.47775588e+00 -3.99704813e+00
 -6.64348822e+00 -3.09449049e+00
 -5.76005069e+00 -2.45612581e+00
 -5.29122903e+00 -1.99174369e+00
 -4.79070928e+00 -1.64517210e+00
 -4.39606403e+00 -1.38058535e+00
 -3.88626658e+00 -1.17451622e+00
 -3.40209662e+00 -1.01118412e+00
 -3.32568455e+00 -8.79713230e-01
 -2.97448656e+00 -7.72437063e-01
 -2.84816592e+00 -6.83839458e-01
 -2.47370181e+00 -6.09877001e-01
 -2.36582002e+00 -5.47535504e-01
 -2.17999907e+00 -4.94533458e-01
 -1.97891072e+00 -4.49119812e-01
 -1.94822050e+00 -4.09933541e-01
 -1.83731339e+00 -3.75904489e-01
 -1.66446956e+00 -3.46182256e-01
 -1.50829339e+00 -3.20084476e-01
 -1.46131593e+00 -2.97058692e-01
 -1.39069964e+00 -2.76653917e-01
 -1.32395166e+00 -2.58499174e-01
 -1.20547391e+00 -2.42287134e-01
 -1.07407366e+00 -2.27761513e-01
 -1.08719633e+00 -2.14707289e-01
 -9.42144077e-01 -2.02943026e-01
 -9.44070308e-01 -1.92314817e-01
 -8.46739731e-01 -1.82691456e-01
 -8.18289057e-01 -1.73960580e-01
 -7.68331535e-01 -1.66025541e-01
 -6.60599554e-01 -1.58802885e-01
 -5.97182180e-01 -1.52220274e-01
 -5.09348455e-01 -1.46214800e-01
 -4.62474681e-01 -1.40731574e-01
 -4.93079708e-01 -1.35722571e-01
 -4.34874718e-01 -1.31145658e-01
 -3.63078779e-01 -1.26963790e-01
 -3.23405635e-01 -1.23144322e-01
 -2.92619190e-01 -1.19658440e-01
 -2.30883429e-01 -1.16480675e-01
 -1.36176933e-01 -1.13588492e-01
 -1.53052640e-01 -1.10961936e-01
 -1.41940905e-02 -1.08583334e-01
 -7.17225638e-02 -1.06437041e-01
 -2.98007191e-03 -1.04509219e-01
 -8.34283705e-02 -1.02787649e-01
 6.64222368e-02 -1.01261571e-01
 3.93231876e-02 -9.99215421e-02
 7.20284720e-02 -9.87593240e-02
 1.17962761e-01 -9.77677764e-02
 2.09531301e-01 -9.69407735e-02
 1.94320771e-01 -9.62731307e-02
 1.25829557e-01 -9.57605432e-02
 2.47641834e-01 -9.53995364e-02
 2.52897277e-01 -9.51874247e-02
 3.61025139e-01 -9.51222794e-02
 3.96919099e-01 -9.52029059e-02
 3.80149395e-01 -9.54288270e-02
 3.90690358e-01 -9.58002749e-02
 5.05499917e-01 -9.63181902e-02
 5.01389708e-01 -9.69842278e-02
 4.81271547e-01 -9.78007702e-02
 6.14739719e-01 -9.87709489e-02
 6.97900957e-01 -9.98986725e-02
 6.75176419e-01 -1.01188664e-01
 6.94019838e-01 -1.02646508e-01
 7.42753595e-01 -1.04278704e-01
 7.34119375e-01 -1.06092734e-01
 6.93150095e-01 -1.08097143e-01
 8.52652415e-01 -1.10301625e-01
 9.27713467e-01 -1.12717138e-01
 8.56698584e-01 -1.15356020e-01
 9.35155411e-01 -1.18232140e-01
 9.13197358e-01 -1.21361059e-01
 1.00429311e+00 -1.24760226e-01
 1.05397988e+00 -1.28449200e-01
 1.10112581e+00 -1.32449914e-01
 1.19764570e+00 -1.36786969e-01
 1.13633272e+00 -1.41487993e-01
 1.22295413e+00 -1.46584046e-01
 1.28188093e+00 -1.52110103e-01
 1.30813075e+00 -1.58105616e-01
 1.37376437e+00 -1.64615177e-01
 1.44408355e+00 -1.71689307e-01
 1.52060083e+00 -1.79385379e-01
 1.56409279e+00 -1.87768731e-01
 1.69093184e+00 -1.96913989e-01
 1.65713276e+00 -2.06906660e-01
 1.79609236e+00 -2.17845048e-01
 1.81167105e+00 -2.29842589e-01
 1.91992903e+00 -2.43030686e-01
 2.07722141e+00 -2.57562193e-01
 2.08827449e+00 -2.73615712e-01
 2.13325346e+00 -2.91400923e-01
 2.34311158e+00 -3.11165243e-01
 2.35718656e+00 -3.33202215e-01
 2.55472723e+00 -3.57862139e-01
 2.57988900e+00 -3.85565658e-01
 2.75200574e+00 -4.16821286e-01
 2.97291588e+00 -4.52248211e-01
 3.02830820e+00 -4.92606262e-01
 3.18955890e+00 -5.38835719e-01
 3.46232661e+00 -5.92110796e-01
 3.68075861e+00 -6.53912380e-01
 3.85265420e+00 -7.26128290e-01
 4.02628648e+00 -8.11193458e-01
 4.28432828e+00 -9.12288990e-01
 4.66176153e+00 -1.03362963e+00
 5.00749820e+00 -1.18088650e+00
 5.35636652e+00 -1.36182103e+00
 5.76869645e+00 -1.58725587e+00
 6.30333343e+00 -1.87259517e+00
 6.96216661e+00 -2.24026069e+00
 7.60489091e+00 -2.72368448e+00
 8.31820238e+00 -3.37398230e+00
 9.30518274e+00 -4.27122610e+00
 1.02744067e+01 -5.54322909e+00
 1.14466958e+01 -7.39434758e+00
 1.23816775e+01 -1.01358732e+01
 1.27235823e+01 -1.41487205e+01
 1.11151953e+01 -1.94923112e+01
 5.84061341e+00 -2.46688255e+01
 -2.56568798e+00 -2.60543995e+01
 -9.73623347e+00 -2.23064955e+01
 -1.29955128e+01 -1.67016834e+01
 -1.34490807e+01 -1.19759020e+01
 -1.26782028e+01 -8.64348981e+00
