 NaN NaN
 7.57679171e+01 4.66113927e+00
 3.87466361e+01 1.71929873e+00
 2.60713265e+01 9.52819013e-01
 1.97334754e+01 6.25185743e-01
 1.58328348e+01 4.50228577e-01
 1.32338892e+01 3.43958579e-01
 1.13721154e+01 2.73719265e-01
 9.93942026e+00 2.24431173e-01
 8.94953310e+00 1.88264206e-01
 8.04720480e+00 1.60788857e-01
 7.44991438e+00 1.39329734e-01
 6.78340329e+00 1.22185043e-01
 6.16974062e+00 1.08225826e-01
 5.78640106e+00 9.66766173e-02
 5.35894375e+00 8.69889107e-02
 5.11117138e+00 7.87648922e-02
 4.77562196e+00 7.17097245e-02
 4.59928580e+00 6.56007183e-02
 4.41396281e+00 6.02668502e-02
 4.19614542e+00 5.55748170e-02
 4.18162411e+00 5.14193305e-02
 3.80013266e+00 4.77162329e-02
 3.70850972e+00 4.43975257e-02
 3.44038686e+00 4.14077246e-02
 3.48432784e+00 3.87011470e-02
 3.27408448e+00 3.62398691e-02
 3.14219606e+00 3.39921662e-02
 3.10203049e+00 3.19313111e-02
 3.01605800e+00 3.00346379e-02
 2.95659753e+00 2.82828056e-02
 2.81269022e+00 2.66592147e-02
 2.86872769e+00 2.51495400e-02
 2.74795574e+00 2.37413545e-02
 2.68193108e+00 2.24238246e-02
 2.62139543e+00 2.11874605e-02
 2.54940600e+00 2.00239112e-02
 2.43619000e+00 1.89257952e-02
 2.40220074e+00 1.78865595e-02
 2.46915029e+00 1.69003615e-02
 2.30789295e+00 1.59619702e-02
 2.26036689e+00 1.50666818e-02
 2.32117815e+00 1.42102493e-02
 2.27722758e+00 1.33888211e-02
 2.24191508e+00 1.25988891e-02
 2.17481067e+00 1.18372436e-02
 2.16175467e+00 1.11009348e-02
 2.10357088e+00 1.03872381e-02
 2.15243871e+00 9.69362515e-03
 2.14601012e+00 9.01773714e-03
 2.10597031e+00 8.35736172e-03
 2.00524495e+00 7.71041231e-03
 2.11220174e+00 7.07490937e-03
 2.08938391e+00 6.44896359e-03
 2.04824825e+00 5.83076037e-03
 2.01219311e+00 5.21854557e-03
 2.07050639e+00 4.61061226e-03
 2.03196845e+00 4.00528809e-03
 1.96523056e+00 3.40092338e-03
 1.93926769e+00 2.79587954e-03
 2.02055618e+00 2.18851774e-03
 1.98153180e+00 1.57718769e-03
 2.02492479e+00 9.60216372e-04
 1.98577040e+00 3.35896541e-04
 1.92564411e+00 -2.97525069e-04
 2.11553183e+00 -9.41860085e-04
 2.00358783e+00 -1.59899148e-03
 2.05839444e+00 -2.27088740e-03
 1.99513365e+00 -2.95961605e-03
 2.01872088e+00 -3.66736175e-03
 2.01222643e+00 -4.39644260e-03
 2.03308194e+00 -5.14932978e-03
 2.05046324e+00 -5.92866895e-03
 2.04663265e+00 -6.73730411e-03
 2.01968461e+00 -7.57830425e-03
 1.96990140e+00 -8.45499324e-03
 2.06978622e+00 -9.37098369e-03
 2.09844250e+00 -1.03302152e-02
 2.22143501e+00 -1.13369981e-02
 2.13197938e+00 -1.23960630e-02
 2.22527614e+00 -1.35126182e-02
 2.16389931e+00 -1.46924148e-02
 2.22027217e+00 -1.59418232e-02
 2.20295821e+00 -1.72679206e-02
 2.22901634e+00 -1.86785932e-02
 2.34825614e+00 -2.01826553e-02
 2.43203503e+00 -2.17899895e-02
 2.30208998e+00 -2.35117108e-02
 2.43474920e+00 -2.53603608e-02
 2.54050214e+00 -2.73501380e-02
 2.65243977e+00 -2.94971723e-02
 2.61436144e+00 -3.18198532e-02
 2.57885735e+00 -3.43392245e-02
 2.59644485e+00 -3.70794616e-02
 2.77079244e+00 -4.00684510e-02
 2.77211186e+00 -4.33384983e-02
 2.92301372e+00 -4.69271987e-02
 3.03763024e+00 -5.08785132e-02
 3.12541554e+00 -5.52441083e-02
 3.09915637e+00 -6.00850354e-02
 3.15027761e+00 -6.54738529e-02
 3.24249484e+00 -7.14973277e-02
 3.45377650e+00 -7.82599058e-02
 3.60779560e+00 -8.58882105e-02
 3.65386340e+00 -9.45369329e-02
 3.77157274e+00 -1.04396629e-01
 4.01610721e+00 -1.15704157e-01
 4.23228617e+00 -1.28756841e-01
 4.33585724e+00 -1.43931936e-01
 4.51706687e+00 -1.61713815e-01
 4.90595380e+00 -1.82732561e-01
 5.08617611e+00 -2.07819787e-01
 5.37610453e+00 -2.38091027e-01
 5.79589785e+00 -2.75070222e-01
 6.26051108e+00 -3.20882700e-01
 6.66292059e+00 -3.78563319e-01
 7.31640323e+00 -4.52565353e-01
 8.01310948e+00 -5.49634377e-01
 8.86123038e+00 -6.80379125e-01
 9.91954880e+00 -8.62252705e-01
 1.13245335e+01 -1.12559361e+00
 1.30877780e+01 -1.52689619e+00
 1.53818832e+01 -2.18109199e+00
 1.89255252e+01 -3.35123776e+00
 2.45796046e+01 -5.74683894e+00
 3.39956393e+01 -1.18021063e+01
 5.02434248e+01 -3.33010293e+01
 1.58840154e+01 -1.06115406e+02
 -5.31478139e+01 -4.44727536e+01
 -3.67439726e+01 -1.45271860e+01
 -2.60846364e+01 -6.75006869e+00
 -1.98807666e+01 -3.84415177e+00
 -1.60614535e+01 -2.47175813e+00
 -1.35094834e+01 -1.72037812e+00
 -1.15723387e+01 -1.26567456e+00
 -1.01243560e+01 -9.69968903e-01
 -8.97386978e+00 -7.66965173e-01
 -8.10765906e+00 -6.21599992e-01
 -7.38772623e+00 -5.13934626e-01
 -6.84785726e+00 -4.31957916e-01
 -6.24621313e+00 -3.68086338e-01
 -5.78942554e+00 -3.17341424e-01
 -5.46936436e+00 -2.76345557e-01
 -5.14938908e+00 -2.42741823e-01
 -4.82773384e+00 -2.14845044e-01
 -4.60588917e+00 -1.91424438e-01
 -4.38871718e+00 -1.71564105e-01
 -4.11167797e+00 -1.54571031e-01
 -3.91208445e+00 -1.39912999e-01
 -3.85285464e+00 -1.27175775e-01
 -3.63488414e+00 -1.16033032e-01
 -3.56089617e+00 -1.06224851e-01
 -3.46813079e+00 -9.75421206e-02
 -3.31257164e+00 -8.98150487e-02
 -3.18925546e+00 -8.29045945e-02
 -3.11915515e+00 -7.66960045e-02
 -2.90364453e+00 -7.10938786e-02
 -2.99691465e+00 -6.60183676e-02
 -2.93131461e+00 -6.14022145e-02
 -2.72736058e+00 -5.71884320e-02
 -2.72208510e+00 -5.33284639e-02
 -2.66899172e+00 -4.97807202e-02
 -2.61048925e+00 -4.65093988e-02
 -2.47091808e+00 -4.34835338e-02
 -2.52721500e+00 -4.06762205e-02
 -2.51517296e+00 -3.80639808e-02
 -2.33266410e+00 -3.56262405e-02
 -2.41817671e+00 -3.33448969e-02
 -2.37307010e+00 -3.12039588e-02
 -2.29321247e+00 -2.91892447e-02
 -2.20966401e+00 -2.72881303e-02
 -2.30401136e+00 -2.54893341e-02
 -2.18504848e+00 -2.37827364e-02
 -2.15277630e+00 -2.21592245e-02
 -2.05883941e+00 -2.06105606e-02
 -2.11311168e+00 -1.91292681e-02
 -2.17131488e+00 -1.77085331e-02
 -2.12407819e+00 -1.63421196e-02
 -2.11945769e+00 -1.50242948e-02
 -1.93804090e+00 -1.37497645e-02
 -2.01017093e+00 -1.25136155e-02
 -1.97952053e+00 -1.13112650e-02
 -2.04494672e+00 -1.01384152e-02
 -2.03004241e+00 -8.99101296e-03
 -1.99782100e+00 -7.86521290e-03
 -1.86145789e+00 -6.75734411e-03
 -1.98769866e+00 -5.66387928e-03
 -1.96447610e+00 -4.58140617e-03
 -1.90110945e+00 -3.50660072e-03
 -1.96721817e+00 -2.43620154e-03
 -1.85228299e+00 -1.36698537e-03
 -1.94312498e+00 -2.95743061e-04
 -1.92060851e+00 7.80744067e-04
 -1.96187947e+00 1.86572798e-03
 -1.98840479e+00 2.96251806e-03
 -2.03133763e+00 4.07450592e-03
 -1.95565313e+00 5.20519132e-03
 -2.05545087e+00 6.35820952e-03
 -2.00973533e+00 7.53736041e-03
 -2.02403429e+00 8.74664000e-03
 -2.02071389e+00 9.99027463e-03
 -1.96339404e+00 1.12727585e-02
 -2.00538220e+00 1.25988953e-02
 -2.06934174e+00 1.39738445e-02
 -2.09343927e+00 1.54031727e-02
 -2.01133924e+00 1.68929127e-02
 -2.11116991e+00 1.84496292e-02
 -2.11653525e+00 2.00804940e-02
 -2.12751678e+00 2.17933723e-02
 -2.29157507e+00 2.35969212e-02
 -2.20418797e+00 2.55007037e-02
 -2.26008568e+00 2.75153205e-02
 -2.31551360e+00 2.96525637e-02
 -2.26536475e+00 3.19255950e-02
 -2.23094377e+00 3.43491562e-02
 -2.33135539e+00 3.69398155e-02
 -2.44019256e+00 3.97162597e-02
 -2.35939081e+00 4.26996404e-02
 -2.44720338e+00 4.59139872e-02
 -2.47261756e+00 4.93867024e-02
 -2.51973744e+00 5.31491578e-02
 -2.58555850e+00 5.72374156e-02
 -2.60597433e+00 6.16931071e-02
 -2.71160959e+00 6.65645073e-02
 -2.85744544e+00 7.19078587e-02
 -3.02669456e+00 7.77890126e-02
 -2.93554324e+00 8.42854757e-02
 -3.04509530e+00 9.14889844e-02
 -3.14050197e+00 9.95087643e-02
 -3.31118255e+00 1.08475694e-01
 -3.28881375e+00 1.18547670e-01
 -3.55801319e+00 1.29916589e-01
 -3.52436106e+00 1.42817514e-01
 -3.79766048e+00 1.57540876e-01
 -3.90345847e+00 1.74448863e-01
 -4.09845237e+00 1.93997773e-01
 -4.45343177e+00 2.16768901e-01
 -4.58124716e+00 2.43511923e-01
 -4.74879709e+00 2.75206880e-01
 -5.08596838e+00 3.13154436e-01
 -5.39053075e+00 3.59110181e-01
 -5.77907281e+00 4.15489245e-01
 -6.25514937e+00 4.85686597e-01
 -6.83268404e+00 5.74593981e-01
 -7.34781278e+00 6.89464042e-01
 -8.07272744e+00 8.41414729e-01
 -8.95630264e+00 1.04817608e+00
 -1.01136289e+01 1.33939679e+00
 -1.14865270e+01 1.76761749e+00
 -1.32759779e+01 2.43293341e+00
 -1.61005734e+01 3.54449047e+00
 -1.97692934e+01 5.59534438e+00
 -2.54153703e+01 9.94816493e+00
 -3.36409712e+01 2.11486144e+01
 -3.35808451e+01 5.32005619e+01
 2.17246884e+01 6.72170841e+01
 3.59442603e+01 2.82676484e+01
 2.76645691e+01 1.24726588e+01
 2.12181766e+01 6.70297393e+00
 1.68858940e+01 4.12615765e+00
 1.40808038e+01 2.78043005e+00
 1.20170003e+01 1.99562647e+00
 1.05253037e+01 1.49989352e+00
 9.27499705e+00 1.16742539e+00
 8.25538862e+00 9.33862342e-01
 7.52310882e+00 7.63609495e-01
 6.92465994e+00 6.35720177e-01
 6.41932581e+00 5.37229776e-01
 5.93725755e+00 4.59771594e-01
 5.52851565e+00 3.97753011e-01
 5.12866394e+00 3.47321982e-01
 4.69920664e+00 3.05755859e-01
 4.60133448e+00 2.71086447e-01
 4.29653304e+00 2.41862510e-01
 4.20581507e+00 2.16995069e-01
 3.95285586e+00 1.95654110e-01
 3.75569720e+00 1.77198057e-01
 3.69244405e+00 1.61124677e-01
 3.47712116e+00 1.47036272e-01
 3.41943532e+00 1.34614609e-01
 3.28713019e+00 1.23602589e-01
 3.20985698e+00 1.13790664e-01
 3.03828509e+00 1.05006651e-01
 2.87719630e+00 9.71079982e-02
 2.95686298e+00 8.99758588e-02
 2.89692015e+00 8.35105007e-02
 2.69584414e+00 7.76277197e-02
 2.66668046e+00 7.22560143e-02
 2.53266266e+00 6.73343407e-02
 2.52951657e+00 6.28103174e-02
 2.51294080e+00 5.86387780e-02
 2.39028305e+00 5.47805983e-02
 2.31202082e+00 5.12017383e-02
 2.38983480e+00 4.78724563e-02
 2.21349223e+00 4.47666603e-02
 2.20580259e+00 4.18613699e-02
 2.20235972e+00 3.91362667e-02
 2.18650022e+00 3.65733185e-02
 2.13926755e+00 3.41564626e-02
 2.02136523e+00 3.18713375e-02
 2.09675676e+00 2.97050552e-02
 2.14502889e+00 2.76460073e-02
 2.03878011e+00 2.56836983e-02
 2.07687018e+00 2.38086021e-02
 2.00097096e+00 2.20120386e-02
 1.95562429e+00 2.02860656e-02
 1.99055579e+00 1.86233855e-02
 1.92144558e+00 1.70172627e-02
 1.94729151e+00 1.54614511e-02
 1.93785890e+00 1.39501303e-02
 1.95928606e+00 1.24778479e-02
 1.90688119e+00 1.10394685e-02
 1.81189487e+00 9.63012705e-03
 1.92585488e+00 8.24518678e-03
 1.88412951e+00 6.88020026e-03
 1.81921617e+00 5.53087337e-03
 1.84649792e+00 4.19303146e-03
 1.88589232e+00 2.86258725e-03
 1.84167128e+00 1.53551005e-03
 1.84652094e+00 2.07795700e-04
 1.79183967e+00 -1.12456301e-03
 1.96183099e+00 -2.46560594e-03
 1.79990775e+00 -3.81943563e-03
 1.90498935e+00 -5.19024810e-03
 1.86563521e+00 -6.58236500e-03
 1.97316930e+00 -8.00026740e-03
 1.92124521e+00 -9.44863186e-03
 1.97033213e+00 -1.09323692e-02
 1.99210177e+00 -1.24566667e-02
 1.92926908e+00 -1.40270346e-02
 1.96563033e+00 -1.56493567e-02
 1.88577770e+00 -1.73299480e-02
 2.01626935e+00 -1.90756179e-02
 2.05219251e+00 -2.08937425e-02
 1.98698637e+00 -2.27923458e-02
 2.11183098e+00 -2.47801923e-02
 1.99788215e+00 -2.68668934e-02
 2.10738076e+00 -2.90630288e-02
 2.08185078e+00 -3.13802877e-02
 2.19381651e+00 -3.38316310e-02
 2.14075715e+00 -3.64314815e-02
 2.14403637e+00 -3.91959451e-02
 2.23345754e+00 -4.21430707e-02
 2.25587391e+00 -4.52931568e-02
 2.31787087e+00 -4.86691136e-02
 2.41060242e+00 -5.22968940e-02
 2.41728843e+00 -5.62060080e-02
 2.40569055e+00 -6.04301407e-02
 2.40832484e+00 -6.50078963e-02
 2.52359816e+00 -6.99837016e-02
 2.65655793e+00 -7.54089067e-02
 2.57885786e+00 -8.13431348e-02
 2.75985555e+00 -8.78559485e-02
 2.85819110e+00 -9.50289182e-02
 2.80843671e+00 -1.02958210e-01
 2.91276774e+00 -1.11757846e-01
 2.98509916e+00 -1.21563843e-01
 3.14686395e+00 -1.32539518e-01
 3.25125944e+00 -1.44882334e-01
 3.44422509e+00 -1.58832849e-01
 3.46028903e+00 -1.74686499e-01
 3.65250653e+00 -1.92809330e-01
 3.82307447e+00 -2.13659228e-01
 3.92775887e+00 -2.37814979e-01
 4.15193991e+00 -2.66016623e-01
 4.42574392e+00 -2.99222402e-01
 4.71361913e+00 -3.38690565e-01
 5.01291041e+00 -3.86099213e-01
 5.21044314e+00 -4.43725754e-01
 5.63276515e+00 -5.14722309e-01
 6.08984380e+00 -6.03550218e-01
 6.63356875e+00 -7.16687489e-01
 7.18614166e+00 -8.63822949e-01
 7.89743780e+00 -1.05995778e+00
 8.83349238e+00 -1.32928871e+00
 9.89403361e+00 -1.71280847e+00
 1.13600361e+01 -2.28424138e+00
 1.32184543e+01 -3.18634307e+00
 1.59884809e+01 -4.72228664e+00
 1.95447829e+01 -7.61417059e+00
 2.46616194e+01 -1.38177794e+01
 2.89177180e+01 -2.88068559e+01
 1.20170626e+01 -5.48410979e+01
 -2.43532482e+01 -4.38040589e+01
 -2.74156296e+01 -2.06525422e+01
 -2.21588686e+01 -1.05310732e+01
 -1.76353339e+01 -6.15709263e+00
 -1.45927502e+01 -3.98735690e+00
 -1.23542751e+01 -2.77685518e+00
 -1.05689464e+01 -2.03894501e+00
 -9.26909354e+00 -1.55795769e+00
 -8.28462876e+00 -1.22777607e+00
 -7.56187645e+00 -9.91632952e-01
 -6.82657567e+00 -8.17051562e-01
 -6.36660244e+00 -6.84407338e-01
 -5.83779343e+00 -5.81293166e-01
 -5.41388253e+00 -4.99561595e-01
 -5.12644226e+00 -4.33687024e-01
 -4.71622482e+00 -3.79816645e-01
 -4.44182681e+00 -3.35198560e-01
 -4.24323148e+00 -2.97825304e-01
 -4.09578912e+00 -2.66204922e-01
 -3.78246903e+00 -2.39210055e-01
 -3.66997973e+00 -2.15976114e-01
 -3.54752421e+00 -1.95831111e-01
 -3.33686783e+00 -1.78246402e-01
 -3.30356881e+00 -1.62801510e-01
 -3.13810824e+00 -1.49158616e-01
 -3.07871307e+00 -1.37043793e-01
 -3.02883813e+00 -1.26233035e-01
 -2.87735899e+00 -1.16541711e-01
 -2.81586415e+00 -1.07816534e-01
 -2.70750608e+00 -9.99293756e-02
 -2.55138955e+00 -9.27724576e-02
 -2.51165753e+00 -8.62545806e-02
 -2.42683143e+00 -8.02981435e-02
 -2.44650843e+00 -7.48367687e-02
 -2.46072886e+00 -6.98133961e-02
 -2.32691518e+00 -6.51787438e-02
 -2.31913824e+00 -6.08900562e-02
 -2.18679313e+00 -5.69100800e-02
 -2.07628896e+00 -5.32062220e-02
 -2.10006396e+00 -4.97498523e-02
 -2.08366608e+00 -4.65157251e-02
 -2.13023573e+00 -4.34814948e-02
 -2.08302545e+00 -4.06273091e-02
 -2.00619742e+00 -3.79354669e-02
 -1.90506835e+00 -3.53901276e-02
 -1.86878759e+00 -3.29770642e-02
 -1.90762226e+00 -3.06834519e-02
 -1.86567895e+00 -2.84976872e-02
 -1.74126517e+00 -2.64092317e-02
 -1.94330891e+00 -2.44084768e-02
 -1.76278534e+00 -2.24866264e-02
 -1.85423101e+00 -2.06355939e-02
 -1.83852382e+00 -1.88479129e-02
 -1.79994780e+00 -1.71166568e-02
 -1.86793452e+00 -1.54353692e-02
 -1.83132210e+00 -1.37980006e-02
 -1.77878791e+00 -1.21988519e-02
 -1.75231764e+00 -1.06325236e-02
 -1.71022250e+00 -9.09386918e-03
 -1.70122943e+00 -7.57795205e-03
 -1.79879518e+00 -6.08000598e-03
 -1.60439339e+00 -4.59539767e-03
 -1.71914120e+00 -3.11959124e-03
 -1.71850042e+00 -1.64811414e-03
 -1.79465254e+00 -1.76523932e-04
 -1.73345530e+00 1.29962457e-03
 -1.67114886e+00 2.78481210e-03
 -1.69854680e+00 4.28358827e-03
 -1.70457791e+00 5.80060586e-03
 -1.80051004e+00 7.34065648e-03
 -1.85578299e+00 8.90870826e-03
 -1.77981274e+00 1.05099459e-02
 -1.80079963e+00 1.21498142e-02
 -1.82829013e+00 1.38340645e-02
 -1.78314181e+00 1.55688073e-02
 -1.71037145e+00 1.73605684e-02
 -1.88767292e+00 1.92163534e-02
 -1.78889468e+00 2.11437185e-02
 -1.87281624e+00 2.31508513e-02
 -1.88669773e+00 2.52466618e-02
 -1.95643835e+00 2.74408868e-02
 -1.93898846e+00 2.97442086e-02
 -1.89880734e+00 3.21683919e-02
 -1.94937003e+00 3.47264424e-02
 -2.03508677e+00 3.74327898e-02
 -2.00671753e+00 4.03035015e-02
 -2.07691530e+00 4.33565330e-02
 -2.08152142e+00 4.66120210e-02
 -2.07618636e+00 5.00926301e-02
 -2.14867975e+00 5.38239630e-02
 -2.24764594e+00 5.78350489e-02
 -2.19082111e+00 6.21589280e-02
 -2.26473347e+00 6.68333531e-02
 -2.34525690e+00 7.19016378e-02
 -2.37334098e+00 7.74136856e-02
 -2.36374456e+00 8.34272480e-02
 -2.54155760e+00 9.00094683e-02
 -2.52159595e+00 9.72387914e-02
 -2.52736379e+00 1.05207340e-01
 -2.63917627e+00 1.14023891e-01
 -2.76781169e+00 1.23817638e-01
 -2.80292928e+00 1.34742975e-01
 -2.95918902e+00 1.46985639e-01
 -3.18048374e+00 1.60770676e-01
 -3.16964665e+00 1.76372855e-01
 -3.31125901e+00 1.94130451e-01
 -3.48439104e+00 2.14463679e-01
 -3.56686940e+00 2.37899687e-01
 -3.74270153e+00 2.65106871e-01
 -3.93715553e+00 2.96942735e-01
 -4.20334109e+00 3.34521734e-01
 -4.40343826e+00 3.79313191e-01
 -4.78435525e+00 4.33285516e-01
 -5.04235956e+00 4.99123396e-01
 -5.43297740e+00 5.80563219e-01
 -5.68087872e+00 6.82925929e-01
 -6.25791088e+00 8.13991185e-01
 -6.87689989e+00 9.85485095e-01
 -7.54871692e+00 1.21572187e+00
 -8.42745869e+00 1.53453141e+00
 -9.56616748e+00 1.99299712e+00
 -1.09798813e+01 2.68405204e+00
 -1.28662286e+01 3.78964031e+00
 -1.52539725e+01 5.69878829e+00
 -1.86822101e+01 9.32874761e+00
 -2.22942601e+01 1.69802631e+01
 -2.08968561e+01 3.28442478e+01
 1.82120805e+00 4.59414938e+01
 2.16062471e+01 3.05032070e+01
 2.18525845e+01 1.57599501e+01
 1.79693367e+01 8.79107472e+00
 1.47957323e+01 5.44407326e+00
 1.24376039e+01 3.65921990e+00
 1.05654793e+01 2.61374401e+00
 9.24655411e+00 1.95428635e+00
 8.21119964e+00 1.51355773e+00
 7.42436879e+00 1.20522197e+00
 6.67167751e+00 9.81411987e-01
 6.15387747e+00 8.13974683e-01
 5.54654551e+00 6.85520195e-01
 5.26968536e+00 5.84856357e-01
 4.89648860e+00 5.04524320e-01
 4.52396149e+00 4.39402435e-01
 4.35722736e+00 3.85881699e-01
 4.07223286e+00 3.41360856e-01
 3.79931519e+00 3.03927301e-01
 3.64147523e+00 2.72149710e-01
 3.46552758e+00 2.44939910e-01
 3.31904602e+00 2.21458812e-01
 3.20682070e+00 2.01051064e-01
 3.04024932e+00 1.83198848e-01
 2.99671388e+00 1.67488660e-01
 2.83558473e+00 1.53587088e-01
 2.77695287e+00 1.41222888e-01
 2.66363778e+00 1.30173580e-01
 2.54605743e+00 1.20255284e-01
 2.55599103e+00 1.11314947e-01
 2.40968190e+00 1.03224336e-01
 2.39320695e+00 9.58753464e-02
 2.15063114e+00 8.91763192e-02
 2.33487114e+00 8.30491141e-02
 2.26112421e+00 7.74267744e-02
 2.11973543e+00 7.22516471e-02
 2.17746793e+00 6.74738613e-02
 2.00305692e+00 6.30500874e-02
 2.06388908e+00 5.89425206e-02
 2.01850512e+00 5.51180424e-02
 1.99943765e+00 5.15475264e-02
 1.88761403e+00 4.82052596e-02
 1.91377158e+00 4.50684579e-02
 1.83549256e+00 4.21168591e-02
 1.84069989e+00 3.93323789e-02
 1.78994471e+00 3.66988189e-02
 1.76380228e+00 3.42016180e-02
 1.86015613e+00 3.18276397e-02
 1.78839352e+00 2.95649889e-02
 1.83811024e+00 2.74028543e-02
 1.66638737e+00 2.53313719e-02
 1.61724235e+00 2.33415054e-02
 1.73528871e+00 2.14249427e-02
 1.70180179e+00 1.95740039e-02
 1.70823079e+00 1.77815611e-02
 1.66235527e+00 1.60409663e-02
 1.67867280e+00 1.43459875e-02
 1.66112623e+00 1.26907513e-02
 1.69606861e+00 1.10696902e-02
 1.59145372e+00 9.47749560e-03
 1.62252682e+00 7.90907366e-03
 1.54812239e+00 6.35950444e-03
 1.62850618e+00 4.82400365e-03
 1.50480024e+00 3.29788615e-03
 1.56631114e+00 1.77653084e-03
 1.62788051e+00 2.55346382e-04
 1.63462034e+00 -1.27026267e-03
 1.60126702e+00 -2.80492982e-03
 1.61237544e+00 -4.35336113e-03
 1.61258945e+00 -5.92037073e-03
 1.64710041e+00 -7.51091789e-03
 1.68025781e+00 -9.13014614e-03
 1.52515326e+00 -1.07834250e-02
 1.60308189e+00 -1.24763952e-02
 1.68863659e+00 -1.42150174e-02
 1.58988349e+00 -1.60056267e-02
 1.67115348e+00 -1.78549917e-02
 1.71623707e+00 -1.97703818e-02
 1.64734466e+00 -2.17596412e-02
 1.69900393e+00 -2.38312738e-02
 1.73491432e+00 -2.59945388e-02
 1.77194711e+00 -2.82595597e-02
 1.76652978e+00 -3.06374495e-02
 1.85188117e+00 -3.31404551e-02
 1.79901423e+00 -3.57821232e-02
 1.91647862e+00 -3.85774942e-02
 1.85230073e+00 -4.15433274e-02
 1.93235748e+00 -4.46983649e-02
 1.89982301e+00 -4.80636424e-02
 1.97554677e+00 -5.16628554e-02
 1.98321555e+00 -5.55227941e-02
 2.01760527e+00 -5.96738622e-02
 2.10976828e+00 -6.41506968e-02
 2.03878257e+00 -6.89929155e-02
 2.02462608e+00 -7.42460194e-02
 2.09916404e+00 -7.99624918e-02
 2.25593860e+00 -8.62031415e-02
 2.21678599e+00 -9.30387554e-02
 2.37570380e+00 -1.00552146e-01
 2.42587820e+00 -1.08840704e-01
 2.39257054e+00 -1.18019599e-01
 2.68632270e+00 -1.28225839e-01
 2.66721963e+00 -1.39623440e-01
 2.73265192e+00 -1.52410077e-01
 2.76479560e+00 -1.66825736e-01
 2.87124016e+00 -1.83164050e-01
 2.96015319e+00 -2.01787349e-01
 3.18907661e+00 -2.23146846e-01
 3.29349301e+00 -2.47810097e-01
 3.42789767e+00 -2.76498835e-01
 3.68840946e+00 -3.10141940e-01
 3.78679044e+00 -3.49950830e-01
 4.06955287e+00 -3.97528760e-01
 4.37459691e+00 -4.55032585e-01
 4.57558080e+00 -5.25417642e-01
 4.98202496e+00 -6.12818091e-01
 5.33997923e+00 -7.23154867e-01
 5.66292725e+00 -8.65139644e-01
 6.35265695e+00 -1.05199561e+00
 7.01353694e+00 -1.30453545e+00
 7.94298841e+00 -1.65694502e+00
 8.83318578e+00 -2.16828669e+00
 1.00693663e+01 -2.94691905e+00
 1.18572866e+01 -4.20619881e+00
 1.41039603e+01 -6.40055893e+00
 1.68088635e+01 -1.05637457e+01
 1.85420356e+01 -1.89028941e+01
 1.22871543e+01 -3.24106716e+01
 -7.85895495e+00 -3.51539120e+01
 -1.81702562e+01 -2.19155665e+01
 -1.72517524e+01 -1.21390745e+01
 -1.46108988e+01 -7.21025491e+00
 -1.21921622e+01 -4.66005278e+00
 -1.04771682e+01 -3.22455779e+00
 -9.04643753e+00 -2.35099138e+00
 -7.90226093e+00 -1.78449381e+00
 -7.06561800e+00 -1.39794871e+00
 -6.30194406e+00 -1.12314781e+00
 -5.77849418e+00 -9.21128599e-01
 -5.41509493e+00 -7.68430586e-01
 -4.91291630e+00 -6.50286076e-01
 -4.55797119e+00 -5.57042086e-01
 -4.26212183e+00 -4.82181876e-01
 -4.04262767e+00 -4.21181544e-01
 -3.70772115e+00 -3.70823349e-01
 -3.49676054e+00 -3.28769211e-01
 -3.37702406e+00 -2.93287846e-01
 -3.22382884e+00 -2.63075549e-01
 -3.08898209e+00 -2.37135694e-01
 -2.94820676e+00 -2.14695996e-01
 -2.82626195e+00 -1.95150612e-01
 -2.80901551e+00 -1.78018933e-01
 -2.56037372e+00 -1.62915781e-01
 -2.42451026e+00 -1.49529558e-01
 -2.48135506e+00 -1.37606010e-01
 -2.31954079e+00 -1.26936012e-01
 -2.15222016e+00 -1.17346283e-01
 -2.21842874e+00 -1.08692256e-01
 -1.98945357e+00 -1.00852543e-01
 -2.06291581e+00 -9.37246052e-02
 -2.05516958e+00 -8.72213376e-02
 -2.00486803e+00 -8.12683534e-02
 -1.93740960e+00 -7.58018072e-02
 -1.94939707e+00 -7.07666410e-02
 -1.86600984e+00 -6.61151599e-02
 -1.83988357e+00 -6.18058689e-02
 -1.76723812e+00 -5.78025176e-02
 -1.69237248e+00 -5.40733112e-02
 -1.82069455e+00 -5.05902556e-02
 -1.66581905e+00 -4.73286110e-02
 -1.68376457e+00 -4.42664332e-02
 -1.77185192e+00 -4.13841886e-02
 -1.69388422e+00 -3.86644269e-02
 -1.59527385e+00 -3.60915044e-02
 -1.55226030e+00 -3.36513470e-02
 -1.54249844e+00 -3.13312477e-02
 -1.53120140e+00 -2.91196921e-02
 -1.57236302e+00 -2.70062075e-02
 -1.50138384e+00 -2.49812325e-02
 -1.48198622e+00 -2.30360029e-02
 -1.47193067e+00 -2.11624517e-02
 -1.43895286e+00 -1.93531220e-02
 -1.50073014e+00 -1.76010889e-02
 -1.43892279e+00 -1.58998908e-02
 -1.35555356e+00 -1.42434679e-02
 -1.38691000e+00 -1.26261063e-02
 -1.42748611e+00 -1.10423882e-02
 -1.44802956e+00 -9.48714555e-03
 -1.46627291e+00 -7.95541784e-03
 -1.45447983e+00 -6.44241255e-03
 -1.40619837e+00 -4.94346797e-03
 -1.38690213e+00 -3.45401787e-03
 -1.32231118e+00 -1.96955731e-03
 -1.47613028e+00 -4.85609337e-04
 -1.37550980e+00 1.00230799e-03
 -1.45200636e+00 2.49871475e-03
 -1.44174653e+00 4.00820282e-03
 -1.44302109e+00 5.53547063e-03
 -1.48200896e+00 7.08535941e-03
 -1.48399824e+00 8.66289158e-03
 -1.44367084e+00 1.02733117e-02
 -1.40140796e+00 1.19221307e-02
 -1.53395152e+00 1.36151742e-02
 -1.43203673e+00 1.53586357e-02
 -1.48175652e+00 1.71591350e-02
 -1.45381094e+00 1.90237846e-02
 -1.39836271e+00 2.09602625e-02
 -1.50719532e+00 2.29768964e-02
 -1.59164613e+00 2.50827578e-02
 -1.47180331e+00 2.72877703e-02
 -1.60142480e+00 2.96028333e-02
 -1.50339366e+00 3.20399650e-02
 -1.67202997e+00 3.46124676e-02
 -1.51826274e+00 3.73351191e-02
 -1.61839216e+00 4.02243980e-02
 -1.70885918e+00 4.32987450e-02
 -1.60115233e+00 4.65788733e-02
 -1.67458310e+00 5.00881333e-02
 -1.70880466e+00 5.38529472e-02
 -1.75837187e+00 5.79033271e-02
 -1.78039191e+00 6.22734955e-02
 -1.72288640e+00 6.70026336e-02
 -1.95312232e+00 7.21357880e-02
 -1.85153589e+00 7.77249736e-02
 -2.00090250e+00 8.38305254e-02
 -2.02341944e+00 9.05227648e-02
 -2.03544556e+00 9.78840651e-02
 -2.14639640e+00 1.06011433e-01
 -2.21934794e+00 1.15019752e-01
 -2.26189401e+00 1.25045900e-01
 -2.35568595e+00 1.36254011e-01
 -2.39868575e+00 1.48842252e-01
 -2.44059131e+00 1.63051665e-01
 -2.55060803e+00 1.79177775e-01
 -2.73952272e+00 1.97586050e-01
 -2.72319955e+00 2.18732697e-01
 -2.96699493e+00 2.43193020e-01
 -3.06810778e+00 2.71700655e-01
 -3.26760312e+00 3.05202661e-01
 -3.36036285e+00 3.44938261e-01
 -3.58037762e+00 3.92553453e-01
 -3.78128329e+00 4.50271399e-01
 -4.08039930e+00 5.21151611e-01
 -4.44533110e+00 6.09494601e-01
 -4.63836879e+00 7.21492258e-01
 -5.18002533e+00 8.66308161e-01
 -5.60282088e+00 1.05794037e+00
 -6.14754959e+00 1.31857317e+00
 -6.92886164e+00 1.68490780e+00
 -7.83792207e+00 2.22079309e+00
 -9.04587920e+00 3.04398229e+00
 -1.06216539e+01 4.38625370e+00
 -1.24812396e+01 6.73297830e+00
 -1.43637567e+01 1.11125374e+01
 -1.39709194e+01 1.91320202e+01
 -5.16829906e+00 2.83484508e+01
 9.46042818e+00 2.56754313e+01
 1.44694139e+01 1.58103947e+01
 1.35766573e+01 9.24476569e+00
 1.15440602e+01 5.75637359e+00
 9.87069715e+00 3.84702367e+00
 8.42135456e+00 2.72557662e+00
 7.43057894e+00 2.02154805e+00
 6.54371187e+00 1.55428302e+00
 5.90364180e+00 1.22974436e+00
 5.36093711e+00 9.95794318e-01
 4.85106419e+00 8.21878469e-01
 4.57234156e+00 6.89219556e-01
 4.12749382e+00 5.85799831e-01
 3.78364082e+00 5.03655102e-01
 3.49513783e+00 4.37346305e-01
 3.45508111e+00 3.83060399e-01
 3.16980996e+00 3.38062254e-01
 3.09111102e+00 3.00349832e-01
 2.80813041e+00 2.68431116e-01
 2.77096179e+00 2.41176178e-01
 2.62000323e+00 2.17716865e-01
 2.49174788e+00 1.97377401e-01
 2.38919394e+00 1.79625494e-01
 2.25885772e+00 1.64037328e-01
 2.22932737e+00 1.50272108e-01
 2.20323308e+00 1.38053297e-01
 2.12427530e+00 1.27154622e-01
 1.92893039e+00 1.17389494e-01
 1.89266908e+00 1.08602942e-01
 1.89090062e+00 1.00665392e-01
 1.85121323e+00 9.34678233e-02
 1.84626157e+00 8.69179727e-02
 1.75990400e+00 8.09373264e-02
 1.67783594e+00 7.54587244e-02
 1.67792360e+00 7.04244362e-02
 1.63216724e+00 6.57846059e-02
 1.65150927e+00 6.14959870e-02
 1.53291949e+00 5.75209072e-02
 1.48073946e+00 5.38264167e-02
 1.51063128e+00 5.03835836e-02
 1.40138721e+00 4.71669077e-02
 1.50283547e+00 4.41538309e-02
 1.32777841e+00 4.13243258e-02
 1.43176087e+00 3.86605494e-02
 1.33142596e+00 3.61465488e-02
 1.39530619e+00 3.37680115e-02
 1.26260439e+00 3.15120523e-02
 1.42236090e+00 2.93670295e-02
 1.23236746e+00 2.73223876e-02
 1.28020621e+00 2.53685209e-02
 1.32564778e+00 2.34966547e-02
 1.22957915e+00 2.16987424e-02
 1.32082893e+00 1.99673746e-02
 1.25072163e+00 1.82956993e-02
 1.15183981e+00 1.66773519e-02
 1.21841670e+00 1.51063919e-02
 1.23401277e+00 1.35772469e-02
 1.20320023e+00 1.20846622e-02
 1.15647969e+00 1.06236546e-02
 1.21196914e+00 9.18947049e-03
 1.20470458e+00 7.77754730e-03
 1.15644208e+00 6.38347702e-03
 1.26081367e+00 5.00297243e-03
 1.15937305e+00 3.63183454e-03
 1.17584923e+00 2.26592136e-03
 1.17271145e+00 9.01117288e-04
 1.10524873e+00 -4.66697174e-04
 1.22932345e+00 -1.84167587e-03
 1.21877901e+00 -3.22803796e-03
 1.17049292e+00 -4.63009991e-03
 1.16484434e+00 -6.05230885e-03
 1.17391970e+00 -7.49927796e-03
 1.19060600e+00 -8.97582424e-03
 1.22435997e+00 -1.04870093e-02
 1.15483396e+00 -1.20381842e-02
 1.26268249e+00 -1.36350380e-02
 1.21078403e+00 -1.52836527e-02
 1.22159102e+00 -1.69905635e-02
 1.24692317e+00 -1.87628277e-02
 1.23321659e+00 -2.06081012e-02
 1.27638897e+00 -2.25347267e-02
 1.31294228e+00 -2.45518342e-02
 1.31190253e+00 -2.66694553e-02
 1.28877288e+00 -2.88986569e-02
 1.28348693e+00 -3.12516940e-02
 1.30164651e+00 -3.37421893e-02
 1.40511739e+00 -3.63853414e-02
 1.44817315e+00 -3.91981704e-02
 1.34222156e+00 -4.21998063e-02
 1.51877876e+00 -4.54118307e-02
 1.44715733e+00 -4.88586832e-02
 1.48693174e+00 -5.25681465e-02
 1.50559924e+00 -5.65719290e-02
 1.56354946e+00 -6.09063668e-02
 1.60278660e+00 -6.56132765e-02
 1.67192800e+00 -7.07409935e-02
 1.65040725e+00 -7.63456465e-02
 1.70208600e+00 -8.24927310e-02
 1.75432543e+00 -8.92590625e-02
 1.72672805e+00 -9.67352216e-02
 1.88300591e+00 -1.05028634e-01
 1.78985446e+00 -1.14267483e-01
 1.95853303e+00 -1.24605721e-01
 2.02598930e+00 -1.36229545e-01
 2.05009922e+00 -1.49365850e-01
 2.07943986e+00 -1.64293368e-01
 2.12226354e+00 -1.81357531e-01
 2.37404658e+00 -2.00990523e-01
 2.52116825e+00 -2.23738709e-01
 2.55163810e+00 -2.50300689e-01
 2.62362308e+00 -2.81580933e-01
 2.92747202e+00 -3.18766696e-01
 2.92566780e+00 -3.63440430e-01
 3.16512490e+00 -4.17747581e-01
 3.41777009e+00 -4.84652993e-01
 3.68812683e+00 -5.68343088e-01
 4.02253372e+00 -6.74875500e-01
 4.36030364e+00 -8.13263642e-01
 4.67876902e+00 -9.97356160e-01
 5.24347244e+00 -1.24923364e+00
 5.85647893e+00 -1.60564276e+00
 6.71191576e+00 -2.13082457e+00
 7.74299370e+00 -2.94344467e+00
 8.93457880e+00 -4.27531594e+00
 1.02552492e+01 -6.59569984e+00
 1.12381753e+01 -1.07836000e+01
 9.28663983e+00 -1.74988971e+01
 3.90385842e-01 -2.23363616e+01
 -8.76367695e+00 -1.80018180e+01
 -1.11135656e+01 -1.11781804e+01
 -1.01898107e+01 -6.82585928e+00
 -8.79409641e+00 -4.41103822e+00
 -7.60789193e+00 -3.02917078e+00
 -6.60393511e+00 -2.18893077e+00
 -5.82995614e+00 -1.64750394e+00
 -5.14540033e+00 -1.28095157e+00
 -4.63177530e+00 -1.02240200e+00
 -4.15276932e+00 -8.33721963e-01
 -3.75235631e+00 -6.92059409e-01
 -3.57624936e+00 -5.83114801e-01
 -3.38899764e+00 -4.97599466e-01
 -3.12219346e+00 -4.29281165e-01
 -2.79894559e+00 -3.73858919e-01
 -2.73522896e+00 -3.28290461e-01
 -2.53830768e+00 -2.90376618e-01
 -2.45211781e+00 -2.58496771e-01
 -2.24445000e+00 -2.31435981e-01
 -2.20544603e+00 -2.08269315e-01
 -2.13262261e+00 -1.88282791e-01
 -2.05195924e+00 -1.70918304e-01
 -2.01111306e+00 -1.55734585e-01
 -1.84777531e+00 -1.42379086e-01
 -1.81248534e+00 -1.30567434e-01
 -1.67451071e+00 -1.20068219e-01
 -1.70246794e+00 -1.10691597e-01
 -1.62947593e+00 -1.02280646e-01
 -1.61144184e+00 -9.47047437e-02
 -1.56655615e+00 -8.78544513e-02
 -1.47507859e+00 -8.16375160e-02
 -1.48256664e+00 -7.59757262e-02
 -1.42361163e+00 -7.08024173e-02
 -1.39415822e+00 -6.60604777e-02
 -1.36502797e+00 -6.17007447e-02
 -1.25812593e+00 -5.76807047e-02
 -1.27512918e+00 -5.39634344e-02
 -1.21600568e+00 -5.05167325e-02
 -1.20378996e+00 -4.73124037e-02
 -1.26054909e+00 -4.43256658e-02
 -1.20389709e+00 -4.15346556e-02
 -1.26218802e+00 -3.89200155e-02
 -1.16110018e+00 -3.64645458e-02
 -1.12750560e+00 -3.41529113e-02
 -1.11546885e+00 -3.19713920e-02
 -1.03108460e+00 -2.99076716e-02
 -1.05090750e+00 -2.79506554e-02
 -1.04977302e+00 -2.60903151e-02
 -1.02517941e+00 -2.43175545e-02
 -1.06149710e+00 -2.26240930e-02
 -9.86961845e-01 -2.10023646e-02
 -9.76586961e-01 -1.94454299e-02
 -9.36063165e-01 -1.79468987e-02
 -9.31797171e-01 -1.65008616e-02
 -1.06657685e+00 -1.51018300e-02
 -9.77554575e-01 -1.37446822e-02
 -9.67835304e-01 -1.24246155e-02
 -1.04306381e+00 -1.11371027e-02
 -9.59167574e-01 -9.87785288e-03
 -9.50239856e-01 -8.64277527e-03
 -1.00170161e+00 -7.42794626e-03
 -9.63898810e-01 -6.22957833e-03
 -1.00949478e+00 -5.04399090e-03
 -8.75385240e-01 -3.86758261e-03
 -9.53784607e-01 -2.69680453e-03
 -1.03064002e+00 -1.52813398e-03
 -9.50412551e-01 -3.58048647e-04
 -1.04294138e+00 8.16999411e-04
 -9.79579629e-01 2.00061025e-03
 -9.11593969e-01 3.19646329e-03
 -9.50378260e-01 4.40834586e-03
 -9.71839713e-01 5.64018329e-03
 -8.97081480e-01 6.89607113e-03
 -9.88762516e-01 8.18031002e-03
 -1.04398100e+00 9.49744367e-03
 -9.79771539e-01 1.08523006e-02
 -1.00459445e+00 1.22500407e-02
 -9.47536035e-01 1.36962068e-02
 -1.07328004e+00 1.51967832e-02
 -1.01895466e+00 1.67582611e-02
 -1.03494835e+00 1.83877144e-02
 -1.03494989e+00 2.00928843e-02
 -1.03372823e+00 2.18822785e-02
 -1.00620263e+00 2.37652844e-02
 -1.11962490e+00 2.57523006e-02
 -1.11138355e+00 2.78548903e-02
 -1.13249374e+00 3.00859603e-02
 -1.12540717e+00 3.24599709e-02
 -1.20838908e+00 3.49931846e-02
 -1.12155046e+00 3.77039593e-02
 -1.14118229e+00 4.06130978e-02
 -1.15433771e+00 4.37442663e-02
 -1.11895648e+00 4.71244963e-02
 -1.20715203e+00 5.07847910e-02
 -1.22691792e+00 5.47608626e-02
 -1.33980378e+00 5.90940306e-02
 -1.22013488e+00 6.38323273e-02
 -1.36961338e+00 6.90318630e-02
 -1.32792692e+00 7.47585246e-02
 -1.41242306e+00 8.10901045e-02
 -1.41498984e+00 8.81189872e-02
 -1.45202097e+00 9.59555689e-02
 -1.51018346e+00 1.04732644e-01
 -1.58432843e+00 1.14611090e-01
 -1.60693899e+00 1.25787292e-01
 -1.63792095e+00 1.38502971e-01
 -1.74372216e+00 1.53058304e-01
 -1.86037253e+00 1.69829695e-01
 -1.88453671e+00 1.89294132e-01
 -2.10023708e+00 2.12063096e-01
 -2.15848975e+00 2.38930504e-01
 -2.20927494e+00 2.70941693e-01
 -2.43961550e+00 3.09494615e-01
 -2.54219401e+00 3.56491483e-01
 -2.70169381e+00 4.14571448e-01
 -2.80826930e+00 4.87477145e-01
 -3.15939509e+00 5.80649366e-01
 -3.46483682e+00 7.02224188e-01
 -3.82655244e+00 8.64767645e-01
 -4.13478429e+00 1.08841959e+00
 -4.68963613e+00 1.40685075e+00
 -5.29704914e+00 1.87907789e+00
 -6.06236865e+00 2.61382539e+00
 -6.92919158e+00 3.81999440e+00
 -7.90846212e+00 5.89711354e+00
 -7.95367077e+00 9.45150885e+00
 -5.20496315e+00 1.42156911e+01
 1.69156559e+00 1.58444320e+01
 6.80124652e+00 1.18963950e+01
 7.91631322e+00 7.50951967e+00
 7.21862485e+00 4.75181713e+00
 6.33570833e+00 3.16502880e+00
 5.51176954e+00 2.22337023e+00
 4.82399742e+00 1.63397313e+00
 4.23370496e+00 1.24561843e+00
 3.74789148e+00 9.78112449e-01
 3.39891242e+00 7.86835631e-01
 3.05806564e+00 6.45712030e-01
 2.92290127e+00 5.38803199e-01
 2.62591132e+00 4.55973345e-01
 2.43892595e+00 3.90549727e-01
 2.23715352e+00 3.38004624e-01
 2.12501785e+00 2.95183352e-01
 1.93966050e+00 2.59836051e-01
 1.92760217e+00 2.30324714e-01
 1.75006171e+00 2.05434704e-01
 1.73270261e+00 1.84250406e-01
 1.59187647e+00 1.66071349e-01
 1.60887221e+00 1.50354451e-01
 1.51433364e+00 1.36673530e-01
 1.44485432e+00 1.24690423e-01
 1.32869024e+00 1.14134091e-01
 1.24145268e+00 1.04785264e-01
 1.27344758e+00 9.64650362e-02
 1.30265971e+00 8.90262741e-02
 1.23086808e+00 8.23470846e-02
 1.12723360e+00 7.63257941e-02
 1.15696483e+00 7.08770530e-02
 1.04734406e+00 6.59287870e-02
 1.12722631e+00 6.14197914e-02
 1.04869936e+00 5.72978176e-02
 9.79476753e-01 5.35180410e-02
 9.70312494e-01 5.00418251e-02
 9.72094673e-01 4.68357181e-02
 9.27377807e-01 4.38706345e-02
 8.97912915e-01 4.11211821e-02
 8.75070875e-01 3.85651064e-02
 8.88164275e-01 3.61828304e-02
 9.01067250e-01 3.39570691e-02
 8.41747555e-01 3.18725080e-02
 9.12464552e-01 2.99155318e-02
 7.83497134e-01 2.80739944e-02
 9.10378396e-01 2.63370250e-02
 7.71278675e-01 2.46948613e-02
 7.17417364e-01 2.31387081e-02
 8.09276265e-01 2.16606142e-02
 7.07647164e-01 2.02533680e-02
 7.58791094e-01 1.89104053e-02
 6.27948874e-01 1.76257306e-02
 8.37366439e-01 1.63938470e-02
 7.58791156e-01 1.52096962e-02
 7.95096029e-01 1.40686041e-02
 7.87833476e-01 1.29662339e-02
 7.56603995e-01 1.18985434e-02
 7.72833157e-01 1.08617479e-02
 6.91561321e-01 9.85228534e-03
 7.62112033e-01 8.86678593e-03
 6.90449113e-01 7.90204388e-03
 6.29032671e-01 6.95499136e-03
 6.33336182e-01 6.02267438e-03
 6.68896432e-01 5.10223007e-03
 6.03740708e-01 4.19086512e-03
 7.20671089e-01 3.28583505e-03
 7.75108488e-01 2.38442401e-03
 7.01757035e-01 1.48392486e-03
 6.84379723e-01 5.81619212e-04
 7.29368068e-01 -3.25242736e-04
 6.79494955e-01 -1.23946302e-03
 6.61347067e-01 -2.16391751e-03
 6.38394500e-01 -3.10157878e-03
 6.93841272e-01 -4.05554035e-03
 7.21814619e-01 -5.02904302e-03
 7.42951780e-01 -6.02550340e-03
 6.97879425e-01 -7.04854529e-03
 6.92696807e-01 -8.10203454e-03
 6.17316464e-01 -9.19011783e-03
 7.70753597e-01 -1.03172664e-02
 7.34598592e-01 -1.14883251e-02
 7.88819292e-01 -1.27085691e-02
 7.68985721e-01 -1.39837674e-02
 7.15030673e-01 -1.53202568e-02
 8.48175142e-01 -1.67250270e-02
 8.30914402e-01 -1.82058189e-02
 7.91692990e-01 -1.97712399e-02
 7.54436830e-01 -2.14308981e-02
 7.77370731e-01 -2.31955596e-02
 7.87359297e-01 -2.50773359e-02
 8.83688920e-01 -2.70899039e-02
 8.91483429e-01 -2.92487693e-02
 8.02871341e-01 -3.15715818e-02
 8.33134107e-01 -3.40785136e-02
 9.01206431e-01 -3.67927176e-02
 9.53022638e-01 -3.97408841e-02
 9.54355013e-01 -4.29539217e-02
 9.23858823e-01 -4.64677944e-02
 9.33309987e-01 -5.03245582e-02
 1.02791859e+00 -5.45736521e-02
 9.58835662e-01 -5.92735187e-02
 1.08720823e+00 -6.44936535e-02
 1.17034923e+00 -7.03172165e-02
 9.99521630e-01 -7.68443900e-02
 1.08577509e+00 -8.41967366e-02
 1.07955810e+00 -9.25229088e-02
 1.16984453e+00 -1.02006213e-01
 1.17652134e+00 -1.12874744e-01
 1.28801804e+00 -1.25415135e-01
 1.41204022e+00 -1.39991467e-01
 1.41528368e+00 -1.57071657e-01
 1.43544083e+00 -1.77264891e-01
 1.55822991e+00 -2.01375658e-01
 1.70528995e+00 -2.30483296e-01
 1.69540311e+00 -2.66061622e-01
 1.88064454e+00 -3.10163192e-01
 2.08064236e+00 -3.65710698e-01
 2.14394198e+00 -4.36971551e-01
 2.46722333e+00 -5.30356450e-01
 2.61873520e+00 -6.55812457e-01
 2.93203989e+00 -8.29350249e-01
 3.29187431e+00 -1.07781980e+00
 3.62660184e+00 -1.44828054e+00
 4.15850385e+00 -2.02675244e+00
 4.73789303e+00 -2.97393400e+00
 5.16865085e+00 -4.57087003e+00
 4.87515339e+00 -7.10423842e+00
 2.19629501e+00 -9.79844437e+00
 -2.16512007e+00 -9.74995562e+00
 -4.62376508e+00 -7.03076583e+00
 -5.06602096e+00 -4.52377812e+00
 -4.52312863e+00 -2.94923615e+00
 -3.94343498e+00 -2.01464305e+00
 -3.50587010e+00 -1.44286353e+00
 -3.12403483e+00 -1.07603000e+00
 -2.66868534e+00 -8.29595513e-01
 -2.45572279e+00 -6.57238862e-01
 -2.23083545e+00 -5.32488781e-01
 -1.97600085e+00 -4.39536333e-01
 -1.85880322e+00 -3.68546178e-01
 -1.74777515e+00 -3.13171737e-01
 -1.67481511e+00 -2.69183572e-01
 -1.42074769e+00 -2.33682095e-01
 -1.45644319e+00 -2.04629137e-01
 -1.23108298e+00 -1.80560009e-01
 -1.16357789e+00 -1.60401257e-01
 -1.24055180e+00 -1.43352232e-01
 -1.07276246e+00 -1.28806276e-01
 -1.08237507e+00 -1.16297148e-01
 -1.00574018e+00 -1.05461884e-01
 -9.26024363e-01 -9.60145924e-02
 -8.88460230e-01 -8.77276736e-02
 -8.40634764e-01 -8.04181493e-02
 -8.02124860e-01 -7.39375850e-02
 -8.20102454e-01 -6.81645639e-02
 -7.73975107e-01 -6.29990021e-02
 -8.07600006e-01 -5.83578095e-02
 -6.93937427e-01 -5.41715442e-02
 -7.59631826e-01 -5.03818095e-02
 -6.76876753e-01 -4.69392105e-02
 -6.51150363e-01 -4.38017387e-02
 -7.23141174e-01 -4.09334830e-02
 -7.12857316e-01 -3.83035962e-02
 -6.85608567e-01 -3.58854592e-02
 -6.35481849e-01 -3.36560011e-02
 -6.34319423e-01 -3.15951442e-02
 -6.20223301e-01 -2.96853458e-02
 -6.18870889e-01 -2.79112210e-02
 -5.78838336e-01 -2.62592276e-02
 -4.61988008e-01 -2.47174042e-02
 -4.85432560e-01 -2.32751495e-02
 -5.00808780e-01 -2.19230370e-02
 -4.84815098e-01 -2.06526577e-02
 -5.65608686e-01 -1.94564868e-02
 -4.74069805e-01 -1.83277693e-02
 -4.85045423e-01 -1.72604228e-02
 -5.00665794e-01 -1.62489536e-02
 -4.53055731e-01 -1.52883840e-02
 -5.26791778e-01 -1.43741897e-02
 -5.08866598e-01 -1.35022453e-02
 -4.77943478e-01 -1.26687765e-02
 -4.97232761e-01 -1.18703185e-02
 -4.64904907e-01 -1.11036792e-02
 -4.26221224e-01 -1.03659067e-02
 -4.96425702e-01 -9.65426040e-03
 -3.96942089e-01 -8.96618552e-03
 -4.41395707e-01 -8.29928974e-03
 -3.98571950e-01 -7.65132247e-03
 -4.15181026e-01 -7.02015592e-03
 -4.37465777e-01 -6.40376772e-03
 -4.50151762e-01 -5.80022497e-03
 -4.54241054e-01 -5.20766925e-03
 -3.64222483e-01 -4.62430267e-03
 -3.88560259e-01 -4.04837451e-03
 -3.16049618e-01 -3.47816833e-03
 -3.59927064e-01 -2.91198951e-03
 -4.36888441e-01 -2.34815284e-03
 -4.48104004e-01 -1.78497019e-03
 -3.88955192e-01 -1.22073788e-03
 -3.77850962e-01 -6.53723794e-04
 -4.46422862e-01 -8.21538742e-05
 -4.13591612e-01 4.95802089e-04
 -4.47022926e-01 1.08204568e-03
 -3.87514089e-01 1.67856628e-03
 -4.01000433e-01 2.28745900e-03
 -4.00157339e-01 2.91094441e-03
 -3.86114602e-01 3.55139049e-03
 -3.63763626e-01 4.21133715e-03
 -4.66873754e-01 4.89352392e-03
 -4.84900120e-01 5.60092129e-03
 -4.56607170e-01 6.33676653e-03
 -4.26010691e-01 7.10460476e-03
 -4.31127556e-01 7.90833625e-03
 -4.11339940e-01 8.75227135e-03
 -4.83218410e-01 9.64119429e-03
 -3.94674326e-01 1.05804380e-02
 -4.76348237e-01 1.15759718e-02
 -5.84644699e-01 1.26345052e-02
 -5.03719806e-01 1.37636108e-02
 -4.98539929e-01 1.49718710e-02
 -4.52576053e-01 1.62690534e-02
 -4.45717987e-01 1.76663222e-02
 -5.04596114e-01 1.91764941e-02
 -4.36703685e-01 2.08143498e-02
 -4.70387763e-01 2.25970146e-02
 -4.71589140e-01 2.45444278e-02
 -3.86445888e-01 2.66799246e-02
 -5.43504592e-01 2.90309613e-02
 -5.64640341e-01 3.16300277e-02
 -4.81227816e-01 3.45158018e-02
 -5.99209749e-01 3.77346253e-02
 -5.34321267e-01 4.13424023e-02
 -6.15059684e-01 4.54070699e-02
 -6.33677733e-01 5.00118406e-02
 -6.90861159e-01 5.52595078e-02
 -5.98266295e-01 6.12782276e-02
 -7.72242382e-01 6.82293816e-02
 -7.21072889e-01 7.63184202e-02
 -8.10444159e-01 8.58100357e-02
 -8.10990185e-01 9.70497486e-02
 -8.41576505e-01 1.10495166e-01
 -8.76544766e-01 1.26762148e-01
 -1.03073751e+00 1.46694474e-01
 -1.03301528e+00 1.71471523e-01
 -1.16937919e+00 2.02779153e-01
 -1.23924319e+00 2.43088905e-01
 -1.34082843e+00 2.96129079e-01
 -1.42343221e+00 3.67707698e-01
 -1.59932132e+00 4.67203841e-01
 -1.69406299e+00 6.10367863e-01
 -1.98597714e+00 8.24717770e-01
 -2.22845028e+00 1.15984572e+00
 -2.34617193e+00 1.70447529e+00
 -2.62202858e+00 2.59351263e+00
 -2.12648181e+00 3.86876453e+00
 -5.77375944e-01 4.87462797e+00
 1.39536017e+00 4.43635771e+00
 2.18302742e+00 3.13271068e+00
 2.26749262e+00 2.05521378e+00
 2.03769920e+00 1.37443886e+00
 1.87000443e+00 9.59337702e-01
 1.65202759e+00 6.98690012e-01
 1.43278267e+00 5.27855164e-01
 1.30285778e+00 4.11121687e-01
 1.19722346e+00 3.28364645e-01
 9.21900784e-01 2.67809336e-01
 9.11022073e-01 2.22286392e-01
 8.45435352e-01 1.87263703e-01
 7.91369817e-01 1.59777648e-01
 7.67845579e-01 1.37831018e-01
 6.99376805e-01 1.20041495e-01
 5.84403998e-01 1.05429451e-01
 5.51872809e-01 9.32858952e-02
 5.44044672e-01 8.30879907e-02
 4.32612585e-01 7.44436427e-02
 4.33027936e-01 6.70543226e-02
 3.85249372e-01 6.06896103e-02
 4.98548040e-01 5.51694344e-02
 3.72561333e-01 5.03514700e-02
 4.03834577e-01 4.61220564e-02
 3.72552906e-01 4.23895588e-02
 4.06351130e-01 3.90794518e-02
 3.90662384e-01 3.61306332e-02
 3.62768404e-01 3.34926310e-02
 2.65964218e-01 3.11234635e-02
 3.20394264e-01 2.89879849e-02
 2.97737175e-01 2.70565944e-02
 2.95449820e-01 2.53042202e-02
 2.86615855e-01 2.37095146e-02
 2.77179206e-01 2.22542098e-02
 3.21796044e-01 2.09226013e-02
 2.14921272e-01 1.97011280e-02
 2.05640464e-01 1.85780314e-02
 2.00127356e-01 1.75430759e-02
 2.60727603e-01 1.65873184e-02
 2.06984664e-01 1.57029173e-02
 1.96436934e-01 1.48829742e-02
 2.67030587e-01 1.41214009e-02
 1.87733283e-01 1.34128080e-02
 1.39867109e-01 1.27524109e-02
 1.19361959e-01 1.21359504e-02
 2.55591587e-01 1.15596247e-02
 1.37964895e-01 1.10200322e-02
 2.24744750e-01 1.05141218e-02
 2.11641965e-01 1.00391502e-02
 2.17727639e-01 9.59264593e-03
 1.22418735e-01 9.17237746e-03
 1.49602505e-01 8.77632567e-03
 2.16480079e-01 8.40266024e-03
 1.97467504e-01 8.04971877e-03
 9.73394661e-02 7.71598867e-03
 1.88185072e-01 7.40009123e-03
 1.46144633e-01 7.10076768e-03
 1.32429833e-01 6.81686684e-03
 1.23710378e-01 6.54733430e-03
 2.51450832e-01 6.29120279e-03
 1.28009621e-01 6.04758370e-03
 1.63283838e-01 5.81565949e-03
 1.03827148e-01 5.59467696e-03
 1.55132614e-01 5.38394129e-03
 8.47808346e-02 5.18281064e-03
 1.59000212e-01 4.99069141e-03
 1.19193242e-01 4.80703386e-03
 1.38381410e-01 4.63132834e-03
 8.40841835e-02 4.46310175e-03
 1.70949968e-01 4.30191448e-03
 2.10977316e-01 4.14735752e-03
 1.03259323e-01 3.99904996e-03
 7.37347882e-02 3.85663668e-03
 1.22993042e-01 3.71978622e-03
 5.01417376e-02 3.58818896e-03
 1.96352478e-01 3.46155530e-03
 8.79569482e-02 3.33961417e-03
 1.10914315e-01 3.22211159e-03
 1.29433226e-01 3.10880933e-03
 1.34842569e-01 2.99948375e-03
 1.19697486e-01 2.89392469e-03
 5.96638069e-02 2.79193452e-03
 1.20099515e-01 2.69332718e-03
 1.34113998e-01 2.59792734e-03
 9.99252794e-02 2.50556968e-03
 8.17325994e-02 2.41609813e-03
 7.72955954e-02 2.32936524e-03
 9.76905819e-02 2.24523159e-03
 1.58838661e-01 2.16356521e-03
 3.87835467e-02 2.08424109e-03
 1.23976229e-01 2.00714071e-03
 1.75134402e-01 1.93215156e-03
 5.37497806e-02 1.85916680e-03
 1.10278646e-01 1.78808482e-03
 1.07556064e-01 1.71880894e-03
 1.54136998e-01 1.65124704e-03
 1.58731931e-01 1.58531131e-03
 5.53408228e-02 1.52091793e-03
 9.84503886e-02 1.45798679e-03
 9.23595437e-02 1.39644132e-03
 8.24122486e-02 1.33620817e-03
 1.18053244e-01 1.27721705e-03
 7.87748606e-02 1.21940054e-03
 2.25460966e-01 1.16269384e-03
 4.71137176e-02 1.10703465e-03
 1.07033861e-01 1.05236300e-03
 1.58775049e-01 9.98621048e-04
 1.33733726e-01 9.45752973e-04
 9.41511843e-02 8.93704824e-04
 5.39468698e-02 8.42424385e-04
 8.98505922e-02 7.91861048e-04
 1.12260851e-01 7.41965699e-04
 3.77271568e-02 6.92690600e-04
 1.02050223e-01 6.43989282e-04
 1.21110960e-01 5.95816441e-04
 5.36219646e-02 5.48127842e-04
 1.17520867e-01 5.00880217e-04
 5.05309279e-02 4.54031180e-04
 6.68072176e-02 4.07539137e-04
 1.59297229e-01 3.61363197e-04
 1.48803706e-01 3.15463094e-04
 1.55168398e-01 2.69799104e-04
 1.96988255e-01 2.24331963e-04
 1.19003507e-01 1.79022799e-04
 1.18268619e-01 1.33833045e-04
 4.74210843e-02 8.87243728e-05
 1.05138125e-01 4.36586169e-05
 5.88488320e-02 -1.40230018e-06
 1.44879325e-01 -4.64964393e-05
 3.53594193e-02 -9.16619174e-05
 1.04701116e-01 -1.36936981e-04
 1.16263884e-01 -1.82360078e-04
 4.34484469e-02 -2.27969933e-04
 2.01318824e-01 -2.73805624e-04
 9.76198561e-02 -3.19906652e-04
 6.35854445e-02 -3.66313027e-04
 7.43152733e-02 -4.13065339e-04
 7.80566970e-02 -4.60204847e-04
 7.52609080e-02 -5.07773556e-04
 1.36030371e-01 -5.55814308e-04
 1.32866790e-01 -6.04370868e-04
 1.28491471e-01 -6.53488019e-04
 1.40104526e-01 -7.03211655e-04
 1.09990612e-01 -7.53588885e-04
 1.13240519e-01 -8.04668136e-04
 1.48388176e-01 -8.56499260e-04
 7.76333529e-02 -9.09133655e-04
 9.34435462e-02 -9.62624379e-04
 5.03068149e-02 -1.01702628e-03
 4.20507166e-02 -1.07239614e-03
 8.90542174e-02 -1.12879278e-03
 1.04061988e-01 -1.18627728e-03
 1.41553589e-01 -1.24491306e-03
 8.49193848e-02 -1.30476609e-03
 1.05027402e-01 -1.36590507e-03
 4.70941076e-02 -1.42840162e-03
 1.17817513e-01 -1.49233046e-03
 6.74392726e-02 -1.55776966e-03
 1.06048623e-01 -1.62480084e-03
 1.31356801e-01 -1.69350944e-03
 1.19709842e-01 -1.76398499e-03
 8.94218163e-02 -1.83632136e-03
 2.83388421e-02 -1.91061711e-03
 7.54637002e-02 -1.98697577e-03
 1.12984378e-01 -2.06550625e-03
 2.03510814e-01 -2.14632315e-03
 6.01742368e-02 -2.22954723e-03
 1.54644433e-01 -2.31530583e-03
 9.27982502e-02 -2.40373330e-03
 1.39126571e-01 -2.49497161e-03
 9.59803266e-02 -2.58917081e-03
 1.40242194e-01 -2.68648970e-03
 5.79453019e-02 -2.78709642e-03
 8.88697970e-02 -2.89116924e-03
 2.48591807e-01 -2.99889725e-03
 4.25983929e-03 -3.11048125e-03
 1.34923360e-01 -3.22613463e-03
 1.44570291e-01 -3.34608439e-03
 1.45958950e-01 -3.47057221e-03
 1.39531685e-01 -3.59985564e-03
 7.36156338e-02 -3.73420937e-03
 4.55764613e-02 -3.87392670e-03
 8.46552977e-02 -4.01932105e-03
 3.22588019e-02 -4.17072770e-03
 1.23076513e-01 -4.32850566e-03
 1.65656198e-01 -4.49303970e-03
 7.48483480e-02 -4.66474271e-03
 8.58578653e-02 -4.84405813e-03
 2.07791566e-01 -5.03146277e-03
 9.61364683e-02 -5.22746990e-03
 1.61606987e-01 -5.43263264e-03
 1.45001433e-01 -5.64754774e-03
 1.24890686e-01 -5.87285983e-03
 2.11292818e-01 -6.10926606e-03
 1.70233621e-01 -6.35752138e-03
 1.22485648e-01 -6.61844436e-03
 2.41361860e-01 -6.89292377e-03
 2.14563446e-01 -7.18192589e-03
 1.67432494e-01 -7.48650282e-03
 1.18637240e-01 -7.80780175e-03
 1.37687901e-01 -8.14707545e-03
 1.37184448e-01 -8.50569415e-03
 1.10765142e-01 -8.88515902e-03
 1.71194817e-01 -9.28711740e-03
 2.10904063e-01 -9.71338024e-03
 1.14450933e-01 -1.01659419e-02
 2.56441690e-01 -1.06470030e-02
 1.33856186e-01 -1.11589963e-02
 1.89626434e-01 -1.17046168e-02
 2.09049626e-01 -1.22868563e-02
 1.50661566e-01 -1.29090434e-02
 2.36608627e-01 -1.35748901e-02
 2.01700888e-01 -1.42885454e-02
 2.33292629e-01 -1.50546591e-02
 2.44759862e-01 -1.58784556e-02
 1.75798478e-01 -1.67658208e-02
 2.98562991e-01 -1.77234055e-02
 2.82607246e-01 -1.87587468e-02
 3.33157732e-01 -1.98804143e-02
 2.59968472e-01 -2.10981832e-02
 3.31717664e-01 -2.24232437e-02
 2.54669501e-01 -2.38684533e-02
 3.30487281e-01 -2.54486429e-02
 2.87244711e-01 -2.71809910e-02
 3.11221597e-01 -2.90854821e-02
 3.82828694e-01 -3.11854743e-02
 3.18794781e-01 -3.35084031e-02
 3.69284757e-01 -3.60866639e-02
 3.76418319e-01 -3.89587235e-02
 4.04089633e-01 -4.21705330e-02
 4.71081134e-01 -4.57773382e-02
 2.65250203e-01 -4.98460188e-02
 4.89349403e-01 -5.44581423e-02
 4.64483012e-01 -5.97139900e-02
 5.01220190e-01 -6.57379234e-02
 5.35192150e-01 -7.26856242e-02
 5.02609142e-01 -8.07539868e-02
 5.85249782e-01 -9.01948276e-02
 5.52786854e-01 -1.01334171e-01
 6.45104658e-01 -1.14599839e-01
 7.43157769e-01 -1.30561630e-01
 7.05405759e-01 -1.49991025e-01
 8.51632382e-01 -1.73951816e-01
 8.31592323e-01 -2.03941044e-01
 9.53595696e-01 -2.42113875e-01
 1.08471616e+00 -2.91652716e-01
 1.06176850e+00 -3.57391458e-01
 1.30983523e+00 -4.46904096e-01
 1.46219139e+00 -5.72457614e-01
 1.66080934e+00 -7.54579315e-01
 1.77763604e+00 -1.02848040e+00
 2.06146698e+00 -1.45425214e+00
 2.17790175e+00 -2.12369829e+00
 2.00236547e+00 -3.10820871e+00
 1.06468324e+00 -4.16722191e+00
 -5.08019024e-01 -4.43578111e+00
 -1.82010794e+00 -3.59628446e+00
 -2.40613795e+00 -2.51351753e+00
 -2.27631225e+00 -1.70973410e+00
 -2.02868560e+00 -1.19137073e+00
 -1.89713970e+00 -8.60884280e-01
 -1.65745340e+00 -6.44337456e-01
 -1.50947358e+00 -4.97248381e-01
 -1.41627305e+00 -3.93772961e-01
 -1.28649086e+00 -3.18652136e-01
 -1.14713985e+00 -2.62596426e-01
 -1.07867927e+00 -2.19758556e-01
 -1.04359318e+00 -1.86337942e-01
 -9.28062636e-01 -1.59790391e-01
 -9.52588201e-01 -1.38366859e-01
 -8.56783817e-01 -1.20835924e-01
 -7.96017156e-01 -1.06311889e-01
 -8.89762080e-01 -9.41454116e-02
 -6.75414686e-01 -8.38521645e-02
 -7.06243288e-01 -7.50652517e-02
 -6.46575735e-01 -6.75028010e-02
 -6.95578237e-01 -6.09454771e-02
 -6.04032165e-01 -5.52206067e-02
 -6.08774486e-01 -5.01907937e-02
 -6.36136715e-01 -4.57456348e-02
 -5.87941312e-01 -4.17956115e-02
 -5.55370553e-01 -3.82675294e-02
 -5.03384150e-01 -3.51010752e-02
 -4.60541686e-01 -3.22461890e-02
 -5.08871092e-01 -2.96610395e-02
 -5.03681643e-01 -2.73104492e-02
 -4.81133749e-01 -2.51646587e-02
 -3.96317209e-01 -2.31983500e-02
 -4.52847640e-01 -2.13898685e-02
 -4.17882192e-01 -1.97205978e-02
 -4.62451122e-01 -1.81744558e-02
 -4.54984924e-01 -1.67374841e-02
 -4.56134744e-01 -1.53975129e-02
 -4.28141322e-01 -1.41438849e-02
 -3.86241378e-01 -1.29672271e-02
 -4.71064380e-01 -1.18592611e-02
 -4.28082022e-01 -1.08126447e-02
 -3.87544962e-01 -9.82083843e-03
 -5.19212384e-01 -8.87799342e-03
 -4.08253379e-01 -7.97885618e-03
 -4.51258572e-01 -7.11868738e-03
 -4.02570283e-01 -6.29319249e-03
 -4.37942610e-01 -5.49846209e-03
 -3.79460419e-01 -4.73092027e-03
 -3.86878481e-01 -3.98727987e-03
 -3.79781610e-01 -3.26450341e-03
 -4.22913622e-01 -2.55976874e-03
 -4.88135524e-01 -1.87043872e-03
 -4.16712075e-01 -1.19403431e-03
 -4.83038696e-01 -5.28210374e-04
 -4.03887902e-01 1.29266061e-04
 -4.33789867e-01 7.80535694e-04
 -4.24872589e-01 1.42766518e-03
 -4.80776551e-01 2.07266408e-03
 -4.64052806e-01 2.71750084e-03
 -4.17139063e-01 3.36411790e-03
 -3.80046750e-01 4.01444636e-03
 -4.35400336e-01 4.67042022e-03
 -3.95239435e-01 5.33399052e-03
 -3.97065665e-01 6.00713957e-03
 -4.22596193e-01 6.69189529e-03
 -4.46241222e-01 7.39034619e-03
 -4.39631912e-01 8.10465681e-03
 -4.91725500e-01 8.83708414e-03
 -4.11708693e-01 9.58999504e-03
 -4.65280012e-01 1.03658851e-02
 -4.24577160e-01 1.11673990e-02
 -4.21207271e-01 1.19973531e-02
 -4.58479062e-01 1.28587596e-02
 -5.14738386e-01 1.37548545e-02
 -5.10514782e-01 1.46891277e-02
 -5.14949217e-01 1.56653574e-02
 -4.40151607e-01 1.66876488e-02
 -4.79128261e-01 1.77604778e-02
 -5.19131251e-01 1.88887402e-02
 -4.48715035e-01 2.00778094e-02
 -5.05282318e-01 2.13336002e-02
 -5.67824537e-01 2.26626448e-02
 -5.44573269e-01 2.40721781e-02
 -5.19952658e-01 2.55702380e-02
 -5.32949071e-01 2.71657822e-02
 -4.79390687e-01 2.88688231e-02
 -6.19534524e-01 3.06905875e-02
 -5.82653061e-01 3.26437035e-02
 -5.72986213e-01 3.47424216e-02
 -5.61990201e-01 3.70028771e-02
 -6.01129529e-01 3.94434023e-02
 -7.17095114e-01 4.20849005e-02
 -6.78806781e-01 4.49512958e-02
 -6.46508002e-01 4.80700765e-02
 -7.04072524e-01 5.14729558e-02
 -5.54397070e-01 5.51966779e-02
 -7.23008882e-01 5.92840104e-02
 -8.07032032e-01 6.37849694e-02
 -7.67415177e-01 6.87583460e-02
 -8.70872987e-01 7.42736183e-02
 -8.55852030e-01 8.04133661e-02
 -8.71229578e-01 8.72763434e-02
 -8.78352493e-01 9.49814214e-02
 -8.63146547e-01 1.03672694e-01
 -1.00802499e+00 1.13526154e-01
 -1.09831915e+00 1.24758506e-01
 -9.87142233e-01 1.37638950e-01
 -1.20582157e+00 1.52505099e-01
 -1.12942086e+00 1.69784786e-01
 -1.30751452e+00 1.90026349e-01
 -1.20157945e+00 2.13941354e-01
 -1.40772508e+00 2.42465850e-01
 -1.47678536e+00 2.76849835e-01
 -1.55746557e+00 3.18790530e-01
 -1.73053884e+00 3.70635249e-01
 -1.82644751e+00 4.35697604e-01
 -1.93851834e+00 5.18763093e-01
 -2.15669819e+00 6.26919844e-01
 -2.37866230e+00 7.70962837e-01
 -2.67905297e+00 9.67833439e-01
 -2.96871755e+00 1.24495140e+00
 -3.30766526e+00 1.64793990e+00
 -3.64375535e+00 2.25373448e+00
 -4.02226085e+00 3.18775629e+00
 -4.20177722e+00 4.61641610e+00
 -3.53147457e+00 6.56505647e+00
 -1.46515299e+00 8.28452927e+00
 1.79510697e+00 8.21635881e+00
 3.75017865e+00 6.43918626e+00
 4.44596083e+00 4.51482926e+00
 4.27239727e+00 3.12165077e+00
 3.86130536e+00 2.21262527e+00
 3.43317355e+00 1.62215364e+00
 3.08408339e+00 1.22838361e+00
 2.83791129e+00 9.56898411e-01
 2.55894190e+00 7.63552083e-01
 2.26702969e+00 6.21764614e-01
 2.21836452e+00 5.15077505e-01
 1.94780880e+00 4.32980473e-01
 1.89281029e+00 3.68558091e-01
 1.77468553e+00 3.17132616e-01
 1.60396011e+00 2.75459458e-01
 1.52870405e+00 2.41236587e-01
 1.49001885e+00 2.12797148e-01
 1.40087847e+00 1.88911893e-01
 1.32324847e+00 1.68659202e-01
 1.22396033e+00 1.51337696e-01
 1.28560521e+00 1.36406314e-01
 1.30207585e+00 1.23442490e-01
 1.13259388e+00 1.12112449e-01
 1.09526236e+00 1.02149815e-01
 1.02505370e+00 9.33399602e-02
 1.03672017e+00 8.55084323e-02
 9.41901218e-01 7.85122715e-02
 9.84983167e-01 7.22334380e-02
 9.90523992e-01 6.65737791e-02
 9.59121486e-01 6.14511390e-02
 1.00897001e+00 5.67963264e-02
 8.75859618e-01 5.25507289e-02
 9.14937029e-01 4.86644229e-02
 8.76368813e-01 4.50946639e-02
 7.75425204e-01 4.18046736e-02
 7.63254970e-01 3.87626574e-02
 7.71615362e-01 3.59410048e-02
 8.34291241e-01 3.33156344e-02
 8.17011392e-01 3.08654545e-02
 7.50382903e-01 2.85719158e-02
 8.13469437e-01 2.64186398e-02
 8.14479120e-01 2.43911078e-02
 7.12656379e-01 2.24763988e-02
 7.73581650e-01 2.06629695e-02
 8.22119067e-01 1.89404664e-02
 6.71560841e-01 1.72995662e-02
 6.96965619e-01 1.57318399e-02
 7.09500067e-01 1.42296346e-02
 7.90315845e-01 1.27859728e-02
 8.64043426e-01 1.13944641e-02
 6.68687349e-01 1.00492287e-02
 6.70764479e-01 8.74482999e-03
 6.86761672e-01 7.47621589e-03
 7.83180583e-01 6.23866598e-03
 6.90257294e-01 5.02774494e-03
 7.05337224e-01 3.83926053e-03
 7.06077248e-01 2.66922559e-03
 7.18752008e-01 1.51382336e-03
 7.86626633e-01 3.69375552e-04
 6.88137979e-01 -7.67687443e-04
 5.38990855e-01 -1.90085452e-03
 6.70556505e-01 -3.03356052e-03
 7.85325043e-01 -4.16921202e-03
 6.48044342e-01 -5.31121242e-03
 7.66024858e-01 -6.46298691e-03
 6.83612936e-01 -7.62800748e-03
 6.76697627e-01 -8.80981847e-03
 7.49426940e-01 -1.00120628e-02
 7.20849750e-01 -1.12385094e-02
 6.97693906e-01 -1.24930825e-02
 6.09813642e-01 -1.37798920e-02
 6.63103111e-01 -1.51032676e-02
 6.98888598e-01 -1.64677946e-02
 6.70999970e-01 -1.78783541e-02
 7.26084567e-01 -1.93401667e-02
 8.01764941e-01 -2.08588419e-02
 7.59578870e-01 -2.24404325e-02
 8.36250037e-01 -2.40914963e-02
 7.65724212e-01 -2.58191661e-02
 7.23519342e-01 -2.76312281e-02
 7.41450504e-01 -2.95362125e-02
 7.61470216e-01 -3.15434967e-02
 8.02855359e-01 -3.36634241e-02
 9.01959649e-01 -3.59074408e-02
 8.18199887e-01 -3.82882546e-02
 8.06942397e-01 -4.08200199e-02
 9.01937582e-01 -4.35185529e-02
 8.78234250e-01 -4.64015846e-02
 9.30799877e-01 -4.94890588e-02
 9.72982609e-01 -5.28034830e-02
 9.12803648e-01 -5.63703470e-02
 9.93534513e-01 -6.02186199e-02
 9.58991328e-01 -6.43813469e-02
 9.78148764e-01 -6.88963668e-02
 1.09968875e+00 -7.38071807e-02
 1.15713078e+00 -7.91640082e-02
 1.15901487e+00 -8.50250788e-02
 1.16024672e+00 -9.14582215e-02
 1.12435025e+00 -9.85428321e-02
 1.24154649e+00 -1.06372325e-01
 1.19869107e+00 -1.15057212e-01
 1.31039625e+00 -1.24728989e-01
 1.33709339e+00 -1.35545099e-01
 1.36319931e+00 -1.47695304e-01
 1.43923743e+00 -1.61409950e-01
 1.50038815e+00 -1.76970794e-01
 1.55314160e+00 -1.94725335e-01
 1.58623484e+00 -2.15105984e-01
 1.66744195e+00 -2.38656048e-01
 1.82262764e+00 -2.66065380e-01
 1.92098355e+00 -2.98220023e-01
 2.06608883e+00 -3.36272378e-01
 2.18848552e+00 -3.81742097e-01
 2.18555194e+00 -4.36663773e-01
 2.41077410e+00 -5.03807509e-01
 2.54033241e+00 -5.87015449e-01
 2.78280249e+00 -6.91727382e-01
 2.92657191e+00 -8.25822305e-01
 3.32404889e+00 -1.00100156e+00
 3.66384240e+00 -1.23512210e+00
 4.02536611e+00 -1.55622506e+00
 4.48140075e+00 -2.00958469e+00
 5.01988651e+00 -2.66985752e+00
 5.52761169e+00 -3.65994636e+00
 6.00660631e+00 -5.16775837e+00
 5.88986546e+00 -7.39212748e+00
 4.44435006e+00 -1.01567567e+01
 8.45718376e-01 -1.20512197e+01
 -3.24093353e+00 -1.12598956e+01
 -5.66219734e+00 -8.62505798e+00
 -6.13070643e+00 -6.08321879e+00
 -5.88042253e+00 -4.27003232e+00
 -5.37947488e+00 -3.07291671e+00
 -4.89172502e+00 -2.28212281e+00
 -4.33764415e+00 -1.74636593e+00
 -3.96029710e+00 -1.37197188e+00
 -3.57836821e+00 -1.10232682e+00
 -3.29561599e+00 -9.02737665e-01
 -3.01263228e+00 -7.51387985e-01
 -2.79647486e+00 -6.34160374e-01
 -2.67445625e+00 -5.41660493e-01
 -2.50299605e+00 -4.67472010e-01
 -2.29514431e+00 -4.07107136e-01
 -2.22869572e+00 -3.57358673e-01
 -2.20036694e+00 -3.15889618e-01
 -1.95351937e+00 -2.80966908e-01
 -2.00607517e+00 -2.51284775e-01
 -1.80202044e+00 -2.25845126e-01
 -1.71307152e+00 -2.03874986e-01
 -1.69878246e+00 -1.84768524e-01
 -1.57765178e+00 -1.68045683e-01
 -1.64458198e+00 -1.53322231e-01
 -1.48874649e+00 -1.40287765e-01
 -1.47392713e+00 -1.28689374e-01
 -1.46392250e+00 -1.18319346e-01
 -1.36622265e+00 -1.09005830e-01
 -1.33688063e+00 -1.00605658e-01
 -1.29334274e+00 -9.29987942e-02
 -1.27569800e+00 -8.60839808e-02
 -1.27474058e+00 -7.97753180e-02
 -1.17866813e+00 -7.39995414e-02
 -1.18530793e+00 -6.86938447e-02
 -1.23339525e+00 -6.38041263e-02
 -1.15596257e+00 -5.92835677e-02
 -1.16778852e+00 -5.50914734e-02
 -1.19096373e+00 -5.11923197e-02
 -1.03747868e+00 -4.75549698e-02
 -1.10697188e+00 -4.41520228e-02
 -1.03596914e+00 -4.09592711e-02
 -1.12229415e+00 -3.79552462e-02
 -1.07651262e+00 -3.51208364e-02
 -1.02591150e+00 -3.24389635e-02
 -1.01375233e+00 -2.98943088e-02
 -1.02106461e+00 -2.74730786e-02
 -1.00978373e+00 -2.51628043e-02
 -1.02500677e+00 -2.29521701e-02
 -9.20223807e-01 -2.08308637e-02
 -1.08283534e+00 -1.87894475e-02
 -9.68635508e-01 -1.68192458e-02
 -9.73980185e-01 -1.49122460e-02
 -9.78165143e-01 -1.30610118e-02
 -8.91470300e-01 -1.12586062e-02
 -9.49152072e-01 -9.49852258e-03
 -9.70780934e-01 -7.77462358e-03
 -9.34004722e-01 -6.08108503e-03
 -1.03494359e+00 -4.41234543e-03
 -9.40419486e-01 -2.76305919e-03
 -9.57519061e-01 -1.12805341e-03
 -9.09086881e-01 4.97712867e-04
 -9.28749211e-01 2.11918726e-03
 -1.04245778e+00 3.74126117e-03
 -1.02742015e+00 5.36880602e-03
 -9.18973402e-01 7.00670893e-03
 -1.02058362e+00 8.65990849e-03
 -9.94872474e-01 1.03334311e-02
 -9.89299515e-01 1.20324281e-02
 -9.67281473e-01 1.37622148e-02
 -9.64231453e-01 1.55283112e-02
 -9.10837698e-01 1.73364857e-02
 -1.06019294e+00 1.91928018e-02
 -9.71046644e-01 2.11036691e-02
 -1.03517075e+00 2.30758992e-02
 -8.92496077e-01 2.51167667e-02
 -1.06747700e+00 2.72340783e-02
 -9.92815194e-01 2.94362484e-02
 -1.12392935e+00 3.17323856e-02
 -1.06503836e+00 3.41323894e-02
 -1.08882494e+00 3.66470603e-02
 -1.22166599e+00 3.92882258e-02
 -1.01979852e+00 4.20688839e-02
 -1.13712205e+00 4.50033688e-02
 -1.17206992e+00 4.81075419e-02
 -1.09233954e+00 5.13990136e-02
 -1.18327456e+00 5.48974004e-02
 -1.19420756e+00 5.86246270e-02
 -1.22836166e+00 6.26052788e-02
 -1.17065180e+00 6.68670186e-02
 -1.29220165e+00 7.14410788e-02
 -1.33144571e+00 7.63628460e-02
 -1.24821100e+00 8.16725590e-02
 -1.25820637e+00 8.74161457e-02
 -1.30909758e+00 9.36462307e-02
 -1.42415244e+00 1.00423356e-01
 -1.42927961e+00 1.07817469e-01
 -1.51230158e+00 1.15909738e-01
 -1.51651924e+00 1.24794797e-01
 -1.46480285e+00 1.34583525e-01
 -1.55640568e+00 1.45406509e-01
 -1.68825584e+00 1.57418401e-01
 -1.68379173e+00 1.70803437e-01
 -1.73195012e+00 1.85782474e-01
 -1.92615200e+00 2.02622054e-01
 -1.91355608e+00 2.21646181e-01
 -1.95462241e+00 2.43251765e-01
 -2.11078449e+00 2.67929107e-01
 -2.18039260e+00 2.96289363e-01
 -2.29375938e+00 3.29101827e-01
 -2.37645815e+00 3.67345207e-01
 -2.49907204e+00 4.12279178e-01
 -2.59926024e+00 4.65545754e-01
 -2.85878900e+00 5.29315376e-01
 -2.98772639e+00 6.06501267e-01
 -3.24260235e+00 7.01080272e-01
 -3.42905188e+00 8.18583368e-01
 -3.77580983e+00 9.66862960e-01
 -4.03264895e+00 1.15732235e+00
 -4.43603726e+00 1.40693478e+00
 -4.84366589e+00 1.74163710e+00
 -5.36855141e+00 2.20213583e+00
 -5.90278633e+00 2.85385950e+00
 -6.56669742e+00 3.80330650e+00
 -7.27073745e+00 5.22011156e+00
 -7.59966268e+00 7.34115545e+00
 -7.03130979e+00 1.03299714e+01
 -4.64324956e+00 1.36481989e+01
 1.82281992e-01 1.52508170e+01
 4.89066318e+00 1.35711165e+01
 7.26379784e+00 1.02443820e+01
 7.72259661e+00 7.27943476e+00
 7.34171554e+00 5.18135192e+00
 6.65232413e+00 3.77996993e+00
 6.09528078e+00 2.84001230e+00
 5.47463036e+00 2.19404365e+00
 4.91276870e+00 1.73706094e+00
 4.58200932e+00 1.40453006e+00
 4.16401896e+00 1.15626692e+00
 3.91744812e+00 9.66642599e-01
 3.56522730e+00 8.18869023e-01
 3.31660720e+00 7.01656891e-01
 3.16418552e+00 6.07225616e-01
 2.96993568e+00 5.30090461e-01
 2.82151852e+00 4.66304942e-01
 2.74943548e+00 4.12976115e-01
 2.58194944e+00 3.67947297e-01
 2.39140678e+00 3.29585916e-01
 2.29690973e+00 2.96638854e-01
 2.23344700e+00 2.68131982e-01
 2.14187069e+00 2.43299222e-01
 2.03284656e+00 2.21531680e-01
 1.96917880e+00 2.02340637e-01
 1.92711665e+00 1.85330279e-01
 1.81052657e+00 1.70177349e-01
 1.73698593e+00 1.56615793e-01
 1.80754316e+00 1.44425054e-01
 1.65540159e+00 1.33421054e-01
 1.75079342e+00 1.23449193e-01
 1.56741720e+00 1.14378855e-01
 1.62792383e+00 1.06099073e-01
 1.63035023e+00 9.85150729e-02
 1.54505686e+00 9.15455081e-02
 1.58128122e+00 8.51202236e-02
 1.38331831e+00 7.91784423e-02
 1.46184670e+00 7.36672823e-02
 1.38165122e+00 6.85405385e-02
 1.33589419e+00 6.37576765e-02
 1.39153679e+00 5.92829968e-02
 1.41865257e+00 5.50849370e-02
 1.30674286e+00 5.11354874e-02
 1.39742685e+00 4.74096981e-02
 1.31531072e+00 4.38852620e-02
 1.25154924e+00 4.05421608e-02
 1.33394864e+00 3.73623624e-02
 1.24113153e+00 3.43295614e-02
 1.30052884e+00 3.14289566e-02
 1.19692143e+00 2.86470574e-02
 1.27013896e+00 2.59715166e-02
 1.23648175e+00 2.33909841e-02
 1.26668286e+00 2.08949787e-02
 1.23277898e+00 1.84737753e-02
 1.23022469e+00 1.61183044e-02
 1.24069595e+00 1.38200634e-02
 1.26750112e+00 1.15710363e-02
 1.22837654e+00 9.36362094e-03
 1.24800319e+00 7.19056365e-03
 1.17315001e+00 5.04489815e-03
 1.28567503e+00 2.91988941e-03
 1.14484130e+00 8.08980752e-04
 1.08541752e+00 -1.29425632e-03
 1.30354305e+00 -3.39617031e-03
 1.20646545e+00 -5.50307668e-03
 1.18137980e+00 -7.62130418e-03
 1.26030347e+00 -9.75724109e-03
 1.20351738e+00 -1.19173823e-02
 1.16773831e+00 -1.41083773e-02
 1.23655272e+00 -1.63370807e-02
 1.20948860e+00 -1.86106046e-02
 1.31161014e+00 -2.09363753e-02
 1.23365815e+00 -2.33221933e-02
 1.30529289e+00 -2.57762994e-02
 1.23688857e+00 -2.83074463e-02
 1.34211539e+00 -3.09249781e-02
 1.33852974e+00 -3.36389184e-02
 1.21761103e+00 -3.64600687e-02
 1.27629214e+00 -3.94001195e-02
 1.39354648e+00 -4.24717752e-02
 1.30275530e+00 -4.56888966e-02
 1.37583436e+00 -4.90666630e-02
 1.33738230e+00 -5.26217582e-02
 1.33809057e+00 -5.63725845e-02
 1.44706413e+00 -6.03395097e-02
 1.41534219e+00 -6.45451540e-02
 1.41496913e+00 -6.90147238e-02
 1.46125977e+00 -7.37764019e-02
 1.44233378e+00 -7.88618059e-02
 1.59838608e+00 -8.43065283e-02
 1.54538597e+00 -9.01507758e-02
 1.61902945e+00 -9.64401296e-02
 1.65940967e+00 -1.03226453e-01
 1.66340383e+00 -1.10568982e-01
 1.76130266e+00 -1.18535638e-01
 1.77256752e+00 -1.27204621e-01
 1.72060290e+00 -1.36666349e-01
 1.79932365e+00 -1.47025841e-01
 1.87627732e+00 -1.58405649e-01
 1.94829831e+00 -1.70949496e-01
 2.03967496e+00 -1.84826829e-01
 2.01948103e+00 -2.00238543e-01
 2.23405594e+00 -2.17424236e-01
 2.18696730e+00 -2.36671489e-01
 2.28029875e+00 -2.58327823e-01
 2.39977035e+00 -2.82816271e-01
 2.41084719e+00 -3.10655829e-01
 2.51524735e+00 -3.42488628e-01
 2.67383763e+00 -3.79116433e-01
 2.79722656e+00 -4.21550299e-01
 2.85107822e+00 -4.71078990e-01
 3.04842811e+00 -5.29364659e-01
 3.32430131e+00 -5.98578710e-01
 3.46200879e+00 -6.81597992e-01
 3.71859497e+00 -7.82293321e-01
 3.95895837e+00 -9.05962155e-01
 4.22528509e+00 -1.05999123e+00
 4.52991738e+00 -1.25489417e+00
 5.04595155e+00 -1.50597416e+00
 5.51577171e+00 -1.83604897e+00
 5.97176943e+00 -2.28000561e+00
 6.56466305e+00 -2.89249387e+00
 7.26466590e+00 -3.76074729e+00
 7.97696504e+00 -5.02424059e+00
 8.65840023e+00 -6.89543261e+00
 8.89423398e+00 -9.63430025e+00
 7.77001595e+00 -1.32813994e+01
 4.16592518e+00 -1.68144573e+01
 -1.52601499e+00 -1.77601615e+01
 -6.50128691e+00 -1.52022205e+01
 -8.70188805e+00 -1.13769163e+01
 -9.01623067e+00 -8.15154656e+00
 -8.49145683e+00 -5.87715091e+00
