 NaN NaN
 7.57439257e+01 4.66173665e+00
 3.87290477e+01 1.72014423e+00
 2.60740399e+01 9.53855894e-01
 1.96905661e+01 6.26385201e-01
 1.57519421e+01 4.51572718e-01
 1.32048297e+01 3.45435163e-01
 1.13387080e+01 2.75319454e-01
 9.88897127e+00 2.26148382e-01
 8.81433087e+00 1.90093448e-01
 7.97530487e+00 1.62726335e-01
 7.29473310e+00 1.41372578e-01
 6.70277718e+00 1.24331121e-01
 6.09715122e+00 1.10473620e-01
 5.71042311e+00 9.90251253e-02
 5.28018994e+00 8.94375770e-02
 5.07928046e+00 8.13135537e-02
 4.70235856e+00 7.43585694e-02
 4.40372672e+00 6.83502544e-02
 4.18520195e+00 6.31178799e-02
 3.93578590e+00 5.85284180e-02
 3.78676356e+00 5.44768413e-02
 3.66427054e+00 5.08792412e-02
 3.46659401e+00 4.76678602e-02
 3.26814619e+00 4.47874490e-02
 3.20410328e+00 4.21925566e-02
 3.10435303e+00 3.98454882e-02
 2.95983570e+00 3.77147483e-02
 2.85228295e+00 3.57738400e-02
 2.69980317e+00 3.40003300e-02
 2.68054356e+00 3.23751139e-02
 2.54500343e+00 3.08818335e-02
 2.40242581e+00 2.95064112e-02
 2.37918707e+00 2.82366749e-02
 2.34648813e+00 2.70620541e-02
 2.27575489e+00 2.59733317e-02
 2.25518662e+00 2.49624401e-02
 2.13209370e+00 2.40222931e-02
 2.14902700e+00 2.31466457e-02
 2.04153841e+00 2.23299783e-02
 1.98312508e+00 2.15673979e-02
 1.95086967e+00 2.08545564e-02
 1.81275582e+00 2.01875808e-02
 1.74843008e+00 1.95630137e-02
 1.77811746e+00 1.89777634e-02
 1.70287335e+00 1.84290603e-02
 1.66689661e+00 1.79144204e-02
 1.71898532e+00 1.74316130e-02
 1.68455647e+00 1.69786338e-02
 1.62337194e+00 1.65536808e-02
 1.55666498e+00 1.61551344e-02
 1.57427538e+00 1.57815387e-02
 1.44432764e+00 1.54315872e-02
 1.35610578e+00 1.51041086e-02
 1.43787276e+00 1.47980559e-02
 1.42675350e+00 1.45124958e-02
 1.34091246e+00 1.42466008e-02
 1.28697852e+00 1.39996411e-02
 1.26046936e+00 1.37709789e-02
 1.29675830e+00 1.35600628e-02
 1.15064520e+00 1.33664236e-02
 1.27248638e+00 1.31896706e-02
 1.21919618e+00 1.30294889e-02
 1.21354156e+00 1.28856375e-02
 1.15188939e+00 1.27579477e-02
 1.09461997e+00 1.26463231e-02
 1.00888965e+00 1.25507389e-02
 1.11253042e+00 1.24712432e-02
 9.83318173e-01 1.24079584e-02
 1.01780290e+00 1.23610836e-02
 1.02017905e+00 1.23308973e-02
 9.14062601e-01 1.23177617e-02
 9.70589081e-01 1.23221273e-02
 9.04381652e-01 1.23445390e-02
 8.81262072e-01 1.23856430e-02
 9.54563597e-01 1.24461952e-02
 9.06301858e-01 1.25270709e-02
 7.93233895e-01 1.26292764e-02
 7.79528599e-01 1.27539625e-02
 8.01890163e-01 1.29024396e-02
 7.68837978e-01 1.30761966e-02
 8.46053278e-01 1.32769215e-02
 7.13032023e-01 1.35065264e-02
 7.64926642e-01 1.37671765e-02
 6.22798778e-01 1.40613235e-02
 5.80519030e-01 1.43917460e-02
 6.19387311e-01 1.47615953e-02
 6.60908279e-01 1.51744515e-02
 5.27104807e-01 1.56343881e-02
 5.04363000e-01 1.61460497e-02
 6.14404288e-01 1.67147449e-02
 4.96156671e-01 1.73465571e-02
 4.64838573e-01 1.80484780e-02
 4.12969220e-01 1.88285689e-02
 3.67364781e-01 1.96961578e-02
 4.23491166e-01 2.06620785e-02
 3.82417942e-01 2.17389666e-02
 2.54237721e-01 2.29416237e-02
 3.12465475e-01 2.42874726e-02
 2.98809568e-01 2.57971268e-02
 2.04522328e-01 2.74951110e-02
 1.97077758e-01 2.94107777e-02
 1.95537763e-01 3.15794851e-02
 1.24849712e-01 3.40441247e-02
 4.88866391e-02 3.68571203e-02
 -1.43174639e-02 4.00830749e-02
 -4.02108545e-02 4.38023151e-02
 -1.40075198e-01 4.81156977e-02
 -2.35165025e-01 5.31512196e-02
 -3.96205482e-01 5.90732472e-02
 -3.21513487e-01 6.60956187e-02
 -5.10183379e-01 7.45005938e-02
 -5.38803387e-01 8.46668282e-02
 -7.63046656e-01 9.71116345e-02
 -8.54487472e-01 1.12556502e-01
 -1.10999541e+00 1.32031710e-01
 -1.26224930e+00 1.57049100e-01
 -1.48721637e+00 1.89898763e-01
 -1.79338947e+00 2.34182351e-01
 -2.21596817e+00 2.95825219e-01
 -2.57652451e+00 3.85127376e-01
 -3.21686598e+00 5.21268877e-01
 -4.14633884e+00 7.43269502e-01
 -5.18926677e+00 1.14043829e+00
 -7.17407409e+00 1.95365587e+00
 -1.04382061e+01 4.00934908e+00
 -1.59328503e+01 1.13082419e+01
 -4.31290615e+00 3.60289914e+01
 1.91950270e+01 1.51008990e+01
 1.36593405e+01 4.93412741e+00
 1.00526249e+01 2.29365710e+00
 7.92525543e+00 1.30698407e+00
 6.56893697e+00 8.40949960e-01
 5.64069421e+00 5.85753060e-01
 5.02728840e+00 4.31279192e-01
 4.53719811e+00 3.30785732e-01
 4.11430824e+00 2.61764800e-01
 3.77942322e+00 2.12312139e-01
 3.64992310e+00 1.75658384e-01
 3.41407695e+00 1.47725622e-01
 3.31884761e+00 1.25939141e-01
 3.03207629e+00 1.08608662e-01
 2.88870215e+00 9.45873987e-02
 2.89324337e+00 8.30750966e-02
 2.73801067e+00 7.34995584e-02
 2.73349398e+00 6.54428556e-02
 2.63397568e+00 5.85939601e-02
 2.55126832e+00 5.27175143e-02
 2.51217576e+00 4.76327486e-02
 2.37397336e+00 4.31989474e-02
 2.32355134e+00 3.93052370e-02
 2.31440150e+00 3.58632875e-02
 2.25753951e+00 3.28020147e-02
 2.13539248e+00 3.00636807e-02
 2.28961587e+00 2.76009841e-02
 2.08824275e+00 2.53748659e-02
 2.09395170e+00 2.33528334e-02
 2.14146773e+00 2.15076695e-02
 2.05404004e+00 1.98164275e-02
 1.96228567e+00 1.82596426e-02
 2.16536141e+00 1.68207073e-02
 2.06706311e+00 1.54853734e-02
 1.86332878e+00 1.42413521e-02
 2.00567912e+00 1.30779898e-02
 1.97107607e+00 1.19860052e-02
 1.95979520e+00 1.09572730e-02
 1.93681502e+00 9.98464578e-03
 1.92077630e+00 9.06180709e-03
 1.91606322e+00 8.18314817e-03
 1.94196708e+00 7.34366514e-03
 1.99269817e+00 6.53887237e-03
 1.95810119e+00 5.76472904e-03
 1.85652500e+00 5.01757678e-03
 1.87892944e+00 4.29408627e-03
 1.91049046e+00 3.59121134e-03
 1.98634531e+00 2.90614932e-03
 1.91335708e+00 2.23630649e-03
 2.02035358e+00 1.57926789e-03
 1.93451079e+00 9.32770762e-04
 1.81326526e+00 2.94680905e-04
 1.96632800e+00 -3.37028421e-04
 1.80875176e+00 -9.64295536e-04
 1.86801084e+00 -1.58898770e-03
 1.86826923e+00 -2.21291705e-03
 1.83829195e+00 -2.83785551e-03
 1.94507142e+00 -3.46554874e-03
 1.92600565e+00 -4.09772955e-03
 1.92378428e+00 -4.73613080e-03
 1.90947666e+00 -5.38249808e-03
 1.97655586e+00 -6.03860237e-03
 1.99743411e+00 -6.70625271e-03
 2.00329004e+00 -7.38730920e-03
 1.91368910e+00 -8.08369651e-03
 1.94507758e+00 -8.79741792e-03
 2.02800381e+00 -9.53057027e-03
 1.95683968e+00 -1.02853599e-02
 1.98017028e+00 -1.10641200e-02
 1.94239866e+00 -1.18693291e-02
 1.89159071e+00 -1.27036319e-02
 2.07317028e+00 -1.35698620e-02
 2.02721155e+00 -1.44710667e-02
 2.08491711e+00 -1.54105354e-02
 2.14441588e+00 -1.63918313e-02
 2.17404868e+00 -1.74188265e-02
 2.08298054e+00 -1.84957422e-02
 2.12086760e+00 -1.96271947e-02
 2.21533560e+00 -2.08182470e-02
 2.10129558e+00 -2.20744682e-02
 2.23892847e+00 -2.34020022e-02
 2.19680986e+00 -2.48076459e-02
 2.25607940e+00 -2.62989405e-02
 2.20903848e+00 -2.78842767e-02
 2.32683357e+00 -2.95730179e-02
 2.28397461e+00 -3.13756437e-02
 2.33681117e+00 -3.33039183e-02
 2.42439096e+00 -3.53710896e-02
 2.47964111e+00 -3.75921235e-02
 2.55178992e+00 -3.99839830e-02
 2.50837866e+00 -4.25659614e-02
 2.61381994e+00 -4.53600808e-02
 2.67163634e+00 -4.83915731e-02
 2.63562736e+00 -5.16894613e-02
 2.73054033e+00 -5.52872683e-02
 2.82711275e+00 -5.92238835e-02
 2.84462377e+00 -6.35446308e-02
 2.90071965e+00 -6.83025921e-02
 3.05789206e+00 -7.35602588e-02
 3.00318726e+00 -7.93916083e-02
 3.12287663e+00 -8.58847339e-02
 3.26391115e+00 -9.31452040e-02
 3.30719523e+00 -1.01300390e-01
 3.48548943e+00 -1.10505100e-01
 3.56345811e+00 -1.20948977e-01
 3.65966602e+00 -1.32866335e-01
 3.84776298e+00 -1.46549393e-01
 3.99825039e+00 -1.62366300e-01
 4.16219902e+00 -1.80786063e-01
 4.32443572e+00 -2.02413547e-01
 4.57283675e+00 -2.28039481e-01
 4.74854093e+00 -2.58713289e-01
 5.00220533e+00 -2.95851440e-01
 5.37216804e+00 -3.41402543e-01
 5.64577366e+00 -3.98105766e-01
 6.15003242e+00 -4.69907916e-01
 6.63133989e+00 -5.62660632e-01
 7.12838478e+00 -6.85334178e-01
 7.95415437e+00 -8.52233613e-01
 8.87691363e+00 -1.08728025e+00
 9.99496489e+00 -1.43286516e+00
 1.14897234e+01 -1.96974761e+00
 1.36305616e+01 -2.86667153e+00
 1.66814243e+01 -4.52144597e+00
 2.12050514e+01 -8.03350521e+00
 2.78109705e+01 -1.70703971e+01
 2.77246956e+01 -4.29307743e+01
 -1.67667140e+01 -5.42397480e+01
 -2.82470615e+01 -2.28145390e+01
 -2.15690279e+01 -1.00708885e+01
 -1.63310651e+01 -5.41589499e+00
 -1.28421741e+01 -3.33698770e+00
 -1.05442367e+01 -2.25135629e+00
 -8.88076224e+00 -1.61829620e+00
 -7.67205052e+00 -1.21846980e+00
 -6.69732416e+00 -9.50374128e-01
 -5.86715657e+00 -7.62082365e-01
 -5.28535563e+00 -6.24875861e-01
 -4.73149442e+00 -5.21854499e-01
 -4.31577213e+00 -4.42558283e-01
 -3.88224605e+00 -3.80236934e-01
 -3.59754574e+00 -3.30378369e-01
 -3.26759431e+00 -2.89874853e-01
 -2.97515732e+00 -2.56529886e-01
 -2.85170248e+00 -2.28755687e-01
 -2.66374455e+00 -2.05381581e-01
 -2.44037274e+00 -1.85529181e-01
 -2.24329574e+00 -1.68529051e-01
 -2.15100109e+00 -1.53863804e-01
 -1.97776310e+00 -1.41128490e-01
 -1.85909038e+00 -1.30002516e-01
 -1.68066229e+00 -1.20229415e-01
 -1.61815956e+00 -1.11602061e-01
 -1.57062907e+00 -1.03951711e-01
 -1.44779557e+00 -9.71397833e-02
 -1.38178609e+00 -9.10516236e-02
 -1.23540469e+00 -8.55917217e-02
 -1.30267045e+00 -8.06800100e-02
 -1.19729312e+00 -7.62489712e-02
 -1.06233613e+00 -7.22413595e-02
 -1.10752718e+00 -6.86083915e-02
 -9.72418733e-01 -6.53082986e-02
 -8.72719302e-01 -6.23051615e-02
 -8.58138031e-01 -5.95679651e-02
 -8.49466619e-01 -5.70698283e-02
 -7.14793563e-01 -5.47873715e-02
 -6.49003499e-01 -5.27001959e-02
 -6.91181076e-01 -5.07904513e-02
 -6.04500766e-01 -4.90424770e-02
 -5.37867119e-01 -4.74425006e-02
 -4.80294430e-01 -4.59783859e-02
 -5.86754322e-01 -4.46394202e-02
 -3.68486724e-01 -4.34161337e-02
 -3.75857670e-01 -4.23001479e-02
 -3.36147975e-01 -4.12840444e-02
 -3.42732081e-01 -4.03612553e-02
 -3.80682924e-01 -3.95259674e-02
 -2.08877672e-01 -3.87730419e-02
 -2.69891957e-01 -3.80979446e-02
 -2.36875348e-01 -3.74966863e-02
 -1.23576596e-01 -3.69657721e-02
 -1.65450394e-01 -3.65021575e-02
 -1.44196873e-01 -3.61032113e-02
 -4.73046481e-02 -3.57666839e-02
 1.18574680e-01 -3.54906813e-02
 7.82520757e-02 -3.52736421e-02
 4.28320184e-02 -3.51143202e-02
 -5.34081115e-03 -3.50117699e-02
 1.36441916e-01 -3.49653346e-02
 6.22938370e-02 -3.49746394e-02
 3.51552756e-02 -3.50395855e-02
 1.60744364e-01 -3.51603485e-02
 2.08659500e-01 -3.53373789e-02
 1.73378656e-01 -3.55714059e-02
 3.13414479e-01 -3.58634434e-02
 2.13445898e-01 -3.62147999e-02
 2.76529270e-01 -3.66270910e-02
 4.10166569e-01 -3.71022552e-02
 3.85701484e-01 -3.76425733e-02
 4.35515519e-01 -3.82506925e-02
 4.12398289e-01 -3.89296538e-02
 5.45773480e-01 -3.96829253e-02
 5.45291290e-01 -4.05144405e-02
 5.14180842e-01 -4.14286433e-02
 6.75759213e-01 -4.24305395e-02
 5.64007612e-01 -4.35257581e-02
 6.59449153e-01 -4.47206203e-02
 6.85175459e-01 -4.60222213e-02
 6.93815576e-01 -4.74385246e-02
 6.83988931e-01 -4.89784711e-02
 8.29149115e-01 -5.06521073e-02
 8.49289546e-01 -5.24707343e-02
 9.34003476e-01 -5.44470821e-02
 9.28606733e-01 -5.65955148e-02
 9.29459982e-01 -5.89322718e-02
 9.49242751e-01 -6.14757533e-02
 1.10692612e+00 -6.42468584e-02
 1.13473261e+00 -6.72693882e-02
 1.31534233e+00 -7.05705279e-02
 1.27829738e+00 -7.41814258e-02
 1.29152531e+00 -7.81378924e-02
 1.35284679e+00 -8.24812487e-02
 1.44973180e+00 -8.72593604e-02
 1.47764584e+00 -9.25279075e-02
 1.66866536e+00 -9.83519512e-02
 1.64552687e+00 -1.04807880e-01
 1.73890050e+00 -1.11985844e-01
 1.94152768e+00 -1.19992823e-01
 1.94721462e+00 -1.28956524e-01
 2.01174984e+00 -1.39030371e-01
 2.16469305e+00 -1.50399953e-01
 2.37191850e+00 -1.63291442e-01
 2.46922036e+00 -1.77982694e-01
 2.49652841e+00 -1.94818047e-01
 2.79955200e+00 -2.14228319e-01
 3.01419938e+00 -2.36758156e-01
 3.18412443e+00 -2.63104024e-01
 3.33788381e+00 -2.94167824e-01
 3.62766234e+00 -3.31133900e-01
 3.86506445e+00 -3.75581864e-01
 4.22113851e+00 -4.29655543e-01
 4.52821035e+00 -4.96322247e-01
 4.93975337e+00 -5.79781827e-01
 5.36981238e+00 -6.86132681e-01
 5.98173446e+00 -8.24495954e-01
 6.71851848e+00 -1.00899398e+00
 7.60496359e+00 -1.26240600e+00
 8.72020710e+00 -1.62332342e+00
 9.99328694e+00 -2.16115195e+00
 1.18072506e+01 -3.01028499e+00
 1.42510975e+01 -4.45613676e+00
 1.77587808e+01 -7.17850775e+00
 2.25443472e+01 -1.30186195e+01
 2.64883042e+01 -2.71295827e+01
 1.06244336e+01 -5.16387302e+01
 -2.36313860e+01 -4.12481033e+01
 -2.65666275e+01 -1.94526257e+01
 -2.15001593e+01 -9.92394715e+00
 -1.73631799e+01 -5.80609427e+00
 -1.43882399e+01 -3.76337398e+00
 -1.21678177e+01 -2.62370362e+00
 -1.05985595e+01 -1.92894646e+00
 -9.39844921e+00 -1.47606686e+00
 -8.41414077e+00 -1.16516364e+00
 -7.72013777e+00 -9.42794772e-01
 -7.05128472e+00 -7.78385869e-01
 -6.52527297e+00 -6.53461895e-01
 -6.09190862e+00 -5.56342502e-01
 -5.67638237e+00 -4.79357497e-01
 -5.30416924e+00 -4.17304963e-01
 -4.98835876e+00 -3.66557796e-01
 -4.73506437e+00 -3.24525321e-01
 -4.52271299e+00 -2.89317695e-01
 -4.36549419e+00 -2.59530394e-01
 -4.16272779e+00 -2.34102145e-01
 -3.94069663e+00 -2.12219052e-01
 -3.79113129e+00 -1.93248551e-01
 -3.61370232e+00 -1.76693029e-01
 -3.56692451e+00 -1.62156714e-01
 -3.39891962e+00 -1.49321654e-01
 -3.30000078e+00 -1.37930060e-01
 -3.24425785e+00 -1.27771143e-01
 -3.10955611e+00 -1.18671194e-01
 -2.98836097e+00 -1.10486021e-01
 -2.96348208e+00 -1.03095125e-01
 -2.82160620e+00 -9.63971766e-02
 -2.85792425e+00 -9.03064639e-02
 -2.80602047e+00 -8.47500881e-02
 -2.69133755e+00 -7.96657280e-02
 -2.61518609e+00 -7.49998465e-02
 -2.64798064e+00 -7.07062421e-02
 -2.54147358e+00 -6.67448714e-02
 -2.53991789e+00 -6.30808853e-02
 -2.48933885e+00 -5.96838376e-02
 -2.37965844e+00 -5.65270300e-02
 -2.40851252e+00 -5.35869674e-02
 -2.26013671e+00 -5.08429038e-02
 -2.32761732e+00 -4.82764608e-02
 -2.30705287e+00 -4.58713065e-02
 -2.33263136e+00 -4.36128834e-02
 -2.28317575e+00 -4.14881777e-02
 -2.16601706e+00 -3.94855220e-02
 -2.21261528e+00 -3.75944268e-02
 -2.06025999e+00 -3.58054360e-02
 -2.13609489e+00 -3.41100011e-02
 -2.06588690e+00 -3.25003739e-02
 -2.09866996e+00 -3.09695123e-02
 -1.97511792e+00 -2.95109985e-02
 -1.97924471e+00 -2.81189679e-02
 -2.07171542e+00 -2.67880456e-02
 -2.08302971e+00 -2.55132923e-02
 -1.94187525e+00 -2.42901547e-02
 -1.86585211e+00 -2.31144224e-02
 -1.87036392e+00 -2.19821898e-02
 -1.98713061e+00 -2.08898214e-02
 -1.81100772e+00 -1.98339207e-02
 -1.88480299e+00 -1.88113025e-02
 -1.88069768e+00 -1.78189673e-02
 -1.82239690e+00 -1.68540782e-02
 -1.72182961e+00 -1.59139395e-02
 -1.82293788e+00 -1.49959766e-02
 -1.78061371e+00 -1.40977178e-02
 -1.74819082e+00 -1.32167763e-02
 -1.71301491e+00 -1.23508332e-02
 -1.74850113e+00 -1.14976219e-02
 -1.68935088e+00 -1.06549110e-02
 -1.70156313e+00 -9.82048954e-03
 -1.75196611e+00 -8.99214990e-03
 -1.81541206e+00 -8.16767207e-03
 -1.80072259e+00 -7.34480642e-03
 -1.66957139e+00 -6.52125582e-03
 -1.77718321e+00 -5.69465673e-03
 -1.73135847e+00 -4.86255864e-03
 -1.65180215e+00 -4.02240183e-03
 -1.63659048e+00 -3.17149279e-03
 -1.68436630e+00 -2.30697687e-03
 -1.64850367e+00 -1.42580771e-03
 -1.67757214e+00 -5.24712517e-04
 -1.67030756e+00 3.99847342e-04
 -1.77397063e+00 1.35172164e-03
 -1.76956092e+00 2.33512352e-03
 -1.79741537e+00 3.35469019e-03
 -1.86114057e+00 4.41555376e-03
 -1.63585345e+00 5.52342439e-03
 -1.75060405e+00 6.68468855e-03
 -1.70436653e+00 7.90652547e-03
 -1.70106209e+00 9.19704623e-03
 -1.75685156e+00 1.05654605e-02
 -1.75814129e+00 1.20222776e-02
 -1.79393304e+00 1.35795505e-02
 -1.81175853e+00 1.52511737e-02
 -1.84345299e+00 1.70532483e-02
 -1.85153623e+00 1.90045334e-02
 -1.79971091e+00 2.11270083e-02
 -1.90892198e+00 2.34465754e-02
 -1.84425495e+00 2.59939486e-02
 -1.86374987e+00 2.88057840e-02
 -1.81437018e+00 3.19261302e-02
 -2.00505846e+00 3.54083086e-02
 -1.87628981e+00 3.93173733e-02
 -1.98089863e+00 4.37333644e-02
 -2.06276880e+00 4.87556609e-02
 -1.99080974e+00 5.45088801e-02
 -2.09611794e+00 6.11509792e-02
 -2.12357710e+00 6.88845541e-02
 -2.13578723e+00 7.79728538e-02
 -2.22498541e+00 8.87628970e-02
 -2.26991184e+00 1.01719516e-01
 -2.38689146e+00 1.17476631e-01
 -2.45177822e+00 1.36916426e-01
 -2.50004257e+00 1.61295146e-01
 -2.71554405e+00 1.92449448e-01
 -2.88467141e+00 2.33147608e-01
 -2.94033493e+00 2.87713120e-01
 -3.13149025e+00 3.63187928e-01
 -3.49820968e+00 4.71631187e-01
 -3.81452313e+00 6.34981280e-01
 -4.30424810e+00 8.96188991e-01
 -4.71605019e+00 1.34708996e+00
 -5.54848647e+00 2.20421528e+00
 -6.41244505e+00 4.01069031e+00
 -6.12963340e+00 7.75584288e+00
 -6.56202547e-01 1.08478670e+01
 3.92457458e+00 7.20365401e+00
 3.93758606e+00 3.72351512e+00
 3.04198606e+00 2.07863724e+00
 2.28823264e+00 1.28875907e+00
 1.71469516e+00 8.67651731e-01
 1.42705355e+00 6.21088091e-01
 9.89910805e-01 4.65652602e-01
 6.44405038e-01 3.61854330e-01
 4.67986982e-01 2.89312519e-01
 2.63939966e-01 2.36727623e-01
 1.82550704e-01 1.97453877e-01
 2.81680892e-02 1.67386350e-01
 -5.27561722e-02 1.43883173e-01
 -4.70863025e-02 1.25183789e-01
 -1.25785276e-01 1.10079380e-01
 -2.97402860e-01 9.77182187e-02
 -3.40534690e-01 8.74864780e-02
 -4.10232944e-01 7.89329071e-02
 -3.69552943e-01 7.17198776e-02
 -4.71586652e-01 6.55907771e-02
 -4.73948251e-01 6.03478030e-02
 -5.68201394e-01 5.58365387e-02
 -5.53928788e-01 5.19350456e-02
 -5.69913280e-01 4.85460234e-02
 -5.26737809e-01 4.55910913e-02
 -6.31387917e-01 4.30065596e-02
 -6.30822588e-01 4.07402644e-02
 -6.54272570e-01 3.87491706e-02
 -7.20374326e-01 3.69975377e-02
 -6.34332733e-01 3.54555024e-02
 -7.42572762e-01 3.40979732e-02
 -8.45951621e-01 3.29037615e-02
 -8.20170388e-01 3.18548925e-02
 -8.70491804e-01 3.09360551e-02
 -8.66479664e-01 3.01341603e-02
 -9.06601815e-01 2.94379832e-02
 -9.00517393e-01 2.88378722e-02
 -9.31485283e-01 2.83255109e-02
 -9.41821159e-01 2.78937226e-02
 -9.77574862e-01 2.75363086e-02
 -9.57429537e-01 2.72479138e-02
 -1.05467699e+00 2.70239157e-02
 -9.90449197e-01 2.68603308e-02
 -1.02369253e+00 2.67537368e-02
 -1.10545441e+00 2.67012069e-02
 -1.01510637e+00 2.67002554e-02
 -1.11535550e+00 2.67487909e-02
 -9.57207160e-01 2.68450782e-02
 -1.03218253e+00 2.69877054e-02
 -1.04073287e+00 2.71755574e-02
 -1.18478684e+00 2.74077933e-02
 -1.14143884e+00 2.76838280e-02
 -1.10345829e+00 2.80033180e-02
 -1.16611039e+00 2.83661496e-02
 -1.19591679e+00 2.87724304e-02
 -1.22326168e+00 2.92224834e-02
 -1.31717103e+00 2.97168430e-02
 -1.28588589e+00 3.02562545e-02
 -1.27811156e+00 3.08416744e-02
 -1.34365786e+00 3.14742741e-02
 -1.22046668e+00 3.21554445e-02
 -1.32623135e+00 3.28868040e-02
 -1.35238783e+00 3.36702081e-02
 -1.34309486e+00 3.45077611e-02
 -1.32554024e+00 3.54018309e-02
 -1.46954912e+00 3.63550664e-02
 -1.47782305e+00 3.73704170e-02
 -1.45494964e+00 3.84511566e-02
 -1.46036314e+00 3.96009099e-02
 -1.47780091e+00 4.08236836e-02
 -1.53630328e+00 4.21239014e-02
 -1.52954057e+00 4.35064445e-02
 -1.59242307e+00 4.49766972e-02
 -1.56158253e+00 4.65405996e-02
 -1.62697612e+00 4.82047075e-02
 -1.60106061e+00 4.99762606e-02
 -1.74357817e+00 5.18632614e-02
 -1.70545777e+00 5.38745642e-02
 -1.73913830e+00 5.60199788e-02
 -1.78410989e+00 5.83103887e-02
 -1.83237705e+00 6.07578887e-02
 -1.92383241e+00 6.33759421e-02
 -2.00577087e+00 6.61795650e-02
 -1.97405336e+00 6.91855396e-02
 -1.97663023e+00 7.24126625e-02
 -2.06433014e+00 7.58820368e-02
 -2.22026095e+00 7.96174137e-02
 -2.08937910e+00 8.36455957e-02
 -2.22709235e+00 8.79969140e-02
 -2.27287744e+00 9.27057947e-02
 -2.23356581e+00 9.78114355e-02
 -2.39066972e+00 1.03358616e-01
 -2.47063315e+00 1.09398672e-01
 -2.58152265e+00 1.15990679e-01
 -2.59279727e+00 1.23202887e-01
 -2.70036041e+00 1.31114479e-01
 -2.80309208e+00 1.39817734e-01
 -2.85085812e+00 1.49420705e-01
 -2.93563635e+00 1.60050564e-01
 -3.14439610e+00 1.71857793e-01
 -3.09029803e+00 1.85021494e-01
 -3.19117939e+00 1.99756164e-01
 -3.45817558e+00 2.16320406e-01
 -3.52544569e+00 2.35028252e-01
 -3.65389577e+00 2.56264020e-01
 -3.87876453e+00 2.80502013e-01
 -4.05923069e+00 3.08332969e-01
 -4.20158112e+00 3.40500011e-01
 -4.39714444e+00 3.77948209e-01
 -4.57708417e+00 4.21893953e-01
 -4.97123761e+00 4.73923691e-01
 -5.22041670e+00 5.36137083e-01
 -5.56269349e+00 6.11358862e-01
 -5.91808155e+00 7.03459560e-01
 -6.48325936e+00 8.17853656e-01
 -6.92860254e+00 9.62295815e-01
 -7.47230604e+00 1.14819580e+00
 -8.33078149e+00 1.39287222e+00
 -9.06770265e+00 1.72358383e+00
 -1.02566539e+01 2.18510448e+00
 -1.16026832e+01 2.85478938e+00
 -1.33717893e+01 3.87455807e+00
 -1.56162426e+01 5.52384837e+00
 -1.85400542e+01 8.39784084e+00
 -2.20260693e+01 1.38504551e+01
 -2.44426598e+01 2.47724234e+01
 -1.62158779e+01 4.24638636e+01
 1.02523689e+01 4.60567656e+01
 2.35365344e+01 2.87182489e+01
 2.25535923e+01 1.59138036e+01
 1.90206339e+01 9.45846614e+00
 1.58813995e+01 6.11846258e+00
 1.34761936e+01 4.23842244e+00
 1.15321773e+01 3.09435982e+00
 1.02060513e+01 2.35247956e+00
 9.07504230e+00 1.84629467e+00
 8.16533073e+00 1.48647145e+00
 7.38688643e+00 1.22197995e+00
 6.68863199e+00 1.02209360e+00
 6.13010184e+00 8.67470950e-01
 5.78382864e+00 7.45469438e-01
 5.35700194e+00 6.47554105e-01
 4.96013690e+00 5.67800068e-01
 4.69832261e+00 5.01993168e-01
 4.34465881e+00 4.47071366e-01
 4.02376882e+00 4.00767375e-01
 3.90595036e+00 3.61373930e-01
 3.62510455e+00 3.27585970e-01
 3.57746874e+00 2.98392273e-01
 3.49205491e+00 2.72999628e-01
 3.28011839e+00 2.50778861e-01
 3.06819371e+00 2.31225807e-01
 2.95314204e+00 2.13932691e-01
 2.94899855e+00 1.98566858e-01
 2.70912685e+00 1.84854784e-01
 2.62465366e+00 1.72569914e-01
 2.52677318e+00 1.61523323e-01
 2.42999974e+00 1.51556469e-01
 2.34378463e+00 1.42535524e-01
 2.19594679e+00 1.34346903e-01
 2.17372789e+00 1.26893709e-01
 2.06479785e+00 1.20092880e-01
 1.87841076e+00 1.13872901e-01
 1.93850846e+00 1.08171933e-01
 1.87902308e+00 1.02936297e-01
 1.76582708e+00 9.81192230e-02
 1.75243667e+00 9.36798211e-02
 1.66025659e+00 8.95822246e-02
 1.71235138e+00 8.57948786e-02
 1.63489857e+00 8.22899430e-02
 1.57561805e+00 7.90427910e-02
 1.64982325e+00 7.60315854e-02
 1.52008474e+00 7.32369199e-02
 1.47216348e+00 7.06415139e-02
 1.44029878e+00 6.82299522e-02
 1.39397324e+00 6.59884620e-02
 1.33292863e+00 6.39047222e-02
 1.30696965e+00 6.19676981e-02
 1.26126236e+00 6.01675002e-02
 1.33355272e+00 5.84952613e-02
 1.27373770e+00 5.69430305e-02
 1.23141238e+00 5.55036814e-02
 1.17628207e+00 5.41708320e-02
 1.13039936e+00 5.29387764e-02
 1.18876593e+00 5.18024242e-02
 1.02892227e+00 5.07572490e-02
 1.07142178e+00 4.97992440e-02
 8.85385876e-01 4.89248834e-02
 1.00622757e+00 4.81310897e-02
 9.18916683e-01 4.74152064e-02
 9.50924709e-01 4.67749748e-02
 9.19240164e-01 4.62085158e-02
 8.01626510e-01 4.57143144e-02
 7.70854509e-01 4.52912097e-02
 9.13761934e-01 4.49383869e-02
 7.41681145e-01 4.46553742e-02
 7.40940149e-01 4.44420422e-02
 7.26472309e-01 4.42986070e-02
 6.95488423e-01 4.42256379e-02
 6.65121844e-01 4.42240675e-02
 6.44815521e-01 4.42952072e-02
 6.33128196e-01 4.44407659e-02
 5.81029283e-01 4.46628748e-02
 6.33354512e-01 4.49641162e-02
 5.42052683e-01 4.53475594e-02
 5.64065598e-01 4.58168028e-02
 5.73699929e-01 4.63760236e-02
 5.71923042e-01 4.70300369e-02
 4.00607556e-01 4.77843649e-02
 4.51595820e-01 4.86453176e-02
 4.06972386e-01 4.96200882e-02
 3.04774241e-01 5.07168648e-02
 3.61051898e-01 5.19449613e-02
 2.44747934e-01 5.33149725e-02
 2.44610015e-01 5.48389560e-02
 3.08283890e-01 5.65306489e-02
 2.01111438e-01 5.84057234e-02
 2.45726698e-01 6.04820931e-02
 1.10183270e-01 6.27802787e-02
 5.66002185e-02 6.53238469e-02
 -2.19892773e-03 6.81399410e-02
 8.91527423e-02 7.12599237e-02
 -4.64272997e-02 7.47201612e-02
 -4.63454309e-02 7.85629841e-02
 -1.33661476e-01 8.28378718e-02
 -2.62469263e-02 8.76029237e-02
 -1.79620314e-01 9.29266955e-02
 -2.09646497e-01 9.88905108e-02
 -3.65694475e-01 1.05591392e-01
 -2.59313367e-01 1.13145807e-01
 -4.19200274e-01 1.21694502e-01
 -5.61828910e-01 1.31408795e-01
 -6.19102787e-01 1.42498853e-01
 -6.40740308e-01 1.55224703e-01
 -6.95311797e-01 1.69911052e-01
 -9.43281813e-01 1.86967495e-01
 -9.16369975e-01 2.06916474e-01
 -9.42961922e-01 2.30432535e-01
 -1.26968942e+00 2.58398441e-01
 -1.41305329e+00 2.91986843e-01
 -1.64573399e+00 3.32781704e-01
 -1.59955471e+00 3.82963001e-01
 -2.01399514e+00 4.45595082e-01
 -2.20214308e+00 5.25090141e-01
 -2.42099061e+00 6.27978069e-01
 -2.88859425e+00 7.64233916e-01
 -3.22873891e+00 9.49666423e-01
 -3.73130414e+00 1.21042941e+00
 -4.50279602e+00 1.59202265e+00
 -5.30815088e+00 2.17835931e+00
 -6.35510531e+00 3.13460921e+00
 -7.71546089e+00 4.80665754e+00
 -9.07842648e+00 7.92734992e+00
 -8.83644125e+00 1.36419312e+01
 -2.45669199e+00 2.02094860e+01
 7.92482989e+00 1.83043759e+01
 1.14380710e+01 1.12740887e+01
 1.07769717e+01 6.59503084e+00
 9.32760897e+00 4.10887872e+00
 8.02284537e+00 2.74798757e+00
 7.15617675e+00 1.94857492e+00
 6.40231808e+00 1.44662580e+00
 5.72504662e+00 1.11340157e+00
 5.25483906e+00 8.81889243e-01
 4.98695412e+00 7.14934215e-01
 4.56037254e+00 5.90762611e-01
 4.25244396e+00 4.95993217e-01
 3.93527971e+00 4.22061782e-01
 3.77579335e+00 3.63292705e-01
 3.56972035e+00 3.15809845e-01
 3.41050992e+00 2.76895798e-01
 3.30641986e+00 2.44601304e-01
 3.20356179e+00 2.17499516e-01
 3.13324947e+00 1.94527043e-01
 3.02023072e+00 1.74878521e-01
 2.96753390e+00 1.57935134e-01
 2.80208106e+00 1.43215155e-01
 2.73401431e+00 1.30339109e-01
 2.65287935e+00 1.19004817e-01
 2.68766104e+00 1.08969262e-01
 2.52774991e+00 1.00035217e-01
 2.50008866e+00 9.20412700e-02
 2.50899332e+00 8.48542873e-02
 2.33861745e+00 7.83636624e-02
 2.35648112e+00 7.24768826e-02
 2.40361078e+00 6.71160790e-02
 2.36246631e+00 6.22153187e-02
 2.34840080e+00 5.77184621e-02
 2.28060677e+00 5.35774550e-02
 2.17788130e+00 4.97509565e-02
 2.25262728e+00 4.62032305e-02
 2.16818334e+00 4.29032437e-02
 2.07542673e+00 3.98239270e-02
 2.10087843e+00 3.69415683e-02
 2.06803848e+00 3.42353090e-02
 2.02440995e+00 3.16867261e-02
 2.10696731e+00 2.92794823e-02
 2.12160045e+00 2.69990319e-02
 2.02930942e+00 2.48323729e-02
 2.03441595e+00 2.27678366e-02
 2.05336886e+00 2.07949084e-02
 1.99948819e+00 1.89040744e-02
 2.03953785e+00 1.70866897e-02
 1.95959995e+00 1.53348643e-02
 2.05526716e+00 1.36413649e-02
 1.91779778e+00 1.19995281e-02
 2.05461673e+00 1.04031855e-02
 1.90685136e+00 8.84659670e-03
 1.90099346e+00 7.32439076e-03
 1.90549099e+00 5.83151313e-03
 1.87505971e+00 4.36317854e-03
 1.96765662e+00 2.91482803e-03
 1.97963311e+00 1.48208970e-03
 2.01891831e+00 6.07425622e-05
 1.93332887e+00 -1.35331729e-03
 1.98191991e+00 -2.76410854e-03
 1.93679957e+00 -4.17559504e-03
 1.95800510e+00 -5.59171534e-03
 1.99790378e+00 -7.01641149e-03
 1.93852547e+00 -8.45365781e-03
 1.87370130e+00 -9.90748978e-03
 2.03708210e+00 -1.13820336e-02
 2.01470442e+00 -1.28815367e-02
 2.03621513e+00 -1.44103999e-02
 1.83276868e+00 -1.59732111e-02
 2.09063061e+00 -1.75747820e-02
 2.09465065e+00 -1.92201868e-02
 2.04815261e+00 -2.09148054e-02
 2.09914425e+00 -2.26643706e-02
 2.10092612e+00 -2.44750196e-02
 2.12331720e+00 -2.63533527e-02
 2.05482168e+00 -2.83064977e-02
 2.11846240e+00 -3.03421839e-02
 2.12784812e+00 -3.24688242e-02
 2.19296083e+00 -3.46956100e-02
 2.18537414e+00 -3.70326186e-02
 2.16308813e+00 -3.94909368e-02
 2.17361278e+00 -4.20828032e-02
 2.18340043e+00 -4.48217725e-02
 2.14306680e+00 -4.77229063e-02
 2.29937543e+00 -5.08029957e-02
 2.22083462e+00 -5.40808208e-02
 2.35306239e+00 -5.75774565e-02
 2.27564906e+00 -6.13166323e-02
 2.38868373e+00 -6.53251591e-02
 2.44623414e+00 -6.96334360e-02
 2.57772923e+00 -7.42760568e-02
 2.48421995e+00 -7.92925371e-02
 2.55660416e+00 -8.47281929e-02
 2.48539819e+00 -9.06352052e-02
 2.72672391e+00 -9.70739191e-02
 2.77323162e+00 -1.04114437e-01
 2.71352231e+00 -1.11838585e-01
 2.82481082e+00 -1.20342358e-01
 2.97227689e+00 -1.29738975e-01
 2.92724595e+00 -1.40162731e-01
 2.96908087e+00 -1.51773890e-01
 3.07500731e+00 -1.64764956e-01
 3.25117753e+00 -1.79368766e-01
 3.35457288e+00 -1.95869065e-01
 3.33143608e+00 -2.14614440e-01
 3.53848605e+00 -2.36036903e-01
 3.65411285e+00 -2.60676977e-01
 3.66627124e+00 -2.89217992e-01
 3.84981998e+00 -3.22533686e-01
 4.07388114e+00 -3.61755284e-01
 4.35654396e+00 -4.08367695e-01
 4.61706775e+00 -4.64350102e-01
 4.69572742e+00 -5.32385827e-01
 4.97029052e+00 -6.16183012e-01
 5.37607665e+00 -7.20977623e-01
 5.69287508e+00 -8.54345943e-01
 6.10513723e+00 -1.02756103e+00
 6.72321372e+00 -1.25794332e+00
 7.38522805e+00 -1.57310889e+00
 8.20788765e+00 -2.01901659e+00
 9.13924582e+00 -2.67601222e+00
 1.03465357e+01 -3.69250994e+00
 1.18449578e+01 -5.35843626e+00
 1.36247933e+01 -8.26069261e+00
 1.48367954e+01 -1.34986415e+01
 1.24529073e+01 -2.18975903e+01
 1.32988351e+00 -2.79479557e+01
 -1.00903428e+01 -2.25269743e+01
 -1.29564899e+01 -1.39929103e+01
 -1.18705153e+01 -8.54970737e+00
 -1.01771471e+01 -5.52972596e+00
 -8.65411835e+00 -3.80165765e+00
 -7.43131027e+00 -2.75100513e+00
 -6.35091828e+00 -2.07408284e+00
 -5.63534022e+00 -1.61588187e+00
 -4.96939254e+00 -1.29276658e+00
 -4.41859104e+00 -1.05704426e+00
 -3.89690932e+00 -8.80134270e-01
 -3.50218997e+00 -7.44152528e-01
 -3.26311686e+00 -6.37482026e-01
 -2.98157704e+00 -5.52328419e-01
 -2.78263924e+00 -4.83312789e-01
 -2.47234049e+00 -4.26630487e-01
 -2.27577618e+00 -3.79531335e-01
 -2.09655498e+00 -3.39988761e-01
 -1.88923603e+00 -3.06483589e-01
 -1.87650275e+00 -2.77859368e-01
 -1.60181709e+00 -2.53223503e-01
 -1.52730694e+00 -2.31878370e-01
 -1.41158503e+00 -2.13272492e-01
 -1.39858045e+00 -1.96965372e-01
 -1.15546559e+00 -1.82601805e-01
 -1.12603839e+00 -1.69892851e-01
 -1.09547011e+00 -1.58601581e-01
 -9.91600703e-01 -1.48532263e-01
 -8.93250539e-01 -1.39522094e-01
 -7.54417056e-01 -1.31434788e-01
 -7.87946359e-01 -1.24155590e-01
 -7.45788932e-01 -1.17587337e-01
 -6.95615389e-01 -1.11647345e-01
 -5.48190009e-01 -1.06264915e-01
 -4.96371662e-01 -1.01379332e-01
 -5.90277801e-01 -9.69382390e-02
 -5.32339493e-01 -9.28963159e-02
 -4.66540354e-01 -8.92141989e-02
 -4.49410232e-01 -8.58575865e-02
 -3.47048208e-01 -8.27965020e-02
 -3.19794553e-01 -8.00046793e-02
 -2.93461153e-01 -7.74590503e-02
 -2.01864969e-01 -7.51393143e-02
 -1.67018301e-01 -7.30275760e-02
 -1.27942563e-01 -7.11080395e-02
 -1.11421542e-01 -6.93667487e-02
 -8.10454130e-02 -6.77913669e-02
 -7.52597695e-02 -6.63709889e-02
 4.06643795e-02 -6.50959804e-02
 9.35299198e-02 -6.39578411e-02
 -4.27273539e-02 -6.29490870e-02
 7.21586987e-02 -6.20631497e-02
 1.99845055e-01 -6.12942906e-02
 1.31680801e-01 -6.06375276e-02
 8.75180137e-02 -6.00885717e-02
 8.93871931e-02 -5.96437746e-02
 2.30405215e-01 -5.93000837e-02
 2.60130312e-01 -5.90550053e-02
 2.37610037e-01 -5.89065738e-02
 2.66412259e-01 -5.88533276e-02
 3.29488331e-01 -5.88942905e-02
 3.51074572e-01 -5.90289585e-02
 4.07591721e-01 -5.92572914e-02
 4.25970383e-01 -5.95797092e-02
 3.87939962e-01 -5.99970935e-02
 5.49380533e-01 -6.05107936e-02
 5.43140175e-01 -6.11226371e-02
 6.00851765e-01 -6.18349459e-02
 5.24383705e-01 -6.26505571e-02
 7.02285832e-01 -6.35728496e-02
 6.60941499e-01 -6.46057765e-02
 7.68996033e-01 -6.57539046e-02
 7.76211749e-01 -6.70224605e-02
 7.17510961e-01 -6.84173855e-02
 7.77645205e-01 -6.99453987e-02
 7.94884661e-01 -7.16140715e-02
 8.26700439e-01 -7.34319135e-02
 8.45180330e-01 -7.54084713e-02
 9.14516427e-01 -7.75544440e-02
 9.74901256e-01 -7.98818166e-02
 1.00097405e+00 -8.24040136e-02
 1.05808708e+00 -8.51360790e-02
 1.07157821e+00 -8.80948841e-02
 1.11488309e+00 -9.12993702e-02
 1.16566621e+00 -9.47708320e-02
 1.19236699e+00 -9.85332499e-02
 1.28096019e+00 -1.02613680e-01
 1.35127068e+00 -1.07042712e-01
 1.41877027e+00 -1.11855017e-01
 1.41992978e+00 -1.17089990e-01
 1.46744906e+00 -1.22792520e-01
 1.50854515e+00 -1.29013915e-01
 1.57303648e+00 -1.35813009e-01
 1.73254211e+00 -1.43257501e-01
 1.75244272e+00 -1.51425591e-01
 1.82218327e+00 -1.60407963e-01
 1.92680781e+00 -1.70310237e-01
 1.93327791e+00 -1.81255991e-01
 2.09116668e+00 -1.93390526e-01
 2.13201046e+00 -2.06885581e-01
 2.31239058e+00 -2.21945294e-01
 2.35564497e+00 -2.38813776e-01
 2.51235885e+00 -2.57784837e-01
 2.61157586e+00 -2.79214588e-01
 2.72604585e+00 -3.03537913e-01
 2.93642773e+00 -3.31290242e-01
 3.00578973e+00 -3.63136658e-01
 3.32262217e+00 -3.99911284e-01
 3.41082429e+00 -4.42671307e-01
 3.69471316e+00 -4.92772156e-01
 3.99102649e+00 -5.51973805e-01
 4.15005568e+00 -6.22593739e-01
 4.49403627e+00 -7.07731337e-01
 4.80670758e+00 -8.11604127e-01
 5.21713001e+00 -9.40063708e-01
 5.74863831e+00 -1.10140852e+00
 6.09575490e+00 -1.30770243e+00
 6.92578029e+00 -1.57698574e+00
 7.64985395e+00 -1.93712158e+00
 8.43493236e+00 -2.43276694e+00
 9.65365056e+00 -3.13858160e+00
 1.10731214e+01 -4.18542664e+00
 1.27312458e+01 -5.81438265e+00
 1.47690218e+01 -8.48865800e+00
 1.67185889e+01 -1.30941503e+01
 1.70149603e+01 -2.09753011e+01
 1.08884670e+01 -3.15389910e+01
 -4.53849896e+00 -3.51502946e+01
 -1.61266018e+01 -2.63958953e+01
 -1.81999518e+01 -1.66684429e+01
 -1.67176454e+01 -1.05534574e+01
 -1.45962759e+01 -7.03481550e+00
 -1.28368949e+01 -4.94666493e+00
 -1.12206460e+01 -3.63961184e+00
 -9.95307993e+00 -2.77834940e+00
 -9.01356285e+00 -2.18505947e+00
 -8.14240997e+00 -1.76080448e+00
 -7.45939461e+00 -1.44776467e+00
 -6.90927470e+00 -1.21059876e+00
 -6.36091248e+00 -1.02683203e+00
 -5.99528483e+00 -8.81668613e-01
 -5.66943575e+00 -7.65068914e-01
 -5.30177903e+00 -6.70037864e-01
 -4.97293869e+00 -5.91586723e-01
 -4.74510293e+00 -5.26083461e-01
 -4.50434444e+00 -4.70834816e-01
 -4.34082373e+00 -4.23810581e-01
 -4.06628004e+00 -3.83457604e-01
 -3.93451111e+00 -3.48571738e-01
 -3.77813435e+00 -3.18208049e-01
 -3.60685413e+00 -2.91616794e-01
 -3.53303185e+00 -2.68197068e-01
 -3.35152191e+00 -2.47462780e-01
 -3.27907885e+00 -2.29017345e-01
 -3.15048179e+00 -2.12534647e-01
 -3.07693180e+00 -1.97744546e-01
 -3.03983108e+00 -1.84421755e-01
 -2.94306965e+00 -1.72377194e-01
 -2.88216256e+00 -1.61451237e-01
 -2.70710459e+00 -1.51508375e-01
 -2.68732629e+00 -1.42432975e-01
 -2.60335559e+00 -1.34125885e-01
 -2.66878245e+00 -1.26501692e-01
 -2.61013854e+00 -1.19486498e-01
 -2.44711343e+00 -1.13016112e-01
 -2.38931956e+00 -1.07034549e-01
 -2.39082595e+00 -1.01492811e-01
 -2.41463778e+00 -9.63478575e-02
 -2.28729908e+00 -9.15617600e-02
 -2.31594284e+00 -8.71009866e-02
 -2.21091706e+00 -8.29358032e-02
 -2.19224843e+00 -7.90397670e-02
 -2.18682291e+00 -7.53892967e-02
 -2.12935832e+00 -7.19633068e-02
 -2.09974652e+00 -6.87428951e-02
 -2.02109139e+00 -6.57110747e-02
 -2.02328238e+00 -6.28525431e-02
 -1.95912734e+00 -6.01534839e-02
 -1.96015658e+00 -5.76013936e-02
 -1.82223122e+00 -5.51849324e-02
 -1.90757620e+00 -5.28937939e-02
 -1.81841236e+00 -5.07185908e-02
 -1.80647327e+00 -4.86507554e-02
 -1.87482109e+00 -4.66824520e-02
 -1.84329592e+00 -4.48064995e-02
 -1.84439761e+00 -4.30163032e-02
 -1.81353996e+00 -4.13057946e-02
 -1.73548436e+00 -3.96693776e-02
 -1.73969682e+00 -3.81018805e-02
 -1.75401206e+00 -3.65985136e-02
 -1.74287721e+00 -3.51548309e-02
 -1.68219735e+00 -3.37666955e-02
 -1.66535041e+00 -3.24302487e-02
 -1.71175837e+00 -3.11418816e-02
 -1.62521553e+00 -2.98982098e-02
 -1.61441335e+00 -2.86960497e-02
 -1.65566001e+00 -2.75323971e-02
 -1.60817480e+00 -2.64044072e-02
 -1.47820028e+00 -2.53093758e-02
 -1.61190515e+00 -2.42447224e-02
 -1.57219286e+00 -2.32079728e-02
 -1.55414240e+00 -2.21967439e-02
 -1.44946079e+00 -2.12087281e-02
 -1.55352136e+00 -2.02416781e-02
 -1.52012748e+00 -1.92933921e-02
 -1.50546546e+00 -1.83616986e-02
 -1.58223738e+00 -1.74444408e-02
 -1.58223970e+00 -1.65394609e-02
 -1.53947082e+00 -1.56445830e-02
 -1.52754924e+00 -1.47575949e-02
 -1.40895143e+00 -1.38762288e-02
 -1.50239094e+00 -1.29981397e-02
 -1.40857197e+00 -1.21208814e-02
 -1.48654847e+00 -1.12418798e-02
 -1.46112441e+00 -1.03584022e-02
 -1.52099969e+00 -9.46752204e-03
 -1.49627345e+00 -8.56607892e-03
 -1.40250764e+00 -7.65063063e-03
 -1.43363668e+00 -6.71739765e-03
 -1.45354954e+00 -5.76219706e-03
 -1.49600952e+00 -4.78036366e-03
 -1.45277064e+00 -3.76665526e-03
 -1.49681358e+00 -2.71513800e-03
 -1.37938219e+00 -1.61904679e-03
 -1.52286470e+00 -4.70614022e-04
 -1.46835016e+00 7.39141841e-04
 -1.33987016e+00 2.02067931e-03
 -1.46767786e+00 3.38626351e-03
 -1.50843561e+00 4.85038258e-03
 -1.44426897e+00 6.43027804e-03
 -1.52429472e+00 8.14662632e-03
 -1.53124871e+00 1.00244226e-02
 -1.41856973e+00 1.20941390e-02
 -1.37806939e+00 1.43932580e-02
 -1.42721785e+00 1.69683269e-02
 -1.49944241e+00 1.98777449e-02
 -1.49112155e+00 2.31955951e-02
 -1.47176677e+00 2.70169934e-02
 -1.59300333e+00 3.14656733e-02
 -1.57697746e+00 3.67049364e-02
 -1.46314793e+00 4.29537715e-02
 -1.49762543e+00 5.05110964e-02
 -1.59989570e+00 5.97930958e-02
 -1.61297252e+00 7.13922695e-02
 -1.69240135e+00 8.61735998e-02
 -1.60034698e+00 1.05436369e-01
 -1.61171497e+00 1.31196446e-01
 -1.86815967e+00 1.66698398e-01
 -1.81488582e+00 2.17383204e-01
 -1.89419109e+00 2.92786985e-01
 -2.06016752e+00 4.10340613e-01
 -2.15537375e+00 6.02607430e-01
 -2.27164877e+00 9.26537127e-01
 -2.26166582e+00 1.44022084e+00
 -1.53462097e+00 1.98649635e+00
 -8.06759967e-01 1.97700729e+00
 -2.82052319e-01 1.42634234e+00
 -2.13127272e-01 9.18678132e-01
 -2.33087464e-01 5.99961310e-01
 -4.28383185e-01 4.10922086e-01
 -4.72508006e-01 2.95403462e-01
 -6.18937827e-01 2.21416223e-01
 -5.46694040e-01 1.71828476e-01
 -6.87313067e-01 1.37254190e-01
 -7.13931446e-01 1.12329627e-01
 -9.13517658e-01 9.38516154e-02
 -8.33940383e-01 7.98274463e-02
 -9.19906616e-01 6.89713609e-02
 -8.79630221e-01 6.04266140e-02
 -9.48846858e-01 5.36059415e-02
 -1.03636563e+00 4.80966403e-02
 -9.63171858e-01 4.36022234e-02
 -9.17377738e-01 3.99054906e-02
 -9.70277689e-01 3.68445312e-02
 -1.04846775e+00 3.42967551e-02
 -1.09982922e+00 3.21680365e-02
 -1.06527788e+00 3.03851894e-02
 -1.01991214e+00 2.88906590e-02
 -1.10640316e+00 2.76387160e-02
 -1.01233269e+00 2.65926883e-02
 -1.14830998e+00 2.57229197e-02
 -1.01365367e+00 2.50052457e-02
 -1.10614049e+00 2.44198431e-02
 -1.06338825e+00 2.39503520e-02
 -1.18485820e+00 2.35831987e-02
 -1.25402451e+00 2.33070702e-02
 -1.17077659e+00 2.31125017e-02
 -1.25429627e+00 2.29915502e-02
 -1.18393241e+00 2.29375359e-02
 -1.22891799e+00 2.29448341e-02
 -1.18245577e+00 2.30087079e-02
 -1.22052800e+00 2.31251730e-02
 -1.19156881e+00 2.32908870e-02
 -1.20709725e+00 2.35030595e-02
 -1.25597130e+00 2.37593778e-02
 -1.26007267e+00 2.40579468e-02
 -1.23120907e+00 2.43972384e-02
 -1.24609334e+00 2.47760503e-02
 -1.25223761e+00 2.51934723e-02
 -1.25642663e+00 2.56488584e-02
 -1.28964203e+00 2.61418039e-02
 -1.27821697e+00 2.66721271e-02
 -1.28851354e+00 2.72398548e-02
 -1.30770464e+00 2.78452105e-02
 -1.25910374e+00 2.84886060e-02
 -1.40030675e+00 2.91706353e-02
 -1.39602586e+00 2.98920706e-02
 -1.36406062e+00 3.06538608e-02
 -1.41299286e+00 3.14571313e-02
 -1.30338869e+00 3.23031861e-02
 -1.41168876e+00 3.31935117e-02
 -1.44329164e+00 3.41297828e-02
 -1.50595826e+00 3.51138691e-02
 -1.39218781e+00 3.61478448e-02
 -1.49781472e+00 3.72339994e-02
 -1.49762076e+00 3.83748508e-02
 -1.57237913e+00 3.95731603e-02
 -1.52891370e+00 4.08319498e-02
 -1.61779313e+00 4.21545219e-02
 -1.57165095e+00 4.35444822e-02
 -1.53599127e+00 4.50057646e-02
 -1.53364636e+00 4.65426609e-02
 -1.59085746e+00 4.81598525e-02
 -1.61987705e+00 4.98624480e-02
 -1.66430426e+00 5.16560243e-02
 -1.65659734e+00 5.35466735e-02
 -1.76264983e+00 5.55410563e-02
 -1.77407372e+00 5.76464615e-02
 -1.83967185e+00 5.98708748e-02
 -1.77414071e+00 6.22230549e-02
 -1.89895564e+00 6.47126223e-02
 -1.83779556e+00 6.73501584e-02
 -1.81891885e+00 7.01473202e-02
 -1.89617516e+00 7.31169703e-02
 -1.95854111e+00 7.62733266e-02
 -2.05620762e+00 7.96321349e-02
 -2.10126471e+00 8.32108661e-02
 -2.04742024e+00 8.70289464e-02
 -2.07071673e+00 9.11080226e-02
 -2.09039952e+00 9.54722711e-02
 -2.16817647e+00 1.00148758e-01
 -2.22250731e+00 1.05167863e-01
 -2.28257917e+00 1.10563772e-01
 -2.37006528e+00 1.16375065e-01
 -2.43103113e+00 1.22645407e-01
 -2.42078089e+00 1.29424370e-01
 -2.47118510e+00 1.36768418e-01
 -2.54494059e+00 1.44742083e-01
 -2.65908320e+00 1.53419387e-01
 -2.62867296e+00 1.62885561e-01
 -2.77922471e+00 1.73239140e-01
 -2.77878758e+00 1.84594527e-01
 -2.93417552e+00 1.97085158e-01
 -2.96522922e+00 2.10867411e-01
 -3.08354812e+00 2.26125503e-01
 -3.13489588e+00 2.43077633e-01
 -3.35851703e+00 2.61983767e-01
 -3.44707222e+00 2.83155579e-01
 -3.61056425e+00 3.06969257e-01
 -3.71237824e+00 3.33882149e-01
 -3.83487400e+00 3.64454630e-01
 -4.03248118e+00 3.99379121e-01
 -4.08802451e+00 4.39519073e-01
 -4.40080338e+00 4.85961975e-01
 -4.55881258e+00 5.40092456e-01
 -4.77791804e+00 6.03694587e-01
 -4.95523941e+00 6.79097410e-01
 -5.31376968e+00 7.69385688e-01
 -5.63727298e+00 8.78711150e-01
 -6.00426826e+00 1.01276220e+00
 -6.53781547e+00 1.17948987e+00
 -6.99376692e+00 1.39025994e+00
 -7.59749391e+00 1.66173531e+00
 -8.22490472e+00 2.01905202e+00
 -9.12575314e+00 2.50136772e+00
 -1.00641210e+01 3.17191629e+00
 -1.13747148e+01 4.13688706e+00
 -1.26608215e+01 5.58180740e+00
 -1.45095875e+01 7.84102961e+00
 -1.62443134e+01 1.15127317e+01
 -1.69533767e+01 1.75064569e+01
 -1.39623475e+01 2.61040681e+01
 -3.42922776e+00 3.28854604e+01
 9.48365747e+00 2.99304490e+01
 1.56229000e+01 2.11410387e+01
 1.59866846e+01 1.38763523e+01
 1.44950944e+01 9.28639268e+00
 1.27721060e+01 6.48762675e+00
 1.12551048e+01 4.73020230e+00
 9.92097331e+00 3.57830924e+00
 8.84750689e+00 2.79117916e+00
 7.95448880e+00 2.23312877e+00
 7.15994865e+00 1.82477245e+00
 6.57925363e+00 1.51777395e+00
 6.06979220e+00 1.28157756e+00
 5.45536725e+00 1.09620238e+00
 5.15580400e+00 9.48183121e-01
 4.76730841e+00 8.28200137e-01
 4.43238755e+00 7.29648746e-01
 4.16145740e+00 6.47748917e-01
 4.00370758e+00 5.78975693e-01
 3.77798483e+00 5.20685601e-01
 3.58038681e+00 4.70866005e-01
 3.28046011e+00 4.27963473e-01
 3.23361378e+00 3.90764039e-01
 2.99624804e+00 3.58308237e-01
 2.92728481e+00 3.29829874e-01
 2.70278894e+00 3.04711266e-01
 2.63099682e+00 2.82450099e-01
 2.49056239e+00 2.62634573e-01
 2.42242445e+00 2.44924572e-01
 2.31500953e+00 2.29037240e-01
 2.17318849e+00 2.14735825e-01
 2.14827332e+00 2.01820976e-01
 1.94982525e+00 1.90123898e-01
 1.98782804e+00 1.79500921e-01
 1.84453849e+00 1.69829163e-01
 1.80426006e+00 1.61003042e-01
 1.75391672e+00 1.52931452e-01
 1.70220773e+00 1.45535465e-01
 1.60816693e+00 1.38746442e-01
 1.36202483e+00 1.32504489e-01
 1.50610833e+00 1.26757164e-01
 1.48618335e+00 1.21458416e-01
 1.38463450e+00 1.16567687e-01
 1.47067828e+00 1.12049167e-01
 1.28906019e+00 1.07871156e-01
 1.25524639e+00 1.04005540e-01
 1.19079832e+00 1.00427326e-01
 1.20232316e+00 9.71142676e-02
 1.15560512e+00 9.40465249e-02
 1.12269028e+00 9.12063886e-02
 1.06511708e+00 8.85780347e-02
 9.77883578e-01 8.61473159e-02
 1.05099407e+00 8.39015817e-02
 9.21027365e-01 8.18295224e-02
 1.03422389e+00 7.99210346e-02
 8.87774378e-01 7.81671051e-02
 9.11848346e-01 7.65597099e-02
 8.79760311e-01 7.50917273e-02
 8.15786172e-01 7.37568631e-02
 8.35727988e-01 7.25495856e-02
 6.90439741e-01 7.14650714e-02
 7.22765844e-01 7.04991577e-02
 6.06589525e-01 6.96483042e-02
 6.34998645e-01 6.89095600e-02
 6.84158325e-01 6.82805384e-02
 5.60427179e-01 6.77593966e-02
 5.35858569e-01 6.73448215e-02
 6.35893082e-01 6.70360212e-02
 4.99328270e-01 6.68327209e-02
 4.82629080e-01 6.67351652e-02
 5.51423918e-01 6.67441250e-02
 5.32582618e-01 6.68609106e-02
 3.58557925e-01 6.70873896e-02
 3.86958917e-01 6.74260124e-02
 3.77810496e-01 6.78798430e-02
 3.95287650e-01 6.84525983e-02
 2.18521772e-01 6.91486950e-02
 1.73556196e-01 6.99733056e-02
 3.03784181e-01 7.09324246e-02
 2.00670861e-01 7.20329473e-02
 1.87071675e-01 7.32827609e-02
 1.38579322e-01 7.46908524e-02
 1.67872437e-01 7.62674332e-02
 1.00008433e-01 7.80240867e-02
 1.18454006e-01 7.99739394e-02
 -5.67854050e-03 8.21318619e-02
 3.49142650e-02 8.45147050e-02
 -4.33283752e-02 8.71415775e-02
 -1.37137643e-01 9.00341732e-02
 -9.56543467e-02 9.32171588e-02
 -1.47691224e-01 9.67186339e-02
 -2.42570250e-01 1.00570680e-01
 -2.47195551e-01 1.04810014e-01
 -2.47860440e-01 1.09478782e-01
 -2.95961432e-01 1.14625507e-01
 -2.88332018e-01 1.20306244e-01
 -3.96357341e-01 1.26585993e-01
 -4.92969818e-01 1.33540423e-01
 -5.21271735e-01 1.41258007e-01
 -5.52883188e-01 1.49842668e-01
 -5.79357709e-01 1.59417089e-01
 -7.27654680e-01 1.70126883e-01
 -7.26040648e-01 1.82145878e-01
 -8.38135019e-01 1.95682878e-01
 -9.13561193e-01 2.10990397e-01
 -1.06455752e+00 2.28376026e-01
 -1.25024960e+00 2.48217393e-01
 -1.16912057e+00 2.70982069e-01
 -1.45910450e+00 2.97254362e-01
 -1.46982062e+00 3.27771838e-01
 -1.59192059e+00 3.63475818e-01
 -1.75756214e+00 4.05582232e-01
 -1.93540521e+00 4.55682697e-01
 -2.14730796e+00 5.15891330e-01
 -2.25695756e+00 5.89062237e-01
 -2.51404811e+00 6.79118767e-01
 -2.84531449e+00 7.91564005e-01
 -3.22457507e+00 9.34293352e-01
 -3.52096228e+00 1.11892568e+00
 -3.94529682e+00 1.36305313e+00
 -4.39354730e+00 1.69417142e+00
 -5.08309240e+00 2.15677670e+00
 -5.81910910e+00 2.82554664e+00
 -6.74163798e+00 3.83005487e+00
 -7.66119301e+00 5.39870201e+00
 -8.52586822e+00 7.91478489e+00
 -8.41263246e+00 1.18414146e+01
 -5.66581532e+00 1.67959740e+01
 1.32811357e+00 1.93790843e+01
 7.89526068e+00 1.64944666e+01
 1.04169141e+01 1.15481251e+01
 1.04578538e+01 7.72268293e+00
 9.62838557e+00 5.28271938e+00
 8.66690649e+00 3.75926355e+00
 7.80244535e+00 2.78064845e+00
 7.09664108e+00 2.12691711e+00
 6.41191829e+00 1.67324396e+00
 5.93762541e+00 1.34752436e+00
 5.41708881e+00 1.10667879e+00
 5.07985727e+00 9.24015939e-01
 4.86121076e+00 7.82416071e-01
 4.47938810e+00 6.70546935e-01
 4.24157268e+00 5.80692278e-01
 4.08884461e+00 5.07464015e-01
 3.95548046e+00 4.47014385e-01
 3.69049424e+00 3.96539996e-01
 3.62261849e+00 3.53961363e-01
 3.40246555e+00 3.17710882e-01
 3.29707463e+00 2.86589471e-01
 3.23726786e+00 2.59667747e-01
 3.15456306e+00 2.36216646e-01
 3.16372466e+00 2.15657937e-01
 2.95869842e+00 1.97528373e-01
 2.98651025e+00 1.81453375e-01
 2.81016226e+00 1.67127461e-01
 2.75134954e+00 1.54299518e-01
 2.76384491e+00 1.42761605e-01
 2.64784649e+00 1.32340344e-01
 2.56606807e+00 1.22890253e-01
 2.62454563e+00 1.14288516e-01
 2.45945018e+00 1.06430871e-01
 2.52935712e+00 9.92283331e-02
 2.40919415e+00 9.26045740e-02
 2.38543084e+00 8.64938086e-02
 2.42400090e+00 8.08390808e-02
 2.35820030e+00 7.55908642e-02
 2.26254876e+00 7.07059136e-02
 2.31388515e+00 6.61463166e-02
 2.26227704e+00 6.18787071e-02
 2.27039623e+00 5.78736088e-02
 2.20119420e+00 5.41048862e-02
 2.17985743e+00 5.05492813e-02
 2.17351137e+00 4.71860229e-02
 2.08917158e+00 4.39964939e-02
 2.22236487e+00 4.09639488e-02
 2.22828152e+00 3.80732704e-02
 2.04454223e+00 3.53107618e-02
 2.14900117e+00 3.26639660e-02
 2.07678357e+00 3.01215100e-02
 2.01323194e+00 2.76729684e-02
 1.97593591e+00 2.53087451e-02
 2.03979378e+00 2.30199679e-02
 2.03562370e+00 2.07983971e-02
 2.06964258e+00 1.86363425e-02
 2.01105903e+00 1.65265905e-02
 2.09707348e+00 1.44623385e-02
 2.01220143e+00 1.24371342e-02
 1.97701938e+00 1.04448221e-02
 1.97436936e+00 8.47949242e-03
 1.98026565e+00 6.53543474e-03
 1.99837693e+00 4.60709390e-03
 2.05653257e+00 2.68902821e-03
 1.99524646e+00 7.75869160e-04
 1.92480121e+00 -1.13771780e-03
 2.01928043e+00 -3.05707214e-03
 1.98195942e+00 -4.98757705e-03
 1.85315250e+00 -6.93469902e-03
 1.97064881e+00 -8.90402841e-03
 2.07565676e+00 -1.09013219e-02
 2.00524154e+00 -1.29325470e-02
 2.04426768e+00 -1.50039300e-02
 2.05762353e+00 -1.71220072e-02
 1.96299564e+00 -1.92936809e-02
 2.06524457e+00 -2.15262808e-02
 2.04642917e+00 -2.38276318e-02
 2.04789832e+00 -2.62061300e-02
 2.12674073e+00 -2.86708273e-02
 2.08654485e+00 -3.12315269e-02
 2.09193087e+00 -3.38988923e-02
 2.14243164e+00 -3.66845702e-02
 2.14974014e+00 -3.96013326e-02
 2.11889245e+00 -4.26632388e-02
 2.09927252e+00 -4.58858238e-02
 2.20579586e+00 -4.92863156e-02
 2.17683427e+00 -5.28838892e-02
 2.23527141e+00 -5.66999630e-02
 2.22333889e+00 -6.07585469e-02
 2.23746912e+00 -6.50866532e-02
 2.30648827e+00 -6.97147827e-02
 2.35320770e+00 -7.46775036e-02
 2.33405740e+00 -8.00141426e-02
 2.32517309e+00 -8.57696159e-02
 2.45964975e+00 -9.19954313e-02
 2.45376315e+00 -9.87509051e-02
 2.46415465e+00 -1.06104646e-01
 2.49993053e+00 -1.14136377e-01
 2.53532146e+00 -1.22939184e-01
 2.65591929e+00 -1.32622314e-01
 2.65412642e+00 -1.43314670e-01
 2.71134010e+00 -1.55169225e-01
 2.80002243e+00 -1.68368626e-01
 2.85525628e+00 -1.83132374e-01
 2.99667939e+00 -1.99726102e-01
 2.98890335e+00 -2.18473693e-01
 3.11586247e+00 -2.39773242e-01
 3.16509538e+00 -2.64118343e-01
 3.34327371e+00 -2.92126809e-01
 3.47063585e+00 -3.24579903e-01
 3.52177190e+00 -3.62476711e-01
 3.69313142e+00 -4.07110642e-01
 3.82791009e+00 -4.60178839e-01
 4.01846821e+00 -5.23941561e-01
 4.17381369e+00 -6.01458945e-01
 4.43341467e+00 -6.96950507e-01
 4.72423868e+00 -8.16354075e-01
 5.06494599e+00 -9.68217724e-01
 5.41244183e+00 -1.16516371e+00
 5.91811059e+00 -1.42636437e+00
 6.32245298e+00 -1.78185969e+00
 6.92932499e+00 -2.28030284e+00
 7.70764525e+00 -3.00310869e+00
 8.55140190e+00 -4.08993081e+00
 9.28177680e+00 -5.77910107e+00
 9.98161763e+00 -8.43472809e+00
 9.10734322e+00 -1.23399557e+01
 5.61539515e+00 -1.65406794e+01
 -8.80997340e-01 -1.76063436e+01
 -6.15584989e+00 -1.42772895e+01
 -7.82111865e+00 -9.98339429e+00
 -7.58118901e+00 -6.79599959e+00
 -6.87037069e+00 -4.74063427e+00
 -5.99213604e+00 -3.43042724e+00
 -5.25813193e+00 -2.57213186e+00
 -4.63332537e+00 -1.98932645e+00
 -4.07236446e+00 -1.57950970e+00
 -3.55333798e+00 -1.28216224e+00
 -3.10530389e+00 -1.06044103e+00
 -2.88952828e+00 -8.91155374e-01
 -2.56725551e+00 -7.59232094e-01
 -2.28580427e+00 -6.54581080e-01
 -2.04108677e+00 -5.70265928e-01
 -1.84898283e+00 -5.01403223e-01
 -1.74344373e+00 -4.44480783e-01
 -1.53469088e+00 -3.96923859e-01
 -1.49389118e+00 -3.56812213e-01
 -1.34467729e+00 -3.22691383e-01
 -1.17427909e+00 -2.93444156e-01
 -1.08384962e+00 -2.68201378e-01
 -9.20660919e-01 -2.46279002e-01
 -8.83753461e-01 -2.27132929e-01
 -7.93522562e-01 -2.10326157e-01
 -7.17624465e-01 -1.95504552e-01
 -6.27642276e-01 -1.82378773e-01
 -5.66878513e-01 -1.70710609e-01
 -5.72408389e-01 -1.60302563e-01
 -4.58470095e-01 -1.50989828e-01
 -4.38247407e-01 -1.42634039e-01
 -3.93771980e-01 -1.35118379e-01
 -3.60918856e-01 -1.28343709e-01
 -2.72722529e-01 -1.22225483e-01
 -2.44540037e-01 -1.16691276e-01
 -1.53327290e-01 -1.11678792e-01
 -1.30807025e-01 -1.07134233e-01
 -3.59414679e-02 -1.03010983e-01
 -9.54729165e-02 -9.92685165e-02
 1.52401566e-02 -9.58714969e-02
 3.10332132e-02 -9.27890346e-02
 4.53355457e-03 -8.99940637e-02
 8.37716737e-02 -8.74628222e-02
 1.26114539e-01 -8.51744150e-02
 1.02421951e-01 -8.31104456e-02
 1.50666421e-01 -8.12547046e-02
 2.51170323e-01 -7.95929048e-02
 1.69860511e-01 -7.81124571e-02
 3.54836558e-01 -7.68022787e-02
 3.72196355e-01 -7.56526296e-02
 3.68184813e-01 -7.46549731e-02
 4.24795448e-01 -7.38018567e-02
 4.05978020e-01 -7.30868100e-02
 4.32285921e-01 -7.25042582e-02
 4.57113991e-01 -7.20494484e-02
 3.93030528e-01 -7.17183877e-02
 5.08047867e-01 -7.15077905e-02
 5.24593110e-01 -7.14150360e-02
 5.27689946e-01 -7.14381330e-02
 5.69947883e-01 -7.15756923e-02
 6.31319673e-01 -7.18269056e-02
 6.64871960e-01 -7.21915315e-02
 7.07682952e-01 -7.26698862e-02
 6.46135361e-01 -7.32628415e-02
 6.92104448e-01 -7.39718275e-02
 6.27221783e-01 -7.47988410e-02
 6.58489699e-01 -7.57464605e-02
 7.77094976e-01 -7.68178659e-02
 8.83663533e-01 -7.80168660e-02
 8.45075359e-01 -7.93479314e-02
 9.06632708e-01 -8.08162349e-02
 9.02175801e-01 -8.24277007e-02
 9.46866457e-01 -8.41890612e-02
 9.14012435e-01 -8.61079238e-02
 1.06141091e+00 -8.81928492e-02
 1.01856559e+00 -9.04534414e-02
 1.04027770e+00 -9.29004522e-02
 1.08533571e+00 -9.55459014e-02
 1.18450325e+00 -9.84032163e-02
 1.17810497e+00 -1.01487392e-01
 1.23507059e+00 -1.04815177e-01
 1.20146305e+00 -1.08405288e-01
 1.32480455e+00 -1.12278658e-01
 1.29200495e+00 -1.16458729e-01
 1.39754931e+00 -1.20971784e-01
 1.47747717e+00 -1.25847343e-01
 1.57295277e+00 -1.31118624e-01
 1.60899167e+00 -1.36823083e-01
 1.54173022e+00 -1.43003052e-01
 1.77465792e+00 -1.49706495e-01
 1.71943624e+00 -1.56987901e-01
 1.82944949e+00 -1.64909358e-01
 1.74767473e+00 -1.73541829e-01
 1.87660206e+00 -1.82966696e-01
 1.96828126e+00 -1.93277619e-01
 1.95908716e+00 -2.04582804e-01
 2.11390797e+00 -2.17007770e-01
 2.27834843e+00 -2.30698748e-01
 2.26924427e+00 -2.45826890e-01
 2.41928893e+00 -2.62593504e-01
 2.44042475e+00 -2.81236614e-01
 2.52775385e+00 -3.02039256e-01
 2.61815228e+00 -3.25340014e-01
 2.90094567e+00 -3.51546561e-01
 2.99081800e+00 -3.81153181e-01
 3.09857193e+00 -4.14763684e-01
 3.23521874e+00 -4.53121672e-01
 3.43020455e+00 -4.97150966e-01
 3.57837554e+00 -5.48010268e-01
 3.80297932e+00 -6.07168009e-01
 4.08680506e+00 -6.76506325e-01
 4.25587209e+00 -7.58467697e-01
 4.55494811e+00 -8.56265250e-01
 4.91417666e+00 -9.74189870e-01
 5.23523845e+00 -1.11806770e+00
 5.78337319e+00 -1.29595660e+00
 6.14243315e+00 -1.51923158e+00
 6.68469831e+00 -1.80432045e+00
 7.37197547e+00 -2.17555563e+00
 8.09075933e+00 -2.66999463e+00
 8.93431073e+00 -3.34579464e+00
 1.01702602e+01 -4.29708360e+00
 1.12128443e+01 -5.68047928e+00
 1.26728664e+01 -7.76009008e+00
 1.39505819e+01 -1.09664686e+01
 1.42305541e+01 -1.58708789e+01
 1.20693189e+01 -2.25603181e+01
 4.65226050e+00 -2.84630699e+01
 -5.88987031e+00 -2.82291143e+01
 -1.28694870e+01 -2.21284148e+01
 -1.49320614e+01 -1.55224643e+01
 -1.44727292e+01 -1.07399841e+01
 -1.31062688e+01 -7.61954253e+00
 -1.18696997e+01 -5.59266216e+00
 -1.06024354e+01 -4.24104193e+00
 -9.59496416e+00 -3.30922015e+00
 -8.67932482e+00 -2.64565030e+00
 -7.94855433e+00 -2.15908728e+00
 -7.30617919e+00 -1.79303169e+00
 -6.80121310e+00 -1.51140349e+00
 -6.28434090e+00 -1.29046328e+00
 -5.89828583e+00 -1.11415333e+00
 -5.62110460e+00 -9.71335733e-01
 -5.22390023e+00 -8.54108276e-01
 -4.90863006e+00 -7.56749223e-01
 -4.71082383e+00 -6.75039115e-01
 -4.47384723e+00 -6.05814551e-01
 -4.29468233e+00 -5.46668205e-01
 -4.03439890e+00 -4.95743144e-01
 -3.84792097e+00 -4.51589217e-01
 -3.74571521e+00 -4.13061126e-01
 -3.62869714e+00 -3.79244958e-01
 -3.45250386e+00 -3.49404493e-01
 -3.34261076e+00 -3.22941448e-01
 -3.20479210e+00 -2.99365689e-01
 -3.12133633e+00 -2.78272667e-01
 -2.94382181e+00 -2.59326139e-01
 -2.90097254e+00 -2.42244821e-01
 -2.89794959e+00 -2.26791976e-01
 -2.80615833e+00 -2.12767230e-01
 -2.73908247e+00 -2.00000087e-01
 -2.62684605e+00 -1.88344746e-01
 -2.49673052e+00 -1.77675943e-01
 -2.48200702e+00 -1.67885583e-01
 -2.40747368e+00 -1.58879993e-01
 -2.39651098e+00 -1.50577687e-01
 -2.31854325e+00 -1.42907508e-01
 -2.24056246e+00 -1.35807108e-01
 -2.27692645e+00 -1.29221667e-01
 -2.16032306e+00 -1.23102839e-01
 -2.09042074e+00 -1.17407855e-01
 -2.12516300e+00 -1.12098773e-01
 -2.00732208e+00 -1.07141843e-01
 -2.05372685e+00 -1.02506966e-01
 -2.00020256e+00 -9.81672333e-02
 -1.91341133e+00 -9.40985343e-02
 -1.82188499e+00 -9.02792163e-02
 -1.90691727e+00 -8.66897951e-02
 -1.86968995e+00 -8.33127031e-02
 -1.82143520e+00 -8.01320714e-02
 -1.72849805e+00 -7.71335418e-02
 -1.76798496e+00 -7.43041010e-02
 -1.72677388e+00 -7.16319384e-02
 -1.71237523e+00 -6.91063194e-02
 -1.68096210e+00 -6.67174762e-02
 -1.77083740e+00 -6.44565111e-02
 -1.62654514e+00 -6.23153112e-02
 -1.67722494e+00 -6.02864743e-02
 -1.63262287e+00 -5.83632422e-02
 -1.57154425e+00 -5.65394433e-02
 -1.50802291e+00 -5.48094409e-02
 -1.56351817e+00 -5.31680880e-02
 -1.51953248e+00 -5.16106874e-02
 -1.49182880e+00 -5.01329565e-02
 -1.59808309e+00 -4.87309966e-02
 -1.50213755e+00 -4.74012656e-02
 -1.35995543e+00 -4.61405548e-02
 -1.34627337e+00 -4.49459682e-02
 -1.36652616e+00 -4.38149059e-02
 -1.34579776e+00 -4.27450489e-02
 -1.31024195e+00 -4.17343473e-02
 -1.32870223e+00 -4.07810116e-02
 -1.37307943e+00 -3.98835050e-02
 -1.28593957e+00 -3.90405398e-02
 -1.32680368e+00 -3.82510749e-02
 -1.30832782e+00 -3.75143169e-02
 -1.29059311e+00 -3.68297234e-02
 -1.26965419e+00 -3.61970094e-02
 -1.23332238e+00 -3.56161566e-02
 -1.29172037e+00 -3.50874264e-02
 -1.25544663e+00 -3.46113767e-02
 -1.17597466e+00 -3.41888832e-02
 -1.21673196e+00 -3.38211655e-02
 -1.21539951e+00 -3.35098192e-02
 -1.07218395e+00 -3.32568551e-02
 -1.11519417e+00 -3.30647461e-02
 -1.21936732e+00 -3.29364839e-02
 -1.14245563e+00 -3.28756470e-02
 -1.15202458e+00 -3.28864831e-02
 -1.09185741e+00 -3.29740077e-02
 -1.13460137e+00 -3.31441237e-02
 -1.08434209e+00 -3.34037661e-02
 -1.08369955e+00 -3.37610780e-02
 -1.13246361e+00 -3.42256254e-02
 -1.08253330e+00 -3.48086606e-02
 -9.88018068e-01 -3.55234478e-02
 -1.03143914e+00 -3.63856655e-02
 -9.75221256e-01 -3.74139100e-02
 -9.98085900e-01 -3.86303275e-02
 -1.01845541e+00 -4.00614133e-02
 -9.71419936e-01 -4.17390321e-02
 -9.74074036e-01 -4.37017288e-02
 -9.46899261e-01 -4.59964306e-02
 -9.99974926e-01 -4.86806753e-02
 -8.70163162e-01 -5.18255617e-02
 -8.30259406e-01 -5.55196985e-02
 -8.67021422e-01 -5.98745549e-02
 -8.71695510e-01 -6.50318041e-02
 -8.14673306e-01 -7.11735480e-02
 -8.54470447e-01 -7.85367718e-02
 -7.67167461e-01 -8.74341256e-02
 -7.54639671e-01 -9.82843492e-02
 -6.78045572e-01 -1.11657706e-01
 -7.11579625e-01 -1.28345310e-01
 -7.12052116e-01 -1.49467397e-01
 -6.19473219e-01 -1.76646683e-01
 -5.15088596e-01 -2.12293293e-01
 -4.95334601e-01 -2.60085407e-01
 -4.03432013e-01 -3.25799141e-01
 -3.63969906e-01 -4.18760617e-01
 -2.40709611e-01 -5.54348678e-01
 -5.93885231e-02 -7.57880851e-01
 1.67337454e-01 -1.06806548e+00
 5.82391279e-02 -1.52586184e+00
 -2.05970099e-01 -2.09495263e+00
 -1.05172899e+00 -2.48479138e+00
 -1.85313464e+00 -2.32136201e+00
 -2.33483083e+00 -1.77817162e+00
 -2.44469438e+00 -1.25413909e+00
 -2.37742658e+00 -8.80208185e-01
 -2.31409081e+00 -6.33186875e-01
 -2.17838771e+00 -4.69866787e-01
 -2.13820496e+00 -3.59083148e-01
 -2.06865567e+00 -2.81538892e-01
 -1.95451420e+00 -2.25571327e-01
 -1.87454833e+00 -1.84033415e-01
 -1.86864129e+00 -1.52430689e-01
 -1.83552744e+00 -1.27854665e-01
 -1.80629445e+00 -1.08369805e-01
 -1.75837197e+00 -9.26540259e-02
 -1.81566229e+00 -7.97825204e-02
 -1.64905758e+00 -6.90942729e-02
 -1.59202926e+00 -6.01075196e-02
 -1.63670591e+00 -5.24648991e-02
 -1.68530597e+00 -4.58970635e-02
 -1.61223585e+00 -4.01980359e-02
 -1.50688168e+00 -3.52082026e-02
 -1.65110735e+00 -3.08023699e-02
 -1.51714000e+00 -2.68812415e-02
 -1.51113437e+00 -2.33652464e-02
 -1.53840664e+00 -2.01900091e-02
 -1.52901585e+00 -1.73029813e-02
 -1.55812869e+00 -1.46609092e-02
 -1.49549253e+00 -1.22279084e-02
 -1.46921252e+00 -9.97398449e-03
 -1.48357137e+00 -7.87388700e-03
 -1.48418282e+00 -5.90621255e-03
 -1.56316067e+00 -4.05269770e-03
 -1.48879216e+00 -2.29765674e-03
 -1.57788950e+00 -6.27531436e-04
 -1.49100001e+00 9.69472095e-04
 -1.45046703e+00 2.50367833e-03
 -1.51380545e+00 3.98418345e-03
 -1.54759818e+00 5.41905368e-03
 -1.54073106e+00 6.81548949e-03
 -1.47938575e+00 8.17996251e-03
 -1.58008244e+00 9.51833011e-03
 -1.57481896e+00 1.08359323e-02
 -1.51775927e+00 1.21376738e-02
 -1.47870703e+00 1.34280945e-02
 -1.49730176e+00 1.47114298e-02
 -1.50446859e+00 1.59916633e-02
 -1.54091410e+00 1.72725729e-02
 -1.49997570e+00 1.85577712e-02
 -1.55781369e+00 1.98507421e-02
 -1.57001195e+00 2.11548732e-02
 -1.59969747e+00 2.24734860e-02
 -1.62692793e+00 2.38098633e-02
 -1.57017920e+00 2.51672750e-02
 -1.54627380e+00 2.65490029e-02
 -1.65924994e+00 2.79583643e-02
 -1.63013750e+00 2.93987350e-02
 -1.65888631e+00 3.08735725e-02
 -1.69672118e+00 3.23864389e-02
 -1.60204786e+00 3.39410244e-02
 -1.68536560e+00 3.55411720e-02
 -1.71079192e+00 3.71909022e-02
 -1.72842135e+00 3.88944404e-02
 -1.73180128e+00 4.06562447e-02
 -1.81684151e+00 4.24810370e-02
 -1.70718678e+00 4.43738356e-02
 -1.75439009e+00 4.63399913e-02
 -1.77887278e+00 4.83852267e-02
 -1.79502697e+00 5.05156792e-02
 -1.80911292e+00 5.27379492e-02
 -1.91091455e+00 5.50591526e-02
 -1.78998947e+00 5.74869801e-02
 -1.75797989e+00 6.00297633e-02
 -1.83068423e+00 6.26965484e-02
 -1.89264194e+00 6.54971797e-02
 -1.97949862e+00 6.84423932e-02
 -1.91535518e+00 7.15439235e-02
 -1.95084900e+00 7.48146237e-02
 -2.08393597e+00 7.82686032e-02
 -1.99300072e+00 8.19213843e-02
 -1.98327203e+00 8.57900815e-02
 -2.02156824e+00 8.98936075e-02
 -2.20388515e+00 9.42529103e-02
 -2.25906292e+00 9.88912472e-02
 -2.18505979e+00 1.03834502e-01
 -2.14357826e+00 1.09111553e-01
 -2.25751476e+00 1.14754706e-01
 -2.27899156e+00 1.20800195e-01
 -2.36191420e+00 1.27288773e-01
 -2.43728948e+00 1.34266415e-01
 -2.49401781e+00 1.41785137e-01
 -2.51788453e+00 1.49903981e-01
 -2.56954591e+00 1.58690187e-01
 -2.62553710e+00 1.68220601e-01
 -2.77594740e+00 1.78583362e-01
 -2.81226689e+00 1.89879962e-01
 -2.81885224e+00 2.02227743e-01
 -2.90075533e+00 2.15762953e-01
 -2.81033317e+00 2.30644521e-01
 -3.04550059e+00 2.47058728e-01
 -3.13818281e+00 2.65225038e-01
 -3.16956589e+00 2.85403429e-01
 -3.36521399e+00 3.07903668e-01
 -3.44704439e+00 3.33097160e-01
 -3.50201940e+00 3.61432196e-01
 -3.81254304e+00 3.93453760e-01
 -3.72407804e+00 4.29829521e-01
 -3.98707032e+00 4.71384297e-01
 -4.11710548e+00 5.19146259e-01
 -4.28937695e+00 5.74409661e-01
 -4.51349455e+00 6.38821119e-01
 -4.63360422e+00 7.14499985e-01
 -5.00273875e+00 8.04208920e-01
 -5.28684460e+00 9.11599675e-01
 -5.51469940e+00 1.04157376e+00
 -5.88251948e+00 1.20082224e+00
 -6.36155475e+00 1.39865104e+00
 -6.82919914e+00 1.64827192e+00
 -7.33846130e+00 1.96887104e+00
 -7.96745669e+00 2.38900608e+00
 -8.64605902e+00 2.95231602e+00
 -9.59050890e+00 3.72728996e+00
 -1.04794877e+01 4.82401196e+00
 -1.16007998e+01 6.42166642e+00
 -1.28108583e+01 8.80566509e+00
 -1.34323563e+01 1.23745617e+01
 -1.25119084e+01 1.74035022e+01
 -8.38397481e+00 2.29866913e+01
 -4.26095644e-01 2.56833672e+01
 7.54638797e+00 2.28575307e+01
 1.15371115e+01 1.72605597e+01
 1.23319965e+01 1.22723107e+01
 1.16277368e+01 8.74257967e+00
 1.06412580e+01 6.38506547e+00
 9.46982217e+00 4.80391403e+00
 8.49544061e+00 3.71741445e+00
 7.70679778e+00 2.94889870e+00
 6.94166183e+00 2.38978799e+00
 6.34144846e+00 1.97247268e+00
 5.79608163e+00 1.65383229e+00
 5.30067133e+00 1.40562116e+00
 4.88223289e+00 1.20884538e+00
 4.52951300e+00 1.05041451e+00
 4.32131989e+00 9.21100894e-01
 3.89342200e+00 8.14265038e-01
 3.69995400e+00 7.25040062e-01
 3.51831864e+00 6.49797875e-01
 3.21469750e+00 5.85792243e-01
 3.09544391e+00 5.30915389e-01
 2.89728197e+00 4.83528972e-01
 2.77839863e+00 4.42344736e-01
 2.57328452e+00 4.06338919e-01
 2.45141165e+00 3.74689996e-01
 2.32150981e+00 3.46732795e-01
 2.17192292e+00 3.21924264e-01
 2.14774456e+00 2.99817639e-01
 1.98543748e+00 2.80042752e-01
 1.97414361e+00 2.62290865e-01
 1.89638414e+00 2.46302887e-01
 1.80195898e+00 2.31860138e-01
 1.72672135e+00 2.18777056e-01
 1.56944551e+00 2.06895389e-01
 1.60919708e+00 1.96079544e-01
 1.39313987e+00 1.86212829e-01
 1.39599414e+00 1.77194409e-01
 1.45054784e+00 1.68936811e-01
 1.28704378e+00 1.61363886e-01
 1.22861952e+00 1.54409118e-01
 1.30068566e+00 1.48014222e-01
 1.14733522e+00 1.42127985e-01
 1.15111605e+00 1.36705279e-01
 1.23134420e+00 1.31706250e-01
 1.08121856e+00 1.27095619e-01
 1.02614186e+00 1.22842095e-01
 9.33776262e-01 1.18917882e-01
 9.51151673e-01 1.15298249e-01
 8.89521182e-01 1.11961167e-01
 8.07257992e-01 1.08887000e-01
 7.63278624e-01 1.06058235e-01
 8.37231114e-01 1.03459254e-01
 6.51276468e-01 1.01076132e-01
 7.76985849e-01 9.88964718e-02
 6.32394880e-01 9.69092485e-02
 5.91383148e-01 9.51046877e-02
 6.59773540e-01 9.34741531e-02
 6.07158255e-01 9.20100528e-02
 5.33259900e-01 9.07057572e-02
 5.60058955e-01 8.95555312e-02
 4.69394048e-01 8.85544750e-02
 5.05899555e-01 8.76984758e-02
 4.98753367e-01 8.69841681e-02
 4.40094690e-01 8.64089017e-02
 3.43483265e-01 8.59707181e-02
 3.27960328e-01 8.56683330e-02
 3.65017480e-01 8.55011267e-02
 3.25700308e-01 8.54691408e-02
 2.50350683e-01 8.55730819e-02
 3.07825519e-01 8.58143321e-02
 2.14751949e-01 8.61949659e-02
 1.28254822e-01 8.67177759e-02
 1.63412814e-01 8.73863052e-02
 8.02726029e-02 8.82048885e-02
 4.82443919e-02 8.91787031e-02
 -1.40778691e-03 9.03138295e-02
 3.12183037e-03 9.16173242e-02
 -5.57973013e-02 9.30973045e-02
 -7.94052115e-02 9.47630493e-02
 -3.26613158e-02 9.66251160e-02
 -1.76128364e-01 9.86954768e-02
 -1.71306806e-01 1.00987678e-01
 -1.17369195e-01 1.03517027e-01
 -2.47617424e-01 1.06300806e-01
 -2.96721592e-01 1.09358525e-01
 -2.97436119e-01 1.12712221e-01
 -3.44452680e-01 1.16386800e-01
 -4.20906540e-01 1.20410448e-01
 -4.01790679e-01 1.24815107e-01
 -4.92309127e-01 1.29637047e-01
 -4.76295214e-01 1.34917539e-01
 -5.56791872e-01 1.40703657e-01
 -5.92172150e-01 1.47049240e-01
 -7.13845209e-01 1.54016046e-01
 -7.62012213e-01 1.61675147e-01
 -7.83748189e-01 1.70108618e-01
 -7.55326083e-01 1.79411598e-01
 -8.07049061e-01 1.89694823e-01
 -9.42801180e-01 2.01087739e-01
 -1.07405994e+00 2.13742379e-01
 -1.07399261e+00 2.27838197e-01
 -1.16952980e+00 2.43588160e-01
 -1.22628324e+00 2.61246469e-01
 -1.29288784e+00 2.81118429e-01
 -1.41364099e+00 3.03573177e-01
 -1.53994686e+00 3.29060248e-01
 -1.60667543e+00 3.58131337e-01
 -1.78682171e+00 3.91469221e-01
 -1.80266475e+00 4.29926598e-01
 -2.03631335e+00 4.74578929e-01
 -2.21174678e+00 5.26797258e-01
 -2.34723547e+00 5.88350035e-01
 -2.57349205e+00 6.61547705e-01
 -2.75588844e+00 7.49451509e-01
 -3.05009552e+00 8.56180542e-01
 -3.32877689e+00 9.87372231e-01
 -3.55995340e+00 1.15088754e+00
 -3.93665520e+00 1.35791525e+00
 -4.50019562e+00 1.62474148e+00
 -4.86941156e+00 1.97564977e+00
 -5.55753168e+00 2.44776841e+00
 -6.20635527e+00 3.09925830e+00
 -6.91265599e+00 4.02295774e+00
 -7.68463635e+00 5.36730284e+00
 -8.34861373e+00 7.35840333e+00
 -8.71733310e+00 1.02729402e+01
 -7.50652365e+00 1.41540749e+01
 -3.64357124e+00 1.79138503e+01
 2.48629849e+00 1.89200358e+01
 7.79076977e+00 1.61974650e+01
 1.00496963e+01 1.21261079e+01
 1.03734703e+01 8.69324152e+00
 9.82672954e+00 6.27246086e+00
