 NaN NaN
 7.57858982e+01 4.66244742e+00
 3.87571407e+01 1.72114981e+00
 2.60041969e+01 9.55088283e-01
 1.96195419e+01 6.27809542e-01
 1.57157316e+01 4.53167040e-01
 1.31940022e+01 3.47184138e-01
 1.12469544e+01 2.77211730e-01
 9.71994597e+00 2.28175215e-01
 8.75509263e+00 1.92247929e-01
 7.89343535e+00 1.65002901e-01
 7.12158196e+00 1.43766701e-01
 6.46215344e+00 1.26839089e-01
 6.00564080e+00 1.13092381e-01
 5.57933798e+00 1.01752177e-01
 5.22921623e+00 9.22708770e-02
 4.80877484e+00 8.42514580e-02
 4.55772097e+00 7.73997803e-02
 4.20826417e+00 7.14937803e-02
 3.91630986e+00 6.63630038e-02
 3.76198266e+00 6.18746718e-02
 3.60288704e+00 5.79239849e-02
 3.37104261e+00 5.44272461e-02
 3.18843927e+00 5.13168957e-02
 3.04147290e+00 4.85378713e-02
 2.87346631e+00 4.60449001e-02
 2.73069045e+00 4.38004585e-02
 2.65667762e+00 4.17732171e-02
 2.54363845e+00 3.99368406e-02
 2.46587813e+00 3.82690549e-02
 2.37161141e+00 3.67509130e-02
 2.21230822e+00 3.53662135e-02
 2.07337921e+00 3.41010355e-02
 2.04405822e+00 3.29433648e-02
 2.00728849e+00 3.18827903e-02
 1.95361492e+00 3.09102572e-02
 1.70208996e+00 3.00178634e-02
 1.67741924e+00 2.91986919e-02
 1.56840918e+00 2.84466722e-02
 1.59287547e+00 2.77564641e-02
 1.47137472e+00 2.71233607e-02
 1.39153063e+00 2.65432068e-02
 1.37668422e+00 2.60123301e-02
 1.37549519e+00 2.55274826e-02
 1.24660127e+00 2.50857915e-02
 1.29059014e+00 2.46847166e-02
 1.19167940e+00 2.43220148e-02
 1.13535111e+00 2.39957087e-02
 1.04206748e+00 2.37040610e-02
 9.80736749e-01 2.34455519e-02
 9.40939265e-01 2.32188596e-02
 8.66252658e-01 2.30228442e-02
 8.86444263e-01 2.28565342e-02
 8.09625153e-01 2.27191141e-02
 8.15705305e-01 2.26099157e-02
 6.28473359e-01 2.25284091e-02
 5.83415523e-01 2.24741972e-02
 5.10592287e-01 2.24470102e-02
 5.15636891e-01 2.24467021e-02
 5.35154865e-01 2.24732487e-02
 4.83733937e-01 2.25267460e-02
 3.84885582e-01 2.26074105e-02
 3.42029928e-01 2.27155805e-02
 4.24423960e-01 2.28517183e-02
 2.85794921e-01 2.30164140e-02
 2.17380179e-01 2.32103901e-02
 2.20895532e-01 2.34345080e-02
 1.37464722e-01 2.36897755e-02
 1.38006009e-01 2.39773556e-02
 5.31252753e-02 2.42985779e-02
 2.57860229e-02 2.46549508e-02
 1.11376532e-02 2.50481764e-02
 -3.24563128e-02 2.54801678e-02
 -9.13525509e-02 2.59530684e-02
 -1.66404146e-01 2.64692748e-02
 -3.46272281e-01 2.70314629e-02
 -2.69310082e-01 2.76426181e-02
 -4.52199585e-01 2.83060697e-02
 -2.73823743e-01 2.90255306e-02
 -4.26266919e-01 2.98051438e-02
 -4.43343860e-01 3.06495350e-02
 -4.56002979e-01 3.15638743e-02
 -6.06233111e-01 3.25539478e-02
 -5.94433047e-01 3.36262405e-02
 -6.82519006e-01 3.47880330e-02
 -7.69357640e-01 3.60475156e-02
 -8.53314775e-01 3.74139210e-02
 -7.42092110e-01 3.88976815e-02
 -9.05481361e-01 4.05106147e-02
 -1.00102134e+00 4.22661438e-02
 -1.05011610e+00 4.41795609e-02
 -1.15795716e+00 4.62683412e-02
 -1.16435488e+00 4.85525218e-02
 -1.35772173e+00 5.10551599e-02
 -1.30255758e+00 5.38028887e-02
 -1.45933512e+00 5.68265975e-02
 -1.62418880e+00 6.01622675e-02
 -1.67574756e+00 6.38520051e-02
 -1.75589611e+00 6.79453291e-02
 -1.91638713e+00 7.25007839e-02
 -1.91839052e+00 7.75879782e-02
 -2.04010019e+00 8.32901802e-02
 -2.21284281e+00 8.97076519e-02
 -2.39783025e+00 9.69619710e-02
 -2.56893537e+00 1.05201691e-01
 -2.69964000e+00 1.14609831e-01
 -2.79113784e+00 1.25413907e-01
 -3.06351663e+00 1.37899537e-01
 -3.26005095e+00 1.52429147e-01
 -3.48725503e+00 1.69468091e-01
 -3.75194810e+00 1.89621733e-01
 -4.06788938e+00 2.13689076e-01
 -4.43848418e+00 2.42741936e-01
 -4.80332057e+00 2.78244542e-01
 -5.23436860e+00 3.22238965e-01
 -5.57893062e+00 3.77641189e-01
 -6.27864619e+00 4.48730071e-01
 -7.01570751e+00 5.41986999e-01
 -7.79027100e+00 6.67605227e-01
 -8.78118886e+00 8.42354342e-01
 -1.00236696e+01 1.09538468e+00
 -1.19102805e+01 1.48097809e+00
 -1.42005593e+01 2.10956500e+00
 -1.76101800e+01 3.23389995e+00
 -2.28139631e+01 5.53570166e+00
 -3.20152593e+01 1.13538486e+01
 -4.77024167e+01 3.20108272e+01
 -1.47202889e+01 1.01973568e+02
 5.16530572e+01 4.27451010e+01
 3.58985854e+01 1.39723524e+01
 2.55565677e+01 6.49986343e+00
 1.96935851e+01 3.70780627e+00
 1.59352048e+01 2.38921912e+00
 1.33707772e+01 1.66732953e+00
 1.15962636e+01 1.23050259e+00
 1.01833549e+01 9.46451840e-01
 9.07032281e+00 7.51477777e-01
 8.12013232e+00 6.11890336e-01
 7.47329686e+00 5.08531767e-01
 6.96129179e+00 4.29861429e-01
 6.41862547e+00 3.68592921e-01
 5.86311376e+00 3.19942886e-01
 5.59035569e+00 2.80666128e-01
 5.24244026e+00 2.48498192e-01
 4.90582035e+00 2.21820055e-01
 4.72376793e+00 1.99449310e-01
 4.47594810e+00 1.80506106e-01
 4.19530879e+00 1.64324761e-01
 4.00999893e+00 1.50394104e-01
 3.85836771e+00 1.38316336e-01
 3.62553892e+00 1.27778137e-01
 3.54044052e+00 1.18530006e-01
 3.31554513e+00 1.10371273e-01
 3.19758832e+00 1.03139062e-01
 3.12588085e+00 9.67000582e-02
 3.01977329e+00 9.09443009e-02
 2.91214950e+00 8.57804401e-02
 2.71602568e+00 8.11320861e-02
 2.73681831e+00 7.69349671e-02
 2.71034350e+00 7.31346988e-02
 2.48907706e+00 6.96850196e-02
 2.41706613e+00 6.65463833e-02
 2.31365676e+00 6.36848295e-02
 2.28664361e+00 6.10710703e-02
 2.19923089e+00 5.86797470e-02
 2.09065423e+00 5.64888227e-02
 2.18047479e+00 5.44790818e-02
 2.02779923e+00 5.26337164e-02
 1.97622221e+00 5.09379832e-02
 1.79862765e+00 4.93789157e-02
 1.75095046e+00 4.79450839e-02
 1.74860690e+00 4.66263923e-02
 1.64857842e+00 4.54139079e-02
 1.69454942e+00 4.42997159e-02
 1.56798544e+00 4.32767958e-02
 1.62187315e+00 4.23389166e-02
 1.58375228e+00 4.14805467e-02
 1.46469853e+00 4.06967768e-02
 1.46670694e+00 3.99832541e-02
 1.42478572e+00 3.93361256e-02
 1.34069549e+00 3.87519890e-02
 1.29241522e+00 3.82278513e-02
 1.34549810e+00 3.77610930e-02
 1.15868600e+00 3.73494371e-02
 1.16003704e+00 3.69909235e-02
 1.14029454e+00 3.66838869e-02
 1.10547392e+00 3.64269385e-02
 1.08300265e+00 3.62189507e-02
 1.00380586e+00 3.60590455e-02
 9.48980648e-01 3.59465845e-02
 1.04779516e+00 3.58811627e-02
 8.25770957e-01 3.58626042e-02
 8.58519625e-01 3.58909599e-02
 9.05607235e-01 3.59665081e-02
 7.37701696e-01 3.60897574e-02
 7.02964383e-01 3.62614519e-02
 6.79519380e-01 3.64825785e-02
 6.31270656e-01 3.67543775e-02
 6.06683316e-01 3.70783555e-02
 6.66361306e-01 3.74563016e-02
 5.12229365e-01 3.78903066e-02
 5.02130249e-01 3.83827863e-02
 4.55140393e-01 3.89365088e-02
 4.93159632e-01 3.95546262e-02
 3.91571414e-01 4.02407121e-02
 3.96133454e-01 4.09988050e-02
 2.12933559e-01 4.18334584e-02
 2.17876461e-01 4.27497995e-02
 3.02777157e-01 4.37535976e-02
 1.61652135e-01 4.48513428e-02
 1.63060697e-01 4.60503386e-02
 9.03750102e-02 4.73588097e-02
 3.09847111e-03 4.87860279e-02
 -1.25082785e-01 5.03424603e-02
 -1.98851618e-01 5.20399435e-02
 -2.60853976e-01 5.38918889e-02
 -1.55294395e-01 5.59135272e-02
 -3.08576604e-01 5.81221977e-02
 -3.84426066e-01 6.05376953e-02
 -4.09154369e-01 6.31826855e-02
 -3.78645793e-01 6.60832061e-02
 -5.50046286e-01 6.92692736e-02
 -5.55132318e-01 7.27756225e-02
 -7.10489405e-01 7.66426101e-02
 -7.59933279e-01 8.09173320e-02
 -8.15353269e-01 8.56550040e-02
 -9.68400927e-01 9.09206875e-02
 -1.07586522e+00 9.67914587e-02
 -1.17013175e+00 1.03359156e-01
 -1.23481945e+00 1.10733891e-01
 -1.37436374e+00 1.19048569e-01
 -1.50868869e+00 1.28464777e-01
 -1.60156165e+00 1.39180515e-01
 -1.74355715e+00 1.51440475e-01
 -1.81992560e+00 1.65549868e-01
 -2.01785053e+00 1.81893265e-01
 -2.31490278e+00 2.00960644e-01
 -2.50535913e+00 2.23383966e-01
 -2.66268412e+00 2.49989439e-01
 -3.01309384e+00 2.81873622e-01
 -3.30521001e+00 3.20516663e-01
 -3.48299867e+00 3.67954825e-01
 -3.99026630e+00 4.27050550e-01
 -4.47100734e+00 5.01928330e-01
 -4.93891920e+00 5.98703305e-01
 -5.56794555e+00 7.26749740e-01
 -6.36172220e+00 9.01017032e-01
 -7.18044020e+00 1.14650405e+00
 -8.43312587e+00 1.50751150e+00
 -1.00735584e+01 2.06843678e+00
 -1.23234721e+01 3.00562570e+00
 -1.55439527e+01 4.73480868e+00
 -2.03258364e+01 8.40494985e+00
 -2.72112095e+01 1.78488214e+01
 -2.72520456e+01 4.48740848e+01
 1.93502581e+01 5.66923998e+01
 3.14170131e+01 2.38513421e+01
 2.43800857e+01 1.05334559e+01
 1.89720338e+01 5.66862547e+00
 1.52614595e+01 3.49593627e+00
 1.27558943e+01 2.36127170e+00
 1.10818382e+01 1.69956819e+00
 9.75030783e+00 1.28160678e+00
 8.77691060e+00 1.00131169e+00
 7.96220407e+00 8.04416693e-01
 7.22424063e+00 6.60909271e-01
 6.74462454e+00 5.53127879e-01
 6.14372042e+00 4.70141220e-01
 5.85764866e+00 4.04894832e-01
 5.47026330e+00 3.52673289e-01
 5.14321492e+00 3.10228773e-01
 4.90985826e+00 2.75265755e-01
 4.71171416e+00 2.46124845e-01
 4.45404464e+00 2.21582552e-01
 4.30776885e+00 2.00720838e-01
 4.14455597e+00 1.82840028e-01
 3.91538894e+00 1.67399346e-01
 3.77251723e+00 1.53975516e-01
 3.67014955e+00 1.42233417e-01
 3.54323106e+00 1.31904944e-01
 3.45689504e+00 1.22773552e-01
 3.31314577e+00 1.14662806e-01
 3.15793045e+00 1.07427787e-01
 3.03685214e+00 1.00948583e-01
 3.12434696e+00 9.51252812e-02
 2.90532746e+00 8.98741072e-02
 2.90211180e+00 8.51243975e-02
 2.84521413e+00 8.08162195e-02
 2.78125853e+00 7.68984801e-02
 2.58002708e+00 7.33274129e-02
 2.56575067e+00 7.00653595e-02
 2.43099362e+00 6.70797818e-02
 2.46374284e+00 6.43424563e-02
 2.48078616e+00 6.18288131e-02
 2.38079260e+00 5.95173910e-02
 2.32681958e+00 5.73893854e-02
 2.26676733e+00 5.54282723e-02
 2.25181018e+00 5.36194933e-02
 2.15687905e+00 5.19501915e-02
 2.20951166e+00 5.04089879e-02
 2.04644839e+00 4.89857932e-02
 2.04967121e+00 4.76716470e-02
 2.10228930e+00 4.64585811e-02
 1.83484783e+00 4.53395034e-02
 1.95672918e+00 4.43080969e-02
 1.91288873e+00 4.33587348e-02
 1.87147081e+00 4.24864061e-02
 1.82747224e+00 4.16866522e-02
 1.77771697e+00 4.09555122e-02
 1.76624185e+00 4.02894758e-02
 1.72724116e+00 3.96854425e-02
 1.60036968e+00 3.91406868e-02
 1.61270390e+00 3.86528283e-02
 1.53329324e+00 3.82198066e-02
 1.52953995e+00 3.78398591e-02
 1.50815738e+00 3.75115037e-02
 1.51227401e+00 3.72335238e-02
 1.41886018e+00 3.70049563e-02
 1.53140379e+00 3.68250829e-02
 1.32833904e+00 3.66934233e-02
 1.32628627e+00 3.66097314e-02
 1.29422758e+00 3.65739937e-02
 1.23678951e+00 3.65864300e-02
 1.23873945e+00 3.66474967e-02
 1.27453305e+00 3.67578927e-02
 1.12750819e+00 3.69185671e-02
 1.14333806e+00 3.71307312e-02
 1.11240278e+00 3.73958716e-02
 1.07521082e+00 3.77157680e-02
 1.09204894e+00 3.80925139e-02
 1.07402055e+00 3.85285413e-02
 1.01817576e+00 3.90266502e-02
 1.01804400e+00 3.95900427e-02
 9.51803653e-01 4.02223636e-02
 9.13096188e-01 4.09277471e-02
 8.51179248e-01 4.17108713e-02
 9.37010863e-01 4.25770228e-02
 8.09236373e-01 4.35321699e-02
 7.52326037e-01 4.45830507e-02
 7.82380299e-01 4.57372738e-02
 7.64800899e-01 4.70034380e-02
 5.60602782e-01 4.83912720e-02
 6.28558527e-01 4.99117999e-02
 5.53577302e-01 5.15775363e-02
 5.67947100e-01 5.34027180e-02
 5.70516654e-01 5.54035802e-02
 4.54286148e-01 5.75986874e-02
 4.86875534e-01 6.00093299e-02
 2.68767732e-01 6.26600036e-02
 2.54285931e-01 6.55789919e-02
 1.69307582e-01 6.87990753e-02
 2.37342443e-01 7.23584027e-02
 1.21082860e-01 7.63015662e-02
 1.07208288e-01 8.06809372e-02
 4.06992489e-02 8.55583369e-02
 1.10801565e-02 9.10071421e-02
 -9.73910698e-02 9.71149595e-02
 -2.05349763e-01 1.03987051e-01
 -2.36999825e-01 1.11750760e-01
 -4.20660924e-01 1.20561288e-01
 -5.23498745e-01 1.30609315e-01
 -6.36546635e-01 1.42131157e-01
 -6.83414933e-01 1.55422489e-01
 -9.54536369e-01 1.70857120e-01
 -1.01826535e+00 1.88913071e-01
 -1.11063464e+00 2.10209368e-01
 -1.35503809e+00 2.35558908e-01
 -1.54406802e+00 2.66045895e-01
 -1.77107283e+00 3.03141806e-01
 -2.05834957e+00 3.48883344e-01
 -2.28749789e+00 4.06153212e-01
 -2.74269207e+00 4.79137253e-01
 -3.04854840e+00 5.74096079e-01
 -3.45968435e+00 7.00723045e-01
 -4.04185502e+00 8.74653479e-01
 -4.87231619e+00 1.12237596e+00
 -5.76702335e+00 1.49152952e+00
 -6.96306638e+00 2.07435980e+00
 -8.71041006e+00 3.06677091e+00
 -1.11008465e+01 4.93536778e+00
 -1.44123306e+01 8.94393758e+00
 -1.71887878e+01 1.86294989e+01
 -6.37576816e+00 3.54522214e+01
 1.72206099e+01 2.83202592e+01
 1.91443128e+01 1.33601790e+01
 1.57110847e+01 6.81984949e+00
 1.28927089e+01 3.99343238e+00
 1.08546883e+01 2.59135754e+00
 9.37235387e+00 1.80912487e+00
 8.25565498e+00 1.33227617e+00
 7.46137936e+00 1.02145082e+00
 6.78119535e+00 8.08078158e-01
 6.28498797e+00 6.55476427e-01
 5.71546359e+00 5.42659855e-01
 5.41277780e+00 4.56947495e-01
 5.06242208e+00 3.90322179e-01
 4.77828484e+00 3.37519250e-01
 4.62373824e+00 2.94968242e-01
 4.32801386e+00 2.60179623e-01
 4.22383449e+00 2.31375251e-01
 4.08912184e+00 2.07258030e-01
 3.75451068e+00 1.86863985e-01
 3.74760037e+00 1.69464743e-01
 3.70395974e+00 1.54501735e-01
 3.50826370e+00 1.41540859e-01
 3.34555994e+00 1.30240645e-01
 3.26043055e+00 1.20329531e-01
 3.27599068e+00 1.11589374e-01
 3.04906818e+00 1.03843331e-01
 3.07325319e+00 9.69468260e-02
 3.00268760e+00 9.07807390e-02
 2.85533934e+00 8.52462166e-02
 2.92325970e+00 8.02606751e-02
 2.79068193e+00 7.57546948e-02
 2.69456440e+00 7.16695834e-02
 2.74718604e+00 6.79554513e-02
 2.61895991e+00 6.45696776e-02
 2.56152219e+00 6.14756795e-02
 2.57001278e+00 5.86419189e-02
 2.53508475e+00 5.60410944e-02
 2.48060459e+00 5.36494809e-02
 2.45272459e+00 5.14463866e-02
 2.33264089e+00 4.94137046e-02
 2.35906202e+00 4.75355396e-02
 2.31160977e+00 4.57978972e-02
 2.31548140e+00 4.41884231e-02
 2.28522871e+00 4.26961836e-02
 2.22650958e+00 4.13114800e-02
 2.17982974e+00 4.00256917e-02
 2.22027870e+00 3.88311418e-02
 2.12160125e+00 3.77209833e-02
 2.13425781e+00 3.66891010e-02
 2.16047741e+00 3.57300277e-02
 2.07996938e+00 3.48388715e-02
 1.94002763e+00 3.40112540e-02
 1.98522320e+00 3.32432561e-02
 2.02929951e+00 3.25313716e-02
 1.95319733e+00 3.18724670e-02
 1.95263719e+00 3.12637461e-02
 1.98049508e+00 3.07027209e-02
 1.91073931e+00 3.01871843e-02
 1.93387626e+00 2.97151888e-02
 1.85370912e+00 2.92850267e-02
 1.83516144e+00 2.88952138e-02
 1.85498914e+00 2.85444759e-02
 1.75283042e+00 2.82317372e-02
 1.88057189e+00 2.79561110e-02
 1.74738967e+00 2.77168928e-02
 1.81438955e+00 2.75135544e-02
 1.64420852e+00 2.73457407e-02
 1.74104884e+00 2.72132681e-02
 1.70333754e+00 2.71161240e-02
 1.74554421e+00 2.70544691e-02
 1.64947747e+00 2.70286406e-02
 1.64935378e+00 2.70391579e-02
 1.58441137e+00 2.70867301e-02
 1.54918947e+00 2.71722659e-02
 1.60855898e+00 2.72968851e-02
 1.60101050e+00 2.74619341e-02
 1.54952280e+00 2.76690033e-02
 1.57561596e+00 2.79199479e-02
 1.44179314e+00 2.82169132e-02
 1.45735205e+00 2.85623635e-02
 1.45436280e+00 2.89591165e-02
 1.41077114e+00 2.94103832e-02
 1.47671784e+00 2.99198155e-02
 1.34922745e+00 3.04915607e-02
 1.35319405e+00 3.11303261e-02
 1.31995863e+00 3.18414554e-02
 1.27094557e+00 3.26310178e-02
 1.28068090e+00 3.35059138e-02
 1.29817630e+00 3.44740005e-02
 1.19049725e+00 3.55442404e-02
 1.21674261e+00 3.67268792e-02
 1.22132960e+00 3.80336588e-02
 1.12512539e+00 3.94780737e-02
 1.11878397e+00 4.10756810e-02
 1.19001808e+00 4.28444779e-02
 1.08163074e+00 4.48053614e-02
 1.08130163e+00 4.69826956e-02
 1.01862677e+00 4.94050115e-02
 9.99340140e-01 5.21058792e-02
 9.71064389e-01 5.51250005e-02
 8.40397566e-01 5.85095893e-02
 9.33414085e-01 6.23161291e-02
 8.22479122e-01 6.66126290e-02
 7.53140039e-01 7.14815475e-02
 6.54995767e-01 7.70236188e-02
 7.01446978e-01 8.33629140e-02
 6.80228797e-01 9.06536139e-02
 5.92039564e-01 9.90891861e-02
 4.66484566e-01 1.08914992e-01
 3.87154647e-01 1.20445867e-01
 3.71339533e-01 1.34091038e-01
 2.19983822e-01 1.50390094e-01
 1.18096240e-01 1.70065958e-01
 3.92326563e-03 1.94104672e-01
 -1.47298201e-01 2.23878602e-01
 -3.53306350e-01 2.61342177e-01
 -4.98573422e-01 3.09352986e-01
 -7.68616165e-01 3.72218272e-01
 -9.49970621e-01 4.56665286e-01
 -1.27384454e+00 5.73651328e-01
 -1.60122431e+00 7.41940747e-01
 -2.23790785e+00 9.95670482e-01
 -2.95889371e+00 1.40167385e+00
 -3.91622236e+00 2.10285153e+00
 -4.98789597e+00 3.43613677e+00
 -6.49720454e+00 6.24666028e+00
 -5.91855812e+00 1.20738668e+01
 2.39742997e+00 1.68847725e+01
 9.66157556e+00 1.12137466e+01
 9.76284590e+00 5.79802844e+00
 8.32787247e+00 3.23807070e+00
 7.11242013e+00 2.00853599e+00
 6.24102537e+00 1.35282680e+00
 5.61160850e+00 9.68715430e-01
 5.23206242e+00 7.26402676e-01
 4.66449371e+00 5.64438302e-01
 4.37667494e+00 4.51108487e-01
 4.07774580e+00 3.68830239e-01
 3.89410461e+00 3.07262084e-01
 3.74842130e+00 2.60016207e-01
 3.58212555e+00 2.22981390e-01
 3.42656298e+00 1.93417776e-01
 3.25935316e+00 1.69444030e-01
 3.24445521e+00 1.49734464e-01
 3.11040210e+00 1.33333566e-01
 3.03092069e+00 1.19538790e-01
 2.91852846e+00 1.07824380e-01
 2.90318383e+00 9.77906375e-02
 2.88414076e+00 8.91293591e-02
 2.65535891e+00 8.15998404e-02
 2.81989417e+00 7.50118998e-02
 2.67878957e+00 6.92136786e-02
 2.67679840e+00 6.40827412e-02
 2.60616736e+00 5.95194943e-02
 2.59057976e+00 5.54422602e-02
 2.51673834e+00 5.17835456e-02
 2.53245772e+00 4.84871863e-02
 2.46910640e+00 4.55061395e-02
 2.39339399e+00 4.28007629e-02
 2.40173884e+00 4.03374604e-02
 2.36975222e+00 3.80876076e-02
 2.28030641e+00 3.60266951e-02
 2.44150307e+00 3.41336374e-02
 2.26704680e+00 3.23902151e-02
 2.27936855e+00 3.07806190e-02
 2.30279003e+00 2.92910773e-02
 2.24439237e+00 2.79095484e-02
 2.23832748e+00 2.66254659e-02
 2.10353200e+00 2.54295269e-02
 2.30013076e+00 2.43135147e-02
 2.17542894e+00 2.32701499e-02
 2.17241474e+00 2.22929647e-02
 2.15548078e+00 2.13761964e-02
 2.07195411e+00 2.05146973e-02
 2.19457718e+00 1.97038571e-02
 2.08192192e+00 1.89395368e-02
 2.11986628e+00 1.82180122e-02
 2.12252979e+00 1.75359245e-02
 2.07435765e+00 1.68902382e-02
 2.04372691e+00 1.62782041e-02
 2.13038435e+00 1.56973276e-02
 2.11745128e+00 1.51453409e-02
 2.03569486e+00 1.46201781e-02
 1.96536236e+00 1.41199544e-02
 2.02541961e+00 1.36429470e-02
 1.96004140e+00 1.31875787e-02
 1.99337555e+00 1.27524032e-02
 2.12004926e+00 1.23360921e-02
 1.93413541e+00 1.19374237e-02
 2.05547654e+00 1.15552727e-02
 1.93699670e+00 1.11886007e-02
 1.92150712e+00 1.08364491e-02
 2.04172961e+00 1.04979308e-02
 1.91621857e+00 1.01722244e-02
 1.94341355e+00 9.85856825e-03
 1.94150843e+00 9.55625502e-03
 1.89228229e+00 9.26462731e-03
 1.92674340e+00 8.98307326e-03
 1.94943423e+00 8.71102276e-03
 1.88628171e+00 8.44794401e-03
 1.92880643e+00 8.19334038e-03
 1.98922078e+00 7.94674761e-03
 1.90965900e+00 7.70773121e-03
 1.84685776e+00 7.47588411e-03
 1.92047869e+00 7.25082460e-03
 1.85830089e+00 7.03219430e-03
 1.91993159e+00 6.81965645e-03
 1.88379336e+00 6.61289428e-03
 1.95109830e+00 6.41160952e-03
 1.78651746e+00 6.21552105e-03
 1.86492059e+00 6.02436366e-03
 1.76726039e+00 5.83788689e-03
 1.79142038e+00 5.65585400e-03
 1.82407332e+00 5.47804100e-03
 1.91719442e+00 5.30423575e-03
 1.85107150e+00 5.13423715e-03
 1.89296563e+00 4.96785437e-03
 1.90070341e+00 4.80490617e-03
 1.86465021e+00 4.64522022e-03
 1.90132540e+00 4.48863252e-03
 1.91633538e+00 4.33498685e-03
 1.76010466e+00 4.18413422e-03
 1.84107894e+00 4.03593244e-03
 1.80364194e+00 3.89024562e-03
 1.76754375e+00 3.74694377e-03
 1.77455577e+00 3.60590244e-03
 1.84971938e+00 3.46700231e-03
 1.84569667e+00 3.33012890e-03
 1.80979551e+00 3.19517219e-03
 1.84452846e+00 3.06202639e-03
 1.88118838e+00 2.93058961e-03
 1.81958775e+00 2.80076364e-03
 1.85207395e+00 2.67245364e-03
 1.79359289e+00 2.54556797e-03
 1.80169757e+00 2.42001795e-03
 1.89322734e+00 2.29571764e-03
 1.79808029e+00 2.17258364e-03
 1.90690107e+00 2.05053493e-03
 1.86135127e+00 1.92949267e-03
 1.79529738e+00 1.80938004e-03
 1.86897211e+00 1.69012207e-03
 1.75558311e+00 1.57164549e-03
 1.80857055e+00 1.45387859e-03
 1.78944286e+00 1.33675108e-03
 1.71083649e+00 1.22019391e-03
 1.85697229e+00 1.10413921e-03
 1.81194335e+00 9.88520117e-04
 1.76973046e+00 8.73270638e-04
 1.75760771e+00 7.58325569e-04
 1.78826583e+00 6.43620348e-04
 1.83298392e+00 5.29090952e-04
 1.76209068e+00 4.14673779e-04
 1.76099894e+00 3.00305537e-04
 1.78917189e+00 1.85923131e-04
 1.69193086e+00 7.14635566e-05
 1.82125303e+00 -4.31362124e-05
 1.71074696e+00 -1.57939332e-04
 1.79254481e+00 -2.73009199e-04
 1.83114627e+00 -3.88409562e-04
 1.76857801e+00 -5.04204628e-04
 1.75489270e+00 -6.20459183e-04
 1.79209161e+00 -7.37238701e-04
 1.76648202e+00 -8.54609463e-04
 1.86053173e+00 -9.72638675e-04
 1.80228846e+00 -1.09139459e-03
 1.78082442e+00 -1.21094665e-03
 1.75726857e+00 -1.33136558e-03
 1.79927321e+00 -1.45272355e-03
 1.75926671e+00 -1.57509432e-03
 1.77958694e+00 -1.69855337e-03
 1.73995671e+00 -1.82317804e-03
 1.81075679e+00 -1.94904771e-03
 1.87728727e+00 -2.07624396e-03
 1.80080165e+00 -2.20485073e-03
 1.85006632e+00 -2.33495452e-03
 1.85295317e+00 -2.46664456e-03
 1.91312384e+00 -2.60001302e-03
 1.80638480e+00 -2.73515522e-03
 1.80184151e+00 -2.87216988e-03
 1.75348521e+00 -3.01115931e-03
 1.81401191e+00 -3.15222969e-03
 1.84409625e+00 -3.29549135e-03
 1.80335378e+00 -3.44105901e-03
 1.74831024e+00 -3.58905214e-03
 1.90046212e+00 -3.73959523e-03
 1.83867192e+00 -3.89281817e-03
 1.85367625e+00 -4.04885660e-03
 1.85543422e+00 -4.20785231e-03
 1.77428075e+00 -4.36995366e-03
 1.82585661e+00 -4.53531604e-03
 1.79661247e+00 -4.70410234e-03
 1.82594022e+00 -4.87648346e-03
 1.88056449e+00 -5.05263893e-03
 1.94369488e+00 -5.23275742e-03
 1.82334467e+00 -5.41703749e-03
 1.88552033e+00 -5.60568821e-03
 1.91358025e+00 -5.79892995e-03
 1.87977453e+00 -5.99699522e-03
 1.80938301e+00 -6.20012951e-03
 1.86150915e+00 -6.40859228e-03
 1.82113108e+00 -6.62265800e-03
 1.94929460e+00 -6.84261727e-03
 1.89450175e+00 -7.06877805e-03
 1.91290615e+00 -7.30146699e-03
 1.92586356e+00 -7.54103090e-03
 1.89405067e+00 -7.78783833e-03
 1.87749074e+00 -8.04228127e-03
 1.96580966e+00 -8.30477712e-03
 1.81421151e+00 -8.57577068e-03
 1.89931718e+00 -8.85573646e-03
 1.93247063e+00 -9.14518115e-03
 1.87813069e+00 -9.44464639e-03
 1.95860318e+00 -9.75471174e-03
 1.96608363e+00 -1.00759980e-02
 1.94581403e+00 -1.04091709e-02
 1.91679105e+00 -1.07549450e-02
 1.97691271e+00 -1.11140884e-02
 1.87399152e+00 -1.14874274e-02
 2.00775491e+00 -1.18758522e-02
 1.89789350e+00 -1.22803230e-02
 1.96879574e+00 -1.27018764e-02
 2.00584898e+00 -1.31416335e-02
 2.02392066e+00 -1.36008080e-02
 1.98141428e+00 -1.40807157e-02
 2.02149588e+00 -1.45827852e-02
 2.08066553e+00 -1.51085697e-02
 2.01595424e+00 -1.56597601e-02
 2.04287382e+00 -1.62382006e-02
 2.16117618e+00 -1.68459054e-02
 2.02123026e+00 -1.74850779e-02
 2.07395655e+00 -1.81581329e-02
 2.11938344e+00 -1.88677210e-02
 2.10030999e+00 -1.96167576e-02
 2.07653404e+00 -2.04084544e-02
 2.20522939e+00 -2.12463576e-02
 2.16090426e+00 -2.21343898e-02
 2.09443582e+00 -2.30768993e-02
 2.18472830e+00 -2.40787173e-02
 2.24440521e+00 -2.51452233e-02
 2.17718812e+00 -2.62824218e-02
 2.21924791e+00 -2.74970319e-02
 2.21321655e+00 -2.87965916e-02
 2.26604514e+00 -3.01895805e-02
 2.20442601e+00 -3.16855655e-02
 2.21466403e+00 -3.32953713e-02
 2.29666114e+00 -3.50312854e-02
 2.30762842e+00 -3.69073013e-02
 2.33804170e+00 -3.89394106e-02
 2.40696693e+00 -4.11459561e-02
 2.43344310e+00 -4.35480582e-02
 2.38531929e+00 -4.61701350e-02
 2.50313793e+00 -4.90405403e-02
 2.40552946e+00 -5.21923486e-02
 2.41630688e+00 -5.56643300e-02
 2.53245878e+00 -5.95021671e-02
 2.53016984e+00 -6.37599866e-02
 2.68168250e+00 -6.85023009e-02
 2.69209570e+00 -7.38064896e-02
 2.70820597e+00 -7.97660005e-02
 2.70814168e+00 -8.64945174e-02
 2.77212219e+00 -9.41314419e-02
 2.80654576e+00 -1.02849185e-01
 2.90974749e+00 -1.12862981e-01
 2.89464783e+00 -1.24444271e-01
 3.02309333e+00 -1.37939214e-01
 3.00516503e+00 -1.53794685e-01
 3.28890748e+00 -1.72595431e-01
 3.28427857e+00 -1.95118155e-01
 3.40513995e+00 -2.22411915e-01
 3.55733622e+00 -2.55920436e-01
 3.66490810e+00 -2.97673051e-01
 3.77357973e+00 -3.50591605e-01
 3.97757111e+00 -4.19000233e-01
 4.23769768e+00 -5.09504381e-01
 4.51218686e+00 -6.32572435e-01
 4.85971253e+00 -8.05523069e-01
 5.37296201e+00 -1.05848542e+00
 5.93263604e+00 -1.44702517e+00
 6.69744826e+00 -2.08051434e+00
 7.57350406e+00 -3.18799083e+00
 8.45458962e+00 -5.25472930e+00
 8.25305480e+00 -9.03908625e+00
 4.20512599e+00 -1.33882654e+01
 -2.83895094e+00 -1.21270312e+01
 -5.12983727e+00 -7.47201773e+00
 -4.69616947e+00 -4.37393962e+00
 -3.76346833e+00 -2.72795854e+00
 -2.92593051e+00 -1.82710347e+00
 -2.34138260e+00 -1.29805009e+00
 -1.78565259e+00 -9.65973586e-01
 -1.29136599e+00 -7.45626227e-01
 -1.01590021e+00 -5.92633671e-01
 -8.31475999e-01 -4.82393166e-01
 -5.14366743e-01 -4.00486742e-01
 -3.45169359e-01 -3.38053872e-01
 -1.47958714e-01 -2.89423730e-01
 -1.48856641e-02 -2.50838293e-01
 7.05655310e-02 -2.19731109e-01
 2.39159875e-01 -1.94303029e-01
 3.10989438e-01 -1.73263554e-01
 4.17392335e-01 -1.55668130e-01
 5.28918952e-01 -1.40812879e-01
 4.65732058e-01 -1.28164800e-01
 5.36912859e-01 -1.17314427e-01
 6.09662638e-01 -1.07943082e-01
 7.26874853e-01 -9.97998083e-02
 7.26410135e-01 -9.26848485e-02
 8.17653238e-01 -8.64376325e-02
 7.90006812e-01 -8.09279276e-02
 8.71489915e-01 -7.60492316e-02
 9.36679307e-01 -7.17137845e-02
 1.01385607e+00 -6.78487614e-02
 1.01889686e+00 -6.43933375e-02
 1.08161062e+00 -6.12964054e-02
 1.14387767e+00 -5.85147828e-02
 1.08448689e+00 -5.60117953e-02
 1.10893996e+00 -5.37561472e-02
 1.16184598e+00 -5.17210144e-02
 1.14935661e+00 -4.98833120e-02
 1.20483923e+00 -4.82230994e-02
 1.27588380e+00 -4.67230927e-02
 1.25100968e+00 -4.53682651e-02
 1.31562841e+00 -4.41455162e-02
 1.33218108e+00 -4.30433974e-02
 1.33932804e+00 -4.20518831e-02
 1.37702002e+00 -4.11621790e-02
 1.41458968e+00 -4.03665614e-02
 1.43018182e+00 -3.96582412e-02
 1.38774445e+00 -3.90312490e-02
 1.40351273e+00 -3.84803382e-02
 1.44256697e+00 -3.80009015e-02
 1.44353719e+00 -3.75889013e-02
 1.50890984e+00 -3.72408090e-02
 1.55817305e+00 -3.69535546e-02
 1.57269738e+00 -3.67244822e-02
 1.59318234e+00 -3.65513137e-02
 1.68038235e+00 -3.64321173e-02
 1.65284294e+00 -3.63652808e-02
 1.60274707e+00 -3.63494896e-02
 1.67754329e+00 -3.63837087e-02
 1.62458070e+00 -3.64671674e-02
 1.64442431e+00 -3.65993483e-02
 1.73922789e+00 -3.67799779e-02
 1.60943789e+00 -3.70090210e-02
 1.72165626e+00 -3.72866768e-02
 1.73142357e+00 -3.76133780e-02
 1.67194404e+00 -3.79897923e-02
 1.75745636e+00 -3.84168256e-02
 1.75650403e+00 -3.88956288e-02
 1.81944833e+00 -3.94276058e-02
 1.92896225e+00 -4.00144253e-02
 1.81460691e+00 -4.06580346e-02
 1.93359488e+00 -4.13606770e-02
 1.86933672e+00 -4.21249117e-02
 1.90943633e+00 -4.29536383e-02
 1.99397680e+00 -4.38501249e-02
 1.99590365e+00 -4.48180404e-02
 2.06309619e+00 -4.58614925e-02
 1.98742860e+00 -4.69850712e-02
 2.14805954e+00 -4.81938996e-02
 2.10410877e+00 -4.94936913e-02
 2.09796118e+00 -5.08908175e-02
 2.11523669e+00 -5.23923846e-02
 2.20213246e+00 -5.40063232e-02
 2.17297807e+00 -5.57414918e-02
 2.21236082e+00 -5.76077964e-02
 2.23422614e+00 -5.96163307e-02
 2.33501960e+00 -6.17795385e-02
 2.32662413e+00 -6.41114042e-02
 2.39001336e+00 -6.66276766e-02
 2.45227831e+00 -6.93461315e-02
 2.46695988e+00 -7.22868832e-02
 2.44463349e+00 -7.54727523e-02
 2.51439184e+00 -7.89297056e-02
 2.56164929e+00 -8.26873808e-02
 2.53814835e+00 -8.67797175e-02
 2.67591526e+00 -9.12457190e-02
 2.65699709e+00 -9.61303769e-02
 2.73821004e+00 -1.01485799e-01
 2.81306632e+00 -1.07372591e-01
 2.82333286e+00 -1.13861571e-01
 2.95915214e+00 -1.21035884e-01
 3.00497825e+00 -1.28993667e-01
 3.00693373e+00 -1.37851389e-01
 3.09514761e+00 -1.47748111e-01
 3.27519351e+00 -1.58850925e-01
 3.34714228e+00 -1.71362003e-01
 3.29168226e+00 -1.85527776e-01
 3.36055059e+00 -2.01651053e-01
 3.61987274e+00 -2.20107175e-01
 3.72287789e+00 -2.41365814e-01
 3.77288820e+00 -2.66020794e-01
 4.04255176e+00 -2.94831465e-01
 4.15835344e+00 -3.28781012e-01
 4.31068588e+00 -3.69160076e-01
 4.56083300e+00 -4.17688972e-01
 4.68934095e+00 -4.76700114e-01
 4.98529730e+00 -5.49416775e-01
 5.21116443e+00 -6.40390346e-01
 5.55227742e+00 -7.56206609e-01
 5.89153469e+00 -9.06664885e-01
 6.45555738e+00 -1.10682137e+00
 7.06381017e+00 -1.38068206e+00
 7.84487901e+00 -1.76819794e+00
 8.56773192e+00 -2.33921191e+00
 9.70763779e+00 -3.22273731e+00
 1.09510000e+01 -4.67080134e+00
 1.25691298e+01 -7.19358554e+00
 1.36004495e+01 -1.17467436e+01
 1.14037784e+01 -1.90476984e+01
 1.79013274e+00 -2.43070800e+01
 -8.07005654e+00 -1.95946533e+01
 -1.06590565e+01 -1.21760894e+01
 -9.71091009e+00 -7.44435178e+00
 -8.13905457e+00 -4.81907472e+00
 -6.86733027e+00 -3.31683448e+00
 -5.73826742e+00 -2.40346083e+00
 -4.80060030e+00 -1.81496598e+00
 -4.13338556e+00 -1.41660373e+00
 -3.60227324e+00 -1.13567125e+00
 -3.09913169e+00 -9.30710185e-01
 -2.70614991e+00 -7.76875891e-01
 -2.30966770e+00 -6.58622064e-01
 -2.09655761e+00 -5.65850224e-01
 -1.83618513e+00 -4.91784863e-01
 -1.58381909e+00 -4.31750154e-01
 -1.38309567e+00 -3.82438756e-01
 -1.16212406e+00 -3.41459957e-01
 -1.09219542e+00 -3.07052064e-01
 -8.10872916e-01 -2.77894455e-01
 -7.68633047e-01 -2.52981821e-01
 -6.07897745e-01 -2.31538214e-01
 -5.73186544e-01 -2.12957178e-01
 -3.81203272e-01 -1.96759296e-01
 -3.01392840e-01 -1.82561629e-01
 -2.30368200e-01 -1.70055381e-01
 -1.06856968e-01 -1.58989360e-01
 -3.49612705e-02 -1.49157585e-01
 -7.25200457e-02 -1.40389894e-01
 8.55990270e-02 -1.32544743e-01
 9.51897267e-02 -1.25503647e-01
 2.14741153e-01 -1.19166835e-01
 1.69275136e-01 -1.13449830e-01
 2.31401518e-01 -1.08280744e-01
 2.88788697e-01 -1.03598108e-01
 3.69905141e-01 -9.93491303e-02
 3.89093164e-01 -9.54882897e-02
 4.69012928e-01 -9.19761822e-02
 4.58224907e-01 -8.87785815e-02
 5.75758549e-01 -8.58656642e-02
 6.01757369e-01 -8.32113668e-02
 6.89259409e-01 -8.07928531e-02
 5.87383968e-01 -7.85900678e-02
 6.95906443e-01 -7.65853625e-02
 8.35606044e-01 -7.47631812e-02
 6.68864448e-01 -7.31097937e-02
 8.39782331e-01 -7.16130709e-02
 8.97878540e-01 -7.02622923e-02
 9.07971011e-01 -6.90479834e-02
 9.31828073e-01 -6.79617757e-02
 9.71696354e-01 -6.69962879e-02
 9.43807555e-01 -6.61450236e-02
 1.01496744e+00 -6.54022839e-02
 1.06676673e+00 -6.47630928e-02
 1.04407739e+00 -6.42231332e-02
 1.06262357e+00 -6.37786926e-02
 1.03051308e+00 -6.34266172e-02
 1.21990942e+00 -6.31642728e-02
 1.23554377e+00 -6.29895128e-02
 1.24396955e+00 -6.29006521e-02
 1.38468635e+00 -6.28964456e-02
 1.33785735e+00 -6.29760728e-02
 1.31027672e+00 -6.31391259e-02
 1.30785800e+00 -6.33856028e-02
 1.34519890e+00 -6.37159047e-02
 1.48188207e+00 -6.41308367e-02
 1.49892711e+00 -6.46316138e-02
 1.41862566e+00 -6.52198705e-02
 1.54530947e+00 -6.58976746e-02
 1.63113644e+00 -6.66675458e-02
 1.61946998e+00 -6.75324794e-02
 1.50376818e+00 -6.84959747e-02
 1.69672976e+00 -6.95620698e-02
 1.62471334e+00 -7.07353822e-02
 1.79251431e+00 -7.20211570e-02
 1.73337500e+00 -7.34253227e-02
 1.82405366e+00 -7.49545564e-02
 1.87155066e+00 -7.66163593e-02
 1.87849568e+00 -7.84191439e-02
 1.92723019e+00 -8.03723352e-02
 1.99248422e+00 -8.24864878e-02
 1.96535572e+00 -8.47734214e-02
 2.03507828e+00 -8.72463783e-02
 2.01742709e+00 -8.99202066e-02
 2.17618260e+00 -9.28115727e-02
 2.23560253e+00 -9.59392111e-02
 2.26786599e+00 -9.93242154e-02
 2.30461376e+00 -1.02990381e-01
 2.30241302e+00 -1.06964610e-01
 2.36680229e+00 -1.11277387e-01
 2.34171623e+00 -1.15963347e-01
 2.50275040e+00 -1.21061954e-01
 2.62158621e+00 -1.26618308e-01
 2.56739099e+00 -1.32684120e-01
 2.66386927e+00 -1.39318891e-01
 2.74755375e+00 -1.46591342e-01
 2.79894236e+00 -1.54581165e-01
 2.92178249e+00 -1.63381167e-01
 3.00494367e+00 -1.73099930e-01
 3.10236126e+00 -1.83865118e-01
 3.09824463e+00 -1.95827616e-01
 3.26178073e+00 -2.09166765e-01
 3.38430901e+00 -2.24097016e-01
 3.49653214e+00 -2.40876475e-01
 3.54759511e+00 -2.59817966e-01
 3.67421628e+00 -2.81303499e-01
 3.78266296e+00 -3.05803397e-01
 3.93608024e+00 -3.33901858e-01
 4.13531003e+00 -3.66331548e-01
 4.33336718e+00 -4.04021052e-01
 4.48528672e+00 -4.48160901e-01
 4.90079450e+00 -5.00296936e-01
 5.09707741e+00 -5.62464659e-01
 5.33689438e+00 -6.37386310e-01
 5.58271275e+00 -7.28766191e-01
 5.97325233e+00 -8.41743804e-01
 6.35324207e+00 -9.83607691e-01
 6.83942564e+00 -1.16495356e+00
 7.47459326e+00 -1.40162619e+00
 8.07977685e+00 -1.71809765e+00
 8.94384626e+00 -2.15359000e+00
 9.86766869e+00 -2.77367655e+00
 1.11421027e+01 -3.69329184e+00
 1.25797536e+01 -5.12417550e+00
 1.43422229e+01 -7.47316060e+00
 1.60959885e+01 -1.15183254e+01
 1.64494945e+01 -1.84404845e+01
 1.10965465e+01 -2.77187049e+01
 -2.44957155e+00 -3.08906937e+01
 -1.27116210e+01 -2.32019698e+01
 -1.44756466e+01 -1.46586244e+01
 -1.32451057e+01 -9.28809065e+00
 -1.13511209e+01 -6.19791394e+00
 -9.70992945e+00 -4.36413397e+00
 -8.38803302e+00 -3.21639241e+00
 -7.28452583e+00 -2.46019159e+00
 -6.30070929e+00 -1.93935516e+00
 -5.62384730e+00 -1.56698705e+00
 -5.04332136e+00 -1.29230474e+00
 -4.41771432e+00 -1.08426840e+00
 -3.93277102e+00 -9.23138842e-01
 -3.65431958e+00 -7.95921151e-01
 -3.30138114e+00 -6.93797843e-01
 -2.93780187e+00 -6.10625428e-01
 -2.79376364e+00 -5.42022569e-01
 -2.44768773e+00 -4.84799533e-01
 -2.24612502e+00 -4.36591109e-01
 -2.11296351e+00 -3.95614457e-01
 -1.81212866e+00 -3.60505744e-01
 -1.79823334e+00 -3.30207680e-01
 -1.63405563e+00 -3.03890652e-01
 -1.49975093e+00 -2.80896499e-01
 -1.40261195e+00 -2.60697799e-01
 -1.26217450e+00 -2.42867987e-01
 -1.20361754e+00 -2.27059130e-01
 -1.11535700e+00 -2.12985203e-01
 -9.82502347e-01 -2.00409368e-01
 -9.52406178e-01 -1.89134199e-01
 -6.94658853e-01 -1.78994096e-01
 -7.87930575e-01 -1.69849350e-01
 -6.73492201e-01 -1.61581461e-01
 -6.41547006e-01 -1.54089412e-01
 -4.15464028e-01 -1.47286690e-01
 -3.79206966e-01 -1.41098878e-01
 -3.89475004e-01 -1.35461710e-01
 -2.93867657e-01 -1.30319475e-01
 -1.99293092e-01 -1.25623710e-01
 -1.45413257e-01 -1.21332126e-01
 -6.09854982e-02 -1.17407710e-01
 -7.83872025e-02 -1.13817985e-01
 -3.77934685e-02 -1.10534383e-01
 4.46447684e-02 -1.07531723e-01
 1.02521613e-01 -1.04787771e-01
 1.62701815e-01 -1.02282866e-01
 1.35244946e-01 -9.99996041e-02
 2.34300927e-01 -9.79225664e-02
 2.08546880e-01 -9.60380911e-02
 3.08723994e-01 -9.43340756e-02
 3.46548095e-01 -9.27998082e-02
 3.58807517e-01 -9.14258234e-02
 4.48511198e-01 -9.02037780e-02
 6.03504951e-01 -8.91263441e-02
 4.97209068e-01 -8.81871189e-02
 5.67422258e-01 -8.73805456e-02
 6.22591335e-01 -8.67018480e-02
 6.34966354e-01 -8.61469742e-02
 6.83400499e-01 -8.57125491e-02
 7.86363988e-01 -8.53958364e-02
 8.13149759e-01 -8.51947066e-02
 8.44345098e-01 -8.51076126e-02
 8.17700133e-01 -8.51335714e-02
 9.33022862e-01 -8.52721521e-02
 9.12388679e-01 -8.55234690e-02
 8.55605020e-01 -8.58881810e-02
 9.51232249e-01 -8.63674960e-02
 9.46581170e-01 -8.69631815e-02
 1.16669370e+00 -8.76775809e-02
 1.13121927e+00 -8.85136349e-02
 1.23988374e+00 -8.94749112e-02
 1.19949471e+00 -9.05656391e-02
 1.26095350e+00 -9.17907536e-02
 1.18433350e+00 -9.31559459e-02
 1.29356197e+00 -9.46677250e-02
 1.48802866e+00 -9.63334886e-02
 1.41745450e+00 -9.81616062e-02
 1.50883938e+00 -1.00161516e-01
 1.40534384e+00 -1.02343835e-01
 1.53348968e+00 -1.04720495e-01
 1.60445740e+00 -1.07304884e-01
 1.61968918e+00 -1.10112028e-01
 1.68400123e+00 -1.13158795e-01
 1.69578189e+00 -1.16464126e-01
 1.89216578e+00 -1.20049315e-01
 1.82583609e+00 -1.23938330e-01
 1.80331916e+00 -1.28158193e-01
 1.99670157e+00 -1.32739423e-01
 2.04169909e+00 -1.37716562e-01
 2.00151314e+00 -1.43128798e-01
 2.24675390e+00 -1.49020700e-01
 2.27774446e+00 -1.55443103e-01
 2.22547084e+00 -1.62454167e-01
 2.46124881e+00 -1.70120645e-01
 2.41283664e+00 -1.78519431e-01
 2.57903671e+00 -1.87739429e-01
 2.62620673e+00 -1.97883851e-01
 2.70998946e+00 -2.09073038e-01
 2.90533121e+00 -2.21447954e-01
 2.96020635e+00 -2.35174544e-01
 2.99256223e+00 -2.50449199e-01
 3.17648470e+00 -2.67505671e-01
 3.23704838e+00 -2.86623889e-01
 3.28334310e+00 -3.08141287e-01
 3.55540499e+00 -3.32467518e-01
 3.70716859e+00 -3.60103724e-01
 3.95046298e+00 -3.91668067e-01
 4.06884375e+00 -4.27929940e-01
 4.20605391e+00 -4.69856381e-01
 4.48519268e+00 -5.18675904e-01
 4.67018103e+00 -5.75967580e-01
 5.03785643e+00 -6.43787398e-01
 5.30389342e+00 -7.24850669e-01
 5.65681782e+00 -8.22800551e-01
 6.03968460e+00 -9.42611886e-01
 6.44418519e+00 -1.09121321e+00
 6.93195030e+00 -1.27847046e+00
 7.44750096e+00 -1.51878900e+00
 8.23447389e+00 -1.83380941e+00
 9.00164338e+00 -2.25711015e+00
 9.97395759e+00 -2.84273890e+00
 1.11151554e+01 -3.68133401e+00
 1.25918457e+01 -4.93175586e+00
 1.43467788e+01 -6.88438543e+00
 1.62729538e+01 -1.00816993e+01
 1.77543063e+01 -1.54724323e+01
 1.65306281e+01 -2.40243349e+01
 7.82475542e+00 -3.31191988e+01
 -7.00911255e+00 -3.29554473e+01
 -1.54917875e+01 -2.37761122e+01
 -1.66168975e+01 -1.53131316e+01
 -1.50666987e+01 -9.99786254e+00
 -1.31927219e+01 -6.84291089e+00
 -1.14821369e+01 -4.91273933e+00
 -9.98283417e+00 -3.67442757e+00
 -8.77636620e+00 -2.84256698e+00
 -7.75586000e+00 -2.26078914e+00
 -7.08329262e+00 -1.83973397e+00
 -6.38384686e+00 -1.52603466e+00
 -5.76946045e+00 -1.28648977e+00
 -5.29283690e+00 -1.09967501e+00
 -4.96178720e+00 -9.51313051e-01
 -4.51237635e+00 -8.31615814e-01
 -4.08238140e+00 -7.33703158e-01
 -3.91357220e+00 -6.52630896e-01
 -3.57908047e+00 -5.84775569e-01
 -3.37806920e+00 -5.27434653e-01
 -3.18233054e+00 -4.78560525e-01
 -2.86419548e+00 -4.36579586e-01
 -2.69876022e+00 -4.00266903e-01
 -2.56461788e+00 -3.68657750e-01
 -2.46923870e+00 -3.40984200e-01
 -2.28491487e+00 -3.16628992e-01
 -2.11206073e+00 -2.95091501e-01
 -2.05854102e+00 -2.75962341e-01
 -1.93186392e+00 -2.58904172e-01
 -1.78648135e+00 -2.43637058e-01
 -1.64821649e+00 -2.29927170e-01
 -1.61124944e+00 -2.17578004e-01
 -1.52138211e+00 -2.06423484e-01
 -1.47843468e+00 -1.96322512e-01
 -1.33415234e+00 -1.87154618e-01
 -1.28098451e+00 -1.78816475e-01
 -1.09124862e+00 -1.71219078e-01
 -1.09251472e+00 -1.64285458e-01
 -9.78271395e-01 -1.57948802e-01
 -1.01056816e+00 -1.52150920e-01
 -9.91447483e-01 -1.46840967e-01
 -8.38477692e-01 -1.41974391e-01
 -7.98255337e-01 -1.37512047e-01
 -6.72665005e-01 -1.33419462e-01
 -6.67070513e-01 -1.29666211e-01
 -6.65229069e-01 -1.26225396e-01
 -5.10608066e-01 -1.23073197e-01
 -5.01566810e-01 -1.20188498e-01
 -4.00945130e-01 -1.17552564e-01
 -4.03286379e-01 -1.15148765e-01
 -3.92101106e-01 -1.12962342e-01
 -2.44734155e-01 -1.10980203e-01
 -2.64390024e-01 -1.09190753e-01
 -2.28883097e-01 -1.07583740e-01
 -1.63817005e-01 -1.06150131e-01
 -6.20142183e-02 -1.04882000e-01
 -7.17709501e-02 -1.03772435e-01
 -2.67453928e-02 -1.02815457e-01
 4.54077554e-02 -1.02005950e-01
 2.72509356e-02 -1.01339609e-01
 3.48331954e-02 -1.00812885e-01
 1.58977744e-01 -1.00422954e-01
 2.21753639e-01 -1.00167678e-01
 2.92483394e-01 -1.00045589e-01
 3.52980512e-01 -1.00055868e-01
 4.37150876e-01 -1.00198340e-01
 4.35139038e-01 -1.00473466e-01
 4.74604698e-01 -1.00882350e-01
 4.75743513e-01 -1.01426749e-01
 4.90129715e-01 -1.02109090e-01
 4.81071423e-01 -1.02932494e-01
 5.09294546e-01 -1.03900806e-01
 6.52632047e-01 -1.05018638e-01
 6.55526379e-01 -1.06291416e-01
 7.39378175e-01 -1.07725436e-01
 7.81331473e-01 -1.09327936e-01
 8.95462542e-01 -1.11107175e-01
 9.95794955e-01 -1.13072530e-01
 9.03552676e-01 -1.15234602e-01
 1.03491820e+00 -1.17605348e-01
 1.05805244e+00 -1.20198226e-01
 1.08748924e+00 -1.23028373e-01
 1.21081474e+00 -1.26112799e-01
 1.11004280e+00 -1.29470626e-01
 1.28133902e+00 -1.33123356e-01
 1.35911918e+00 -1.37095191e-01
 1.36095004e+00 -1.41413404e-01
 1.43111462e+00 -1.46108772e-01
 1.52341917e+00 -1.51216092e-01
 1.55452416e+00 -1.56774789e-01
 1.64198927e+00 -1.62829630e-01
 1.72152413e+00 -1.69431579e-01
 1.83741946e+00 -1.76638824e-01
 1.93594254e+00 -1.84517997e-01
 1.89618657e+00 -1.93145653e-01
 2.00395834e+00 -2.02610062e-01
 2.07408984e+00 -2.13013392e-01
 2.31388068e+00 -2.24474376e-01
 2.26312006e+00 -2.37131605e-01
 2.39371811e+00 -2.51147614e-01
 2.54378206e+00 -2.66713970e-01
 2.62771882e+00 -2.84057681e-01
 2.77184222e+00 -3.03449306e-01
 2.87057180e+00 -3.25213314e-01
 2.94995697e+00 -3.49741431e-01
 3.18836023e+00 -3.77509988e-01
 3.30278360e+00 -4.09102709e-01
 3.50235058e+00 -4.45240953e-01
 3.82071430e+00 -4.86824346e-01
 3.97554024e+00 -5.34986025e-01
 4.12192943e+00 -5.91168825e-01
 4.45126230e+00 -6.57231897e-01
 4.75967297e+00 -7.35602387e-01
 5.09214655e+00 -8.29495075e-01
 5.37450177e+00 -9.43236762e-01
 5.82724263e+00 -1.08275581e+00
 6.28437482e+00 -1.25633874e+00
 6.69968006e+00 -1.47583100e+00
 7.36649526e+00 -1.75859879e+00
 8.16965650e+00 -2.13083916e+00
 9.12360662e+00 -2.63336275e+00
 1.01512109e+01 -3.33207286e+00
 1.13741638e+01 -4.33764169e+00
 1.29698856e+01 -5.84342893e+00
 1.46409483e+01 -8.19790218e+00
 1.64312190e+01 -1.20244927e+01
 1.72800673e+01 -1.82711418e+01
 1.41614689e+01 -2.72316119e+01
 3.31497986e+00 -3.42991939e+01
 -1.02536351e+01 -3.12193355e+01
 -1.66158147e+01 -2.20587728e+01
 -1.70442945e+01 -1.44873096e+01
 -1.55007957e+01 -9.70349838e+00
 -1.36459533e+01 -6.78650591e+00
 -1.20792959e+01 -4.95482329e+00
 -1.05585455e+01 -3.75424176e+00
 -9.42666910e+00 -2.93382833e+00
 -8.50347209e+00 -2.35217153e+00
 -7.71934990e+00 -1.92653430e+00
 -7.00955389e+00 -1.60653975e+00
 -6.54444427e+00 -1.36034219e+00
 -5.99471547e+00 -1.16711719e+00
 -5.63014041e+00 -1.01283102e+00
 -5.12069691e+00 -8.87770586e-01
 -4.79114755e+00 -7.85052396e-01
 -4.52009188e+00 -6.99694650e-01
 -4.31897063e+00 -6.28023614e-01
 -3.92356847e+00 -5.67284253e-01
 -3.89252556e+00 -5.15379013e-01
 -3.70138256e+00 -4.70688936e-01
 -3.41485292e+00 -4.31948868e-01
 -3.17676104e+00 -3.98158909e-01
 -3.08307170e+00 -3.68520594e-01
 -2.94422252e+00 -3.42390251e-01
 -2.75264936e+00 -3.19244453e-01
 -2.75630216e+00 -2.98654117e-01
 -2.60524840e+00 -2.80264881e-01
 -2.45139582e+00 -2.63782069e-01
 -2.40706284e+00 -2.48959065e-01
 -2.18077718e+00 -2.35588243e-01
 -2.20131027e+00 -2.23493835e-01
 -2.06076969e+00 -2.12526269e-01
 -1.96944790e+00 -2.02557649e-01
 -1.87907982e+00 -1.93478124e-01
 -1.78457567e+00 -1.85192945e-01
 -1.78196863e+00 -1.77620063e-01
 -1.60964883e+00 -1.70688175e-01
 -1.53348754e+00 -1.64335100e-01
 -1.45136815e+00 -1.58506447e-01
 -1.54163641e+00 -1.53154498e-01
 -1.43538964e+00 -1.48237283e-01
 -1.36181826e+00 -1.43717796e-01
 -1.34850403e+00 -1.39563341e-01
 -1.18281593e+00 -1.35744976e-01
 -1.16682916e+00 -1.32237042e-01
 -1.09450416e+00 -1.29016762e-01
 -1.05984875e+00 -1.26063902e-01
 -1.00661320e+00 -1.23360474e-01
 -9.78773691e-01 -1.20890487e-01
 -9.99379554e-01 -1.18639732e-01
 -8.17139173e-01 -1.16595599e-01
 -8.25222234e-01 -1.14746913e-01
 -7.66000253e-01 -1.13083800e-01
 -7.50674270e-01 -1.11597570e-01
 -6.11594575e-01 -1.10280612e-01
 -6.52281452e-01 -1.09126312e-01
 -6.76064038e-01 -1.08128975e-01
 -5.33494743e-01 -1.07283769e-01
 -4.41850204e-01 -1.06586665e-01
 -4.68429103e-01 -1.06034402e-01
 -4.16442331e-01 -1.05624449e-01
 -3.64722261e-01 -1.05354980e-01
 -2.99271588e-01 -1.05224855e-01
 -2.97341771e-01 -1.05233611e-01
 -2.84899909e-01 -1.05381454e-01
 -1.63783955e-01 -1.05669262e-01
 -1.62390617e-01 -1.06098599e-01
 -7.42913968e-02 -1.06671724e-01
 -4.92159732e-02 -1.07391621e-01
 1.29587093e-02 -1.08262027e-01
 3.07539793e-02 -1.09287475e-01
 1.08698523e-01 -1.10473337e-01
 1.27954812e-01 -1.11825892e-01
 3.17518607e-01 -1.13352389e-01
 2.43357283e-01 -1.15061131e-01
 2.60365572e-01 -1.16961575e-01
 3.33633219e-01 -1.19064444e-01
 3.90001469e-01 -1.21381854e-01
 5.11059600e-01 -1.23927474e-01
 4.99599831e-01 -1.26716700e-01
 5.40478486e-01 -1.29766861e-01
 5.23981823e-01 -1.33097463e-01
 5.36097928e-01 -1.36730468e-01
 6.78798759e-01 -1.40690622e-01
 7.42480364e-01 -1.45005842e-01
 8.16690941e-01 -1.49707663e-01
 8.76118603e-01 -1.54831777e-01
 9.45246377e-01 -1.60418655e-01
 1.06123334e+00 -1.66514298e-01
 1.14862462e+00 -1.73171127e-01
 1.12302795e+00 -1.80449044e-01
 1.23228410e+00 -1.88416708e-01
 1.29881551e+00 -1.97153083e-01
 1.45672483e+00 -2.06749302e-01
 1.43830827e+00 -2.17310954e-01
 1.54692391e+00 -2.28960876e-01
 1.59803347e+00 -2.41842610e-01
 1.74648097e+00 -2.56124682e-01
 1.88228669e+00 -2.72005964e-01
 1.97010778e+00 -2.89722416e-01
 2.12673005e+00 -3.09555641e-01
 2.26924811e+00 -3.31843829e-01
 2.25516684e+00 -3.56995884e-01
 2.55304477e+00 -3.85509818e-01
 2.63949724e+00 -4.17996961e-01
 2.90650014e+00 -4.55214168e-01
 2.99514272e+00 -4.98107171e-01
 3.21182881e+00 -5.47869677e-01
 3.37718735e+00 -6.06025071e-01
 3.73207910e+00 -6.74541061e-01
 4.01246769e+00 -7.55993228e-01
 4.24347300e+00 -8.53802573e-01
 4.62604277e+00 -9.72587422e-01
 5.02497299e+00 -1.11869617e+00
 5.44201671e+00 -1.30103329e+00
 6.01177709e+00 -1.53237408e+00
 6.65805214e+00 -1.83151856e+00
 7.38976656e+00 -2.22693172e+00
 8.25512355e+00 -2.76310283e+00
 9.23914876e+00 -3.51202847e+00
 1.05214537e+01 -4.59453993e+00
 1.18613361e+01 -6.22029209e+00
 1.34646141e+01 -8.75884516e+00
 1.47910197e+01 -1.28303868e+01
 1.47418379e+01 -1.91842467e+01
 1.01539767e+01 -2.72013378e+01
 -9.90449039e-01 -3.13813500e+01
 -1.16984917e+01 -2.67143989e+01
 -1.58544247e+01 -1.87115156e+01
 -1.58978642e+01 -1.25222927e+01
 -1.45222151e+01 -8.57482898e+00
 -1.29412936e+01 -6.11031388e+00
 -1.14258215e+01 -4.52737796e+00
 -1.03304185e+01 -3.47012376e+00
 -9.21222912e+00 -2.73657962e+00
 -8.46133001e+00 -2.21007821e+00
 -7.78633436e+00 -1.82091582e+00
 -7.11885247e+00 -1.52590543e+00
 -6.60207655e+00 -1.29734717e+00
 -6.18240600e+00 -1.11690554e+00
 -5.79281770e+00 -9.72095848e-01
 -5.36422067e+00 -8.54200497e-01
 -5.14198185e+00 -7.56994187e-01
 -4.84163216e+00 -6.75941468e-01
 -4.59538842e+00 -6.07678220e-01
 -4.36511335e+00 -5.49668580e-01
 -4.13538564e+00 -4.99972997e-01
 -3.97782593e+00 -4.57088319e-01
 -3.76811604e+00 -4.19835552e-01
 -3.61707655e+00 -3.87279776e-01
 -3.46361416e+00 -3.58672155e-01
 -3.32540517e+00 -3.33407349e-01
 -3.24925472e+00 -3.10991851e-01
 -3.00161470e+00 -2.91020167e-01
 -2.97812196e+00 -2.73156690e-01
 -2.81299289e+00 -2.57121781e-01
 -2.70683443e+00 -2.42680976e-01
 -2.66480022e+00 -2.29636536e-01
 -2.59269418e+00 -2.17820791e-01
 -2.51593028e+00 -2.07090841e-01
 -2.38871262e+00 -1.97324319e-01
 -2.37078931e+00 -1.88415978e-01
 -2.22353674e+00 -1.80274921e-01
 -2.13476587e+00 -1.72822336e-01
 -2.10889191e+00 -1.65989650e-01
 -2.16798026e+00 -1.59716993e-01
 -2.03347930e+00 -1.53951933e-01
 -1.89385406e+00 -1.48648423e-01
 -1.91126428e+00 -1.43765911e-01
 -1.76360137e+00 -1.39268605e-01
 -1.72584218e+00 -1.35124842e-01
 -1.76620247e+00 -1.31306565e-01
 -1.68162498e+00 -1.27788865e-01
 -1.60819232e+00 -1.24549603e-01
 -1.59062864e+00 -1.21569085e-01
 -1.55086998e+00 -1.18829774e-01
 -1.52027865e+00 -1.16316056e-01
 -1.39885663e+00 -1.14014032e-01
 -1.35975301e+00 -1.11911338e-01
 -1.39698699e+00 -1.09996991e-01
 -1.34018223e+00 -1.08261260e-01
 -1.26790516e+00 -1.06695550e-01
 -1.20729512e+00 -1.05292303e-01
 -1.11420813e+00 -1.04044917e-01
 -1.10567840e+00 -1.02947671e-01
 -1.12965759e+00 -1.01995668e-01
 -1.05607318e+00 -1.01184781e-01
 -1.01221659e+00 -1.00511611e-01
 -9.70739701e-01 -9.99734580e-02
 -8.87175411e-01 -9.95682871e-02
 -9.42220363e-01 -9.92947153e-02
 -8.54078592e-01 -9.91519965e-02
 -8.00000360e-01 -9.91400159e-02
 -8.04898679e-01 -9.92592904e-02
 -7.59829205e-01 -9.95109762e-02
 -7.49856931e-01 -9.98968814e-02
 -7.03564135e-01 -1.00419488e-01
 -6.31604373e-01 -1.01081977e-01
 -5.10841709e-01 -1.01888267e-01
 -4.53048111e-01 -1.02843056e-01
 -5.39886632e-01 -1.03951877e-01
 -5.26421463e-01 -1.05221158e-01
 -3.58867160e-01 -1.06658300e-01
 -4.98438320e-01 -1.08271764e-01
 -3.14121445e-01 -1.10071174e-01
 -2.92852310e-01 -1.12067439e-01
 -2.59047257e-01 -1.14272892e-01
 -3.08268515e-01 -1.16701450e-01
 -8.96525222e-02 -1.19368811e-01
 -1.13395902e-01 -1.22292667e-01
 -4.54111638e-02 -1.25492969e-01
 -1.50626847e-02 -1.28992225e-01
 2.96853327e-02 -1.32815858e-01
 1.19005628e-01 -1.36992619e-01
 1.25570507e-01 -1.41555079e-01
 1.90851119e-01 -1.46540214e-01
 2.66957880e-01 -1.51990090e-01
 3.67919649e-01 -1.57952692e-01
 2.97394565e-01 -1.64482903e-01
 4.63033770e-01 -1.71643694e-01
 4.76167523e-01 -1.79507557e-01
 5.62495823e-01 -1.88158239e-01
 7.28589629e-01 -1.97692868e-01
 7.99475224e-01 -2.08224561e-01
 8.27043998e-01 -2.19885643e-01
 8.95966904e-01 -2.32831652e-01
 9.67725203e-01 -2.47246349e-01
 1.13226783e+00 -2.63348038e-01
 1.20559429e+00 -2.81397598e-01
 1.36215062e+00 -3.01708767e-01
 1.49535632e+00 -3.24661449e-01
 1.57419815e+00 -3.50719064e-01
 1.65467966e+00 -3.80451437e-01
 1.84577797e+00 -4.14565307e-01
 2.00879687e+00 -4.53945475e-01
 2.19797790e+00 -4.99711050e-01
 2.44756936e+00 -5.53293373e-01
 2.62404564e+00 -6.16545657e-01
 2.89410712e+00 -6.91899816e-01
 3.11424278e+00 -7.82594894e-01
 3.48262311e+00 -8.93016427e-01
 3.70629407e+00 -1.02921170e+00
 4.13277589e+00 -1.19969089e+00
 4.63092460e+00 -1.41670543e+00
 5.24244738e+00 -1.69834634e+00
 5.76602213e+00 -2.07209284e+00
 6.47036106e+00 -2.58100082e+00
 7.42043276e+00 -3.29480445e+00
 8.42685523e+00 -4.33019529e+00
 9.75916446e+00 -5.88733852e+00
 1.09041126e+01 -8.30783497e+00
 1.17015688e+01 -1.21135615e+01
 1.07036299e+01 -1.77103480e+01
 5.48102341e+00 -2.37306750e+01
 -3.82106140e+00 -2.52575240e+01
 -1.11781350e+01 -2.04854241e+01
 -1.37374315e+01 -1.43304213e+01
 -1.33809942e+01 -9.76137095e+00
 -1.23111929e+01 -6.81486336e+00
 -1.10515204e+01 -4.93639541e+00
 -9.93205227e+00 -3.70565607e+00
 -9.07800520e+00 -2.86977960e+00
 -8.24712789e+00 -2.28185040e+00
 -7.55014781e+00 -1.85512567e+00
 -6.93569314e+00 -1.53679785e+00
 -6.50851164e+00 -1.29362735e+00
 -6.05894967e+00 -1.10400938e+00
 -5.78224230e+00 -9.53481432e-01
 -5.34598642e+00 -8.32101164e-01
 -5.14668379e+00 -7.32868805e-01
 -4.88289768e+00 -6.50749960e-01
 -4.61510106e+00 -5.82053854e-01
 -4.42396466e+00 -5.24027821e-01
 -4.24471871e+00 -4.74586781e-01
 -4.06535362e+00 -4.32129027e-01
 -3.81736152e+00 -3.95408392e-01
 -3.71556834e+00 -3.63444008e-01
 -3.66236723e+00 -3.35455585e-01
 -3.44763684e+00 -3.10816325e-01
 -3.43792303e+00 -2.89018198e-01
 -3.36559667e+00 -2.69646020e-01
 -3.11299279e+00 -2.52357882e-01
 -3.06443147e+00 -2.36870217e-01
 -3.00334839e+00 -2.22946290e-01
 -2.96393573e+00 -2.10387251e-01
 -2.84223748e+00 -1.99025116e-01
 -2.81112662e+00 -1.88717215e-01
 -2.74627718e+00 -1.79341772e-01
 -2.62077272e+00 -1.70794363e-01
 -2.51545541e+00 -1.62985047e-01
 -2.53648377e+00 -1.55836046e-01
 -2.42380023e+00 -1.49279838e-01
 -2.40737486e+00 -1.43257598e-01
 -2.38223886e+00 -1.37717905e-01
 -2.38672822e+00 -1.32615672e-01
 -2.21553816e+00 -1.27911254e-01
 -2.14394299e+00 -1.23569695e-01
 -2.16705939e+00 -1.19560102e-01
 -2.18079368e+00 -1.15855112e-01
 -2.09389598e+00 -1.12430442e-01
 -2.08025768e+00 -1.09264503e-01
 -1.99501960e+00 -1.06338079e-01
 -1.97275090e+00 -1.03634042e-01
 -1.86605974e+00 -1.01137114e-01
 -1.87885897e+00 -9.88336635e-02
 -1.83648601e+00 -9.67115235e-02
 -1.80258526e+00 -9.47598422e-02
 -1.74780157e+00 -9.29689493e-02
 -1.71311666e+00 -9.13302422e-02
 -1.71744386e+00 -8.98360877e-02
 -1.64204174e+00 -8.84797371e-02
 -1.53982963e+00 -8.72552531e-02
 -1.54856781e+00 -8.61574472e-02
 -1.54183920e+00 -8.51818266e-02
 -1.52747556e+00 -8.43245490e-02
 -1.52763290e+00 -8.35823852e-02
 -1.44247854e+00 -8.29526885e-02
 -1.49789469e+00 -8.24333702e-02
 -1.44024245e+00 -8.20228813e-02
 -1.36465447e+00 -8.17201994e-02
 -1.29997246e+00 -8.15248214e-02
 -1.33584687e+00 -8.14367613e-02
 -1.23417251e+00 -8.14565535e-02
 -1.31736304e+00 -8.15852611e-02
 -1.20258023e+00 -8.18244898e-02
 -1.20700090e+00 -8.21764084e-02
 -1.15236156e+00 -8.26437742e-02
 -1.06256521e+00 -8.32299663e-02
 -1.11120864e+00 -8.39390258e-02
 -1.03307792e+00 -8.47757037e-02
 -1.04790233e+00 -8.57455192e-02
 -9.78001246e-01 -8.68548269e-02
 -8.44693657e-01 -8.81108968e-02
 -8.78676175e-01 -8.95220074e-02
 -9.29949343e-01 -9.10975542e-02
 -8.32553706e-01 -9.28481770e-02
 -8.01397755e-01 -9.47859071e-02
 -7.70477361e-01 -9.69243408e-02
 -8.03448836e-01 -9.92788405e-02
 -6.36308766e-01 -1.01866772e-01
 -7.62242503e-01 -1.04707780e-01
 -6.46576229e-01 -1.07824118e-01
 -4.26908828e-01 -1.11241031e-01
 -5.77570809e-01 -1.14987214e-01
 -5.76758713e-01 -1.19095354e-01
 -4.55387958e-01 -1.23602780e-01
 -4.74978639e-01 -1.28552235e-01
 -3.95912950e-01 -1.33992816e-01
 -2.01003777e-01 -1.39981105e-01
 -1.76348927e-01 -1.46582538e-01
 -1.58011169e-01 -1.53873094e-01
 -2.32016190e-01 -1.61941354e-01
 -1.02626740e-03 -1.70891061e-01
 9.09982927e-02 -1.80844300e-01
 5.59559312e-02 -1.91945484e-01
 1.99412470e-01 -2.04366395e-01
 2.04546879e-01 -2.18312587e-01
 2.46739115e-01 -2.34031615e-01
 3.46360863e-01 -2.51823681e-01
 5.20681569e-01 -2.72055565e-01
 5.49009766e-01 -2.95179013e-01
 7.33234065e-01 -3.21755313e-01
 7.61089389e-01 -3.52488505e-01
 9.86280878e-01 -3.88270883e-01
 1.07204110e+00 -4.30246173e-01
 1.14339547e+00 -4.79898665e-01
 1.41917169e+00 -5.39181012e-01
 1.65271096e+00 -6.10700889e-01
 1.86289403e+00 -6.97999033e-01
 2.24200067e+00 -8.05972510e-01
 2.36155277e+00 -9.41534410e-01
 2.83055932e+00 -1.11466866e+00
 3.15352691e+00 -1.34016326e+00
 3.55914619e+00 -1.64053989e+00
 4.12777779e+00 -2.05114360e+00
 4.76616842e+00 -2.62918076e+00
 5.58414602e+00 -3.46983602e+00
 6.37130042e+00 -4.73362170e+00
 7.13997907e+00 -6.68220685e+00
 7.35486545e+00 -9.66277814e+00
 6.08755454e+00 -1.37282083e+01
 1.59440149e+00 -1.73155320e+01
 -4.79957727e+00 -1.71732647e+01
 -9.12532639e+00 -1.34654774e+01
 -1.02703665e+01 -9.45062699e+00
 -1.00478674e+01 -6.54399805e+00
 -9.23614768e+00 -4.64748018e+00
 -8.49203516e+00 -3.41558013e+00
 -7.66596205e+00 -2.59407471e+00
 -7.07615157e+00 -2.02770657e+00
 -6.43242301e+00 -1.62437307e+00
 -6.02456960e+00 -1.32861983e+00
 -5.66535159e+00 -1.10610923e+00
 -5.25627060e+00 -9.34913573e-01
 -5.06728225e+00 -8.00605223e-01
 -4.80950740e+00 -6.93425080e-01
 -4.54808389e+00 -6.06604082e-01
 -4.38691546e+00 -5.35339678e-01
 -4.14311448e+00 -4.76154506e-01
 -4.10389661e+00 -4.26484220e-01
 -3.79044098e+00 -3.84406303e-01
 -3.80946202e+00 -3.48457749e-01
 -3.58374817e+00 -3.17510056e-01
 -3.58768395e+00 -2.90681955e-01
 -3.32621713e+00 -2.67277455e-01
 -3.31583939e+00 -2.46741197e-01
 -3.17448099e+00 -2.28625820e-01
 -3.10684170e+00 -2.12567802e-01
 -3.03926177e+00 -1.98269357e-01
 -2.99747189e+00 -1.85484716e-01
 -2.92974357e+00 -1.74009637e-01
 -2.79931992e+00 -1.63673281e-01
 -2.83617663e+00 -1.54331896e-01
 -2.77537641e+00 -1.45863835e-01
 -2.67936064e+00 -1.38165619e-01
 -2.75728238e+00 -1.31148788e-01
 -2.64009648e+00 -1.24737374e-01
 -2.60001005e+00 -1.18865851e-01
 -2.35941370e+00 -1.13477475e-01
 -2.45494902e+00 -1.08522915e-01
 -2.43851591e+00 -1.03959134e-01
 -2.38011117e+00 -9.97484589e-02
 -2.35887029e+00 -9.58578105e-02
 -2.35651081e+00 -9.22580562e-02
 -2.23228893e+00 -8.89234705e-02
 -2.24266735e+00 -8.58312791e-02
 -2.25918871e+00 -8.29612737e-02
 -2.19306838e+00 -8.02954850e-02
 -2.20084748e+00 -7.78179046e-02
 -2.04773423e+00 -7.55142466e-02
 -2.18022634e+00 -7.33717446e-02
 -2.07568080e+00 -7.13789761e-02
 -1.99227718e+00 -6.95257120e-02
 -2.03925288e+00 -6.78027866e-02
 -1.96127064e+00 -6.62019850e-02
 -2.00010078e+00 -6.47159459e-02
 -2.05438381e+00 -6.33380772e-02
 -1.99035581e+00 -6.20624829e-02
 -1.92624378e+00 -6.08838996e-02
 -2.03347268e+00 -5.97976421e-02
 -1.89340183e+00 -5.87995552e-02
 -1.79073984e+00 -5.78859739e-02
 -1.89692818e+00 -5.70536877e-02
 -1.83225434e+00 -5.62999114e-02
 -1.81172848e+00 -5.56222601e-02
 -1.76170892e+00 -5.50187286e-02
 -1.70902919e+00 -5.44876750e-02
 -1.73969604e+00 -5.40278081e-02
 -1.76123302e+00 -5.36381779e-02
 -1.73251737e+00 -5.33181704e-02
 -1.66523427e+00 -5.30675051e-02
 -1.72985618e+00 -5.28862363e-02
 -1.71263671e+00 -5.27747576e-02
 -1.55107000e+00 -5.27338101e-02
 -1.57240295e+00 -5.27644948e-02
 -1.54679850e+00 -5.28682881e-02
 -1.49702474e+00 -5.30470623e-02
 -1.60118408e+00 -5.33031113e-02
 -1.55870476e+00 -5.36391805e-02
 -1.45524211e+00 -5.40585036e-02
 -1.50478478e+00 -5.45648462e-02
 -1.54225067e+00 -5.51625563e-02
 -1.40425021e+00 -5.58566248e-02
 -1.43465651e+00 -5.66527557e-02
 -1.49991570e+00 -5.75574483e-02
 -1.46697357e+00 -5.85780940e-02
 -1.39895687e+00 -5.97230891e-02
 -1.34719301e+00 -6.10019680e-02
 -1.37472865e+00 -6.24255591e-02
 -1.32887123e+00 -6.40061691e-02
 -1.22009791e+00 -6.57578008e-02
 -1.25876087e+00 -6.76964117e-02
 -1.28147112e+00 -6.98402211e-02
 -1.32831426e+00 -7.22100779e-02
 -1.19100626e+00 -7.48299019e-02
 -1.08697455e+00 -7.77272148e-02
 -1.14436007e+00 -8.09337844e-02
 -1.08101679e+00 -8.44864079e-02
 -1.10798367e+00 -8.84278714e-02
 -9.87112355e-01 -9.28081296e-02
 -1.04268891e+00 -9.76857684e-02
 -1.01158587e+00 -1.03129827e-01
 -8.55844473e-01 -1.09222086e-01
 -8.94067549e-01 -1.16059958e-01
 -8.87720476e-01 -1.23760180e-01
 -8.00200454e-01 -1.32463547e-01
 -7.50774834e-01 -1.42341066e-01
 -7.50896886e-01 -1.53602002e-01
 -5.68799531e-01 -1.66504543e-01
 -5.22541423e-01 -1.81370058e-01
 -5.08651895e-01 -1.98602420e-01
 -4.62615793e-01 -2.18714534e-01
 -3.49463581e-01 -2.42365255e-01
 -2.22404464e-01 -2.70411594e-01
 -1.31439716e-01 -3.03983758e-01
 5.92705766e-03 -3.44595021e-01
 1.07957358e-01 -3.94305796e-01
 2.62253939e-01 -4.55973974e-01
 3.26820319e-01 -5.33645901e-01
 5.49758303e-01 -6.33182404e-01
 7.21466490e-01 -7.63287666e-01
 1.05686866e+00 -9.37244890e-01
 1.30263733e+00 -1.17591305e+00
 1.63942045e+00 -1.51297041e+00
 1.98314070e+00 -2.00395201e+00
 2.45499303e+00 -2.74028211e+00
 2.68022268e+00 -3.86174011e+00
 2.80530040e+00 -5.51623359e+00
 1.62616284e+00 -7.57261949e+00
 -1.02702775e+00 -8.98171625e+00
 -4.06642081e+00 -8.39292821e+00
 -5.85242629e+00 -6.43280191e+00
 -6.32012277e+00 -4.54186078e+00
 -6.03525210e+00 -3.19295234e+00
 -5.68012933e+00 -2.30232968e+00
 -5.16898438e+00 -1.71396555e+00
 -4.89471963e+00 -1.31532294e+00
 -4.53298875e+00 -1.03671994e+00
 -4.24905952e+00 -8.36042864e-01
 -4.05913162e+00 -6.87484393e-01
 -3.88669127e+00 -5.74815816e-01
 -3.71443797e+00 -4.87535550e-01
 -3.48487154e+00 -4.18655393e-01
 -3.53029742e+00 -3.63402413e-01
 -3.23946068e+00 -3.18438285e-01
 -3.21219960e+00 -2.81377290e-01
 -3.17249346e+00 -2.50481035e-01
 -3.04473846e+00 -2.24460388e-01
 -2.99216060e+00 -2.02344082e-01
 -2.95259539e+00 -1.83389730e-01
 -2.76019169e+00 -1.67022413e-01
 -2.80153585e+00 -1.52791556e-01
 -2.69310281e+00 -1.40340152e-01
 -2.67036168e+00 -1.29382486e-01
 -2.60904586e+00 -1.19687773e-01
 -2.42293444e+00 -1.11068007e-01
 -2.47707184e+00 -1.03368813e-01
 -2.54055503e+00 -9.64625038e-02
 -2.47386177e+00 -9.02427426e-02
 -2.52243525e+00 -8.46204097e-02
 -2.49836231e+00 -7.95203698e-02
 -2.42775784e+00 -7.48789246e-02
 -2.31018200e+00 -7.06417897e-02
 -2.36283933e+00 -6.67624760e-02
 -2.36242494e+00 -6.32009856e-02
 -2.26644215e+00 -5.99227558e-02
 -2.30607446e+00 -5.68977966e-02
 -2.36829132e+00 -5.40999851e-02
 -2.31876369e+00 -5.15064818e-02
 -2.22454666e+00 -4.90972483e-02
 -2.25228377e+00 -4.68546451e-02
 -2.16696553e+00 -4.47630949e-02
 -2.12644027e+00 -4.28088003e-02
 -2.16331902e+00 -4.09795048e-02
 -2.09758453e+00 -3.92642909e-02
 -2.13557580e+00 -3.76534081e-02
 -2.10376393e+00 -3.61381265e-02
 -2.17629069e+00 -3.47106109e-02
 -2.11762529e+00 -3.33638127e-02
 -2.01336611e+00 -3.20913772e-02
 -2.05409267e+00 -3.08875628e-02
 -2.02765989e+00 -2.97471711e-02
 -2.09927069e+00 -2.86654865e-02
 -2.02013973e+00 -2.76382233e-02
 -2.02911898e+00 -2.66614788e-02
 -1.97010492e+00 -2.57316934e-02
 -2.04057895e+00 -2.48456146e-02
 -2.02711178e+00 -2.40002655e-02
 -2.09537588e+00 -2.31929172e-02
 -1.93727626e+00 -2.24210645e-02
 -2.00781759e+00 -2.16824037e-02
 -1.93801825e+00 -2.09748136e-02
 -2.00842451e+00 -2.02963382e-02
 -2.00366100e+00 -1.96451712e-02
 -1.87660979e+00 -1.90196426e-02
 -1.98245866e+00 -1.84182063e-02
 -1.93864329e+00 -1.78394291e-02
 -1.95641986e+00 -1.72819806e-02
 -1.94484192e+00 -1.67446248e-02
 -2.02060086e+00 -1.62262116e-02
 -1.98651929e+00 -1.57256700e-02
 -1.96300545e+00 -1.52420012e-02
 -1.79025279e+00 -1.47742728e-02
 -1.84847156e+00 -1.43216137e-02
 -1.94885002e+00 -1.38832088e-02
 -1.91037623e+00 -1.34582949e-02
 -1.86700607e+00 -1.30461566e-02
 -1.90597211e+00 -1.26461226e-02
 -1.92296693e+00 -1.22575624e-02
 -1.94831023e+00 -1.18798830e-02
 -1.85423587e+00 -1.15125267e-02
 -1.90802284e+00 -1.11549677e-02
 -1.87167014e+00 -1.08067105e-02
 -1.88378822e+00 -1.04672875e-02
 -1.88041821e+00 -1.01362566e-02
 -1.89419973e+00 -9.81320025e-03
 -1.86012075e+00 -9.49772284e-03
 -1.82138575e+00 -9.18944980e-03
 -1.90465035e+00 -8.88802589e-03
 -1.81926989e+00 -8.59311395e-03
 -1.88630196e+00 -8.30439367e-03
 -1.79471129e+00 -8.02156045e-03
 -1.85337716e+00 -7.74432439e-03
 -1.87659431e+00 -7.47240924e-03
 -1.78822927e+00 -7.20555161e-03
 -1.81349512e+00 -6.94350000e-03
 -1.82429665e+00 -6.68601413e-03
 -1.80589429e+00 -6.43286415e-03
 -1.82840329e+00 -6.18382997e-03
 -1.91972578e+00 -5.93870062e-03
 -1.86923788e+00 -5.69727368e-03
 -1.81786684e+00 -5.45935471e-03
 -1.88646773e+00 -5.22475670e-03
 -1.85758056e+00 -4.99329964e-03
 -1.76091372e+00 -4.76480999e-03
 -1.83414854e+00 -4.53912031e-03
 -1.75936815e+00 -4.31606881e-03
 -1.79042230e+00 -4.09549897e-03
 -1.88193845e+00 -3.87725920e-03
 -1.87440792e+00 -3.66120248e-03
 -1.84625888e+00 -3.44718600e-03
 -1.82530380e+00 -3.23507091e-03
 -1.92158463e+00 -3.02472198e-03
 -1.85385681e+00 -2.81600732e-03
 -1.79188749e+00 -2.60879814e-03
 -1.90141282e+00 -2.40296846e-03
 -1.77077624e+00 -2.19839485e-03
 -1.79322847e+00 -1.99495625e-03
 -1.73073144e+00 -1.79253367e-03
 -1.79359507e+00 -1.59101001e-03
 -1.77190906e+00 -1.39026983e-03
 -1.79462809e+00 -1.19019914e-03
 -1.82149428e+00 -9.90685174e-04
 -1.80695554e+00 -7.91616230e-04
 -1.76877753e+00 -5.92881439e-04
 -1.84434772e+00 -3.94370579e-04
 -1.73527452e+00 -1.95973887e-04
 -1.86369183e+00 2.41814160e-06
 -1.84032727e+00 2.00914932e-04
 -1.83859151e+00 3.99626030e-04
 -1.83720131e+00 5.98661284e-04
 -1.88164753e+00 7.98131042e-04
 -1.73865089e+00 9.98146342e-04
 -1.77376405e+00 1.19881910e-03
 -1.81899302e+00 1.40026233e-03
 -1.83535995e+00 1.60259032e-03
 -1.83188989e+00 1.80591884e-03
 -1.78964038e+00 2.01036538e-03
 -1.78817507e+00 2.21604932e-03
 -1.80052153e+00 2.42309220e-03
 -1.84795851e+00 2.63161794e-03
 -1.88010081e+00 2.84175305e-03
 -1.82380316e+00 3.05362689e-03
 -1.83690853e+00 3.26737197e-03
 -1.83971323e+00 3.48312415e-03
 -1.73313858e+00 3.70102297e-03
 -1.76099141e+00 3.92121195e-03
 -1.92930197e+00 4.14383884e-03
 -1.81748040e+00 4.36905603e-03
 -1.86487813e+00 4.59702082e-03
 -1.85254279e+00 4.82789583e-03
 -1.85113429e+00 5.06184936e-03
 -1.89699871e+00 5.29905580e-03
 -1.84859648e+00 5.53969605e-03
 -1.83368204e+00 5.78395802e-03
 -1.79100046e+00 6.03203705e-03
 -1.81402321e+00 6.28413647e-03
 -1.83242834e+00 6.54046815e-03
 -1.87646045e+00 6.80125306e-03
 -1.83688878e+00 7.06672194e-03
 -1.86905098e+00 7.33711592e-03
 -1.80114950e+00 7.61268729e-03
 -1.86897225e+00 7.89370024e-03
 -1.79563728e+00 8.18043169e-03
 -1.89168279e+00 8.47317222e-03
 -1.88670541e+00 8.77222695e-03
 -1.85742868e+00 9.07791665e-03
 -1.81704151e+00 9.39057881e-03
 -1.92309355e+00 9.71056882e-03
 -1.85852178e+00 1.00382613e-02
 -1.83206309e+00 1.03740516e-02
 -1.84799891e+00 1.07183570e-02
 -1.86547432e+00 1.10716186e-02
 -1.89253677e+00 1.14343033e-02
 -1.93980985e+00 1.18069053e-02
 -1.83534498e+00 1.21899483e-02
 -1.82344327e+00 1.25839881e-02
 -1.88956211e+00 1.29896147e-02
 -1.87952945e+00 1.34074553e-02
 -1.96322102e+00 1.38381773e-02
 -1.91419388e+00 1.42824911e-02
 -1.96765283e+00 1.47411543e-02
 -1.95787355e+00 1.52149750e-02
 -1.88983500e+00 1.57048165e-02
 -1.92894599e+00 1.62116018e-02
 -1.89608520e+00 1.67363189e-02
 -1.91989797e+00 1.72800263e-02
 -1.94166909e+00 1.78438594e-02
 -1.90450750e+00 1.84290376e-02
 -2.02139276e+00 1.90368716e-02
 -2.04764190e+00 1.96687724e-02
 -1.95383576e+00 2.03262603e-02
 -1.96093348e+00 2.10109755e-02
 -2.03687275e+00 2.17246903e-02
 -1.99909363e+00 2.24693214e-02
 -1.94162746e+00 2.32469449e-02
 -2.01062971e+00 2.40598126e-02
 -1.94753068e+00 2.49103702e-02
 -2.05632193e+00 2.58012779e-02
 -1.94707761e+00 2.67354335e-02
 -1.97000773e+00 2.77159987e-02
 -2.06172954e+00 2.87464283e-02
 -2.01585653e+00 2.98305037e-02
 -2.08458302e+00 3.09723711e-02
 -2.05307639e+00 3.21765844e-02
 -2.02526536e+00 3.34481546e-02
 -2.00671300e+00 3.47926061e-02
 -2.13878946e+00 3.62160414e-02
 -2.12355433e+00 3.77252152e-02
 -2.07553666e+00 3.93276202e-02
 -2.14997144e+00 4.10315863e-02
 -2.04021942e+00 4.28463951e-02
 -2.17786991e+00 4.47824139e-02
 -2.14342207e+00 4.68512516e-02
 -2.16425724e+00 4.90659416e-02
 -2.27507853e+00 5.14411569e-02
 -2.26537061e+00 5.39934637e-02
 -2.28600995e+00 5.67416222e-02
 -2.35886766e+00 5.97069442e-02
 -2.31915730e+00 6.29137208e-02
 -2.31848854e+00 6.63897358e-02
 -2.37112589e+00 7.01668847e-02
 -2.38479941e+00 7.42819257e-02
 -2.49798920e+00 7.87773952e-02
 -2.46062157e+00 8.37027297e-02
 -2.48590154e+00 8.91156499e-02
 -2.49774210e+00 9.50838781e-02
 -2.48110953e+00 1.01687285e-01
 -2.64547682e+00 1.09020588e-01
 -2.54724921e+00 1.17196781e-01
 -2.63250397e+00 1.26351505e-01
 -2.63930882e+00 1.36648698e-01
 -2.79083770e+00 1.48287935e-01
 -2.77170342e+00 1.61514084e-01
 -2.80560507e+00 1.76630126e-01
 -2.87712039e+00 1.94014378e-01
 -2.90665188e+00 2.14143924e-01
 -3.04267341e+00 2.37626902e-01
 -3.11004752e+00 2.65247650e-01
 -3.26190014e+00 2.98030823e-01
 -3.32503214e+00 3.37333967e-01
 -3.43199792e+00 3.84983672e-01
 -3.52088619e+00 4.43479739e-01
 -3.71507247e+00 5.16307869e-01
 -3.81105596e+00 6.08429295e-01
 -4.11773550e+00 7.27065362e-01
 -4.34631249e+00 8.82983417e-01
 -4.55495497e+00 1.09264607e+00
 -4.81336313e+00 1.38184165e+00
 -5.07867238e+00 1.79173416e+00
 -5.42428470e+00 2.38813930e+00
 -5.86790810e+00 3.27131266e+00
 -5.83004933e+00 4.56393275e+00
 -5.38889269e+00 6.28513726e+00
 -3.62838859e+00 7.95253423e+00
 -9.70807156e-01 8.39901210e+00
 1.33664512e+00 7.19218951e+00
 2.28905118e+00 5.38732789e+00
 2.49616565e+00 3.86557149e+00
 2.26562663e+00 2.79256977e+00
