 NaN NaN
 7.57454073e+01 4.66143155e+00
 3.87210516e+01 1.71971244e+00
 2.60745653e+01 9.53326444e-01
 1.96413215e+01 6.25772860e-01
 1.58213343e+01 4.50886689e-01
 1.32139300e+01 3.44681772e-01
 1.13233035e+01 2.74503295e-01
 9.90472908e+00 2.25272905e-01
 8.87287620e+00 1.89161295e-01
 7.93939776e+00 1.61739546e-01
 7.33897415e+00 1.40332727e-01
 6.74200166e+00 1.23239410e-01
 6.08164480e+00 1.09330946e-01
 5.70106993e+00 9.78321272e-02
 5.45231116e+00 8.81946733e-02
 5.14236740e+00 8.00209695e-02
 4.77601398e+00 7.30163577e-02
 4.50556379e+00 6.69583125e-02
 4.26274366e+00 6.16759628e-02
 3.97668530e+00 5.70361480e-02
 3.92893730e+00 5.29337164e-02
 3.63572745e+00 4.92846409e-02
 3.58137891e+00 4.60210504e-02
 3.50635307e+00 4.30875855e-02
 3.20279486e+00 4.04386872e-02
 3.17721277e+00 3.80365548e-02
 3.04687514e+00 3.58495870e-02
 2.93734419e+00 3.38511816e-02
 2.87465579e+00 3.20187991e-02
 2.83406012e+00 3.03332280e-02
 2.81016466e+00 2.87780010e-02
 2.61686494e+00 2.73389290e-02
 2.57473159e+00 2.60037260e-02
 2.54491278e+00 2.47617038e-02
 2.49701967e+00 2.36035241e-02
 2.46032673e+00 2.25209935e-02
 2.40812396e+00 2.15068953e-02
 2.32496458e+00 2.05548486e-02
 2.26228400e+00 1.96591917e-02
 2.15435701e+00 1.88148831e-02
 2.14982422e+00 1.80174190e-02
 1.99766245e+00 1.72627628e-02
 2.09031027e+00 1.65472850e-02
 2.07062822e+00 1.58677125e-02
 1.97394617e+00 1.52210842e-02
 1.92386038e+00 1.46047138e-02
 1.86746130e+00 1.40161563e-02
 1.85309806e+00 1.34531802e-02
 1.83485081e+00 1.29137428e-02
 1.70812294e+00 1.23959679e-02
 1.82811213e+00 1.18981274e-02
 1.80893681e+00 1.14186245e-02
 1.73891131e+00 1.09559782e-02
 1.79737442e+00 1.05088110e-02
 1.63741698e+00 1.00758364e-02
 1.69825413e+00 9.65584868e-03
 1.62272126e+00 9.24771307e-03
 1.60582278e+00 8.85035723e-03
 1.54214455e+00 8.46276326e-03
 1.64239459e+00 8.08396031e-03
 1.55268936e+00 7.71301784e-03
 1.63038359e+00 7.34903919e-03
 1.55844566e+00 6.99115560e-03
 1.59251945e+00 6.63852037e-03
 1.56264155e+00 6.29030334e-03
 1.54444153e+00 5.94568539e-03
 1.57073795e+00 5.60385305e-03
 1.56641073e+00 5.26399300e-03
 1.49550678e+00 4.92528661e-03
 1.41259733e+00 4.58690415e-03
 1.56040804e+00 4.24799891e-03
 1.47497799e+00 3.90770087e-03
 1.41692171e+00 3.56510997e-03
 1.53234840e+00 3.21928886e-03
 1.50507645e+00 2.86925500e-03
 1.50311052e+00 2.51397192e-03
 1.56009158e+00 2.15233960e-03
 1.48283465e+00 1.78318365e-03
 1.44930973e+00 1.40524315e-03
 1.43969767e+00 1.01715692e-03
 1.42898553e+00 6.17447841e-04
 1.44632941e+00 2.04504919e-04
 1.49034047e+00 -2.23437379e-04
 1.44883268e+00 -6.68323002e-04
 1.48222313e+00 -1.13230208e-03
 1.47954365e+00 -1.61776335e-03
 1.43855274e+00 -2.12737218e-03
 1.45880011e+00 -2.66411534e-03
 1.46197176e+00 -3.23135414e-03
 1.49333796e+00 -3.83288744e-03
 1.42911941e+00 -4.47302716e-03
 1.52011511e+00 -5.15668887e-03
 1.48805830e+00 -5.88950122e-03
 1.52341698e+00 -6.67793885e-03
 1.41407563e+00 -7.52948468e-03
 1.55327559e+00 -8.45282924e-03
 1.59923688e+00 -9.45811715e-03
 1.65948564e+00 -1.05572539e-02
 1.60223724e+00 -1.17642905e-02
 1.50998123e+00 -1.30959088e-02
 1.62623374e+00 -1.45720405e-02
 1.68394838e+00 -1.62166607e-02
 1.66815548e+00 -1.80588181e-02
 1.65622939e+00 -2.01339826e-02
 1.66390093e+00 -2.24858297e-02
 1.69213271e+00 -2.51686293e-02
 1.82388890e+00 -2.82504859e-02
 1.84893968e+00 -3.18177941e-02
 1.88689151e+00 -3.59814591e-02
 1.99181677e+00 -4.08857280e-02
 2.01414326e+00 -4.67209619e-02
 2.07815749e+00 -5.37424915e-02
 2.19082866e+00 -6.22991002e-02
 2.20697914e+00 -7.28771850e-02
 2.36324793e+00 -8.61712666e-02
 2.51501013e+00 -1.03200437e-01
 2.61114252e+00 -1.25508324e-01
 2.84399673e+00 -1.55522550e-01
 3.06105932e+00 -1.97236906e-01
 3.31797251e+00 -2.57593693e-01
 3.79580294e+00 -3.49520350e-01
 4.34308100e+00 -4.99316261e-01
 5.30206224e+00 -7.67175691e-01
 6.38190855e+00 -1.31545192e+00
 8.63226167e+00 -2.70115547e+00
 1.22936481e+01 -7.62076820e+00
 4.46343200e+00 -2.42826861e+01
 -1.13539621e+01 -1.01773566e+01
 -7.67390897e+00 -3.32514187e+00
 -5.14864006e+00 -1.54564369e+00
 -3.63953822e+00 -8.80803701e-01
 -2.80443391e+00 -5.66875051e-01
 -2.27045810e+00 -3.95052009e-01
 -1.77631981e+00 -2.91117923e-01
 -1.42146774e+00 -2.23568472e-01
 -1.29792109e+00 -1.77233518e-01
 -9.42682464e-01 -1.44089755e-01
 -8.53452592e-01 -1.19574788e-01
 -6.35315726e-01 -1.00940262e-01
 -5.88232767e-01 -8.64509810e-02
 -4.39657472e-01 -7.49678593e-02
 -3.42421751e-01 -6.57181314e-02
 -2.85879389e-01 -5.81625991e-02
 -3.33481565e-01 -5.19157799e-02
 -2.10111347e-01 -4.66961748e-02
 -1.21994743e-01 -4.22943424e-02
 -2.45217154e-01 -3.85518504e-02
 -6.44664275e-02 -3.53470665e-02
 5.47747764e-02 -3.25853630e-02
 1.25379142e-02 -3.01922344e-02
 1.13624831e-01 -2.81083793e-02
 8.82480496e-02 -2.62861296e-02
 2.17622138e-01 -2.46868233e-02
 1.45202608e-01 -2.32788443e-02
 1.07350885e-01 -2.20361435e-02
 2.60553581e-01 -2.09371106e-02
 2.36058048e-01 -1.99637049e-02
 2.13621064e-01 -1.91007784e-02
 2.92583774e-01 -1.83355456e-02
 3.47959259e-01 -1.76571637e-02
 2.98228013e-01 -1.70563976e-02
 3.22147601e-01 -1.65253520e-02
 3.21183838e-01 -1.60572539e-02
 4.46359584e-01 -1.56462772e-02
 4.40114780e-01 -1.52873978e-02
 4.74593039e-01 -1.49762759e-02
 4.18349559e-01 -1.47091582e-02
 5.64714753e-01 -1.44827969e-02
 5.55742499e-01 -1.42943825e-02
 4.90097833e-01 -1.41414875e-02
 5.35778818e-01 -1.40220195e-02
 6.46684652e-01 -1.39341815e-02
 5.34341189e-01 -1.38764392e-02
 5.85371810e-01 -1.38474927e-02
 5.55433814e-01 -1.38462533e-02
 5.62841860e-01 -1.38718240e-02
 6.09567570e-01 -1.39234831e-02
 5.63297597e-01 -1.40006704e-02
 6.12782887e-01 -1.41029765e-02
 6.64348220e-01 -1.42301333e-02
 6.79858676e-01 -1.43820073e-02
 7.65660175e-01 -1.45585939e-02
 7.41754220e-01 -1.47600138e-02
 8.21995832e-01 -1.49865104e-02
 7.54457927e-01 -1.52384486e-02
 7.80175935e-01 -1.55163152e-02
 8.36165573e-01 -1.58207205e-02
 8.56994128e-01 -1.61524004e-02
 8.61805237e-01 -1.65122212e-02
 8.18635932e-01 -1.69011843e-02
 8.84975701e-01 -1.73204328e-02
 8.88037362e-01 -1.77712597e-02
 8.70186516e-01 -1.82551178e-02
 9.44512772e-01 -1.87736300e-02
 9.34501881e-01 -1.93286032e-02
 9.26279132e-01 -1.99220432e-02
 9.79720522e-01 -2.05561717e-02
 9.75308579e-01 -2.12334462e-02
 1.09107534e+00 -2.19565831e-02
 1.02776931e+00 -2.27285831e-02
 1.09675449e+00 -2.35527611e-02
 1.06698756e+00 -2.44327800e-02
 1.07457013e+00 -2.53726892e-02
 1.25963749e+00 -2.63769692e-02
 1.19305107e+00 -2.74505823e-02
 1.18263640e+00 -2.85990309e-02
 1.24726763e+00 -2.98284247e-02
 1.24372882e+00 -3.11455586e-02
 1.34491679e+00 -3.25580019e-02
 1.33159469e+00 -3.40742030e-02
 1.38755975e+00 -3.57036100e-02
 1.41542203e+00 -3.74568125e-02
 1.42898736e+00 -3.93457066e-02
 1.46911949e+00 -4.13836900e-02
 1.51401347e+00 -4.35858906e-02
 1.59058546e+00 -4.59694383e-02
 1.65066949e+00 -4.85537879e-02
 1.77848889e+00 -5.13611037e-02
 1.84307115e+00 -5.44167215e-02
 1.77658453e+00 -5.77497054e-02
 1.81914249e+00 -6.13935215e-02
 1.89126707e+00 -6.53868580e-02
 2.08191890e+00 -6.97746303e-02
 1.97684790e+00 -7.46092181e-02
 2.04546253e+00 -7.99519991e-02
 2.24229967e+00 -8.58752635e-02
 2.31465884e+00 -9.24646203e-02
 2.43181527e+00 -9.98220454e-02
 2.52201236e+00 -1.08069776e-01
 2.58063930e+00 -1.17355327e-01
 2.79527332e+00 -1.27858020e-01
 2.88108406e+00 -1.39797561e-01
 2.97382902e+00 -1.53445443e-01
 3.17733286e+00 -1.69140283e-01
 3.37984641e+00 -1.87308721e-01
 3.62924263e+00 -2.08494314e-01
 3.89115792e+00 -2.33398107e-01
 4.01373992e+00 -2.62936607e-01
 4.38205503e+00 -2.98326202e-01
 4.59604582e+00 -3.41208767e-01
 5.03601847e+00 -3.93843042e-01
 5.31295589e+00 -4.59404196e-01
 5.86783539e+00 -5.42467317e-01
 6.48257960e+00 -6.49815606e-01
 7.04546906e+00 -7.91847425e-01
 7.91194300e+00 -9.85145325e-01
 9.02571178e+00 -1.25743918e+00
 1.03080954e+01 -1.65786935e+00
 1.20262660e+01 -2.28005323e+00
 1.44685177e+01 -3.31960159e+00
 1.80077536e+01 -5.23766150e+00
 2.32960203e+01 -9.30871616e+00
 3.10372699e+01 -1.97842507e+01
 3.10784871e+01 -4.97618600e+01
 -2.06770503e+01 -6.28712264e+01
 -3.40712880e+01 -2.64423818e+01
 -2.62008428e+01 -1.16695221e+01
 -2.03134546e+01 -6.27317150e+00
 -1.63384978e+01 -3.86306171e+00
 -1.35182593e+01 -2.60437131e+00
 -1.15885206e+01 -1.87030601e+00
 -1.01441460e+01 -1.40660564e+00
 -9.00652758e+00 -1.09560602e+00
 -8.19792021e+00 -8.77112500e-01
 -7.44822554e+00 -7.17833731e-01
 -6.78293457e+00 -5.98178611e-01
 -6.28851189e+00 -5.06021529e-01
 -5.84388278e+00 -4.33537235e-01
 -5.47679867e+00 -3.75495030e-01
 -5.12408921e+00 -3.28292148e-01
 -4.93153252e+00 -2.89382135e-01
 -4.60696458e+00 -2.56924166e-01
 -4.42123301e+00 -2.29560921e-01
 -4.18778419e+00 -2.06273898e-01
 -4.01971984e+00 -1.86286799e-01
 -3.87557656e+00 -1.68999574e-01
 -3.59401722e+00 -1.53942503e-01
 -3.55675348e+00 -1.40743634e-01
 -3.42230230e+00 -1.29105343e-01
 -3.33567340e+00 -1.18787185e-01
 -3.30272675e+00 -1.09593193e-01
 -3.21831692e+00 -1.01362347e-01
 -3.09564002e+00 -9.39613474e-02
 -3.05034480e+00 -8.72790657e-02
 -2.99359015e+00 -8.12222553e-02
 -2.79833226e+00 -7.57121962e-02
 -2.71412167e+00 -7.06820524e-02
 -2.68886328e+00 -6.60747725e-02
 -2.57358612e+00 -6.18414109e-02
 -2.53069316e+00 -5.79397745e-02
 -2.60461830e+00 -5.43333254e-02
 -2.56306646e+00 -5.09902857e-02
 -2.45979146e+00 -4.78829027e-02
 -2.50358111e+00 -4.49868421e-02
 -2.37112750e+00 -4.22806855e-02
 -2.29494765e+00 -3.97455101e-02
 -2.24518433e+00 -3.73645378e-02
 -2.21806683e+00 -3.51228387e-02
 -2.30103286e+00 -3.30070816e-02
 -2.25182597e+00 -3.10053209e-02
 -2.21166719e+00 -2.91068159e-02
 -2.15634988e+00 -2.73018755e-02
 -2.23688527e+00 -2.55817248e-02
 -2.15419044e+00 -2.39383899e-02
 -2.04447191e+00 -2.23645983e-02
 -2.05230152e+00 -2.08536917e-02
 -2.14044886e+00 -1.93995501e-02
 -1.98195575e+00 -1.79965251e-02
 -2.04770325e+00 -1.66393810e-02
 -2.08605090e+00 -1.53232423e-02
 -2.03294083e+00 -1.40435470e-02
 -2.07665195e+00 -1.27960049e-02
 -1.99635737e+00 -1.15765598e-02
 -1.95257576e+00 -1.03813543e-02
 -2.01012652e+00 -9.20669895e-03
 -1.96234733e+00 -8.04904206e-03
 -1.93985447e+00 -6.90494259e-03
 -2.04800156e+00 -5.77104384e-03
 -1.88362208e+00 -4.64404841e-03
 -1.89550921e+00 -3.52069389e-03
 -1.97597986e+00 -2.39772890e-03
 -1.99286958e+00 -1.27188921e-03
 -2.04575562e+00 -1.39873583e-04
 -1.91759254e+00 1.00168102e-03
 -1.93445356e+00 2.15622514e-03
 -2.00550143e+00 3.32732393e-03
 -1.91553385e+00 4.51868589e-03
 -1.99546359e+00 5.73419395e-03
 -1.93479026e+00 6.97793907e-03
 -1.91652965e+00 8.25425725e-03
 -1.94700694e+00 9.56777034e-03
 -1.96476071e+00 1.09234316e-02
 -2.00272066e+00 1.23265765e-02
 -1.98586303e+00 1.37829808e-02
 -2.03671167e+00 1.52989254e-02
 -2.05854060e+00 1.68812713e-02
 -2.06928924e+00 1.85375448e-02
 -2.00413296e+00 2.02760364e-02
 -2.07532096e+00 2.21059143e-02
 -2.17288423e+00 2.40373574e-02
 -2.11481188e+00 2.60817097e-02
 -2.12218881e+00 2.82516615e-02
 -2.25802465e+00 3.05614634e-02
 -2.24238769e+00 3.30271787e-02
 -2.24438371e+00 3.56669838e-02
 -2.31712517e+00 3.85015262e-02
 -2.24354289e+00 4.15543550e-02
 -2.35278501e+00 4.48524394e-02
 -2.36290744e+00 4.84267973e-02
 -2.40699227e+00 5.23132614e-02
 -2.44034602e+00 5.65534196e-02
 -2.43468592e+00 6.11957737e-02
 -2.46320555e+00 6.62971801e-02
 -2.59281610e+00 7.19246502e-02
 -2.68672812e+00 7.81576195e-02
 -2.78324032e+00 8.50908291e-02
 -2.85104372e+00 9.28380152e-02
 -2.82950936e+00 1.01536678e-01
 -2.89284890e+00 1.11354302e-01
 -3.01156832e+00 1.22496567e-01
 -3.00984474e+00 1.35218283e-01
 -3.26162156e+00 1.49838175e-01
 -3.39625289e+00 1.66759101e-01
 -3.57338190e+00 1.86496137e-01
 -3.69868272e+00 2.09716202e-01
 -3.78970162e+00 2.37294994e-01
 -4.09710428e+00 2.70400383e-01
 -4.29553449e+00 3.10617300e-01
 -4.57691094e+00 3.60139386e-01
 -4.90391404e+00 4.22071369e-01
 -5.19207778e+00 5.00921377e-01
 -5.56174711e+00 6.03431944e-01
 -6.13194339e+00 7.40042476e-01
 -6.68271137e+00 9.27591546e-01
 -7.49722127e+00 1.19460607e+00
 -8.57188880e+00 1.59239086e+00
 -9.86638806e+00 2.22028958e+00
 -1.17079531e+01 3.28928033e+00
 -1.42091328e+01 5.30187120e+00
 -1.77624383e+01 9.61909173e+00
 -2.08567816e+01 2.00501169e+01
 -9.09274705e+00 3.81674696e+01
 1.63079743e+01 3.04869385e+01
 1.84490522e+01 1.43759507e+01
 1.48085422e+01 7.33256921e+00
 1.17513432e+01 4.28886469e+00
 9.45843453e+00 2.77909584e+00
 7.91428630e+00 1.93686037e+00
 6.74915341e+00 1.42350414e+00
 5.83330660e+00 1.08894356e+00
 5.09644177e+00 8.59331887e-01
 4.48905354e+00 6.95165008e-01
 4.08468853e+00 5.73842507e-01
 3.74271635e+00 4.81707813e-01
 3.32189517e+00 4.10126987e-01
 3.10196567e+00 3.53430388e-01
 2.82956887e+00 3.07772934e-01
 2.59756679e+00 2.70473637e-01
 2.33086954e+00 2.39617648e-01
 2.27841260e+00 2.13808170e-01
 2.01328245e+00 1.92007162e-01
 1.94489969e+00 1.73430312e-01
 1.81778451e+00 1.57476181e-01
 1.76199537e+00 1.43677370e-01
 1.62165964e+00 1.31666246e-01
 1.47735659e+00 1.21150457e-01
 1.49825587e+00 1.11895188e-01
 1.41071576e+00 1.03710101e-01
 1.27147558e+00 9.64396073e-02
 1.21162134e+00 8.99555376e-02
 1.15502945e+00 8.41515498e-02
 1.11968890e+00 7.89388259e-02
 1.00647450e+00 7.42427273e-02
 1.04987665e+00 7.00001718e-02
 9.54786170e-01 6.61575603e-02
 8.79568953e-01 6.26691255e-02
 8.61464641e-01 5.94956072e-02
 8.19236019e-01 5.66031821e-02
 6.84198056e-01 5.39625948e-02
 6.78900461e-01 5.15484468e-02
 6.55757749e-01 4.93386122e-02
 6.04286974e-01 4.73137551e-02
 6.00670908e-01 4.54569283e-02
 5.22177132e-01 4.37532394e-02
 5.00069441e-01 4.21895705e-02
 4.90183478e-01 4.07543422e-02
 4.47476078e-01 3.94373150e-02
 4.50248846e-01 3.82294204e-02
 3.81955872e-01 3.71226181e-02
 3.53456297e-01 3.61097730e-02
 3.60947138e-01 3.51845520e-02
 4.32776622e-01 3.43413336e-02
 2.84679422e-01 3.35751318e-02
 2.91781357e-01 3.28815302e-02
 2.66629633e-01 3.22566255e-02
 2.29966142e-01 3.16969788e-02
 3.32546640e-01 3.11995741e-02
 2.50381640e-01 3.07617826e-02
 2.11215548e-01 3.03813322e-02
 1.80101464e-01 3.00562819e-02
 1.48832015e-01 2.97850002e-02
 4.23131389e-02 2.95661471e-02
 1.42107242e-01 2.93986596e-02
 1.84896984e-02 2.92817404e-02
 -2.26027839e-02 2.92148492e-02
 4.32565487e-02 2.91976970e-02
 6.45815224e-02 2.92302431e-02
 -5.36343392e-02 2.93126942e-02
 -2.78099034e-02 2.94455066e-02
 -8.48916469e-02 2.96293905e-02
 -2.06926012e-02 2.98653175e-02
 -1.09880893e-01 3.01545307e-02
 -1.27480162e-01 3.04985570e-02
 -5.60907429e-02 3.08992241e-02
 -1.58465457e-01 3.13586799e-02
 -1.84839062e-01 3.18794156e-02
 -1.88339543e-01 3.24642944e-02
 -2.15157233e-01 3.31165833e-02
 -2.74184203e-01 3.38399923e-02
 -2.71331677e-01 3.46387180e-02
 -3.51378004e-01 3.55174964e-02
 -3.35568510e-01 3.64816622e-02
 -3.08429447e-01 3.75372192e-02
 -3.49499521e-01 3.86909218e-02
 -4.09115185e-01 3.99503695e-02
 -4.29367048e-01 4.13241176e-02
 -3.69240898e-01 4.28218064e-02
 -5.47094925e-01 4.44543127e-02
 -4.56193695e-01 4.62339280e-02
 -4.80299563e-01 4.81745687e-02
 -5.92784593e-01 5.02920244e-02
 -6.41512056e-01 5.26042536e-02
 -6.84928799e-01 5.51317354e-02
 -7.08078613e-01 5.78978918e-02
 -7.54780605e-01 6.09295949e-02
 -8.33059410e-01 6.42577807e-02
 -8.89063796e-01 6.79181943e-02
 -8.90193066e-01 7.19523015e-02
 -9.13631091e-01 7.64084079e-02
 -9.73772584e-01 8.13430439e-02
 -1.11870375e+00 8.68226878e-02
 -1.08249505e+00 9.29259262e-02
 -1.13463234e+00 9.97461819e-02
 -1.19690126e+00 1.07395187e-01
 -1.34766658e+00 1.16007442e-01
 -1.32809370e+00 1.25745992e-01
 -1.49970342e+00 1.36809991e-01
 -1.69315158e+00 1.49444703e-01
 -1.65598690e+00 1.63954882e-01
 -1.85718568e+00 1.80722914e-01
 -1.93652344e+00 2.00233724e-01
 -2.15226736e+00 2.23109518e-01
 -2.25175630e+00 2.50159024e-01
 -2.44391806e+00 2.82448573e-01
 -2.64670440e+00 3.21406777e-01
 -2.89429820e+00 3.68982191e-01
 -3.08539822e+00 4.27886779e-01
 -3.34056190e+00 5.01982712e-01
 -3.75697939e+00 5.96916892e-01
 -4.17307793e+00 7.21200871e-01
 -4.69602976e+00 8.88128373e-01
 -5.38933760e+00 1.11935211e+00
 -6.16575268e+00 1.45195227e+00
 -7.20938716e+00 1.95338680e+00
 -8.52519576e+00 2.75572488e+00
 -1.03866931e+01 4.14135226e+00
 -1.27929135e+01 6.77608205e+00
 -1.54118816e+01 1.23299754e+01
 -1.45079883e+01 2.38451260e+01
 2.04220940e+00 3.33519623e+01
 1.64852144e+01 2.21454698e+01
 1.65219893e+01 1.14434863e+01
 1.38109623e+01 6.38476108e+00
 1.14452370e+01 3.95507785e+00
 9.72684707e+00 2.65932573e+00
 8.37651147e+00 1.90027307e+00
 7.37858613e+00 1.42142387e+00
 6.62832218e+00 1.10134635e+00
 6.09365792e+00 8.77370836e-01
 5.55405731e+00 7.14751516e-01
 5.11826771e+00 5.93052536e-01
 4.80705436e+00 4.99650853e-01
 4.56057080e+00 4.26422195e-01
 4.27170174e+00 3.67952225e-01
 3.97711939e+00 3.20523129e-01
 3.75007745e+00 2.81515089e-01
 3.58668783e+00 2.49039789e-01
 3.49093765e+00 2.21708788e-01
 3.35219724e+00 1.98482996e-01
 3.24311969e+00 1.78572406e-01
 3.16190994e+00 1.61367814e-01
 3.01233344e+00 1.46393387e-01
 2.93082825e+00 1.33273118e-01
 2.85188151e+00 1.21706721e-01
 2.70232439e+00 1.11452040e-01
 2.66976248e+00 1.02312048e-01
 2.60112622e+00 9.41251039e-02
 2.44344639e+00 8.67575860e-02
 2.47937666e+00 8.00982439e-02
 2.42920974e+00 7.40538376e-02
 2.40904305e+00 6.85457346e-02
 2.37586483e+00 6.35072325e-02
 2.32029319e+00 5.88814365e-02
 2.28613698e+00 5.46195629e-02
 2.24731405e+00 5.06795743e-02
 2.23190315e+00 4.70250745e-02
 2.13527281e+00 4.36244070e-02
 2.11574916e+00 4.04499166e-02
 2.09668093e+00 3.74773405e-02
 2.06947912e+00 3.46853029e-02
 1.96656709e+00 3.20548944e-02
 2.14645185e+00 2.95693198e-02
 2.00953115e+00 2.72136015e-02
 2.05998933e+00 2.49743284e-02
 2.02212022e+00 2.28394434e-02
 1.97264695e+00 2.07980617e-02
 1.89989418e+00 1.88403145e-02
 2.02817353e+00 1.69572155e-02
 1.95386637e+00 1.51405444e-02
 1.99388845e+00 1.33827463e-02
 1.93542074e+00 1.16768431e-02
 1.86126904e+00 1.00163564e-02
 1.99829894e+00 8.39523846e-03
 1.92625949e+00 6.80781185e-03
 1.96544021e+00 5.24871431e-03
 1.82404055e+00 3.71284963e-03
 1.93938960e+00 2.19534269e-03
 1.91698074e+00 6.91498161e-04
 1.88588433e+00 -8.03237847e-04
 1.95046936e+00 -2.29331379e-03
 1.93937815e+00 -3.78310693e-03
 1.97396108e+00 -5.27695631e-03
 1.96593169e+00 -6.77919485e-03
 1.97054903e+00 -8.29418120e-03
 1.94252739e+00 -9.82633157e-03
 1.94723185e+00 -1.13801521e-02
 1.79530521e+00 -1.29602724e-02
 1.95349803e+00 -1.45714799e-02
 1.99770973e+00 -1.62187571e-02
 2.01445352e+00 -1.79073203e-02
 1.99318620e+00 -1.96426617e-02
 2.08542831e+00 -2.14305958e-02
 2.03036863e+00 -2.32773089e-02
 2.12434917e+00 -2.51894149e-02
 2.07674295e+00 -2.71740170e-02
 2.13447418e+00 -2.92387763e-02
 2.06814444e+00 -3.13919896e-02
 2.11527105e+00 -3.36426763e-02
 2.14011875e+00 -3.60006783e-02
 2.23644741e+00 -3.84767725e-02
 2.20319304e+00 -4.10828011e-02
 2.16707864e+00 -4.38318197e-02
 2.17226535e+00 -4.67382696e-02
 2.34831131e+00 -4.98181768e-02
 2.31723685e+00 -5.30893830e-02
 2.32447754e+00 -5.65718162e-02
 2.27912439e+00 -6.02878070e-02
 2.38658561e+00 -6.42624614e-02
 2.39518283e+00 -6.85241010e-02
 2.48042803e+00 -7.31047856e-02
 2.52347305e+00 -7.80409363e-02
 2.55545468e+00 -8.33740817e-02
 2.65101022e+00 -8.91517556e-02
 2.69975023e+00 -9.54285842e-02
 2.80588585e+00 -1.02267607e-01
 2.83571080e+00 -1.09741893e-01
 2.99113342e+00 -1.17936531e-01
 2.97066919e+00 -1.26951092e-01
 3.01515437e+00 -1.36902701e-01
 3.09132874e+00 -1.47929890e-01
 3.17169991e+00 -1.60197483e-01
 3.31411432e+00 -1.73902817e-01
 3.42396800e+00 -1.89283751e-01
 3.57089283e+00 -2.06629075e-01
 3.73266420e+00 -2.26292155e-01
 3.79590180e+00 -2.48709048e-01
 4.01055197e+00 -2.74422798e-01
 4.22239424e+00 -3.04116487e-01
 4.41128498e+00 -3.38658771e-01
 4.53011526e+00 -3.79167638e-01
 4.78721331e+00 -4.27101146e-01
 5.08559384e+00 -4.84388985e-01
 5.35469756e+00 -5.53627163e-01
 5.79705142e+00 -6.38372762e-01
 6.06972454e+00 -7.43601723e-01
 6.58717312e+00 -8.76440576e-01
 7.26753524e+00 -1.04737483e+00
 7.82555638e+00 -1.27232014e+00
 8.57515802e+00 -1.57632700e+00
 9.60256460e+00 -2.00054204e+00
 1.08987515e+01 -2.61605369e+00
 1.24698464e+01 -3.55328408e+00
 1.46096850e+01 -5.06903269e+00
 1.72890251e+01 -7.71026220e+00
 2.04971558e+01 -1.27212057e+01
 2.26686803e+01 -2.27584057e+01
 1.49526545e+01 -3.90166521e+01
 -9.14225987e+00 -4.23185372e+01
 -2.14364640e+01 -2.63847395e+01
 -2.05530171e+01 -1.46176869e+01
 -1.72869881e+01 -8.68537233e+00
 -1.44298634e+01 -5.61600299e+00
 -1.23491902e+01 -3.88831671e+00
 -1.06228982e+01 -2.83698066e+00
 -9.25285194e+00 -2.15524180e+00
 -8.08620209e+00 -1.69010094e+00
 -7.33864672e+00 -1.35946170e+00
 -6.56338894e+00 -1.11642826e+00
 -6.03880871e+00 -9.32763371e-01
 -5.52531546e+00 -7.90692513e-01
 -5.01427140e+00 -6.78597350e-01
 -4.74193330e+00 -5.88634377e-01
 -4.49241674e+00 -5.15358709e-01
 -4.17798728e+00 -4.54897588e-01
 -3.92792816e+00 -4.04437034e-01
 -3.66239389e+00 -3.61893430e-01
 -3.46277795e+00 -3.25697809e-01
 -3.25961737e+00 -2.94650818e-01
 -3.07315018e+00 -2.67823135e-01
 -2.94255602e+00 -2.44485785e-01
 -2.85440372e+00 -2.24060535e-01
 -2.82640436e+00 -2.06084029e-01
 -2.68779982e+00 -1.90181489e-01
 -2.47136862e+00 -1.76047167e-01
 -2.30732954e+00 -1.63429651e-01
 -2.26822310e+00 -1.52120688e-01
 -2.20246113e+00 -1.41946602e-01
 -2.13897507e+00 -1.32761632e-01
 -2.02499682e+00 -1.24442726e-01
 -2.00708280e+00 -1.16885427e-01
 -1.88682928e+00 -1.10000610e-01
 -1.83345561e+00 -1.03711858e-01
 -1.81740691e+00 -9.79533578e-02
 -1.83367085e+00 -9.26681821e-02
 -1.64228164e+00 -8.78068959e-02
 -1.68841493e+00 -8.33264056e-02
 -1.58134144e+00 -7.91890128e-02
 -1.60842502e+00 -7.53616271e-02
 -1.52710171e+00 -7.18151117e-02
 -1.46123707e+00 -6.85237336e-02
 -1.46236936e+00 -6.54647028e-02
 -1.40243753e+00 -6.26177816e-02
 -1.44485621e+00 -5.99649547e-02
 -1.31190438e+00 -5.74901477e-02
 -1.32641073e+00 -5.51789868e-02
 -1.17063135e+00 -5.30185936e-02
 -1.26628915e+00 -5.09974074e-02
 -1.15689819e+00 -4.91050340e-02
 -1.22719759e+00 -4.73321130e-02
 -1.17925941e+00 -4.56702043e-02
 -1.18123186e+00 -4.41116893e-02
 -1.07444118e+00 -4.26496840e-02
 -1.14772374e+00 -4.12779647e-02
 -1.08250403e+00 -3.99909022e-02
 -9.68898631e-01 -3.87834044e-02
 -1.11975731e+00 -3.76508667e-02
 -1.02877264e+00 -3.65891278e-02
 -9.86804424e-01 -3.55944318e-02
 -9.34535766e-01 -3.46633949e-02
 -9.59544420e-01 -3.37929762e-02
 -9.55589602e-01 -3.29804527e-02
 -9.15047840e-01 -3.22233975e-02
 -9.36103972e-01 -3.15196613e-02
 -8.79043802e-01 -3.08673571e-02
 -8.34963973e-01 -3.02648466e-02
 -7.80858786e-01 -2.97107304e-02
 -7.95754956e-01 -2.92038393e-02
 -7.15260492e-01 -2.87432291e-02
 -7.55381475e-01 -2.83281768e-02
 -7.77986201e-01 -2.79581792e-02
 -7.73304347e-01 -2.76329541e-02
 -7.65629336e-01 -2.73524436e-02
 -6.02194528e-01 -2.71168203e-02
 -7.56868500e-01 -2.69264951e-02
 -7.43679276e-01 -2.67821296e-02
 -5.80934355e-01 -2.66846499e-02
 -7.16477714e-01 -2.66352653e-02
 -6.16908815e-01 -2.66354906e-02
 -6.33354841e-01 -2.66871727e-02
 -5.64448774e-01 -2.67925230e-02
 -6.21164982e-01 -2.69541556e-02
 -6.78336326e-01 -2.71751330e-02
 -5.61042323e-01 -2.74590200e-02
 -5.93345197e-01 -2.78099482e-02
 -4.70270162e-01 -2.82326916e-02
 -5.14310343e-01 -2.87327573e-02
 -5.06986854e-01 -2.93164936e-02
 -4.58291392e-01 -2.99912185e-02
 -4.77553096e-01 -3.07653745e-02
 -4.82692506e-01 -3.16487144e-02
 -4.39087193e-01 -3.26525260e-02
 -4.67048854e-01 -3.37899045e-02
 -4.04683448e-01 -3.50760861e-02
 -3.59602101e-01 -3.65288554e-02
 -3.71781838e-01 -3.81690489e-02
 -3.64891401e-01 -4.00211807e-02
 -2.79729749e-01 -4.21142229e-02
 -2.74786337e-01 -4.44825890e-02
 -3.06342673e-01 -4.71673804e-02
 -2.21053381e-01 -5.02179805e-02
 -1.99797429e-01 -5.36941105e-02
 -2.02584601e-01 -5.76685076e-02
 -1.74155367e-01 -6.22304466e-02
 -1.67705457e-02 -6.74904248e-02
 -8.99471504e-02 -7.35864691e-02
 -5.40366384e-02 -8.06927357e-02
 1.67407243e-02 -8.90314049e-02
 1.72628513e-02 -9.88893906e-02
 1.39537924e-01 -1.10642215e-01
 1.89082433e-01 -1.24788767e-01
 3.08885265e-01 -1.42002970e-01
 3.68801712e-01 -1.63212386e-01
 4.52128145e-01 -1.89720922e-01
 5.80117669e-01 -2.23406065e-01
 6.52517973e-01 -2.67046488e-01
 8.70335373e-01 -3.24886956e-01
 9.44241385e-01 -4.03654765e-01
 1.29042376e+00 -5.14479562e-01
 1.56800754e+00 -6.76723674e-01
 1.86221230e+00 -9.26096268e-01
 2.39516520e+00 -1.33288530e+00
 2.88730574e+00 -2.04428224e+00
 3.52965856e+00 -3.37214972e+00
 3.35820976e+00 -5.80384702e+00
 6.73695801e-01 -8.59852676e+00
 -3.69216775e+00 -7.78765969e+00
 -5.19927972e+00 -4.79577045e+00
 -4.89140244e+00 -2.80444668e+00
 -4.43340936e+00 -1.74631355e+00
 -3.85154411e+00 -1.16703430e+00
 -3.31920867e+00 -8.26690951e-01
 -3.10898208e+00 -6.12931677e-01
 -2.89832911e+00 -4.70971574e-01
 -2.68530207e+00 -3.72293096e-01
 -2.42127823e+00 -3.01084951e-01
 -2.37344694e+00 -2.48081112e-01
 -2.28926736e+00 -2.07587051e-01
 -2.05286112e+00 -1.75958096e-01
 -2.07585415e+00 -1.50778838e-01
 -1.86939120e+00 -1.30399621e-01
 -1.90424082e+00 -1.13663888e-01
 -1.85913286e+00 -9.97419595e-02
 -1.80608987e+00 -8.80264639e-02
 -1.62399655e+00 -7.80646903e-02
 -1.72867250e+00 -6.95137269e-02
 -1.63510069e+00 -6.21100391e-02
 -1.60365828e+00 -5.56484236e-02
 -1.55674999e+00 -4.99671809e-02
 -1.55715805e+00 -4.49374979e-02
 -1.48195669e+00 -4.04557275e-02
 -1.52637366e+00 -3.64376997e-02
 -1.55027340e+00 -3.28144742e-02
 -1.51286477e+00 -2.95291332e-02
 -1.43125779e+00 -2.65343340e-02
 -1.41862057e+00 -2.37904204e-02
 -1.44033120e+00 -2.12639546e-02
 -1.53978976e+00 -1.89265633e-02
 -1.46687015e+00 -1.67540254e-02
 -1.44046727e+00 -1.47255438e-02
 -1.36094187e+00 -1.28231606e-02
 -1.44798846e+00 -1.10312841e-02
 -1.40516295e+00 -9.33630360e-03
 -1.39261578e+00 -7.72627360e-03
 -1.40056135e+00 -6.19065405e-03
 -1.43263995e+00 -4.72009449e-03
 -1.31705694e+00 -3.30625428e-03
 -1.34789277e+00 -1.94165180e-03
 -1.43901904e+00 -6.19537379e-04
 -1.45691427e+00 6.66214571e-04
 -1.45277800e+00 1.92119748e-03
 -1.33535613e+00 3.15055150e-03
 -1.39704500e+00 4.35903165e-03
 -1.35109907e+00 5.55106702e-03
 -1.48743548e+00 6.73081255e-03
 -1.45510963e+00 7.90219481e-03
 -1.44398163e+00 9.06895264e-03
 -1.40997318e+00 1.02346737e-02
 -1.37441534e+00 1.14028275e-02
 -1.44854702e+00 1.25767961e-02
 -1.40907202e+00 1.37599017e-02
 -1.39315389e+00 1.49554337e-02
 -1.43821929e+00 1.61666738e-02
 -1.40146308e+00 1.73969201e-02
 -1.51343786e+00 1.86495112e-02
 -1.49882607e+00 1.99278499e-02
 -1.46523889e+00 2.12354271e-02
 -1.53122679e+00 2.25758457e-02
 -1.48613253e+00 2.39528467e-02
 -1.41132923e+00 2.53703346e-02
 -1.56997813e+00 2.68324057e-02
 -1.55453770e+00 2.83433776e-02
 -1.56957791e+00 2.99078214e-02
 -1.69165045e+00 3.15305961e-02
 -1.61655905e+00 3.32168865e-02
 -1.61531757e+00 3.49722449e-02
 -1.65281399e+00 3.68026370e-02
 -1.75552512e+00 3.87144932e-02
 -1.70763147e+00 4.07147653e-02
 -1.74535990e+00 4.28109905e-02
 -1.68823597e+00 4.50113631e-02
 -1.71716449e+00 4.73248159e-02
 -1.75372004e+00 4.97611117e-02
 -1.77314409e+00 5.23309477e-02
 -1.86890804e+00 5.50460749e-02
 -1.82331090e+00 5.79194336e-02
 -1.78819230e+00 6.09653101e-02
 -1.98932639e+00 6.41995166e-02
 -1.95344467e+00 6.76395985e-02
 -2.01794845e+00 7.13050755e-02
 -1.93905653e+00 7.52177216e-02
 -2.06476459e+00 7.94018915e-02
 -2.07870448e+00 8.38849033e-02
 -2.17773163e+00 8.86974883e-02
 -2.23526311e+00 9.38743218e-02
 -2.36048862e+00 9.94546519e-02
 -2.19965147e+00 1.05483048e-01
 -2.35153459e+00 1.12010297e-01
 -2.49738022e+00 1.19094474e-01
 -2.48582419e+00 1.26802243e-01
 -2.63083682e+00 1.35210430e-01
 -2.63168623e+00 1.44407940e-01
 -2.69117226e+00 1.54498112e-01
 -2.77394410e+00 1.65601628e-01
 -2.81894824e+00 1.77860123e-01
 -3.00396231e+00 1.91440702e-01
 -2.97478901e+00 2.06541635e-01
 -3.15682637e+00 2.23399591e-01
 -3.28211696e+00 2.42298901e-01
 -3.39733886e+00 2.63583530e-01
 -3.63633658e+00 2.87672704e-01
 -3.76183765e+00 3.15081509e-01
 -3.88514071e+00 3.46448366e-01
 -4.03999950e+00 3.82572104e-01
 -4.24033216e+00 4.24462676e-01
 -4.53993957e+00 4.73411514e-01
 -4.80154974e+00 5.31090698e-01
 -5.00601920e+00 5.99695159e-01
 -5.42232377e+00 6.82150519e-01
 -5.77467291e+00 7.82423335e-01
 -6.11191961e+00 9.05995154e-01
 -6.61398078e+00 1.06060612e+00
 -7.23048123e+00 1.25745606e+00
 -7.82070346e+00 1.51320979e+00
 -8.54211067e+00 1.85347196e+00
 -9.53738923e+00 2.31906731e+00
 -1.07694139e+01 2.97793680e+00
 -1.22107806e+01 3.94885574e+00
 -1.40252376e+01 5.45122518e+00
 -1.62666234e+01 7.91364446e+00
 -1.88448419e+01 1.22037322e+01
 -2.06210821e+01 1.99466805e+01
 -1.70547670e+01 3.23625442e+01
 -6.87182725e-01 4.13064833e+01
 1.63744829e+01 3.32922777e+01
 2.06309259e+01 2.06759845e+01
 1.90199860e+01 1.26289194e+01
 1.64360155e+01 8.16410770e+00
 1.42289644e+01 5.60913116e+00
 1.23374326e+01 4.05557555e+00
 1.08418263e+01 3.05450095e+00
 9.68479136e+00 2.37675674e+00
 8.80002708e+00 1.89870372e+00
 7.98871141e+00 1.54983723e+00
 7.27311299e+00 1.28790606e+00
 6.61213675e+00 1.08647177e+00
 6.18154669e+00 9.28360543e-01
 5.75979053e+00 8.02049607e-01
 5.40965661e+00 6.99586912e-01
 5.15183296e+00 6.15347648e-01
 4.85841409e+00 5.45265812e-01
 4.49829667e+00 4.86345098e-01
 4.39301802e+00 4.36339269e-01
 4.12200090e+00 3.93538291e-01
 3.95877658e+00 3.56622163e-01
 3.73581878e+00 3.24559096e-01
 3.65809739e+00 2.96533328e-01
 3.48867148e+00 2.71893137e-01
 3.47395253e+00 2.50112865e-01
 3.19218813e+00 2.30764786e-01
 3.18946281e+00 2.13498035e-01
 2.99389181e+00 1.98022624e-01
 2.89779529e+00 1.84097207e-01
 2.80474715e+00 1.71519612e-01
 2.68996194e+00 1.60119455e-01
 2.67973912e+00 1.49752328e-01
 2.59469416e+00 1.40295182e-01
 2.56813514e+00 1.31642648e-01
 2.46623499e+00 1.23704068e-01
 2.42063936e+00 1.16401093e-01
 2.32822785e+00 1.09665728e-01
 2.29448689e+00 1.03438724e-01
 2.21759173e+00 9.76682629e-02
 2.23942279e+00 9.23088529e-02
 2.19568641e+00 8.73204230e-02
 2.13932516e+00 8.26675579e-02
 2.05522053e+00 7.83188570e-02
 2.01348621e+00 7.42463932e-02
 1.93112900e+00 7.04252549e-02
 2.05976121e+00 6.68331556e-02
 1.94082255e+00 6.34501007e-02
 1.85461889e+00 6.02581024e-02
 1.95549757e+00 5.72409338e-02
 1.83895328e+00 5.43839168e-02
 1.83520736e+00 5.16737386e-02
 1.87798869e+00 4.90982920e-02
 1.66950498e+00 4.66465363e-02
 1.70586470e+00 4.43083753e-02
 1.65874913e+00 4.20745502e-02
 1.71379854e+00 3.99365457e-02
 1.74353251e+00 3.78865061e-02
 1.58371360e+00 3.59171620e-02
 1.70159515e+00 3.40217632e-02
 1.67993612e+00 3.21940205e-02
 1.61453317e+00 3.04280521e-02
 1.59217430e+00 2.87183351e-02
 1.64498984e+00 2.70596623e-02
 1.53662286e+00 2.54471015e-02
 1.56271670e+00 2.38759583e-02
 1.54091764e+00 2.23417419e-02
 1.59342895e+00 2.08401324e-02
 1.52619466e+00 1.93669498e-02
 1.60091000e+00 1.79181247e-02
 1.57928672e+00 1.64896689e-02
 1.45928695e+00 1.50776478e-02
 1.47232733e+00 1.36781513e-02
 1.56782200e+00 1.22872655e-02
 1.44756819e+00 1.09010433e-02
 1.57116035e+00 9.51547378e-03
 1.54771052e+00 8.12644958e-03
 1.47726246e+00 6.72973284e-03
 1.46657207e+00 5.32091772e-03
 1.50969029e+00 3.89538970e-03
 1.42083632e+00 2.44828062e-03
 1.48042604e+00 9.74418581e-04
 1.50747083e+00 -5.31728360e-04
 1.51242994e+00 -2.07611597e-03
 1.46376807e+00 -3.66519659e-03
 1.45463173e+00 -5.30600266e-03
 1.40985923e+00 -7.00624323e-03
 1.43276007e+00 -8.77441609e-03
 1.45604018e+00 -1.06199388e-02
 1.55733497e+00 -1.25533026e-02
 1.51869751e+00 -1.45862543e-02
 1.51219896e+00 -1.67320118e-02
 1.48498687e+00 -1.90055219e-02
 1.54152398e+00 -2.14237693e-02
 1.54079974e+00 -2.40061487e-02
 1.54655312e+00 -2.67749178e-02
 1.47575647e+00 -2.97557484e-02
 1.61857687e+00 -3.29784037e-02
 1.62064448e+00 -3.64775750e-02
 1.62675309e+00 -4.02939226e-02
 1.54045783e+00 -4.44753790e-02
 1.77262052e+00 -4.90787946e-02
 1.66995164e+00 -5.41720305e-02
 1.65857167e+00 -5.98366444e-02
 1.81172068e+00 -6.61713689e-02
 1.72387144e+00 -7.32966590e-02
 1.84523771e+00 -8.13607028e-02
 1.82560518e+00 -9.05474554e-02
 1.88813690e+00 -1.01087510e-01
 1.95651384e+00 -1.13273011e-01
 2.07269054e+00 -1.27478398e-01
 2.15232920e+00 -1.44189749e-01
 2.13368913e+00 -1.64047000e-01
 2.26650356e+00 -1.87905865e-01
 2.25884775e+00 -2.16930646e-01
 2.37173854e+00 -2.52736620e-01
 2.52427444e+00 -2.97614347e-01
 2.69736759e+00 -3.54893599e-01
 2.84526855e+00 -4.29553552e-01
 3.10379319e+00 -5.29284353e-01
 3.36408385e+00 -6.66411034e-01
 3.56340130e+00 -8.61539012e-01
 4.01875837e+00 -1.15078453e+00
 4.52703745e+00 -1.60068300e+00
 5.05047214e+00 -2.33907427e+00
 5.57714095e+00 -3.61045500e+00
 5.63880482e+00 -5.78587407e+00
 3.93775953e+00 -8.70163836e+00
 -3.66639033e-01 -9.69863212e+00
 -3.43991409e+00 -7.28284951e+00
 -4.08904055e+00 -4.59851623e+00
 -3.68800945e+00 -2.91117734e+00
 -3.04938866e+00 -1.94039606e+00
 -2.64634469e+00 -1.36441236e+00
 -2.07813781e+00 -1.00400207e+00
 -1.75865918e+00 -7.66625079e-01
 -1.49423135e+00 -6.03206089e-01
 -1.32745364e+00 -4.86439851e-01
 -1.08909778e+00 -4.00369112e-01
 -9.59856167e-01 -3.35240390e-01
 -7.67338306e-01 -2.84851216e-01
 -8.26262483e-01 -2.45118385e-01
 -6.63887495e-01 -2.13271374e-01
 -4.97516495e-01 -1.87379911e-01
 -4.22130507e-01 -1.66067453e-01
 -3.25925948e-01 -1.48331899e-01
 -3.08738704e-01 -1.33430243e-01
 -2.03112120e-01 -1.20802481e-01
 -1.29375751e-01 -1.10020280e-01
 -1.18118058e-01 -1.00751637e-01
 -9.50199419e-03 -9.27360989e-02
 8.93483439e-03 -8.57670930e-02
 -8.36110765e-02 -7.96791374e-02
 4.82355412e-02 -7.43384494e-02
 1.56016049e-01 -6.96359633e-02
 3.70927554e-02 -6.54820759e-02
 1.46800700e-01 -6.18026497e-02
 2.02896169e-01 -5.85359419e-02
 1.64914887e-01 -5.56302219e-02
 2.71444132e-01 -5.30419069e-02
 2.39846282e-01 -5.07340914e-02
 2.13550483e-01 -4.86753779e-02
 2.69273192e-01 -4.68389412e-02
 2.72405836e-01 -4.52017742e-02
 3.35449935e-01 -4.37440756e-02
 4.00459341e-01 -4.24487519e-02
 3.85430282e-01 -4.13010073e-02
 2.99751062e-01 -4.02880072e-02
 3.90109166e-01 -3.93985988e-02
 3.36578354e-01 -3.86230786e-02
 4.86418033e-01 -3.79529990e-02
 4.89546999e-01 -3.73810057e-02
 4.76473810e-01 -3.69007013e-02
 4.87776574e-01 -3.65065303e-02
 4.32397146e-01 -3.61936824e-02
 5.25441807e-01 -3.59580104e-02
 5.61379256e-01 -3.57959608e-02
 5.76148245e-01 -3.57045156e-02
 5.94873378e-01 -3.56811425e-02
 5.64763965e-01 -3.57237539e-02
 5.49534504e-01 -3.58306718e-02
 6.82355028e-01 -3.60005995e-02
 6.22506638e-01 -3.62325976e-02
 6.26237769e-01 -3.65260660e-02
 7.07111582e-01 -3.68807283e-02
 7.11711107e-01 -3.72966220e-02
 7.04162319e-01 -3.77740904e-02
 7.24241886e-01 -3.83137796e-02
 7.06555383e-01 -3.89166372e-02
 7.25721870e-01 -3.95839148e-02
 6.92875494e-01 -4.03171740e-02
 7.62888209e-01 -4.11182943e-02
 7.22005208e-01 -4.19894857e-02
 9.43736989e-01 -4.29333032e-02
 7.75448598e-01 -4.39526657e-02
 8.21686585e-01 -4.50508787e-02
 9.13660274e-01 -4.62316602e-02
 9.11476287e-01 -4.74991724e-02
 9.72967402e-01 -4.88580572e-02
 9.39326714e-01 -5.03134781e-02
 9.65760837e-01 -5.18711674e-02
 1.09651942e+00 -5.35374817e-02
 1.06980370e+00 -5.53194639e-02
 1.04434728e+00 -5.72249160e-02
 1.12708597e+00 -5.92624806e-02
 1.10941491e+00 -6.14417363e-02
 1.26300000e+00 -6.37733055e-02
 1.18598466e+00 -6.62689796e-02
 1.23317367e+00 -6.89418626e-02
 1.24949226e+00 -7.18065369e-02
 1.22875408e+00 -7.48792555e-02
 1.34181362e+00 -7.81781647e-02
 1.32946321e+00 -8.17235631e-02
 1.45810831e+00 -8.55382037e-02
 1.44399492e+00 -8.96476484e-02
 1.51727007e+00 -9.40806831e-02
 1.45479868e+00 -9.88698079e-02
 1.52999806e+00 -1.04051817e-01
 1.57931597e+00 -1.09668486e-01
 1.65644668e+00 -1.15767397e-01
 1.73073884e+00 -1.22402918e-01
 1.78037414e+00 -1.29637394e-01
 1.85018924e+00 -1.37542576e-01
 1.81857066e+00 -1.46201370e-01
 1.92651862e+00 -1.55709969e-01
 2.02944820e+00 -1.66180479e-01
 2.22061657e+00 -1.77744168e-01
 2.15107521e+00 -1.90555522e-01
 2.31899100e+00 -2.04797325e-01
 2.34829443e+00 -2.20687091e-01
 2.47173653e+00 -2.38485263e-01
 2.52008906e+00 -2.58505750e-01
 2.66906788e+00 -2.81129607e-01
 2.75968014e+00 -3.06822958e-01
 2.90662468e+00 -3.36160738e-01
 3.09802794e+00 -3.69858509e-01
 3.29579939e+00 -4.08815621e-01
 3.49339778e+00 -4.54174570e-01
 3.65858610e+00 -5.07403847e-01
 3.98318866e+00 -5.70415437e-01
 4.18790904e+00 -6.45734455e-01
 4.44506821e+00 -7.36748849e-01
 4.87146951e+00 -8.48084960e-01
 5.15393799e+00 -9.86185956e-01
 5.63681382e+00 -1.16022661e+00
 6.25756256e+00 -1.38360313e+00
 6.86369182e+00 -1.67644009e+00
 7.48503662e+00 -2.06996364e+00
 8.44042127e+00 -2.61443525e+00
 9.53365099e+00 -3.39414379e+00
 1.08967303e+01 -4.55682103e+00
 1.25259433e+01 -6.37250606e+00
 1.42756573e+01 -9.34567371e+00
 1.56310069e+01 -1.43585977e+01
 1.45139481e+01 -2.23112353e+01
 6.29369962e+00 -3.07687895e+01
 -7.51100689e+00 -3.06163050e+01
 -1.53193331e+01 -2.20797888e+01
 -1.64081181e+01 -1.42094353e+01
 -1.49597549e+01 -9.26627931e+00
 -1.32405510e+01 -6.33209580e+00
 -1.15854612e+01 -4.53688364e+00
 -1.03311909e+01 -3.38505456e+00
 -9.18485743e+00 -2.61119320e+00
 -8.31963842e+00 -2.06988486e+00
 -7.60526098e+00 -1.67802908e+00
 -6.93250551e+00 -1.38599724e+00
 -6.39765362e+00 -1.16291345e+00
 -5.98295876e+00 -9.88853966e-01
 -5.71919022e+00 -8.50541289e-01
 -5.29016897e+00 -7.38872692e-01
 -5.05446831e+00 -6.47449659e-01
 -4.82375845e+00 -5.71673989e-01
 -4.53984148e+00 -5.08175672e-01
 -4.30283078e+00 -4.54441099e-01
 -4.03904344e+00 -4.08565660e-01
 -4.02741689e+00 -3.69085545e-01
 -3.94583599e+00 -3.34861156e-01
 -3.65748010e+00 -3.04994854e-01
 -3.53083408e+00 -2.78771985e-01
 -3.34932700e+00 -2.55617976e-01
 -3.31008709e+00 -2.35066695e-01
 -3.21011366e+00 -2.16736822e-01
 -3.10332037e+00 -2.00314008e-01
 -3.01159681e+00 -1.85537248e-01
 -2.99561876e+00 -1.72188380e-01
 -2.88723365e+00 -1.60083912e-01
 -2.87318752e+00 -1.49068609e-01
 -2.79201222e+00 -1.39010420e-01
 -2.62582058e+00 -1.29796432e-01
 -2.68679513e+00 -1.21329621e-01
 -2.55016138e+00 -1.13526235e-01
 -2.58043393e+00 -1.06313653e-01
 -2.43942320e+00 -9.96286450e-02
 -2.44646901e+00 -9.34159316e-02
 -2.43263392e+00 -8.76270001e-02
 -2.41459514e+00 -8.22191152e-02
 -2.41089100e+00 -7.71544947e-02
 -2.33999918e+00 -7.23996172e-02
 -2.33696224e+00 -6.79246385e-02
 -2.15738823e+00 -6.37028977e-02
 -2.22454853e+00 -5.97104968e-02
 -2.25259393e+00 -5.59259423e-02
 -2.23248968e+00 -5.23298373e-02
 -2.18836795e+00 -4.89046172e-02
 -2.14422615e+00 -4.56343210e-02
 -2.04807119e+00 -4.25043925e-02
 -2.14241930e+00 -3.95015080e-02
 -2.09503479e+00 -3.66134245e-02
 -2.03296119e+00 -3.38288474e-02
 -2.02476417e+00 -3.11373126e-02
 -2.06766847e+00 -2.85290825e-02
 -1.98354792e+00 -2.59950533e-02
 -2.01364491e+00 -2.35266711e-02
 -2.00390782e+00 -2.11158571e-02
 -2.03747152e+00 -1.87549383e-02
 -2.04268189e+00 -1.64365848e-02
 -2.01361571e+00 -1.41537516e-02
 -2.05929118e+00 -1.18996234e-02
 -1.90357942e+00 -9.66756369e-03
 -1.90254476e+00 -7.45106492e-03
 -1.98606648e+00 -5.24370071e-03
 -1.96839664e+00 -3.03907895e-03
 -1.99514889e+00 -8.30794995e-04
 -2.01743154e+00 1.38761537e-03
 -1.94773927e+00 3.62272417e-03
 -1.92117684e+00 5.88126109e-03
 -1.90985207e+00 8.17016583e-03
 -1.92298534e+00 1.04966436e-02
 -1.97230593e+00 1.28682250e-02
 -1.96586707e+00 1.52928302e-02
 -1.95705108e+00 1.77788402e-02
 -2.03874585e+00 2.03351746e-02
 -1.97581038e+00 2.29713786e-02
 -2.03553323e+00 2.56977204e-02
 -2.01415552e+00 2.85253005e-02
 -1.98167915e+00 3.14661762e-02
 -2.13042885e+00 3.45335031e-02
 -2.11630262e+00 3.77416975e-02
 -2.05235957e+00 4.11066227e-02
 -2.11493135e+00 4.46458048e-02
 -2.17136674e+00 4.83786834e-02
 -2.08184280e+00 5.23269036e-02
 -2.15746613e+00 5.65146582e-02
 -2.24485502e+00 6.09690905e-02
 -2.27766190e+00 6.57207694e-02
 -2.19705272e+00 7.08042547e-02
 -2.27196559e+00 7.62587699e-02
 -2.41807278e+00 8.21290095e-02
 -2.35717135e+00 8.84661102e-02
 -2.40179437e+00 9.53288273e-02
 -2.39916451e+00 1.02784966e-01
 -2.50173251e+00 1.10913136e-01
 -2.50163247e+00 1.19804905e-01
 -2.59102646e+00 1.29567480e-01
 -2.62402001e+00 1.40327043e-01
 -2.69973045e+00 1.52232947e-01
 -2.81342032e+00 1.65463031e-01
 -2.87357174e+00 1.80230404e-01
 -2.81403230e+00 1.96792192e-01
 -2.98438073e+00 2.15460894e-01
 -3.06937081e+00 2.36619309e-01
 -3.14247345e+00 2.60740344e-01
 -3.24518589e+00 2.88413621e-01
 -3.53438361e+00 3.20381657e-01
 -3.55192877e+00 3.57589755e-01
 -3.74018865e+00 4.01255828e-01
 -3.94313125e+00 4.52969725e-01
 -4.14340520e+00 5.14837070e-01
 -4.20681904e+00 5.89691688e-01
 -4.59686551e+00 6.81416182e-01
 -4.97215344e+00 7.95437420e-01
 -5.19289169e+00 9.39512831e-01
 -5.60875950e+00 1.12501517e+00
 -6.08570589e+00 1.36910017e+00
 -6.65579487e+00 1.69849338e+00
 -7.31240960e+00 2.15635257e+00
 -8.10474814e+00 2.81515287e+00
 -9.06383760e+00 3.80151821e+00
 -1.02612013e+01 5.34364655e+00
 -1.14423056e+01 7.84979879e+00
 -1.20390054e+01 1.19407447e+01
 -9.92604030e+00 1.78088580e+01
 -2.86924709e+00 2.24373859e+01
 6.03767781e+00 2.04207464e+01
 1.01599105e+01 1.44220856e+01
 1.05987850e+01 9.46405688e+00
 9.61942352e+00 6.33154551e+00
 8.36023809e+00 4.42153403e+00
 7.28231035e+00 3.22224312e+00
 6.38924768e+00 2.43622946e+00
 5.63571612e+00 1.89916702e+00
 5.05693654e+00 1.51845112e+00
 4.50133485e+00 1.23990064e+00
 4.11088929e+00 1.03052586e+00
 3.73654002e+00 8.69472400e-01
 3.50431462e+00 7.43103283e-01
 3.18069231e+00 6.42228469e-01
 2.81879728e+00 5.60487342e-01
 2.67937438e+00 4.93372276e-01
 2.59184063e+00 4.37620977e-01
 2.35459079e+00 3.90827752e-01
 2.13979199e+00 3.51188525e-01
 2.06859468e+00 3.17329770e-01
 1.86225041e+00 2.88191373e-01
 1.79577711e+00 2.62944908e-01
 1.64060907e+00 2.40935650e-01
 1.73832055e+00 2.21640782e-01
 1.48739025e+00 2.04638851e-01
 1.39249866e+00 1.89587143e-01
 1.40816953e+00 1.76204723e-01
 1.35055569e+00 1.64259587e-01
 1.19667547e+00 1.53558808e-01
 1.15311247e+00 1.43940934e-01
 1.04888764e+00 1.35270039e-01
 1.02720761e+00 1.27431057e-01
 9.95538338e-01 1.20326072e-01
 9.05462776e-01 1.13871363e-01
 9.49449874e-01 1.07995020e-01
 9.62233982e-01 1.02635018e-01
 8.31651724e-01 9.77376489e-02
 7.17364898e-01 9.32562341e-02
 7.38376609e-01 8.91500688e-02
 7.15457921e-01 8.53835436e-02
 6.34996412e-01 8.19254169e-02
 6.67404155e-01 7.87482063e-02
 7.11176175e-01 7.58276771e-02
 5.25916933e-01 7.31424131e-02
 4.93819321e-01 7.06734523e-02
 6.28549594e-01 6.84039787e-02
 3.69619386e-01 6.63190597e-02
 4.55823417e-01 6.44054220e-02
 3.99020836e-01 6.26512597e-02
 4.64015271e-01 6.10460704e-02
 3.85550013e-01 5.95805134e-02
 3.67374073e-01 5.82462884e-02
 3.65721561e-01 5.70360309e-02
 3.25993639e-01 5.59432222e-02
 2.85022811e-01 5.49621117e-02
 3.18771591e-01 5.40876504e-02
 1.93280605e-01 5.33154338e-02
 2.11346318e-01 5.26416533e-02
 1.35523205e-01 5.20630551e-02
 1.67518240e-01 5.15769054e-02
 2.61300833e-01 5.11809622e-02
 9.39012185e-02 5.08734526e-02
 2.55922382e-02 5.06530545e-02
 1.55807845e-01 5.05188839e-02
 2.21812237e-02 5.04704863e-02
 5.36861742e-02 5.05078331e-02
 1.21101013e-02 5.06313214e-02
 -7.25845252e-02 5.08417792e-02
 7.47674581e-02 5.11404745e-02
 -4.84894740e-02 5.15291292e-02
 -1.04350720e-01 5.20099377e-02
 3.51045417e-02 5.25855912e-02
 -1.89141113e-01 5.32593073e-02
 -1.65263081e-01 5.40348657e-02
 -2.37358107e-01 5.49166514e-02
 -2.30358655e-01 5.59097053e-02
 -2.23775163e-01 5.70197836e-02
 -1.79576339e-01 5.82534274e-02
 -2.10458856e-01 5.96180433e-02
 -3.03978874e-01 6.11219982e-02
 -2.88042985e-01 6.27747286e-02
 -2.19085421e-01 6.45868683e-02
 -3.27045123e-01 6.65703967e-02
 -3.58280903e-01 6.87388129e-02
 -4.32700687e-01 7.11073374e-02
 -4.32238889e-01 7.36931506e-02
 -5.31596683e-01 7.65156708e-02
 -5.17058020e-01 7.95968837e-02
 -5.37811676e-01 8.29617309e-02
 -4.87239925e-01 8.66385708e-02
 -5.34683493e-01 9.06597284e-02
 -5.51084394e-01 9.50621522e-02
 -7.82354261e-01 9.98882039e-02
 -7.40261859e-01 1.05186611e-01
 -7.19416229e-01 1.11013622e-01
 -6.89668795e-01 1.17434419e-01
 -8.71916548e-01 1.24524842e-01
 -8.62486766e-01 1.32373526e-01
 -8.93013904e-01 1.41084547e-01
 -1.07602593e+00 1.50780733e-01
 -1.08626705e+00 1.61607832e-01
 -1.18764621e+00 1.73739799e-01
 -1.24269847e+00 1.87385560e-01
 -1.30029108e+00 2.02797743e-01
 -1.40059529e+00 2.20284043e-01
 -1.42440294e+00 2.40222190e-01
 -1.54139303e+00 2.63079850e-01
 -1.72679737e+00 2.89441416e-01
 -1.77211045e+00 3.20044540e-01
 -1.99382865e+00 3.55830619e-01
 -2.07124519e+00 3.98015654e-01
 -2.27053028e+00 4.48191330e-01
 -2.47307968e+00 5.08471827e-01
 -2.59248258e+00 5.81711308e-01
 -2.87863496e+00 6.71833173e-01
 -3.17872742e+00 7.84340557e-01
 -3.54806318e+00 9.27128908e-01
 -3.90925536e+00 1.11181713e+00
 -4.31621508e+00 1.35599742e+00
 -4.81726374e+00 1.68716550e+00
 -5.43773294e+00 2.14981757e+00
 -6.07225156e+00 2.81863131e+00
 -7.04926856e+00 3.82318038e+00
 -8.06610089e+00 5.39186541e+00
 -8.92588913e+00 7.90798326e+00
 -8.73138998e+00 1.18346450e+01
 -5.99101745e+00 1.67892335e+01
 9.39294046e-01 1.93723701e+01
 7.56233780e+00 1.64877757e+01
 1.02001903e+01 1.15414546e+01
 1.02277531e+01 7.71602981e+00
 9.24194161e+00 5.27608077e+00
 8.30581131e+00 3.75263649e+00
 7.55297044e+00 2.77402997e+00
 6.68214266e+00 2.12030422e+00
 6.20805342e+00 1.66663361e+00
 5.69103150e+00 1.34091350e+00
 5.17485229e+00 1.10006433e+00
 4.82199192e+00 9.17394734e-01
 4.55485449e+00 7.75784947e-01
 4.31691157e+00 6.63902664e-01
 4.02309723e+00 5.74031578e-01
 3.72876596e+00 5.00783549e-01
 3.68488132e+00 4.40310750e-01
 3.51821480e+00 3.89809722e-01
 3.31951987e+00 3.47200908e-01
 3.16527041e+00 3.10916622e-01
 3.14893818e+00 2.79757701e-01
 2.90541221e+00 2.52794669e-01
 2.86832963e+00 2.29298367e-01
 2.70871644e+00 2.08690458e-01
 2.76701742e+00 1.90507588e-01
 2.68276369e+00 1.74375059e-01
 2.58593909e+00 1.59987263e-01
 2.63569905e+00 1.47092954e-01
 2.44363275e+00 1.35484051e-01
 2.49854924e+00 1.24987025e-01
 2.28582000e+00 1.15456232e-01
 2.43391892e+00 1.06768690e-01
 2.29330167e+00 9.88199535e-02
 2.23235362e+00 9.15208477e-02
 2.26345175e+00 8.47948406e-02
 2.18665330e+00 7.85759312e-02
 2.19227197e+00 7.28069343e-02
 2.11432450e+00 6.74380801e-02
 2.07998613e+00 6.24258651e-02
 2.17823549e+00 5.77321021e-02
 2.08424152e+00 5.33231334e-02
 2.06892397e+00 4.91691727e-02
 2.04848237e+00 4.52437545e-02
 2.00661397e+00 4.15232704e-02
 2.01602125e+00 3.79865760e-02
 2.06601214e+00 3.46146570e-02
 1.99658386e+00 3.13903449e-02
 1.95822546e+00 2.82980717e-02
 1.97836794e+00 2.53236601e-02
 1.97157815e+00 2.24541403e-02
 1.93483334e+00 1.96775921e-02
 1.90329190e+00 1.69830058e-02
 1.86750531e+00 1.43601607e-02
 1.95151890e+00 1.17995166e-02
 1.90748283e+00 9.29211864e-03
 1.85212015e+00 6.82951086e-03
 1.86594833e+00 4.40365880e-03
 1.96038608e+00 2.00687884e-03
 1.90290114e+00 -3.68226784e-04
 1.79722579e+00 -2.72883019e-03
 1.96507935e+00 -5.08193443e-03
 1.84741911e+00 -7.43442724e-03
 1.85293122e+00 -9.79313267e-03
 1.98643986e+00 -1.21648615e-02
 1.93218789e+00 -1.45564608e-02
 1.93417118e+00 -1.69748640e-02
 1.89183106e+00 -1.94271414e-02
 1.88909897e+00 -2.19205519e-02
 1.98066820e+00 -2.44625975e-02
 1.94585200e+00 -2.70610801e-02
 2.01551730e+00 -2.97241625e-02
 2.00596307e+00 -3.24604333e-02
 2.05155464e+00 -3.52789787e-02
 1.99733808e+00 -3.81894594e-02
 1.98445222e+00 -4.12021967e-02
 1.95614657e+00 -4.43282676e-02
 2.08350273e+00 -4.75796109e-02
 2.15455476e+00 -5.09691465e-02
 2.10947509e+00 -5.45109100e-02
 2.07086515e+00 -5.82202054e-02
 2.22373535e+00 -6.21137786e-02
 2.13822193e+00 -6.62100164e-02
 2.25597792e+00 -7.05291745e-02
 2.25059403e+00 -7.50936403e-02
 2.28089331e+00 -7.99282373e-02
 2.23488997e+00 -8.50605783e-02
 2.37231804e+00 -9.05214774e-02
 2.39741117e+00 -9.63454323e-02
 2.36421931e+00 -1.02571190e-01
 2.52742706e+00 -1.09242418e-01
 2.41503597e+00 -1.16408492e-01
 2.49752047e+00 -1.24125444e-01
 2.55539867e+00 -1.32457086e-01
 2.67050214e+00 -1.41476364e-01
 2.72612498e+00 -1.51266997e-01
 2.60720689e+00 -1.61925457e-01
 2.80944655e+00 -1.73563391e-01
 2.83317792e+00 -1.86310594e-01
 2.95521071e+00 -2.00318680e-01
 3.14490532e+00 -2.15765641e-01
 3.14123505e+00 -2.32861557e-01
 3.25803765e+00 -2.51855794e-01
 3.26841717e+00 -2.73046150e-01
 3.43520077e+00 -2.96790570e-01
 3.61005695e+00 -3.23522294e-01
 3.74596138e+00 -3.53769616e-01
 3.87856880e+00 -3.88181949e-01
 3.94938762e+00 -4.27564556e-01
 4.10558444e+00 -4.72925413e-01
 4.32538567e+00 -5.25539239e-01
 4.58727717e+00 -5.87036225e-01
 4.77409288e+00 -6.59526870e-01
 5.02193762e+00 -7.45780538e-01
 5.28935368e+00 -8.49485548e-01
 5.75614604e+00 -9.75635557e-01
 6.04093298e+00 -1.13111623e+00
 6.49937042e+00 -1.32561736e+00
 6.98939694e+00 -1.57308846e+00
 7.62727479e+00 -1.89412776e+00
 8.28063879e+00 -2.32002263e+00
 9.10979442e+00 -2.89979559e+00
 1.00724108e+01 -3.71284424e+00
 1.12382530e+01 -4.89203054e+00
 1.26091778e+01 -6.66525708e+00
 1.39795305e+01 -9.42146107e+00
 1.48216232e+01 -1.37548368e+01
 1.38216403e+01 -2.01274508e+01
 7.82868036e+00 -2.69822847e+01
 -2.87288752e+00 -2.87209617e+01
 -1.12769134e+01 -2.32878245e+01
 -1.39974193e+01 -1.62801426e+01
 -1.38331834e+01 -1.10781704e+01
 -1.25245501e+01 -7.72356849e+00
 -1.11211213e+01 -5.58499567e+00
 -9.89446471e+00 -4.18389790e+00
 -8.81814538e+00 -3.23236953e+00
 -7.90975013e+00 -2.56313677e+00
 -7.16271424e+00 -2.07743679e+00
 -6.48301552e+00 -1.71514450e+00
 -6.08760112e+00 -1.43841428e+00
 -5.50377996e+00 -1.22264760e+00
 -5.08733868e+00 -1.05137786e+00
 -4.77615099e+00 -9.13285023e-01
 -4.47460825e+00 -8.00399361e-01
 -4.19456541e+00 -7.06988849e-01
 -3.93861078e+00 -6.28851259e-01
 -3.70970912e+00 -5.62852456e-01
 -3.45857066e+00 -5.06618391e-01
 -3.44152516e+00 -4.58325353e-01
 -3.21695309e+00 -4.16554429e-01
 -3.09001872e+00 -3.80188753e-01
 -2.94124148e+00 -3.48339822e-01
 -2.75599611e+00 -3.20293881e-01
 -2.70100235e+00 -2.95472384e-01
 -2.52297926e+00 -2.73402483e-01
 -2.44416692e+00 -2.53694749e-01
 -2.34928649e+00 -2.36026158e-01
 -2.29187058e+00 -2.20126996e-01
 -2.12812289e+00 -2.05770668e-01
 -2.16564149e+00 -1.92765699e-01
 -2.03176249e+00 -1.80949423e-01
 -2.03819786e+00 -1.70182946e-01
 -1.96049340e+00 -1.60347104e-01
 -1.90460726e+00 -1.51339209e-01
 -1.84346732e+00 -1.43070394e-01
 -1.71681990e+00 -1.35463449e-01
 -1.67122862e+00 -1.28451041e-01
 -1.77296342e+00 -1.21974241e-01
 -1.62179888e+00 -1.15981304e-01
 -1.50563000e+00 -1.10426652e-01
 -1.52909430e+00 -1.05270016e-01
 -1.44895369e+00 -1.00475717e-01
 -1.38094797e+00 -9.60120619e-02
 -1.41728070e+00 -9.18508261e-02
 -1.40897497e+00 -8.79668145e-02
 -1.49953291e+00 -8.43374870e-02
 -1.30116485e+00 -8.09426369e-02
 -1.25231700e+00 -7.77641153e-02
 -1.28274318e+00 -7.47855919e-02
 -1.22259766e+00 -7.19923496e-02
 -1.22041182e+00 -6.93711061e-02
 -1.19307654e+00 -6.69098578e-02
 -1.21324147e+00 -6.45977459e-02
 -1.19311682e+00 -6.24249374e-02
 -1.20333869e+00 -6.03825230e-02
 -1.09861921e+00 -5.84624265e-02
 -1.05765252e+00 -5.66573258e-02
 -1.06290389e+00 -5.49605841e-02
 -1.07242480e+00 -5.33661890e-02
 -9.72299504e-01 -5.18686996e-02
 -9.44859942e-01 -5.04631999e-02
 -9.82653224e-01 -4.91452585e-02
 -9.44207729e-01 -4.79108932e-02
 -8.47738708e-01 -4.67565409e-02
 -9.40487380e-01 -4.56790311e-02
 -9.66972802e-01 -4.46755642e-02
 -8.07312467e-01 -4.37436930e-02
 -8.92092382e-01 -4.28813079e-02
 -8.52862709e-01 -4.20866252e-02
 -7.81886479e-01 -4.13581788e-02
 -6.67706729e-01 -4.06948151e-02
 -7.34662701e-01 -4.00956908e-02
 -7.12523363e-01 -3.95602741e-02
 -7.45035607e-01 -3.90883494e-02
 -7.42489302e-01 -3.86800250e-02
 -7.37342104e-01 -3.83357453e-02
 -7.67127458e-01 -3.80563063e-02
 -6.65237359e-01 -3.78428762e-02
 -6.79012595e-01 -3.76970211e-02
 -7.35316716e-01 -3.76207360e-02
 -5.74103466e-01 -3.76164830e-02
 -6.77129373e-01 -3.76872364e-02
 -6.45530979e-01 -3.78365373e-02
 -6.47623266e-01 -3.80685583e-02
 -5.66125855e-01 -3.83881801e-02
 -6.36770103e-01 -3.88010831e-02
 -5.32219410e-01 -3.93138567e-02
 -5.51021148e-01 -3.99341280e-02
 -5.25376249e-01 -4.06707176e-02
 -5.77283464e-01 -4.15338248e-02
 -5.43440334e-01 -4.25352507e-02
 -5.54870879e-01 -4.36886675e-02
 -4.60086575e-01 -4.50099445e-02
 -4.86985101e-01 -4.65175452e-02
 -4.14298182e-01 -4.82330136e-02
 -4.52379427e-01 -5.01815713e-02
 -3.16693004e-01 -5.23928582e-02
 -3.85121686e-01 -5.49018537e-02
 -3.51667668e-01 -5.77500323e-02
 -3.98961421e-01 -6.09868238e-02
 -3.30396164e-01 -6.46714707e-02
 -2.92330124e-01 -6.88754138e-02
 -2.85021771e-01 -7.36853808e-02
 -2.00482140e-01 -7.92074252e-02
 -1.84622266e-01 -8.55722615e-02
 -2.67301197e-01 -9.29423928e-02
 -2.12521304e-01 -1.01521746e-01
 -1.71658736e-01 -1.11568870e-01
 -6.65237783e-02 -1.23415266e-01
 5.05963345e-02 -1.37491239e-01
 5.18238460e-02 -1.54362983e-01
 1.25309656e-01 -1.74786721e-01
 1.16962209e-01 -1.99789375e-01
 1.88100883e-01 -2.30791352e-01
 3.13898003e-01 -2.69797936e-01
 3.04565337e-01 -3.19705290e-01
 4.63162998e-01 -3.84803287e-01
 6.33517500e-01 -4.71625422e-01
 7.51525839e-01 -5.90425376e-01
 9.64681140e-01 -7.57799007e-01
 1.14542142e+00 -1.00136004e+00
 1.44571059e+00 -1.36767440e+00
 1.66294884e+00 -1.93265456e+00
 1.73103043e+00 -2.79702245e+00
 1.38910852e+00 -3.97611671e+00
 -1.82716824e-02 -5.01650571e+00
 -1.82430003e+00 -4.97490204e+00
 -3.12132258e+00 -3.89890401e+00
 -3.32864814e+00 -2.73382124e+00
 -3.30481119e+00 -1.89024121e+00
 -3.12516055e+00 -1.33970088e+00
 -2.88451668e+00 -9.81969023e-01
 -2.75024373e+00 -7.43292738e-01
 -2.34684433e+00 -5.78630078e-01
 -2.41698803e+00 -4.61260869e-01
 -2.30840732e+00 -3.75096952e-01
 -2.13399502e+00 -3.10176339e-01
 -2.02117331e+00 -2.60137272e-01
 -1.90932999e+00 -2.20793818e-01
 -1.85000187e+00 -1.89314429e-01
 -1.81788200e+00 -1.63734982e-01
 -1.80125966e+00 -1.42661849e-01
 -1.68163120e+00 -1.25085840e-01
 -1.66766763e+00 -1.10262626e-01
 -1.59662923e+00 -9.76340655e-02
 -1.61744110e+00 -8.67753124e-02
 -1.58452960e+00 -7.73585473e-02
 -1.47546409e+00 -6.91276585e-02
 -1.45411084e+00 -6.18802679e-02
 -1.44893713e+00 -5.54547776e-02
 -1.51685636e+00 -4.97209006e-02
 -1.46592843e+00 -4.45726514e-02
 -1.42524529e+00 -3.99230919e-02
 -1.38537443e+00 -3.57003511e-02
 -1.35016291e+00 -3.18445784e-02
 -1.39741146e+00 -2.83055874e-02
 -1.36434511e+00 -2.50410193e-02
 -1.46675699e+00 -2.20148978e-02
 -1.43904688e+00 -1.91964831e-02
 -1.40248330e+00 -1.65593573e-02
 -1.34075393e+00 -1.40806878e-02
 -1.38468409e+00 -1.17406315e-02
 -1.36443371e+00 -9.52184821e-03
 -1.33542712e+00 -7.40910291e-03
 -1.33362727e+00 -5.38893624e-03
 -1.31350938e+00 -3.44939192e-03
 -1.41584239e+00 -1.57978891e-03
 -1.30475249e+00 2.29469660e-04
 -1.37854621e+00 1.98705787e-03
 -1.29054216e+00 3.70086393e-03
 -1.36777442e+00 5.37810712e-03
 -1.34484421e+00 7.02543824e-03
 -1.36685640e+00 8.64902646e-03
 -1.43589283e+00 1.02546349e-02
 -1.34334427e+00 1.18476871e-02
 -1.33133186e+00 1.34333254e-02
 -1.35100858e+00 1.50164634e-02
 -1.44573066e+00 1.66018331e-02
 -1.26861942e+00 1.81940274e-02
 -1.40317894e+00 1.97975400e-02
 -1.37232456e+00 2.14168019e-02
 -1.39155897e+00 2.30562159e-02
 -1.42435156e+00 2.47201900e-02
 -1.35175281e+00 2.64131695e-02
 -1.39064908e+00 2.81396685e-02
 -1.50367710e+00 2.99043018e-02
 -1.44418923e+00 3.17118164e-02
 -1.47262302e+00 3.35671245e-02
 -1.38974411e+00 3.54753373e-02
 -1.50570623e+00 3.74418007e-02
 -1.54036585e+00 3.94721327e-02
 -1.54922089e+00 4.15722640e-02
 -1.51291245e+00 4.37484816e-02
 -1.57864960e+00 4.60074754e-02
 -1.63533650e+00 4.83563905e-02
 -1.61934353e+00 5.08028836e-02
 -1.65871132e+00 5.33551860e-02
 -1.63201018e+00 5.60221730e-02
 -1.70243907e+00 5.88134423e-02
 -1.54935239e+00 6.17394007e-02
 -1.70730415e+00 6.48113623e-02
 -1.68498493e+00 6.80416592e-02
 -1.72755992e+00 7.14437666e-02
 -1.76719915e+00 7.50324448e-02
 -1.82213161e+00 7.88239017e-02
 -1.78517778e+00 8.28359773e-02
 -1.79530047e+00 8.70883566e-02
 -1.76016780e+00 9.16028131e-02
 -1.91067818e+00 9.64034908e-02
 -2.03095489e+00 1.01517230e-01
 -1.95206654e+00 1.06973945e-01
 -2.01827892e+00 1.12807067e-01
 -2.06855323e+00 1.19054058e-01
 -2.11384563e+00 1.25757016e-01
 -2.14081820e+00 1.32963390e-01
 -2.19395777e+00 1.40726819e-01
 -2.21653701e+00 1.49108141e-01
 -2.32679579e+00 1.58176580e-01
 -2.38614609e+00 1.68011181e-01
 -2.48405685e+00 1.78702534e-01
 -2.46925748e+00 1.90354861e-01
 -2.53811117e+00 2.03088549e-01
 -2.58918582e+00 2.17043256e-01
 -2.72696431e+00 2.32381730e-01
 -2.71678851e+00 2.49294534e-01
 -2.92451518e+00 2.68005942e-01
 -2.96765736e+00 2.88781327e-01
 -3.05813836e+00 3.11936520e-01
 -3.17518932e+00 3.37849715e-01
 -3.43232465e+00 3.66976797e-01
 -3.52782624e+00 3.99871198e-01
 -3.71591170e+00 4.37209924e-01
 -3.81575214e+00 4.79827983e-01
 -3.92839869e+00 5.28764472e-01
 -4.14323500e+00 5.85325012e-01
 -4.37132069e+00 6.51167433e-01
 -4.56396230e+00 7.28421074e-01
 -4.88951314e+00 8.19855432e-01
 -5.12303795e+00 9.29122623e-01
 -5.48673927e+00 1.06111234e+00
 -5.84164973e+00 1.22248193e+00
 -6.32499845e+00 1.42246521e+00
 -6.74826766e+00 1.67413562e+00
 -7.42289636e+00 1.99642876e+00
 -8.08144595e+00 2.41746652e+00
 -8.83605894e+00 2.98016463e+00
 -9.75996983e+00 3.75191447e+00
 -1.08800633e+01 4.84152392e+00
 -1.20590353e+01 6.42841543e+00
 -1.33924366e+01 8.80796201e+00
 -1.43687906e+01 1.24317620e+01
 -1.42122317e+01 1.77776740e+01
 -1.07243330e+01 2.44220027e+01
 -2.26737189e+00 2.89750629e+01
 7.51736900e+00 2.70733635e+01
 1.32252931e+01 2.07411453e+01
 1.46084538e+01 1.46324377e+01
 1.38767243e+01 1.02749120e+01
 1.27621277e+01 7.39799986e+00
 1.14229895e+01 5.49761018e+00
 1.03353225e+01 4.21015974e+00
 9.36885226e+00 3.31052106e+00
 8.53204836e+00 2.66263390e+00
 7.80833482e+00 2.18312038e+00
 7.09804448e+00 1.81954913e+00
 6.71640390e+00 1.53799191e+00
 6.18378210e+00 1.31587144e+00
 5.71938167e+00 1.13776755e+00
 5.43824609e+00 9.92894932e-01
 5.07181079e+00 8.73545957e-01
 4.73092280e+00 7.74104353e-01
 4.55212679e+00 6.90405311e-01
 4.40258879e+00 6.19310963e-01
 4.11210379e+00 5.58422895e-01
 3.92889746e+00 5.05883735e-01
 3.87910931e+00 4.60237830e-01
 3.63411582e+00 4.20331823e-01
 3.44644937e+00 3.85242666e-01
 3.40811002e+00 3.54224774e-01
 3.17822622e+00 3.26670753e-01
 3.12817657e+00 3.02081863e-01
 3.05365678e+00 2.80045568e-01
 2.89166663e+00 2.60218303e-01
 2.90449273e+00 2.42312113e-01
 2.80113093e+00 2.26084216e-01
 2.65512474e+00 2.11328763e-01
 2.62192950e+00 1.97870309e-01
 2.59845566e+00 1.85558580e-01
 2.47439190e+00 1.74264261e-01
 2.36062353e+00 1.63875580e-01
 2.36495866e+00 1.54295526e-01
 2.41172559e+00 1.45439563e-01
 2.31831167e+00 1.37233749e-01
 2.21560329e+00 1.29613173e-01
 2.24582991e+00 1.22520655e-01
 2.14124240e+00 1.15905661e-01
 2.07473043e+00 1.09723384e-01
 2.07977622e+00 1.03933975e-01
 2.04343003e+00 9.85018871e-02
 2.06346850e+00 9.33953213e-02
 1.96347969e+00 8.85857478e-02
 1.96107861e+00 8.40475000e-02
 1.90342554e+00 7.97574236e-02
 1.91536994e+00 7.56945736e-02
 1.86831597e+00 7.18399521e-02
 1.83304087e+00 6.81762800e-02
 1.77617309e+00 6.46877985e-02
 1.78138341e+00 6.13600947e-02
 1.85974363e+00 5.81799488e-02
 1.72501594e+00 5.51351994e-02
 1.75891272e+00 5.22146242e-02
 1.64243352e+00 4.94078343e-02
 1.69385401e+00 4.67051793e-02
 1.62970272e+00 4.40976633e-02
 1.64145885e+00 4.15768682e-02
 1.60149054e+00 3.91348851e-02
 1.57451070e+00 3.67642511e-02
 1.56944062e+00 3.44578917e-02
 1.62898578e+00 3.22090680e-02
 1.61202405e+00 3.00113262e-02
 1.52499182e+00 2.78584518e-02
 1.51468905e+00 2.57444246e-02
 1.58872007e+00 2.36633760e-02
 1.60331505e+00 2.16095477e-02
 1.66703909e+00 1.95772509e-02
 1.51060624e+00 1.75608247e-02
 1.55816552e+00 1.55545953e-02
 1.44004959e+00 1.35528331e-02
 1.67476056e+00 1.15497082e-02
 1.46075668e+00 9.53924394e-03
 1.43995888e+00 7.51526688e-03
 1.48043406e+00 5.47135251e-03
 1.57576564e+00 3.40076648e-03
 1.56934861e+00 1.29639936e-03
 1.56654382e+00 -8.49305879e-04
 1.53823992e+00 -3.04443532e-03
 1.48794975e+00 -5.29769627e-03
 1.53119854e+00 -7.61852233e-03
 1.53973245e+00 -1.00171938e-02
 1.46226591e+00 -1.25049765e-02
 1.53741071e+00 -1.50942834e-02
 1.56783715e+00 -1.77988620e-02
 1.51306965e+00 -2.06340155e-02
 1.63303406e+00 -2.36168622e-02
 1.67449914e+00 -2.67666436e-02
 1.62495026e+00 -3.01050908e-02
 1.51831685e+00 -3.36568631e-02
 1.69028938e+00 -3.74500760e-02
 1.55525049e+00 -4.15169395e-02
 1.69644241e+00 -4.58945348e-02
 1.65100276e+00 -5.06257641e-02
 1.73137978e+00 -5.57605210e-02
 1.65196463e+00 -6.13571399e-02
 1.72128003e+00 -6.74842036e-02
 1.77835997e+00 -7.42228156e-02
 1.86295611e+00 -8.16694756e-02
 1.74202326e+00 -8.99397494e-02
 1.93894997e+00 -9.91729937e-02
 1.91392467e+00 -1.09538492e-01
 1.89379397e+00 -1.21243509e-01
 1.91282390e+00 -1.34543959e-01
 1.99065700e+00 -1.49758725e-01
 2.07294652e+00 -1.67289085e-01
 2.16105387e+00 -1.87645436e-01
 2.05706548e+00 -2.11484577e-01
 2.26370011e+00 -2.39662541e-01
 2.41234838e+00 -2.73310719e-01
 2.42779359e+00 -3.13947567e-01
 2.57543058e+00 -3.63645796e-01
 2.74779221e+00 -4.25287984e-01
 2.83443010e+00 -5.02966417e-01
 2.98307751e+00 -6.02623783e-01
 3.19762067e+00 -7.33105311e-01
 3.38175789e+00 -9.07927235e-01
 3.57404070e+00 -1.14830239e+00
 3.89716880e+00 -1.48832647e+00
 4.26862786e+00 -1.98349699e+00
 4.63242348e+00 -2.72221241e+00
 4.80497596e+00 -3.82791361e+00
 4.54325098e+00 -5.38581952e+00
 3.25789696e+00 -7.11538609e+00
 7.66970814e-01 -7.95093585e+00
 -1.71312280e+00 -7.07604350e+00
 -2.94991609e+00 -5.34287009e+00
 -3.14894390e+00 -3.79823001e+00
 -2.88677580e+00 -2.70532355e+00
 -2.62043917e+00 -1.97547739e+00
 -2.27995779e+00 -1.48608727e+00
 -1.97233597e+00 -1.14990154e+00
 -1.69216052e+00 -9.12202569e-01
 -1.53810332e+00 -7.39361443e-01
 -1.25416431e+00 -6.10438265e-01
 -1.08637535e+00 -5.12077961e-01
 -9.62143821e-01 -4.35532518e-01
 -9.23334929e-01 -3.74919386e-01
 -7.62889744e-01 -3.26184448e-01
 -7.08301060e-01 -2.86469986e-01
 -6.28756088e-01 -2.53719894e-01
 -4.74401680e-01 -2.26427086e-01
 -3.52819586e-01 -2.03468166e-01
 -3.00048823e-01 -1.83992872e-01
 -3.21401255e-01 -1.67348696e-01
 -2.78246932e-01 -1.53028532e-01
 -9.84466452e-02 -1.40633714e-01
 -1.30360048e-01 -1.29847503e-01
 -1.18391066e-01 -1.20415810e-01
 -3.85054524e-02 -1.12132983e-01
 6.75685214e-02 -1.04831207e-01
 -2.17163450e-02 -9.83725022e-02
 6.50547678e-02 -9.26426280e-02
 3.66566579e-03 -8.75463853e-02
 7.24679698e-02 -8.30039690e-02
 1.69510150e-01 -7.89481088e-02
 1.33955800e-01 -7.53218115e-02
 1.06664258e-01 -7.20765635e-02
 1.82516134e-01 -6.91708918e-02
 2.20723021e-01 -6.65692021e-02
 2.13982068e-01 -6.42408370e-02
 3.41375062e-01 -6.21593063e-02
 2.47212140e-01 -6.03016564e-02
 2.14248033e-01 -5.86479496e-02
 2.98044222e-01 -5.71808330e-02
 2.01565851e-01 -5.58851795e-02
 4.07945391e-01 -5.47477883e-02
 4.35343299e-01 -5.37571336e-02
 3.44706686e-01 -5.29031529e-02
 4.40912545e-01 -5.21770691e-02
 3.88800879e-01 -5.15712399e-02
 5.01435938e-01 -5.10790299e-02
 4.87978118e-01 -5.06947028e-02
 3.64400038e-01 -5.04133297e-02
 4.70742852e-01 -5.02307115e-02
 5.78436266e-01 -5.01433131e-02
 4.83070272e-01 -5.01482088e-02
 4.89460245e-01 -5.02430355e-02
 5.20536218e-01 -5.04259546e-02
 6.68841415e-01 -5.06956211e-02
 5.32382933e-01 -5.10511580e-02
 5.79308810e-01 -5.14921374e-02
 6.63788813e-01 -5.20185660e-02
 6.28016616e-01 -5.26308762e-02
 6.86123609e-01 -5.33299208e-02
 7.63105057e-01 -5.41169730e-02
 6.59788688e-01 -5.49937303e-02
 7.35666507e-01 -5.59623227e-02
 7.80280866e-01 -5.70253251e-02
 7.22657223e-01 -5.81857742e-02
 8.49220421e-01 -5.94471908e-02
 8.50728935e-01 -6.08136056e-02
 8.37314150e-01 -6.22895918e-02
 8.11248307e-01 -6.38803026e-02
 9.07798106e-01 -6.55915154e-02
 8.42932375e-01 -6.74296829e-02
 9.31837871e-01 -6.94019928e-02
 9.65974588e-01 -7.15164349e-02
 9.11290602e-01 -7.37818804e-02
 9.96972710e-01 -7.62081706e-02
 9.74047060e-01 -7.88062202e-02
 1.05769965e+00 -8.15881351e-02
 1.04951347e+00 -8.45673480e-02
 1.17560124e+00 -8.77587737e-02
 1.22692614e+00 -9.11789884e-02
 1.19437285e+00 -9.48464365e-02
 1.14948466e+00 -9.87816694e-02
 1.23789230e+00 -1.03007622e-01
 1.24149485e+00 -1.07549936e-01
 1.34124569e+00 -1.12437332e-01
 1.36296479e+00 -1.17702050e-01
 1.52148238e+00 -1.23380362e-01
 1.44330000e+00 -1.29513174e-01
 1.44236006e+00 -1.36146746e-01
 1.56294572e+00 -1.43333529e-01
 1.58332312e+00 -1.51133182e-01
 1.61206715e+00 -1.59613765e-01
 1.66566429e+00 -1.68853194e-01
 1.66668178e+00 -1.78940977e-01
 1.87825357e+00 -1.89980336e-01
 1.87952068e+00 -2.02090779e-01
 1.84860225e+00 -2.15411265e-01
 2.02169431e+00 -2.30104102e-01
 2.07797521e+00 -2.46359784e-01
 2.14067561e+00 -2.64403043e-01
 2.27835418e+00 -2.84500451e-01
 2.40635186e+00 -3.06970074e-01
 2.43740016e+00 -3.32193806e-01
 2.49275041e+00 -3.60633268e-01
 2.72338401e+00 -3.92850509e-01
 2.89817979e+00 -4.29535197e-01
 2.93322601e+00 -4.71540753e-01
 3.17727245e+00 -5.19932880e-01
 3.35177337e+00 -5.76055581e-01
 3.54811036e+00 -6.41622141e-01
 3.74489259e+00 -7.18842346e-01
 3.98773546e+00 -8.10603129e-01
 4.27042229e+00 -9.20729447e-01
 4.46043704e+00 -1.05436792e+00
 4.86271968e+00 -1.21856213e+00
 5.28015553e+00 -1.42313371e+00
 5.73165751e+00 -1.68206206e+00
 6.24685108e+00 -2.01569507e+00
 6.82930794e+00 -2.45437254e+00
 7.55775810e+00 -3.04448234e+00
 8.31821498e+00 -3.85869026e+00
 9.38407111e+00 -5.01298760e+00
 1.03245341e+01 -6.69282898e+00
 1.12045328e+01 -9.18071356e+00
 1.15082176e+01 -1.28223236e+01
 1.00680223e+01 -1.76715848e+01
 5.21909751e+00 -2.23692157e+01
 -2.53064626e+00 -2.36265366e+01
 -8.85611750e+00 -2.02251856e+01
 -1.18620257e+01 -1.51386709e+01
 -1.21889518e+01 -1.08498747e+01
 -1.15925496e+01 -7.82556229e+00
