 NaN NaN
 7.57600282e+01 4.66117460e+00
 3.87704802e+01 1.71934874e+00
 2.60162886e+01 9.52880365e-01
 1.97036570e+01 6.25256743e-01
 1.57992366e+01 4.50308179e-01
 1.33355071e+01 3.44046077e-01
 1.13249722e+01 2.73814154e-01
 1.00630621e+01 2.24533083e-01
 8.85861458e+00 1.88372863e-01
 8.03583137e+00 1.60904059e-01
 7.21479241e+00 1.39451336e-01
 6.74258694e+00 1.22312943e-01
 6.30795314e+00 1.08359962e-01
 5.76807584e+00 9.68169584e-02
 5.39661519e+00 8.71354542e-02
 5.20957690e+00 7.89176601e-02
 4.92379489e+00 7.18687614e-02
 4.53803859e+00 6.57660893e-02
 4.31375300e+00 6.04386397e-02
 4.17986273e+00 5.57531275e-02
 3.92772758e+00 5.16042819e-02
 3.77933598e+00 4.79079619e-02
 3.71537611e+00 4.45961854e-02
 3.57516081e+00 4.16134842e-02
 3.38556292e+00 3.89141919e-02
 3.30375631e+00 3.64604006e-02
 3.24757926e+00 3.42204018e-02
 3.11409717e+00 3.21674848e-02
 2.99347306e+00 3.02790003e-02
 2.89884851e+00 2.85356245e-02
 2.88179649e+00 2.69207753e-02
 2.80221333e+00 2.54201457e-02
 2.69518892e+00 2.40213275e-02
 2.63198415e+00 2.27135065e-02
 2.63978456e+00 2.14872131e-02
 2.48596690e+00 2.03341176e-02
 2.35866593e+00 1.92468606e-02
 2.44798300e+00 1.82189121e-02
 2.36997939e+00 1.72444541e-02
 2.41057546e+00 1.63182811e-02
 2.22526796e+00 1.54357164e-02
 2.28195467e+00 1.45925413e-02
 2.20467203e+00 1.37849344e-02
 2.19356536e+00 1.30094194e-02
 2.25108031e+00 1.22628205e-02
 2.16931110e+00 1.15422235e-02
 2.12974226e+00 1.08449420e-02
 2.17654671e+00 1.01684880e-02
 2.12990504e+00 9.51054565e-03
 2.05817606e+00 8.86894853e-03
 2.04230905e+00 8.24165889e-03
 1.98986800e+00 7.62674944e-03
 2.01723996e+00 7.02238662e-03
 1.99079843e+00 6.42681554e-03
 1.94879859e+00 5.83834600e-03
 1.96041177e+00 5.25533960e-03
 1.95411854e+00 4.67619755e-03
 1.98246563e+00 4.09934923e-03
 1.94032288e+00 3.52324103e-03
 1.98388800e+00 2.94632565e-03
 1.89377812e+00 2.36705144e-03
 2.00897946e+00 1.78385185e-03
 1.93433121e+00 1.19513464e-03
 1.87140050e+00 5.99270940e-04
 1.89537609e+00 -5.41616095e-06
 2.01660087e+00 -6.20663563e-04
 1.91620317e+00 -1.24828083e-03
 1.94536080e+00 -1.89016374e-03
 1.93787782e+00 -2.54830897e-03
 1.91701967e+00 -3.22482999e-03
 1.93818943e+00 -3.92197463e-03
 1.97493253e+00 -4.64214436e-03
 1.98755474e+00 -5.38791576e-03
 2.00758707e+00 -6.16206449e-03
 2.07653950e+00 -6.96759223e-03
 2.13739594e+00 -7.80775695e-03
 2.11486162e+00 -8.68610734e-03
 2.00338556e+00 -9.60652184e-03
 2.18254321e+00 -1.05732532e-02
 2.08691347e+00 -1.15909797e-02
 2.07768050e+00 -1.26648637e-02
 2.04390220e+00 -1.38006197e-02
 2.19315988e+00 -1.50045929e-02
 2.13927560e+00 -1.62838503e-02
 2.06889636e+00 -1.76462877e-02
 2.15630867e+00 -1.91007544e-02
 2.24784694e+00 -2.06572002e-02
 2.26442662e+00 -2.23268492e-02
 2.39408311e+00 -2.41224052e-02
 2.40666805e+00 -2.60582972e-02
 2.45493207e+00 -2.81509728e-02
 2.51681449e+00 -3.04192508e-02
 2.43465265e+00 -3.28847478e-02
 2.59380411e+00 -3.55723959e-02
 2.57736338e+00 -3.85110755e-02
 2.64849764e+00 -4.17343931e-02
 2.74665841e+00 -4.52816429e-02
 2.71355781e+00 -4.91990038e-02
 2.89986485e+00 -5.35410405e-02
 2.94406114e+00 -5.83725991e-02
 3.02640665e+00 -6.37712212e-02
 3.21262521e+00 -6.98302450e-02
 3.21638717e+00 -7.66628248e-02
 3.48652973e+00 -8.44071941e-02
 3.53226099e+00 -9.32336320e-02
 3.64256078e+00 -1.03353792e-01
 3.94427724e+00 -1.15033352e-01
 4.07256238e+00 -1.28609414e-01
 4.22038864e+00 -1.44514790e-01
 4.43083676e+00 -1.63312491e-01
 4.66168582e+00 -1.85745596e-01
 5.01243469e+00 -2.12810882e-01
 5.34923702e+00 -2.45870043e-01
 5.70955483e+00 -2.86822133e-01
 6.07526428e+00 -3.38378894e-01
 6.64800536e+00 -4.04519464e-01
 7.37077947e+00 -4.91271215e-01
 8.07708307e+00 -6.08113358e-01
 9.02501877e+00 -7.70640746e-01
 1.01812883e+01 -1.00596168e+00
 1.17966650e+01 -1.36455543e+00
 1.40036661e+01 -1.94911656e+00
 1.70850384e+01 -2.99469358e+00
 2.20348616e+01 -5.13524931e+00
 3.03818564e+01 -1.05458187e+01
 4.50084400e+01 -2.97557232e+01
 1.43319843e+01 -9.48174100e+01
 -4.72853625e+01 -3.97380105e+01
 -3.27349860e+01 -1.29808360e+01
 -2.31625550e+01 -6.03178743e+00
 -1.76417428e+01 -3.43529209e+00
 -1.42358636e+01 -2.20904279e+00
 -1.18743642e+01 -1.53768687e+00
 -1.02071731e+01 -1.13142006e+00
 -8.91515583e+00 -8.67222787e-01
 -7.96481588e+00 -6.85857776e-01
 -7.16051620e+00 -5.55994954e-01
 -6.53688354e+00 -4.59818529e-01
 -5.99898455e+00 -3.86596227e-01
 -5.51500641e+00 -3.29551983e-01
 -5.16939675e+00 -2.84237426e-01
 -4.78072261e+00 -2.47634592e-01
 -4.48716377e+00 -2.17637543e-01
 -4.16974142e+00 -1.92740555e-01
 -3.98379904e+00 -1.71843927e-01
 -3.73616904e+00 -1.54129308e-01
 -3.61892264e+00 -1.38977509e-01
 -3.41522491e+00 -1.25913017e-01
 -3.28224428e+00 -1.14565741e-01
 -3.09744778e+00 -1.04644140e-01
 -3.07353771e+00 -9.59160141e-02
 -2.99881283e+00 -8.81945613e-02
 -2.77815639e+00 -8.13281149e-02
 -2.66909082e+00 -7.51924885e-02
 -2.64851788e+00 -6.96851993e-02
 -2.53639215e+00 -6.47210600e-02
 -2.38962854e+00 -6.02287812e-02
 -2.44867282e+00 -5.61483282e-02
 -2.26400853e+00 -5.24288456e-02
 -2.25898294e+00 -4.90270150e-02
 -2.21660742e+00 -4.59057462e-02
 -2.25418371e+00 -4.30331244e-02
 -2.08281603e+00 -4.03815606e-02
 -2.10510838e+00 -3.79270986e-02
 -2.06046577e+00 -3.56488490e-02
 -1.92948716e+00 -3.35285224e-02
 -1.95192387e+00 -3.15500429e-02
 -1.93545183e+00 -2.96992273e-02
 -1.80385689e+00 -2.79635157e-02
 -1.73293703e+00 -2.63317462e-02
 -1.79781099e+00 -2.47939642e-02
 -1.78661234e+00 -2.33412608e-02
 -1.81643215e+00 -2.19656352e-02
 -1.77676615e+00 -2.06598776e-02
 -1.62327848e+00 -1.94174675e-02
 -1.70990615e+00 -1.82324875e-02
 -1.62320772e+00 -1.70995474e-02
 -1.61094406e+00 -1.60137192e-02
 -1.61209426e+00 -1.49704795e-02
 -1.63655741e+00 -1.39656599e-02
 -1.59668644e+00 -1.29954021e-02
 -1.54544999e+00 -1.20561196e-02
 -1.54177770e+00 -1.11444625e-02
 -1.54480815e+00 -1.02572859e-02
 -1.54087272e+00 -9.39162254e-03
 -1.44759734e+00 -8.54465642e-03
 -1.51806432e+00 -7.71369987e-03
 -1.54774572e+00 -6.89617166e-03
 -1.53458753e+00 -6.08957680e-03
 -1.48028313e+00 -5.29148743e-03
 -1.56582393e+00 -4.49952459e-03
 -1.48244712e+00 -3.71134058e-03
 -1.48003088e+00 -2.92460166e-03
 -1.49366012e+00 -2.13697089e-03
 -1.53488022e+00 -1.34609086e-03
 -1.52944044e+00 -5.49566022e-04
 -1.46861290e+00 2.55055549e-04
 -1.40349231e+00 1.07030126e-03
 -1.47737357e+00 1.89879430e-03
 -1.44992112e+00 2.74327534e-03
 -1.51119309e+00 3.60662614e-03
 -1.49652901e+00 4.49189524e-03
 -1.51679428e+00 5.40232640e-03
 -1.53980234e+00 6.34139019e-03
 -1.61663720e+00 7.31281928e-03
 -1.57107231e+00 8.32064826e-03
 -1.60104808e+00 9.36925877e-03
 -1.55656950e+00 1.04634308e-02
 -1.52411720e+00 1.16084015e-02
 -1.62880511e+00 1.28099330e-02
 -1.60907473e+00 1.40743901e-02
 -1.61764549e+00 1.54088317e-02
 -1.60625309e+00 1.68211160e-02
 -1.59900710e+00 1.83200245e-02
 -1.63783643e+00 1.99154077e-02
 -1.60698477e+00 2.16183573e-02
 -1.71965563e+00 2.34414098e-02
 -1.72198793e+00 2.53987907e-02
 -1.77567355e+00 2.75067051e-02
 -1.79578975e+00 2.97836895e-02
 -1.75829967e+00 3.22510360e-02
 -1.82860861e+00 3.49333094e-02
 -1.84208371e+00 3.78589796e-02
 -1.90624370e+00 4.10612011e-02
 -2.09197767e+00 4.45787777e-02
 -1.92110680e+00 4.84573675e-02
 -2.01703887e+00 5.27509973e-02
 -2.04924926e+00 5.75239800e-02
 -2.15832123e+00 6.28533644e-02
 -2.21668517e+00 6.88320915e-02
 -2.31711072e+00 7.55731007e-02
 -2.29257619e+00 8.32147262e-02
 -2.41664690e+00 9.19278691e-02
 -2.56377238e+00 1.01925644e-01
 -2.64351057e+00 1.13476524e-01
 -2.79734530e+00 1.26922517e-01
 -2.95278722e+00 1.42704682e-01
 -3.07537468e+00 1.61399592e-01
 -3.23716372e+00 1.83772438e-01
 -3.44188696e+00 2.10856026e-01
 -3.65189003e+00 2.44071153e-01
 -3.93623916e+00 2.85415027e-01
 -4.22482688e+00 3.37765367e-01
 -4.58435458e+00 4.05388745e-01
 -4.94015327e+00 4.94825582e-01
 -5.47863588e+00 6.16506012e-01
 -6.21661752e+00 7.87871580e-01
 -6.98830722e+00 1.03983053e+00
 -8.12713919e+00 1.43126617e+00
 -9.69512356e+00 2.08521330e+00
 -1.19051878e+01 3.29172301e+00
 -1.51216911e+01 5.85241636e+00
 -1.99956995e+01 1.24413809e+01
 -2.00284136e+01 3.12967064e+01
 1.24858955e+01 3.95422894e+01
 2.08876202e+01 1.66294626e+01
 1.60393265e+01 7.33775747e+00
 1.21337321e+01 3.94366268e+00
 9.73864874e+00 2.42784485e+00
 7.98405093e+00 1.63624306e+00
 6.77018180e+00 1.17461801e+00
 5.91511592e+00 8.83045886e-01
 5.12167977e+00 6.87518667e-01
 4.64783883e+00 5.50175339e-01
 4.13061360e+00 4.50076469e-01
 3.84849982e+00 3.74899760e-01
 3.44151843e+00 3.17018544e-01
 3.20547000e+00 2.71510979e-01
 3.02489267e+00 2.35087138e-01
 2.79470618e+00 2.05481029e-01
 2.47321758e+00 1.81091054e-01
 2.47838290e+00 1.60759443e-01
 2.29124345e+00 1.43632538e-01
 2.10900665e+00 1.29069794e-01
 2.12710950e+00 1.16583007e-01
 1.96550797e+00 1.05794828e-01
 1.91570848e+00 9.64098863e-02
 1.74458839e+00 8.81943069e-02
 1.71898751e+00 8.09609662e-02
 1.67659726e+00 7.45587074e-02
 1.61643250e+00 6.88643513e-02
 1.53697529e+00 6.37767030e-02
 1.52445574e+00 5.92120036e-02
 1.47477296e+00 5.51004442e-02
 1.33094163e+00 5.13834653e-02
 1.32499257e+00 4.80116477e-02
 1.29914901e+00 4.49430508e-02
 1.26862510e+00 4.21418918e-02
 1.17659529e+00 3.95774909e-02
 1.13728256e+00 3.72234193e-02
 1.19104227e+00 3.50568106e-02
 1.08170399e+00 3.30577973e-02
 1.13097067e+00 3.12090491e-02
 9.62483395e-01 2.94953922e-02
 1.03818562e+00 2.79034930e-02
 1.00069612e+00 2.64215946e-02
 9.21651857e-01 2.50392967e-02
 9.11955261e-01 2.37473695e-02
 9.62473414e-01 2.25375975e-02
 9.13143999e-01 2.14026460e-02
 8.33799636e-01 2.03359484e-02
 8.81243259e-01 1.93316091e-02
 9.06022822e-01 1.83843207e-02
 9.34357562e-01 1.74892923e-02
 8.73261840e-01 1.66421879e-02
 7.89800134e-01 1.58390727e-02
 7.41513393e-01 1.50763667e-02
 7.22164025e-01 1.43508039e-02
 8.32651314e-01 1.36593969e-02
 6.88163902e-01 1.29994052e-02
 7.47134171e-01 1.23683083e-02
 6.29107056e-01 1.17637805e-02
 7.34673984e-01 1.11836697e-02
 7.51973703e-01 1.06259780e-02
 6.43027587e-01 1.00888442e-02
 7.84794660e-01 9.57052834e-03
 7.16047308e-01 9.06939736e-03
 7.16205003e-01 8.58391246e-03
 6.81247480e-01 8.11261714e-03
 7.87935164e-01 7.65412638e-03
 6.94121464e-01 7.20711644e-03
 7.69115131e-01 6.77031534e-03
 6.67156235e-01 6.34249380e-03
 6.20194908e-01 5.92245657e-03
 5.64455586e-01 5.50903392e-03
 6.56498756e-01 5.10107336e-03
 6.18867598e-01 4.69743132e-03
 6.29959853e-01 4.29696475e-03
 7.16289231e-01 3.89852248e-03
 6.15943050e-01 3.50093626e-03
 7.21693859e-01 3.10301127e-03
 6.83512556e-01 2.70351600e-03
 6.18211537e-01 2.30117133e-03
 7.05218020e-01 1.89463853e-03
 5.90608248e-01 1.48250600e-03
 5.40440890e-01 1.06327458e-03
 6.26879456e-01 6.35340834e-04
 6.68659576e-01 1.96978232e-04
 6.24952611e-01 -2.53684421e-04
 6.32816573e-01 -7.18687798e-04
 4.98740733e-01 -1.20027078e-03
 7.21851871e-01 -1.70090391e-03
 6.67363063e-01 -2.22332862e-03
 6.40428206e-01 -2.77060339e-03
 7.06603807e-01 -3.34615846e-03
 7.02749187e-01 -3.95386095e-03
 7.04866053e-01 -4.59809287e-03
 5.95476324e-01 -5.28384497e-03
 7.26657718e-01 -6.01683045e-03
 7.24495173e-01 -6.80362337e-03
 6.04840767e-01 -7.65182831e-03
 6.58924964e-01 -8.57028953e-03
 7.13205828e-01 -9.56935060e-03
 5.99770577e-01 -1.06611791e-02
 7.04581914e-01 -1.18601754e-02
 7.42172686e-01 -1.31834919e-02
 6.98446061e-01 -1.46516978e-02
 7.58040819e-01 -1.62896378e-02
 7.21141101e-01 -1.81275532e-02
 7.16554147e-01 -2.02025592e-02
 8.07196218e-01 -2.25606164e-02
 8.90056900e-01 -2.52591916e-02
 7.20158899e-01 -2.83708998e-02
 9.22069720e-01 -3.19885610e-02
 8.65849509e-01 -3.62323371e-02
 8.46125805e-01 -4.12599839e-02
 8.68858087e-01 -4.72818690e-02
 9.89474661e-01 -5.45834614e-02
 1.09624010e+00 -6.35598438e-02
 1.08406592e+00 -7.47701636e-02
 1.10639751e+00 -8.90262875e-02
 1.23297246e+00 -1.07542448e-01
 1.24860697e+00 -1.32198600e-01
 1.43694658e+00 -1.66027044e-01
 1.58694339e+00 -2.14164892e-01
 1.76457752e+00 -2.85851040e-01
 1.93994483e+00 -3.98975111e-01
 2.33930214e+00 -5.91529600e-01
 2.75088766e+00 -9.54005040e-01
 3.40584872e+00 -1.73149251e+00
 3.92915799e+00 -3.60993942e+00
 1.75098974e+00 -6.87252207e+00
 -2.74999135e+00 -5.48948165e+00
 -3.17237806e+00 -2.58830406e+00
 -2.54647899e+00 -1.31999983e+00
 -1.93010166e+00 -7.71948057e-01
 -1.55725295e+00 -5.00123846e-01
 -1.23573079e+00 -3.48507525e-01
 -9.98343681e-01 -2.56115094e-01
 -8.54815897e-01 -1.95919889e-01
 -7.09171943e-01 -1.54623809e-01
 -6.92880692e-01 -1.25113089e-01
 -4.66669256e-01 -1.03317944e-01
 -4.32745530e-01 -8.67791791e-02
 -3.96158597e-01 -7.39420604e-02
 -3.50894821e-01 -6.37856615e-02
 -3.97044461e-01 -5.56176175e-02
 -2.88848059e-01 -4.89551935e-02
 -2.49564708e-01 -4.34536187e-02
 -1.92231355e-01 -3.88614145e-02
 -2.21271516e-01 -3.49917068e-02
 -1.14206333e-01 -3.17033147e-02
 -2.18965353e-01 -2.88879895e-02
 -1.54720746e-01 -2.64616227e-02
 -1.45065901e-01 -2.43580725e-02
 -6.40377617e-02 -2.25247568e-02
 -9.29997212e-02 -2.09194559e-02
 -1.13349297e-01 -1.95079622e-02
 4.02640611e-02 -1.82623285e-02
 5.18519514e-02 -1.71595477e-02
 -4.35558234e-02 -1.61805465e-02
 -5.92433615e-02 -1.53094106e-02
 -6.76438711e-02 -1.45327824e-02
 -5.06269418e-02 -1.38393892e-02
 2.09508854e-02 -1.32196700e-02
 5.05010385e-02 -1.26654783e-02
 7.82476186e-02 -1.21698442e-02
 -4.22066493e-02 -1.17267815e-02
 1.32350557e-01 -1.13311321e-02
 6.79074837e-02 -1.09784380e-02
 -2.48333553e-02 -1.06648365e-02
 2.87067803e-02 -1.03869740e-02
 9.67462834e-02 -1.01419339e-02
 1.58450661e-01 -9.92717728e-03
 1.23608125e-01 -9.74049264e-03
 9.15358500e-02 -9.57995434e-03
 1.04194460e-01 -9.44388728e-03
 1.10649602e-01 -9.33083730e-03
 4.71037214e-02 -9.23954616e-03
 1.18303979e-01 -9.16893034e-03
 1.05256848e-01 -9.11806321e-03
 1.11467929e-01 -9.08615990e-03
 1.84046586e-01 -9.07256461e-03
 2.08611684e-01 -9.07673992e-03
 1.05646898e-01 -9.09825796e-03
 2.83971960e-01 -9.13679302e-03
 2.74852371e-01 -9.19211566e-03
 1.64996882e-01 -9.26408797e-03
 1.62009341e-01 -9.35266001e-03
 1.74335558e-01 -9.45786722e-03
 1.91160272e-01 -9.57982881e-03
 2.58852701e-01 -9.71874709e-03
 2.60807100e-01 -9.87490761e-03
 2.51118692e-01 -1.00486802e-02
 3.12418947e-01 -1.02405208e-02
 2.40609901e-01 -1.04509744e-02
 2.59471304e-01 -1.06806784e-02
 2.29318278e-01 -1.09303674e-02
 2.25363718e-01 -1.12008788e-02
 2.65117158e-01 -1.14931594e-02
 3.14337982e-01 -1.18082734e-02
 3.46888094e-01 -1.21474114e-02
 3.19475410e-01 -1.25119010e-02
 3.03311206e-01 -1.29032194e-02
 3.39961128e-01 -1.33230069e-02
 3.82379555e-01 -1.37730835e-02
 2.67314256e-01 -1.42554672e-02
 3.93136179e-01 -1.47723954e-02
 3.89952160e-01 -1.53263488e-02
 4.41739862e-01 -1.59200800e-02
 3.70004853e-01 -1.65566449e-02
 3.44103009e-01 -1.72394404e-02
 5.14379744e-01 -1.79722465e-02
 3.99321316e-01 -1.87592760e-02
 4.84318350e-01 -1.96052315e-02
 4.56566697e-01 -2.05153723e-02
 3.18022640e-01 -2.14955916e-02
 4.92641761e-01 -2.25525075e-02
 6.22811935e-01 -2.36935694e-02
 6.02629468e-01 -2.49271835e-02
 6.16621803e-01 -2.62628609e-02
 5.55187877e-01 -2.77113939e-02
 5.61917230e-01 -2.92850652e-02
 5.11493946e-01 -3.09978997e-02
 5.99133969e-01 -3.28659655e-02
 6.62587308e-01 -3.49077398e-02
 7.55058710e-01 -3.71445514e-02
 6.85490093e-01 -3.96011230e-02
 7.49834648e-01 -4.23062360e-02
 8.24398435e-01 -4.52935541e-02
 7.87221720e-01 -4.86026471e-02
 8.33174838e-01 -5.22802746e-02
 7.51311486e-01 -5.63820071e-02
 8.22571274e-01 -6.09742898e-02
 1.02874879e+00 -6.61370915e-02
 9.97644896e-01 -7.19673382e-02
 1.07317954e+00 -7.85834053e-02
 1.05808230e+00 -8.61310606e-02
 1.19249049e+00 -9.47914159e-02
 1.21222206e+00 -1.04791702e-01
 1.35541924e+00 -1.16420072e-01
 1.30130550e+00 -1.30046237e-01
 1.50803663e+00 -1.46150727e-01
 1.57092572e+00 -1.65367120e-01
 1.67289115e+00 -1.88544238e-01
 1.84448838e+00 -2.16839814e-01
 2.07819146e+00 -2.51865151e-01
 2.10052153e+00 -2.95914927e-01
 2.33144399e+00 -3.52344192e-01
 2.65733186e+00 -4.26209983e-01
 2.87464176e+00 -5.25410596e-01
 3.33669977e+00 -6.62810696e-01
 3.85199127e+00 -8.60440967e-01
 4.32456982e+00 -1.15838059e+00
 5.18832881e+00 -1.63509661e+00
 6.36562084e+00 -2.45836447e+00
 7.72246605e+00 -4.02376753e+00
 9.35180625e+00 -7.32354873e+00
 8.67536743e+00 -1.41651246e+01
 -1.01800550e+00 -1.98134881e+01
 -9.72387533e+00 -1.31553224e+01
 -9.63332588e+00 -6.79690242e+00
 -8.02059513e+00 -3.79134250e+00
 -6.76940035e+00 -2.34778918e+00
 -5.67198096e+00 -1.57794370e+00
 -4.76738991e+00 -1.12696941e+00
 -4.37396752e+00 -8.42472884e-01
 -3.86075552e+00 -6.52307152e-01
 -3.49451950e+00 -5.19237908e-01
 -3.15437912e+00 -4.22621422e-01
 -2.92754757e+00 -3.50316009e-01
 -2.74890074e+00 -2.94821854e-01
 -2.67186392e+00 -2.51312024e-01
 -2.39401544e+00 -2.16569648e-01
 -2.26296787e+00 -1.88385822e-01
 -2.15560431e+00 -1.65203997e-01
 -2.07120131e+00 -1.45902234e-01
 -1.98863961e+00 -1.29655585e-01
 -1.97031073e+00 -1.15846662e-01
 -1.88318483e+00 -1.04006065e-01
 -1.71844276e+00 -9.37718117e-02
 -1.69508005e+00 -8.48611574e-02
 -1.56435359e+00 -7.70506672e-02
 -1.64878044e+00 -7.01618903e-02
 -1.53649421e+00 -6.40509112e-02
 -1.40558805e+00 -5.86006226e-02
 -1.48779101e+00 -5.37149405e-02
 -1.46971046e+00 -4.93144232e-02
 -1.35846417e+00 -4.53329178e-02
 -1.37667567e+00 -4.17149683e-02
 -1.37037508e+00 -3.84137937e-02
 -1.36431705e+00 -3.53896972e-02
 -1.28085754e+00 -3.26088045e-02
 -1.31738779e+00 -3.00420559e-02
 -1.28589342e+00 -2.76643953e-02
 -1.21886637e+00 -2.54541128e-02
 -1.20561345e+00 -2.33923092e-02
 -1.23811250e+00 -2.14624567e-02
 -1.24908799e+00 -1.96500369e-02
 -1.24956363e+00 -1.79422401e-02
 -1.20731962e+00 -1.63277147e-02
 -1.21341394e+00 -1.47963580e-02
 -1.18861833e+00 -1.33391386e-02
 -1.08000283e+00 -1.19479475e-02
 -1.12831821e+00 -1.06154709e-02
 -1.23272964e+00 -9.33508105e-03
 -1.22023982e+00 -8.10074366e-03
 -1.18495191e+00 -6.90693688e-03
 -1.13344330e+00 -5.74858165e-03
 -1.09919904e+00 -4.62098079e-03
 -1.17661344e+00 -3.51976544e-03
 -1.07959094e+00 -2.44084795e-03
 -1.23065026e+00 -1.38037980e-03
 -1.17000356e+00 -3.34714090e-04
 -1.11452621e+00 6.99628541e-04
 -1.16905720e+00 1.72599083e-03
 -1.11281391e+00 2.74760744e-03
 -1.14583090e+00 3.76763153e-03
 -1.07413948e+00 4.78915976e-03
 -1.07303527e+00 5.81525619e-03
 -1.10831186e+00 6.84897530e-03
 -1.16319229e+00 7.89338466e-03
 -1.22870784e+00 8.95158732e-03
 -1.12797451e+00 1.00267445e-02
 -1.27643230e+00 1.11220986e-02
 -1.18449052e+00 1.22409971e-02
 -1.21022058e+00 1.33869177e-02
 -1.25655756e+00 1.45634945e-02
 -1.17405130e+00 1.57745464e-02
 -1.12787138e+00 1.70241077e-02
 -1.24474980e+00 1.83164612e-02
 -1.15594026e+00 1.96561747e-02
 -1.26237649e+00 2.10481413e-02
 -1.29925761e+00 2.24976239e-02
 -1.26599862e+00 2.40103057e-02
 -1.24524828e+00 2.55923456e-02
 -1.24620744e+00 2.72504420e-02
 -1.30077290e+00 2.89919044e-02
 -1.31380110e+00 3.08247350e-02
 -1.37861247e+00 3.27577221e-02
 -1.39068401e+00 3.48005467e-02
 -1.37328068e+00 3.69639059e-02
 -1.37274777e+00 3.92596546e-02
 -1.40684727e+00 4.17009709e-02
 -1.45057805e+00 4.43025471e-02
 -1.51491407e+00 4.70808143e-02
 -1.55231489e+00 5.00542047e-02
 -1.64683546e+00 5.32434607e-02
 -1.60037115e+00 5.66720007e-02
 -1.76441733e+00 6.03663524e-02
 -1.69809886e+00 6.43566706e-02
 -1.73021827e+00 6.86773565e-02
 -1.73487245e+00 7.33678038e-02
 -1.79393368e+00 7.84733009e-02
 -1.82481855e+00 8.40461287e-02
 -2.01004586e+00 9.01469033e-02
 -1.98213476e+00 9.68462285e-02
 -2.05257887e+00 1.04226742e-01
 -2.03980982e+00 1.12385667e-01
 -2.23485697e+00 1.21438015e-01
 -2.29936647e+00 1.31520641e-01
 -2.40859907e+00 1.42797414e-01
 -2.43107897e+00 1.55465871e-01
 -2.50597897e+00 1.69765864e-01
 -2.58376293e+00 1.85990898e-01
 -2.77160923e+00 2.04503177e-01
 -2.92008914e+00 2.25753799e-01
 -3.00399565e+00 2.50310203e-01
 -3.20595364e+00 2.78894012e-01
 -3.32793958e+00 3.12434001e-01
 -3.55075924e+00 3.52141483e-01
 -3.78900259e+00 3.99619617e-01
 -3.93587748e+00 4.57025159e-01
 -4.24208881e+00 5.27313352e-01
 -4.63852859e+00 6.14618267e-01
 -4.98762808e+00 7.24860751e-01
 -5.43997963e+00 8.66752391e-01
 -6.14684436e+00 1.05351629e+00
 -6.67777068e+00 1.30596506e+00
 -7.62774282e+00 1.65828446e+00
 -8.51453985e+00 2.16953679e+00
 -9.84385566e+00 2.94808057e+00
 -1.16152960e+01 4.20727242e+00
 -1.38879625e+01 6.40154524e+00
 -1.65833705e+01 1.05646452e+01
 -1.83190541e+01 1.89037073e+01
 -1.20488912e+01 3.24113989e+01
 8.09253060e+00 3.51545536e+01
 1.84100786e+01 2.19161227e+01
 1.75003444e+01 1.21395456e+01
 1.48835730e+01 7.21064085e+00
 1.24313173e+01 4.66035363e+00
 1.07167300e+01 3.22477351e+00
 9.27668874e+00 2.35112184e+00
 8.21315282e+00 1.78453885e+00
 7.31503431e+00 1.39790805e+00
 6.62429688e+00 1.12302114e+00
 5.91121316e+00 9.20915495e-01
 5.56617729e+00 7.68130577e-01
 5.18770144e+00 6.49898605e-01
 4.82019361e+00 5.56566522e-01
 4.50287540e+00 4.81617508e-01
 4.33273378e+00 4.20527583e-01
 4.00111036e+00 3.70078921e-01
 3.84097792e+00 3.27933361e-01
 3.68205735e+00 2.92359532e-01
 3.55518368e+00 2.62053642e-01
 3.40381284e+00 2.36018974e-01
 3.21246850e+00 2.13483148e-01
 3.03357263e+00 1.93840227e-01
 2.89667348e+00 1.76609500e-01
 2.88899492e+00 1.61405688e-01
 2.85806956e+00 1.47917087e-01
 2.74401582e+00 1.35889330e-01
 2.64298778e+00 1.25113177e-01
 2.51175032e+00 1.15415230e-01
 2.45795359e+00 1.06650795e-01
 2.38734450e+00 9.86983558e-02
 2.38002535e+00 9.14552373e-02
 2.32185045e+00 8.48341933e-02
 2.23790903e+00 7.87606888e-02
 2.15560460e+00 7.31707235e-02
 2.19427161e+00 6.80090768e-02
 2.16888951e+00 6.32278832e-02
 2.15118287e+00 5.87854685e-02
 2.07458110e+00 5.46453941e-02
 2.04251373e+00 5.07756668e-02
 2.03609956e+00 4.71480838e-02
 1.86984637e+00 4.37376847e-02
 1.98836329e+00 4.05222932e-02
 1.95559453e+00 3.74821297e-02
 1.80126055e+00 3.45994843e-02
 1.81052262e+00 3.18584382e-02
 1.90719112e+00 2.92446260e-02
 1.96618587e+00 2.67450316e-02
 1.80932964e+00 2.43478126e-02
 1.80296328e+00 2.20421479e-02
 1.79422970e+00 1.98181053e-02
 1.83668260e+00 1.76665260e-02
 1.76103771e+00 1.55789226e-02
 1.80985557e+00 1.35473897e-02
 1.72740770e+00 1.15645236e-02
 1.88099776e+00 9.62335089e-03
 1.65570182e+00 7.71726433e-03
 1.79435552e+00 5.83996383e-03
 1.66096320e+00 3.98540300e-03
 1.73924898e+00 2.14773932e-03
 1.85695834e+00 3.21287575e-04
 1.83923733e+00 -1.49952417e-03
 1.83544429e+00 -3.32019690e-03
 1.76741264e+00 -5.14620164e-03
 1.81955420e+00 -6.98301990e-03
 1.75008331e+00 -8.83618397e-03
 1.84167884e+00 -1.07113177e-02
 1.79056628e+00 -1.26141783e-02
 1.84896658e+00 -1.45507000e-02
 1.88668482e+00 -1.65270392e-02
 1.86974513e+00 -1.85496235e-02
 1.76823995e+00 -2.06252035e-02
 1.87953506e+00 -2.27609097e-02
 1.90316019e+00 -2.49643139e-02
 1.92177500e+00 -2.72434977e-02
 1.90663674e+00 -2.96071277e-02
 1.93789071e+00 -3.20645408e-02
 1.97654214e+00 -3.46258382e-02
 1.96879624e+00 -3.73019933e-02
 2.03794367e+00 -4.01049731e-02
 1.98482613e+00 -4.30478768e-02
 2.03433581e+00 -4.61450947e-02
 2.07897151e+00 -4.94124908e-02
 2.11944041e+00 -5.28676137e-02
 2.08229319e+00 -5.65299405e-02
 2.04427514e+00 -6.04211615e-02
 2.18384942e+00 -6.45655121e-02
 2.18230816e+00 -6.89901622e-02
 2.34096867e+00 -7.37256756e-02
 2.31092368e+00 -7.88065520e-02
 2.37219699e+00 -8.42718725e-02
 2.41867285e+00 -9.01660689e-02
 2.43590112e+00 -9.65398465e-02
 2.45559012e+00 -1.03451296e-01
 2.65329407e+00 -1.10967242e-01
 2.63365121e+00 -1.19164881e-01
 2.63167434e+00 -1.28133794e-01
 2.73832512e+00 -1.37978423e-01
 2.83700682e+00 -1.48821142e-01
 2.96814447e+00 -1.60806096e-01
 2.97777826e+00 -1.74104029e-01
 3.09432809e+00 -1.88918404e-01
 3.18308431e+00 -2.05493222e-01
 3.35408570e+00 -2.24123120e-01
 3.45682044e+00 -2.45166500e-01
 3.61911841e+00 -2.69062811e-01
 3.84245860e+00 -2.96355535e-01
 3.93051691e+00 -3.27723117e-01
 4.16510101e+00 -3.64021150e-01
 4.42354703e+00 -4.06340721e-01
 4.55383495e+00 -4.56090363e-01
 4.79796087e+00 -5.15113159e-01
 5.08322070e+00 -5.85857219e-01
 5.45831036e+00 -6.71629100e-01
 5.83970463e+00 -7.76979320e-01
 6.31774121e+00 -9.08304203e-01
 6.79509858e+00 -1.07481323e+00
 7.52721117e+00 -1.29013586e+00
 8.21239126e+00 -1.57509213e+00
 9.05575138e+00 -1.96267795e+00
 1.02161088e+01 -2.50748111e+00
 1.16004897e+01 -3.30446757e+00
 1.33060311e+01 -4.52877844e+00
 1.54790598e+01 -6.52515082e+00
 1.82657746e+01 -1.00155047e+01
 2.11389790e+01 -1.65294106e+01
 2.06444918e+01 -2.84571843e+01
 7.50478967e+00 -4.21652476e+01
 -1.42802168e+01 -3.81894507e+01
 -2.17806930e+01 -2.35165547e+01
 -2.02350029e+01 -1.37510574e+01
 -1.73741389e+01 -8.56251116e+00
 -1.48684093e+01 -5.72256525e+00
 -1.27262873e+01 -4.05451269e+00
 -1.11526257e+01 -3.00731078e+00
 -9.92776110e+00 -2.31226101e+00
 -8.80945495e+00 -1.82949644e+00
 -8.08379835e+00 -1.48146959e+00
 -7.37182138e+00 -1.22273503e+00
 -6.73031671e+00 -1.02536424e+00
 -6.31309040e+00 -8.71482469e-01
 -5.83030839e+00 -7.49244075e-01
 -5.52052419e+00 -6.50559172e-01
 -5.20379772e+00 -5.69756355e-01
 -4.90898467e+00 -5.02767458e-01
 -4.61313410e+00 -4.46614679e-01
 -4.47979754e+00 -3.99078801e-01
 -4.21640886e+00 -3.58479163e-01
 -3.92577879e+00 -3.23524455e-01
 -3.86217062e+00 -2.93209497e-01
 -3.70127779e+00 -2.66742524e-01
 -3.63355295e+00 -2.43493106e-01
 -3.46049637e+00 -2.22954295e-01
 -3.32015102e+00 -2.04714720e-01
 -3.15285534e+00 -1.88437764e-01
 -3.16647625e+00 -1.73845833e-01
 -3.10589065e+00 -1.60708359e-01
 -2.91255236e+00 -1.48832544e-01
 -2.91070647e+00 -1.38056157e-01
 -2.81082102e+00 -1.28241891e-01
 -2.75202664e+00 -1.19272883e-01
 -2.68095819e+00 -1.11049156e-01
 -2.63701625e+00 -1.03484753e-01
 -2.51871224e+00 -9.65054242e-02
 -2.57341667e+00 -9.00467479e-02
 -2.49579395e+00 -8.40525873e-02
 -2.41073429e+00 -7.84738251e-02
 -2.51981078e+00 -7.32673140e-02
 -2.44855327e+00 -6.83950054e-02
 -2.40087397e+00 -6.38232200e-02
 -2.28267791e+00 -5.95220360e-02
 -2.33679208e+00 -5.54647729e-02
 -2.30405803e+00 -5.16275539e-02
 -2.22520371e+00 -4.79889334e-02
 -2.22106942e+00 -4.45295793e-02
 -2.06557200e+00 -4.12319995e-02
 -2.11813803e+00 -3.80803066e-02
 -2.15506501e+00 -3.50600141e-02
 -2.04181861e+00 -3.21578597e-02
 -2.11003269e+00 -2.93616499e-02
 -2.16261827e+00 -2.66601245e-02
 -1.95517757e+00 -2.40428370e-02
 -2.03591111e+00 -2.15000483e-02
 -2.01544136e+00 -1.90226314e-02
 -2.05224728e+00 -1.66019872e-02
 -1.99560534e+00 -1.42299665e-02
 -2.00459259e+00 -1.18988005e-02
 -2.00646006e+00 -9.60103582e-03
 -2.06476555e+00 -7.32947456e-03
 -2.01760260e+00 -5.07711801e-03
 -2.03804819e+00 -2.83711305e-03
 -1.93996388e+00 -6.02700757e-04
 -1.96307661e+00 1.63283374e-03
 -2.09137304e+00 3.87621071e-03
 -2.01624903e+00 6.13420537e-03
 -2.01075392e+00 8.41369807e-03
 -2.09630557e+00 1.07217259e-02
 -2.01209949e+00 1.30655367e-02
 -2.00584429e+00 1.54526452e-02
 -2.11560331e+00 1.78908941e-02
 -1.99571304e+00 2.03885187e-02
 -2.07538444e+00 2.29542180e-02
 -2.08042509e+00 2.55972321e-02
 -2.02949828e+00 2.83274282e-02
 -2.08190509e+00 3.11553964e-02
 -2.12967846e+00 3.40925563e-02
 -2.08326898e+00 3.71512785e-02
 -2.18864079e+00 4.03450207e-02
 -2.07302853e+00 4.36884839e-02
 -2.13837848e+00 4.71977907e-02
 -2.20051595e+00 5.08906903e-02
 -2.29303451e+00 5.47867947e-02
 -2.28044751e+00 5.89078529e-02
 -2.27530349e+00 6.32780703e-02
 -2.35506237e+00 6.79244816e-02
 -2.36926112e+00 7.28773880e-02
 -2.41466127e+00 7.81708737e-02
 -2.41429933e+00 8.38434164e-02
 -2.53460120e+00 8.99386134e-02
 -2.58898106e+00 9.65060494e-02
 -2.65022045e+00 1.03602338e-01
 -2.72145259e+00 1.11292376e-01
 -2.79539314e+00 1.19650872e-01
 -2.85404620e+00 1.28764200e-01
 -2.79810721e+00 1.38732679e-01
 -2.95555899e+00 1.49673390e-01
 -3.02163577e+00 1.61723669e-01
 -3.08913667e+00 1.75045480e-01
 -3.21975079e+00 1.89830923e-01
 -3.30391000e+00 2.06309237e-01
 -3.44546032e+00 2.24755761e-01
 -3.45352840e+00 2.45503521e-01
 -3.65928440e+00 2.68958346e-01
 -3.71134385e+00 2.95618804e-01
 -3.96640875e+00 3.26102781e-01
 -4.14031722e+00 3.61183357e-01
 -4.34557899e+00 4.01837870e-01
 -4.47023022e+00 4.49315992e-01
 -4.77454442e+00 5.05235678e-01
 -5.02924865e+00 5.71720753e-01
 -5.45299758e+00 6.51602011e-01
 -5.71905081e+00 7.48717382e-01
 -6.12142487e+00 8.68370605e-01
 -6.59954841e+00 1.01805070e+00
 -7.01080368e+00 1.20859406e+00
 -7.70675032e+00 1.45612467e+00
 -8.48960953e+00 1.78541620e+00
 -9.34511586e+00 2.23596833e+00
 -1.04187662e+01 2.87351684e+00
 -1.19189787e+01 3.81298184e+00
 -1.36373104e+01 5.26664297e+00
 -1.58364106e+01 7.64918793e+00
 -1.84295694e+01 1.18000737e+01
 -2.01010107e+01 1.92917410e+01
 -1.65695311e+01 3.13046435e+01
 -8.94628381e-01 3.99583111e+01
 1.57763561e+01 3.22042673e+01
 1.98801447e+01 1.99975091e+01
 1.83470716e+01 1.22116644e+01
 1.58915972e+01 7.89179439e+00
 1.36087690e+01 5.41976505e+00
 1.18252751e+01 3.91664802e+00
 1.04704261e+01 2.94807533e+00
 9.27899250e+00 2.29233425e+00
 8.28912934e+00 1.82979871e+00
 7.52150764e+00 1.49225252e+00
 6.91325478e+00 1.23881585e+00
 6.47936091e+00 1.04390839e+00
 5.84751581e+00 8.90913724e-01
 5.48808198e+00 7.68683042e-01
 5.21538597e+00 6.69522363e-01
 4.95243729e+00 5.87989392e-01
 4.65355869e+00 5.20150041e-01
 4.37707201e+00 4.63105193e-01
 4.16951244e+00 4.14681447e-01
 3.99253960e+00 3.73224188e-01
 3.72483320e+00 3.37456176e-01
 3.62435652e+00 3.06379013e-01
 3.49980642e+00 2.79203311e-01
 3.28739091e+00 2.55298392e-01
 3.22807450e+00 2.34155536e-01
 3.15130517e+00 2.15360772e-01
 3.08417556e+00 1.98574484e-01
 2.98476648e+00 1.83515947e-01
 2.85602703e+00 1.69951489e-01
 2.72363643e+00 1.57685331e-01
 2.60923585e+00 1.46552437e-01
 2.59106681e+00 1.36412891e-01
 2.55574189e+00 1.27147433e-01
 2.48238236e+00 1.18653894e-01
 2.46244004e+00 1.10844323e-01
 2.39292323e+00 1.03642665e-01
 2.27935406e+00 9.69828657e-02
 2.28952185e+00 9.08073180e-02
 2.22382017e+00 8.50655818e-02
 2.13912991e+00 7.97133228e-02
 2.15598001e+00 7.47114291e-02
 2.12049405e+00 7.00252711e-02
 2.04724571e+00 6.56240801e-02
 2.09536629e+00 6.14804231e-02
 2.02735434e+00 5.75697573e-02
 2.02166479e+00 5.38700508e-02
 1.99935097e+00 5.03614580e-02
 1.95485525e+00 4.70260415e-02
 1.87913734e+00 4.38475315e-02
 1.87530493e+00 4.08111180e-02
 1.91591526e+00 3.79032701e-02
 1.83893863e+00 3.51115783e-02
 1.91754671e+00 3.24246161e-02
 1.88567949e+00 2.98318181e-02
 1.77431784e+00 2.73233724e-02
 1.83789734e+00 2.48901244e-02
 1.73072965e+00 2.25234907e-02
 1.82082727e+00 2.02153820e-02
 1.69219618e+00 1.79581325e-02
 1.73913971e+00 1.57444361e-02
 1.77566220e+00 1.35672865e-02
 1.71134875e+00 1.14199224e-02
 1.79391135e+00 9.29577520e-03
 1.84380265e+00 7.18841967e-03
 1.72682908e+00 5.09152613e-03
 1.68081151e+00 2.99881379e-03
 1.74436431e+00 9.04004638e-04
 1.76177337e+00 -1.19922290e-03
 1.66933192e+00 -3.31728101e-03
 1.65593894e+00 -5.45672109e-03
 1.79638697e+00 -7.62428438e-03
 1.77247319e+00 -9.82695555e-03
 1.78345876e+00 -1.20720200e-02
 1.74193298e+00 -1.43671256e-02
 1.81418661e+00 -1.67203505e-02
 1.84524734e+00 -1.91402768e-02
 1.83309035e+00 -2.16360735e-02
 1.89984514e+00 -2.42175881e-02
 1.78877725e+00 -2.68954501e-02
 1.80757178e+00 -2.96811878e-02
 1.84230307e+00 -3.25873615e-02
 1.89850944e+00 -3.56277153e-02
 1.94095969e+00 -3.88173517e-02
 1.87136760e+00 -4.21729331e-02
 1.89635414e+00 -4.57129147e-02
 1.98167042e+00 -4.94578170e-02
 2.00536338e+00 -5.34305426e-02
 2.00407303e+00 -5.76567497e-02
 2.09515924e+00 -6.21652918e-02
 1.98209581e+00 -6.69887385e-02
 2.10119805e+00 -7.21639956e-02
 2.12022433e+00 -7.77330465e-02
 2.06533794e+00 -8.37438431e-02
 2.25169271e+00 -9.02513812e-02
 2.28308102e+00 -9.73190073e-02
 2.26333860e+00 -1.05020013e-01
 2.38699666e+00 -1.13439595e-01
 2.36422109e+00 -1.22677277e-01
 2.42355919e+00 -1.32849919e-01
 2.55658101e+00 -1.44095499e-01
 2.62794835e+00 -1.56577871e-01
 2.68707460e+00 -1.70492836e-01
 2.73487614e+00 -1.86075916e-01
 2.79978907e+00 -2.03612437e-01
 2.93976360e+00 -2.23450705e-01
 3.06041259e+00 -2.46019422e-01
 3.34305699e+00 -2.71850969e-01
 3.33621487e+00 -3.01612908e-01
 3.62082793e+00 -3.36151194e-01
 3.58400895e+00 -3.76550306e-01
 3.79107851e+00 -4.24218272e-01
 4.04511355e+00 -4.81009015e-01
 4.22832726e+00 -5.49401826e-01
 4.56920523e+00 -6.32770305e-01
 4.88754196e+00 -7.35795017e-01
 5.30712504e+00 -8.65113560e-01
 5.59341823e+00 -1.03037523e+00
 6.09982243e+00 -1.24600942e+00
 6.76780057e+00 -1.53430210e+00
 7.48060582e+00 -1.93097142e+00
 8.34840417e+00 -2.49573265e+00
 9.48697301e+00 -3.33325242e+00
 1.08063422e+01 -4.63635411e+00
 1.23864516e+01 -6.77552524e+00
 1.39541785e+01 -1.04593323e+01
 1.41028867e+01 -1.67630985e+01
 9.26335901e+00 -2.52124299e+01
 -3.06245980e+00 -2.81010369e+01
 -1.21831546e+01 -2.10991936e+01
 -1.39944773e+01 -1.33190684e+01
 -1.27702233e+01 -8.42829195e+00
 -1.11542814e+01 -5.61413979e+00
 -9.68688738e+00 -3.94412996e+00
 -8.53921708e+00 -2.89885868e+00
 -7.43143924e+00 -2.21013803e+00
 -6.64684016e+00 -1.73574404e+00
 -6.03378274e+00 -1.39654366e+00
 -5.43977888e+00 -1.14629108e+00
 -5.00231832e+00 -9.56719390e-01
 -4.56728954e+00 -8.09852724e-01
 -4.32020798e+00 -6.93856968e-01
 -4.08357860e+00 -6.00702217e-01
 -3.70246999e+00 -5.24793654e-01
 -3.55081329e+00 -4.62141172e-01
 -3.27587446e+00 -4.09839800e-01
 -3.14874038e+00 -3.65735406e-01
 -2.95284853e+00 -3.28204188e-01
 -2.84459053e+00 -2.96003899e-01
 -2.70194597e+00 -2.68171427e-01
 -2.65187906e+00 -2.43950982e-01
 -2.41610436e+00 -2.22742885e-01
 -2.40974152e+00 -2.04066495e-01
 -2.22024623e+00 -1.87532996e-01
 -2.25033697e+00 -1.72825154e-01
 -2.02054294e+00 -1.59682090e-01
 -2.03844188e+00 -1.47887690e-01
 -1.97771973e+00 -1.37261704e-01
 -1.99842269e+00 -1.27652837e-01
 -1.78175147e+00 -1.18933339e-01
 -1.74305078e+00 -1.10994744e-01
 -1.88592193e+00 -1.03744472e-01
 -1.60728666e+00 -9.71031160e-02
 -1.66480992e+00 -9.10022466e-02
 -1.59500348e+00 -8.53826361e-02
 -1.68030554e+00 -8.01928053e-02
 -1.47374398e+00 -7.53878309e-02
 -1.51265029e+00 -7.09283615e-02
 -1.48081875e+00 -6.67797998e-02
 -1.48809946e+00 -6.29116218e-02
 -1.39935640e+00 -5.92968053e-02
 -1.39399409e+00 -5.59113499e-02
 -1.39825374e+00 -5.27338703e-02
 -1.42115693e+00 -4.97452519e-02
 -1.27174074e+00 -4.69283568e-02
 -1.26561972e+00 -4.42677730e-02
 -1.26225582e+00 -4.17495976e-02
 -1.35720991e+00 -3.93612519e-02
 -1.19103757e+00 -3.70913194e-02
 -1.31185410e+00 -3.49294070e-02
 -1.21286382e+00 -3.28660225e-02
 -1.22629262e+00 -3.08924681e-02
 -1.22461092e+00 -2.90007473e-02
 -1.09136144e+00 -2.71834814e-02
 -1.15730766e+00 -2.54338373e-02
 -1.20438320e+00 -2.37454617e-02
 -1.12068818e+00 -2.21124232e-02
 -1.15275655e+00 -2.05291596e-02
 -1.13457649e+00 -1.89904308e-02
 -1.12990656e+00 -1.74912752e-02
 -1.17704063e+00 -1.60269702e-02
 -1.12600076e+00 -1.45929954e-02
 -1.07185092e+00 -1.31849983e-02
 -1.14088174e+00 -1.17987617e-02
 -1.15909611e+00 -1.04301727e-02
 -9.95067158e-01 -9.07519256e-03
 -9.70967139e-01 -7.72982783e-03
 -1.02289854e+00 -6.39010071e-03
 -1.00861933e+00 -5.05201996e-03
 -1.15237023e+00 -3.71155097e-03
 -1.06547075e+00 -2.36458484e-03
 -1.16904110e+00 -1.00690601e-03
 -1.04033071e+00 3.65842061e-04
 -9.45879626e-01 1.75819379e-03
 -1.04720448e+00 3.17490137e-03
 -1.06350593e+00 4.62097862e-03
 -1.09624120e+00 6.10174936e-03
 -1.11597027e+00 7.62290135e-03
 -1.08133728e+00 9.19054693e-03
 -1.08942659e+00 1.08112915e-02
 -1.08466848e+00 1.24923115e-02
 -1.17604067e+00 1.42414437e-02
 -1.13473519e+00 1.60672876e-02
 -1.20191101e+00 1.79793245e-02
 -1.11775000e+00 1.99880555e-02
 -1.17251421e+00 2.21051624e-02
 -1.10398239e+00 2.43436972e-02
 -1.11509007e+00 2.67183050e-02
 -1.14649151e+00 2.92454885e-02
 -1.19534750e+00 3.19439220e-02
 -1.22802502e+00 3.48348284e-02
 -1.17134583e+00 3.79424313e-02
 -1.27144355e+00 4.12945018e-02
 -1.34394393e+00 4.49230234e-02
 -1.32014562e+00 4.88650044e-02
 -1.22991681e+00 5.31634770e-02
 -1.37654328e+00 5.78687340e-02
 -1.33790963e+00 6.30398693e-02
 -1.35299543e+00 6.87467111e-02
 -1.40001580e+00 7.50722669e-02
 -1.45968541e+00 8.21158385e-02
 -1.48449285e+00 8.99970281e-02
 -1.59496205e+00 9.88609360e-02
 -1.46990077e+00 1.08884972e-01
 -1.55855217e+00 1.20287878e-01
 -1.77031393e+00 1.33341815e-01
 -1.77879245e+00 1.48388768e-01
 -1.77608510e+00 1.65863094e-01
 -1.86585654e+00 1.86323009e-01
 -1.87851560e+00 2.10495226e-01
 -2.04324891e+00 2.39339419e-01
 -2.18503537e+00 2.74143092e-01
 -2.24554036e+00 3.16664285e-01
 -2.46163805e+00 3.69351351e-01
 -2.64769598e+00 4.35690539e-01
 -2.77743506e+00 5.20772069e-01
 -2.94962068e+00 6.32242666e-01
 -3.31284392e+00 7.81967213e-01
 -3.65693170e+00 9.89043247e-01
 -4.01915232e+00 1.28549737e+00
 -4.65006918e+00 1.72746194e+00
 -5.21671893e+00 2.41754128e+00
 -5.85578135e+00 3.54741592e+00
 -6.44342487e+00 5.45231502e+00
 -5.95580091e+00 8.47418678e+00
 -2.84270090e+00 1.16879051e+01
 2.39266270e+00 1.16301492e+01
 5.31682725e+00 8.38679276e+00
 5.75717901e+00 5.39655049e+00
 5.15726993e+00 3.51852601e+00
 4.59139342e+00 2.40383037e+00
 4.01859180e+00 1.72189784e+00
 3.51893805e+00 1.28442471e+00
 3.07947665e+00 9.90563812e-01
 2.66799902e+00 7.85063484e-01
 2.33350405e+00 6.36348987e-01
 2.21489839e+00 5.25563565e-01
 2.04277802e+00 4.40975747e-01
 1.93757604e+00 3.75015442e-01
 1.63369756e+00 3.22637876e-01
 1.46313795e+00 2.80384520e-01
 1.53952201e+00 2.45824342e-01
 1.34360012e+00 2.17210358e-01
 1.29632406e+00 1.93262250e-01
 1.15532406e+00 1.73025105e-01
 1.20623302e+00 1.55775404e-01
 1.09054907e+00 1.40957121e-01
 1.04209572e+00 1.28137420e-01
 1.03529342e+00 1.16975405e-01
 9.07913465e-01 1.07199711e-01
 7.85303936e-01 9.85922031e-02
 8.09926783e-01 9.09759556e-02
 9.04431612e-01 8.42062743e-02
 6.94933361e-01 7.81639167e-02
 7.16001369e-01 7.27499165e-02
 7.05909862e-01 6.78815937e-02
 6.11937596e-01 6.34894494e-02
 6.27686872e-01 5.95147301e-02
 6.41488310e-01 5.59075002e-02
 5.67988798e-01 5.26251062e-02
 6.59393354e-01 4.96309434e-02
 5.05475053e-01 4.68934601e-02
 4.71716787e-01 4.43853477e-02
 5.45181470e-01 4.20828786e-02
 3.97964742e-01 3.99653612e-02
 4.77860796e-01 3.80146901e-02
 3.90475394e-01 3.62149719e-02
 3.58059595e-01 3.45522133e-02
 3.56691131e-01 3.30140591e-02
 4.26844691e-01 3.15895723e-02
 3.74026576e-01 3.02690477e-02
 3.44725079e-01 2.90438541e-02
 3.58190336e-01 2.79062998e-02
 3.80163843e-01 2.68495179e-02
 3.41775873e-01 2.58673678e-02
 2.54891511e-01 2.49543507e-02
 2.70783567e-01 2.41055373e-02
 3.79032681e-01 2.33165042e-02
 3.59047157e-01 2.25832801e-02
 3.43072788e-01 2.19022985e-02
 2.51798516e-01 2.12703571e-02
 1.69362687e-01 2.06845820e-02
 2.73047408e-01 2.01423970e-02
 1.70652185e-01 1.96414969e-02
 2.47127463e-01 1.91798244e-02
 1.93644275e-01 1.87555499e-02
 1.78817504e-01 1.83670540e-02
 2.57749956e-01 1.80129131e-02
 2.56048568e-01 1.76918866e-02
 2.35425867e-01 1.74029061e-02
 2.27626846e-01 1.71450672e-02
 1.11082767e-01 1.69176217e-02
 1.56705217e-01 1.67199730e-02
 3.06269745e-01 1.65516718e-02
 1.01942318e-01 1.64124140e-02
 1.80034654e-01 1.63020394e-02
 1.48623276e-01 1.62205328e-02
 6.38951886e-02 1.61680260e-02
 1.44225647e-01 1.61448014e-02
 2.91327536e-02 1.61512974e-02
 2.19118587e-01 1.61881156e-02
 9.11319640e-02 1.62560303e-02
 1.17287129e-01 1.63559991e-02
 6.29555485e-02 1.64891773e-02
 1.43684668e-01 1.66569339e-02
 2.70414780e-03 1.68608712e-02
 4.17294857e-02 1.71028479e-02
 1.14211694e-01 1.73850064e-02
 8.99929260e-02 1.77098047e-02
 1.35768048e-01 1.80800536e-02
 6.95286042e-02 1.84989612e-02
 5.16950034e-03 1.89701848e-02
 2.76542004e-02 1.94978915e-02
 1.50183533e-01 2.00868311e-02
 -1.52513827e-02 2.07424212e-02
 2.74016648e-02 2.14708486e-02
 -8.77781779e-02 2.22791907e-02
 -3.55999329e-02 2.31755598e-02
 1.02031481e-01 2.41692772e-02
 4.80135627e-02 2.52710832e-02
 -3.16745690e-02 2.64933910e-02
 -1.45280122e-01 2.78505969e-02
 -1.48900293e-01 2.93594601e-02
 -1.27382183e-01 3.10395706e-02
 2.39327815e-02 3.29139299e-02
 -1.80165982e-01 3.50096753e-02
 -1.53466022e-01 3.73589914e-02
 -1.24820305e-01 4.00002639e-02
 -9.04500320e-02 4.29795540e-02
 -1.21743472e-01 4.63524969e-02
 -2.18069299e-01 5.01867706e-02
 -2.00063886e-01 5.45653390e-02
 -2.40504755e-01 5.95907554e-02
 -2.43124112e-01 6.53909447e-02
 -2.84790100e-01 7.21270651e-02
 -3.19218046e-01 8.00043507e-02
 -4.47526638e-01 8.92872849e-02
 -3.87536765e-01 1.00321185e-01
 -4.67625659e-01 1.13563461e-01
 -5.40042031e-01 1.29629782e-01
 -5.28378379e-01 1.49363740e-01
 -6.58955557e-01 1.73944532e-01
 -5.89586173e-01 2.05057838e-01
 -7.02577294e-01 2.45175026e-01
 -8.63650587e-01 2.98024224e-01
 -9.72725788e-01 3.69413287e-01
 -1.13543884e+00 4.68721131e-01
 -1.46255475e+00 6.11697948e-01
 -1.49505956e+00 8.25861584e-01
 -1.73725513e+00 1.16080404e+00
 -1.99422386e+00 1.70524872e+00
 -2.18943955e+00 2.59410165e+00
 -1.69464792e+00 3.86916944e+00
 -2.44551872e-01 4.87484892e+00
 1.74020157e+00 4.43639470e+00
 2.72538741e+00 3.13256355e+00
 2.78820547e+00 2.05488222e+00
 2.56432225e+00 1.37392241e+00
 2.24745779e+00 9.58635734e-01
 2.09399737e+00 6.97801747e-01
 1.89869957e+00 5.26779664e-01
 1.65662094e+00 4.09857853e-01
 1.56337814e+00 3.26911216e-01
 1.52072197e+00 2.66164885e-01
 1.40766853e+00 2.20449322e-01
 1.31370134e+00 1.85232249e-01
 1.21022323e+00 1.57549868e-01
 1.16398598e+00 1.35404793e-01
 9.57582574e-01 1.17414522e-01
 1.02109190e+00 1.02599241e-01
 8.63678603e-01 9.02497654e-02
 8.86663747e-01 7.98430607e-02
 9.23852321e-01 7.09868283e-02
 9.11189037e-01 6.33823292e-02
 9.30794652e-01 5.67989264e-02
 9.33992407e-01 5.10563237e-02
 8.96689579e-01 4.60119635e-02
 7.98822881e-01 4.15519440e-02
 8.14581506e-01 3.75843802e-02
 8.70617465e-01 3.40344863e-02
 7.54542002e-01 3.08408893e-02
 8.03856644e-01 2.79528353e-02
 7.77453761e-01 2.53280484e-02
 7.53756414e-01 2.29310756e-02
 8.21757828e-01 2.07319953e-02
 7.57313705e-01 1.87053999e-02
 7.05672744e-01 1.68295901e-02
 7.20541763e-01 1.50859298e-02
 7.71870120e-01 1.34583276e-02
 7.20576495e-01 1.19328166e-02
 6.87153648e-01 1.04972114e-02
 6.90384284e-01 9.14082728e-03
 6.96007331e-01 7.85424830e-03
 7.03228355e-01 6.62913455e-03
 6.74615672e-01 5.45806174e-03
 6.79949763e-01 4.33438648e-03
 6.51793254e-01 3.25213265e-03
 6.35472737e-01 2.20589510e-03
 6.41245248e-01 1.19075753e-03
 7.19545794e-01 2.02222141e-04
 7.28512958e-01 -7.63851106e-04
 6.61867746e-01 -1.71129708e-03
 6.59970825e-01 -2.64369145e-03
 7.49698006e-01 -3.56439113e-03
 7.19635197e-01 -4.47657002e-03
 7.68164046e-01 -5.38325104e-03
 7.58624852e-01 -6.28733495e-03
 7.17626300e-01 -7.19162660e-03
 7.15577893e-01 -8.09885911e-03
 7.56111077e-01 -9.01171638e-03
 6.91850964e-01 -9.93285429e-03
 6.88467683e-01 -1.08649210e-02
 7.43525555e-01 -1.18105768e-02
 7.13845444e-01 -1.27725129e-02
 8.18162691e-01 -1.37534714e-02
 6.80664417e-01 -1.47562639e-02
 8.13138820e-01 -1.57837923e-02
 8.05926249e-01 -1.68390685e-02
 7.95939364e-01 -1.79252366e-02
 7.76339594e-01 -1.90455955e-02
 7.61433303e-01 -2.02036234e-02
 7.85874414e-01 -2.14030042e-02
 9.52167815e-01 -2.26476562e-02
 8.77321107e-01 -2.39417634e-02
 8.21486624e-01 -2.52898100e-02
 8.59799680e-01 -2.66966190e-02
 8.45148797e-01 -2.81673946e-02
 8.29918792e-01 -2.97077696e-02
 8.27580849e-01 -3.13238593e-02
 8.53903892e-01 -3.30223219e-02
 9.34781249e-01 -3.48104262e-02
 9.30788669e-01 -3.66961295e-02
 9.27437914e-01 -3.86881657e-02
 9.20822356e-01 -4.07961464e-02
 9.54919623e-01 -4.30306762e-02
 9.53004512e-01 -4.54034864e-02
 9.82447720e-01 -4.79275883e-02
 9.33068371e-01 -5.06174513e-02
 1.01868380e+00 -5.34892102e-02
 1.04284202e+00 -5.65609061e-02
 1.04515737e+00 -5.98527694e-02
 1.08247676e+00 -6.33875520e-02
 1.10391059e+00 -6.71909185e-02
 1.10506852e+00 -7.12919109e-02
 1.17318913e+00 -7.57235003e-02
 1.24389107e+00 -8.05232465e-02
 1.22505809e+00 -8.57340897e-02
 1.20319695e+00 -9.14053054e-02
 1.30520697e+00 -9.75936626e-02
 1.43128078e+00 -1.04364835e-01
 1.39325723e+00 -1.11795130e-01
 1.49609145e+00 -1.19973628e-01
 1.47847467e+00 -1.29004826e-01
 1.53918955e+00 -1.39011954e-01
 1.54096350e+00 -1.50141139e-01
 1.71257916e+00 -1.62566700e-01
 1.75307554e+00 -1.76497910e-01
 1.83381367e+00 -1.92187723e-01
 1.86781299e+00 -2.09944152e-01
 2.01502660e+00 -2.30145223e-01
 2.06602070e+00 -2.53258889e-01
 2.07574458e+00 -2.79869816e-01
 2.33578612e+00 -3.10715914e-01
 2.49931799e+00 -3.46738831e-01
 2.64248423e+00 -3.89154807e-01
 2.72632519e+00 -4.39555752e-01
 2.96490913e+00 -5.00056066e-01
 3.09582210e+00 -5.73510118e-01
 3.42742350e+00 -6.63841510e-01
 3.61176644e+00 -7.76553569e-01
 3.94503575e+00 -9.19541925e-01
 4.28554855e+00 -1.10442566e+00
 4.69210700e+00 -1.34879714e+00
 5.26507137e+00 -1.68015225e+00
 5.86175752e+00 -2.14298734e+00
 6.59485924e+00 -2.81198025e+00
 7.49328858e+00 -3.81670478e+00
 8.46089920e+00 -5.38556170e+00
 9.33891401e+00 -7.90184801e+00
 9.31838267e+00 -1.18286749e+01
 6.36515162e+00 -1.67834254e+01
 -4.90947719e-01 -1.93667209e+01
 -7.14793580e+00 -1.64822824e+01
 -9.86682162e+00 -1.15361144e+01
 -9.75464450e+00 -7.71084003e+00
 -8.82395653e+00 -5.27103876e+00
 -7.95030247e+00 -3.74773973e+00
 -7.06780232e+00 -2.76927603e+00
 -6.33183696e+00 -2.11569078e+00
 -5.74131425e+00 -1.66215844e+00
 -5.22688072e+00 -1.33657444e+00
 -4.78250745e+00 -1.09585933e+00
 -4.37046840e+00 -9.13321824e-01
 -4.09002926e+00 -7.71842229e-01
 -3.83535901e+00 -6.60088326e-01
 -3.63542854e+00 -5.70343886e-01
 -3.44267208e+00 -4.97220842e-01
 -3.15930556e+00 -4.36871445e-01
 -3.11113076e+00 -3.86492305e-01
 -2.96028518e+00 -3.44003938e-01
 -2.77349011e+00 -3.07838726e-01
 -2.61418006e+00 -2.76797574e-01
 -2.60560008e+00 -2.49951073e-01
 -2.57982814e+00 -2.26570128e-01
 -2.45176201e+00 -2.06076468e-01
 -2.32445706e+00 -1.88006801e-01
 -2.31794787e+00 -1.71986491e-01
 -2.10673246e+00 -1.57709992e-01
 -2.22879460e+00 -1.44926119e-01
 -2.18952654e+00 -1.33426849e-01
 -2.07880117e+00 -1.23038715e-01
 -1.99733060e+00 -1.13616131e-01
 -1.98324133e+00 -1.05036172e-01
 -1.95500724e+00 -9.71944531e-02
 -1.86384809e+00 -9.00018567e-02
 -1.87781945e+00 -8.33819087e-02
 -1.79446736e+00 -7.72686662e-02
 -1.75340649e+00 -7.16050020e-02
 -1.71873792e+00 -6.63412047e-02
 -1.86895478e+00 -6.14338293e-02
 -1.59992513e+00 -5.68447476e-02
 -1.72403277e+00 -5.25403613e-02
 -1.60759023e+00 -4.84909442e-02
 -1.64334373e+00 -4.46700921e-02
 -1.62036479e+00 -4.10542579e-02
 -1.60669046e+00 -3.76223602e-02
 -1.53458943e+00 -3.43554489e-02
 -1.64858469e+00 -3.12364204e-02
 -1.53736524e+00 -2.82497738e-02
 -1.58046580e+00 -2.53814000e-02
 -1.62589570e+00 -2.26183997e-02
 -1.59546716e+00 -1.99489249e-02
 -1.48951756e+00 -1.73620406e-02
 -1.54957838e+00 -1.48476027e-02
 -1.49573627e+00 -1.23961512e-02
 -1.55130217e+00 -9.99881381e-03
 -1.56871958e+00 -7.64722056e-03
 -1.48477001e+00 -5.33342664e-03
 -1.55758583e+00 -3.04984195e-03
 -1.51756801e+00 -7.89166581e-04
 -1.44902437e+00 1.45566902e-03
 -1.58629013e+00 3.69156019e-03
 -1.45931690e+00 5.92528126e-03
 -1.58433360e+00 8.16353670e-03
 -1.50000179e+00 1.04130109e-02
 -1.59358322e+00 1.26804171e-02
 -1.56071262e+00 1.49725467e-02
 -1.56029224e+00 1.72963189e-02
 -1.50719951e+00 1.96588318e-02
 -1.50618508e+00 2.20674153e-02
 -1.52052420e+00 2.45296877e-02
 -1.60898735e+00 2.70536143e-02
 -1.57819843e+00 2.96475721e-02
 -1.59370291e+00 3.23204189e-02
 -1.62163135e+00 3.50815693e-02
 -1.66357480e+00 3.79410782e-02
 -1.65602074e+00 4.09097339e-02
 -1.69909149e+00 4.39991617e-02
 -1.69198787e+00 4.72219399e-02
 -1.63978104e+00 5.05917314e-02
 -1.71466266e+00 5.41234323e-02
 -1.71257439e+00 5.78333415e-02
 -1.69218007e+00 6.17393539e-02
 -1.70235604e+00 6.58611833e-02
 -1.79989235e+00 7.02206182e-02
 -1.73253033e+00 7.48418184e-02
 -1.96777047e+00 7.97516589e-02
 -1.83821515e+00 8.49801321e-02
 -1.93635598e+00 9.05608165e-02
 -1.99026568e+00 9.65314296e-02
 -2.05107280e+00 1.02934479e-01
 -2.04940524e+00 1.09818033e-01
 -2.12304985e+00 1.17236643e-01
 -2.15230266e+00 1.25252437e-01
 -2.16362058e+00 1.33936441e-01
 -2.24118408e+00 1.43370173e-01
 -2.22582721e+00 1.53647575e-01
 -2.33247690e+00 1.64877371e-01
 -2.40272719e+00 1.77185963e-01
 -2.47894679e+00 1.90721007e-01
 -2.61940373e+00 2.05655857e-01
 -2.63599188e+00 2.22195127e-01
 -2.64937178e+00 2.40581700e-01
 -2.92224854e+00 2.61105645e-01
 -2.88786778e+00 2.84115623e-01
 -3.01652322e+00 3.10033650e-01
 -3.25163055e+00 3.39374345e-01
 -3.33830557e+00 3.72770324e-01
 -3.49517428e+00 4.11006035e-01
 -3.65110843e+00 4.55063417e-01
 -3.82882612e+00 5.06184276e-01
 -4.10763275e+00 5.65956734e-01
 -4.17772777e+00 6.36436844e-01
 -4.54127851e+00 7.20322555e-01
 -4.74689464e+00 8.21207091e-01
 -5.04262372e+00 9.43955397e-01
 -5.45270067e+00 1.09527568e+00
 -5.85013885e+00 1.28460807e+00
 -6.29053095e+00 1.52554266e+00
 -6.98695707e+00 1.83814703e+00
 -7.66885038e+00 2.25290258e+00
 -8.36537841e+00 2.81756904e+00
 -9.38609756e+00 3.60949885e+00
 -1.05236590e+01 4.75813176e+00
 -1.17637612e+01 6.48550016e+00
 -1.31500496e+01 9.17052333e+00
 -1.41504850e+01 1.33920909e+01
 -1.29849578e+01 1.96003678e+01
 -7.08383271e+00 2.62784394e+01
 3.27867558e+00 2.79721252e+01
 1.14742771e+01 2.26787149e+01
 1.42055312e+01 1.58513100e+01
 1.38778518e+01 1.07831000e+01
 1.27319228e+01 7.51467224e+00
 1.12577469e+01 5.43094673e+00
 1.00867425e+01 4.06569522e+00
 9.03553948e+00 3.13842740e+00
 8.24381812e+00 2.48617768e+00
 7.59239924e+00 2.01272683e+00
 6.82528796e+00 1.65949815e+00
 6.25663951e+00 1.38962054e+00
 5.86776056e+00 1.17912878e+00
 5.59496465e+00 1.01198012e+00
 5.15843185e+00 8.77145819e-01
 4.88809147e+00 7.66861101e-01
 4.59062587e+00 6.75541266e-01
 4.39886096e+00 5.99091993e-01
 4.20925215e+00 5.34459524e-01
 4.06248291e+00 4.79330592e-01
 3.87996512e+00 4.31928079e-01
 3.65645957e+00 3.90869219e-01
 3.50684944e+00 3.55065494e-01
 3.44103309e+00 3.23650848e-01
 3.21844358e+00 2.95929445e-01
 3.21102250e+00 2.71337160e-01
 3.10480022e+00 2.49412815e-01
 2.99080907e+00 2.29776477e-01
 2.92720888e+00 2.12112880e-01
 2.89651899e+00 1.96158669e-01
 2.77312499e+00 1.81692462e-01
 2.67946966e+00 1.68527062e-01
 2.62348212e+00 1.56503306e-01
 2.57430908e+00 1.45485148e-01
 2.52378016e+00 1.35355731e-01
 2.40310589e+00 1.26014203e-01
 2.40707343e+00 1.17373134e-01
 2.45720785e+00 1.09356402e-01
 2.22317759e+00 1.01897457e-01
 2.33287434e+00 9.49378831e-02
 2.24055016e+00 8.84262039e-02
 2.20804042e+00 8.23168871e-02
 2.23997151e+00 7.65695072e-02
 2.18129188e+00 7.11480402e-02
 2.04868597e+00 6.60202667e-02
 2.21915574e+00 6.11572638e-02
 2.14140635e+00 5.65329722e-02
 2.17872003e+00 5.21238234e-02
 2.05857931e+00 4.79084201e-02
 2.07116885e+00 4.38672588e-02
 2.09556088e+00 3.99824888e-02
 2.05623281e+00 3.62377028e-02
 2.01753409e+00 3.26177519e-02
 1.98080194e+00 2.91085835e-02
 2.08195660e+00 2.56970973e-02
 1.87797964e+00 2.23710169e-02
 1.88827008e+00 1.91187744e-02
 1.97540218e+00 1.59294067e-02
 1.92197254e+00 1.27924599e-02
 1.92385229e+00 9.69790257e-03
 1.91559177e+00 6.63604465e-03
 1.95493035e+00 3.59746132e-03
 1.84777271e+00 5.72921022e-04
 1.98669970e+00 -2.44668383e-03
 1.99408151e+00 -5.47040423e-03
 1.86685087e+00 -8.50730107e-03
 1.94565207e+00 -1.15665115e-02
 1.98369932e+00 -1.46573164e-02
 1.94303081e+00 -1.77892092e-02
 1.94485598e+00 -2.09719682e-02
 1.97914176e+00 -2.42157317e-02
 1.98730777e+00 -2.75310791e-02
 1.99108644e+00 -3.09291171e-02
 2.04968288e+00 -3.44215743e-02
 2.08966029e+00 -3.80209036e-02
 2.04876528e+00 -4.17403967e-02
 2.00189871e+00 -4.55943100e-02
 2.06508997e+00 -4.95980064e-02
 2.08355944e+00 -5.37681145e-02
 2.10453505e+00 -5.81227084e-02
 2.17084835e+00 -6.26815126e-02
 2.11974577e+00 -6.74661358e-02
 2.29138655e+00 -7.25003388e-02
 2.19831577e+00 -7.78103436e-02
 2.22433054e+00 -8.34251904e-02
 2.29620966e+00 -8.93771525e-02
 2.30093777e+00 -9.57022201e-02
 2.39007496e+00 -1.02440666e-01
 2.40841215e+00 -1.09637713e-01
 2.35525356e+00 -1.17344318e-01
 2.42840469e+00 -1.25618105e-01
 2.53978693e+00 -1.34524473e-01
 2.60771998e+00 -1.44137930e-01
 2.61713657e+00 -1.54543680e-01
 2.68527337e+00 -1.65839562e-01
 2.75684016e+00 -1.78138390e-01
 2.90242991e+00 -1.91570813e-01
 2.90515601e+00 -2.06288841e-01
 2.93805014e+00 -2.22470191e-01
 3.06782157e+00 -2.40323701e-01
 3.09037606e+00 -2.60096118e-01
 3.17477893e+00 -2.82080664e-01
 3.41909318e+00 -3.06627942e-01
 3.56670545e+00 -3.34159919e-01
 3.63968437e+00 -3.65188049e-01
 3.68766450e+00 -4.00336950e-01
 3.82289707e+00 -4.40375694e-01
 4.05165002e+00 -4.86259586e-01
 4.25228867e+00 -5.39186666e-01
 4.47267586e+00 -6.00675064e-01
 4.78979510e+00 -6.72670471e-01
 4.98327317e+00 -7.57697696e-01
 5.23878657e+00 -8.59078021e-01
 5.63292182e+00 -9.81246625e-01
 5.98873647e+00 -1.13022543e+00
 6.33224636e+00 -1.31434290e+00
 6.80165281e+00 -1.54535595e+00
 7.41264626e+00 -1.84024375e+00
 8.04507427e+00 -2.22415527e+00
 8.88565731e+00 -2.73539142e+00
 9.68030701e+00 -3.43406063e+00
 1.08214298e+01 -4.41744880e+00
 1.20540654e+01 -5.84742798e+00
 1.34145133e+01 -7.99696692e+00
 1.47182492e+01 -1.13110623e+01
 1.51844572e+01 -1.63801428e+01
 1.28898537e+01 -2.32941242e+01
 5.18210127e+00 -2.93950157e+01
 -5.86532439e+00 -2.91533176e+01
 -1.31689333e+01 -2.28480503e+01
 -1.51574213e+01 -1.60205710e+01
 -1.45160628e+01 -1.10777241e+01
 -1.32702461e+01 -7.85266211e+00
 -1.18819943e+01 -5.75783670e+00
 -1.06655766e+01 -4.36091388e+00
 -9.60593803e+00 -3.39786182e+00
 -8.68076471e+00 -2.71204999e+00
 -7.94214305e+00 -2.20917221e+00
 -7.32959625e+00 -1.83083358e+00
 -6.79422187e+00 -1.53974362e+00
 -6.27913064e+00 -1.31136644e+00
 -5.83191243e+00 -1.12910551e+00
 -5.48734090e+00 -9.81449152e-01
 -5.14497587e+00 -8.60229924e-01
 -4.90105385e+00 -7.59533990e-01
 -4.63403965e+00 -6.75000170e-01
 -4.46172047e+00 -6.03358755e-01
 -4.16804096e+00 -5.42121456e-01
 -4.10573704e+00 -4.89368823e-01
 -3.93621318e+00 -4.43601816e-01
 -3.73480957e+00 -4.03636452e-01
 -3.57056293e+00 -3.68527879e-01
 -3.49334172e+00 -3.37514872e-01
 -3.27764539e+00 -3.09978751e-01
 -3.22206364e+00 -2.85412589e-01
 -3.18744421e+00 -2.63397888e-01
 -3.07127054e+00 -2.43586723e-01
 -2.89899816e+00 -2.25687943e-01
 -2.87347832e+00 -2.09456409e-01
 -2.80427085e+00 -1.94684537e-01
 -2.73915112e+00 -1.81195585e-01
 -2.72376942e+00 -1.68838305e-01
 -2.58887648e+00 -1.57482638e-01
 -2.55135627e+00 -1.47016227e-01
 -2.52410758e+00 -1.37341588e-01
 -2.40542107e+00 -1.28373781e-01
 -2.33806740e+00 -1.20038502e-01
 -2.30077381e+00 -1.12270496e-01
 -2.32712312e+00 -1.05012242e-01
 -2.32903617e+00 -9.82128509e-02
 -2.25403450e+00 -9.18271389e-02
 -2.24090128e+00 -8.58148478e-02
 -2.24861784e+00 -8.01399828e-02
 -2.17639360e+00 -7.47702500e-02
 -2.15011721e+00 -6.96765745e-02
 -2.02854951e+00 -6.48326885e-02
 -2.10080762e+00 -6.02147749e-02
 -2.16426349e+00 -5.58011601e-02
 -2.05680299e+00 -5.15720465e-02
 -2.02396248e+00 -4.75092798e-02
 -2.09011157e+00 -4.35961443e-02
 -2.00330102e+00 -3.98171835e-02
 -1.95250115e+00 -3.61580408e-02
 -1.91266170e+00 -3.26053178e-02
 -2.00882121e+00 -2.91464481e-02
 -1.89148896e+00 -2.57695830e-02
 -1.96923716e+00 -2.24634879e-02
 -1.93947453e+00 -1.92174478e-02
 -1.94393923e+00 -1.60211804e-02
 -1.85402633e+00 -1.28647542e-02
 -1.88571443e+00 -9.73851216e-03
 -2.00785759e+00 -6.63299925e-03
 -1.86334078e+00 -3.53889178e-03
 -1.97143647e+00 -4.46929008e-04
 -1.97878889e+00 2.65215467e-03
 -1.89460166e+00 5.76769783e-03
 -1.99639647e+00 8.90918115e-03
 -1.91721642e+00 1.20862987e-02
 -1.95923277e+00 1.53090325e-02
 -2.04711805e+00 1.85877305e-02
 -1.89185092e+00 2.19331913e-02
 -1.92378604e+00 2.53567540e-02
 -2.03185733e+00 2.88703973e-02
 -2.07382270e+00 3.24868476e-02
 -1.98296218e+00 3.62196994e-02
 -2.08683304e+00 4.00835487e-02
 -2.05816450e+00 4.40941438e-02
 -2.02930818e+00 4.82685551e-02
 -1.95015579e+00 5.26253669e-02
 -2.01585168e+00 5.71848981e-02
 -2.12527370e+00 6.19694537e-02
 -2.13296800e+00 6.70036147e-02
 -2.12897176e+00 7.23145735e-02
 -2.26396518e+00 7.79325237e-02
 -2.22196704e+00 8.38911141e-02
 -2.16684925e+00 9.02279805e-02
 -2.30959352e+00 9.69853718e-02
 -2.29361495e+00 1.04210889e-01
 -2.39890125e+00 1.11958360e-01
 -2.36187009e+00 1.20288889e-01
 -2.42708208e+00 1.29272104e-01
 -2.48759132e+00 1.38987663e-01
 -2.46447257e+00 1.49527078e-01
 -2.62237434e+00 1.60995927e-01
 -2.58926312e+00 1.73516564e-01
 -2.65580004e+00 1.87231453e-01
 -2.76184372e+00 2.02307288e-01
 -2.89808980e+00 2.18940138e-01
 -2.97359355e+00 2.37361896e-01
 -3.12168257e+00 2.57848435e-01
 -3.11251027e+00 2.80730003e-01
 -3.26991162e+00 3.06404581e-01
 -3.32917373e+00 3.35355213e-01
 -3.45797330e+00 3.68172699e-01
 -3.56592430e+00 4.05585624e-01
 -3.79564478e+00 4.48500562e-01
 -3.89971942e+00 4.98056520e-01
 -4.15947009e+00 5.55699679e-01
 -4.27664533e+00 6.23287439e-01
 -4.52312459e+00 7.03235514e-01
 -4.72607569e+00 7.98729394e-01
 -5.00362146e+00 9.14033938e-01
 -5.43635654e+00 1.05495568e+00
 -5.76747538e+00 1.22954826e+00
 -6.15058951e+00 1.44921411e+00
 -6.60180488e+00 1.73046844e+00
 -7.20437710e+00 2.09783845e+00
 -7.92802779e+00 2.58875402e+00
 -8.76811137e+00 3.26199196e+00
 -9.60289992e+00 4.21245120e+00
 -1.07761611e+01 5.59661849e+00
 -1.18645310e+01 7.67210897e+00
 -1.27512423e+01 1.08327926e+01
 -1.26347651e+01 1.54954427e+01
 -9.57386880e+00 2.12905258e+01
 -2.33617329e+00 2.52616651e+01
 6.42162882e+00 2.36031614e+01
 1.13962791e+01 1.80804938e+01
 1.26514254e+01 1.27527601e+01
 1.19871588e+01 8.95234735e+00
 1.09990201e+01 6.44327426e+00
 9.82159758e+00 4.78588851e+00
 8.86692572e+00 3.66308436e+00
 7.95118074e+00 2.87851273e+00
 7.11323269e+00 2.31350622e+00
 6.61970555e+00 1.89534528e+00
 6.06819456e+00 1.57830096e+00
 5.62133043e+00 1.33278212e+00
 5.24699190e+00 1.13909760e+00
 4.82763134e+00 9.83798383e-01
 4.51836356e+00 8.57477881e-01
 4.28270599e+00 7.53413730e-01
 4.12601460e+00 6.66707577e-01
 3.84602548e+00 5.93726986e-01
 3.61981557e+00 5.31735177e-01
 3.47340310e+00 4.78640294e-01
 3.23613051e+00 4.32822354e-01
 3.25133736e+00 3.93011731e-01
 3.04389259e+00 3.58202447e-01
 2.93018096e+00 3.27589383e-01
 2.80827816e+00 3.00522192e-01
 2.78643576e+00 2.76471043e-01
 2.66190413e+00 2.55000862e-01
 2.60670172e+00 2.35751750e-01
 2.51095572e+00 2.18423953e-01
 2.41039174e+00 2.02766212e-01
 2.29494206e+00 1.88566649e-01
 2.38316742e+00 1.75645595e-01
 2.20826852e+00 1.63849885e-01
 2.20902161e+00 1.53048294e-01
 2.13086732e+00 1.43127866e-01
 2.06171912e+00 1.33990932e-01
 1.97802750e+00 1.25552683e-01
 2.06542312e+00 1.17739179e-01
 1.89636307e+00 1.10485699e-01
 1.84890590e+00 1.03735388e-01
 1.86841639e+00 9.74381126e-02
 1.85256068e+00 9.15495184e-02
 1.81627011e+00 8.60302268e-02
 1.78412359e+00 8.08451623e-02
 1.65449374e+00 7.59629795e-02
 1.67321879e+00 7.13555768e-02
 1.64570420e+00 6.69976792e-02
 1.64371645e+00 6.28664812e-02
 1.66864908e+00 5.89413388e-02
 1.56830047e+00 5.52035035e-02
 1.54114958e+00 5.16358906e-02
 1.59037088e+00 4.82228778e-02
 1.45176383e+00 4.49501290e-02
 1.51837231e+00 4.18044393e-02
 1.57757193e+00 3.87735979e-02
 1.40390749e+00 3.58462672e-02
 1.54301134e+00 3.30118742e-02
 1.44804382e+00 3.02605136e-02
 1.53045547e+00 2.75828605e-02
 1.41499534e+00 2.49700908e-02
 1.45501700e+00 2.24138088e-02
 1.46299760e+00 1.99059797e-02
 1.42697409e+00 1.74388673e-02
 1.41953791e+00 1.50049754e-02
 1.49837079e+00 1.25969919e-02
 1.49218556e+00 1.02077347e-02
 1.37242168e+00 7.83009954e-03
 1.44403228e+00 5.45700804e-03
 1.39427471e+00 3.08135585e-03
 1.38387380e+00 6.95959961e-04
 1.46548396e+00 -1.70649546e-03
 1.44815120e+00 -4.13351558e-03
 1.42980064e+00 -6.59285443e-03
 1.39686834e+00 -9.09257859e-03
 1.48543703e+00 -1.16411358e-02
 1.37939257e+00 -1.42474299e-02
 1.46796160e+00 -1.69209029e-02
 1.46095494e+00 -1.96716265e-02
 1.46844966e+00 -2.25104038e-02
 1.46393641e+00 -2.54488843e-02
 1.48948739e+00 -2.84996932e-02
 1.47465280e+00 -3.16765794e-02
 1.51715617e+00 -3.49945841e-02
 1.51411649e+00 -3.84702356e-02
 1.40971890e+00 -4.21217730e-02
 1.57875880e+00 -4.59694073e-02
 1.53017405e+00 -5.00356247e-02
 1.58599067e+00 -5.43455423e-02
 1.64665115e+00 -5.89273264e-02
 1.59510441e+00 -6.38126865e-02
 1.69642718e+00 -6.90374625e-02
 1.65539934e+00 -7.46423233e-02
 1.70016306e+00 -8.06736060e-02
 1.65687945e+00 -8.71843246e-02
 1.66875894e+00 -9.42353924e-02
 1.77471087e+00 -1.01897109e-01
 1.84773431e+00 -1.10250983e-01
 1.77596235e+00 -1.19391971e-01
 1.95562052e+00 -1.29431259e-01
 1.96516574e+00 -1.40499730e-01
 2.04833424e+00 -1.52752322e-01
 2.05091011e+00 -1.66373542e-01
 2.19040713e+00 -1.81584508e-01
 2.20248122e+00 -1.98652016e-01
 2.23298498e+00 -2.17900312e-01
 2.32514236e+00 -2.39726539e-01
 2.35831646e+00 -2.64621227e-01
 2.52844143e+00 -2.93195749e-01
 2.54091509e+00 -3.26219611e-01
 2.76216261e+00 -3.64671730e-01
 2.88396419e+00 -4.09811977e-01
 3.01016781e+00 -4.63282564e-01
 3.09497848e+00 -5.27254120e-01
 3.36658374e+00 -6.04640056e-01
 3.55785351e+00 -6.99417394e-01
 3.77675974e+00 -8.17117293e-01
 4.03249068e+00 -9.65592330e-01
 4.42987003e+00 -1.15624598e+00
 4.72741847e+00 -1.40605165e+00
 5.17498270e+00 -1.74094636e+00
 5.69419179e+00 -2.20163679e+00
 6.32679916e+00 -2.85355165e+00
 6.95039300e+00 -3.80318946e+00
 7.53968302e+00 -5.22018514e+00
 7.93812255e+00 -7.34141961e+00
 7.38714981e+00 -1.03304263e+01
 4.96239389e+00 -1.36488447e+01
 2.15898842e-01 -1.52516542e+01
 -4.55173643e+00 -1.35721458e+01
 -6.83674445e+00 -1.02456040e+01
 -7.35211949e+00 -7.28085051e+00
 -6.99728068e+00 -5.18296245e+00
 -6.34505769e+00 -3.78177650e+00
 -5.68642377e+00 -2.84201634e+00
 -5.09151633e+00 -2.19624673e+00
 -4.64983679e+00 -1.73946484e+00
 -4.20964679e+00 -1.40713672e+00
 -3.79991584e+00 -1.15907847e+00
 -3.48310029e+00 -9.69661329e-01
 -3.24161008e+00 -8.22097431e-01
 -2.98325993e+00 -7.05097662e-01
 -2.79949723e+00 -6.10881634e-01
 -2.65115759e+00 -5.33964811e-01
 -2.45806754e+00 -4.70400920e-01
 -2.32869665e+00 -4.17297231e-01
 -2.14867259e+00 -3.72497283e-01
 -2.16895445e+00 -3.34368735e-01
 -1.95100011e+00 -3.01658706e-01
 -1.87409115e+00 -2.73393313e-01
 -1.85058191e+00 -2.48806733e-01
 -1.70244967e+00 -2.27290338e-01
 -1.57977660e+00 -2.08355682e-01
 -1.60824087e+00 -1.91607241e-01
 -1.53079943e+00 -1.76722055e-01
 -1.42992060e+00 -1.63434381e-01
 -1.40015442e+00 -1.51523987e-01
 -1.31440550e+00 -1.40807135e-01
 -1.28562823e+00 -1.31129580e-01
 -1.20231432e+00 -1.22361078e-01
 -1.22030963e+00 -1.14391050e-01
 -1.18287071e+00 -1.07125131e-01
 -1.11351848e+00 -1.00482404e-01
 -1.10149560e+00 -9.43931631e-02
 -1.14583537e+00 -8.87971052e-02
 -1.04729064e+00 -8.36418465e-02
 -1.03117128e+00 -7.88817067e-02
 -1.09343593e+00 -7.44767046e-02
 -1.07275620e+00 -7.03917240e-02
 -8.99749299e-01 -6.65958189e-02
 -8.94514746e-01 -6.30616306e-02
 -8.95116234e-01 -5.97648979e-02
 -8.94371012e-01 -5.66840426e-02
 -7.96336889e-01 -5.37998186e-02
 -9.20402538e-01 -5.10950123e-02
 -8.18119719e-01 -4.85541875e-02
 -8.29406314e-01 -4.61634654e-02
 -7.55196444e-01 -4.39103364e-02
 -8.12472045e-01 -4.17834967e-02
 -7.31258564e-01 -3.97727074e-02
 -7.79155272e-01 -3.78686715e-02
 -7.01594888e-01 -3.60629273e-02
 -7.57675439e-01 -3.43477542e-02
 -8.16616703e-01 -3.27160911e-02
 -7.76134037e-01 -3.11614641e-02
 -7.13802181e-01 -2.96779225e-02
 -6.21557669e-01 -2.82599826e-02
 -5.91912074e-01 -2.69025772e-02
 -6.87826504e-01 -2.56010113e-02
 -7.19958238e-01 -2.43509213e-02
 -6.97593642e-01 -2.31482395e-02
 -6.99909442e-01 -2.19891615e-02
 -6.74813653e-01 -2.08701164e-02
 -6.06715158e-01 -1.97877398e-02
 -6.48892577e-01 -1.87388494e-02
 -5.88234699e-01 -1.77204214e-02
 -6.16397717e-01 -1.67295697e-02
 -6.30711105e-01 -1.57635255e-02
 -6.76295928e-01 -1.48196178e-02
 -6.02180666e-01 -1.38952558e-02
 -6.29691201e-01 -1.29879101e-02
 -6.18512122e-01 -1.20950956e-02
 -6.02552664e-01 -1.12143540e-02
 -5.53228777e-01 -1.03432354e-02
 -6.14649473e-01 -9.47928057e-03
 -6.04483352e-01 -8.62000165e-03
 -5.52042050e-01 -7.76286207e-03
 -5.68821786e-01 -6.90525513e-03
 -5.32973630e-01 -6.04448063e-03
 -5.49782872e-01 -5.17771949e-03
 -4.57845017e-01 -4.30200540e-03
 -5.90254188e-01 -3.41419337e-03
 -4.80599462e-01 -2.51092407e-03
 -6.22409083e-01 -1.58858335e-03
 -5.90471531e-01 -6.43255796e-04
 -5.26503155e-01 3.29328832e-04
 -5.77267803e-01 1.33385786e-03
 -5.96673155e-01 2.37550845e-03
 -5.23069039e-01 3.46003323e-03
 -5.45879922e-01 4.59386146e-03
 -5.42957721e-01 5.78421940e-03
 -5.38815440e-01 7.03927435e-03
 -6.60020293e-01 8.36830778e-03
 -6.63480030e-01 9.78192488e-03
 -5.62990781e-01 1.12923095e-02
 -6.67399777e-01 1.29135361e-02
 -5.58645082e-01 1.46619546e-02
 -6.60664664e-01 1.65566669e-02
 -5.29048819e-01 1.86201225e-02
 -5.49400918e-01 2.08788670e-02
 -6.64249061e-01 2.33644922e-02
 -6.35943610e-01 2.61148483e-02
 -5.69869635e-01 2.91756084e-02
 -6.74495985e-01 3.26023028e-02
 -6.79964860e-01 3.64629929e-02
 -6.93698088e-01 4.08418225e-02
 -6.06531287e-01 4.58437883e-02
 -7.22341761e-01 5.16012280e-02
 -6.74345895e-01 5.82827634e-02
 -7.31262226e-01 6.61058028e-02
 -7.15652979e-01 7.53542956e-02
 -8.15537648e-01 8.64043715e-02
 -7.94587019e-01 9.97620431e-02
 -8.76924812e-01 1.16119747e-01
 -8.57442717e-01 1.36442936e-01
 -9.02309966e-01 1.62105671e-01
 -9.54319162e-01 1.95107892e-01
 -1.05894487e+00 2.38431516e-01
 -1.04549026e+00 2.96635626e-01
 -1.15117011e+00 3.76861839e-01
 -1.25506662e+00 4.90509702e-01
 -1.31043777e+00 6.55805464e-01
 -1.49275622e+00 9.00512693e-01
 -1.54431787e+00 1.25860446e+00
 -1.34432815e+00 1.73538061e+00
 -8.67530399e-01 2.19725415e+00
 -1.34889591e-01 2.32102102e+00
 5.03607549e-01 1.98694347e+00
 8.31204392e-01 1.48725151e+00
 9.09212876e-01 1.06595749e+00
 8.57160567e-01 7.68934267e-01
