 NaN NaN
 4.14240421e+01 1.41577940e+01
 2.12930924e+01 6.97870643e+00
 1.43751601e+01 4.65720081e+00
 1.09004890e+01 3.51649876e+00
 8.83493687e+00 2.84034746e+00
 7.42402327e+00 2.39380707e+00
 6.29812005e+00 2.07734133e+00
 5.60694664e+00 1.84162186e+00
 4.98458859e+00 1.65943963e+00
 4.49386413e+00 1.51456636e+00
 4.12561483e+00 1.39672739e+00
 3.74657602e+00 1.29910318e+00
 3.49701346e+00 1.21699091e+00
 3.26313273e+00 1.14704316e+00
 3.06802215e+00 1.08681293e+00
 2.80922508e+00 1.03447030e+00
 2.81020368e+00 9.88619709e-01
 2.65199381e+00 9.48178498e-01
 2.44908392e+00 9.12294012e-01
 2.46009140e+00 8.80285740e-01
 2.28556729e+00 8.51604069e-01
 2.16147656e+00 8.25800359e-01
 2.15228352e+00 8.02504865e-01
 2.00895947e+00 7.81410213e-01
 1.97873886e+00 7.62258860e-01
 1.91084816e+00 7.44833472e-01
 1.85095881e+00 7.28949444e-01
 1.79550542e+00 7.14449040e-01
 1.78104608e+00 7.01196746e-01
 1.69338011e+00 6.89075565e-01
 1.59589132e+00 6.77984028e-01
 1.53031202e+00 6.67833775e-01
 1.50917028e+00 6.58547571e-01
 1.49657321e+00 6.50057685e-01
 1.42789577e+00 6.42304540e-01
 1.44573129e+00 6.35235600e-01
 1.40961525e+00 6.28804429e-01
 1.51350904e+00 6.22969909e-01
 1.34450605e+00 6.17695577e-01
 1.38277692e+00 6.12949066e-01
 1.31462943e+00 6.08701623e-01
 1.22207773e+00 6.04927706e-01
 1.33390079e+00 6.01604635e-01
 1.35156099e+00 5.98712292e-01
 1.30902538e+00 5.96232868e-01
 1.24801576e+00 5.94150639e-01
 1.22083796e+00 5.92451775e-01
 1.25317479e+00 5.91124181e-01
 1.30674839e+00 5.90157349e-01
 1.26395595e+00 5.89542243e-01
 1.15025981e+00 5.89271190e-01
 1.20477655e+00 5.89337794e-01
 1.21881328e+00 5.89736858e-01
 1.15781588e+00 5.90464322e-01
 1.22816001e+00 5.91517211e-01
 1.16820083e+00 5.92893591e-01
 1.23096719e+00 5.94592535e-01
 1.20649189e+00 5.96614099e-01
 1.10926717e+00 5.98959302e-01
 1.14008256e+00 6.01630120e-01
 1.11737916e+00 6.04629479e-01
 1.12223186e+00 6.07961261e-01
 1.17898705e+00 6.11630316e-01
 1.19904414e+00 6.15642480e-01
 1.11754157e+00 6.20004598e-01
 1.13910563e+00 6.24724560e-01
 1.08781738e+00 6.29811339e-01
 1.15413215e+00 6.35275041e-01
 1.08857003e+00 6.41126960e-01
 1.08435555e+00 6.47379647e-01
 1.26739570e+00 6.54046985e-01
 1.21586538e+00 6.61144277e-01
 1.15890005e+00 6.68688342e-01
 1.14999871e+00 6.76697636e-01
 1.22815016e+00 6.85192372e-01
 1.21026860e+00 6.94194670e-01
 1.22781381e+00 7.03728718e-01
 1.26645534e+00 7.13820958e-01
 1.21843705e+00 7.24500297e-01
 1.18888504e+00 7.35798342e-01
 1.21282825e+00 7.47749670e-01
 1.30009946e+00 7.60392129e-01
 1.25367510e+00 7.73767192e-01
 1.23773010e+00 7.87920344e-01
 1.33483477e+00 8.02901540e-01
 1.28776996e+00 8.18765712e-01
 1.40642952e+00 8.35573368e-01
 1.46966768e+00 8.53391272e-01
 1.33592144e+00 8.72293227e-01
 1.41789678e+00 8.92360984e-01
 1.48334714e+00 9.13685306e-01
 1.54483141e+00 9.36367192e-01
 1.46466607e+00 9.60519326e-01
 1.49317058e+00 9.86267770e-01
 1.53248370e+00 1.01375397e+00
 1.54669884e+00 1.04313712e+00
 1.65273027e+00 1.07459701e+00
 1.71441031e+00 1.10833740e+00
 1.75433896e+00 1.14459009e+00
 1.79613676e+00 1.18361991e+00
 1.80145479e+00 1.22573071e+00
 1.85647930e+00 1.27127274e+00
 1.95662624e+00 1.32065186e+00
 1.99620797e+00 1.37434087e+00
 2.19493088e+00 1.43289380e+00
 2.24531759e+00 1.49696404e+00
 2.24894470e+00 1.56732744e+00
 2.28198489e+00 1.64491224e+00
 2.47041829e+00 1.73083797e+00
 2.67181912e+00 1.82646705e+00
 2.84946046e+00 1.93347369e+00
 2.94620398e+00 2.05393734e+00
 3.14721650e+00 2.19047151e+00
 3.38148710e+00 2.34640396e+00
 3.71308728e+00 2.52603326e+00
 3.93900244e+00 2.73500103e+00
 4.36033254e+00 2.98084166e+00
 4.79358821e+00 3.27380883e+00
 5.56469757e+00 3.62813319e+00
 6.34077369e+00 4.06393130e+00
 7.40940752e+00 4.60996155e+00
 8.91563747e+00 5.30671511e+00
 1.11777725e+01 6.20444136e+00
 1.49856237e+01 7.31834290e+00
 2.22623578e+01 8.24443231e+00
 3.96355008e+01 4.19603324e+00
 5.29980634e+01 -4.72086310e+01
 -8.03180771e+00 -4.51293329e+01
 -1.24568903e+01 -2.30156264e+01
 -1.02019295e+01 -1.45409855e+01
 -8.45689270e+00 -1.04756413e+01
 -6.92181079e+00 -8.15099695e+00
 -5.90907431e+00 -6.66230680e+00
 -5.14361770e+00 -5.63298391e+00
 -4.66218133e+00 -4.88122732e+00
 -4.11023137e+00 -4.30930719e+00
 -3.68418501e+00 -3.86027291e+00
 -3.35846770e+00 -3.49879650e+00
 -3.04368550e+00 -3.20184508e+00
 -2.89312195e+00 -2.95378124e+00
 -2.66639580e+00 -2.74362601e+00
 -2.50903362e+00 -2.56345009e+00
 -2.41405563e+00 -2.40738693e+00
 -2.23549619e+00 -2.27100486e+00
 -2.08298334e+00 -2.15089486e+00
 -2.01565865e+00 -2.04439245e+00
 -1.94508230e+00 -1.94938548e+00
 -1.89994325e+00 -1.86417846e+00
 -1.75350711e+00 -1.78739490e+00
 -1.64082347e+00 -1.71790593e+00
 -1.59931890e+00 -1.65477713e+00
 -1.61879996e+00 -1.59722859e+00
 -1.50899876e+00 -1.54460436e+00
 -1.40396750e+00 -1.49634886e+00
 -1.41841233e+00 -1.45198853e+00
 -1.28769479e+00 -1.41111730e+00
 -1.31029145e+00 -1.37338511e+00
 -1.23178617e+00 -1.33848864e+00
 -1.24263498e+00 -1.30616386e+00
 -1.23191585e+00 -1.27617994e+00
 -1.24012562e+00 -1.24833430e+00
 -1.07449741e+00 -1.22244849e+00
 -1.06278928e+00 -1.19836477e+00
 -1.04163189e+00 -1.17594330e+00
 -9.47762106e-01 -1.15505974e+00
 -9.47476280e-01 -1.13560325e+00
 -9.87273196e-01 -1.11747480e+00
 -9.99118842e-01 -1.10058572e+00
 -9.38730573e-01 -1.08485646e+00
 -9.05119768e-01 -1.07021556e+00
 -9.00968957e-01 -1.05659873e+00
 -8.98620379e-01 -1.04394807e+00
 -9.63729775e-01 -1.03221140e+00
 -9.00008678e-01 -1.02134167e+00
 -8.89516864e-01 -1.01129648e+00
 -8.08717633e-01 -1.00203758e+00
 -8.08912947e-01 -9.93530556e-01
 -8.00653108e-01 -9.85744429e-01
 -8.33720585e-01 -9.78651413e-01
 -7.26616213e-01 -9.72226633e-01
 -7.46063615e-01 -9.66447911e-01
 -7.85888034e-01 -9.61295570e-01
 -7.57372110e-01 -9.56752263e-01
 -7.30748086e-01 -9.52802835e-01
 -7.14018183e-01 -9.49434189e-01
 -7.41291325e-01 -9.46635188e-01
 -6.92712201e-01 -9.44396560e-01
 -8.18333322e-01 -9.42710826e-01
 -6.60905868e-01 -9.41572243e-01
 -7.63782798e-01 -9.40976755e-01
 -6.25345744e-01 -9.40921961e-01
 -7.24708078e-01 -9.41407097e-01
 -6.45810033e-01 -9.42433028e-01
 -6.83894694e-01 -9.44002250e-01
 -7.76225778e-01 -9.46118908e-01
 -6.53597826e-01 -9.48788824e-01
 -7.31818929e-01 -9.52019540e-01
 -7.37995680e-01 -9.55820373e-01
 -7.67116777e-01 -9.60202481e-01
 -6.38363060e-01 -9.65178950e-01
 -6.35784704e-01 -9.70764892e-01
 -7.06007454e-01 -9.76977567e-01
 -6.19986426e-01 -9.83836516e-01
 -6.23404492e-01 -9.91363720e-01
 -6.51588900e-01 -9.99583787e-01
 -7.72781815e-01 -1.00852416e+00
 -6.58017203e-01 -1.01821536e+00
 -6.05056196e-01 -1.02869125e+00
 -7.27906574e-01 -1.03998937e+00
 -7.75681444e-01 -1.05215129e+00
 -6.71101262e-01 -1.06522300e+00
 -8.07654845e-01 -1.07925542e+00
 -6.91155899e-01 -1.09430492e+00
 -6.70767889e-01 -1.11043395e+00
 -7.09381103e-01 -1.12771177e+00
 -8.02801273e-01 -1.14621525e+00
 -8.22351418e-01 -1.16602989e+00
 -7.10534686e-01 -1.18725090e+00
 -7.56442848e-01 -1.20998453e+00
 -7.35528696e-01 -1.23434960e+00
 -7.87077785e-01 -1.26047931e+00
 -6.95043627e-01 -1.28852338e+00
 -8.42376251e-01 -1.31865058e+00
 -7.26793884e-01 -1.35105174e+00
 -8.30868182e-01 -1.38594340e+00
 -9.25960799e-01 -1.42357213e+00
 -8.27100785e-01 -1.46421982e+00
 -7.90787787e-01 -1.50821016e+00
 -9.21082607e-01 -1.55591652e+00
 -8.86556439e-01 -1.60777170e+00
 -9.75847060e-01 -1.66428019e+00
 -9.72794340e-01 -1.72603341e+00
 -9.58626689e-01 -1.79372911e+00
 -1.07491759e+00 -1.86819620e+00
 -1.12143433e+00 -1.95042682e+00
 -1.12574589e+00 -2.04161825e+00
 -1.19694079e+00 -2.14322841e+00
 -1.22026058e+00 -2.25705026e+00
 -1.37304773e+00 -2.38531305e+00
 -1.36680299e+00 -2.53082228e+00
 -1.39432747e+00 -2.69715673e+00
 -1.55011937e+00 -2.88895109e+00
 -1.68791253e+00 -3.11231030e+00
 -1.83070502e+00 -3.37543135e+00
 -2.14129986e+00 -3.68956102e+00
 -2.31073560e+00 -4.07051206e+00
 -2.64568333e+00 -4.54113256e+00
 -3.02954328e+00 -5.13542920e+00
 -3.69547811e+00 -5.90551840e+00
 -4.71451322e+00 -6.93276786e+00
 -6.29932578e+00 -8.33981710e+00
 -9.33426487e+00 -1.02509594e+01
 -1.59073889e+01 -1.21647218e+01
 -3.09696897e+01 -6.60967624e+00
 -2.79902283e+01 2.17096633e+01
 -7.29743470e+00 2.16806419e+01
 -1.41607698e+00 1.50703362e+01
 2.67987227e-01 1.10422413e+01
 7.42889774e-01 8.60207797e+00
 8.19977484e-01 7.00941658e+00
 9.28914485e-01 5.90010747e+00
 8.53213843e-01 5.08746946e+00
 7.61199845e-01 4.46844475e+00
 7.75771281e-01 3.98218074e+00
 6.89115956e-01 3.59066406e+00
 6.22956297e-01 3.26901561e+00
 4.82429347e-01 3.00030843e+00
 5.37630504e-01 2.77264432e+00
 4.43669500e-01 2.57742501e+00
 4.37549462e-01 2.40828740e+00
 3.48529875e-01 2.26042450e+00
 2.99627638e-01 2.13013885e+00
 3.23713871e-01 2.01454095e+00
 3.39963737e-01 1.91134068e+00
 2.53178409e-01 1.81870001e+00
 3.74163126e-01 1.73512700e+00
 3.23747306e-01 1.65939828e+00
 3.10014782e-01 1.59050134e+00
 3.15576735e-01 1.52759116e+00
 2.42246090e-01 1.46995704e+00
 2.29779367e-01 1.41699704e+00
 1.91391499e-01 1.36819800e+00
 1.80360349e-01 1.32311987e+00
 1.24519117e-01 1.28138315e+00
 1.16322132e-01 1.24265891e+00
 1.17489209e-01 1.20666072e+00
 1.29902813e-01 1.17313799e+00
 1.60424031e-01 1.14187066e+00
 1.03186519e-01 1.11266467e+00
 6.70773602e-02 1.08534833e+00
 8.50534573e-02 1.05976923e+00
 1.16129073e-01 1.03579162e+00
 5.94780599e-02 1.01329430e+00
 1.93694753e-02 9.92168707e-01
 -8.52878174e-03 9.72317422e-01
 -8.81882892e-02 9.53652783e-01
 1.72596774e-01 9.36095761e-01
 1.10915486e-02 9.19574973e-01
 -2.76775014e-03 9.04025834e-01
 -4.48203307e-02 8.89389817e-01
 -5.68465882e-02 8.75613822e-01
 -6.84598120e-02 8.62649615e-01
 4.58045164e-02 8.50453342e-01
 8.59274593e-02 8.38985112e-01
 -8.85606451e-03 8.28208618e-01
 -2.91396045e-02 8.18090818e-01
 -7.04061271e-03 8.08601640e-01
 -1.29590925e-02 7.99713740e-01
 -8.06348173e-02 7.91402273e-01
 -1.04289122e-01 7.83644700e-01
 -5.45207429e-02 7.76420619e-01
 -8.61193971e-03 7.69711610e-01
 -1.36506097e-02 7.63501108e-01
 -1.95729904e-02 7.57774286e-01
 -9.62086873e-02 7.52517954e-01
 -7.78747753e-02 7.47720476e-01
 -8.68177726e-02 7.43371693e-01
 -2.04676934e-01 7.39462867e-01
 -4.71928206e-02 7.35986628e-01
 -1.42484497e-01 7.32936933e-01
 -2.59979534e-01 7.30309039e-01
 -2.15685898e-01 7.28099482e-01
 -1.47906148e-01 7.26306068e-01
 -1.01323633e-01 7.24927870e-01
 -2.21415022e-01 7.23965239e-01
 -9.28279868e-02 7.23419823e-01
 -1.43145539e-01 7.23294595e-01
 -1.44658850e-01 7.23593894e-01
 -1.47949630e-01 7.24323476e-01
 -1.85722997e-01 7.25490581e-01
 -2.34910797e-01 7.27104006e-01
 -1.55105311e-01 7.29174204e-01
 -2.56722841e-01 7.31713388e-01
 -1.28970767e-01 7.34735664e-01
 -2.95536543e-01 7.38257178e-01
 -2.44087746e-01 7.42296290e-01
 -2.21306071e-01 7.46873778e-01
 -3.07526176e-01 7.52013066e-01
 -3.55959417e-01 7.57740495e-01
 -2.87653863e-01 7.64085638e-01
 -4.08781931e-01 7.71081654e-01
 -3.02600508e-01 7.78765714e-01
 -3.08071753e-01 7.87179482e-01
 -3.80870342e-01 7.96369689e-01
 -3.93114954e-01 8.06388790e-01
 -2.86288264e-01 8.17295753e-01
 -3.89683800e-01 8.29156967e-01
 -3.67975904e-01 8.42047334e-01
 -3.94838134e-01 8.56051552e-01
 -4.27766778e-01 8.71265656e-01
 -3.03960971e-01 8.87798855e-01
 -4.27170532e-01 9.05775750e-01
 -4.67697980e-01 9.25339027e-01
 -5.24061213e-01 9.46652729e-01
 -5.92828788e-01 9.69906280e-01
 -4.80561484e-01 9.95319457e-01
 -4.98231582e-01 1.02314857e+00
 -5.96778684e-01 1.05369426e+00
 -6.50472594e-01 1.08731128e+00
 -7.60531384e-01 1.12442113e+00
 -6.60809069e-01 1.16552828e+00
 -7.55162934e-01 1.21124134e+00
 -7.78730682e-01 1.26230117e+00
 -9.40656368e-01 1.31961835e+00
 -9.08482223e-01 1.38432427e+00
 -9.49692138e-01 1.45784158e+00
 -1.08168741e+00 1.54198327e+00
 -1.15221235e+00 1.63909475e+00
 -1.21893618e+00 1.75226203e+00
 -1.39982711e+00 1.88562478e+00
 -1.39978364e+00 2.04486012e+00
 -1.60367373e+00 2.23795519e+00
 -1.80735273e+00 2.47648715e+00
 -2.01237623e+00 2.77783694e+00
 -2.14992039e+00 3.16921423e+00
 -2.43154386e+00 3.69541417e+00
 -2.77141457e+00 4.43480780e+00
 -3.14950899e+00 5.53484240e+00
 -3.55367700e+00 7.29612805e+00
 -3.52169583e+00 1.03635048e+01
 -8.54092816e-01 1.57613864e+01
 1.04817164e+01 1.91589393e+01
 1.83369625e+01 6.85123972e+00
 1.33624608e+01 -6.59555650e-01
 9.32882755e+00 -2.27362396e+00
 6.99872646e+00 -2.43629829e+00
 5.48429811e+00 -2.27885247e+00
 4.53616801e+00 -2.06482221e+00
 3.83640614e+00 -1.85965987e+00
 3.50172767e+00 -1.67817464e+00
 3.06299216e+00 -1.52126577e+00
 2.73769348e+00 -1.38618281e+00
 2.44963161e+00 -1.26957123e+00
 2.19657490e+00 -1.16835579e+00
 2.13817598e+00 -1.07994223e+00
 1.98620025e+00 -1.00220635e+00
 1.89523963e+00 -9.33425522e-01
 1.82658415e+00 -8.72203798e-01
 1.65083804e+00 -8.17406008e-01
 1.53618650e+00 -7.68103949e-01
 1.54474792e+00 -7.23533767e-01
 1.42709959e+00 -6.83062613e-01
 1.45247660e+00 -6.46162621e-01
 1.24069478e+00 -6.12390590e-01
 1.28399978e+00 -5.81372032e-01
 1.18526669e+00 -5.52788606e-01
 1.22131872e+00 -5.26368142e-01
 1.27374793e+00 -5.01876675e-01
 1.06821719e+00 -4.79112044e-01
 1.13245407e+00 -4.57898726e-01
 1.12992736e+00 -4.38083617e-01
 1.08796220e+00 -4.19532594e-01
 1.08141713e+00 -4.02127671e-01
 1.01313263e+00 -3.85764660e-01
 1.01091200e+00 -3.70351209e-01
 9.24713922e-01 -3.55805173e-01
 9.12819215e-01 -3.42053239e-01
 1.02686118e+00 -3.29029765e-01
 9.62921997e-01 -3.16675800e-01
 9.26082684e-01 -3.04938243e-01
 1.01436968e+00 -2.93769129e-01
 8.62286304e-01 -2.83125012e-01
 9.63009324e-01 -2.72966436e-01
 8.49950614e-01 -2.63257481e-01
 8.54842632e-01 -2.53965356e-01
 8.62452349e-01 -2.45060063e-01
 8.76663422e-01 -2.36514088e-01
 9.36166740e-01 -2.28302138e-01
 8.45871824e-01 -2.20400909e-01
 8.47386814e-01 -2.12788879e-01
 8.44546888e-01 -2.05446128e-01
 8.56218678e-01 -1.98354177e-01
 8.87560232e-01 -1.91495843e-01
 9.06592517e-01 -1.84855114e-01
 8.68308397e-01 -1.78417035e-01
 8.01832150e-01 -1.72167600e-01
 8.27743093e-01 -1.66093670e-01
 8.90611293e-01 -1.60182880e-01
 9.21491929e-01 -1.54423571e-01
 9.00776558e-01 -1.48804718e-01
 8.22222826e-01 -1.43315868e-01
 8.47396930e-01 -1.37947086e-01
 8.69362775e-01 -1.32688901e-01
 9.05191703e-01 -1.27532258e-01
 9.01589992e-01 -1.22468474e-01
 8.82559344e-01 -1.17489197e-01
 9.08668135e-01 -1.12586368e-01
 8.39567114e-01 -1.07752184e-01
 8.56450680e-01 -1.02979068e-01
 9.26264699e-01 -9.82596289e-02
 8.33918574e-01 -9.35866409e-02
 9.94196342e-01 -8.89530075e-02
 9.67475477e-01 -8.43517358e-02
 9.23452332e-01 -7.97759094e-02
 9.03095753e-01 -7.52186617e-02
 8.74986053e-01 -7.06731499e-02
 9.21020910e-01 -6.61325295e-02
 1.02512999e+00 -6.15899293e-02
 1.01977458e+00 -5.70384262e-02
 1.06639598e+00 -5.24710199e-02
 9.67996546e-01 -4.78806082e-02
 9.91304954e-01 -4.32599618e-02
 9.45229034e-01 -3.86016990e-02
 1.11851914e+00 -3.38982608e-02
 1.07252030e+00 -2.91418857e-02
 1.13798203e+00 -2.43245848e-02
 1.03209983e+00 -1.94381180e-02
 1.16537092e+00 -1.44739702e-02
 1.21966955e+00 -9.42333015e-03
 1.22870314e+00 -4.27707113e-03
 1.21078942e+00 9.74264593e-04
 1.16704601e+00 6.34047600e-03
 1.23360235e+00 1.18317061e-02
 1.29028649e+00 1.74584341e-02
 1.46246892e+00 2.32314536e-02
 1.26624218e+00 2.91618297e-02
 1.33713874e+00 3.52608295e-02
 1.43470169e+00 4.15398141e-02
 1.43753113e+00 4.80100789e-02
 1.49076976e+00 5.46826221e-02
 1.56256905e+00 6.15678156e-02
 1.59996550e+00 6.86749399e-02
 1.70681657e+00 7.60115313e-02
 1.70529867e+00 8.35824680e-02
 1.74184317e+00 9.13886885e-02
 1.87097275e+00 9.94253930e-02
 1.96559723e+00 1.07679507e-01
 2.03777576e+00 1.16126084e-01
 2.19164744e+00 1.24723170e-01
 2.16851847e+00 1.33404401e-01
 2.40826146e+00 1.42068226e-01
 2.41220622e+00 1.50562031e-01
 2.63462717e+00 1.58658410e-01
 2.70030235e+00 1.66019150e-01
 2.96226591e+00 1.72139557e-01
 3.09566721e+00 1.76260600e-01
 3.44708684e+00 1.77226973e-01
 3.63238178e+00 1.73251478e-01
 4.01876862e+00 1.61511579e-01
 4.53615222e+00 1.37433200e-01
 4.88387872e+00 9.33648557e-02
 5.45765384e+00 1.59990220e-02
 6.26354845e+00 -1.18944298e-01
 7.29858962e+00 -3.58467221e-01
 8.67268080e+00 -8.00498101e-01
 1.07332663e+01 -1.66840413e+00
 1.32798987e+01 -3.52817339e+00
 1.67988835e+01 -7.94024803e+00
 1.82904038e+01 -1.84280243e+01
 5.49733300e+00 -3.02596583e+01
 -9.63521434e+00 -2.31963782e+01
 -1.19208123e+01 -1.36571889e+01
 -1.05578174e+01 -8.58996125e+00
 -8.91726397e+00 -5.94612905e+00
 -7.61286435e+00 -4.43497965e+00
 -6.60129286e+00 -3.49355729e+00
 -5.89922469e+00 -2.86538515e+00
 -5.10238144e+00 -2.42314266e+00
 -4.70497002e+00 -2.09835827e+00
 -4.24845876e+00 -1.85162976e+00
 -4.07099825e+00 -1.65897085e+00
 -3.63616808e+00 -1.50507899e+00
 -3.33466620e+00 -1.37979930e+00
 -3.19060245e+00 -1.27616372e+00
 -2.99666724e+00 -1.18925187e+00
 -2.80450168e+00 -1.11550204e+00
 -2.68119228e+00 -1.05227955e+00
 -2.46669191e+00 -9.97598091e-01
 -2.40322776e+00 -9.49934659e-01
 -2.42198876e+00 -9.08103877e-01
 -2.16004521e+00 -8.71170648e-01
 -2.04270190e+00 -8.38388341e-01
 -2.09134354e+00 -8.09154255e-01
 -2.00159989e+00 -7.82977021e-01
 -1.99307478e+00 -7.59452409e-01
 -1.89035579e+00 -7.38245122e-01
 -1.82862843e+00 -7.19074933e-01
 -1.72149127e+00 -7.01706022e-01
 -1.76680940e+00 -6.85938670e-01
 -1.64930583e+00 -6.71602751e-01
 -1.53083398e+00 -6.58552562e-01
 -1.56995652e+00 -6.46662711e-01
 -1.60239780e+00 -6.35824792e-01
 -1.48521826e+00 -6.25944701e-01
 -1.51699593e+00 -6.16940444e-01
 -1.47219995e+00 -6.08740336e-01
 -1.48734659e+00 -6.01281513e-01
 -1.39624174e+00 -5.94508702e-01
 -1.41419603e+00 -5.88373189e-01
 -1.42535840e+00 -5.82831957e-01
 -1.32194687e+00 -5.77846960e-01
 -1.31708266e+00 -5.73384509e-01
 -1.29110895e+00 -5.69414752e-01
 -1.33062859e+00 -5.65911229e-01
 -1.32601804e+00 -5.62850493e-01
 -1.26659134e+00 -5.60211790e-01
 -1.21221614e+00 -5.57976776e-01
 -1.28903865e+00 -5.56129282e-01
 -1.14557309e+00 -5.54655104e-01
 -1.30151701e+00 -5.53541831e-01
 -1.15759199e+00 -5.52778691e-01
 -1.27023152e+00 -5.52356418e-01
 -1.14803426e+00 -5.52267143e-01
 -1.26250192e+00 -5.52504293e-01
 -1.11297731e+00 -5.53062517e-01
 -1.15811730e+00 -5.53937610e-01
 -1.24217056e+00 -5.55126458e-01
 -1.11141549e+00 -5.56626992e-01
 -1.02613712e+00 -5.58438150e-01
 -1.12524126e+00 -5.60559847e-01
 -1.13911006e+00 -5.62992957e-01
 -1.13278948e+00 -5.65739296e-01
 -1.16548222e+00 -5.68801617e-01
 -1.19222375e+00 -5.72183616e-01
 -1.07928296e+00 -5.75889935e-01
 -1.09650721e+00 -5.79926179e-01
 -1.15208615e+00 -5.84298938e-01
 -1.12925147e+00 -5.89015819e-01
 -1.12010057e+00 -5.94085479e-01
 -1.21931431e+00 -5.99517672e-01
 -1.21014703e+00 -6.05323305e-01
 -1.17775152e+00 -6.11514492e-01
 -1.15675364e+00 -6.18104635e-01
 -1.10012070e+00 -6.25108498e-01
 -1.16370224e+00 -6.32542307e-01
 -1.19726495e+00 -6.40423853e-01
 -1.20237187e+00 -6.48772610e-01
 -1.24124962e+00 -6.57609878e-01
 -1.28649367e+00 -6.66958927e-01
 -1.32688445e+00 -6.76845180e-01
 -1.33654137e+00 -6.87296402e-01
 -1.19600513e+00 -6.98342922e-01
 -1.28209109e+00 -7.10017887e-01
 -1.28462434e+00 -7.22357538e-01
 -1.29698988e+00 -7.35401538e-01
 -1.38847786e+00 -7.49193332e-01
 -1.32274486e+00 -7.63780561e-01
 -1.36941086e+00 -7.79215537e-01
 -1.46609394e+00 -7.95555779e-01
 -1.42800949e+00 -8.12864636e-01
 -1.46776586e+00 -8.31211990e-01
 -1.45667685e+00 -8.50675080e-01
 -1.52400648e+00 -8.71339440e-01
 -1.50493415e+00 -8.93299990e-01
 -1.55639473e+00 -9.16662310e-01
 -1.71236838e+00 -9.41544111e-01
 -1.68461690e+00 -9.68076962e-01
 -1.67568492e+00 -9.96408320e-01
 -1.79689329e+00 -1.02670390e+00
 -1.90203659e+00 -1.05915050e+00
 -1.85746887e+00 -1.09395931e+00
 -1.97686191e+00 -1.13136990e+00
 -1.96275572e+00 -1.17165489e+00
 -2.09818178e+00 -1.21512561e+00
 -2.10075038e+00 -1.26213883e+00
 -2.12495960e+00 -1.31310486e+00
 -2.31223554e+00 -1.36849719e+00
 -2.48934459e+00 -1.42886411e+00
 -2.51192674e+00 -1.49484240e+00
 -2.83014179e+00 -1.56717354e+00
 -2.86714098e+00 -1.64672209e+00
 -3.11581361e+00 -1.73449607e+00
 -3.23193381e+00 -1.83166705e+00
 -3.45871090e+00 -1.93958573e+00
 -3.76968056e+00 -2.05978221e+00
 -4.09758603e+00 -2.19392762e+00
 -4.53619085e+00 -2.34370494e+00
 -4.92542462e+00 -2.51047070e+00
 -5.52253984e+00 -2.69443193e+00
 -6.27822927e+00 -2.89266570e+00
 -7.21424348e+00 -3.09424715e+00
 -8.67127670e+00 -3.26769502e+00
 -1.04416513e+01 -3.32637992e+00
 -1.31813062e+01 -3.02501359e+00
 -1.72408386e+01 -1.62537528e+00
 -2.29034778e+01 3.13380194e+00
 -2.59037728e+01 1.57735027e+01
 -1.35140645e+01 2.84452251e+01
 5.36001206e-01 2.48433726e+01
 5.24930601e+00 1.77270399e+01
 6.07058787e+00 1.29043733e+01
 5.82987173e+00 9.88933619e+00
 5.30728120e+00 7.92591058e+00
 4.83883797e+00 6.57715719e+00
 4.44422674e+00 5.60586277e+00
 3.98369037e+00 4.87864379e+00
 3.69866451e+00 4.31662563e+00
 3.32268901e+00 3.87084888e+00
 3.17434850e+00 3.50958841e+00
 2.92090121e+00 3.21150694e+00
 2.76556589e+00 2.96178557e+00
 2.58907461e+00 2.74984270e+00
 2.33660363e+00 2.56793795e+00
 2.34893871e+00 2.41028851e+00
 2.14396876e+00 2.27249310e+00
 2.05070347e+00 2.15114639e+00
 2.01442634e+00 2.04357476e+00
 1.89495220e+00 1.94765138e+00
 1.77435740e+00 1.86166431e+00
 1.75175124e+00 1.78422083e+00
 1.61584546e+00 1.71417687e+00
 1.54490618e+00 1.65058434e+00
 1.50153279e+00 1.59265118e+00
 1.38430064e+00 1.53971080e+00
 1.47232158e+00 1.49119839e+00
 1.38908928e+00 1.44663238e+00
 1.27840960e+00 1.40559980e+00
 1.27423576e+00 1.36774462e+00
 1.27231308e+00 1.33275840e+00
 1.22620765e+00 1.30037268e+00
 1.18407090e+00 1.27035281e+00
 1.16238572e+00 1.24249294e+00
 1.09890595e+00 1.21661175e+00
 1.06961245e+00 1.19254907e+00
 1.09080986e+00 1.17016293e+00
 1.02360881e+00 1.14932715e+00
 1.01221674e+00 1.12992930e+00
 1.02947980e+00 1.11186897e+00
 1.13526471e+00 1.09505630e+00
 8.75935187e-01 1.07941070e+00
 1.02087008e+00 1.06485981e+00
 9.81771466e-01 1.05133856e+00
 9.06130776e-01 1.03878837e+00
 1.02195851e+00 1.02715649e+00
 9.87725490e-01 1.01639537e+00
 9.19359530e-01 1.00646214e+00
 8.37709902e-01 9.97318210e-01
 8.25172819e-01 9.88928819e-01
 7.88919118e-01 9.81262729e-01
 7.57199356e-01 9.74291914e-01
 7.80798346e-01 9.67991305e-01
 8.68734157e-01 9.62338557e-01
 8.80239880e-01 9.57313857e-01
 8.56763915e-01 9.52899749e-01
 8.45793750e-01 9.49080987e-01
 8.24151140e-01 9.45844408e-01
 7.40936271e-01 9.43178825e-01
 8.19161560e-01 9.41074930e-01
 8.92439872e-01 9.39525226e-01
 7.81612483e-01 9.38523961e-01
 7.24515243e-01 9.38067083e-01
 7.12598995e-01 9.38152205e-01
 7.63738337e-01 9.38778585e-01
 7.51581976e-01 9.39947118e-01
 8.14457057e-01 9.41660335e-01
 7.79454475e-01 9.43922424e-01
 6.76230737e-01 9.46739252e-01
 7.62387822e-01 9.50118411e-01
 7.80301805e-01 9.54069267e-01
 7.52613923e-01 9.58603031e-01
 7.41717183e-01 9.63732838e-01
 7.92841568e-01 9.69473851e-01
 7.76996168e-01 9.75843372e-01
 7.98216290e-01 9.82860977e-01
 7.76985562e-01 9.90548680e-01
 7.01425288e-01 9.98931104e-01
 7.53659089e-01 1.00803569e+00
 7.78962092e-01 1.01789295e+00
 7.64237493e-01 1.02853669e+00
 7.50241754e-01 1.04000439e+00
 6.82873153e-01 1.05233749e+00
 7.23251478e-01 1.06558185e+00
 7.17679146e-01 1.07978814e+00
 7.61182402e-01 1.09501247e+00
 7.75236325e-01 1.11131690e+00
 8.56170045e-01 1.12877020e+00
 8.56103360e-01 1.14744864e+00
 8.45927219e-01 1.16743693e+00
 6.82551476e-01 1.18882929e+00
 8.49135683e-01 1.21173074e+00
 8.55487786e-01 1.23625855e+00
 8.23548023e-01 1.26254400e+00
 7.60579721e-01 1.29073437e+00
 8.60048850e-01 1.32099540e+00
 8.93006140e-01 1.35351411e+00
 1.00686658e+00 1.38850225e+00
 9.52005478e-01 1.42620033e+00
 1.02842514e+00 1.46688261e+00
 1.03856104e+00 1.51086302e+00
 1.07494246e+00 1.55850248e+00
 1.08592896e+00 1.61021778e+00
 1.13471036e+00 1.66649267e+00
 1.10458604e+00 1.72789147e+00
 1.12092045e+00 1.79507635e+00
 1.18176630e+00 1.86882888e+00
 1.28254558e+00 1.95007770e+00
 1.29440284e+00 2.03993382e+00
 1.54146126e+00 2.13973640e+00
 1.42933429e+00 2.25111252e+00
 1.62157382e+00 2.37605582e+00
 1.64122310e+00 2.51703085e+00
 1.77606711e+00 2.67711229e+00
 2.00257822e+00 2.86017125e+00
 2.03606842e+00 3.07112339e+00
 2.39141322e+00 3.31625268e+00
 2.74157233e+00 3.60361102e+00
 2.96871236e+00 3.94343492e+00
 3.59534823e+00 4.34831755e+00
 4.23234572e+00 4.83219148e+00
 5.17967605e+00 5.40482929e+00
 6.44445951e+00 6.05004516e+00
 8.66926688e+00 6.64291195e+00
 1.22870824e+01 6.63440646e+00
 1.78095794e+01 4.01876264e+00
 2.16530693e+01 -4.95299494e+00
 1.53289246e+01 -1.43200470e+01
 6.87745208e+00 -1.48525958e+01
 2.61115928e+00 -1.22049492e+01
 7.68752428e-01 -9.78870719e+00
 8.44612461e-02 -8.00463399e+00
 -4.12997096e-01 -6.70854185e+00
 -6.15082078e-01 -5.74667547e+00
 -6.10689602e-01 -5.01304251e+00
 -6.18776760e-01 -4.43884107e+00
 -6.66934454e-01 -3.97912069e+00
 -5.36254794e-01 -3.60382000e+00
 -5.48696640e-01 -3.29228824e+00
 -5.64751723e-01 -3.02996433e+00
 -5.44769530e-01 -2.80633140e+00
 -4.74738916e-01 -2.61362705e+00
 -4.40570519e-01 -2.44600954e+00
 -5.23927612e-01 -2.29900554e+00
 -3.70114424e-01 -2.16913581e+00
 -4.05911255e-01 -2.05365629e+00
 -3.79862027e-01 -1.95037527e+00
 -3.25538767e-01 -1.85752220e+00
 -3.17136414e-01 -1.77365190e+00
 -3.74867787e-01 -1.69757366e+00
 -2.26807629e-01 -1.62829793e+00
 -2.95424527e-01 -1.56499585e+00
 -4.14909997e-01 -1.50696814e+00
 -2.65785213e-01 -1.45362088e+00
 -3.07644835e-01 -1.40444654e+00
 -6.41068464e-02 -1.35900891e+00
 -1.85279079e-01 -1.31693113e+00
 -1.56642878e-01 -1.27788601e+00
 -1.94191595e-01 -1.24158815e+00
 -1.67210199e-01 -1.20778759e+00
 1.19758048e-02 -1.17626452e+00
 -1.27717252e-01 -1.14682493e+00
 -1.56123525e-01 -1.11929701e+00
 -1.30607816e-01 -1.09352810e+00
 -2.05508905e-01 -1.06938215e+00
 -1.61294994e-01 -1.04673763e+00
 -1.73854980e-01 -1.02548561e+00
 -1.76203435e-01 -1.00552832e+00
 -7.40065223e-02 -9.86777748e-01
 -4.95823841e-02 -9.69154543e-01
 -8.43132625e-02 -9.52587025e-01
 -3.66498895e-02 -9.37010341e-01
 -4.82972472e-02 -9.22365737e-01
 -1.08369580e-01 -9.08599918e-01
 -1.14253686e-01 -8.95664497e-01
 -8.14469316e-02 -8.83515511e-01
 3.15158434e-03 -8.72112999e-01
 -3.93894717e-02 -8.61420628e-01
 8.52105014e-02 -8.51405374e-01
 -3.88780019e-02 -8.42037231e-01
 -9.24846030e-02 -8.33288963e-01
 2.56387860e-02 -8.25135881e-01
 4.64178114e-02 -8.17555652e-01
 -5.54273941e-02 -8.10528126e-01
 -4.54333317e-03 -8.04035191e-01
 -6.76195467e-02 -7.98060637e-01
 4.47867822e-03 -7.92590050e-01
 -2.38966758e-02 -7.87610710e-01
 6.47377941e-02 -7.83111508e-01
 -3.72017183e-02 -7.79082879e-01
 -3.62017792e-04 -7.75516742e-01
 6.37337312e-02 -7.72406455e-01
 -1.51613124e-02 -7.69746778e-01
 5.76331548e-02 -7.67533851e-01
 7.57274122e-02 -7.65765177e-01
 1.32603429e-01 -7.64439621e-01
 5.45014161e-02 -7.63557414e-01
 1.38851801e-01 -7.63120171e-01
 1.15288855e-01 -7.63130920e-01
 1.36764821e-01 -7.63594140e-01
 1.34527348e-01 -7.64515811e-01
 2.15946487e-01 -7.65903484e-01
 1.73015160e-01 -7.67766351e-01
 1.08432954e-01 -7.70115349e-01
 7.38444579e-02 -7.72963262e-01
 1.26361356e-01 -7.76324860e-01
 1.31613027e-01 -7.80217043e-01
 1.68276526e-01 -7.84659023e-01
 2.06985599e-01 -7.89672527e-01
 1.70870170e-01 -7.95282031e-01
 1.42652631e-01 -8.01515033e-01
 1.14149892e-01 -8.08402369e-01
 1.58517372e-01 -8.15978576e-01
 8.22935189e-02 -8.24282314e-01
 1.27342870e-01 -8.33356854e-01
 2.65139309e-01 -8.43250649e-01
 1.94031453e-01 -8.54017994e-01
 4.11738839e-01 -8.65719805e-01
 3.05380749e-01 -8.78424527e-01
 2.64620513e-01 -8.92209205e-01
 3.26351160e-01 -9.07160757e-01
 2.22456095e-01 -9.23377474e-01
 3.57803472e-01 -9.40970816e-01
 3.48250338e-01 -9.60067570e-01
 3.60030221e-01 -9.80812441e-01
 4.35160273e-01 -1.00337120e+00
 3.71802710e-01 -1.02793452e+00
 4.27513343e-01 -1.05472269e+00
 5.51293627e-01 -1.08399141e+00
 4.88683367e-01 -1.11603909e+00
 5.10604404e-01 -1.15121588e+00
 4.66532304e-01 -1.18993523e+00
 5.88460367e-01 -1.23268858e+00
 5.86127504e-01 -1.28006433e+00
 5.61624184e-01 -1.33277261e+00
 5.81778422e-01 -1.39167791e+00
 7.03190398e-01 -1.45784275e+00
 8.12139639e-01 -1.53258679e+00
 7.94021147e-01 -1.61756817e+00
 8.52067261e-01 -1.71489726e+00
 9.75379562e-01 -1.82729860e+00
 1.03803242e+00 -1.95834620e+00
 9.76464722e-01 -2.11281289e+00
 1.09962550e+00 -2.29720182e+00
 1.27369933e+00 -2.52057650e+00
 1.16979402e+00 -2.79589464e+00
 1.33093490e+00 -3.14221571e+00
 1.46799828e+00 -3.58845994e+00
 1.57887974e+00 -4.17993988e+00
 1.64784511e+00 -4.98961301e+00
 1.70370661e+00 -6.13531181e+00
 1.14817230e+00 -7.78940957e+00
 -3.34635132e-01 -1.00569525e+01
 -4.29483613e+00 -1.20679268e+01
 -1.04834708e+01 -1.00906325e+01
 -1.23534091e+01 -3.93682662e+00
 -1.02886226e+01 1.09900493e-01
 -7.92074008e+00 1.59769290e+00
 -6.10979252e+00 2.00373265e+00
 -5.01345086e+00 2.03147194e+00
 -4.16781375e+00 1.93378684e+00
 -3.62167031e+00 1.80052916e+00
 -3.13414736e+00 1.66419067e+00
 -2.70587548e+00 1.53620882e+00
 -2.55349888e+00 1.41998298e+00
 -2.33681972e+00 1.31580916e+00
 -2.16954870e+00 1.22283737e+00
 -2.02806092e+00 1.13986783e+00
 -1.90638059e+00 1.06567329e+00
 -1.71837109e+00 9.99121741e-01
 -1.58862819e+00 9.39214389e-01
 -1.43306713e+00 8.85088079e-01
 -1.53823707e+00 8.36003929e-01
 -1.48825463e+00 7.91331706e-01
 -1.40873138e+00 7.50534004e-01
 -1.36164458e+00 7.13151830e-01
 -1.23314496e+00 6.78792102e-01
 -1.15703254e+00 6.47117058e-01
 -1.21438617e+00 6.17835409e-01
 -1.16443348e+00 5.90694977e-01
 -1.03839673e+00 5.65476601e-01
 -1.10448152e+00 5.41989084e-01
 -1.06454928e+00 5.20064997e-01
 -1.11846567e+00 4.99557187e-01
 -9.67387965e-01 4.80335863e-01
 -9.03253735e-01 4.62286157e-01
 -9.72027766e-01 4.45306076e-01
 -8.99939343e-01 4.29304772e-01
 -8.72880473e-01 4.14201078e-01
 -9.50105911e-01 3.99922268e-01
 -8.89421397e-01 3.86402994e-01
 -8.34943071e-01 3.73584383e-01
 -8.95206306e-01 3.61413260e-01
 -8.62071644e-01 3.49841471e-01
 -8.61229409e-01 3.38825314e-01
 -8.10029257e-01 3.28325029e-01
 -7.93448322e-01 3.18304365e-01
 -8.49357078e-01 3.08730202e-01
 -7.06096910e-01 2.99572212e-01
 -7.08713049e-01 2.90802573e-01
 -8.98072024e-01 2.82395710e-01
 -8.56850436e-01 2.74328069e-01
 -8.51020664e-01 2.66577918e-01
 -7.26281980e-01 2.59125168e-01
 -8.11364708e-01 2.51951218e-01
 -7.55759265e-01 2.45038816e-01
 -7.80621319e-01 2.38371931e-01
 -8.09720925e-01 2.31935643e-01
 -8.81326019e-01 2.25716045e-01
 -8.39632143e-01 2.19700151e-01
 -7.83065458e-01 2.13875817e-01
 -8.53588224e-01 2.08231670e-01
 -8.14966330e-01 2.02757038e-01
 -7.70233352e-01 1.97441897e-01
 -8.24421582e-01 1.92276815e-01
 -8.42732007e-01 1.87252902e-01
 -8.52261915e-01 1.82361772e-01
 -8.35831323e-01 1.77595497e-01
 -8.37438850e-01 1.72946578e-01
 -9.23056403e-01 1.68407907e-01
 -8.07988188e-01 1.63972742e-01
 -8.71254187e-01 1.59634680e-01
 -9.47385082e-01 1.55387633e-01
 -8.88694822e-01 1.51225809e-01
 -9.03719368e-01 1.47143691e-01
 -9.36175615e-01 1.43136024e-01
 -9.18334685e-01 1.39197803e-01
 -9.26212983e-01 1.35324256e-01
 -9.63126786e-01 1.31510845e-01
 -1.01039150e+00 1.27753253e-01
 -9.77795585e-01 1.24047384e-01
 -9.69917397e-01 1.20389367e-01
 -9.97155718e-01 1.16775555e-01
 -9.24858233e-01 1.13202536e-01
 -8.97007646e-01 1.09667147e-01
 -1.00919608e+00 1.06166491e-01
 -9.58411985e-01 1.02697961e-01
 -1.18426407e+00 9.92592753e-02
 -1.04118633e+00 9.58485177e-02
 -1.03692489e+00 9.24641894e-02
 -1.10617903e+00 8.91052758e-02
 -1.17484207e+00 8.57713284e-02
 -1.12406424e+00 8.24625676e-02
 -1.18487423e+00 7.91800086e-02
 -1.23530285e+00 7.59256199e-02
 -1.38139956e+00 7.27025182e-02
 -1.26640838e+00 6.95152119e-02
 -1.26692431e+00 6.63699045e-02
 -1.29804444e+00 6.32748745e-02
 -1.37893205e+00 6.02409513e-02
 -1.37156426e+00 5.72821167e-02
 -1.42294909e+00 5.44162649e-02
 -1.48304260e+00 5.16661712e-02
 -1.43079742e+00 4.90607315e-02
 -1.51456752e+00 4.66365584e-02
 -1.52352735e+00 4.44400515e-02
 -1.71344284e+00 4.25301009e-02
 -1.76042533e+00 4.09816455e-02
 -1.80980693e+00 3.98903984e-02
 -1.84787320e+00 3.93791782e-02
 -2.00847326e+00 3.96064794e-02
 -2.16149785e+00 4.07782018e-02
 -2.15564619e+00 4.31638948e-02
 -2.25542709e+00 4.71195522e-02
 -2.48591542e+00 5.31200588e-02
 -2.54636990e+00 6.18061082e-02
 -2.73293058e+00 7.40532323e-02
 -2.87366117e+00 9.10753309e-02
 -3.05582307e+00 1.14583287e-01
 -3.34754510e+00 1.47033816e-01
 -3.63957675e+00 1.92030401e-01
 -4.09130687e+00 2.54988826e-01
 -4.34221787e+00 3.44279678e-01
 -4.85936226e+00 4.73265358e-01
 -5.37818074e+00 6.64089538e-01
 -6.11113189e+00 9.55066037e-01
 -7.09583149e+00 1.41582368e+00
 -8.14495087e+00 2.17983596e+00
 -9.67460116e+00 3.51590797e+00
 -1.12259068e+01 5.97268566e+00
 -1.23235852e+01 1.05033192e+01
 -9.83226680e+00 1.72846107e+01
 -1.24340098e+00 2.10207775e+01
 6.34010133e+00 1.71764304e+01
 8.63914468e+00 1.17704970e+01
 8.32437484e+00 8.06646995e+00
 7.52145834e+00 5.80597525e+00
 6.87170551e+00 4.39816121e+00
 5.89691443e+00 3.47862987e+00
 5.36607323e+00 2.84869785e+00
 4.85466930e+00 2.39878913e+00
 4.44546208e+00 2.06595361e+00
 4.04901588e+00 1.81236297e+00
 3.70709044e+00 1.61430512e+00
 3.58914623e+00 1.45634479e+00
 3.21605719e+00 1.32809524e+00
 3.10393852e+00 1.22236041e+00
 2.86377234e+00 1.13402568e+00
 2.74766734e+00 1.05937290e+00
 2.64360068e+00 9.95644624e-01
 2.53727990e+00 9.40759223e-01
 2.38614100e+00 8.93120086e-01
 2.21444085e+00 8.51485014e-01
 2.12894350e+00 8.14875027e-01
 2.07191173e+00 7.82509543e-01
 1.94420355e+00 7.53759541e-01
 1.96357154e+00 7.28113211e-01
 1.90337564e+00 7.05150419e-01
 1.78828291e+00 6.84523482e-01
 1.85430658e+00 6.65942524e-01
 1.66164560e+00 6.49164210e-01
 1.78311205e+00 6.33982976e-01
 1.60238942e+00 6.20224159e-01
 1.63524242e+00 6.07738554e-01
 1.46146345e+00 5.96398076e-01
 1.53290874e+00 5.86092265e-01
 1.48424668e+00 5.76725471e-01
 1.37501738e+00 5.68214548e-01
 1.40916124e+00 5.60486973e-01
 1.41950931e+00 5.53479288e-01
 1.31834733e+00 5.47135818e-01
 1.36783130e+00 5.41407593e-01
 1.40267178e+00 5.36251453e-01
 1.45467284e+00 5.31629294e-01
 1.33496025e+00 5.27507430e-01
 1.37334316e+00 5.23856054e-01
 1.23703995e+00 5.20648779e-01
 1.22337591e+00 5.17862251e-01
 1.25368495e+00 5.15475807e-01
 1.23292756e+00 5.13471197e-01
 1.21454437e+00 5.11832333e-01
 1.24220480e+00 5.10545077e-01
 1.19882269e+00 5.09597065e-01
 1.22966803e+00 5.08977542e-01
 1.24737503e+00 5.08677234e-01
 1.17748480e+00 5.08688226e-01
 1.14891456e+00 5.09003869e-01
 1.22881516e+00 5.09618692e-01
 1.18278159e+00 5.10528328e-01
 1.14618721e+00 5.11729457e-01
 1.18531423e+00 5.13219754e-01
 1.18954751e+00 5.14997851e-01
 1.22746213e+00 5.17063299e-01
 1.16004386e+00 5.19416548e-01
 1.20213170e+00 5.22058929e-01
 1.20990195e+00 5.24992644e-01
 1.15878534e+00 5.28220761e-01
 1.16750583e+00 5.31747217e-01
 1.21865439e+00 5.35576829e-01
 1.20074265e+00 5.39715310e-01
 1.11564009e+00 5.44169286e-01
 1.10920747e+00 5.48946331e-01
 1.20188650e+00 5.54054999e-01
 1.14110428e+00 5.59504867e-01
 1.20125568e+00 5.65306584e-01
 1.27299077e+00 5.71471931e-01
 1.20879444e+00 5.78013887e-01
 1.12970410e+00 5.84946704e-01
 1.16770150e+00 5.92285994e-01
 1.27628067e+00 6.00048828e-01
 1.19440659e+00 6.08253845e-01
 1.33228438e+00 6.16921375e-01
 1.32709943e+00 6.26073583e-01
 1.32738236e+00 6.35734619e-01
 1.26564523e+00 6.45930800e-01
 1.27589776e+00 6.56690807e-01
 1.31841193e+00 6.68045905e-01
 1.25838821e+00 6.80030197e-01
 1.41550768e+00 6.92680907e-01
 1.38028879e+00 7.06038693e-01
 1.41411060e+00 7.20148015e-01
 1.48010104e+00 7.35057536e-01
 1.47616880e+00 7.50820581e-01
 1.50341558e+00 7.67495665e-01
 1.61852297e+00 7.85147078e-01
 1.57486687e+00 8.03845560e-01
 1.53437824e+00 8.23669066e-01
 1.65130409e+00 8.44703631e-01
 1.63124212e+00 8.67044367e-01
 1.60927685e+00 8.90796581e-01
 1.73619969e+00 9.16077061e-01
 1.78904827e+00 9.43015527e-01
 1.89237200e+00 9.71756281e-01
 1.89258246e+00 1.00246005e+00
 1.99158821e+00 1.03530607e+00
 2.02535642e+00 1.07049436e+00
 2.07604992e+00 1.10824818e+00
 2.26553511e+00 1.14881662e+00
 2.29967992e+00 1.19247718e+00
 2.38576299e+00 1.23953794e+00
 2.55988922e+00 1.29033904e+00
 2.81690215e+00 1.34525238e+00
 2.77505536e+00 1.40467800e+00
 3.03647837e+00 1.46903445e+00
 3.16739259e+00 1.53873808e+00
 3.32611582e+00 1.61416245e+00
 3.53445894e+00 1.69556165e+00
 3.88947153e+00 1.78292725e+00
 4.31881251e+00 1.87572124e+00
 4.78614867e+00 1.97237112e+00
 5.16144310e+00 2.06929509e+00
 5.71132267e+00 2.15896510e+00
 6.55549510e+00 2.22591544e+00
 7.63305536e+00 2.23815539e+00
 8.88746229e+00 2.12778312e+00
 1.06121629e+01 1.74513885e+00
 1.29972492e+01 7.47823016e-01
 1.60553402e+01 -1.64688972e+00
 1.88864348e+01 -6.92605875e+00
 1.77047980e+01 -1.56096721e+01
 9.37901049e+00 -2.16005321e+01
 7.74931492e-01 -1.99864385e+01
 -3.23873951e+00 -1.57225633e+01
 -4.62322184e+00 -1.21349519e+01
 -4.77621552e+00 -9.59092698e+00
 -4.63814328e+00 -7.81200207e+00
 -4.31197253e+00 -6.53817015e+00
 -4.00453134e+00 -5.59746391e+00
 -3.77007968e+00 -4.88200406e+00
 -3.40509727e+00 -4.32352030e+00
 -3.17000381e+00 -3.87769302e+00
 -3.02247338e+00 -3.51490198e+00
 -2.84124505e+00 -3.21478266e+00
 -2.63467435e+00 -2.96296350e+00
 -2.61085567e+00 -2.74905999e+00
 -2.48993547e+00 -2.56540813e+00
 -2.29254815e+00 -2.40624351e+00
 -2.16953747e+00 -2.26715641e+00
 -2.16816593e+00 -2.14472160e+00
 -1.90800537e+00 -2.03624187e+00
 -1.90388272e+00 -1.93956681e+00
 -1.87137968e+00 -1.85296260e+00
 -1.72170867e+00 -1.77501692e+00
 -1.69127303e+00 -1.70456863e+00
 -1.61395222e+00 -1.64065486e+00
 -1.55797515e+00 -1.58247095e+00
 -1.45923458e+00 -1.52933952e+00
 -1.40912421e+00 -1.48068663e+00
 -1.48283964e+00 -1.43602292e+00
 -1.36190552e+00 -1.39492883e+00
 -1.23427713e+00 -1.35704272e+00
 -1.36914756e+00 -1.32205137e+00
 -1.28063411e+00 -1.28968227e+00
 -1.29758496e+00 -1.25969733e+00
 -1.19533634e+00 -1.23188771e+00
 -1.16422836e+00 -1.20606960e+00
 -1.18610118e+00 -1.18208066e+00
 -1.09895585e+00 -1.15977708e+00
 -1.02368927e+00 -1.13903109e+00
 -1.09545547e+00 -1.11972890e+00
 -1.04782135e+00 -1.10176893e+00
 -1.10283975e+00 -1.08506030e+00
 -9.63593743e-01 -1.06952156e+00
 -1.02426273e+00 -1.05507959e+00
 -1.00379691e+00 -1.04166868e+00
 -1.07893118e+00 -1.02922970e+00
 -9.33953808e-01 -1.01770938e+00
 -9.91551164e-01 -1.00705975e+00
 -9.24025194e-01 -9.97237595e-01
 -9.39780649e-01 -9.88203976e-01
 -8.66046199e-01 -9.79923858e-01
 -9.21318715e-01 -9.72365750e-01
 -8.84827251e-01 -9.65501403e-01
 -9.45039234e-01 -9.59305547e-01
 -8.14415834e-01 -9.53755656e-01
 -8.14152508e-01 -9.48831751e-01
 -7.86898534e-01 -9.44516225e-01
 -8.46176776e-01 -9.40793688e-01
 -8.57447101e-01 -9.37650840e-01
 -8.09376291e-01 -9.35076358e-01
 -8.77088244e-01 -9.33060806e-01
 -9.07484824e-01 -9.31596551e-01
 -7.31104159e-01 -9.30677706e-01
 -8.19345503e-01 -9.30300077e-01
 -7.93847489e-01 -9.30461128e-01
 -8.91731184e-01 -9.31159957e-01
 -7.65522085e-01 -9.32397285e-01
 -7.50366634e-01 -9.34175459e-01
 -7.70670269e-01 -9.36498457e-01
 -8.28322016e-01 -9.39371922e-01
 -8.54213578e-01 -9.42803193e-01
 -8.13972021e-01 -9.46801357e-01
 -8.27359812e-01 -9.51377311e-01
 -7.47512194e-01 -9.56543842e-01
 -8.47321656e-01 -9.62315721e-01
 -7.83698849e-01 -9.68709807e-01
 -8.25491525e-01 -9.75745185e-01
 -8.10652257e-01 -9.83443304e-01
 -8.74981735e-01 -9.91828158e-01
 -7.83199492e-01 -1.00092648e+00
 -8.30028157e-01 -1.01076794e+00
 -8.90235029e-01 -1.02138547e+00
 -7.70203317e-01 -1.03281547e+00
 -7.73666103e-01 -1.04509820e+00
 -8.78136726e-01 -1.05827813e+00
 -8.66853955e-01 -1.07240441e+00
 -9.95303617e-01 -1.08753131e+00
 -8.63610266e-01 -1.10371885e+00
 -9.24319482e-01 -1.12103342e+00
 -8.42104810e-01 -1.13954852e+00
 -9.73049726e-01 -1.15934566e+00
 -8.87895157e-01 -1.18051534e+00
 -9.35267642e-01 -1.20315823e+00
 -9.41717670e-01 -1.22738647e+00
 -8.89533866e-01 -1.25332533e+00
 -9.09585881e-01 -1.28111499e+00
 -1.03470627e+00 -1.31091271e+00
 -1.05471648e+00 -1.34289545e+00
 -1.10460961e+00 -1.37726281e+00
 -9.79045771e-01 -1.41424073e+00
 -1.17336896e+00 -1.45408572e+00
 -1.10081242e+00 -1.49709008e+00
 -1.03563147e+00 -1.54358807e+00
 -1.25319469e+00 -1.59396354e+00
 -1.24867057e+00 -1.64865902e+00
 -1.29841603e+00 -1.70818699e+00
 -1.35249997e+00 -1.77314369e+00
 -1.39331477e+00 -1.84422605e+00
 -1.39970798e+00 -1.92225279e+00
 -1.50229731e+00 -2.00819046e+00
 -1.68025572e+00 -2.10318587e+00
 -1.70603559e+00 -2.20860610e+00
 -1.88526527e+00 -2.32608764e+00
 -2.01528599e+00 -2.45759552e+00
 -2.18670022e+00 -2.60549153e+00
 -2.35180515e+00 -2.77260622e+00
 -2.63393991e+00 -2.96229720e+00
 -2.76340224e+00 -3.17844813e+00
 -3.17411343e+00 -3.42529156e+00
 -3.40795469e+00 -3.70676289e+00
 -4.07590512e+00 -4.02463502e+00
 -4.79989811e+00 -4.37345445e+00
 -5.91777261e+00 -4.72685506e+00
 -7.46425611e+00 -4.99995066e+00
 -9.60432213e+00 -4.94558582e+00
 -1.26139514e+01 -3.89447026e+00
 -1.60933042e+01 -4.23292758e-01
 -1.68436769e+01 6.22364897e+00
 -1.23609596e+01 1.17937431e+01
 -6.61496685e+00 1.26472601e+01
 -3.01344098e+00 1.11277551e+01
 -1.14610639e+00 9.33459091e+00
 -1.99220400e-01 7.83780802e+00
 3.04962566e-01 6.67325968e+00
 4.82320469e-01 5.77268568e+00
 5.24236404e-01 5.06762683e+00
 6.35795201e-01 4.50616088e+00
 6.33990498e-01 4.05127202e+00
 5.98472973e-01 3.67679541e+00
 7.03048930e-01 3.36406614e+00
 6.46602720e-01 3.09956446e+00
 5.90279614e-01 2.87332985e+00
 5.37875012e-01 2.67789919e+00
 6.27301256e-01 2.50759033e+00
 4.34193828e-01 2.35801224e+00
 4.83220619e-01 2.22572478e+00
 4.42476275e-01 2.10799871e+00
 4.85938954e-01 2.00264374e+00
 4.20993553e-01 1.90788353e+00
 5.19977247e-01 1.82226344e+00
 4.22459052e-01 1.74458171e+00
 3.38599149e-01 1.67383737e+00
 4.08217773e-01 1.60919041e+00
 2.74795915e-01 1.54993098e+00
 4.25443060e-01 1.49545541e+00
 3.13017088e-01 1.44524721e+00
 2.66757743e-01 1.39886207e+00
 2.80358130e-01 1.35591581e+00
 2.95281321e-01 1.31607464e+00
 2.95657573e-01 1.27904728e+00
 1.81636395e-01 1.24457846e+00
 2.06627453e-01 1.21244364e+00
 2.57490548e-01 1.18244455e+00
 3.08449482e-01 1.15440558e+00
 2.36630054e-01 1.12817067e+00
 1.96123971e-01 1.10360072e+00
 2.02338931e-01 1.08057145e+00
 2.40130020e-01 1.05897151e+00
 2.08262240e-01 1.03870092e+00
 1.19476818e-01 1.01966970e+00
 1.23600428e-01 1.00179675e+00
 1.03701086e-01 9.85008819e-01
 8.64401449e-02 9.69239643e-01
 8.26726111e-02 9.54429220e-01
 8.09841946e-02 9.40523145e-01
 5.68599504e-02 9.27472046e-01
 1.10849979e-01 9.15231094e-01
 6.40905702e-02 9.03759567e-01
 1.32441988e-01 8.93020474e-01
 7.18995259e-02 8.82980224e-01
 6.17521920e-02 8.73608329e-01
 6.08645561e-02 8.64877155e-01
 9.42946057e-02 8.56761693e-01
 6.88574566e-02 8.49239360e-01
 3.22291415e-03 8.42289831e-01
 6.51732518e-02 8.35894881e-01
 1.19427004e-02 8.30038260e-01
 1.16116332e-01 8.24705572e-01
 1.25709408e-01 8.19884183e-01
 5.88910396e-03 8.15563134e-01
 4.57076858e-03 8.11733070e-01
 1.20959163e-02 8.08386187e-01
 -9.77528735e-03 8.05516182e-01
 -8.17730039e-03 8.03118225e-01
 -5.40839012e-02 8.01188930e-01
 -1.00408529e-04 7.99726347e-01
 -4.31527769e-02 7.98729963e-01
 -4.24516839e-02 7.98200708e-01
 1.24900582e-02 7.98140976e-01
 2.27810533e-02 7.98554663e-01
 3.63432122e-03 7.99447207e-01
 1.36045742e-02 8.00825647e-01
 -1.24953744e-01 8.02698697e-01
 -8.42185583e-02 8.05076830e-01
 -5.25631458e-02 8.07972382e-01
 -3.86676850e-02 8.11399678e-01
 -4.48388708e-02 8.15375166e-01
 -1.31583915e-01 8.19917593e-01
 -6.81286295e-02 8.25048188e-01
 -4.12943501e-02 8.30790886e-01
 -1.55525615e-01 8.37172588e-01
 -1.00437311e-01 8.44223449e-01
 -1.00987246e-01 8.51977220e-01
 -1.26116954e-01 8.60471645e-01
 -1.84525412e-01 8.69748911e-01
 -8.29585577e-02 8.79856175e-01
 -8.91750964e-02 8.90846178e-01
 -2.15012137e-01 9.02777955e-01
 -1.59653949e-01 9.15717669e-01
 -2.07249281e-01 9.29739589e-01
 -1.96784327e-01 9.44927230e-01
 -1.88795371e-01 9.61374719e-01
 -1.27022974e-01 9.79188391e-01
 -2.75051738e-01 9.98488711e-01
 -1.95422468e-01 1.01941256e+00
 -1.69665906e-01 1.04211600e+00
 -2.27714108e-01 1.06677760e+00
 -3.07417933e-01 1.09360248e+00
 -2.68881101e-01 1.12282730e+00
 -3.56980020e-01 1.15472638e+00
 -3.33783032e-01 1.18961928e+00
 -2.70033009e-01 1.22788030e+00
 -4.00274648e-01 1.26995048e+00
 -3.13260411e-01 1.31635282e+00
 -4.18875023e-01 1.36771182e+00
 -4.22678233e-01 1.42477886e+00
 -4.44062581e-01 1.48846542e+00
 -4.79695924e-01 1.55988713e+00
 -5.91418542e-01 1.64042290e+00
 -6.15007319e-01 1.73179540e+00
 -6.30173048e-01 1.83618202e+00
 -5.79337984e-01 1.95637054e+00
 -7.15427008e-01 2.09598068e+00
 -7.89873557e-01 2.25978518e+00
 -7.77046046e-01 2.45418298e+00
 -8.32609843e-01 2.68790799e+00
 -8.88942917e-01 2.97310491e+00
 -9.20504410e-01 3.32696935e+00
 -8.27444089e-01 3.77420519e+00
 -7.24018693e-01 4.35042151e+00
 -6.43186717e-01 5.10545132e+00
 -2.27950643e-01 6.09982868e+00
 5.84588455e-01 7.36275190e+00
 2.45221400e+00 8.69274530e+00
 5.74843848e+00 9.09233774e+00
 9.30446558e+00 6.81974106e+00
 1.03539094e+01 2.73368132e+00
 8.97107474e+00 -1.99621473e-01
 7.12165766e+00 -1.52323958e+00
 5.71053013e+00 -1.97700511e+00
 4.66561105e+00 -2.06154733e+00
 3.97280484e+00 -2.00155240e+00
 3.48794007e+00 -1.89005717e+00
 2.95483009e+00 -1.76525521e+00
 2.70742363e+00 -1.64264888e+00
 2.31035062e+00 -1.52815807e+00
 2.27161280e+00 -1.42359141e+00
 1.93956104e+00 -1.32900422e+00
 1.81977555e+00 -1.24374191e+00
 1.65070859e+00 -1.16690779e+00
 1.61875574e+00 -1.09757114e+00
 1.50763158e+00 -1.03485548e+00
 1.50082153e+00 -9.77971145e-01
 1.33114335e+00 -9.26222297e-01
 1.29950191e+00 -8.79002594e-01
 1.31599152e+00 -8.35786465e-01
 1.23479299e+00 -7.96119182e-01
 1.18287432e+00 -7.59607224e-01
 1.12580258e+00 -7.25909531e-01
 1.14835502e+00 -6.94729850e-01
 1.06481716e+00 -6.65810146e-01
 1.05525598e+00 -6.38925009e-01
 1.06520937e+00 -6.13876912e-01
 1.00311025e+00 -5.90492217e-01
 9.43886011e-01 -5.68617807e-01
 1.01680168e+00 -5.48118238e-01
 9.41570799e-01 -5.28873336e-01
 9.47772800e-01 -5.10776160e-01
 9.24592709e-01 -4.93731276e-01
 8.51075277e-01 -4.77653276e-01
 9.40415207e-01 -4.62465530e-01
 8.49331100e-01 -4.48099100e-01
 8.41202741e-01 -4.34491821e-01
 8.22025750e-01 -4.21587497e-01
 8.86558735e-01 -4.09335219e-01
 7.81768584e-01 -3.97688761e-01
 7.36539447e-01 -3.86606067e-01
 7.90237643e-01 -3.76048795e-01
 8.48334650e-01 -3.65981921e-01
 7.56343766e-01 -3.56373396e-01
 7.56757065e-01 -3.47193842e-01
 8.07223721e-01 -3.38416279e-01
 8.00889751e-01 -3.30015898e-01
 8.66386820e-01 -3.21969844e-01
 7.82500407e-01 -3.14257035e-01
 7.82038813e-01 -3.06857999e-01
 7.99818691e-01 -2.99754725e-01
 7.50795564e-01 -2.92930537e-01
 7.53645173e-01 -2.86369973e-01
 6.65930134e-01 -2.80058685e-01
 8.42082589e-01 -2.73983349e-01
 8.25938308e-01 -2.68131576e-01
 7.11574738e-01 -2.62491841e-01
 7.71055297e-01 -2.57053420e-01
 9.04611916e-01 -2.51806325e-01
 8.03649002e-01 -2.46741255e-01
 8.05526768e-01 -2.41849546e-01
 8.51026195e-01 -2.37123134e-01
 7.94117873e-01 -2.32554512e-01
 8.40533170e-01 -2.28136699e-01
 8.19546480e-01 -2.23863214e-01
 9.08087581e-01 -2.19728050e-01
 8.53574601e-01 -2.15725653e-01
 8.63926983e-01 -2.11850903e-01
 7.57639850e-01 -2.08099105e-01
 7.96694661e-01 -2.04465976e-01
 8.30246643e-01 -2.00947640e-01
 8.39491155e-01 -1.97540625e-01
 8.50375938e-01 -1.94241864e-01
 8.57947602e-01 -1.91048705e-01
 9.25483552e-01 -1.87958917e-01
 9.09456070e-01 -1.84970707e-01
 9.02438111e-01 -1.82082745e-01
 9.95918268e-01 -1.79294187e-01
 8.99774262e-01 -1.76604713e-01
 9.95151300e-01 -1.74014572e-01
 9.52933567e-01 -1.71524633e-01
 9.28661103e-01 -1.69136451e-01
 9.56511348e-01 -1.66852350e-01
 1.01972409e+00 -1.64675510e-01
 9.48234611e-01 -1.62610088e-01
 9.85159984e-01 -1.60661355e-01
 1.03289511e+00 -1.58835855e-01
 1.10748517e+00 -1.57141610e-01
 1.10492378e+00 -1.55588356e-01
 1.26622297e+00 -1.54187834e-01
 1.22795107e+00 -1.52954141e-01
 1.26641596e+00 -1.51904155e-01
 1.15699657e+00 -1.51058060e-01
 1.29264709e+00 -1.50439982e-01
 1.31669780e+00 -1.50078781e-01
 1.29308808e+00 -1.50009025e-01
 1.41541477e+00 -1.50272206e-01
 1.36209925e+00 -1.50918262e-01
 1.48633029e+00 -1.52007495e-01
 1.42930486e+00 -1.53613004e-01
 1.60806981e+00 -1.55823795e-01
 1.64253011e+00 -1.58748776e-01
 1.69234609e+00 -1.62521954e-01
 1.76287510e+00 -1.67309233e-01
 1.85841182e+00 -1.73317400e-01
 1.89251634e+00 -1.80806118e-01
 1.94782690e+00 -1.90104129e-01
 2.13638013e+00 -2.01631381e-01
 2.27039126e+00 -2.15929647e-01
 2.27482966e+00 -2.33705506e-01
 2.44915558e+00 -2.55891582e-01
 2.62243812e+00 -2.83735292e-01
 2.81408465e+00 -3.18929805e-01
 2.96681976e+00 -3.63811245e-01
 3.21458694e+00 -4.21662230e-01
 3.47534630e+00 -4.97190622e-01
 3.75732364e+00 -5.97304966e-01
 4.13989928e+00 -7.32407661e-01
 4.57944813e+00 -9.18620185e-01
 5.06159602e+00 -1.18173975e+00
 5.70902618e+00 -1.56450160e+00
 6.42906996e+00 -2.14023740e+00
 7.25585852e+00 -3.03854000e+00
 8.31663585e+00 -4.48953386e+00
 9.17004863e+00 -6.86958905e+00
 9.06492201e+00 -1.05590492e+01
 6.26560509e+00 -1.48960277e+01
 3.82227377e-01 -1.67103187e+01
 -4.91124426e+00 -1.42957615e+01
 -7.02801259e+00 -1.05537007e+01
 -7.30026235e+00 -7.58841644e+00
 -6.82821587e+00 -5.59259629e+00
 -6.16220227e+00 -4.27589792e+00
 -5.61048654e+00 -3.38706992e+00
 -5.06330742e+00 -2.76678798e+00
 -4.59374958e+00 -2.31934142e+00
 -4.28114125e+00 -1.98676385e+00
 -3.94670423e+00 -1.73300795e+00
 -3.65634130e+00 -1.53495498e+00
 -3.36270234e+00 -1.37732030e+00
 -3.12684383e+00 -1.24970898e+00
 -2.93767439e+00 -1.14486765e+00
 -2.81043414e+00 -1.05761663e+00
 -2.64559328e+00 -9.84179558e-01
 -2.51837746e+00 -9.21751350e-01
 -2.35464575e+00 -8.68213177e-01
 -2.35596696e+00 -8.21940176e-01
 -2.21468909e+00 -7.81669114e-01
 -2.15378476e+00 -7.46405623e-01
 -2.12393847e+00 -7.15358073e-01
 -1.98786232e+00 -6.87889688e-01
 -1.92896461e+00 -6.63483390e-01
 -1.87785000e+00 -6.41715635e-01
 -1.77311565e+00 -6.22236717e-01
 -1.75071559e+00 -6.04755761e-01
 -1.79139656e+00 -5.89029179e-01
 -1.64382088e+00 -5.74851702e-01
 -1.54222849e+00 -5.62049348e-01
 -1.67797245e+00 -5.50473859e-01
 -1.59113495e+00 -5.39998275e-01
 -1.52166021e+00 -5.30513377e-01
 -1.51010375e+00 -5.21924815e-01
 -1.41598157e+00 -5.14150769e-01
 -1.42323273e+00 -5.07120034e-01
 -1.42506411e+00 -5.00770452e-01
 -1.37222113e+00 -4.95047604e-01
 -1.32159545e+00 -4.89903728e-01
 -1.35999717e+00 -4.85296814e-01
 -1.26937164e+00 -4.81189846e-01
 -1.27643887e+00 -4.77550159e-01
 -1.29769431e+00 -4.74348901e-01
 -1.27736538e+00 -4.71560570e-01
 -1.23694029e+00 -4.69162627e-01
 -1.22906913e+00 -4.67135158e-01
 -1.28268595e+00 -4.65460591e-01
 -1.22530607e+00 -4.64123448e-01
 -1.20657746e+00 -4.63110135e-01
 -1.26409663e+00 -4.62408765e-01
 -1.08034654e+00 -4.62008994e-01
 -1.12954943e+00 -4.61901893e-01
 -1.25203826e+00 -4.62079828e-01
 -1.29035930e+00 -4.62536366e-01
 -1.24049019e+00 -4.63266183e-01
 -1.11982986e+00 -4.64264999e-01
 -1.07675037e+00 -4.65529511e-01
 -1.25935598e+00 -4.67057344e-01
 -1.19567999e+00 -4.68847011e-01
 -1.14382296e+00 -4.70897873e-01
 -1.16403285e+00 -4.73210118e-01
 -1.15750837e+00 -4.75784739e-01
 -1.13333541e+00 -4.78623519e-01
 -1.24135367e+00 -4.81729025e-01
 -1.13439384e+00 -4.85104609e-01
 -1.18827190e+00 -4.88754407e-01
 -1.19889273e+00 -4.92683352e-01
 -1.23304345e+00 -4.96897190e-01
 -1.18291960e+00 -5.01402498e-01
 -1.26012848e+00 -5.06206715e-01
 -1.21297388e+00 -5.11318169e-01
 -1.16031534e+00 -5.16746120e-01
 -1.20341221e+00 -5.22500804e-01
 -1.15364131e+00 -5.28593486e-01
 -1.26548123e+00 -5.35036518e-01
 -1.26913116e+00 -5.41843406e-01
 -1.23651715e+00 -5.49028892e-01
 -1.23259533e+00 -5.56609031e-01
 -1.23969514e+00 -5.64601293e-01
 -1.25916237e+00 -5.73024671e-01
 -1.33649471e+00 -5.81899795e-01
 -1.32166129e+00 -5.91249072e-01
 -1.33948739e+00 -6.01096834e-01
 -1.30388946e+00 -6.11469499e-01
 -1.38036313e+00 -6.22395761e-01
 -1.45413216e+00 -6.33906794e-01
 -1.41490542e+00 -6.46036479e-01
 -1.48767605e+00 -6.58821659e-01
 -1.48889088e+00 -6.72302419e-01
 -1.45738500e+00 -6.86522403e-01
 -1.54362497e+00 -7.01529153e-01
 -1.67908076e+00 -7.17374497e-01
 -1.50804774e+00 -7.34114968e-01
 -1.58953055e+00 -7.51812265e-01
 -1.66303884e+00 -7.70533757e-01
 -1.70163350e+00 -7.90353024e-01
 -1.65878222e+00 -8.11350437e-01
 -1.80038257e+00 -8.33613767e-01
 -1.89947956e+00 -8.57238798e-01
 -1.95704738e+00 -8.82329929e-01
 -1.96108837e+00 -9.09000708e-01
 -2.10581407e+00 -9.37374234e-01
 -2.01928420e+00 -9.67583297e-01
 -2.23997441e+00 -9.99770090e-01
 -2.27651656e+00 -1.03408519e+00
 -2.40139392e+00 -1.07068537e+00
 -2.43483106e+00 -1.10972954e+00
 -2.55026543e+00 -1.15137165e+00
 -2.61897475e+00 -1.19574882e+00
 -2.90137131e+00 -1.24296178e+00
 -2.97904378e+00 -1.29304267e+00
 -3.23583977e+00 -1.34590244e+00
 -3.49556463e+00 -1.40124398e+00
 -3.59576977e+00 -1.45841736e+00
 -4.07117290e+00 -1.51617492e+00
 -4.37372812e+00 -1.57224916e+00
 -4.74893083e+00 -1.62260838e+00
 -5.33152539e+00 -1.66010873e+00
 -5.84968516e+00 -1.67197865e+00
 -6.71032484e+00 -1.63496590e+00
 -7.54981679e+00 -1.50565139e+00
 -8.80004178e+00 -1.20053758e+00
 -1.03367145e+01 -5.54702112e-01
 -1.22852168e+01 7.59429215e-01
 -1.44253242e+01 3.34721711e+00
 -1.58413399e+01 7.97581976e+00
 -1.39509152e+01 1.41517994e+01
 -8.01290647e+00 1.81219799e+01
 -1.52011441e+00 1.74345984e+01
 2.02782714e+00 1.45139964e+01
 3.61393841e+00 1.16365190e+01
 4.22968113e+00 9.39709562e+00
 4.25881601e+00 7.74328300e+00
 4.07845735e+00 6.51982884e+00
 3.84403677e+00 5.59818180e+00
 3.70263482e+00 4.88850016e+00
 3.34618003e+00 4.33021625e+00
 3.15911491e+00 3.88238563e+00
 2.93657426e+00 3.51688546e+00
 2.82548556e+00 3.21400771e+00
 2.67260902e+00 2.95965251e+00
 2.54464513e+00 2.74352959e+00
 2.37193626e+00 2.55798848e+00
 2.29727124e+00 2.39724352e+00
 2.12368922e+00 2.25685068e+00
 2.00538432e+00 2.13334776e+00
 1.98543454e+00 2.02400237e+00
 1.96049833e+00 1.92663256e+00
 1.84756021e+00 1.83947708e+00
 1.78907866e+00 1.76110023e+00
 1.73687499e+00 1.69032105e+00
 1.61432999e+00 1.62616005e+00
 1.59972307e+00 1.56779857e+00
 1.64011685e+00 1.51454757e+00
 1.53192013e+00 1.46582331e+00
 1.40047928e+00 1.42112823e+00
 1.47332640e+00 1.38003588e+00
 1.28744857e+00 1.34217887e+00
 1.30922867e+00 1.30723910e+00
 1.32624584e+00 1.27493996e+00
 1.25583783e+00 1.24503993e+00
 1.31800254e+00 1.21732724e+00
 1.14842027e+00 1.19161560e+00
 1.04034504e+00 1.16774060e+00
 1.07496374e+00 1.14555661e+00
 1.14354235e+00 1.12493438e+00
 1.12030798e+00 1.10575883e+00
 1.05443922e+00 1.08792726e+00
 1.06921188e+00 1.07134786e+00
 1.09404941e+00 1.05593837e+00
 1.11055658e+00 1.04162499e+00
 9.72675546e-01 1.02834141e+00
 1.04342790e+00 1.01602797e+00
 1.08022912e+00 1.00463098e+00
 9.79302066e-01 9.94102070e-01
 9.83875694e-01 9.84397681e-01
 9.16128591e-01 9.75478582e-01
 1.08363193e+00 9.67309468e-01
 9.65966891e-01 9.59858608e-01
 1.02273245e+00 9.53097536e-01
 8.75967492e-01 9.47000780e-01
 8.72460922e-01 9.41545625e-01
 9.07776925e-01 9.36711913e-01
 8.72741287e-01 9.32481859e-01
 9.49100598e-01 9.28839901e-01
 8.05848945e-01 9.25772565e-01
 8.69415315e-01 9.23268350e-01
 8.95509779e-01 9.21317634e-01
 8.27225139e-01 9.19912590e-01
 8.69673466e-01 9.19047124e-01
 8.33516293e-01 9.18716820e-01
 8.49647124e-01 9.18918904e-01
 8.73178651e-01 9.19652214e-01
 8.70778409e-01 9.20917186e-01
 8.50382706e-01 9.22715853e-01
 8.33826884e-01 9.25051854e-01
 8.35384484e-01 9.27930451e-01
 8.31863603e-01 9.31358566e-01
 8.34608932e-01 9.35344821e-01
 8.77369532e-01 9.39899602e-01
 9.02805492e-01 9.45035123e-01
 8.86675242e-01 9.50765519e-01
 9.18956919e-01 9.57106944e-01
 8.56904840e-01 9.64077690e-01
 8.74912184e-01 9.71698327e-01
 9.22405149e-01 9.79991858e-01
 1.00167219e+00 9.88983907e-01
 9.73561054e-01 9.98702920e-01
 9.49267041e-01 1.00918040e+00
 9.13902693e-01 1.02045120e+00
 9.57851532e-01 1.03255379e+00
 9.11940886e-01 1.04553063e+00
 8.29219717e-01 1.05942858e+00
 8.98934735e-01 1.07429933e+00
 9.24785101e-01 1.09019994e+00
 9.44914293e-01 1.10719340e+00
 9.91359380e-01 1.12534937e+00
 1.04656468e+00 1.14474489e+00
 9.71493555e-01 1.16546531e+00
 9.94279405e-01 1.18760536e+00
 1.01002150e+00 1.21127028e+00
 1.05477717e+00 1.23657725e+00
 1.09054220e+00 1.26365700e+00
 1.12039847e+00 1.29265570e+00
 1.12303065e+00 1.32373714e+00
 1.17270622e+00 1.35708532e+00
 1.20535932e+00 1.39290750e+00
 1.22470836e+00 1.43143779e+00
 1.25909099e+00 1.47294135e+00
 1.25369749e+00 1.51771949e+00
 1.35367602e+00 1.56611560e+00
 1.41007386e+00 1.61852229e+00
 1.42339389e+00 1.67538987e+00
 1.53580114e+00 1.73723647e+00
 1.48448212e+00 1.80465996e+00
 1.63205160e+00 1.87835211e+00
 1.65966002e+00 1.95911494e+00
 1.80689279e+00 2.04787930e+00
 1.92546033e+00 2.14572508e+00
 2.15651407e+00 2.25390110e+00
 2.09299152e+00 2.37384052e+00
 2.28860181e+00 2.50716241e+00
 2.61757056e+00 2.65563968e+00
 2.70940461e+00 2.82109150e+00
 3.11428518e+00 3.00511152e+00
 3.45658930e+00 3.20843933e+00
 3.89562515e+00 3.42954903e+00
 4.49552760e+00 3.66148254e+00
 5.31611980e+00 3.88464849e+00
 6.47081715e+00 4.05015513e+00
 7.81510777e+00 4.04102933e+00
 9.85691374e+00 3.58634443e+00
 1.22311364e+01 2.11504009e+00
 1.43802449e+01 -1.21803418e+00
 1.43537277e+01 -6.32207452e+00
 1.09392579e+01 -1.04532671e+01
 6.48465282e+00 -1.14856940e+01
 3.22237318e+00 -1.05541982e+01
 1.49128677e+00 -9.13249117e+00
 4.28646638e-01 -7.81582686e+00
 -1.14924371e-01 -6.73135477e+00
 -4.33787591e-01 -5.86374431e+00
 -6.14517732e-01 -5.16989094e+00
 -7.10827637e-01 -4.60965466e+00
 -6.96281606e-01 -4.15154441e+00
 -7.82587657e-01 -3.77202492e+00
 -7.21649341e-01 -3.45369179e+00
 -7.33329156e-01 -3.18362286e+00
 -7.69126387e-01 -2.95212805e+00
 -7.07657131e-01 -2.75185173e+00
 -6.03774627e-01 -2.57713845e+00
 -6.91058442e-01 -2.42358482e+00
 -6.12847940e-01 -2.28772089e+00
 -6.40553634e-01 -2.16678115e+00
 -6.54013368e-01 -2.05853816e+00
 -5.47995427e-01 -1.96118023e+00
 -4.77784173e-01 -1.87322037e+00
 -4.24595240e-01 -1.79342784e+00
 -5.15107704e-01 -1.72077598e+00
 -4.64344434e-01 -1.65440223e+00
 -4.36383308e-01 -1.59357698e+00
 -4.24578125e-01 -1.53767929e+00
 -3.69946604e-01 -1.48617758e+00
 -2.96275760e-01 -1.43861438e+00
 -3.13547376e-01 -1.39459395e+00
 -3.56183181e-01 -1.35377242e+00
 -3.64406702e-01 -1.31584960e+00
 -3.83517171e-01 -1.28056245e+00
 -3.73796184e-01 -1.24767954e+00
 -2.86281786e-01 -1.21699655e+00
 -2.96799657e-01 -1.18833250e+00
 -3.50057250e-01 -1.16152656e+00
 -3.56657227e-01 -1.13643545e+00
 -2.20154853e-01 -1.11293111e+00
 -2.52765969e-01 -1.09089888e+00
 -1.96175039e-01 -1.07023579e+00
 -2.14455504e-01 -1.05084922e+00
 -2.16227728e-01 -1.03265570e+00
 -2.88083566e-01 -1.01557987e+00
 -2.48260206e-01 -9.99553582e-01
 -2.27435771e-01 -9.84515147e-01
 -2.27783934e-01 -9.70408658e-01
 -2.26855529e-01 -9.57183404e-01
 -9.17523423e-02 -9.44793362e-01
 -1.37780502e-01 -9.33196754e-01
 -1.90730756e-01 -9.22355653e-01
 -1.13269679e-01 -9.12235642e-01
 -2.47358474e-01 -9.02805513e-01
 -1.67268465e-01 -8.94037005e-01
 -2.69537637e-02 -8.85904569e-01
 -1.17393459e-01 -8.78385166e-01
 -2.01345202e-01 -8.71458091e-01
 -1.66178429e-01 -8.65104812e-01
 -8.39230092e-02 -8.59308840e-01
 -1.22617438e-01 -8.54055609e-01
 -1.73645059e-01 -8.49332375e-01
 -1.64618339e-01 -8.45128131e-01
 3.15276972e-02 -8.41433538e-01
 -1.12061875e-01 -8.38240863e-01
 -1.29518585e-01 -8.35543935e-01
 -6.32647030e-02 -8.33338112e-01
 -4.26964824e-02 -8.31620258e-01
 -2.86285828e-02 -8.30388732e-01
 -9.14393322e-02 -8.29643388e-01
 -2.00354912e-02 -8.29385586e-01
 -9.93305455e-02 -8.29618219e-01
 -8.72173131e-02 -8.30345742e-01
 -5.01001396e-02 -8.31574226e-01
 7.65514462e-02 -8.33311414e-01
 -3.47905757e-02 -8.35566801e-01
 6.30984916e-02 -8.38351725e-01
 1.25539325e-02 -8.41679471e-01
 -7.83471042e-03 -8.45565406e-01
 3.69482642e-02 -8.50027121e-01
 3.46462562e-03 -8.55084608e-01
 5.81020208e-02 -8.60760461e-01
 -1.20851784e-02 -8.67080102e-01
 4.20062589e-02 -8.74072049e-01
 -4.30920253e-02 -8.81768225e-01
 -1.85609358e-03 -8.90204305e-01
 5.88496480e-02 -8.99420130e-01
 3.94828637e-02 -9.09460168e-01
 4.36685726e-02 -9.20374066e-01
 7.40938756e-02 -9.32217278e-01
 3.19583693e-02 -9.45051795e-01
 1.35231611e-01 -9.58947005e-01
 1.30646392e-01 -9.73980693e-01
 1.02877261e-02 -9.90240211e-01
 1.61722570e-01 -1.00782387e+00
 5.52584553e-02 -1.02684255e+00
 8.65873762e-02 -1.04742171e+00
 1.31425210e-01 -1.06970362e+00
 2.20249922e-01 -1.09385021e+00
 1.47552014e-01 -1.12004642e+00
 1.30334239e-01 -1.14850422e+00
 1.47774230e-01 -1.17946765e+00
 1.68714951e-01 -1.21321883e+00
 2.35129611e-01 -1.25008555e+00
 1.99259410e-01 -1.29045058e+00
 1.44269406e-01 -1.33476341e+00
 3.61621129e-01 -1.38355509e+00
 2.21959248e-01 -1.43745707e+00
 3.05895176e-01 -1.49722549e+00
 2.91220295e-01 -1.56377265e+00
 3.14713502e-01 -1.63820833e+00
 4.08956323e-01 -1.72189445e+00
 3.50832188e-01 -1.81651832e+00
 3.75068328e-01 -1.92419192e+00
 3.68342240e-01 -2.04758783e+00
 3.57721210e-01 -2.19012764e+00
 3.57342235e-01 -2.35624533e+00
 3.79274870e-01 -2.55175802e+00
 3.07789170e-01 -2.78438734e+00
 4.04897391e-01 -3.06448135e+00
 2.60008672e-01 -3.40596381e+00
 2.27943845e-01 -3.82739669e+00
 1.20219251e-01 -4.35248599e+00
 -2.10331734e-01 -5.00739497e+00
 -7.74883363e-01 -5.80569683e+00
 -1.82466429e+00 -6.69248108e+00
 -3.61070279e+00 -7.38313076e+00
 -6.10242932e+00 -7.11368200e+00
 -8.57338974e+00 -5.04618324e+00
 -9.13465183e+00 -1.94740400e+00
 -8.12699854e+00 4.21509946e-01
 -6.73677008e+00 1.62516575e+00
 -5.44921419e+00 2.08827107e+00
 -4.42202784e+00 2.19500257e+00
 -3.76306377e+00 2.14826317e+00
 -3.29126726e+00 2.04142541e+00
 -2.73466032e+00 1.91585919e+00
 -2.41970984e+00 1.78951938e+00
 -2.20812254e+00 1.66984241e+00
 -2.05221694e+00 1.55950842e+00
 -1.83117001e+00 1.45905477e+00
 -1.70852027e+00 1.36808370e+00
 -1.63361492e+00 1.28582721e+00
 -1.50345001e+00 1.21141107e+00
 -1.47950740e+00 1.14397516e+00
 -1.31638684e+00 1.08272432e+00
 -1.29077275e+00 1.02694597e+00
 -1.23926567e+00 9.76011719e-01
 -1.17605169e+00 9.29372119e-01
 -9.95322769e-01 8.86548598e-01
 -1.05227250e+00 8.47124842e-01
 -1.05139099e+00 8.10738555e-01
 -9.86008429e-01 7.77073987e-01
 -9.79915665e-01 7.45855386e-01
 -9.41183678e-01 7.16841330e-01
 -9.32770893e-01 6.89819878e-01
 -9.44599936e-01 6.64604446e-01
 -7.79383003e-01 6.41030296e-01
 -7.51165956e-01 6.18951559e-01
 -7.58080973e-01 5.98238710e-01
 -8.55186426e-01 5.78776411e-01
 -7.32651064e-01 5.60461684e-01
 -8.60110361e-01 5.43202341e-01
 -8.04892057e-01 5.26915647e-01
 -7.99153614e-01 5.11527168e-01
 -7.57171713e-01 4.96969782e-01
 -7.25304425e-01 4.83182824e-01
 -8.50941008e-01 4.70111347e-01
 -8.10249400e-01 4.57705482e-01
 -8.01904427e-01 4.45919880e-01
 -7.53508345e-01 4.34713222e-01
 -7.19456941e-01 4.24047799e-01
 -7.90603728e-01 4.13889138e-01
 -7.52052980e-01 4.04205671e-01
 -7.81415409e-01 3.94968452e-01
 -7.51532166e-01 3.86150901e-01
 -6.86967386e-01 3.77728578e-01
 -6.78421986e-01 3.69678985e-01
 -7.12463634e-01 3.61981393e-01
 -7.96500068e-01 3.54616679e-01
 -7.37846945e-01 3.47567194e-01
 -6.98174097e-01 3.40816632e-01
 -6.88110165e-01 3.34349926e-01
 -7.56106445e-01 3.28153145e-01
 -6.81079315e-01 3.22213409e-01
 -7.63042528e-01 3.16518812e-01
 -8.26191005e-01 3.11058347e-01
 -6.72171169e-01 3.05821851e-01
 -7.19278127e-01 3.00799946e-01
 -8.02441980e-01 2.95983996e-01
 -7.09019749e-01 2.91366056e-01
 -7.89255611e-01 2.86938847e-01
 -8.65354575e-01 2.82695714e-01
 -6.87017835e-01 2.78630606e-01
 -8.02682442e-01 2.74738053e-01
 -6.57979196e-01 2.71013148e-01
 -7.82155206e-01 2.67451535e-01
 -6.92016826e-01 2.64049402e-01
 -8.46181864e-01 2.60803477e-01
 -7.61303279e-01 2.57711026e-01
 -7.52574877e-01 2.54769867e-01
 -8.23940519e-01 2.51978376e-01
 -8.37286034e-01 2.49335505e-01
 -8.08340006e-01 2.46840809e-01
 -8.44455590e-01 2.44494474e-01
 -7.66141370e-01 2.42297357e-01
 -8.46465200e-01 2.40251034e-01
 -8.86556371e-01 2.38357856e-01
 -8.81788042e-01 2.36621022e-01
 -9.13016391e-01 2.35044655e-01
 -8.76246219e-01 2.33633911e-01
 -8.79307712e-01 2.32395084e-01
 -1.01662463e+00 2.31335754e-01
 -9.58645301e-01 2.30464947e-01
 -9.68600644e-01 2.29793331e-01
 -9.74045214e-01 2.29333449e-01
 -1.01062801e+00 2.29099993e-01
 -1.09769184e+00 2.29110134e-01
 -1.06988161e+00 2.29383919e-01
 -1.12593335e+00 2.29944741e-01
 -1.13541338e+00 2.30819916e-01
 -1.19419161e+00 2.32041369e-01
 -1.19333591e+00 2.33646481e-01
 -1.19049026e+00 2.35679114e-01
 -1.33594030e+00 2.38190874e-01
 -1.23887781e+00 2.41242672e-01
 -1.38539808e+00 2.44906659e-01
 -1.39169965e+00 2.49268647e-01
 -1.42945652e+00 2.54431152e-01
 -1.44075107e+00 2.60517252e-01
 -1.57134426e+00 2.67675511e-01
 -1.60657503e+00 2.76086315e-01
 -1.69812181e+00 2.85970091e-01
 -1.73548091e+00 2.97598086e-01
 -1.89219820e+00 3.11306616e-01
 -1.86779675e+00 3.27516125e-01
 -2.02475822e+00 3.46756968e-01
 -2.04127759e+00 3.69704712e-01
 -2.23899551e+00 3.97229145e-01
 -2.32947150e+00 4.30463274e-01
 -2.47781803e+00 4.70902033e-01
 -2.64223080e+00 5.20545894e-01
 -2.75910268e+00 5.82113715e-01
 -3.03073434e+00 6.59364535e-01
 -3.24533405e+00 7.57594684e-01
 -3.59065702e+00 8.84423470e-01
 -3.82189017e+00 1.05106506e+00
 -4.22475463e+00 1.27443731e+00
 -4.64110380e+00 1.58073511e+00
 -5.24693341e+00 2.01157218e+00
 -5.71409173e+00 2.63447228e+00
 -6.47581993e+00 3.55967370e+00
 -7.11014732e+00 4.96040808e+00
 -7.44420017e+00 7.06328102e+00
 -6.83832999e+00 9.95823908e+00
 -4.31076703e+00 1.29358715e+01
 -8.22117908e-02 1.40621000e+01
 4.05532340e+00 1.24225031e+01
 5.95692445e+00 9.61890879e+00
 6.51979853e+00 7.14717889e+00
 6.22611273e+00 5.35484217e+00
