 NaN NaN
 4.16085508e+01 1.47225400e+01
 2.15371942e+01 7.54099498e+00
 1.45326654e+01 5.21697878e+00
 1.09990908e+01 4.07373405e+00
 8.93749363e+00 3.39501558e+00
 7.43975736e+00 2.94588696e+00
 6.54202668e+00 2.62681357e+00
 5.65252224e+00 2.38846772e+00
 4.98764390e+00 2.20364055e+00
 4.60618946e+00 2.05610361e+00
 4.09856391e+00 1.93558182e+00
 3.82830362e+00 1.83525505e+00
 3.51165735e+00 1.75041976e+00
 3.21611501e+00 1.67772771e+00
 3.09139351e+00 1.61473097e+00
 2.94815265e+00 1.55959864e+00
 2.77064187e+00 1.51093409e+00
 2.58216210e+00 1.46765353e+00
 2.35556750e+00 1.42890312e+00
 2.31635480e+00 1.39400110e+00
 2.30101266e+00 1.36239655e+00
 2.13530452e+00 1.33363947e+00
 2.07714333e+00 1.30735869e+00
 2.01715145e+00 1.28324535e+00
 1.94982382e+00 1.26104036e+00
 1.72958364e+00 1.24052479e+00
 1.71011175e+00 1.22151236e+00
 1.73880211e+00 1.20384359e+00
 1.59904545e+00 1.18738117e+00
 1.53425281e+00 1.17200621e+00
 1.51598275e+00 1.15761530e+00
 1.44946668e+00 1.14411803e+00
 1.41418253e+00 1.13143506e+00
 1.36754335e+00 1.11949643e+00
 1.26870334e+00 1.10824028e+00
 1.29750691e+00 1.09761167e+00
 1.17423617e+00 1.08756166e+00
 1.16525806e+00 1.07804653e+00
 1.20925708e+00 1.06902709e+00
 1.07667512e+00 1.06046813e+00
 1.06102276e+00 1.05233792e+00
 1.09504707e+00 1.04460782e+00
 9.91845732e-01 1.03725190e+00
 1.01204121e+00 1.03024664e+00
 8.80508594e-01 1.02357067e+00
 9.16955297e-01 1.01720452e+00
 9.16370235e-01 1.01113047e+00
 1.02693318e+00 1.00533230e+00
 8.43685092e-01 9.99795203e-01
 8.09869328e-01 9.94505611e-01
 8.39855705e-01 9.89451091e-01
 7.94856104e-01 9.84620242e-01
 7.36181568e-01 9.80002596e-01
 6.97747433e-01 9.75588544e-01
 7.37488428e-01 9.71369257e-01
 6.97832433e-01 9.67336631e-01
 7.09099765e-01 9.63483221e-01
 6.66707660e-01 9.59802201e-01
 5.41656073e-01 9.56287311e-01
 5.86665003e-01 9.52932825e-01
 4.58627771e-01 9.49733515e-01
 4.98721476e-01 9.46684619e-01
 4.76183535e-01 9.43781815e-01
 4.62077060e-01 9.41021205e-01
 5.07061472e-01 9.38399287e-01
 4.72504517e-01 9.35912945e-01
 3.68658320e-01 9.33559435e-01
 3.52401978e-01 9.31336372e-01
 4.73673573e-01 9.29241728e-01
 2.99265917e-01 9.27273824e-01
 3.09200014e-01 9.25431328e-01
 2.84455478e-01 9.23713259e-01
 2.61604863e-01 9.22118989e-01
 2.63462202e-01 9.20648251e-01
 2.29440384e-01 9.19301151e-01
 1.65733331e-01 9.18078181e-01
 2.47631758e-01 9.16980237e-01
 1.82239545e-01 9.16008643e-01
 1.55466518e-01 9.15165180e-01
 1.68164233e-01 9.14452116e-01
 5.56664988e-02 9.13872248e-01
 9.65717254e-02 9.13428951e-01
 6.15423099e-03 9.13126232e-01
 6.63667183e-02 9.12968794e-01
 -1.74403051e-02 9.12962118e-01
 -8.75246218e-02 9.13112551e-01
 -5.39229159e-02 9.13427417e-01
 -8.93415074e-02 9.13915143e-01
 -1.82435910e-01 9.14585408e-01
 -2.01767966e-01 9.15449329e-01
 -2.56800422e-01 9.16519670e-01
 -1.63907041e-01 9.17811102e-01
 -3.14248996e-01 9.19340509e-01
 -4.34739611e-01 9.21127362e-01
 -4.12666469e-01 9.23194172e-01
 -3.24670434e-01 9.25567043e-01
 -4.67774636e-01 9.28276346e-01
 -5.15447527e-01 9.31357562e-01
 -5.70207578e-01 9.34852319e-01
 -5.67638548e-01 9.38809700e-01
 -6.37618053e-01 9.43287894e-01
 -7.69148070e-01 9.48356291e-01
 -8.54436561e-01 9.54098187e-01
 -9.68083397e-01 9.60614289e-01
 -1.02536145e+00 9.68027310e-01
 -1.05436688e+00 9.76488076e-01
 -1.14001243e+00 9.86183731e-01
 -1.32152452e+00 9.97348918e-01
 -1.36834284e+00 1.01028125e+00
 -1.42725624e+00 1.02536306e+00
 -1.68840619e+00 1.04309261e+00
 -1.72514927e+00 1.06412963e+00
 -1.91343277e+00 1.08936362e+00
 -2.12480462e+00 1.12001853e+00
 -2.48726127e+00 1.15781843e+00
 -2.65924837e+00 1.20525831e+00
 -3.09269815e+00 1.26606445e+00
 -3.41652401e+00 1.34601350e+00
 -3.87697369e+00 1.45447052e+00
 -4.55134530e+00 1.60747222e+00
 -5.42515319e+00 1.83442425e+00
 -6.58666923e+00 2.19420346e+00
 -8.13462577e+00 2.81934028e+00
 -1.06371252e+01 4.06097247e+00
 -1.50338292e+01 7.09985341e+00
 -2.21130929e+01 1.75033602e+01
 -4.54895185e+00 5.07590508e+01
 2.64642606e+01 2.04307309e+01
 1.81389118e+01 6.80572100e+00
 1.28757582e+01 3.41098064e+00
 9.94686023e+00 2.19007624e+00
 8.08087058e+00 1.63504231e+00
 6.82336982e+00 1.34280302e+00
 5.97836390e+00 1.17297980e+00
 5.33877982e+00 1.06713536e+00
 4.76423752e+00 9.97665650e-01
 4.44058141e+00 9.50247575e-01
 3.94006191e+00 9.16891056e-01
 3.73324370e+00 8.92874975e-01
 3.50566740e+00 8.75276226e-01
 3.21040553e+00 8.62213472e-01
 2.99771563e+00 8.52435758e-01
 2.92435943e+00 8.45087857e-01
 2.76558252e+00 8.39570930e-01
 2.59793266e+00 8.35456854e-01
 2.56408752e+00 8.32433926e-01
 2.47073745e+00 8.30271543e-01
 2.28950760e+00 8.28796658e-01
 2.23848329e+00 8.27877775e-01
 2.13734185e+00 8.27413844e-01
 2.04120584e+00 8.27326438e-01
 1.94175273e+00 8.27554153e-01
 1.95111550e+00 8.28048534e-01
 1.91191508e+00 8.28771093e-01
 1.83020127e+00 8.29691075e-01
 1.78365561e+00 8.30783793e-01
 1.67491671e+00 8.32029352e-01
 1.62677219e+00 8.33411679e-01
 1.65595521e+00 8.34917770e-01
 1.58858434e+00 8.36537103e-01
 1.57544094e+00 8.38261181e-01
 1.49285114e+00 8.40083167e-01
 1.46593626e+00 8.41997598e-01
 1.37689679e+00 8.44000156e-01
 1.40199439e+00 8.46087481e-01
 1.35075296e+00 8.48257024e-01
 1.32700236e+00 8.50506930e-01
 1.34581510e+00 8.52835936e-01
 1.26242930e+00 8.55243297e-01
 1.31518258e+00 8.57728717e-01
 1.24557035e+00 8.60292306e-01
 1.22349607e+00 8.62934526e-01
 1.07524789e+00 8.65656171e-01
 1.23966417e+00 8.68458327e-01
 1.12652323e+00 8.71342363e-01
 1.07853064e+00 8.74309906e-01
 1.03295788e+00 8.77362835e-01
 1.13480996e+00 8.80503269e-01
 9.73660467e-01 8.83733562e-01
 9.51912012e-01 8.87056307e-01
 1.05267734e+00 8.90474326e-01
 1.04853541e+00 8.93990683e-01
 9.91541589e-01 8.97608682e-01
 9.79581524e-01 9.01331878e-01
 9.65375340e-01 9.05164084e-01
 1.01699667e+00 9.09109385e-01
 9.37989402e-01 9.13172148e-01
 9.32641336e-01 9.17357044e-01
 9.17256813e-01 9.21669059e-01
 7.97848806e-01 9.26113517e-01
 7.97210599e-01 9.30696106e-01
 9.29712671e-01 9.35422901e-01
 7.46823579e-01 9.40300393e-01
 7.23281291e-01 9.45335522e-01
 7.76390338e-01 9.50535714e-01
 7.26582808e-01 9.55908917e-01
 7.29736469e-01 9.61463652e-01
 6.56149124e-01 9.67209057e-01
 6.27987427e-01 9.73154945e-01
 6.84680262e-01 9.79311864e-01
 6.64375902e-01 9.85691170e-01
 6.05507475e-01 9.92305099e-01
 6.95483879e-01 9.99166857e-01
 6.28515793e-01 1.00629072e+00
 6.32596233e-01 1.01369212e+00
 5.80721849e-01 1.02138782e+00
 5.72951549e-01 1.02939599e+00
 5.83736295e-01 1.03773642e+00
 5.72529805e-01 1.04643065e+00
 5.20327236e-01 1.05550222e+00
 4.85089457e-01 1.06497687e+00
 6.19797828e-01 1.07488282e+00
 4.29221734e-01 1.08525106e+00
 4.84075535e-01 1.09611573e+00
 4.16700069e-01 1.10751452e+00
 4.96384499e-01 1.11948910e+00
 3.54389456e-01 1.13208574e+00
 3.80910076e-01 1.14535591e+00
 3.20352890e-01 1.15935703e+00
 3.38675603e-01 1.17415338e+00
 2.99253672e-01 1.18981715e+00
 2.58982448e-01 1.20642968e+00
 2.30635685e-01 1.22408299e+00
 2.66243976e-01 1.24288155e+00
 1.29397593e-01 1.26294449e+00
 2.21746690e-01 1.28440825e+00
 8.26694443e-02 1.30742982e+00
 -6.33694941e-03 1.33219080e+00
 2.20555969e-02 1.35890234e+00
 -9.47566275e-02 1.38781146e+00
 -1.74132488e-01 1.41920893e+00
 -1.28034311e-01 1.45343940e+00
 -1.47682025e-01 1.49091439e+00
 -2.29731502e-01 1.53212933e+00
 -2.92089326e-01 1.57768591e+00
 -3.89602668e-01 1.62832205e+00
 -4.32875163e-01 1.68495255e+00
 -5.66365880e-01 1.74872499e+00
 -5.92452933e-01 1.82109824e+00
 -7.32902624e-01 1.90395475e+00
 -7.78155577e-01 1.99976459e+00
 -1.01506498e+00 2.11183146e+00
 -1.12758764e+00 2.24467190e+00
 -1.24770235e+00 2.40461922e+00
 -1.44129475e+00 2.60082176e+00
 -1.70933363e+00 2.84696713e+00
 -2.12576987e+00 3.16441802e+00
 -2.50004184e+00 3.58827951e+00
 -2.91029034e+00 4.18005257e+00
 -3.56304624e+00 5.05655817e+00
 -4.25195535e+00 6.46383748e+00
 -5.31774599e+00 8.99078652e+00
 -5.67575921e+00 1.42131009e+01
 6.70732745e-01 2.44699536e+01
 2.11982935e+01 1.79700821e+01
 1.79394953e+01 2.66098208e+00
 1.22514536e+01 -7.44933426e-01
 8.98272880e+00 -1.30215235e+00
 7.14325981e+00 -1.27697193e+00
 5.80582429e+00 -1.12703932e+00
 5.01491597e+00 -9.61495189e-01
 4.46294376e+00 -8.08076764e-01
 3.89567791e+00 -6.72546075e-01
 3.73803494e+00 -5.54399867e-01
 3.35452972e+00 -4.51509676e-01
 3.05235511e+00 -3.61557472e-01
 2.97622366e+00 -2.82459339e-01
 2.74815907e+00 -2.12456350e-01
 2.64113921e+00 -1.50098475e-01
 2.49524234e+00 -9.41993680e-02
 2.49833555e+00 -4.37886447e-02
 2.25796154e+00 1.93010161e-03
 2.09102150e+00 4.36138514e-02
 2.08545255e+00 8.18078043e-02
 2.03549759e+00 1.16967245e-01
 2.02090007e+00 1.49474781e-01
 1.93040486e+00 1.79653944e-01
 1.91058530e+00 2.07779959e-01
 1.90872128e+00 2.34088316e-01
 1.70857191e+00 2.58781619e-01
 1.72978054e+00 2.82035109e-01
 1.72740140e+00 3.04001119e-01
 1.73173175e+00 3.24812711e-01
 1.67482852e+00 3.44586654e-01
 1.66192252e+00 3.63425869e-01
 1.58419830e+00 3.81421464e-01
 1.54809506e+00 3.98654416e-01
 1.57917407e+00 4.15196988e-01
 1.46167164e+00 4.31113915e-01
 1.44053694e+00 4.46463410e-01
 1.39179673e+00 4.61298011e-01
 1.42480936e+00 4.75665311e-01
 1.40754265e+00 4.89608577e-01
 1.40464794e+00 5.03167286e-01
 1.39327584e+00 5.16377584e-01
 1.40874195e+00 5.29272688e-01
 1.33159433e+00 5.41883232e-01
 1.37019181e+00 5.54237573e-01
 1.22728285e+00 5.66362056e-01
 1.23037201e+00 5.78281252e-01
 1.22459367e+00 5.90018163e-01
 1.22340159e+00 6.01594407e-01
 1.21761717e+00 6.13030386e-01
 1.29290280e+00 6.24345432e-01
 1.22760222e+00 6.35557942e-01
 1.19413682e+00 6.46685497e-01
 1.16123366e+00 6.57744976e-01
 1.15610935e+00 6.68752655e-01
 1.14037365e+00 6.79724300e-01
 1.15760339e+00 6.90675260e-01
 1.23165598e+00 7.01620541e-01
 1.08694008e+00 7.12574892e-01
 1.15924970e+00 7.23552873e-01
 1.23691319e+00 7.34568931e-01
 1.06138247e+00 7.45637464e-01
 1.17044687e+00 7.56772896e-01
 1.08776361e+00 7.67989743e-01
 1.11011599e+00 7.79302678e-01
 1.02907067e+00 7.90726603e-01
 1.16807695e+00 8.02276720e-01
 1.04924189e+00 8.13968603e-01
 9.88638696e-01 8.25818272e-01
 1.07651185e+00 8.37842278e-01
 1.05896269e+00 8.50057782e-01
 9.60897991e-01 8.62482646e-01
 9.55747847e-01 8.75135534e-01
 1.02336554e+00 8.88036011e-01
 1.01747859e+00 9.01204657e-01
 9.20423400e-01 9.14663193e-01
 9.85511732e-01 9.28434616e-01
 9.29981846e-01 9.42543348e-01
 1.04735380e+00 9.57015399e-01
 9.59445270e-01 9.71878557e-01
 9.10169462e-01 9.87162587e-01
 8.90593532e-01 1.00289946e+00
 9.90122256e-01 1.01912363e+00
 8.74629359e-01 1.03587228e+00
 9.06486443e-01 1.05318572e+00
 9.37029201e-01 1.07110769e+00
 8.57566927e-01 1.08968582e+00
 9.06374555e-01 1.10897214e+00
 9.47286599e-01 1.12902360e+00
 9.12766356e-01 1.14990272e+00
 8.46179105e-01 1.17167835e+00
 9.03392007e-01 1.19442654e+00
 8.45454586e-01 1.21823150e+00
 8.75497483e-01 1.24318684e+00
 8.71269563e-01 1.26939691e+00
 9.04565673e-01 1.29697843e+00
 7.92965166e-01 1.32606245e+00
 8.41762204e-01 1.35679665e+00
 8.25544067e-01 1.38934808e+00
 7.53385255e-01 1.42390652e+00
 7.51045430e-01 1.46068849e+00
 7.32869089e-01 1.49994221e+00
 7.39741883e-01 1.54195362e+00
 6.47691660e-01 1.58705386e+00
 7.27616226e-01 1.63562864e+00
 6.95722094e-01 1.68812995e+00
 6.94085834e-01 1.74509092e+00
 6.62639885e-01 1.80714498e+00
 6.55967123e-01 1.87505043e+00
 7.10550248e-01 1.94972286e+00
 5.80906674e-01 2.03227799e+00
 5.36345680e-01 2.12408924e+00
 6.12432084e-01 2.22686631e+00
 5.66106635e-01 2.34276419e+00
 5.40772124e-01 2.47453704e+00
 5.14123199e-01 2.62576002e+00
 5.15502966e-01 2.80115639e+00
 5.78890418e-01 3.00709221e+00
 4.94425647e-01 3.25234641e+00
 4.76188206e-01 3.54934896e+00
 4.09534833e-01 3.91624618e+00
 5.03291458e-01 4.38048979e+00
 5.20808058e-01 4.98535915e+00
 5.08431126e-01 5.80234879e+00
 9.29380656e-01 6.95535967e+00
 1.37787970e+00 8.66510588e+00
 3.13135076e+00 1.12803056e+01
 8.01572392e+00 1.46292677e+01
 1.97085126e+01 1.16496095e+01
 2.00805256e+01 -3.06174582e+00
 1.19484796e+01 -7.00364046e+00
 7.52751526e+00 -6.26824017e+00
 5.48499619e+00 -5.16051560e+00
 4.15951806e+00 -4.25785703e+00
 3.52812148e+00 -3.56611406e+00
 2.96177758e+00 -3.03233555e+00
 2.70491389e+00 -2.61217246e+00
 2.42794699e+00 -2.27440812e+00
 2.22890120e+00 -1.99758967e+00
 2.08183238e+00 -1.76682364e+00
 2.07660284e+00 -1.57156799e+00
 1.88336307e+00 -1.40420110e+00
 1.82275511e+00 -1.25909877e+00
 1.69099547e+00 -1.13203130e+00
 1.77431592e+00 -1.01976237e+00
 1.56046323e+00 -9.19776721e-01
 1.55354230e+00 -8.30091768e-01
 1.65823680e+00 -7.49124679e-01
 1.45033329e+00 -6.75597078e-01
 1.50312931e+00 -6.08465552e-01
 1.50732724e+00 -5.46870239e-01
 1.45152356e+00 -4.90096275e-01
 1.46207767e+00 -4.37544516e-01
 1.34570131e+00 -3.88709040e-01
 1.31336511e+00 -3.43159679e-01
 1.33661486e+00 -3.00528322e-01
 1.38349407e+00 -2.60498067e-01
 1.45433270e+00 -2.22794563e-01
 1.28837027e+00 -1.87179045e-01
 1.31887238e+00 -1.53442686e-01
 1.28172599e+00 -1.21401976e-01
 1.26613050e+00 -9.08949403e-02
 1.25051502e+00 -6.17779981e-02
 1.23050624e+00 -3.39233555e-02
 1.30243194e+00 -7.21682332e-03
 1.26926840e+00 1.84440176e-02
 1.25688773e+00 4.31513675e-02
 1.25567947e+00 6.69885249e-02
 1.27342718e+00 9.00310099e-02
 1.23763113e+00 1.12347527e-01
 1.30166925e+00 1.34000795e-01
 1.21542330e+00 1.55048260e-01
 1.24521139e+00 1.75542722e-01
 1.25056815e+00 1.95532872e-01
 1.20101322e+00 2.15063766e-01
 1.23360017e+00 2.34177245e-01
 1.28179101e+00 2.52912298e-01
 1.18832670e+00 2.71305390e-01
 1.18257218e+00 2.89390746e-01
 1.15845139e+00 3.07200618e-01
 1.16286170e+00 3.24765509e-01
 1.14120825e+00 3.42114384e-01
 1.10175213e+00 3.59274865e-01
 1.29746522e+00 3.76273397e-01
 1.07912977e+00 3.93135410e-01
 1.20710029e+00 4.09885466e-01
 1.19781306e+00 4.26547398e-01
 1.15316218e+00 4.43144430e-01
 1.18592067e+00 4.59699308e-01
 1.10988172e+00 4.76234409e-01
 1.17850067e+00 4.92771854e-01
 1.21087412e+00 5.09333615e-01
 1.14948435e+00 5.25941621e-01
 1.23806212e+00 5.42617865e-01
 1.12468830e+00 5.59384506e-01
 1.15627450e+00 5.76263978e-01
 1.20967463e+00 5.93279094e-01
 1.06430024e+00 6.10453162e-01
 1.14699280e+00 6.27810100e-01
 1.16886900e+00 6.45374557e-01
 1.23742458e+00 6.63172043e-01
 1.23485541e+00 6.81229067e-01
 1.16983336e+00 6.99573283e-01
 1.18471198e+00 7.18233652e-01
 1.27148314e+00 7.37240613e-01
 1.31278703e+00 7.56626278e-01
 1.17038071e+00 7.76424634e-01
 1.21134511e+00 7.96671779e-01
 1.15129181e+00 8.17406175e-01
 1.19242428e+00 8.38668936e-01
 1.19663458e+00 8.60504143e-01
 1.21198628e+00 8.82959207e-01
 1.17645256e+00 9.06085271e-01
 1.12931498e+00 9.29937668e-01
 1.24680096e+00 9.54576438e-01
 1.24023541e+00 9.80066925e-01
 1.19472795e+00 1.00648045e+00
 1.19779404e+00 1.03389510e+00
 1.21224370e+00 1.06239661e+00
 1.23446553e+00 1.09207940e+00
 1.25552189e+00 1.12304781e+00
 1.36975054e+00 1.15541747e+00
 1.28949792e+00 1.18931697e+00
 1.22012315e+00 1.22488980e+00
 1.33734815e+00 1.26229664e+00
 1.39080783e+00 1.30171808e+00
 1.38137034e+00 1.34335788e+00
 1.37991853e+00 1.38744686e+00
 1.37602564e+00 1.43424764e+00
 1.43406194e+00 1.48406037e+00
 1.36436235e+00 1.53722969e+00
 1.40843695e+00 1.59415342e+00
 1.36313706e+00 1.65529317e+00
 1.46011969e+00 1.72118779e+00
 1.42063215e+00 1.79247010e+00
 1.45541784e+00 1.86988837e+00
 1.42434299e+00 1.95433375e+00
 1.53464976e+00 2.04687588e+00
 1.66878717e+00 2.14880961e+00
 1.65295282e+00 2.26171697e+00
 1.81118239e+00 2.38755052e+00
 1.72665480e+00 2.52874693e+00
 1.77238440e+00 2.68838414e+00
 1.81991349e+00 2.87040239e+00
 2.06177083e+00 3.07992014e+00
 2.18968580e+00 3.32369372e+00
 2.30633861e+00 3.61079690e+00
 2.58134662e+00 3.95363969e+00
 2.84867975e+00 4.36950284e+00
 3.16252565e+00 4.88280499e+00
 3.73205701e+00 5.52814513e+00
 4.37287281e+00 6.35276043e+00
 5.75714202e+00 7.40913899e+00
 8.00270491e+00 8.68456360e+00
 1.24164795e+01 9.65866145e+00
 2.04128709e+01 7.02059952e+00
 2.43701535e+01 -6.16592931e+00
 1.39449316e+01 -1.44903640e+01
 6.45008890e+00 -1.27449018e+01
 3.37099775e+00 -9.97864457e+00
 1.97592515e+00 -7.91661253e+00
 1.44667670e+00 -6.46166381e+00
 1.07997673e+00 -5.41061367e+00
 8.89866595e-01 -4.62518411e+00
 8.92578278e-01 -4.01944358e+00
 7.66865795e-01 -3.53945517e+00
 6.98340038e-01 -3.15031720e+00
 7.55913919e-01 -2.82868357e+00
 7.66167087e-01 -2.55844389e+00
 6.79169822e-01 -2.32816558e+00
 7.50632807e-01 -2.12953232e+00
 7.27418365e-01 -1.95636102e+00
 7.73237982e-01 -1.80396508e+00
 6.50062511e-01 -1.66873082e+00
 7.39898851e-01 -1.54782908e+00
 6.82928671e-01 -1.43901440e+00
 6.73373117e-01 -1.34048261e+00
 7.41636605e-01 -1.25076792e+00
 7.45141603e-01 -1.16866735e+00
 6.81212583e-01 -1.09318455e+00
 7.68790810e-01 -1.02348728e+00
 7.34438006e-01 -9.58875011e-01
 8.26989235e-01 -8.98753832e-01
 7.29650390e-01 -8.42616897e-01
 8.13757396e-01 -7.90028980e-01
 7.62847689e-01 -7.40614207e-01
 7.98018168e-01 -6.94046212e-01
 8.78691371e-01 -6.50040181e-01
 8.24887452e-01 -6.08346374e-01
 8.38942759e-01 -5.68744815e-01
 9.61996850e-01 -5.31040917e-01
 9.76042698e-01 -4.95061840e-01
 9.34029207e-01 -4.60653468e-01
 8.15016389e-01 -4.27677854e-01
 8.90733014e-01 -3.96011083e-01
 8.97540223e-01 -3.65541444e-01
 9.68726505e-01 -3.36167891e-01
 9.28191354e-01 -3.07798709e-01
 1.00683547e+00 -2.80350386e-01
 9.65260229e-01 -2.53746622e-01
 1.05239381e+00 -2.27917490e-01
 1.00864111e+00 -2.02798688e-01
 1.01638962e+00 -1.78330901e-01
 9.33240785e-01 -1.54459231e-01
 1.03083017e+00 -1.31132703e-01
 9.32433194e-01 -1.08303826e-01
 9.18132069e-01 -8.59282032e-02
 1.00003061e+00 -6.39641852e-02
 1.05275433e+00 -4.23725602e-02
 1.00263528e+00 -2.11162762e-02
 1.00394524e+00 -1.60189108e-04
 1.01278814e+00 2.05291647e-02
 1.05948738e+00 4.09837766e-02
 1.02219825e+00 6.12343564e-02
 1.01579796e+00 8.13105083e-02
 1.10158774e+00 1.01240895e-01
 1.08596098e+00 1.21053390e-01
 1.09837180e+00 1.40775225e-01
 1.14022013e+00 1.60433125e-01
 1.04194156e+00 1.80053439e-01
 1.13640718e+00 1.99662275e-01
 1.02336652e+00 2.19285618e-01
 1.12579817e+00 2.38949460e-01
 1.11515825e+00 2.58679917e-01
 1.09676720e+00 2.78503364e-01
 1.05951687e+00 2.98446551e-01
 1.16279925e+00 3.18536744e-01
 1.19090155e+00 3.38801853e-01
 1.22710744e+00 3.59270579e-01
 1.21097828e+00 3.79972563e-01
 1.24037894e+00 4.00938547e-01
 1.23624745e+00 4.22200544e-01
 1.24523893e+00 4.43792025e-01
 1.18752492e+00 4.65748117e-01
 1.33048465e+00 4.88105829e-01
 1.28919712e+00 5.10904289e-01
 1.34666036e+00 5.34185012e-01
 1.24772275e+00 5.57992197e-01
 1.27534201e+00 5.82373058e-01
 1.30658719e+00 6.07378189e-01
 1.39299819e+00 6.33061985e-01
 1.35976709e+00 6.59483105e-01
 1.33722017e+00 6.86705006e-01
 1.49617881e+00 7.14796539e-01
 1.39421593e+00 7.43832644e-01
 1.44558945e+00 7.73895127e-01
 1.53009465e+00 8.05073570e-01
 1.58438638e+00 8.37466367e-01
 1.49415302e+00 8.71181934e-01
 1.51957820e+00 9.06340106e-01
 1.58627126e+00 9.43073777e-01
 1.57405036e+00 9.81530809e-01
 1.61195878e+00 1.02187629e+00
 1.66782556e+00 1.06429522e+00
 1.72586040e+00 1.10899562e+00
 1.75756256e+00 1.15621240e+00
 1.79290608e+00 1.20621181e+00
 1.79137272e+00 1.25929700e+00
 1.89727250e+00 1.31581457e+00
 1.87351409e+00 1.37616277e+00
 1.94066737e+00 1.44080141e+00
 1.89945206e+00 1.51026421e+00
 2.11882982e+00 1.58517412e+00
 2.03070481e+00 1.66626259e+00
 2.17340047e+00 1.75439384e+00
 2.32385589e+00 1.85059588e+00
 2.48678744e+00 1.95610015e+00
 2.49239124e+00 2.07239296e+00
 2.62920057e+00 2.20128226e+00
 2.77595924e+00 2.34498529e+00
 2.91443640e+00 2.50624368e+00
 3.11841045e+00 2.68847468e+00
 3.44261256e+00 2.89596782e+00
 3.62811028e+00 3.13413332e+00
 3.97246320e+00 3.40979246e+00
 4.51585691e+00 3.73144398e+00
 4.84295480e+00 4.10926175e+00
 5.58409305e+00 4.55400804e+00
 6.70098273e+00 5.07216143e+00
 8.27797973e+00 5.64789813e+00
 1.03511713e+01 6.17703487e+00
 1.40322920e+01 6.21355997e+00
 1.99631076e+01 4.01072296e+00
 2.57284834e+01 -5.28043455e+00
 1.95085220e+01 -1.88786842e+01
 7.33422174e+00 -1.99448211e+01
 1.49868326e+00 -1.55621732e+01
 -4.47355382e-01 -1.19163938e+01
 -1.09369658e+00 -9.42325422e+00
 -1.38045650e+00 -7.70739805e+00
 -1.22104124e+00 -6.48140040e+00
 -1.13519922e+00 -5.57127122e+00
 -1.05309372e+00 -4.87275368e+00
 -9.57924957e-01 -4.32143453e+00
 -7.38006552e-01 -3.87599049e+00
 -6.78344204e-01 -3.50893459e+00
 -5.65635129e-01 -3.20137783e+00
 -5.18146246e-01 -2.93996126e+00
 -4.15832533e-01 -2.71499556e+00
 -3.42553812e-01 -2.51929564e+00
 -4.09111060e-01 -2.34742831e+00
 -3.08910068e-01 -2.19521341e+00
 -1.61759821e-01 -2.05938496e+00
 -1.33599059e-01 -1.93735579e+00
 -1.11162635e-01 -1.82705091e+00
 -5.27043033e-02 -1.72678738e+00
 -3.33766126e-02 -1.63518626e+00
 1.70351155e-02 -1.55110719e+00
 3.07852268e-02 -1.47359910e+00
 1.49232899e-01 -1.40186252e+00
 1.59161885e-01 -1.33522062e+00
 1.50552218e-01 -1.27309653e+00
 2.33535772e-01 -1.21499554e+00
 2.79769961e-01 -1.16049093e+00
 2.49662044e-01 -1.10921266e+00
 3.08413223e-01 -1.06083818e+00
 3.54156205e-01 -1.01508501e+00
 2.93522510e-01 -9.71704637e-01
 3.65211378e-01 -9.30477506e-01
 3.66543081e-01 -8.91208840e-01
 4.51081040e-01 -8.53725178e-01
 3.61379034e-01 -8.17871467e-01
 4.51132098e-01 -7.83508615e-01
 3.91060114e-01 -7.50511407e-01
 4.93500014e-01 -7.18766751e-01
 5.53023226e-01 -6.88172162e-01
 5.16935407e-01 -6.58634477e-01
 5.40188029e-01 -6.30068732e-01
 5.33143199e-01 -6.02397208e-01
 5.28497870e-01 -5.75548586e-01
 6.49281235e-01 -5.49457223e-01
 5.66654734e-01 -5.24062511e-01
 6.97540879e-01 -4.99308318e-01
 6.17406010e-01 -4.75142495e-01
 7.17538090e-01 -4.51516436e-01
 6.72849998e-01 -4.28384693e-01
 7.34695633e-01 -4.05704626e-01
 6.58120109e-01 -3.83436096e-01
 6.57854789e-01 -3.61541187e-01
 6.82972748e-01 -3.39983948e-01
 7.17909844e-01 -3.18730171e-01
 7.49643470e-01 -2.97747179e-01
 7.40661857e-01 -2.77003633e-01
 8.87204226e-01 -2.56469357e-01
 7.95893354e-01 -2.36115172e-01
 8.34752431e-01 -2.15912745e-01
 8.12064766e-01 -1.95834437e-01
 8.84037921e-01 -1.75853172e-01
 7.73028901e-01 -1.55942299e-01
 9.16035493e-01 -1.36075467e-01
 9.33005326e-01 -1.16226496e-01
 9.37895893e-01 -9.63692568e-02
 1.05273261e+00 -7.64775448e-02
 1.00435286e+00 -5.65249573e-02
 9.83058863e-01 -3.64847664e-02
 1.01965812e+00 -1.63297893e-02
 1.07654500e+00 3.96774554e-03
 9.41085942e-01 2.44363391e-02
 1.07581450e+00 4.51053700e-02
 1.12623807e+00 6.60052513e-02
 1.10103529e+00 8.71675992e-02
 1.07644665e+00 1.08625415e-01
 1.22504508e+00 1.30413280e-01
 1.22764320e+00 1.52567573e-01
 1.19731440e+00 1.75126705e-01
 1.24028419e+00 1.98131376e-01
 1.30519347e+00 2.21624870e-01
 1.32257622e+00 2.45653367e-01
 1.26132567e+00 2.70266308e-01
 1.30993579e+00 2.95516792e-01
 1.36167346e+00 3.21462032e-01
 1.34555350e+00 3.48163862e-01
 1.43403194e+00 3.75689324e-01
 1.45374101e+00 4.04111321e-01
 1.47627983e+00 4.33509378e-01
 1.58584523e+00 4.63970504e-01
 1.50812548e+00 4.95590187e-01
 1.66936989e+00 5.28473547e-01
 1.57999453e+00 5.62736665e-01
 1.63670433e+00 5.98508132e-01
 1.76675435e+00 6.35930859e-01
 1.80677410e+00 6.75164196e-01
 1.85130548e+00 7.16386419e-01
 1.85780164e+00 7.59797677e-01
 1.91559852e+00 8.05623476e-01
 1.96128906e+00 8.54118830e-01
 2.01322192e+00 9.05573211e-01
 2.11364812e+00 9.60316498e-01
 2.15761002e+00 1.01872612e+00
 2.33748308e+00 1.08123567e+00
 2.33115552e+00 1.14834538e+00
 2.39957877e+00 1.22063470e+00
 2.66550958e+00 1.29877769e+00
 2.73509443e+00 1.38356141e+00
 2.84665168e+00 1.47590821e+00
 3.10698051e+00 1.57690178e+00
 3.21184091e+00 1.68781724e+00
 3.43562949e+00 1.81015342e+00
 3.60352980e+00 1.94566315e+00
 3.93503963e+00 2.09637021e+00
 4.14350823e+00 2.26454667e+00
 4.65283940e+00 2.45258933e+00
 5.17708505e+00 2.66265219e+00
 5.82199691e+00 2.89569113e+00
 6.55375578e+00 3.14906104e+00
 7.53780942e+00 3.41039818e+00
 9.01907790e+00 3.64140658e+00
 1.08898241e+01 3.73224145e+00
 1.37917314e+01 3.36430419e+00
 1.80475072e+01 1.58592505e+00
 2.32686382e+01 -4.20681607e+00
 2.33454776e+01 -1.66695526e+01
 1.14501641e+01 -2.46898814e+01
 1.18296479e+00 -2.11950357e+01
 -2.58336257e+00 -1.59456611e+01
 -3.48335488e+00 -1.21707807e+01
 -3.64239484e+00 -9.65204904e+00
 -3.42403994e+00 -7.92798304e+00
 -3.17095410e+00 -6.69857398e+00
 -2.88983577e+00 -5.78735214e+00
 -2.54937239e+00 -5.08919742e+00
 -2.41280791e+00 -4.53920622e+00
 -2.20361168e+00 -4.09572351e+00
 -1.99161140e+00 -3.73103152e+00
 -1.80803585e+00 -3.42608155e+00
 -1.62743825e+00 -3.16740532e+00
 -1.43452482e+00 -2.94523960e+00
 -1.34701939e+00 -2.75234994e+00
 -1.22176454e+00 -2.58327082e+00
 -1.18433889e+00 -2.43380155e+00
 -1.05751911e+00 -2.30066367e+00
 -9.26255445e-01 -2.18126315e+00
 -9.14351419e-01 -2.07352190e+00
 -7.94844432e-01 -1.97575649e+00
 -8.48792275e-01 -1.88658922e+00
 -6.00296135e-01 -1.80488213e+00
 -6.60829069e-01 -1.72968724e+00
 -5.28703179e-01 -1.66020865e+00
 -4.79904778e-01 -1.59577331e+00
 -3.82795793e-01 -1.53580824e+00
 -4.61046637e-01 -1.47982265e+00
 -4.11044141e-01 -1.42739367e+00
 -3.47092737e-01 -1.37815501e+00
 -3.23869772e-01 -1.33178779e+00
 -1.49166521e-01 -1.28801303e+00
 -2.43815565e-01 -1.24658560e+00
 -2.51295108e-01 -1.20728921e+00
 -1.16681090e-01 -1.16993218e+00
 -1.03212643e-01 -1.13434406e+00
 -2.09552342e-02 -1.10037266e+00
 -7.33319902e-02 -1.06788165e+00
 2.07571297e-03 -1.03674849e+00
 -9.24907683e-03 -1.00686266e+00
 1.26086601e-01 -9.78124175e-01
 3.48404404e-02 -9.50442287e-01
 1.06884504e-01 -9.23734398e-01
 8.04244724e-02 -8.97925098e-01
 1.27401634e-01 -8.72945332e-01
 1.61792980e-01 -8.48731690e-01
 1.76119997e-01 -8.25225769e-01
 1.94530760e-01 -8.02373625e-01
 2.11161865e-01 -7.80125285e-01
 2.15269978e-01 -7.58434324e-01
 3.25549987e-01 -7.37257479e-01
 2.51084897e-01 -7.16554311e-01
 2.80678398e-01 -6.96286909e-01
 2.96961324e-01 -6.76419613e-01
 3.39100523e-01 -6.56918777e-01
 3.80007029e-01 -6.37752542e-01
 4.08416706e-01 -6.18890643e-01
 3.74128371e-01 -6.00304222e-01
 3.99486925e-01 -5.81965665e-01
 5.23008613e-01 -5.63848445e-01
 5.21408849e-01 -5.45926979e-01
 5.40441303e-01 -5.28176499e-01
 5.26816699e-01 -5.10572919e-01
 4.97191929e-01 -4.93092725e-01
 5.67923231e-01 -4.75712854e-01
 5.85313035e-01 -4.58410589e-01
 5.50697994e-01 -4.41163450e-01
 6.59399756e-01 -4.23949094e-01
 6.52031700e-01 -4.06745207e-01
 7.18065326e-01 -3.89529404e-01
 7.11260612e-01 -3.72279123e-01
 7.79700923e-01 -3.54971520e-01
 8.04383232e-01 -3.37583362e-01
 8.45038585e-01 -3.20090910e-01
 7.61403401e-01 -3.02469802e-01
 7.36601725e-01 -2.84694929e-01
 8.93913022e-01 -2.66740302e-01
 8.81261714e-01 -2.48578911e-01
 9.77196793e-01 -2.30182567e-01
 1.06482814e+00 -2.11521745e-01
 1.07393692e+00 -1.92565393e-01
 1.00949939e+00 -1.73280743e-01
 1.03322692e+00 -1.53633088e-01
 1.09222969e+00 -1.33585542e-01
 1.15426186e+00 -1.13098775e-01
 1.19186709e+00 -9.21307159e-02
 1.18113815e+00 -7.06362168e-02
 1.22520022e+00 -4.85666850e-02
 1.25278986e+00 -2.58696630e-02
 1.35380584e+00 -2.48835738e-03
 1.34441279e+00 2.16388932e-02
 1.43189129e+00 4.65792214e-02
 1.47276715e+00 7.24059153e-02
 1.55071609e+00 9.91991960e-02
 1.54413661e+00 1.27047104e-01
 1.63070616e+00 1.56046507e-01
 1.61623881e+00 1.86304253e-01
 1.68065646e+00 2.17938483e-01
 1.79940293e+00 2.51080121e-01
 1.81700365e+00 2.85874582e-01
 1.98509922e+00 3.22483687e-01
 2.03187261e+00 3.61087822e-01
 2.21495281e+00 4.01888344e-01
 2.20146222e+00 4.45110189e-01
 2.31280152e+00 4.91004644e-01
 2.44195261e+00 5.39852126e-01
 2.54126042e+00 5.91964691e-01
 2.64308052e+00 6.47687750e-01
 2.81868572e+00 7.07400060e-01
 3.07472575e+00 7.71510291e-01
 3.12703283e+00 8.40447137e-01
 3.35832723e+00 9.14637499e-01
 3.65369363e+00 9.94462713e-01
 3.92252786e+00 1.08017416e+00
 4.22439161e+00 1.17173268e+00
 4.64160347e+00 1.26850208e+00
 5.11933187e+00 1.36865536e+00
 5.59927492e+00 1.46799578e+00
 6.49728858e+00 1.55753516e+00
 7.20831030e+00 1.61830052e+00
 8.34345702e+00 1.60959912e+00
 1.00181459e+01 1.44085776e+00
 1.21598084e+01 8.99740800e-01
 1.51041399e+01 -5.38438109e-01
 1.88249211e+01 -4.16882377e+00
 2.12680441e+01 -1.23241232e+01
 1.54075179e+01 -2.31089987e+01
 3.20684006e+00 -2.47961287e+01
 -3.70805370e+00 -1.93683933e+01
 -5.59900406e+00 -1.43366645e+01
 -5.91091405e+00 -1.09408107e+01
 -5.48155058e+00 -8.70162057e+00
 -5.02376528e+00 -7.17353055e+00
 -4.47991181e+00 -6.08598894e+00
 -4.10525126e+00 -5.28172798e+00
 -3.77126140e+00 -4.66715567e+00
 -3.41533654e+00 -4.18442367e+00
 -3.15173215e+00 -3.79636825e+00
 -2.90186155e+00 -3.47824961e+00
 -2.72329463e+00 -3.21306817e+00
 -2.46965623e+00 -2.98881211e+00
 -2.29199954e+00 -2.79678268e+00
 -2.17281488e+00 -2.63054244e+00
 -2.06311575e+00 -2.48523514e+00
 -1.97087302e+00 -2.35713435e+00
 -1.72259087e+00 -2.24333665e+00
 -1.68731794e+00 -2.14154877e+00
 -1.60157508e+00 -2.04993682e+00
 -1.56898486e+00 -1.96701786e+00
 -1.36448062e+00 -1.89158042e+00
 -1.30566513e+00 -1.82262563e+00
 -1.14033569e+00 -1.75932283e+00
 -1.11702913e+00 -1.70097587e+00
 -1.11827626e+00 -1.64699703e+00
 -1.14418219e+00 -1.59688688e+00
 -9.82313759e-01 -1.55021831e+00
 -1.02453658e+00 -1.50662396e+00
 -8.66279128e-01 -1.46578618e+00
 -9.79258709e-01 -1.42742885e+00
 -7.36253012e-01 -1.39131086e+00
 -8.23859213e-01 -1.35722071e+00
 -6.82929755e-01 -1.32497206e+00
 -6.74666510e-01 -1.29440013e+00
 -6.18529820e-01 -1.26535861e+00
 -5.89838275e-01 -1.23771714e+00
 -4.77615607e-01 -1.21135915e+00
 -5.51123511e-01 -1.18618009e+00
 -5.18228577e-01 -1.16208585e+00
 -4.15374547e-01 -1.13899151e+00
 -3.99464020e-01 -1.11682015e+00
 -4.50217638e-01 -1.09550197e+00
 -4.28449267e-01 -1.07497339e+00
 -3.79767367e-01 -1.05517637e+00
 -2.50701575e-01 -1.03605780e+00
 -3.13984546e-01 -1.01756890e+00
 -2.59829437e-01 -9.99664826e-01
 -1.47751903e-01 -9.82304171e-01
 -1.68472395e-01 -9.65448652e-01
 -1.26534914e-01 -9.49062766e-01
 -1.51110207e-01 -9.33113504e-01
 -6.28311094e-02 -9.17570099e-01
 -9.78732633e-02 -9.02403792e-01
 -3.00140025e-03 -8.87587634e-01
 6.16298191e-02 -8.73096298e-01
 5.58971121e-02 -8.58905920e-01
 1.33628984e-02 -8.44993943e-01
 8.18011514e-02 -8.31338987e-01
 1.83954376e-03 -8.17920723e-01
 1.25622542e-01 -8.04719762e-01
 1.88459067e-01 -7.91717550e-01
 1.66904692e-01 -7.78896270e-01
 7.38112046e-02 -7.66238760e-01
 2.10948989e-01 -7.53728423e-01
 1.79527720e-01 -7.41349152e-01
 2.53555092e-01 -7.29085257e-01
 1.98608401e-01 -7.16921393e-01
 2.19126479e-01 -7.04842496e-01
 3.09580633e-01 -6.92833715e-01
 3.87959443e-01 -6.80880351e-01
 3.04348739e-01 -6.68967797e-01
 3.82092979e-01 -6.57081472e-01
 4.22372421e-01 -6.45206767e-01
 4.75480979e-01 -6.33328980e-01
 5.34310613e-01 -6.21433257e-01
 5.07762907e-01 -6.09504529e-01
 5.55868995e-01 -5.97527450e-01
 5.27065580e-01 -5.85486330e-01
 5.90732904e-01 -5.73365066e-01
 5.66156898e-01 -5.61147079e-01
 6.49635609e-01 -5.48815232e-01
 7.24431167e-01 -5.36351760e-01
 6.16500538e-01 -5.23738189e-01
 6.50139946e-01 -5.10955255e-01
 8.39556565e-01 -4.97982811e-01
 8.14828929e-01 -4.84799748e-01
 9.18642487e-01 -4.71383893e-01
 9.03203446e-01 -4.57711922e-01
 9.36474274e-01 -4.43759262e-01
 1.05734584e+00 -4.29500002e-01
 1.06190888e+00 -4.14906810e-01
 1.06387237e+00 -3.99950851e-01
 1.18037804e+00 -3.84601743e-01
 1.20292824e+00 -3.68827522e-01
 1.18492323e+00 -3.52594671e-01
 1.30924610e+00 -3.35868205e-01
 1.32000714e+00 -3.18611863e-01
 1.50203330e+00 -3.00788443e-01
 1.48884344e+00 -2.82360352e-01
 1.62402491e+00 -2.63290460e-01
 1.70242388e+00 -2.43543405e-01
 1.74995060e+00 -2.23087544e-01
 1.91425633e+00 -2.01897849e-01
 1.96012401e+00 -1.79960201e-01
 2.16577253e+00 -1.57277751e-01
 2.24216364e+00 -1.33880370e-01
 2.41982166e+00 -1.09838792e-01
 2.41646762e+00 -8.52859377e-02
 2.67521396e+00 -6.04494457e-02
 2.82701677e+00 -3.57019290e-02
 3.16750774e+00 -1.16398752e-02
 3.41832970e+00 1.07902037e-02
 3.60921323e+00 3.00857295e-02
 3.98899216e+00 4.38431597e-02
 4.34541699e+00 4.81641035e-02
 4.83484047e+00 3.65989495e-02
 5.37431748e+00 -1.80347711e-03
 6.00135663e+00 -8.62532766e-02
 6.80711932e+00 -2.51814239e-01
 7.99904184e+00 -5.65583595e-01
 9.47711211e+00 -1.16302181e+00
 1.13694055e+01 -2.33255175e+00
 1.38379563e+01 -4.70453332e+00
 1.58603654e+01 -9.51029243e+00
 1.46273433e+01 -1.75679346e+01
 5.88475804e+00 -2.35515475e+01
 -3.35546312e+00 -2.09133705e+01
 -7.05900564e+00 -1.53971512e+01
 -7.66519093e+00 -1.12312311e+01
 -7.14804350e+00 -8.53796832e+00
 -6.49566346e+00 -6.78676012e+00
 -5.91281521e+00 -5.60163101e+00
 -5.35297956e+00 -4.76444855e+00
 -4.77545404e+00 -4.14993487e+00
 -4.43138608e+00 -3.68386700e+00
 -4.04703523e+00 -3.32049777e+00
 -3.81592998e+00 -3.03051901e+00
 -3.50734373e+00 -2.79448076e+00
 -3.21058671e+00 -2.59906440e+00
 -3.00838044e+00 -2.43489420e+00
 -2.80241234e+00 -2.29520717e+00
 -2.65274898e+00 -2.17501873e+00
 -2.54362739e+00 -2.07058415e+00
 -2.41720620e+00 -1.97904180e+00
 -2.16913804e+00 -1.89817128e+00
 -2.13253550e+00 -1.82622597e+00
 -2.02626288e+00 -1.76181474e+00
 -1.87182311e+00 -1.70381712e+00
 -1.80578800e+00 -1.65132133e+00
 -1.73477479e+00 -1.60357845e+00
 -1.68718125e+00 -1.55996802e+00
 -1.55956853e+00 -1.51997192e+00
 -1.62003408e+00 -1.48315433e+00
 -1.46529845e+00 -1.44914620e+00
 -1.45898315e+00 -1.41763302e+00
 -1.38557914e+00 -1.38834521e+00
 -1.37805406e+00 -1.36105047e+00
 -1.31806207e+00 -1.33554754e+00
 -1.34055898e+00 -1.31166130e+00
 -1.10699372e+00 -1.28923863e+00
 -1.15972299e+00 -1.26814512e+00
 -1.13327199e+00 -1.24826230e+00
 -1.03574278e+00 -1.22948537e+00
 -1.00855158e+00 -1.21172129e+00
 -9.23716041e-01 -1.19488720e+00
 -1.01365983e+00 -1.17890903e+00
 -9.39259702e-01 -1.16372043e+00
 -9.07375089e-01 -1.14926175e+00
 -8.07519224e-01 -1.13547925e+00
 -7.95536361e-01 -1.12232436e+00
 -8.43816105e-01 -1.10975310e+00
 -7.94268264e-01 -1.09772555e+00
 -6.85583306e-01 -1.08620538e+00
 -7.34733005e-01 -1.07515949e+00
 -6.92997979e-01 -1.06455762e+00
 -6.28645150e-01 -1.05437210e+00
 -6.09879740e-01 -1.04457754e+00
 -6.05867083e-01 -1.03515063e+00
 -5.70626933e-01 -1.02606994e+00
 -6.43982248e-01 -1.01731572e+00
 -4.99467490e-01 -1.00886975e+00
 -4.44172955e-01 -1.00071521e+00
 -5.56357629e-01 -9.92836534e-01
 -5.25021760e-01 -9.85219332e-01
 -3.34624157e-01 -9.77850262e-01
 -3.28622475e-01 -9.70716958e-01
 -3.75486686e-01 -9.63807950e-01
 -3.55780634e-01 -9.57112596e-01
 -3.00646435e-01 -9.50621018e-01
 -2.76855834e-01 -9.44324055e-01
 -4.33752281e-01 -9.38213209e-01
 -2.09798410e-01 -9.32280606e-01
 -3.08916755e-01 -9.26518962e-01
 -2.01319147e-01 -9.20921550e-01
 -2.06264839e-01 -9.15482174e-01
 -2.31419707e-01 -9.10195150e-01
 -6.19632151e-02 -9.05055287e-01
 -1.81797436e-02 -9.00057877e-01
 -7.74128145e-02 -8.95198684e-01
 7.02425600e-02 -8.90473948e-01
 -8.13644268e-02 -8.85880379e-01
 5.44114313e-02 -8.81415175e-01
 -4.28597577e-03 -8.77076023e-01
 8.49194846e-02 -8.72861133e-01
 1.68793547e-01 -8.68769252e-01
 1.24205200e-01 -8.64799712e-01
 1.12507437e-01 -8.60952463e-01
 7.49531784e-02 -8.57228139e-01
 2.43554826e-01 -8.53628121e-01
 1.51155284e-01 -8.50154620e-01
 1.99831117e-01 -8.46810782e-01
 3.28900685e-01 -8.43600808e-01
 3.59517883e-01 -8.40530104e-01
 4.12602181e-01 -8.37605457e-01
 3.58102112e-01 -8.34835256e-01
 4.60303416e-01 -8.32229751e-01
 5.02901996e-01 -8.29801374e-01
 4.53004786e-01 -8.27565129e-01
 5.04198488e-01 -8.25539068e-01
 6.57833932e-01 -8.23744874e-01
 6.83909396e-01 -8.22208585e-01
 6.98512679e-01 -8.20961492e-01
 7.62423999e-01 -8.20041250e-01
 6.94925633e-01 -8.19493286e-01
 8.50951177e-01 -8.19372562e-01
 8.76089310e-01 -8.19745827e-01
 8.20894282e-01 -8.20694491e-01
 1.01734420e+00 -8.22318343e-01
 1.02822262e+00 -8.24740380e-01
 1.20554465e+00 -8.28113154e-01
 1.31495492e+00 -8.32627187e-01
 1.33917374e+00 -8.38522247e-01
 1.53232547e+00 -8.46102636e-01
 1.50685096e+00 -8.55758178e-01
 1.65087296e+00 -8.67993407e-01
 1.87050971e+00 -8.83468795e-01
 1.91787895e+00 -9.03059904e-01
 2.09873430e+00 -9.27943788e-01
 2.35144746e+00 -9.59727709e-01
 2.58015125e+00 -1.00064505e+00
 2.81143374e+00 -1.05386078e+00
 3.22117390e+00 -1.12396070e+00
 3.35158395e+00 -1.21775865e+00
 3.78657108e+00 -1.34567351e+00
 4.29594277e+00 -1.52416677e+00
 4.89977792e+00 -1.78023595e+00
 5.55863464e+00 -2.16006206e+00
 6.34914576e+00 -2.74635591e+00
 7.42598510e+00 -3.69412520e+00
 8.67359000e+00 -5.30234305e+00
 9.72993388e+00 -8.12138746e+00
 9.73594336e+00 -1.28156626e+01
 5.55298015e+00 -1.82671312e+01
 -2.49070209e+00 -1.90872399e+01
 -7.73673169e+00 -1.46523126e+01
 -8.83028173e+00 -1.01482925e+01
 -8.36982297e+00 -7.18309420e+00
 -7.51734783e+00 -5.36068486e+00
 -6.58711792e+00 -4.21212791e+00
 -6.00627775e+00 -3.45513678e+00
 -5.35721215e+00 -2.93363762e+00
 -4.88234003e+00 -2.56007783e+00
 -4.49073891e+00 -2.28343338e+00
 -4.09292054e+00 -2.07270144e+00
 -3.79860314e+00 -1.90828771e+00
 -3.53451767e+00 -1.77736119e+00
 -3.38016340e+00 -1.67125139e+00
 -3.21025640e+00 -1.58393452e+00
 -3.04072175e+00 -1.51112182e+00
 -2.76219113e+00 -1.44969285e+00
 -2.67605128e+00 -1.39733300e+00
 -2.52162593e+00 -1.35229556e+00
 -2.44106636e+00 -1.31324179e+00
 -2.23077984e+00 -1.27913127e+00
 -2.22369001e+00 -1.24914515e+00
 -2.11332643e+00 -1.22263150e+00
 -2.01546304e+00 -1.19906586e+00
 -1.99528442e+00 -1.17802227e+00
 -1.91700726e+00 -1.15915169e+00
 -1.78833756e+00 -1.14216583e+00
 -1.77676610e+00 -1.12682477e+00
 -1.80902728e+00 -1.11292748e+00
 -1.71443726e+00 -1.10030445e+00
 -1.54504607e+00 -1.08881187e+00
 -1.54237471e+00 -1.07832712e+00
 -1.46896675e+00 -1.06874507e+00
 -1.55707529e+00 -1.05997518e+00
 -1.40482811e+00 -1.05193914e+00
 -1.42386155e+00 -1.04456892e+00
 -1.36392399e+00 -1.03780523e+00
 -1.28792589e+00 -1.03159622e+00
 -1.29771344e+00 -1.02589637e+00
 -1.25722949e+00 -1.02066564e+00
 -1.29207157e+00 -1.01586872e+00
 -1.22127963e+00 -1.01147436e+00
 -1.19403290e+00 -1.00745491e+00
 -1.10540540e+00 -1.00378581e+00
 -1.13497130e+00 -1.00044525e+00
 -1.13122748e+00 -9.97413838e-01
 -1.11628670e+00 -9.94674321e-01
 -9.33112858e-01 -9.92211343e-01
 -1.07661223e+00 -9.90011251e-01
 -9.78135983e-01 -9.88061917e-01
 -9.76767918e-01 -9.86352585e-01
 -9.07399764e-01 -9.84873745e-01
 -1.09228674e+00 -9.83617020e-01
 -8.57207101e-01 -9.82575067e-01
 -7.90566784e-01 -9.81741499e-01
 -9.22825853e-01 -9.81110809e-01
 -7.34748499e-01 -9.80678314e-01
 -7.94405342e-01 -9.80440100e-01
 -7.81158707e-01 -9.80392979e-01
 -7.84474386e-01 -9.80534459e-01
 -8.14190976e-01 -9.80862707e-01
 -7.95651309e-01 -9.81376534e-01
 -6.81010506e-01 -9.82075375e-01
 -7.20015596e-01 -9.82959278e-01
 -7.26660961e-01 -9.84028900e-01
 -7.21341382e-01 -9.85285509e-01
 -5.91064666e-01 -9.86730985e-01
 -5.56440658e-01 -9.88367831e-01
 -6.70246377e-01 -9.90199195e-01
 -7.35005401e-01 -9.92228885e-01
 -5.38008556e-01 -9.94461398e-01
 -5.77634556e-01 -9.96901958e-01
 -5.48077028e-01 -9.99556552e-01
 -4.61551018e-01 -1.00243198e+00
 -4.91641163e-01 -1.00553592e+00
 -4.31969363e-01 -1.00887697e+00
 -4.51901613e-01 -1.01246475e+00
 -4.43210584e-01 -1.01630999e+00
 -3.80905701e-01 -1.02042462e+00
 -4.81025758e-01 -1.02482186e+00
 -3.30753663e-01 -1.02951642e+00
 -3.53048902e-01 -1.03452460e+00
 -3.99273443e-01 -1.03986448e+00
 -2.32420928e-01 -1.04555614e+00
 -2.40292718e-01 -1.05162188e+00
 -2.53557311e-01 -1.05808649e+00
 -1.65030846e-01 -1.06497758e+00
 -2.06098841e-01 -1.07232595e+00
 -1.71132368e-01 -1.08016601e+00
 -1.27890360e-01 -1.08853630e+00
 -1.60437254e-01 -1.09748005e+00
 -3.81948169e-02 -1.10704594e+00
 1.08766687e-02 -1.11728887e+00
 1.10241111e-02 -1.12827099e+00
 9.86218375e-02 -1.14006285e+00
 1.04000339e-01 -1.15274488e+00
 -2.83333111e-02 -1.16640902e+00
 2.09050452e-01 -1.18116092e+00
 1.21437448e-01 -1.19712238e+00
 1.46189112e-01 -1.21443461e+00
 1.73483166e-01 -1.23326205e+00
 3.00269562e-01 -1.25379725e+00
 3.81653306e-01 -1.27626703e+00
 3.52970146e-01 -1.30094023e+00
 4.27317371e-01 -1.32813764e+00
 5.26938563e-01 -1.35824488e+00
 4.68112724e-01 -1.39172918e+00
 6.40801702e-01 -1.42916154e+00
 6.77370844e-01 -1.47124640e+00
 7.70562278e-01 -1.51886173e+00
 9.99323876e-01 -1.57311425e+00
 9.90439131e-01 -1.63541634e+00
 1.09883105e+00 -1.70759533e+00
 1.28042122e+00 -1.79205149e+00
 1.44015706e+00 -1.89199135e+00
 1.47841658e+00 -2.01177985e+00
 1.81192647e+00 -2.15748549e+00
 1.91148562e+00 -2.33774695e+00
 2.12115600e+00 -2.56519196e+00
 2.48337782e+00 -2.85883222e+00
 2.74809567e+00 -3.24823119e+00
 3.21483642e+00 -3.78094207e+00
 3.51859531e+00 -4.53586689e+00
 3.95503165e+00 -5.64592423e+00
 4.24602099e+00 -7.32526091e+00
 3.78470661e+00 -9.82664220e+00
 1.58310307e+00 -1.29265852e+01
 -3.31355709e+00 -1.44017927e+01
 -8.20111426e+00 -1.16601531e+01
 -9.72520853e+00 -7.40223008e+00
 -9.01212961e+00 -4.43560545e+00
 -7.79073202e+00 -2.76881423e+00
 -6.78328219e+00 -1.85344186e+00
 -6.03896325e+00 -1.33523894e+00
 -5.24226096e+00 -1.03043406e+00
 -4.79166706e+00 -8.45133259e-01
 -4.37225252e+00 -7.29735597e-01
 -3.92812790e+00 -6.56868381e-01
 -3.69080119e+00 -6.10765539e-01
 -3.36040553e+00 -5.81988355e-01
 -3.15688113e+00 -5.64691311e-01
 -3.02226709e+00 -5.55146266e-01
 -2.83574476e+00 -5.50914505e-01
 -2.73219108e+00 -5.50365669e-01
 -2.50752541e+00 -5.52389316e-01
 -2.44942641e+00 -5.56217042e-01
 -2.37890624e+00 -5.61309994e-01
 -2.39477558e+00 -5.67286120e-01
 -2.23262057e+00 -5.73872156e-01
 -2.06986170e+00 -5.80871366e-01
 -2.24246782e+00 -5.88141509e-01
 -1.98224688e+00 -5.95579567e-01
 -1.95868406e+00 -6.03111018e-01
 -1.85424231e+00 -6.10682218e-01
 -1.85073762e+00 -6.18254919e-01
 -1.76380463e+00 -6.25802303e-01
 -1.76876128e+00 -6.33306070e-01
 -1.73152349e+00 -6.40754299e-01
 -1.69952843e+00 -6.48139853e-01
 -1.58558433e+00 -6.55459196e-01
 -1.54449978e+00 -6.62711496e-01
 -1.51961341e+00 -6.69897956e-01
 -1.56760107e+00 -6.77021304e-01
 -1.53175070e+00 -6.84085410e-01
 -1.36386011e+00 -6.91094991e-01
 -1.47377763e+00 -6.98055393e-01
 -1.44656448e+00 -7.04972420e-01
 -1.43588282e+00 -7.11852213e-01
 -1.38335958e+00 -7.18701151e-01
 -1.42884156e+00 -7.25525783e-01
 -1.37595213e+00 -7.32332780e-01
 -1.24233050e+00 -7.39128896e-01
 -1.26435708e+00 -7.45920949e-01
 -1.23465227e+00 -7.52715802e-01
 -1.20783018e+00 -7.59520358e-01
 -1.30890336e+00 -7.66341561e-01
 -1.25196679e+00 -7.73186395e-01
 -1.26728490e+00 -7.80061896e-01
 -1.20499599e+00 -7.86975159e-01
 -1.13511804e+00 -7.93933352e-01
 -1.14266902e+00 -8.00943735e-01
 -1.06992452e+00 -8.08013672e-01
 -1.14134976e+00 -8.15150656e-01
 -1.11129427e+00 -8.22362328e-01
 -1.01141514e+00 -8.29656502e-01
 -1.05586974e+00 -8.37041186e-01
 -9.92124779e-01 -8.44524616e-01
 -1.05728114e+00 -8.52115280e-01
 -1.01993781e+00 -8.59821951e-01
 -9.10892343e-01 -8.67653721e-01
 -1.08341234e+00 -8.75620040e-01
 -1.01421590e+00 -8.83730748e-01
 -9.82928308e-01 -8.91996128e-01
 -9.38082615e-01 -9.00426943e-01
 -9.99066039e-01 -9.09034493e-01
 -9.77988657e-01 -9.17830665e-01
 -9.21105103e-01 -9.26827998e-01
 -9.24077559e-01 -9.36039743e-01
 -9.77210895e-01 -9.45479941e-01
 -8.58541764e-01 -9.55163499e-01
 -9.08951536e-01 -9.65106282e-01
 -9.49054208e-01 -9.75325204e-01
 -8.65535954e-01 -9.85838343e-01
 -9.24827452e-01 -9.96665060e-01
 -8.08886742e-01 -1.00782613e+00
 -8.56348063e-01 -1.01934390e+00
 -8.13521995e-01 -1.03124244e+00
 -7.85626726e-01 -1.04354778e+00
 -8.49342582e-01 -1.05628804e+00
 -7.49607959e-01 -1.06949378e+00
 -7.85474589e-01 -1.08319818e+00
 -7.37237597e-01 -1.09743740e+00
 -7.07395925e-01 -1.11225094e+00
 -6.21280320e-01 -1.12768204e+00
 -7.12992300e-01 -1.14377812e+00
 -8.07143387e-01 -1.16059139e+00
 -7.05318389e-01 -1.17817940e+00
 -6.36804731e-01 -1.19660582e+00
 -6.81856662e-01 -1.21594123e+00
 -6.58004437e-01 -1.23626417e+00
 -7.15455322e-01 -1.25766226e+00
 -6.28442334e-01 -1.28023355e+00
 -6.36260888e-01 -1.30408818e+00
 -5.06150645e-01 -1.32935025e+00
 -4.79185944e-01 -1.35616018e+00
 -6.04705108e-01 -1.38467741e+00
 -6.36558409e-01 -1.41508379e+00
 -4.76390187e-01 -1.44758761e+00
 -4.80413750e-01 -1.48242861e+00
 -4.22152464e-01 -1.51988404e+00
 -4.37645575e-01 -1.56027636e+00
 -2.79087558e-01 -1.60398263e+00
 -4.35138145e-01 -1.65144660e+00
 -3.04439182e-01 -1.70319388e+00
 -3.67730503e-01 -1.75985152e+00
 -3.34463348e-01 -1.82217338e+00
 -3.51274812e-01 -1.89107334e+00
 -2.87589365e-01 -1.96766939e+00
 -2.25279638e-01 -2.05334272e+00
 -1.47106455e-01 -2.14981823e+00
 -9.01679243e-02 -2.25927550e+00
 -1.55758391e-01 -2.38450445e+00
 -8.97823295e-02 -2.52912688e+00
 3.62902448e-02 -2.69791758e+00
 1.15954499e-01 -2.89727749e+00
 1.12897529e-01 -3.13594250e+00
 2.31857485e-01 -3.42605925e+00
 7.12537091e-02 -3.78482526e+00
 1.20576453e-01 -4.23694627e+00
 1.40795671e-01 -4.81803324e+00
 -1.03941704e-01 -5.57792097e+00
 -4.02438360e-01 -6.57714535e+00
 -1.30919480e+00 -7.84490648e+00
 -3.05429167e+00 -9.17973044e+00
 -6.41995594e+00 -9.58414784e+00
 -1.00442428e+01 -7.31637228e+00
 -1.10729300e+01 -3.23513154e+00
 -9.64475742e+00 -3.06647353e-01
 -7.86658822e+00 1.01215082e+00
 -6.45295326e+00 1.46109338e+00
 -5.35488061e+00 1.54080789e+00
 -4.60692703e+00 1.47597878e+00
 -4.08470597e+00 1.35964120e+00
 -3.57984658e+00 1.22998700e+00
 -3.22977457e+00 1.10251681e+00
 -3.00054473e+00 9.83148801e-01
 -2.88442902e+00 8.73689844e-01
 -2.69378913e+00 7.74193512e-01
 -2.48111491e+00 6.84003438e-01
 -2.37063042e+00 6.02221151e-01
 -2.32036516e+00 5.27914124e-01
 -2.21467679e+00 4.60204037e-01
 -2.14324911e+00 3.98299379e-01
 -2.01953420e+00 3.41502422e-01
 -1.89538046e+00 2.89204916e-01
 -1.89682995e+00 2.40879344e-01
 -1.86466551e+00 1.96068998e-01
 -1.71599803e+00 1.54378338e-01
 -1.75660821e+00 1.15464245e-01
 -1.68508163e+00 7.90283596e-02
 -1.66931367e+00 4.48104962e-02
 -1.63182864e+00 1.25830391e-02
 -1.45744477e+00 -1.78537969e-02
 -1.59381182e+00 -4.66759672e-02
 -1.46598460e+00 -7.40389711e-02
 -1.55965430e+00 -1.00080701e-01
 -1.45630530e+00 -1.24923849e-01
 -1.43665942e+00 -1.48677954e-01
 -1.50215059e+00 -1.71441128e-01
 -1.44203487e+00 -1.93301541e-01
 -1.36144953e+00 -2.14338682e-01
 -1.35896379e+00 -2.34624444e-01
 -1.37656023e+00 -2.54224051e-01
 -1.29518371e+00 -2.73196869e-01
 -1.27264960e+00 -2.91597098e-01
 -1.39754807e+00 -3.09474377e-01
 -1.40250251e+00 -3.26874315e-01
 -1.34778991e+00 -3.43838945e-01
 -1.38291781e+00 -3.60407136e-01
 -1.33659592e+00 -3.76614944e-01
 -1.18523592e+00 -3.92495929e-01
 -1.28362989e+00 -4.08081432e-01
 -1.22877992e+00 -4.23400828e-01
 -1.31982395e+00 -4.38481740e-01
 -1.26761274e+00 -4.53350247e-01
 -1.26907569e+00 -4.68031057e-01
 -1.26565771e+00 -4.82547672e-01
 -1.35505602e+00 -4.96922536e-01
 -1.17761305e+00 -5.11177169e-01
 -1.22087950e+00 -5.25332293e-01
 -1.17206621e+00 -5.39407949e-01
 -1.24129477e+00 -5.53423597e-01
 -1.32897367e+00 -5.67398226e-01
 -1.18913254e+00 -5.81350446e-01
 -1.20130539e+00 -5.95298576e-01
 -1.21181714e+00 -6.09260737e-01
 -1.18023645e+00 -6.23254933e-01
 -1.25843712e+00 -6.37299139e-01
 -1.17418029e+00 -6.51411380e-01
 -1.17877765e+00 -6.65609814e-01
 -1.03650286e+00 -6.79912819e-01
 -1.13940349e+00 -6.94339074e-01
 -1.17045456e+00 -7.08907648e-01
 -1.17783119e+00 -7.23638093e-01
 -1.22767652e+00 -7.38550535e-01
 -1.13667697e+00 -7.53665778e-01
 -1.15352006e+00 -7.69005407e-01
 -1.13603766e+00 -7.84591904e-01
 -1.09197455e+00 -8.00448771e-01
 -1.09474826e+00 -8.16600658e-01
 -1.16680117e+00 -8.33073514e-01
 -1.12770288e+00 -8.49894741e-01
 -1.10970001e+00 -8.67093367e-01
 -1.18471653e+00 -8.84700240e-01
 -1.12578987e+00 -9.02748239e-01
 -1.15244637e+00 -9.21272512e-01
 -1.20473442e+00 -9.40310738e-01
 -1.07991308e+00 -9.59903424e-01
 -1.10900857e+00 -9.80094240e-01
 -1.10631992e+00 -1.00093039e+00
 -1.03077243e+00 -1.02246306e+00
 -1.14230374e+00 -1.04474785e+00
 -1.14207488e+00 -1.06784539e+00
 -1.13102070e+00 -1.09182193e+00
 -1.03691234e+00 -1.11675009e+00
 -1.14396134e+00 -1.14270967e+00
 -1.18251173e+00 -1.16978864e+00
 -1.12693467e+00 -1.19808426e+00
 -1.06985887e+00 -1.22770436e+00
 -1.20489645e+00 -1.25876892e+00
 -1.13594723e+00 -1.29141183e+00
 -1.06763192e+00 -1.32578303e+00
 -1.08644274e+00 -1.36205100e+00
 -1.19992937e+00 -1.40040581e+00
 -1.13952323e+00 -1.44106266e+00
 -1.26490292e+00 -1.48426620e+00
 -1.13782298e+00 -1.53029579e+00
 -1.15917010e+00 -1.57947182e+00
 -1.13551962e+00 -1.63216351e+00
 -1.14930932e+00 -1.68879852e+00
 -1.17093905e+00 -1.74987480e+00
 -1.29132310e+00 -1.81597553e+00
 -1.26776321e+00 -1.88778775e+00
 -1.27361962e+00 -1.96612613e+00
 -1.29645805e+00 -2.05196323e+00
 -1.34982950e+00 -2.14646855e+00
 -1.29796230e+00 -2.25105913e+00
 -1.38519596e+00 -2.36746578e+00
 -1.37286666e+00 -2.49782005e+00
 -1.41453484e+00 -2.64476925e+00
 -1.54950598e+00 -2.81162820e+00
 -1.65537738e+00 -3.00257821e+00
 -1.78400227e+00 -3.22292156e+00
 -1.84680329e+00 -3.47938744e+00
 -2.09623427e+00 -3.78044047e+00
 -2.35158347e+00 -4.13640168e+00
 -2.63011598e+00 -4.55876585e+00
 -3.16157762e+00 -5.05680589e+00
 -3.89341259e+00 -5.62559733e+00
 -5.06778537e+00 -6.20766783e+00
 -6.96506881e+00 -6.57943217e+00
 -9.66224515e+00 -6.08705111e+00
 -1.25954712e+01 -3.54057782e+00
 -1.31765154e+01 1.01135134e+00
 -1.08951029e+01 4.58284481e+00
 -7.99286178e+00 5.75392458e+00
 -5.66660267e+00 5.59496010e+00
 -4.25682621e+00 5.03212655e+00
 -3.34473804e+00 4.42769028e+00
 -2.84378603e+00 3.88557188e+00
 -2.39874925e+00 3.42357268e+00
 -2.01383734e+00 3.03482620e+00
 -1.86278142e+00 2.70730337e+00
 -1.70466757e+00 2.42952757e+00
 -1.57827529e+00 2.19192525e+00
 -1.54895421e+00 1.98685913e+00
 -1.43996405e+00 1.80832178e+00
 -1.40784740e+00 1.65159405e+00
 -1.42661024e+00 1.51295227e+00
 -1.27025635e+00 1.38943722e+00
 -1.23456533e+00 1.27867774e+00
 -1.21118253e+00 1.17875746e+00
 -1.30532439e+00 1.08811424e+00
 -1.12436319e+00 1.00546415e+00
 -1.33653800e+00 9.29743526e-01
 -1.15032202e+00 8.60064539e-01
 -1.17851070e+00 7.95680869e-01
 -1.16814241e+00 7.35960951e-01
 -1.03268351e+00 6.80366962e-01
 -1.24864879e+00 6.28438192e-01
 -1.15542135e+00 5.79777781e-01
 -1.09326847e+00 5.34042066e-01
 -1.17869857e+00 4.90931965e-01
 -1.08084044e+00 4.50185967e-01
 -1.15208241e+00 4.11574380e-01
 -1.07636759e+00 3.74894600e-01
 -1.07783030e+00 3.39967185e-01
 -1.15195056e+00 3.06632584e-01
 -1.05981091e+00 2.74748401e-01
 -1.19758629e+00 2.44187083e-01
 -1.08136366e+00 2.14833976e-01
 -1.18194899e+00 1.86585664e-01
 -1.08849658e+00 1.59348557e-01
 -1.20082822e+00 1.33037680e-01
 -1.08677400e+00 1.07575630e-01
 -1.10606841e+00 8.28916754e-02
 -1.20571481e+00 5.89209765e-02
 -1.19026132e+00 3.56039044e-02
 -1.12519376e+00 1.28854485e-02
 -1.09746922e+00 -9.28530511e-03
 -1.18933068e+00 -3.09556312e-02
 -1.07187857e+00 -5.21695713e-02
 -1.11127264e+00 -7.29682921e-02
 -1.12969157e+00 -9.33904065e-02
 -1.14169332e+00 -1.13472259e-01
 -1.19291975e+00 -1.33248183e-01
 -1.07948345e+00 -1.52750733e-01
 -1.14742007e+00 -1.72010894e-01
 -1.10967581e+00 -1.91058276e-01
 -1.12819284e+00 -2.09921287e-01
 -1.10466510e+00 -2.28627293e-01
 -1.14066284e+00 -2.47202777e-01
 -1.18371280e+00 -2.65673468e-01
 -1.22891013e+00 -2.84064485e-01
 -1.16742049e+00 -3.02400452e-01
 -1.20788218e+00 -3.20705629e-01
 -1.16917335e+00 -3.39004018e-01
 -1.21698150e+00 -3.57319486e-01
 -1.24981118e+00 -3.75675870e-01
 -1.25242744e+00 -3.94097091e-01
 -1.13820241e+00 -4.12607265e-01
 -1.18062084e+00 -4.31230816e-01
 -1.16671210e+00 -4.49992592e-01
 -1.17049286e+00 -4.68917985e-01
 -1.20985718e+00 -4.88033055e-01
 -1.25076737e+00 -5.07364660e-01
 -1.25489695e+00 -5.26940597e-01
 -1.23839782e+00 -5.46789748e-01
 -1.27852822e+00 -5.66942241e-01
 -1.23177613e+00 -5.87429618e-01
 -1.29551153e+00 -6.08285027e-01
 -1.29065523e+00 -6.29543420e-01
 -1.20106310e+00 -6.51241785e-01
 -1.34319258e+00 -6.73419384e-01
 -1.34580251e+00 -6.96118034e-01
 -1.25992029e+00 -7.19382412e-01
 -1.33500695e+00 -7.43260391e-01
 -1.29822730e+00 -7.67803427e-01
 -1.29233306e+00 -7.93066987e-01
 -1.35499125e+00 -8.19111034e-01
 -1.38053319e+00 -8.46000578e-01
 -1.43504233e+00 -8.73806301e-01
 -1.48414268e+00 -9.02605270e-01
 -1.50989949e+00 -9.32481753e-01
 -1.45461881e+00 -9.63528157e-01
 -1.37912106e+00 -9.95846105e-01
 -1.47020762e+00 -1.02954769e+00
 -1.49711088e+00 -1.06475690e+00
 -1.52092334e+00 -1.10161135e+00
 -1.54813318e+00 -1.14026421e+00
 -1.54742634e+00 -1.18088650e+00
 -1.60718734e+00 -1.22366989e+00
 -1.54818234e+00 -1.26882980e+00
 -1.62441484e+00 -1.31660932e+00
 -1.70560248e+00 -1.36728367e+00
 -1.81573978e+00 -1.42116567e+00
 -1.87527815e+00 -1.47861224e+00
 -1.76791472e+00 -1.54003225e+00
 -1.82896379e+00 -1.60589599e+00
 -1.89204567e+00 -1.67674668e+00
 -2.05107953e+00 -1.75321435e+00
 -1.98014997e+00 -1.83603279e+00
 -2.12959916e+00 -1.92606000e+00
 -2.15675612e+00 -2.02430280e+00
 -2.35579610e+00 -2.13194607e+00
 -2.39875625e+00 -2.25038664e+00
 -2.56337671e+00 -2.38127047e+00
 -2.70558647e+00 -2.52652935e+00
 -2.89726500e+00 -2.68840661e+00
 -3.03986948e+00 -2.86944761e+00
 -3.31337133e+00 -3.07239967e+00
 -3.69417110e+00 -3.29989449e+00
 -4.08547660e+00 -3.55362091e+00
 -4.64627099e+00 -3.83229628e+00
 -5.23290759e+00 -4.12675511e+00
 -6.09886478e+00 -4.40795792e+00
 -7.41673302e+00 -4.59738338e+00
 -9.31814883e+00 -4.49508593e+00
 -1.17023919e+01 -3.62659857e+00
 -1.43908988e+01 -1.09270976e+00
 -1.54741592e+01 3.70493605e+00
 -1.31673526e+01 8.67046696e+00
 -8.65572731e+00 1.06737548e+01
 -5.08893511e+00 1.01772378e+01
 -2.97957411e+00 8.88059714e+00
 -1.66266197e+00 7.58823442e+00
 -1.13606982e+00 6.50179692e+00
 -7.71636355e-01 5.62672804e+00
 -5.52228472e-01 4.92501724e+00
 -3.99378203e-01 4.35747436e+00
 -2.93433862e-01 3.89256942e+00
 -2.90067244e-01 3.50656228e+00
 -2.10156044e-01 3.18187041e+00
 -3.26963673e-01 2.90544864e+00
 -3.04968140e-01 2.66752965e+00
 -3.85695543e-01 2.46071229e+00
 -3.68700674e-01 2.27931604e+00
 -3.58309068e-01 2.11892516e+00
 -3.14571121e-01 1.97606491e+00
 -3.32870086e-01 1.84796934e+00
 -4.40331940e-01 1.73241296e+00
 -3.25309095e-01 1.62758709e+00
 -5.59226846e-01 1.53200814e+00
 -4.11157872e-01 1.44444865e+00
 -5.04252492e-01 1.36388492e+00
 -6.07981900e-01 1.28945682e+00
 -5.66598950e-01 1.22043666e+00
 -5.59945197e-01 1.15620482e+00
 -5.81020735e-01 1.09623046e+00
 -5.11604946e-01 1.04005629e+00
 -5.45596548e-01 9.87286251e-01
 -6.03234173e-01 9.37575580e-01
 -5.81857477e-01 8.90622779e-01
 -6.47731875e-01 8.46162989e-01
 -7.01262729e-01 8.03962547e-01
 -6.61089503e-01 7.63814478e-01
 -6.75854883e-01 7.25534737e-01
 -7.06788325e-01 6.88959062e-01
 -6.93982744e-01 6.53940317e-01
 -7.07051862e-01 6.20346261e-01
 -8.01255995e-01 5.88057633e-01
 -7.05134483e-01 5.56966535e-01
 -7.15966393e-01 5.26975033e-01
 -7.09782783e-01 4.97993960e-01
 -7.37914775e-01 4.69941883e-01
 -7.64756077e-01 4.42744200e-01
 -8.26379772e-01 4.16332365e-01
 -8.07030232e-01 3.90643198e-01
 -7.99536272e-01 3.65618292e-01
 -7.90914735e-01 3.41203484e-01
 -8.84097995e-01 3.17348387e-01
 -8.33557785e-01 2.94005984e-01
 -8.93597399e-01 2.71132254e-01
 -9.50015382e-01 2.48685848e-01
 -9.03795595e-01 2.26627792e-01
 -8.93221343e-01 2.04921226e-01
 -8.38030240e-01 1.83531160e-01
 -9.39756555e-01 1.62424257e-01
 -9.63553815e-01 1.41568637e-01
 -1.06308110e+00 1.20933686e-01
 -1.02113418e+00 1.00489895e-01
 -9.94013235e-01 8.02086960e-02
 -1.06241423e+00 6.00623180e-02
 -1.02105198e+00 4.00236445e-02
 -9.32796266e-01 2.00660819e-02
 -1.00189927e+00 1.63431656e-04
 -1.01472238e+00 -1.97102333e-02
 -9.46563303e-01 -3.95806897e-02
 -1.02632427e+00 -5.94736829e-02
 -9.79694505e-01 -7.94150459e-02
 -1.06384787e+00 -9.94308188e-02
 -1.14352088e+00 -1.19547370e-01
 -1.06401692e+00 -1.39791520e-01
 -1.07140706e+00 -1.60190673e-01
 -1.17351649e+00 -1.80772946e-01
 -1.23295534e+00 -2.01567314e-01
 -1.17295540e+00 -2.22603759e-01
 -1.28825425e+00 -2.43913428e-01
 -1.24456890e+00 -2.65528805e-01
 -1.23900753e+00 -2.87483897e-01
 -1.23012916e+00 -3.09814436e-01
 -1.40588845e+00 -3.32558096e-01
 -1.32745688e+00 -3.55754740e-01
 -1.29298880e+00 -3.79446680e-01
 -1.33196891e+00 -4.03678976e-01
 -1.43403161e+00 -4.28499762e-01
 -1.39953188e+00 -4.53960613e-01
 -1.45702349e+00 -4.80116952e-01
 -1.47929207e+00 -5.07028509e-01
 -1.39215882e+00 -5.34759841e-01
 -1.52796945e+00 -5.63380908e-01
 -1.50389370e+00 -5.92967743e-01
 -1.59875769e+00 -6.23603195e-01
 -1.70925032e+00 -6.55377785e-01
 -1.61943176e+00 -6.88390681e-01
 -1.57635258e+00 -7.22750808e-01
 -1.68406323e+00 -7.58578129e-01
 -1.79064279e+00 -7.96005105e-01
 -1.84906714e+00 -8.35178385e-01
 -1.88680691e+00 -8.76260740e-01
 -1.85433122e+00 -9.19433299e-01
 -1.99465232e+00 -9.64898123e-01
 -1.98226946e+00 -1.01288117e+00
 -2.04587760e+00 -1.06363567e+00
 -2.11212131e+00 -1.11744604e+00
 -2.18893793e+00 -1.17463225e+00
 -2.27775098e+00 -1.23555476e+00
 -2.44966345e+00 -1.30061985e+00
 -2.48856402e+00 -1.37028533e+00
 -2.62208902e+00 -1.44506605e+00
 -2.67669418e+00 -1.52553856e+00
 -2.78868471e+00 -1.61234345e+00
 -3.01529596e+00 -1.70618243e+00
 -3.15817099e+00 -1.80780527e+00
 -3.37076380e+00 -1.91797686e+00
 -3.53384621e+00 -2.03740676e+00
 -3.78516077e+00 -2.16660738e+00
 -4.24124323e+00 -2.30561534e+00
 -4.52854336e+00 -2.45344624e+00
 -5.01409489e+00 -2.60701775e+00
 -5.65068995e+00 -2.75898350e+00
 -6.33159730e+00 -2.89326726e+00
 -7.30062516e+00 -2.97559732e+00
 -8.44578066e+00 -2.93295850e+00
 -1.00420474e+01 -2.60885251e+00
 -1.22747464e+01 -1.67240002e+00
 -1.45837322e+01 5.09418262e-01
 -1.64154469e+01 4.71977660e+00
 -1.51482662e+01 1.04077301e+01
 -1.04386486e+01 1.42508063e+01
 -5.30216199e+00 1.44092157e+01
 -1.88189038e+00 1.26443089e+01
 -8.73377283e-02 1.06297129e+01
 7.73085130e-01 8.92081405e+00
 1.17048882e+00 7.57559824e+00
 1.21546427e+00 6.52940593e+00
 1.35742169e+00 5.70876239e+00
 1.31944167e+00 5.05524498e+00
 1.19652423e+00 4.52619375e+00
 1.03882730e+00 4.09106834e+00
 1.00424815e+00 3.72794161e+00
 9.73165450e-01 3.42088777e+00
 8.84961926e-01 3.15816878e+00
 8.01147517e-01 2.93099873e+00
 7.98602512e-01 2.73270116e+00
 5.93659434e-01 2.55812936e+00
 6.24325929e-01 2.40326236e+00
 5.33990786e-01 2.26491946e+00
 4.63347500e-01 2.14055568e+00
 4.15533518e-01 2.02811307e+00
 2.93125826e-01 1.92591123e+00
 2.39770703e-01 1.83256568e+00
 2.61020374e-01 1.74692620e+00
 1.53404866e-01 1.66802984e+00
 1.98878384e-01 1.59506461e+00
 1.24194513e-01 1.52734130e+00
 1.79329048e-01 1.46427124e+00
 6.30441053e-02 1.40534870e+00
 6.83540766e-02 1.35013688e+00
 -7.38767427e-02 1.29825655e+00
 -5.75055696e-03 1.24937688e+00
 -2.70708181e-02 1.20320796e+00
 -7.33872069e-02 1.15949464e+00
 -1.84102729e-01 1.11801142e+00
 -9.65677175e-02 1.07855826e+00
 -1.46939848e-01 1.04095704e+00
 -2.10723860e-01 1.00504855e+00
 -1.97909124e-01 9.70690058e-01
 -2.57609386e-01 9.37753132e-01
 -2.08446932e-01 9.06121854e-01
 -3.62002626e-01 8.75691275e-01
 -1.91640443e-01 8.46366087e-01
 -3.50852248e-01 8.18059476e-01
 -3.20054657e-01 7.90692137e-01
 -4.90653370e-01 7.64191413e-01
 -4.13459349e-01 7.38490545e-01
 -4.34872765e-01 7.13528019e-01
 -4.52798835e-01 6.89246991e-01
 -4.34918352e-01 6.65594779e-01
 -4.97914770e-01 6.42522416e-01
 -4.98842274e-01 6.19984255e-01
 -5.32354878e-01 5.97937615e-01
 -5.85964764e-01 5.76342463e-01
 -4.42162447e-01 5.55161136e-01
 -5.58972343e-01 5.34358082e-01
 -5.55507136e-01 5.13899630e-01
 -6.69815313e-01 4.93753786e-01
 -5.80008289e-01 4.73890036e-01
 -6.54860553e-01 4.54279175e-01
 -7.59048236e-01 4.34893146e-01
 -7.20755464e-01 4.15704888e-01
 -5.85172223e-01 3.96688201e-01
 -7.46532626e-01 3.77817611e-01
 -8.06637317e-01 3.59068249e-01
 -7.80583845e-01 3.40415731e-01
 -7.55187433e-01 3.21836048e-01
 -8.44608061e-01 3.03305454e-01
 -8.81875799e-01 2.84800359e-01
 -8.80933577e-01 2.66297223e-01
 -8.67960721e-01 2.47772452e-01
 -8.82797092e-01 2.29202291e-01
 -9.82543807e-01 2.10562720e-01
 -9.84605456e-01 1.91829339e-01
 -1.02090190e+00 1.72977261e-01
 -9.87729966e-01 1.53980991e-01
 -1.02002173e+00 1.34814307e-01
 -1.11464483e+00 1.15450125e-01
 -1.04645240e+00 9.58603661e-02
 -1.14318612e+00 7.60158100e-02
 -1.20814117e+00 5.58859347e-02
 -1.14218521e+00 3.54387480e-02
 -1.15232373e+00 1.46406036e-02
 -1.21359320e+00 -6.54400000e-03
 -1.18141506e+00 -2.81526380e-02
 -1.22007565e+00 -5.02251989e-02
 -1.40123378e+00 -7.28041479e-02
 -1.25759856e+00 -9.59348160e-02
 -1.29582421e+00 -1.19665719e-01
 -1.39436528e+00 -1.44048909e-01
 -1.46388864e+00 -1.69140364e-01
 -1.50548731e+00 -1.95000413e-01
 -1.48760287e+00 -2.21694213e-01
 -1.47694830e+00 -2.49292263e-01
 -1.66755033e+00 -2.77870977e-01
 -1.76330173e+00 -3.07513304e-01
 -1.78862688e+00 -3.38309397e-01
 -1.67321907e+00 -3.70357339e-01
 -1.78621571e+00 -4.03763887e-01
 -1.93211430e+00 -4.38645258e-01
 -1.90708409e+00 -4.75127878e-01
 -2.02414285e+00 -5.13349076e-01
 -2.10762600e+00 -5.53457612e-01
 -2.26176357e+00 -5.95613903e-01
 -2.38411667e+00 -6.39989723e-01
 -2.37698113e+00 -6.86767020e-01
 -2.58292171e+00 -7.36135284e-01
 -2.63619211e+00 -7.88286567e-01
 -2.67779655e+00 -8.43406726e-01
 -2.96509127e+00 -9.01660581e-01
 -3.08949082e+00 -9.63167171e-01
 -3.30919415e+00 -1.02795887e+00
 -3.45276006e+00 -1.09591374e+00
 -3.71404395e+00 -1.16664298e+00
 -3.96085797e+00 -1.23930155e+00
 -4.25639548e+00 -1.31226473e+00
 -4.70255012e+00 -1.38256531e+00
 -5.16021264e+00 -1.44489138e+00
 -5.80504531e+00 -1.48975559e+00
 -6.40601712e+00 -1.50005344e+00
 -7.13050497e+00 -1.44440100e+00
 -8.25182160e+00 -1.26390085e+00
 -9.67700488e+00 -8.45553388e-01
 -1.12754311e+01 2.93806585e-02
 -1.32928089e+01 1.76820323e+00
 -1.50265604e+01 4.99227910e+00
 -1.51389667e+01 1.00014070e+01
 -1.18233907e+01 1.50883537e+01
 -6.03676575e+00 1.70027295e+01
 -1.24641352e+00 1.56052380e+01
 1.39438819e+00 1.31075123e+01
 2.58714909e+00 1.08021842e+01
 3.00287063e+00 8.98078393e+00
 3.09071418e+00 7.59374203e+00
 2.95608649e+00 6.53542578e+00
 2.72725603e+00 5.71589158e+00
 2.78592688e+00 5.06955859e+00
 2.54247541e+00 4.55042814e+00
 2.38684040e+00 4.12631782e+00
 2.18463908e+00 3.77446628e+00
 2.00455257e+00 3.47852002e+00
 1.88356447e+00 3.22652666e+00
 1.74377756e+00 3.00960116e+00
 1.65578888e+00 2.82103118e+00
 1.56293831e+00 2.65566882e+00
 1.49494385e+00 2.50951063e+00
 1.26850849e+00 2.37940300e+00
 1.19862999e+00 2.26283230e+00
 1.19310776e+00 2.15777321e+00
 1.16556142e+00 2.06257751e+00
 1.06078400e+00 1.97589149e+00
 9.64468076e-01 1.89659387e+00
 9.33482511e-01 1.82374858e+00
 8.13302025e-01 1.75656847e+00
 7.50729280e-01 1.69438712e+00
 6.86235044e-01 1.63663675e+00
 6.72176443e-01 1.58283080e+00
 6.38871852e-01 1.53254997e+00
 6.65622854e-01 1.48543108e+00
 5.03884583e-01 1.44115802e+00
 4.53787182e-01 1.39945439e+00
 4.98964248e-01 1.36007745e+00
 4.20937915e-01 1.32281316e+00
 3.13208996e-01 1.28747204e+00
 3.70804752e-01 1.25388574e+00
 3.71342513e-01 1.22190416e+00
 2.70661387e-01 1.19139298e+00
 2.36066365e-01 1.16223166e+00
 2.24205370e-01 1.13431166e+00
 1.50693894e-01 1.10753495e+00
 2.54952938e-01 1.08181273e+00
 1.80560001e-01 1.05706435e+00
 8.36697362e-02 1.03321634e+00
 1.26031711e-01 1.01020161e+00
 1.09093440e-01 9.87958699e-01
 -1.17488234e-02 9.66431186e-01
 2.98408446e-02 9.45567125e-01
 -6.66824807e-02 9.25318571e-01
 1.70087948e-02 9.05641154e-01
 -1.50552461e-02 8.86493711e-01
 4.67090282e-02 8.67837945e-01
 -1.32930953e-01 8.49638142e-01
 -3.82499078e-02 8.31860899e-01
 -1.19207890e-01 8.14474891e-01
 -2.84097135e-01 7.97450664e-01
 -2.03511000e-01 7.80760439e-01
 -2.02244784e-01 7.64377942e-01
 -2.74611202e-01 7.48278248e-01
 -1.92976178e-01 7.32437639e-01
 -3.13565676e-01 7.16833472e-01
 -3.05353506e-01 7.01444062e-01
 -2.80188412e-01 6.86248567e-01
 -4.27474971e-01 6.71226893e-01
 -4.36688228e-01 6.56359590e-01
 -4.95882815e-01 6.41627768e-01
 -5.20443844e-01 6.27013011e-01
 -5.17762369e-01 6.12497298e-01
 -5.27992907e-01 5.98062923e-01
 -5.09297356e-01 5.83692427e-01
 -4.91386975e-01 5.69368522e-01
 -5.30043212e-01 5.55074024e-01
 -5.97658860e-01 5.40791786e-01
 -6.73713190e-01 5.26504629e-01
 -5.91239881e-01 5.12195278e-01
 -6.31786890e-01 4.97846294e-01
 -7.13362053e-01 4.83440009e-01
 -7.36823459e-01 4.68958459e-01
 -7.75722628e-01 4.54383314e-01
 -8.07996828e-01 4.39695814e-01
 -8.04650310e-01 4.24876697e-01
 -8.74628391e-01 4.09906128e-01
 -8.50278629e-01 3.94763633e-01
 -9.16657949e-01 3.79428022e-01
 -9.00875214e-01 3.63877325e-01
 -1.02646019e+00 3.48088720e-01
 -1.01556703e+00 3.32038469e-01
 -1.03597957e+00 3.15701856e-01
 -1.01382571e+00 2.99053143e-01
 -1.14663541e+00 2.82065526e-01
 -1.20688724e+00 2.64711121e-01
 -1.23721285e+00 2.46960976e-01
 -1.25539114e+00 2.28785121e-01
 -1.37692795e+00 2.10152673e-01
 -1.45168037e+00 1.91032027e-01
 -1.50910270e+00 1.71391148e-01
 -1.48993498e+00 1.51198018e-01
 -1.57750773e+00 1.30421297e-01
 -1.63275697e+00 1.09031271e-01
 -1.71074651e+00 8.70012108e-02
 -1.83518946e+00 6.43093077e-02
 -1.80509822e+00 4.09414062e-02
 -1.98672626e+00 1.68948829e-02
 -2.05647653e+00 -7.81585100e-03
 -2.18150237e+00 -3.31515075e-02
 -2.22991216e+00 -5.90366843e-02
 -2.38963462e+00 -8.53436445e-02
 -2.59080417e+00 -1.11868697e-01
 -2.73057391e+00 -1.38297448e-01
 -2.90773176e+00 -1.64153057e-01
 -3.18243749e+00 -1.88718147e-01
 -3.34870801e+00 -2.10915097e-01
 -3.55558398e+00 -2.29119369e-01
 -3.89263196e+00 -2.40862708e-01
 -4.16343632e+00 -2.42351037e-01
 -4.67575194e+00 -2.27662664e-01
 -5.12657717e+00 -1.87380174e-01
 -5.65303547e+00 -1.06191676e-01
 -6.41419368e+00 4.14321223e-02
 -7.06593355e+00 2.99222621e-01
 -8.13684875e+00 7.44072004e-01
 -9.39864236e+00 1.51360631e+00
 -1.08551476e+01 2.85170565e+00
 -1.21482943e+01 5.15115659e+00
 -1.28371909e+01 8.82538583e+00
 -1.12707090e+01 1.35014870e+01
 -6.65928325e+00 1.68729773e+01
 -1.29188119e+00 1.68088887e+01
 2.45923012e+00 1.44471543e+01
 4.04136311e+00 1.17592203e+01
 4.61500379e+00 9.54345231e+00
