 NaN NaN
 4.14504221e+01 1.42386301e+01
 2.13721716e+01 7.05938123e+00
 1.44264328e+01 4.73772324e+00
 1.09194621e+01 3.59687923e+00
 8.76651691e+00 2.92059692e+00
 7.43681953e+00 2.47393670e+00
 6.38329318e+00 2.15736244e+00
 5.54849899e+00 1.92154583e+00
 5.07489580e+00 1.73927788e+00
 4.56592082e+00 1.59433034e+00
 4.14253490e+00 1.47642857e+00
 3.83600170e+00 1.37875306e+00
 3.42488670e+00 1.29660102e+00
 3.30323581e+00 1.22662505e+00
 3.12426518e+00 1.16637818e+00
 2.93470822e+00 1.11403053e+00
 2.78112444e+00 1.06818660e+00
 2.53778090e+00 1.02776376e+00
 2.51974402e+00 9.91909427e-01
 2.36805662e+00 9.59943160e-01
 2.28359961e+00 9.31315421e-01
 2.18306633e+00 9.05577658e-01
 2.02916900e+00 8.82360221e-01
 2.06926335e+00 8.61355841e-01
 1.97442560e+00 8.42307091e-01
 1.77640270e+00 8.24996761e-01
 1.79471357e+00 8.09240385e-01
 1.86004507e+00 7.94880371e-01
 1.63184117e+00 7.81781368e-01
 1.69412542e+00 7.69826547e-01
 1.60653268e+00 7.58914626e-01
 1.56874354e+00 7.48957438e-01
 1.56309296e+00 7.39877960e-01
 1.52316351e+00 7.31608684e-01
 1.57714672e+00 7.24090273e-01
 1.55682147e+00 7.17270444e-01
 1.50028515e+00 7.11103032e-01
 1.46579461e+00 7.05547206e-01
 1.39149673e+00 7.00566809e-01
 1.38468775e+00 6.96129794e-01
 1.32972239e+00 6.92207753e-01
 1.27924960e+00 6.88775506e-01
 1.25916224e+00 6.85810757e-01
 1.30186461e+00 6.83293797e-01
 1.26696642e+00 6.81207248e-01
 1.32526521e+00 6.79535840e-01
 1.23922917e+00 6.78266230e-01
 1.21445121e+00 6.77386832e-01
 1.23965422e+00 6.76887682e-01
 1.24891323e+00 6.76760315e-01
 1.19298203e+00 6.76997669e-01
 1.20763308e+00 6.77593989e-01
 1.17958212e+00 6.78544762e-01
 1.11838200e+00 6.79846651e-01
 1.14151105e+00 6.81497447e-01
 1.14763698e+00 6.83496032e-01
 1.15304595e+00 6.85842341e-01
 1.05826823e+00 6.88537348e-01
 1.08213863e+00 6.91583048e-01
 1.07379055e+00 6.94982453e-01
 1.15679079e+00 6.98739592e-01
 1.11826445e+00 7.02859523e-01
 1.20884134e+00 7.07348346e-01
 1.17525386e+00 7.12213233e-01
 9.84748811e-01 7.17462454e-01
 1.09366373e+00 7.23105420e-01
 1.00382654e+00 7.29152732e-01
 1.04849135e+00 7.35616239e-01
 1.05779037e+00 7.42509100e-01
 1.06578292e+00 7.49845868e-01
 1.12564947e+00 7.57642575e-01
 1.09300965e+00 7.65916833e-01
 1.19347273e+00 7.74687952e-01
 1.06543165e+00 7.83977063e-01
 1.11130528e+00 7.93807275e-01
 1.16135983e+00 8.04203831e-01
 1.14784578e+00 8.15194302e-01
 1.17438173e+00 8.26808797e-01
 1.12424734e+00 8.39080202e-01
 1.18496946e+00 8.52044453e-01
 1.18628980e+00 8.65740841e-01
 1.25100486e+00 8.80212363e-01
 1.17607077e+00 8.95506115e-01
 1.11735471e+00 9.11673750e-01
 1.19465042e+00 9.28771989e-01
 1.23356150e+00 9.46863216e-01
 1.19205406e+00 9.66016154e-01
 1.28161566e+00 9.86306652e-01
 1.25494233e+00 1.00781858e+00
 1.34952586e+00 1.03064489e+00
 1.30810992e+00 1.05488881e+00
 1.42916842e+00 1.08066531e+00
 1.28178077e+00 1.10810270e+00
 1.37646936e+00 1.13734467e+00
 1.42504210e+00 1.16855256e+00
 1.56756145e+00 1.20190812e+00
 1.52411369e+00 1.23761681e+00
 1.59459916e+00 1.27591176e+00
 1.52631350e+00 1.31705850e+00
 1.59025801e+00 1.36136079e+00
 1.70262658e+00 1.40916764e+00
 1.61444730e+00 1.46088208e+00
 1.79241127e+00 1.51697188e+00
 1.79797538e+00 1.57798304e+00
 1.86943723e+00 1.64455680e+00
 1.87124971e+00 1.71745118e+00
 2.13821473e+00 1.79756874e+00
 2.12062147e+00 1.88599249e+00
 2.28314946e+00 1.98403318e+00
 2.33588698e+00 2.09329205e+00
 2.48153953e+00 2.21574551e+00
 2.58729648e+00 2.35386096e+00
 2.78427886e+00 2.51075811e+00
 2.96673283e+00 2.69043741e+00
 3.23368678e+00 2.89811068e+00
 3.42190292e+00 3.14068989e+00
 3.79262568e+00 3.42752803e+00
 4.08625199e+00 3.77157211e+00
 4.65712808e+00 4.19120816e+00
 5.36570143e+00 4.71329328e+00
 6.34838516e+00 5.37822895e+00
 7.59251607e+00 6.24831155e+00
 9.58500460e+00 7.41926802e+00
 1.28358354e+01 9.01639634e+00
 1.95888039e+01 1.09658002e+01
 3.62348097e+01 9.78316571e+00
 5.62575200e+01 -3.58526587e+01
 -6.26381487e-01 -4.29829273e+01
 -7.99544682e+00 -2.31392633e+01
 -7.19793743e+00 -1.49684958e+01
 -6.02851932e+00 -1.09224475e+01
 -5.14750141e+00 -8.56431786e+00
 -4.46119391e+00 -7.03444360e+00
 -3.89834253e+00 -5.96651732e+00
 -3.44766153e+00 -5.18081023e+00
 -2.95226401e+00 -4.57952630e+00
 -2.72079444e+00 -4.10513025e+00
 -2.41347596e+00 -3.72165412e+00
 -2.33304406e+00 -3.40549647e+00
 -2.15284612e+00 -3.14054640e+00
 -2.03751126e+00 -2.91543943e+00
 -1.80232298e+00 -2.72193437e+00
 -1.61484783e+00 -2.55391205e+00
 -1.60388736e+00 -2.40673523e+00
 -1.52630069e+00 -2.27682662e+00
 -1.46705795e+00 -2.16138302e+00
 -1.33228920e+00 -2.05817715e+00
 -1.15184372e+00 -1.96541724e+00
 -1.18049189e+00 -1.88164580e+00
 -1.21622723e+00 -1.80566532e+00
 -1.06734063e+00 -1.73648288e+00
 -1.03007439e+00 -1.67326841e+00
 -1.08266533e+00 -1.61532268e+00
 -9.04963708e-01 -1.56205261e+00
 -9.75832625e-01 -1.51295191e+00
 -8.22889801e-01 -1.46758590e+00
 -8.48884677e-01 -1.42557928e+00
 -7.54477405e-01 -1.38660645e+00
 -7.37670694e-01 -1.35038357e+00
 -7.87530400e-01 -1.31666216e+00
 -7.51931735e-01 -1.28522382e+00
 -7.13287569e-01 -1.25587585e+00
 -6.55590259e-01 -1.22844767e+00
 -5.96029382e-01 -1.20278778e+00
 -6.08425818e-01 -1.17876122e+00
 -6.58242631e-01 -1.15624745e+00
 -5.86646172e-01 -1.13513851e+00
 -5.01146103e-01 -1.11533752e+00
 -5.76385776e-01 -1.09675733e+00
 -5.39198964e-01 -1.07931941e+00
 -4.97705107e-01 -1.06295286e+00
 -4.66466516e-01 -1.04759360e+00
 -5.02229558e-01 -1.03318361e+00
 -5.24404214e-01 -1.01967033e+00
 -4.41835556e-01 -1.00700609e+00
 -3.99180180e-01 -9.95147657e-01
 -4.61478310e-01 -9.84055783e-01
 -4.20491855e-01 -9.73694865e-01
 -4.51019020e-01 -9.64032615e-01
 -3.43356701e-01 -9.55039778e-01
 -3.52581211e-01 -9.46689888e-01
 -3.64718943e-01 -9.38959047e-01
 -3.54902641e-01 -9.31825740e-01
 -3.99248744e-01 -9.25270667e-01
 -3.07377534e-01 -9.19276597e-01
 -2.96424428e-01 -9.13828243e-01
 -2.55224144e-01 -9.08912153e-01
 -3.00803150e-01 -9.04516620e-01
 -3.86792315e-01 -9.00631598e-01
 -2.76408175e-01 -8.97248644e-01
 -3.79639973e-01 -8.94360860e-01
 -3.09005735e-01 -8.91962854e-01
 -2.44854098e-01 -8.90050712e-01
 -2.13377703e-01 -8.88621980e-01
 -2.18517457e-01 -8.87675655e-01
 -2.82851616e-01 -8.87212191e-01
 -1.70427504e-01 -8.87233511e-01
 -2.98647087e-01 -8.87743038e-01
 -1.66459238e-01 -8.88745728e-01
 -1.68834168e-01 -8.90248122e-01
 -2.12577966e-01 -8.92258412e-01
 -1.24472132e-01 -8.94786515e-01
 -1.73622518e-01 -8.97844169e-01
 -1.46815599e-01 -9.01445046e-01
 -2.21403606e-01 -9.05604876e-01
 -1.28077951e-01 -9.10341601e-01
 -1.30482146e-01 -9.15675554e-01
 -8.74013304e-02 -9.21629654e-01
 -9.66449244e-02 -9.28229645e-01
 -1.11075623e-01 -9.35504362e-01
 -1.23115343e-01 -9.43486040e-01
 2.39984666e-02 -9.52210675e-01
 -6.32048032e-02 -9.61718432e-01
 -1.18939326e-01 -9.72054123e-01
 -1.44480809e-01 -9.83267759e-01
 -8.32339193e-02 -9.95415192e-01
 5.27580257e-02 -1.00855886e+00
 -2.59795122e-02 -1.02276866e+00
 -6.70417007e-04 -1.03812298e+00
 -2.87945028e-02 -1.05470988e+00
 1.62680423e-02 -1.07262855e+00
 1.55211297e-03 -1.09199095e+00
 2.82578472e-02 -1.11292388e+00
 -9.42074481e-03 -1.13557134e+00
 -3.03061026e-03 -1.16009747e+00
 -3.07336149e-02 -1.18669008e+00
 1.53533607e-02 -1.21556489e+00
 9.99688679e-02 -1.24697089e+00
 9.92121924e-02 -1.28119678e+00
 1.05214089e-01 -1.31857914e+00
 1.22898954e-01 -1.35951260e+00
 2.33768153e-01 -1.40446282e+00
 1.26957191e-01 -1.45398299e+00
 1.88439975e-01 -1.50873524e+00
 2.60722645e-01 -1.56951862e+00
 2.46812066e-01 -1.63730618e+00
 2.96197575e-01 -1.71329464e+00
 3.38223774e-01 -1.79897225e+00
 2.07943940e-01 -1.89621260e+00
 2.37039272e-01 -2.00740713e+00
 4.25199647e-01 -2.13565598e+00
 5.27089522e-01 -2.28504928e+00
 6.30177579e-01 -2.46109292e+00
 5.61391235e-01 -2.67137235e+00
 6.88722471e-01 -2.92662378e+00
 8.11173420e-01 -3.24253282e+00
 8.54763338e-01 -3.64289831e+00
 1.03897647e+00 -4.16550976e+00
 9.98197277e-01 -4.87379058e+00
 1.10593846e+00 -5.88164298e+00
 1.02504784e+00 -7.41079501e+00
 6.06332775e-01 -9.92885939e+00
 -1.56058752e+00 -1.43760994e+01
 -1.16400531e+01 -1.96406486e+01
 -2.52118695e+01 -4.43174663e+00
 -1.51787292e+01 6.51114271e+00
 -8.88691757e+00 6.48542729e+00
 -6.04306896e+00 5.38443869e+00
 -4.49620317e+00 4.45876629e+00
 -3.45740631e+00 3.75977642e+00
 -2.97135452e+00 3.22979592e+00
 -2.59328186e+00 2.81907571e+00
 -2.33569165e+00 2.49331988e+00
 -2.04957014e+00 2.22948400e+00
 -1.84525062e+00 2.01187516e+00
 -1.74961273e+00 1.82956106e+00
 -1.64021261e+00 1.67474136e+00
 -1.52129394e+00 1.54172280e+00
 -1.40860611e+00 1.42626330e+00
 -1.27413958e+00 1.32514262e+00
 -1.32952545e+00 1.23587510e+00
 -1.15033178e+00 1.15651315e+00
 -1.25694764e+00 1.08551012e+00
 -1.11374578e+00 1.02162276e+00
 -1.10786172e+00 9.63840665e-01
 -9.10192130e-01 9.11334437e-01
 -9.99698700e-01 8.63417049e-01
 -1.04591078e+00 8.19514647e-01
 -9.94473309e-01 7.79144227e-01
 -9.96367498e-01 7.41896386e-01
 -9.85057259e-01 7.07421836e-01
 -9.25181378e-01 6.75420781e-01
 -8.78649795e-01 6.45634447e-01
 -8.90301124e-01 6.17838308e-01
 -9.10783176e-01 5.91836589e-01
 -8.28229852e-01 5.67457804e-01
 -7.30415101e-01 5.44551091e-01
 -8.95965027e-01 5.22983191e-01
 -8.43527585e-01 5.02635942e-01
 -8.45099537e-01 4.83404182e-01
 -7.83314272e-01 4.65193998e-01
 -8.52424432e-01 4.47921242e-01
 -8.12156596e-01 4.31510278e-01
 -7.66100411e-01 4.15892915e-01
 -8.26004841e-01 4.01007493e-01
 -7.85961356e-01 3.86798104e-01
 -7.34038708e-01 3.73213911e-01
 -7.91361189e-01 3.60208570e-01
 -8.02051771e-01 3.47739723e-01
 -8.58950567e-01 3.35768555e-01
 -7.72950914e-01 3.24259408e-01
 -7.37666153e-01 3.13179446e-01
 -7.28382422e-01 3.02498356e-01
 -8.52690105e-01 2.92188086e-01
 -7.06807663e-01 2.82222611e-01
 -7.50834783e-01 2.72577730e-01
 -7.48226076e-01 2.63230879e-01
 -7.74254778e-01 2.54160968e-01
 -8.75753113e-01 2.45348234e-01
 -8.35348327e-01 2.36774109e-01
 -8.69445605e-01 2.28421099e-01
 -7.77870893e-01 2.20272676e-01
 -7.74613024e-01 2.12313180e-01
 -7.45685035e-01 2.04527729e-01
 -8.66224533e-01 1.96902136e-01
 -8.07763160e-01 1.89422831e-01
 -7.32168678e-01 1.82076796e-01
 -7.76552562e-01 1.74851493e-01
 -8.15347237e-01 1.67734807e-01
 -8.00478071e-01 1.60714987e-01
 -8.36650648e-01 1.53780590e-01
 -8.77187614e-01 1.46920430e-01
 -8.03596438e-01 1.40123524e-01
 -8.63199180e-01 1.33379051e-01
 -8.88084732e-01 1.26676294e-01
 -8.92248491e-01 1.20004600e-01
 -9.49700767e-01 1.13353331e-01
 -8.65211855e-01 1.06711815e-01
 -1.01077772e+00 1.00069301e-01
 -9.96020675e-01 9.34149081e-02
 -1.09155090e+00 8.67375747e-02
 -1.03646991e+00 8.00260092e-02
 -9.48509436e-01 7.32686331e-02
 -9.68932659e-01 6.64535242e-02
 -1.00100132e+00 5.95683561e-02
 -1.13446078e+00 5.26003332e-02
 -1.03160151e+00 4.55361210e-02
 -1.10513279e+00 3.83617718e-02
 -1.12367044e+00 3.10626439e-02
 -1.09361929e+00 2.36233139e-02
 -1.14202180e+00 1.60274814e-02
 -1.09985307e+00 8.25786515e-03
 -1.18153126e+00 2.96089589e-04
 -1.22479867e+00 -7.87743923e-03
 -1.20534678e+00 -1.62836695e-02
 -1.34563509e+00 -2.49450520e-02
 -1.32717320e+00 -3.38857023e-02
 -1.42017513e+00 -4.31315768e-02
 -1.39053560e+00 -5.27106637e-02
 -1.43054320e+00 -6.26531882e-02
 -1.46937135e+00 -7.29918307e-02
 -1.56179287e+00 -8.37619549e-02
 -1.58559296e+00 -9.50018401e-02
 -1.58001238e+00 -1.06752909e-01
 -1.60189176e+00 -1.19059937e-01
 -1.75534226e+00 -1.31971211e-01
 -1.77842642e+00 -1.45538615e-01
 -1.83132396e+00 -1.59817560e-01
 -1.97356795e+00 -1.74866693e-01
 -1.98073310e+00 -1.90747210e-01
 -2.12566110e+00 -2.07521563e-01
 -2.28303900e+00 -2.25251203e-01
 -2.37133174e+00 -2.43992765e-01
 -2.48702114e+00 -2.63791793e-01
 -2.71786779e+00 -2.84672468e-01
 -2.76795582e+00 -3.06620830e-01
 -2.95922058e+00 -3.29557201e-01
 -3.20071136e+00 -3.53290376e-01
 -3.41880160e+00 -3.77440326e-01
 -3.69695417e+00 -4.01305086e-01
 -4.11189069e+00 -4.23625592e-01
 -4.47176645e+00 -4.42157057e-01
 -4.79819451e+00 -4.52857664e-01
 -5.54848604e+00 -4.48280960e-01
 -6.29115090e+00 -4.14208528e-01
 -7.24731338e+00 -3.22101220e-01
 -8.64115510e+00 -1.10700681e-01
 -1.04022432e+01 3.63697703e-01
 -1.32814712e+01 1.47961453e+00
 -1.75730010e+01 4.38361615e+00
 -2.26978837e+01 1.28438033e+01
 -1.71422657e+01 3.18220786e+01
 7.22617584e+00 3.15630500e+01
 1.32375212e+01 1.79026737e+01
 1.18151373e+01 1.07342391e+01
 9.85312352e+00 7.25318597e+00
 8.32550544e+00 5.35582108e+00
 7.22668372e+00 4.20696187e+00
 6.21623462e+00 3.45324550e+00
 5.60282113e+00 2.92789635e+00
 5.00545624e+00 2.54427769e+00
 4.50128454e+00 2.25372802e+00
 4.11101866e+00 2.02713193e+00
 3.74551215e+00 1.84614512e+00
 3.57599550e+00 1.69870440e+00
 3.22552694e+00 1.57658702e+00
 3.10649857e+00 1.47401457e+00
 3.00657850e+00 1.38681864e+00
 2.70525641e+00 1.31192327e+00
 2.62683175e+00 1.24701318e+00
 2.60011058e+00 1.19031494e+00
 2.49052570e+00 1.14044896e+00
 2.22794893e+00 1.09632710e+00
 2.20833316e+00 1.05708037e+00
 2.09321106e+00 1.02200703e+00
 2.03424911e+00 9.90534624e-01
 1.98177564e+00 9.62191857e-01
 1.91688325e+00 9.36587476e-01
 1.88201372e+00 9.13394177e-01
 1.80294826e+00 8.92336237e-01
 1.80957846e+00 8.73179896e-01
 1.67616453e+00 8.55725800e-01
 1.61690724e+00 8.39803025e-01
 1.60893258e+00 8.25264294e-01
 1.63166430e+00 8.11982133e-01
 1.53260668e+00 7.99845752e-01
 1.49382682e+00 7.88758501e-01
 1.51772442e+00 7.78635778e-01
 1.38169071e+00 7.69403304e-01
 1.36953761e+00 7.60995689e-01
 1.40317175e+00 7.53355232e-01
 1.31557122e+00 7.46430919e-01
 1.38771900e+00 7.40177577e-01
 1.33969733e+00 7.34555158e-01
 1.35130995e+00 7.29528128e-01
 1.21187540e+00 7.25064956e-01
 1.38527294e+00 7.21137665e-01
 1.26120369e+00 7.17721457e-01
 1.32806436e+00 7.14794388e-01
 1.18851036e+00 7.12337087e-01
 1.20290249e+00 7.10332514e-01
 1.19736137e+00 7.08765756e-01
 1.19824351e+00 7.07623846e-01
 1.27004407e+00 7.06895610e-01
 1.16442269e+00 7.06571538e-01
 1.23327294e+00 7.06643665e-01
 1.17387276e+00 7.07105482e-01
 1.15328956e+00 7.07951853e-01
 1.15471435e+00 7.09178947e-01
 1.12667148e+00 7.10784183e-01
 1.08059018e+00 7.12766190e-01
 1.12493335e+00 7.15124770e-01
 1.09480434e+00 7.17860874e-01
 1.03733342e+00 7.20976592e-01
 1.07761631e+00 7.24475143e-01
 1.08685087e+00 7.28360882e-01
 1.13291788e+00 7.32639308e-01
 1.12708526e+00 7.37317087e-01
 1.01015439e+00 7.42402076e-01
 1.09718594e+00 7.47903367e-01
 1.05365278e+00 7.53831330e-01
 1.16070795e+00 7.60197669e-01
 1.07190272e+00 7.67015489e-01
 1.14307806e+00 7.74299376e-01
 1.10333062e+00 7.82065485e-01
 1.13590973e+00 7.90331643e-01
 1.09059121e+00 7.99117468e-01
 1.16824573e+00 8.08444501e-01
 1.02147669e+00 8.18336360e-01
 1.17634022e+00 8.28818911e-01
 1.12843608e+00 8.39920461e-01
 1.10227070e+00 8.51671981e-01
 1.13235017e+00 8.64107351e-01
 1.20060239e+00 8.77263647e-01
 1.20673414e+00 8.91181459e-01
 1.19046861e+00 9.05905254e-01
 1.18200243e+00 9.21483792e-01
 1.22845264e+00 9.37970593e-01
 1.24562483e+00 9.55424485e-01
 1.24031361e+00 9.73910210e-01
 1.24489069e+00 9.93499142e-01
 1.22448887e+00 1.01427010e+00
 1.30089741e+00 1.03631029e+00
 1.28764127e+00 1.05971639e+00
 1.28460292e+00 1.08459585e+00
 1.32869284e+00 1.11106832e+00
 1.39381297e+00 1.13926744e+00
 1.42250097e+00 1.16934284e+00
 1.51269668e+00 1.20146257e+00
 1.50001357e+00 1.23581593e+00
 1.48782388e+00 1.27261692e+00
 1.54531438e+00 1.31210825e+00
 1.69255656e+00 1.35456629e+00
 1.63158293e+00 1.40030698e+00
 1.73097402e+00 1.44969304e+00
 1.78564473e+00 1.50314283e+00
 1.76329258e+00 1.56114121e+00
 1.93809091e+00 1.62425304e+00
 2.00976681e+00 1.69314004e+00
 2.12721412e+00 1.76858200e+00
 2.12337173e+00 1.85150358e+00
 2.28206703e+00 1.94300859e+00
 2.36550702e+00 2.04442396e+00
 2.54318333e+00 2.15735668e+00
 2.68519456e+00 2.28376772e+00
 2.84149430e+00 2.42606855e+00
 3.06143883e+00 2.58724663e+00
 3.26456013e+00 2.77102715e+00
 3.60739588e+00 2.98207497e+00
 4.02847772e+00 3.22622801e+00
 4.43887851e+00 3.51070932e+00
 4.94833197e+00 3.84412876e+00
 5.87590215e+00 4.23566267e+00
 6.80352300e+00 4.69143222e+00
 8.27487875e+00 5.20135695e+00
 1.05951985e+01 5.69166723e+00
 1.40639349e+01 5.84153102e+00
 2.00286573e+01 4.32041681e+00
 2.81815597e+01 -3.83876688e+00
 2.47673930e+01 -2.24258562e+01
 6.98330668e+00 -2.62243401e+01
 -1.18357801e+00 -1.94163892e+01
 -3.22664305e+00 -1.41129328e+01
 -3.69723342e+00 -1.07803147e+01
 -3.51594114e+00 -8.62427738e+00
 -3.21991655e+00 -7.15061249e+00
 -2.87663893e+00 -6.09215890e+00
 -2.77270441e+00 -5.30040638e+00
 -2.44233177e+00 -4.68839069e+00
 -2.33084309e+00 -4.20251837e+00
 -2.12755626e+00 -3.80823562e+00
 -1.93690825e+00 -3.48238121e+00
 -1.87379652e+00 -3.20890445e+00
 -1.68805626e+00 -2.97635910e+00
 -1.62243983e+00 -2.77637784e+00
 -1.51222722e+00 -2.60271069e+00
 -1.39639407e+00 -2.45060010e+00
 -1.23425296e+00 -2.31636363e+00
 -1.24358642e+00 -2.19710838e+00
 -1.19329054e+00 -2.09053143e+00
 -1.17774829e+00 -1.99477758e+00
 -1.00942060e+00 -1.90833616e+00
 -9.77780976e-01 -1.82996503e+00
 -1.03135377e+00 -1.75863379e+00
 -8.82719729e-01 -1.69348069e+00
 -8.77417887e-01 -1.63377972e+00
 -8.94675398e-01 -1.57891501e+00
 -8.34150703e-01 -1.52836087e+00
 -7.65611630e-01 -1.48166594e+00
 -7.53405298e-01 -1.43844063e+00
 -7.49901774e-01 -1.39834695e+00
 -6.88734586e-01 -1.36109036e+00
 -6.68330016e-01 -1.32641306e+00
 -5.99796052e-01 -1.29408849e+00
 -5.94581688e-01 -1.26391685e+00
 -6.89217777e-01 -1.23572128e+00
 -5.51878673e-01 -1.20934475e+00
 -5.97347115e-01 -1.18464742e+00
 -5.70723879e-01 -1.16150440e+00
 -4.63065557e-01 -1.13980390e+00
 -4.00172086e-01 -1.11944558e+00
 -4.76136686e-01 -1.10033920e+00
 -4.83703050e-01 -1.08240349e+00
 -4.98756474e-01 -1.06556505e+00
 -3.76879762e-01 -1.04975755e+00
 -4.31126067e-01 -1.03492097e+00
 -4.46863539e-01 -1.02100089e+00
 -4.70989187e-01 -1.00794799e+00
 -3.97265885e-01 -9.95717508e-01
 -2.88556664e-01 -9.84268814e-01
 -3.22158192e-01 -9.73565039e-01
 -3.69535792e-01 -9.63572731e-01
 -3.31537293e-01 -9.54261569e-01
 -2.80120421e-01 -9.45604104e-01
 -3.20770835e-01 -9.37575531e-01
 -3.19163291e-01 -9.30153496e-01
 -2.92233070e-01 -9.23317920e-01
 -2.07537792e-01 -9.17050849e-01
 -2.61372958e-01 -9.11336322e-01
 -2.35848911e-01 -9.06160260e-01
 -2.78742330e-01 -9.01510366e-01
 -2.79899176e-01 -8.97376044e-01
 -3.15965471e-01 -8.93748331e-01
 -2.43785744e-01 -8.90619839e-01
 -1.84124434e-01 -8.87984715e-01
 -2.09728873e-01 -8.85838610e-01
 -2.78818901e-01 -8.84178653e-01
 -2.33325165e-01 -8.83003447e-01
 -2.04726164e-01 -8.82313072e-01
 -2.46499744e-01 -8.82109092e-01
 -2.22121490e-01 -8.82394587e-01
 -1.26916026e-01 -8.83174185e-01
 -1.15795738e-01 -8.84454113e-01
 -1.75222205e-01 -8.86242260e-01
 -9.00368567e-02 -8.88548254e-01
 -7.48262139e-02 -8.91383556e-01
 -1.32095605e-01 -8.94761569e-01
 -2.88090887e-01 -8.98697770e-01
 -1.28379224e-01 -9.03209857e-01
 -2.13516631e-01 -9.08317930e-01
 -1.19721998e-01 -9.14044693e-01
 -4.19372263e-03 -9.20415683e-01
 -1.41020523e-01 -9.27459547e-01
 -7.01411296e-02 -9.35208352e-01
 -8.12559539e-02 -9.43697941e-01
 -4.82594655e-02 -9.52968356e-01
 -5.69852439e-02 -9.63064310e-01
 -1.75429862e-01 -9.74035751e-01
 -7.81184544e-02 -9.85938506e-01
 4.55128934e-03 -9.98835038e-01
 1.34053415e-02 -1.01279533e+00
 4.49284060e-02 -1.02789791e+00
 2.48436758e-02 -1.04423109e+00
 -6.12357681e-02 -1.06189438e+00
 2.60822819e-02 -1.08100023e+00
 6.18621114e-02 -1.10167604e+00
 9.46209247e-02 -1.12406663e+00
 -1.20968592e-03 -1.14833717e+00
 7.08362959e-02 -1.17467677e+00
 8.98221673e-02 -1.20330285e+00
 2.79553471e-02 -1.23446646e+00
 1.88321711e-01 -1.26845893e+00
 1.78399766e-01 -1.30562010e+00
 1.88158280e-01 -1.34634872e+00
 1.75900454e-01 -1.39111549e+00
 1.44098243e-01 -1.44047992e+00
 2.53323689e-01 -1.49511198e+00
 2.68528949e-01 -1.55582045e+00
 3.52761233e-01 -1.62359030e+00
 3.75413018e-01 -1.69963296e+00
 2.68426358e-01 -1.78545438e+00
 3.33091683e-01 -1.88294914e+00
 3.32422018e-01 -1.99453260e+00
 4.35491094e-01 -2.12332993e+00
 5.27246291e-01 -2.27345259e+00
 5.76221144e-01 -2.45041200e+00
 5.42461137e-01 -2.66175495e+00
 6.35151711e-01 -2.91806798e+00
 7.44257285e-01 -3.23461583e+00
 7.80248431e-01 -3.63410540e+00
 7.31577860e-01 -4.15150669e+00
 8.31496598e-01 -4.84268240e+00
 7.97387754e-01 -5.79975373e+00
 3.12681936e-01 -7.17485639e+00
 -6.05054156e-01 -9.18335565e+00
 -3.46016486e+00 -1.17882169e+01
 -1.00746939e+01 -1.24315986e+01
 -1.57595916e+01 -5.23420836e+00
 -1.30850922e+01 1.76746142e+00
 -9.12741394e+00 3.70613555e+00
 -6.54380536e+00 3.78762273e+00
 -5.01318078e+00 3.45255427e+00
 -4.05194723e+00 3.07054190e+00
 -3.29258976e+00 2.72615225e+00
 -2.91474000e+00 2.43243936e+00
 -2.56408311e+00 2.18498570e+00
 -2.19357609e+00 1.97612387e+00
 -2.06590600e+00 1.79864249e+00
 -1.90965733e+00 1.64657074e+00
 -1.83081514e+00 1.51515838e+00
 -1.62781276e+00 1.40066784e+00
 -1.49818051e+00 1.30015694e+00
 -1.47167175e+00 1.21129665e+00
 -1.42564894e+00 1.13222899e+00
 -1.35505819e+00 1.06145903e+00
 -1.20010526e+00 9.97773345e-01
 -1.32853398e+00 9.40178604e-01
 -1.14978903e+00 8.87854936e-01
 -1.09384593e+00 8.40120372e-01
 -1.05914046e+00 7.96403476e-01
 -1.15292018e+00 7.56222137e-01
 -1.06875586e+00 7.19166966e-01
 -1.03599487e+00 6.84888227e-01
 -1.00449507e+00 6.53085441e-01
 -1.07420739e+00 6.23499076e-01
 -1.01570596e+00 5.95903841e-01
 -9.57796852e-01 5.70103247e-01
 -8.26496792e-01 5.45925161e-01
 -9.24286318e-01 5.23218157e-01
 -9.68703958e-01 5.01848493e-01
 -8.55140900e-01 4.81697599e-01
 -7.78009101e-01 4.62659984e-01
 -8.46466247e-01 4.44641467e-01
 -9.50062853e-01 4.27557698e-01
 -8.60231923e-01 4.11332887e-01
 -9.01102839e-01 3.95898740e-01
 -8.96028058e-01 3.81193535e-01
 -8.44506456e-01 3.67161336e-01
 -8.06141767e-01 3.53751313e-01
 -8.29165240e-01 3.40917158e-01
 -9.05351779e-01 3.28616571e-01
 -8.09974578e-01 3.16810819e-01
 -7.59217466e-01 3.05464347e-01
 -8.39953206e-01 2.94544441e-01
 -8.38154771e-01 2.84020923e-01
 -9.13255622e-01 2.73865896e-01
 -8.37900575e-01 2.64053502e-01
 -7.25775788e-01 2.54559723e-01
 -8.12774616e-01 2.45362190e-01
 -7.71222971e-01 2.36440025e-01
 -8.80812209e-01 2.27773688e-01
 -8.13054306e-01 2.19344852e-01
 -8.19428385e-01 2.11136275e-01
 -8.54683118e-01 2.03131700e-01
 -8.30361323e-01 1.95315755e-01
 -8.12986548e-01 1.87673862e-01
 -9.11484332e-01 1.80192160e-01
 -8.40393548e-01 1.72857427e-01
 -8.53178134e-01 1.65657013e-01
 -8.58452131e-01 1.58578779e-01
 -9.45647904e-01 1.51611032e-01
 -9.04242245e-01 1.44742478e-01
 -8.95757978e-01 1.37962164e-01
 -9.53261487e-01 1.31259433e-01
 -9.10885362e-01 1.24623874e-01
 -8.97268464e-01 1.18045282e-01
 -8.64900730e-01 1.11513613e-01
 -8.70620621e-01 1.05018944e-01
 -9.18124049e-01 9.85514302e-02
 -8.70827097e-01 9.21012677e-02
 -9.17842216e-01 8.56586540e-02
 -9.24086435e-01 7.92137486e-02
 -9.09865513e-01 7.27566341e-02
 -9.15297715e-01 6.62772766e-02
 -1.11701361e+00 5.97654857e-02
 -1.06859011e+00 5.32108739e-02
 -9.89772630e-01 4.66028146e-02
 -1.02882650e+00 3.99303994e-02
 -1.09923797e+00 3.31823936e-02
 -1.11448753e+00 2.63471906e-02
 -1.12538758e+00 1.94127649e-02
 -1.02774069e+00 1.23666237e-02
 -1.13089218e+00 5.19575681e-03
 -1.19345185e+00 -2.11341398e-03
 -1.18930535e+00 -9.57508615e-03
 -1.23869784e+00 -1.72041275e-02
 -1.19788562e+00 -2.50161258e-02
 -1.22221039e+00 -3.30274353e-02
 -1.28119649e+00 -4.12552174e-02
 -1.32729678e+00 -4.97174733e-02
 -1.48299237e+00 -5.84330618e-02
 -1.43783188e+00 -6.74216974e-02
 -1.47790668e+00 -7.67039189e-02
 -1.43572683e+00 -8.63010140e-02
 -1.45310029e+00 -9.62348846e-02
 -1.49753769e+00 -1.06527824e-01
 -1.64039437e+00 -1.17202171e-01
 -1.79979009e+00 -1.28279795e-01
 -1.79248431e+00 -1.39781325e-01
 -1.84939165e+00 -1.51725042e-01
 -1.82553395e+00 -1.64125257e-01
 -1.95554216e+00 -1.76989981e-01
 -2.01861820e+00 -1.90317543e-01
 -2.16856808e+00 -2.04091693e-01
 -2.29833332e+00 -2.18274451e-01
 -2.43853289e+00 -2.32795595e-01
 -2.48660553e+00 -2.47537066e-01
 -2.71423026e+00 -2.62309565e-01
 -2.86807055e+00 -2.76816936e-01
 -2.97667540e+00 -2.90601129e-01
 -3.20846693e+00 -3.02955554e-01
 -3.37342092e+00 -3.12785813e-01
 -3.70239679e+00 -3.18380347e-01
 -4.06287219e+00 -3.17022115e-01
 -4.45223245e+00 -3.04309748e-01
 -4.93994287e+00 -2.72926118e-01
 -5.58976043e+00 -2.10306725e-01
 -6.39465220e+00 -9.40000223e-02
 -7.16913495e+00 1.18110991e-01
 -8.36646651e+00 5.09805551e-01
 -1.00380790e+01 1.25957007e+00
 -1.23739877e+01 2.77607653e+00
 -1.51885670e+01 6.03420830e+00
 -1.69419232e+01 1.29974904e+01
 -1.17756781e+01 2.32873332e+01
 1.37005986e+00 2.48913150e+01
 8.31220636e+00 1.77625321e+01
 9.33643290e+00 1.18670435e+01
 8.49356358e+00 8.34764843e+00
 7.53516388e+00 6.24437889e+00
 6.66730685e+00 4.91389972e+00
 5.94857168e+00 4.02188202e+00
 5.33358605e+00 3.39340913e+00
 4.78205655e+00 2.93220578e+00
 4.41234484e+00 2.58228490e+00
 4.07694644e+00 2.30941061e+00
 3.71353647e+00 2.09170890e+00
 3.49255520e+00 1.91466487e+00
 3.26086397e+00 1.76832713e+00
 3.11244583e+00 1.64567731e+00
 2.96361331e+00 1.54164206e+00
 2.75173799e+00 1.45247390e+00
 2.56805624e+00 1.37535144e+00
 2.54270526e+00 1.30811431e+00
 2.46011060e+00 1.24908308e+00
 2.34666506e+00 1.19693443e+00
 2.12372251e+00 1.15061285e+00
 2.15637483e+00 1.10926706e+00
 1.98630061e+00 1.07220364e+00
 1.93201283e+00 1.03885253e+00
 1.93863686e+00 1.00874118e+00
 1.83641251e+00 9.81474870e-01
 1.66652879e+00 9.56721565e-01
 1.74421296e+00 9.34200161e-01
 1.76036783e+00 9.13671254e-01
 1.62074353e+00 8.94929842e-01
 1.59215374e+00 8.77799496e-01
 1.53528085e+00 8.62127677e-01
 1.59308996e+00 8.47781937e-01
 1.52202775e+00 8.34646831e-01
 1.43437494e+00 8.22621373e-01
 1.51726920e+00 8.11616945e-01
 1.31925765e+00 8.01555559e-01
 1.31340333e+00 7.92368404e-01
 1.39270616e+00 7.83994634e-01
 1.34645852e+00 7.76380345e-01
 1.39094343e+00 7.69477707e-01
 1.25181812e+00 7.63244238e-01
 1.28827063e+00 7.57642170e-01
 1.32728005e+00 7.52637924e-01
 1.18992707e+00 7.48201648e-01
 1.25632512e+00 7.44306826e-01
 1.31211712e+00 7.40929941e-01
 1.24997198e+00 7.38050184e-01
 1.17040460e+00 7.35649201e-01
 1.17451626e+00 7.33710880e-01
 1.14360300e+00 7.32221161e-01
 1.19393147e+00 7.31167877e-01
 1.15756443e+00 7.30540615e-01
 1.15499995e+00 7.30330597e-01
 1.18327005e+00 7.30530578e-01
 1.14764248e+00 7.31134763e-01
 1.11585582e+00 7.32138737e-01
 1.14620956e+00 7.33539402e-01
 1.14019947e+00 7.35334934e-01
 1.12623993e+00 7.37524744e-01
 1.16789792e+00 7.40109459e-01
 1.13486036e+00 7.43090897e-01
 9.45308447e-01 7.46472068e-01
 1.12980349e+00 7.50257170e-01
 1.05118300e+00 7.54451606e-01
 1.14197926e+00 7.59062000e-01
 1.07001927e+00 7.64096225e-01
 1.13493429e+00 7.69563447e-01
 1.10563434e+00 7.75474166e-01
 1.16973633e+00 7.81840279e-01
 1.13595494e+00 7.88675148e-01
 1.15034503e+00 7.95993679e-01
 1.11898273e+00 8.03812415e-01
 1.12265427e+00 8.12149646e-01
 1.18332673e+00 8.21025528e-01
 1.10601146e+00 8.30462224e-01
 1.13671245e+00 8.40484061e-01
 1.11514731e+00 8.51117707e-01
 1.07540086e+00 8.62392377e-01
 1.07603329e+00 8.74340061e-01
 1.09730034e+00 8.86995779e-01
 1.04056297e+00 9.00397881e-01
 1.14317465e+00 9.14588378e-01
 1.11229251e+00 9.29613318e-01
 1.25828203e+00 9.45523222e-01
 1.19389340e+00 9.62373569e-01
 1.20115363e+00 9.80225361e-01
 1.28670693e+00 9.99145761e-01
 1.34999962e+00 1.01920884e+00
 1.32435636e+00 1.04049639e+00
 1.37336636e+00 1.06309897e+00
 1.29693787e+00 1.08711696e+00
 1.39965426e+00 1.11266192e+00
 1.41536296e+00 1.13985811e+00
 1.40007855e+00 1.16884428e+00
 1.40661260e+00 1.19977576e+00
 1.53178515e+00 1.23282693e+00
 1.57678962e+00 1.26819415e+00
 1.55896434e+00 1.30609922e+00
 1.64630333e+00 1.34679350e+00
 1.62935740e+00 1.39056285e+00
 1.69014733e+00 1.43773358e+00
 1.71904894e+00 1.48867961e+00
 1.74084017e+00 1.54383116e+00
 1.87139740e+00 1.60368532e+00
 1.92561826e+00 1.66881897e+00
 1.99616604e+00 1.73990459e+00
 2.14596879e+00 1.81772970e+00
 2.20479802e+00 1.90322063e+00
 2.36946737e+00 1.99747173e+00
 2.56567300e+00 2.10178065e+00
 2.72846256e+00 2.21769044e+00
 2.88841667e+00 2.34703776e+00
 2.98953774e+00 2.49200386e+00
 3.23677201e+00 2.65515781e+00
 3.54020507e+00 2.83946513e+00
 4.03725194e+00 3.04819553e+00
 4.44725095e+00 3.28456795e+00
 4.97712752e+00 3.55073089e+00
 5.70409619e+00 3.84504294e+00
 6.84310716e+00 4.15485600e+00
 8.12261878e+00 4.43678225e+00
 1.01541687e+01 4.56004661e+00
 1.31131987e+01 4.13661834e+00
 1.74447346e+01 2.03365209e+00
 2.18837366e+01 -4.36778060e+00
 1.98171361e+01 -1.53641486e+01
 9.67557391e+00 -2.02810284e+01
 2.11929217e+00 -1.75085612e+01
 -1.06733122e+00 -1.37023308e+01
 -2.21156531e+00 -1.08085981e+01
 -2.44693811e+00 -8.77120186e+00
 -2.55161210e+00 -7.31879840e+00
 -2.35110517e+00 -6.25183334e+00
 -2.15116193e+00 -5.44352858e+00
 -2.09306562e+00 -4.81412338e+00
 -1.99495304e+00 -4.31231446e+00
 -1.76879253e+00 -3.90411242e+00
 -1.72148235e+00 -3.56631931e+00
 -1.65637149e+00 -3.28265938e+00
 -1.45116223e+00 -3.04142550e+00
 -1.49302750e+00 -2.83400732e+00
 -1.25504625e+00 -2.65394537e+00
 -1.25415783e+00 -2.49630740e+00
 -1.18759017e+00 -2.35726737e+00
 -1.06836578e+00 -2.23381498e+00
 -1.08845306e+00 -2.12355134e+00
 -9.83902640e-01 -2.02454268e+00
 -9.40944455e-01 -1.93521373e+00
 -9.82686442e-01 -1.85426901e+00
 -9.42201483e-01 -1.78063385e+00
 -8.73943908e-01 -1.71340959e+00
 -8.25628213e-01 -1.65183927e+00
 -8.12032109e-01 -1.59528094e+00
 -7.17737472e-01 -1.54318683e+00
 -7.27130607e-01 -1.49508678e+00
 -6.58640084e-01 -1.45057514e+00
 -7.18346323e-01 -1.40930013e+00
 -7.18838792e-01 -1.37095532e+00
 -6.07003272e-01 -1.33527259e+00
 -6.11426798e-01 -1.30201645e+00
 -5.42948860e-01 -1.27097927e+00
 -6.02145314e-01 -1.24197734e+00
 -5.55591202e-01 -1.21484761e+00
 -4.66101853e-01 -1.18944494e+00
 -4.78798322e-01 -1.16563975e+00
 -4.78515794e-01 -1.14331604e+00
 -4.91163650e-01 -1.12236979e+00
 -5.54823994e-01 -1.10270743e+00
 -3.81143600e-01 -1.08424469e+00
 -4.22695283e-01 -1.06690553e+00
 -3.73830136e-01 -1.05062119e+00
 -4.24183846e-01 -1.03532946e+00
 -2.57144577e-01 -1.02097396e+00
 -3.87843082e-01 -1.00750357e+00
 -3.24728269e-01 -9.94871880e-01
 -2.85378668e-01 -9.83036763e-01
 -3.05140135e-01 -9.71959973e-01
 -3.37596464e-01 -9.61606793e-01
 -2.83779156e-01 -9.51945729e-01
 -2.59378704e-01 -9.42948250e-01
 -3.39985300e-01 -9.34588543e-01
 -2.87760931e-01 -9.26843315e-01
 -2.85039790e-01 -9.19691606e-01
 -3.64237169e-01 -9.13114636e-01
 -2.54124137e-01 -9.07095665e-01
 -2.94924717e-01 -9.01619874e-01
 -2.16280616e-01 -8.96674263e-01
 -1.44574649e-01 -8.92247563e-01
 -2.00427605e-01 -8.88330167e-01
 -2.45322674e-01 -8.84914065e-01
 -2.06313671e-01 -8.81992801e-01
 -1.44329922e-01 -8.79561434e-01
 -2.27667146e-01 -8.77616521e-01
 -1.99856602e-01 -8.76156095e-01
 -2.49091419e-01 -8.75179672e-01
 -1.64661876e-01 -8.74688259e-01
 -1.42994557e-01 -8.74684374e-01
 -1.37068130e-01 -8.75172079e-01
 1.41621094e-03 -8.76157031e-01
 -1.42402088e-01 -8.77646535e-01
 -1.96991850e-01 -8.79649625e-01
 -5.95546057e-02 -8.82177147e-01
 2.98088030e-03 -8.85241871e-01
 2.41077439e-02 -8.88858614e-01
 -9.77213290e-02 -8.93044387e-01
 -5.08602793e-02 -8.97818566e-01
 -8.90696366e-02 -9.03203093e-01
 -3.75792880e-02 -9.09222698e-01
 -2.65791244e-02 -9.15905170e-01
 -8.95153428e-03 -9.23281657e-01
 -9.40564608e-02 -9.31387020e-01
 1.85750192e-02 -9.40260235e-01
 -2.59591769e-02 -9.49944870e-01
 -4.85044286e-02 -9.60489622e-01
 -7.22705843e-02 -9.71948958e-01
 1.39206855e-02 -9.84383845e-01
 -7.48393744e-02 -9.97862620e-01
 6.10965735e-03 -1.01246200e+00
 9.86209324e-02 -1.02826826e+00
 9.27437785e-02 -1.04537867e+00
 -1.93095194e-02 -1.06390312e+00
 1.16212992e-01 -1.08396618e+00
 1.42470573e-01 -1.10570939e+00
 1.15411959e-01 -1.12929423e+00
 1.56194141e-01 -1.15490554e+00
 1.45863023e-01 -1.18275577e+00
 1.54548200e-01 -1.21309020e+00
 1.46413407e-01 -1.24619336e+00
 2.52084225e-01 -1.28239697e+00
 2.38796631e-01 -1.32209003e+00
 2.09135553e-01 -1.36573143e+00
 2.68977069e-01 -1.41386608e+00
 2.58661228e-01 -1.46714577e+00
 3.88062571e-01 -1.52635620e+00
 2.11782653e-01 -1.59245269e+00
 3.63498281e-01 -1.66660766e+00
 4.12485433e-01 -1.75027493e+00
 4.27637310e-01 -1.84527770e+00
 4.47150206e-01 -1.95393119e+00
 4.61538097e-01 -2.07921638e+00
 5.11471239e-01 -2.22503072e+00
 6.65196194e-01 -2.39655747e+00
 5.56581141e-01 -2.60082136e+00
 5.58041571e-01 -2.84754372e+00
 6.86503404e-01 -3.15048756e+00
 8.02313492e-01 -3.52961344e+00
 7.54843762e-01 -4.01456300e+00
 6.94202015e-01 -4.65015498e+00
 5.85261959e-01 -5.50395901e+00
 1.78227546e-01 -6.67016820e+00
 -7.89021937e-01 -8.22925137e+00
 -3.15851423e+00 -9.95560770e+00
 -7.72198146e+00 -1.02255019e+01
 -1.20293605e+01 -6.22719497e+00
 -1.17672195e+01 -8.81653753e-01
 -9.01715698e+00 1.78541339e+00
 -6.88391846e+00 2.57970270e+00
 -5.45683055e+00 2.66365840e+00
 -4.47999892e+00 2.52162556e+00
 -3.70426431e+00 2.32158532e+00
 -3.18194954e+00 2.11988982e+00
 -2.75166409e+00 1.93427290e+00
 -2.45566012e+00 1.76888200e+00
 -2.13342856e+00 1.62314023e+00
 -2.07045090e+00 1.49499144e+00
 -1.92538233e+00 1.38210061e+00
 -1.77642445e+00 1.28228010e+00
 -1.71429441e+00 1.19361725e+00
 -1.59725573e+00 1.11448789e+00
 -1.52408588e+00 1.04352965e+00
 -1.46505499e+00 9.79604337e-01
 -1.38400502e+00 9.21760757e-01
 -1.37383284e+00 8.69201937e-01
 -1.32201522e+00 8.21257528e-01
 -1.15358999e+00 7.77361136e-01
 -1.24467638e+00 7.37031888e-01
 -1.21707158e+00 6.99859508e-01
 -1.09755090e+00 6.65492240e-01
 -1.13824444e+00 6.33627054e-01
 -1.09099500e+00 6.04001692e-01
 -1.07655326e+00 5.76388158e-01
 -1.00761843e+00 5.50587401e-01
 -1.00492471e+00 5.26424922e-01
 -9.71924108e-01 5.03747143e-01
 -1.00074081e+00 4.82418397e-01
 -9.48920542e-01 4.62318403e-01
 -9.49665092e-01 4.43340158e-01
 -9.56842865e-01 4.25388155e-01
 -8.93577447e-01 4.08376881e-01
 -9.48771896e-01 3.92229537e-01
 -9.46622963e-01 3.76876951e-01
 -9.02655025e-01 3.62256639e-01
 -8.39991498e-01 3.48312010e-01
 -8.63394319e-01 3.34991673e-01
 -8.80275491e-01 3.22248837e-01
 -7.80885150e-01 3.10040794e-01
 -8.16774765e-01 2.98328465e-01
 -8.62684585e-01 2.87076010e-01
 -9.06338640e-01 2.76250475e-01
 -9.15315148e-01 2.65821492e-01
 -9.43862512e-01 2.55761011e-01
 -7.89729640e-01 2.46043060e-01
 -8.91089005e-01 2.36643539e-01
 -8.75657938e-01 2.27540029e-01
 -8.26656545e-01 2.18711626e-01
 -8.39838967e-01 2.10138795e-01
 -8.00229359e-01 2.01803232e-01
 -8.55955543e-01 1.93687748e-01
 -8.70674031e-01 1.85776158e-01
 -9.54811285e-01 1.78053181e-01
 -9.92735437e-01 1.70504356e-01
 -9.64031473e-01 1.63115957e-01
 -8.76819685e-01 1.55874920e-01
 -9.32102298e-01 1.48768774e-01
 -9.11383972e-01 1.41785581e-01
 -8.14047265e-01 1.34913876e-01
 -9.01456521e-01 1.28142613e-01
 -8.69000616e-01 1.21461115e-01
 -8.12277070e-01 1.14859031e-01
 -9.60802634e-01 1.08326286e-01
 -9.40790914e-01 1.01853042e-01
 -9.32500006e-01 9.54296587e-02
 -9.91625800e-01 8.90466554e-02
 -8.67820592e-01 8.26946736e-02
 -9.13787173e-01 7.63644424e-02
 -9.89114924e-01 7.00467440e-02
 -9.23956904e-01 6.37323806e-02
 -9.87302251e-01 5.74121410e-02
 -9.86449520e-01 5.10767690e-02
 -8.94566908e-01 4.47169311e-02
 -1.07013613e+00 3.83231852e-02
 -1.02551205e+00 3.18859490e-02
 -1.05824988e+00 2.53954694e-02
 -1.08168974e+00 1.88417920e-02
 -1.03736357e+00 1.22147304e-02
 -1.10008748e+00 5.50383796e-03
 -1.19182191e+00 -1.30162109e-03
 -1.13528017e+00 -8.21269753e-03
 -1.03290129e+00 -1.52407811e-02
 -1.21213704e+00 -2.23976206e-02
 -1.21977094e+00 -2.96953394e-02
 -1.26860444e+00 -3.71464431e-02
 -1.31366411e+00 -4.47638190e-02
 -1.31254638e+00 -5.25607208e-02
 -1.34826426e+00 -6.05507371e-02
 -1.35742393e+00 -6.87477349e-02
 -1.32607328e+00 -7.71657712e-02
 -1.41621994e+00 -8.58189605e-02
 -1.44944119e+00 -9.47212842e-02
 -1.52488739e+00 -1.03886320e-01
 -1.64765741e+00 -1.13326862e-01
 -1.55874346e+00 -1.23054402e-01
 -1.55384351e+00 -1.33078400e-01
 -1.71592951e+00 -1.43405298e-01
 -1.77779089e+00 -1.54037148e-01
 -1.92113445e+00 -1.64969729e-01
 -1.90619139e+00 -1.76189942e-01
 -2.01130641e+00 -1.87672191e-01
 -2.10844398e+00 -1.99373327e-01
 -2.08595587e+00 -2.11225531e-01
 -2.24262413e+00 -2.23126213e-01
 -2.46553829e+00 -2.34923529e-01
 -2.48345929e+00 -2.46395391e-01
 -2.74198043e+00 -2.57218638e-01
 -2.86217478e+00 -2.66923117e-01
 -2.97270983e+00 -2.74822163e-01
 -3.30607527e+00 -2.79905385e-01
 -3.53632171e+00 -2.80669927e-01
 -3.78681156e+00 -2.74848623e-01
 -4.08833600e+00 -2.58960458e-01
 -4.44314693e+00 -2.27544882e-01
 -4.87491898e+00 -1.71813347e-01
 -5.54353158e+00 -7.71834888e-02
 -6.12814271e+00 8.14232782e-02
 -7.02948659e+00 3.48969152e-01
 -8.06984156e+00 8.09935806e-01
 -9.47705926e+00 1.63100218e+00
 -1.12899213e+01 3.15368643e+00
 -1.31650146e+01 6.06350142e+00
 -1.42253874e+01 1.13900966e+01
 -1.07340031e+01 1.85275052e+01
 -1.88028883e+00 2.13479691e+01
 4.97130036e+00 1.75741310e+01
 7.33678352e+00 1.27630780e+01
 7.42399168e+00 9.30496635e+00
 6.81375942e+00 7.05341860e+00
 6.24502785e+00 5.56915590e+00
 5.65834511e+00 4.55331212e+00
 5.16130580e+00 3.83012990e+00
 4.66966532e+00 3.29676108e+00
 4.37239176e+00 2.89125461e+00
 4.00831717e+00 2.57491051e+00
 3.67340728e+00 2.32266987e+00
 3.49966694e+00 2.11776243e+00
 3.20922799e+00 1.94862836e+00
 3.05062564e+00 1.80708753e+00
 2.86658501e+00 1.68721517e+00
 2.78596396e+00 1.58463048e+00
 2.59364512e+00 1.49603413e+00
 2.47830125e+00 1.41890008e+00
 2.28535533e+00 1.35126556e+00
 2.20032719e+00 1.29158506e+00
 2.16100778e+00 1.23862688e+00
 2.12977904e+00 1.19139865e+00
 1.99614127e+00 1.14909281e+00
 2.03420411e+00 1.11104621e+00
 1.93145349e+00 1.07670972e+00
 1.82497845e+00 1.04562517e+00
 1.76755284e+00 1.01740754e+00
 1.72676837e+00 9.91731225e-01
 1.74696502e+00 9.68319193e-01
 1.69043604e+00 9.46934445e-01
 1.54059867e+00 9.27373194e-01
 1.58292592e+00 9.09459389e-01
 1.53408890e+00 8.93040279e-01
 1.47073594e+00 8.77982804e-01
 1.45046780e+00 8.64170631e-01
 1.44259822e+00 8.51501715e-01
 1.36798673e+00 8.39886271e-01
 1.39205036e+00 8.29245093e-01
 1.36679076e+00 8.19508132e-01
 1.27113740e+00 8.10613317e-01
 1.32625794e+00 8.02505542e-01
 1.22413973e+00 7.95135821e-01
 1.30265915e+00 7.88460558e-01
 1.30258106e+00 7.82440932e-01
 1.19486626e+00 7.77042366e-01
 1.28142617e+00 7.72234068e-01
 1.17321722e+00 7.67988644e-01
 1.23130065e+00 7.64281757e-01
 1.26262500e+00 7.61091837e-01
 1.11920551e+00 7.58399827e-01
 1.14321027e+00 7.56188966e-01
 1.08418920e+00 7.54444602e-01
 1.09361201e+00 7.53154025e-01
 1.17714711e+00 7.52306332e-01
 1.16377150e+00 7.51892303e-01
 1.20086310e+00 7.51904304e-01
 1.08748213e+00 7.52336192e-01
 1.14120697e+00 7.53183253e-01
 1.17260403e+00 7.54442133e-01
 1.09605493e+00 7.56110798e-01
 1.02960298e+00 7.58188496e-01
 1.15683077e+00 7.60675728e-01
 1.00270194e+00 7.63574236e-01
 1.06312902e+00 7.66886994e-01
 1.10889080e+00 7.70618213e-01
 1.00468136e+00 7.74773349e-01
 1.07664201e+00 7.79359129e-01
 9.97444614e-01 7.84383578e-01
 1.02049925e+00 7.89856061e-01
 1.11604973e+00 7.95787331e-01
 1.13667329e+00 8.02189591e-01
 1.16035262e+00 8.09076567e-01
 1.01958868e+00 8.16463590e-01
 1.02984546e+00 8.24367691e-01
 1.08026194e+00 8.32807719e-01
 1.12262809e+00 8.41804463e-01
 1.11380931e+00 8.51380796e-01
 1.17163242e+00 8.61561844e-01
 1.17332111e+00 8.72375170e-01
 1.12362970e+00 8.83850981e-01
 1.15876221e+00 8.96022372e-01
 1.12033827e+00 9.08925593e-01
 1.12958262e+00 9.22600357e-01
 1.17319767e+00 9.37090182e-01
 1.28816208e+00 9.52442792e-01
 1.13949634e+00 9.68710557e-01
 1.21909778e+00 9.85951009e-01
 1.15428373e+00 1.00422742e+00
 1.25646093e+00 1.02360947e+00
 1.28522627e+00 1.04417401e+00
 1.31759909e+00 1.06600593e+00
 1.28770908e+00 1.08919919e+00
 1.28180701e+00 1.11385796e+00
 1.32848100e+00 1.14009800e+00
 1.38468542e+00 1.16804822e+00
 1.38739455e+00 1.19785248e+00
 1.50003410e+00 1.22967178e+00
 1.54194865e+00 1.26368675e+00
 1.49941259e+00 1.30010059e+00
 1.52519257e+00 1.33914254e+00
 1.62454459e+00 1.38107203e+00
 1.58508085e+00 1.42618356e+00
 1.85891570e+00 1.47481246e+00
 1.68758805e+00 1.52734186e+00
 1.82931844e+00 1.58421088e+00
 1.93760059e+00 1.64592444e+00
 2.02747688e+00 1.71306492e+00
 2.07844114e+00 1.78630584e+00
 2.14453278e+00 1.86642781e+00
 2.39222913e+00 1.95433674e+00
 2.51316536e+00 2.05108353e+00
 2.62116062e+00 2.15788370e+00
 2.73798859e+00 2.27613279e+00
 3.04405791e+00 2.40740837e+00
 3.20689320e+00 2.55343926e+00
 3.61609173e+00 2.71600022e+00
 3.85862895e+00 2.89664229e+00
 4.36159383e+00 3.09606074e+00
 4.88561895e+00 3.31265016e+00
 5.64012161e+00 3.53918392e+00
 6.52038512e+00 3.75500013e+00
 7.76415412e+00 3.90697126e+00
 9.50575873e+00 3.86156074e+00
 1.18706437e+01 3.28349966e+00
 1.51320453e+01 1.36620954e+00
 1.82517135e+01 -3.36987612e+00
 1.75807341e+01 -1.10584758e+01
 1.10546561e+01 -1.62692517e+01
 4.53420054e+00 -1.58780324e+01
 7.72519286e-01 -1.33045393e+01
 -8.18182230e-01 -1.08358493e+01
 -1.56500661e+00 -8.92239906e+00
 -1.87613978e+00 -7.49348333e+00
 -1.92984485e+00 -6.41790590e+00
 -1.94309550e+00 -5.59209096e+00
 -1.85848287e+00 -4.94417601e+00
 -1.75932739e+00 -4.42540363e+00
 -1.56094402e+00 -4.00241878e+00
 -1.54241576e+00 -3.65198720e+00
 -1.38266749e+00 -3.35758629e+00
 -1.35686266e+00 -3.10722221e+00
 -1.32603196e+00 -2.89201804e+00
 -1.20399204e+00 -2.70528523e+00
 -1.09757016e+00 -2.54190115e+00
 -1.06364995e+00 -2.39788383e+00
 -1.07598087e+00 -2.27009596e+00
 -9.44938210e-01 -2.15603527e+00
 -9.69707051e-01 -2.05368357e+00
 -8.55497181e-01 -1.96139645e+00
 -8.54105981e-01 -1.87782156e+00
 -7.42003310e-01 -1.80183713e+00
 -8.15256927e-01 -1.73250539e+00
 -8.05416284e-01 -1.66903664e+00
 -7.60975873e-01 -1.61076147e+00
 -7.33626246e-01 -1.55710887e+00
 -6.70277327e-01 -1.50758898e+00
 -6.57059516e-01 -1.46177935e+00
 -5.28473798e-01 -1.41931381e+00
 -5.08328249e-01 -1.37987352e+00
 -6.64877959e-01 -1.34317968e+00
 -5.30828869e-01 -1.30898749e+00
 -5.15828304e-01 -1.27708124e+00
 -4.95879151e-01 -1.24727013e+00
 -4.78029804e-01 -1.21938493e+00
 -4.64228352e-01 -1.19327500e+00
 -4.46714407e-01 -1.16880593e+00
 -4.36995373e-01 -1.14585745e+00
 -4.25230036e-01 -1.12432170e+00
 -3.85192330e-01 -1.10410173e+00
 -4.13965044e-01 -1.08511022e+00
 -3.89090310e-01 -1.06726837e+00
 -3.89398032e-01 -1.05050497e+00
 -3.39827278e-01 -1.03475559e+00
 -3.32379772e-01 -1.01996182e+00
 -2.93773153e-01 -1.00607070e+00
 -2.12517288e-01 -9.93034146e-01
 -3.08402796e-01 -9.80808503e-01
 -2.70336972e-01 -9.69354112e-01
 -3.14162603e-01 -9.58634960e-01
 -3.62219560e-01 -9.48618354e-01
 -2.78590113e-01 -9.39274649e-01
 -3.24073190e-01 -9.30576997e-01
 -1.78869493e-01 -9.22501134e-01
 -2.28762456e-01 -9.15025192e-01
 -1.85490736e-01 -9.08129531e-01
 -2.72340397e-01 -9.01796599e-01
 -2.14695356e-01 -8.96010802e-01
 -2.16335497e-01 -8.90758403e-01
 -1.75311991e-01 -8.86027421e-01
 -1.57337409e-01 -8.81807561e-01
 -2.59800198e-01 -8.78090147e-01
 -1.26500460e-01 -8.74868070e-01
 -2.11047700e-01 -8.72135752e-01
 -1.96842101e-01 -8.69889114e-01
 -8.01458138e-02 -8.68125562e-01
 -7.64502227e-02 -8.66843984e-01
 -9.54658641e-02 -8.66044754e-01
 -6.07222413e-02 -8.65729751e-01
 -1.36542598e-01 -8.65902387e-01
 -9.44842942e-02 -8.66567654e-01
 -4.17936999e-02 -8.67732172e-01
 -4.07734012e-02 -8.69404268e-01
 -7.51328910e-02 -8.71594052e-01
 -5.44695659e-02 -8.74313523e-01
 -1.66022307e-02 -8.77576690e-01
 -2.85830337e-02 -8.81399711e-01
 -7.68706297e-03 -8.85801059e-01
 -4.63122311e-02 -8.90801708e-01
 1.57691572e-02 -8.96425361e-01
 8.18897798e-02 -9.02698695e-01
 -3.18569509e-02 -9.09651665e-01
 7.82898645e-02 -9.17317833e-01
 -5.52612753e-03 -9.25734768e-01
 6.93706294e-02 -9.34944495e-01
 1.04039217e-02 -9.44994022e-01
 -4.60946047e-02 -9.55935955e-01
 -2.88820077e-02 -9.67829202e-01
 1.06432660e-01 -9.80739812e-01
 1.13138643e-02 -9.94741949e-01
 9.77831499e-02 -1.00991904e+00
 1.20141222e-01 -1.02636511e+00
 1.12742900e-01 -1.04418644e+00
 1.20816545e-01 -1.06350341e+00
 1.61900305e-01 -1.08445286e+00
 1.59816977e-01 -1.10719079e+00
 1.42901932e-01 -1.13189572e+00
 1.89552054e-01 -1.15877275e+00
 1.99743274e-01 -1.18805852e+00
 2.36021413e-01 -1.22002731e+00
 1.30897411e-01 -1.25499867e+00
 2.45200049e-01 -1.29334690e+00
 2.11737675e-01 -1.33551305e+00
 3.55207369e-01 -1.38202011e+00
 2.87558634e-01 -1.43349260e+00
 3.46430473e-01 -1.49068194e+00
 4.04768741e-01 -1.55449961e+00
 3.59699840e-01 -1.62606129e+00
 4.46696245e-01 -1.70674594e+00
 4.61149457e-01 -1.79827625e+00
 4.61271025e-01 -1.90282969e+00
 5.88325810e-01 -2.02319408e+00
 5.26099768e-01 -2.16298922e+00
 7.31860967e-01 -2.32698792e+00
 7.06202848e-01 -2.52158919e+00
 6.80886246e-01 -2.75552704e+00
 7.21989439e-01 -3.04094625e+00
 7.04378476e-01 -3.39504254e+00
 8.03522319e-01 -3.84251989e+00
 8.01498845e-01 -4.41898749e+00
 6.18393055e-01 -5.17427847e+00
 1.59825218e-01 -6.16892702e+00
 -7.58935965e-01 -7.43213159e+00
 -2.58517447e+00 -8.76241663e+00
 -5.88105918e+00 -9.16231115e+00
 -9.40068114e+00 -6.89002716e+00
 -1.03775201e+01 -2.80429087e+00
 -9.09580553e+00 1.28677527e-01
 -7.31041334e+00 1.45195012e+00
 -5.87888231e+00 1.90535883e+00
 -4.72485983e+00 1.98953272e+00
 -3.96030045e+00 1.92915775e+00
 -3.50401873e+00 1.81727055e+00
 -3.06102166e+00 1.69206445e+00
 -2.68225183e+00 1.56904159e+00
 -2.45060244e+00 1.45412159e+00
 -2.18668676e+00 1.34911285e+00
 -2.15152061e+00 1.25407040e+00
 -2.02344845e+00 1.16833937e+00
 -1.73261276e+00 1.09102279e+00
 -1.72791247e+00 1.02118963e+00
 -1.64158311e+00 9.57963089e-01
 -1.48608649e+00 9.00553169e-01
 -1.47726815e+00 8.48263683e-01
 -1.41447589e+00 8.00487930e-01
 -1.32108544e+00 7.56699964e-01
 -1.29008711e+00 7.16444665e-01
 -1.21259636e+00 6.79328102e-01
 -1.21308807e+00 6.45008789e-01
 -1.19561397e+00 6.13190027e-01
 -1.08519657e+00 5.83613321e-01
 -1.10568268e+00 5.56052774e-01
 -1.15485495e+00 5.30310356e-01
 -1.16735887e+00 5.06211904e-01
 -1.01130465e+00 4.83603750e-01
 -1.04884473e+00 4.62349878e-01
 -1.05656589e+00 4.42329515e-01
 -1.00888701e+00 4.23435097e-01
 -9.59925170e-01 4.05570534e-01
 -9.88012764e-01 3.88649739e-01
 -9.70312044e-01 3.72595368e-01
 -9.92622648e-01 3.57337739e-01
 -9.03780703e-01 3.42813906e-01
 -9.38126748e-01 3.28966858e-01
 -9.89963795e-01 3.15744833e-01
 -9.35898422e-01 3.03100712e-01
 -9.40965318e-01 2.90991502e-01
 -8.16644994e-01 2.79377880e-01
 -8.52935577e-01 2.68223795e-01
 -8.71154125e-01 2.57496119e-01
 -9.19410391e-01 2.47164341e-01
 -8.65382888e-01 2.37200297e-01
 -8.85982878e-01 2.27577927e-01
 -8.82641855e-01 2.18273067e-01
 -8.23159707e-01 2.09263257e-01
 -8.67819514e-01 2.00527574e-01
 -8.50715593e-01 1.92046483e-01
 -8.83707550e-01 1.83801698e-01
 -8.00535033e-01 1.75776065e-01
 -8.99499384e-01 1.67953453e-01
 -9.15291714e-01 1.60318650e-01
 -8.58337874e-01 1.52857281e-01
 -8.19626519e-01 1.45555719e-01
 -9.21750549e-01 1.38401019e-01
 -9.34041318e-01 1.31380842e-01
 -8.51929996e-01 1.24483399e-01
 -8.81326543e-01 1.17697392e-01
 -9.94654845e-01 1.11011959e-01
 -9.39072339e-01 1.04416627e-01
 -9.12652981e-01 9.79012654e-02
 -8.82608835e-01 9.14560439e-02
 -9.66888981e-01 8.50713913e-02
 -9.49388769e-01 7.87379583e-02
 -9.30255731e-01 7.24465814e-02
 -8.81374093e-01 6.61882487e-02
 -9.78799412e-01 5.99540673e-02
 -9.57740266e-01 5.37352323e-02
 -9.78890802e-01 4.75229964e-02
 -1.02450077e+00 4.13086413e-02
 -9.99732667e-01 3.50834495e-02
 -1.02058253e+00 2.88386775e-02
 -1.00809231e+00 2.25655295e-02
 -1.12304323e+00 1.62551324e-02
 -1.11595486e+00 9.89851152e-03
 -1.07301050e+00 3.48656817e-03
 -1.10310288e+00 -2.98994206e-03
 -1.01771117e+00 -9.54042862e-03
 -1.05371871e+00 -1.61744831e-02
 -1.14352530e+00 -2.29018935e-02
 -1.10539339e+00 -2.97326536e-02
 -1.14088529e+00 -3.66769688e-02
 -1.21818295e+00 -4.37452529e-02
 -1.20901640e+00 -5.09481182e-02
 -1.23097225e+00 -5.82963519e-02
 -1.32622058e+00 -6.58008786e-02
 -1.37858608e+00 -7.34727020e-02
 -1.35581349e+00 -8.13228203e-02
 -1.39005932e+00 -8.93621078e-02
 -1.35001537e+00 -9.76011500e-02
 -1.43747287e+00 -1.06050020e-01
 -1.48344736e+00 -1.14717978e-01
 -1.56613507e+00 -1.23613061e-01
 -1.67687889e+00 -1.32741542e-01
 -1.69167845e+00 -1.42107198e-01
 -1.75211506e+00 -1.51710334e-01
 -1.79278464e+00 -1.61546471e-01
 -1.77459552e+00 -1.71604582e-01
 -1.86114795e+00 -1.81864707e-01
 -1.94084746e+00 -1.92294712e-01
 -1.96138714e+00 -2.02845859e-01
 -2.04651964e+00 -2.13446720e-01
 -2.15037640e+00 -2.23994719e-01
 -2.25857845e+00 -2.34344298e-01
 -2.45409659e+00 -2.44290189e-01
 -2.53956962e+00 -2.53543469e-01
 -2.63921999e+00 -2.61696884e-01
 -2.81396014e+00 -2.68173884e-01
 -2.98517094e+00 -2.72152552e-01
 -3.20878161e+00 -2.72450058e-01
 -3.44929588e+00 -2.67343672e-01
 -3.75775010e+00 -2.54287482e-01
 -4.02901150e+00 -2.29453061e-01
 -4.40429297e+00 -1.86964479e-01
 -4.80966861e+00 -1.17585903e-01
 -5.28072749e+00 -6.39574208e-03
 -5.89264196e+00 1.71481322e-01
 -6.71411756e+00 4.58988322e-01
 -7.73299353e+00 9.33050078e-01
 -9.03815302e+00 1.73620963e+00
 -1.03493513e+01 3.13667930e+00
 -1.18898547e+01 5.61325812e+00
 -1.26622927e+01 9.78232793e+00
 -1.04182553e+01 1.52922055e+01
 -4.31386303e+00 1.86781496e+01
 2.13032977e+00 1.71587971e+01
 5.38009600e+00 1.34514665e+01
 6.37714893e+00 1.01774594e+01
 6.28904252e+00 7.83330717e+00
 5.92818371e+00 6.21527425e+00
 5.48767983e+00 5.08214708e+00
 5.10382129e+00 4.26607010e+00
 4.60647883e+00 3.66076915e+00
 4.27541116e+00 3.19944280e+00
 3.93452939e+00 2.83931212e+00
 3.65945630e+00 2.55225590e+00
 3.34714710e+00 2.31927737e+00
 3.16149891e+00 2.12720538e+00
 3.08868371e+00 1.96668627e+00
 2.85231859e+00 1.83093127e+00
 2.67891558e+00 1.71491538e+00
 2.67493625e+00 1.61485266e+00
 2.48006365e+00 1.52784484e+00
 2.34162118e+00 1.45164086e+00
 2.25346955e+00 1.38446939e+00
 2.14854517e+00 1.32491990e+00
 2.10300360e+00 1.27185695e+00
 1.96539209e+00 1.22435749e+00
 1.95451064e+00 1.18166428e+00
 1.86313919e+00 1.14315092e+00
 1.82965968e+00 1.10829529e+00
 1.78014693e+00 1.07665908e+00
 1.65574300e+00 1.04787198e+00
 1.65334635e+00 1.02161920e+00
 1.71481901e+00 9.97631684e-01
 1.59595242e+00 9.75678272e-01
 1.51081493e+00 9.55559417e-01
 1.54748665e+00 9.37102101e-01
 1.45736609e+00 9.20155701e-01
 1.42161697e+00 9.04588598e-01
 1.34822662e+00 8.90285386e-01
 1.38040415e+00 8.77144558e-01
 1.31500092e+00 8.65076580e-01
 1.34678354e+00 8.54002278e-01
 1.46650080e+00 8.43851480e-01
 1.33626000e+00 8.34561874e-01
 1.27319425e+00 8.26078038e-01
 1.27393377e+00 8.18350611e-01
 1.22799738e+00 8.11335593e-01
 1.23401396e+00 8.04993736e-01
 1.20795059e+00 7.99290033e-01
 1.19772157e+00 7.94193262e-01
 1.29384568e+00 7.89675611e-01
 1.22237135e+00 7.85712340e-01
 1.14533140e+00 7.82281493e-01
 1.10177400e+00 7.79363652e-01
 1.16433459e+00 7.76941718e-01
 1.16467312e+00 7.75000727e-01
 1.08462386e+00 7.73527688e-01
 1.07224907e+00 7.72511443e-01
 1.14419731e+00 7.71942548e-01
 1.12680301e+00 7.71813173e-01
 1.10903972e+00 7.72117015e-01
 1.09494925e+00 7.72849226e-01
 1.07460023e+00 7.74006358e-01
 1.12649869e+00 7.75586308e-01
 1.08177665e+00 7.77588293e-01
 1.08180043e+00 7.80012818e-01
 1.11426382e+00 7.82861662e-01
 1.11402897e+00 7.86137877e-01
 1.04958034e+00 7.89845785e-01
 1.15177793e+00 7.93990998e-01
 1.12328134e+00 7.98580438e-01
 1.11150482e+00 8.03622368e-01
 1.01498609e+00 8.09126437e-01
 1.00624211e+00 8.15103734e-01
 1.06066125e+00 8.21566846e-01
 1.18276091e+00 8.28529939e-01
 1.13324474e+00 8.36008842e-01
 1.09849466e+00 8.44021152e-01
 1.11394480e+00 8.52586348e-01
 9.87594021e-01 8.61725922e-01
 1.14811194e+00 8.71463536e-01
 1.10923924e+00 8.81825186e-01
 1.10225083e+00 8.92839403e-01
 1.18487067e+00 9.04537465e-01
 1.13945771e+00 9.16953654e-01
 1.13791849e+00 9.30125528e-01
 1.18928543e+00 9.44094248e-01
 1.19476055e+00 9.58904931e-01
 1.29127070e+00 9.74607064e-01
 1.18621259e+00 9.91254967e-01
 1.14403161e+00 1.00890832e+00
 1.15535781e+00 1.02763278e+00
 1.21887331e+00 1.04750064e+00
 1.28188416e+00 1.06859165e+00
 1.19663142e+00 1.09099391e+00
 1.35889607e+00 1.11480489e+00
 1.36172617e+00 1.14013268e+00
 1.33051423e+00 1.16709731e+00
 1.35849635e+00 1.19583242e+00
 1.42720338e+00 1.22648704e+00
 1.44791608e+00 1.25922786e+00
 1.50657394e+00 1.29424165e+00
 1.57745234e+00 1.33173826e+00
 1.56540774e+00 1.37195405e+00
 1.65936241e+00 1.41515593e+00
 1.65553613e+00 1.46164605e+00
 1.77106598e+00 1.51176728e+00
 1.76597392e+00 1.56590967e+00
 1.88459251e+00 1.62451778e+00
 1.95340910e+00 1.68809915e+00
 2.08639741e+00 1.75723377e+00
 2.17208223e+00 1.83258424e+00
 2.16477427e+00 1.91490613e+00
 2.36915446e+00 2.00505688e+00
 2.47308826e+00 2.10400039e+00
 2.70817790e+00 2.21280128e+00
 2.88743831e+00 2.33259717e+00
 3.15517824e+00 2.46452572e+00
 3.46232606e+00 2.60956056e+00
 3.75194502e+00 2.76816211e+00
 4.21921284e+00 2.93954798e+00
 4.68261143e+00 3.12016336e+00
 5.31821479e+00 3.30042073e+00
 6.19596728e+00 3.45757548e+00
 7.35476813e+00 3.53972515e+00
 8.81635630e+00 3.42921541e+00
 1.07765206e+01 2.86089440e+00
 1.33660076e+01 1.26967099e+00
 1.58067916e+01 -2.27371140e+00
 1.58309848e+01 -8.01335379e+00
 1.20618978e+01 -1.30508034e+01
 6.42288046e+00 -1.42328794e+01
 2.48331026e+00 -1.27941575e+01
 3.62097704e-01 -1.07991297e+01
 -6.92299981e-01 -9.04502389e+00
 -1.28470115e+00 -7.65654426e+00
 -1.38390666e+00 -6.57971076e+00
 -1.55078025e+00 -5.73941145e+00
 -1.50657309e+00 -5.07412094e+00
 -1.39329029e+00 -4.53870663e+00
 -1.34289030e+00 -4.10092386e+00
 -1.41928755e+00 -3.73771263e+00
 -1.27142543e+00 -3.43239579e+00
 -1.24057555e+00 -3.17273170e+00
 -1.08783977e+00 -2.94959163e+00
 -9.68582590e-01 -2.75606183e+00
 -1.18353128e+00 -2.58682853e+00
 -1.06918914e+00 -2.43775132e+00
 -9.68593057e-01 -2.30556285e+00
 -8.74220827e-01 -2.18765452e+00
 -9.18987900e-01 -2.08192114e+00
 -8.49331430e-01 -1.98664695e+00
 -8.37482386e-01 -1.90042082e+00
 -8.01570746e-01 -1.82207238e+00
 -6.82449376e-01 -1.75062347e+00
 -6.94799747e-01 -1.68525066e+00
 -6.44831854e-01 -1.62525620e+00
 -7.10180118e-01 -1.57004519e+00
 -4.88661929e-01 -1.51910754e+00
 -5.14987369e-01 -1.47200352e+00
 -4.93654442e-01 -1.42835221e+00
 -5.25404960e-01 -1.38782209e+00
 -4.82699692e-01 -1.35012341e+00
 -5.05174688e-01 -1.31500188e+00
 -5.22009278e-01 -1.28223354e+00
 -3.93620330e-01 -1.25162039e+00
 -4.29330148e-01 -1.22298687e+00
 -3.45909692e-01 -1.19617678e+00
 -4.05152809e-01 -1.17105082e+00
 -5.18918881e-01 -1.14748437e+00
 -3.66893063e-01 -1.12536571e+00
 -2.91019173e-01 -1.10459443e+00
 -2.98404609e-01 -1.08508014e+00
 -3.58357540e-01 -1.06674128e+00
 -3.29257590e-01 -1.04950415e+00
 -4.05587848e-01 -1.03330207e+00
 -3.15587013e-01 -1.01807460e+00
 -3.30349637e-01 -1.00376692e+00
 -2.87461094e-01 -9.90329270e-01
 -2.96265208e-01 -9.77716443e-01
 -2.28062041e-01 -9.65887367e-01
 -3.20388070e-01 -9.54804720e-01
 -2.09369521e-01 -9.44434605e-01
 -3.58886960e-01 -9.34746254e-01
 -3.31005912e-01 -9.25711773e-01
 -2.14642093e-01 -9.17305922e-01
 -2.84778421e-01 -9.09505913e-01
 -2.03106361e-01 -9.02291239e-01
 -2.46160317e-01 -8.95643524e-01
 -2.46491497e-01 -8.89546389e-01
 -1.12777358e-01 -8.83985344e-01
 -1.66014060e-01 -8.78947684e-01
 -1.46523092e-01 -8.74422412e-01
 -6.81799156e-02 -8.70400168e-01
 -3.98708427e-02 -8.66873172e-01
 -7.72648497e-02 -8.63835184e-01
 -1.05117198e-01 -8.61281471e-01
 -1.32265085e-01 -8.59208786e-01
 -6.73710401e-02 -8.57615360e-01
 -1.37463348e-01 -8.56500904e-01
 -1.41663982e-02 -8.55866625e-01
 -5.69008539e-02 -8.55715249e-01
 -9.05572396e-02 -8.56051059e-01
 -6.36267401e-02 -8.56879949e-01
 -3.77537620e-02 -8.58209484e-01
 -1.70849157e-01 -8.60048986e-01
 -5.73472620e-02 -8.62409624e-01
 1.56532579e-02 -8.65304530e-01
 5.74490961e-03 -8.68748936e-01
 1.30001432e-02 -8.72760326e-01
 -7.92741108e-03 -8.77358622e-01
 5.88341486e-02 -8.82566390e-01
 -6.23908098e-02 -8.88409089e-01
 3.22852989e-02 -8.94915350e-01
 -3.87206048e-02 -9.02117299e-01
 4.28571173e-02 -9.10050938e-01
 3.68834699e-02 -9.18756573e-01
 -1.71203762e-02 -9.28279325e-01
 4.46011712e-02 -9.38669713e-01
 1.04300628e-01 -9.49984334e-01
 6.53640397e-02 -9.62286662e-01
 9.49918422e-02 -9.75647984e-01
 3.87459970e-02 -9.90148489e-01
 1.24027804e-01 -1.00587857e+00
 1.20806656e-01 -1.02294036e+00
 2.62903324e-01 -1.04144955e+00
 9.90923321e-02 -1.06153756e+00
 1.92029495e-01 -1.08335420e+00
 1.92902093e-01 -1.10707079e+00
 2.01236722e-01 -1.13288404e+00
 2.97332936e-01 -1.16102074e+00
 2.55797303e-01 -1.19174354e+00
 2.42589785e-01 -1.22535810e+00
 3.50814784e-01 -1.26222206e+00
 3.71912199e-01 -1.30275623e+00
 2.65229864e-01 -1.34745883e+00
 3.47225020e-01 -1.39692371e+00
 4.06370191e-01 -1.45186387e+00
 4.33164452e-01 -1.51314204e+00
 5.06021752e-01 -1.58181119e+00
 4.88663322e-01 -1.65916836e+00
 5.02963106e-01 -1.74682747e+00
 5.13330739e-01 -1.84681881e+00
 5.13625513e-01 -1.96172712e+00
 6.79151373e-01 -2.09488565e+00
 6.70822985e-01 -2.25065300e+00
 7.56360958e-01 -2.43481335e+00
 7.14758454e-01 -2.65516143e+00
 7.27029951e-01 -2.92236212e+00
 7.54494261e-01 -3.25120388e+00
 8.60321471e-01 -3.66235405e+00
 8.20764898e-01 -4.18450024e+00
 6.06847153e-01 -4.85565718e+00
 3.46659965e-01 -5.71796873e+00
 -4.32507028e-01 -6.78428621e+00
 -1.80328224e+00 -7.90890960e+00
 -4.33642767e+00 -8.46397370e+00
 -7.39858071e+00 -7.26475206e+00
 -9.15174544e+00 -4.25766875e+00
 -8.81812197e+00 -1.37145021e+00
 -7.51488733e+00 3.33136169e-01
 -6.14907224e+00 1.12474920e+00
 -5.07311061e+00 1.43545401e+00
 -4.36704812e+00 1.52022359e+00
 -3.72812111e+00 1.50300160e+00
 -3.25833281e+00 1.44170451e+00
 -2.87671285e+00 1.36344306e+00
 -2.66251260e+00 1.28096921e+00
 -2.42059955e+00 1.20021098e+00
 -2.31828730e+00 1.12378597e+00
 -2.00761884e+00 1.05268489e+00
 -1.87866109e+00 9.87100070e-01
 -1.78069346e+00 9.26841980e-01
 -1.62890985e+00 8.71551557e-01
 -1.56551465e+00 8.20808741e-01
 -1.52922681e+00 7.74187209e-01
 -1.44038451e+00 7.31280865e-01
 -1.35419738e+00 6.91715437e-01
 -1.36406179e+00 6.55152264e-01
 -1.35043601e+00 6.21288100e-01
 -1.29406739e+00 5.89852984e-01
 -1.10958017e+00 5.60607286e-01
 -1.15917330e+00 5.33338539e-01
 -1.16280934e+00 5.07858341e-01
 -1.17435054e+00 4.83999473e-01
 -1.18458662e+00 4.61613312e-01
 -1.08206598e+00 4.40567521e-01
 -1.03493507e+00 4.20744028e-01
 -1.07187639e+00 4.02037256e-01
 -9.38773185e-01 3.84352590e-01
 -1.01938493e+00 3.67605038e-01
 -1.07438923e+00 3.51718076e-01
 -1.03797771e+00 3.36622641e-01
 -9.86342236e-01 3.22256258e-01
 -9.94585798e-01 3.08562281e-01
 -9.46487336e-01 2.95489227e-01
 -9.20618696e-01 2.82990206e-01
 -9.61972653e-01 2.71022406e-01
 -9.60791513e-01 2.59546661e-01
 -9.61427912e-01 2.48527051e-01
 -8.04092812e-01 2.37930569e-01
 -8.83861183e-01 2.27726813e-01
 -9.74390363e-01 2.17887721e-01
 -9.05972883e-01 2.08387336e-01
 -9.20331528e-01 1.99201593e-01
 -8.87655608e-01 1.90308131e-01
 -9.21622434e-01 1.81686133e-01
 -1.01540747e+00 1.73316166e-01
 -9.74012987e-01 1.65180056e-01
 -9.50079857e-01 1.57260762e-01
 -8.75711837e-01 1.49542271e-01
 -8.83865332e-01 1.42009496e-01
 -9.10963779e-01 1.34648191e-01
 -8.98457867e-01 1.27444869e-01
 -9.21017852e-01 1.20386726e-01
 -8.68845902e-01 1.13461577e-01
 -8.96681856e-01 1.06657794e-01
 -9.52381741e-01 9.99642470e-02
 -8.64829630e-01 9.33702557e-02
 -8.95960078e-01 8.68655376e-02
 -9.33961484e-01 8.04401654e-02
 -8.61024165e-01 7.40845242e-02
 -9.71779990e-01 6.77892735e-02
 -9.18969982e-01 6.15453098e-02
 -9.30141440e-01 5.53437327e-02
 -8.68936078e-01 4.91758121e-02
 -9.95710147e-01 4.30329576e-02
 -9.26828201e-01 3.69066896e-02
 -8.77077258e-01 3.07886107e-02
 -1.02739404e+00 2.46703801e-02
 -9.43312155e-01 1.85436879e-02
 -1.04625696e+00 1.24002311e-02
 -1.03320335e+00 6.23169089e-03
 -9.33256336e-01 2.97112668e-05
 -1.03339328e+00 -6.21412121e-03
 -1.03490901e+00 -1.25082958e-02
 -1.02879831e+00 -1.88613941e-02
 -1.20763510e+00 -2.52821045e-02
 -1.17028251e+00 -3.17792332e-02
 -1.14611487e+00 -3.83617127e-02
 -1.07708732e+00 -4.50386048e-02
 -1.20825163e+00 -5.18190985e-02
 -1.20588898e+00 -5.87125010e-02
 -1.22250931e+00 -6.57282187e-02
 -1.21035815e+00 -7.28757271e-02
 -1.28661954e+00 -8.01645253e-02
 -1.29666380e+00 -8.76040715e-02
 -1.32682017e+00 -9.52036928e-02
 -1.33789522e+00 -1.02972464e-01
 -1.40100446e+00 -1.10919041e-01
 -1.33295133e+00 -1.19051450e-01
 -1.42309654e+00 -1.27376789e-01
 -1.52139162e+00 -1.35900858e-01
 -1.49447035e+00 -1.44627654e-01
 -1.52015121e+00 -1.53558711e-01
 -1.60812510e+00 -1.62692237e-01
 -1.81674211e+00 -1.72021964e-01
 -1.80176501e+00 -1.81535632e-01
 -1.80009469e+00 -1.91212969e-01
 -1.92635707e+00 -2.01022992e-01
 -1.89378412e+00 -2.10920376e-01
 -2.04039459e+00 -2.20840553e-01
 -2.05132136e+00 -2.30693020e-01
 -2.26162638e+00 -2.40352156e-01
 -2.27064871e+00 -2.49644488e-01
 -2.44001109e+00 -2.58330854e-01
 -2.49031621e+00 -2.66081160e-01
 -2.58321690e+00 -2.72438170e-01
 -2.79242922e+00 -2.76764911e-01
 -3.01895591e+00 -2.78167068e-01
 -3.21015451e+00 -2.75376622e-01
 -3.36903271e+00 -2.66574124e-01
 -3.59692849e+00 -2.49111786e-01
 -3.99667436e+00 -2.19072385e-01
 -4.25122466e+00 -1.70549484e-01
 -4.73371490e+00 -9.44417357e-02
 -5.21525817e+00 2.36239652e-02
 -5.90136963e+00 2.06973775e-01
 -6.53901204e+00 4.94589831e-01
 -7.44466381e+00 9.53548436e-01
 -8.53171932e+00 1.70198719e+00
 -9.62937238e+00 2.94834024e+00
 -1.09948191e+01 5.03692238e+00
 -1.15033218e+01 8.38330336e+00
 -1.02835857e+01 1.28457188e+01
 -5.85210845e+00 1.63975582e+01
 -2.29379691e-01 1.64705707e+01
 3.71589552e+00 1.38986859e+01
 5.18119379e+00 1.09521771e+01
 5.51619875e+00 8.58698161e+00
 5.45884940e+00 6.86117639e+00
 5.26122135e+00 5.61838430e+00
 4.90651444e+00 4.71053253e+00
 4.50920502e+00 4.03237014e+00
 4.26773153e+00 3.51382461e+00
 3.86048861e+00 3.10856432e+00
 3.63031771e+00 2.78555255e+00
 3.38546547e+00 2.52358078e+00
 3.23862005e+00 2.30784007e+00
 3.03233078e+00 2.12776827e+00
 2.94258422e+00 1.97568014e+00
 2.68963616e+00 1.84587950e+00
 2.57266397e+00 1.73407238e+00
 2.43957027e+00 1.63697155e+00
 2.29754012e+00 1.55202479e+00
 2.29767225e+00 1.47722501e+00
 2.22880177e+00 1.41097516e+00
 2.04962157e+00 1.35199086e+00
 1.98605009e+00 1.29922893e+00
 1.87717663e+00 1.25183442e+00
 1.93893414e+00 1.20910087e+00
 1.83843753e+00 1.17043997e+00
 1.84193081e+00 1.13535835e+00
 1.64603399e+00 1.10343959e+00
 1.71646990e+00 1.07433001e+00
 1.65689088e+00 1.04772759e+00
 1.51853445e+00 1.02337308e+00
 1.59529077e+00 1.00104284e+00
 1.49555026e+00 9.80543087e-01
 1.46983146e+00 9.61705253e-01
 1.53370736e+00 9.44382109e-01
 1.43414855e+00 9.28444624e-01
 1.42856942e+00 9.13779350e-01
 1.34616741e+00 9.00286248e-01
 1.35432624e+00 8.87876865e-01
 1.38035077e+00 8.76472811e-01
 1.30709903e+00 8.66004465e-01
 1.31465392e+00 8.56409885e-01
 1.33282941e+00 8.47633876e-01
 1.26973300e+00 8.39627201e-01
 1.21036392e+00 8.32345898e-01
 1.19620868e+00 8.25750700e-01
 1.20115295e+00 8.19806531e-01
 1.13317719e+00 8.14482076e-01
 1.12397351e+00 8.09749405e-01
 1.21333568e+00 8.05583647e-01
 1.16791923e+00 8.01962715e-01
 1.04721634e+00 7.98867055e-01
 1.21469831e+00 7.96279442e-01
 1.07747085e+00 7.94184791e-01
 9.95797355e-01 7.92570005e-01
 1.15735764e+00 7.91423835e-01
 1.06375246e+00 7.90736761e-01
 1.08670572e+00 7.90500898e-01
 1.12074185e+00 7.90709909e-01
 1.06612542e+00 7.91358934e-01
 1.06219775e+00 7.92444536e-01
 1.04246371e+00 7.93964652e-01
 1.08223919e+00 7.95918564e-01
 1.16622832e+00 7.98306870e-01
 1.06076285e+00 8.01131476e-01
 9.82067235e-01 8.04395590e-01
 1.09823822e+00 8.08103726e-01
 1.09077308e+00 8.12261723e-01
 1.04029408e+00 8.16876770e-01
 1.14639344e+00 8.21957438e-01
 1.03716530e+00 8.27513728e-01
 1.16033037e+00 8.33557126e-01
 1.00935361e+00 8.40100669e-01
 1.15970661e+00 8.47159028e-01
 1.05604937e+00 8.54748594e-01
 1.06698945e+00 8.62887589e-01
 1.08067127e+00 8.71596189e-01
 1.03852685e+00 8.80896656e-01
 1.05272364e+00 8.90813502e-01
 1.02705542e+00 9.01373667e-01
 1.17110932e+00 9.12606717e-01
 1.15575000e+00 9.24545078e-01
 1.12237162e+00 9.37224293e-01
 1.11064464e+00 9.50683313e-01
 1.17783798e+00 9.64964829e-01
 1.15257492e+00 9.80115648e-01
 1.17663891e+00 9.96187117e-01
 1.14010670e+00 1.01323561e+00
 1.22062299e+00 1.03132306e+00
 1.25329307e+00 1.05051760e+00
 1.17972267e+00 1.07089429e+00
 1.26491554e+00 1.09253589e+00
 1.26800884e+00 1.11553381e+00
 1.43146646e+00 1.13998920e+00
 1.38361706e+00 1.16601413e+00
 1.41022733e+00 1.19373306e+00
 1.38843060e+00 1.22328442e+00
 1.42914968e+00 1.25482249e+00
 1.52599040e+00 1.28851960e+00
 1.49078836e+00 1.32456860e+00
 1.61007645e+00 1.36318578e+00
 1.60189906e+00 1.40461418e+00
 1.68144012e+00 1.44912745e+00
 1.64840043e+00 1.49703422e+00
 1.75599077e+00 1.54868310e+00
 1.87825745e+00 1.60446822e+00
 1.95353847e+00 1.66483529e+00
 1.99996630e+00 1.73028795e+00
 2.02918893e+00 1.80139386e+00
 2.26311478e+00 1.87878957e+00
 2.38057852e+00 1.96318227e+00
 2.58049953e+00 2.05534476e+00
 2.64654373e+00 2.15609703e+00
 2.90741509e+00 2.26626205e+00
 3.02572824e+00 2.38657219e+00
 3.31747548e+00 2.51748146e+00
 3.60169466e+00 2.65879587e+00
 4.00010768e+00 2.80894655e+00
 4.41862409e+00 2.96354596e+00
 5.04053988e+00 3.11246842e+00
 5.82191447e+00 3.23381696e+00
 6.82688671e+00 3.28120194e+00
 8.15427109e+00 3.15675002e+00
 9.79700501e+00 2.65611177e+00
 1.19651093e+01 1.37692559e+00
 1.39967666e+01 -1.31199129e+00
 1.46229615e+01 -5.71958284e+00
 1.22836831e+01 -1.03266785e+01
 7.93401292e+00 -1.25100901e+01
 4.00101970e+00 -1.21140233e+01
 1.48457467e+00 -1.06568329e+01
 2.33349567e-01 -9.11439092e+00
