 NaN NaN
 4.14161694e+01 1.42871068e+01
 2.13953219e+01 7.10773193e+00
 1.43894727e+01 4.78595132e+00
 1.09585518e+01 3.64498923e+00
 8.79159081e+00 2.96859377e+00
 7.46881383e+00 2.52182553e+00
 6.37416190e+00 2.20514845e+00
 5.64988817e+00 1.96923426e+00
 5.05970922e+00 1.78687399e+00
 4.53738589e+00 1.64183939e+00
 4.14886160e+00 1.52385583e+00
 3.81895774e+00 1.42610377e+00
 3.45728921e+00 1.34388042e+00
 3.22898651e+00 1.27383836e+00
 3.05791795e+00 1.21353062e+00
 2.88503627e+00 1.16112731e+00
 2.80056490e+00 1.11523290e+00
 2.63370375e+00 1.07476478e+00
 2.42917011e+00 1.03887035e+00
 2.39468755e+00 1.00686917e+00
 2.29715211e+00 9.78211691e-01
 2.12528347e+00 9.52449374e-01
 2.15521269e+00 9.29212572e-01
 2.12713435e+00 9.08194024e-01
 1.96066414e+00 8.89136315e-01
 1.86294973e+00 8.71822249e-01
 1.84079042e+00 8.56067378e-01
 1.75326085e+00 8.41714133e-01
 1.74313590e+00 8.28627186e-01
 1.64784045e+00 8.16689738e-01
 1.59227547e+00 8.05800536e-01
 1.66362030e+00 7.95871453e-01
 1.49000908e+00 7.86825503e-01
 1.53181784e+00 7.78595223e-01
 1.44543932e+00 7.71121325e-01
 1.38506746e+00 7.64351579e-01
 1.40265286e+00 7.58239875e-01
 1.38888106e+00 7.52745446e-01
 1.53588618e+00 7.47832202e-01
 1.31345646e+00 7.43468168e-01
 1.28614765e+00 7.39625013e-01
 1.38997381e+00 7.36277642e-01
 1.27682683e+00 7.33403847e-01
 1.29928820e+00 7.30984016e-01
 1.19617118e+00 7.29000870e-01
 1.27012913e+00 7.27439252e-01
 1.23156447e+00 7.26285932e-01
 1.24245137e+00 7.25529450e-01
 1.17937868e+00 7.25159972e-01
 1.13589253e+00 7.25169177e-01
 1.14245886e+00 7.25550148e-01
 1.16230426e+00 7.26297293e-01
 1.11744343e+00 7.27406266e-01
 1.07576595e+00 7.28873913e-01
 1.10776907e+00 7.30698215e-01
 1.17177403e+00 7.32878259e-01
 1.08833506e+00 7.35414198e-01
 1.14291049e+00 7.38307236e-01
 1.01412156e+00 7.41559618e-01
 1.11267796e+00 7.45174616e-01
 1.12783341e+00 7.49156542e-01
 1.02381707e+00 7.53510753e-01
 1.02113676e+00 7.58243670e-01
 1.07445231e+00 7.63362806e-01
 1.11732781e+00 7.68876796e-01
 1.14702965e+00 7.74795445e-01
 1.04846815e+00 7.81129772e-01
 1.02215508e+00 7.87892075e-01
 1.12932034e+00 7.95095998e-01
 1.00081471e+00 8.02756613e-01
 1.11500996e+00 8.10890509e-01
 1.01318451e+00 8.19515901e-01
 1.15931667e+00 8.28652748e-01
 1.08000023e+00 8.38322883e-01
 1.04737213e+00 8.48550171e-01
 1.16201828e+00 8.59360680e-01
 1.07612881e+00 8.70782872e-01
 1.08892628e+00 8.82847824e-01
 1.04212644e+00 8.95589480e-01
 1.08003127e+00 9.09044925e-01
 1.07503238e+00 9.23254709e-01
 1.20862753e+00 9.38263208e-01
 1.02726148e+00 9.54119031e-01
 1.09833671e+00 9.70875494e-01
 1.18910473e+00 9.88591154e-01
 1.13956863e+00 1.00733042e+00
 1.15563437e+00 1.02716427e+00
 1.16221809e+00 1.04817103e+00
 1.23057804e+00 1.07043738e+00
 1.31697133e+00 1.09405935e+00
 1.19359988e+00 1.11914369e+00
 1.21696584e+00 1.14580926e+00
 1.35663837e+00 1.17418882e+00
 1.22965926e+00 1.20443107e+00
 1.36810583e+00 1.23670305e+00
 1.34791608e+00 1.27119305e+00
 1.31833495e+00 1.30811401e+00
 1.37882118e+00 1.34770770e+00
 1.45903989e+00 1.39024966e+00
 1.38303988e+00 1.43605532e+00
 1.47320222e+00 1.48548737e+00
 1.51241028e+00 1.53896497e+00
 1.61723831e+00 1.59697506e+00
 1.63806301e+00 1.66008658e+00
 1.60812905e+00 1.72896845e+00
 1.74735694e+00 1.80441234e+00
 1.72087858e+00 1.88736214e+00
 1.80506211e+00 1.97895219e+00
 1.95349225e+00 2.08055762e+00
 2.03451745e+00 2.19386154e+00
 2.16499175e+00 2.32094589e+00
 2.30312075e+00 2.46441627e+00
 2.40055526e+00 2.62757661e+00
 2.58907154e+00 2.81467789e+00
 2.84249068e+00 3.03128058e+00
 3.03385684e+00 3.28479489e+00
 3.25799835e+00 3.58530827e+00
 3.54190796e+00 3.94689090e+00
 4.12750007e+00 4.38972385e+00
 4.56766990e+00 4.94369228e+00
 5.41562594e+00 5.65466253e+00
 6.56901930e+00 6.59568918e+00
 8.18418389e+00 7.88627607e+00
 1.11975776e+01 9.71345073e+00
 1.72576998e+01 1.22060027e+01
 3.27419942e+01 1.28043478e+01
 5.59966482e+01 -2.75524259e+01
 3.82308708e+00 -3.99775245e+01
 -4.87956467e+00 -2.22848472e+01
 -5.02515106e+00 -1.46178621e+01
 -4.38214520e+00 -1.07418097e+01
 -3.66137645e+00 -8.45562103e+00
 -3.20252075e+00 -6.96058661e+00
 -2.83062017e+00 -5.91096677e+00
 -2.56837100e+00 -5.13532570e+00
 -2.29149298e+00 -4.53965725e+00
 -2.00487633e+00 -4.06832547e+00
 -1.85376361e+00 -3.68638359e+00
 -1.68241285e+00 -3.37081027e+00
 -1.54551078e+00 -3.10583886e+00
 -1.39200326e+00 -2.88031657e+00
 -1.27096491e+00 -2.68613605e+00
 -1.16616756e+00 -2.51726478e+00
 -1.09460933e+00 -2.36912260e+00
 -9.56373086e-01 -2.23817036e+00
 -8.76347356e-01 -2.12163055e+00
 -9.32606359e-01 -2.01729329e+00
 -8.00405791e-01 -1.92337861e+00
 -7.83629556e-01 -1.83843694e+00
 -7.62228300e-01 -1.76127595e+00
 -6.73836577e-01 -1.69090609e+00
 -6.28919336e-01 -1.62649925e+00
 -6.70460023e-01 -1.56735724e+00
 -4.81978894e-01 -1.51288733e+00
 -6.59375841e-01 -1.46258311e+00
 -5.17550523e-01 -1.41600939e+00
 -4.85348991e-01 -1.37279011e+00
 -5.07941874e-01 -1.33259875e+00
 -5.17773424e-01 -1.29515038e+00
 -4.42152591e-01 -1.26019535e+00
 -3.91876585e-01 -1.22751401e+00
 -3.85068199e-01 -1.19691237e+00
 -3.58733484e-01 -1.16821848e+00
 -3.90702693e-01 -1.14127948e+00
 -4.17567668e-01 -1.11595899e+00
 -2.87137476e-01 -1.09213503e+00
 -3.01913831e-01 -1.06969819e+00
 -4.00666759e-01 -1.04855009e+00
 -2.69875209e-01 -1.02860208e+00
 -2.26436329e-01 -1.00977407e+00
 -2.83026022e-01 -9.91993590e-01
 -1.36118290e-01 -9.75194949e-01
 -2.03989224e-01 -9.59318481e-01
 -1.77027203e-01 -9.44309930e-01
 -1.43310607e-01 -9.30119889e-01
 -1.37714883e-01 -9.16703318e-01
 -1.11189732e-01 -9.04019124e-01
 -1.29681581e-01 -8.92029782e-01
 -1.43040417e-01 -8.80701016e-01
 -1.25227447e-01 -8.70001504e-01
 -1.65841286e-01 -8.59902630e-01
 -1.55342860e-01 -8.50378256e-01
 -1.22455984e-01 -8.41404525e-01
 2.96563047e-02 -8.32959687e-01
 4.49090697e-02 -8.25023945e-01
 -2.43875804e-02 -8.17579320e-01
 -3.32024507e-02 -8.10609529e-01
 -4.79263354e-03 -8.04099886e-01
 5.10633632e-02 -7.98037205e-01
 5.12427010e-02 -7.92409728e-01
 -3.10894287e-02 -7.87207051e-01
 -7.69839469e-02 -7.82420075e-01
 3.96475976e-02 -7.78040953e-01
 8.76556870e-02 -7.74063061e-01
 1.00043653e-01 -7.70480960e-01
 1.01044321e-01 -7.67290386e-01
 1.04061871e-01 -7.64488237e-01
 8.48855827e-02 -7.62072569e-01
 1.66353925e-01 -7.60042609e-01
 1.29692229e-01 -7.58398768e-01
 5.12028317e-02 -7.57142669e-01
 1.24307966e-01 -7.56277186e-01
 1.41419350e-01 -7.55806488e-01
 2.36219912e-01 -7.55736103e-01
 2.19624534e-01 -7.56072990e-01
 1.46524964e-01 -7.56825626e-01
 2.47702247e-01 -7.58004109e-01
 2.17970916e-01 -7.59620286e-01
 1.98957664e-01 -7.61687891e-01
 1.70417791e-01 -7.64222716e-01
 2.81618417e-01 -7.67242804e-01
 2.29095883e-01 -7.70768677e-01
 3.48525388e-01 -7.74823602e-01
 2.55517566e-01 -7.79433896e-01
 2.84345323e-01 -7.84629289e-01
 2.73714993e-01 -7.90443340e-01
 3.68253875e-01 -7.96913932e-01
 3.96081145e-01 -8.04083849e-01
 3.22102142e-01 -8.12001459e-01
 3.90061635e-01 -8.20721520e-01
 5.36209656e-01 -8.30306141e-01
 5.24139840e-01 -8.40825924e-01
 4.98582259e-01 -8.52361342e-01
 5.14754730e-01 -8.65004390e-01
 7.03788752e-01 -8.78860597e-01
 6.19573520e-01 -8.94051472e-01
 6.35555704e-01 -9.10717516e-01
 8.45998829e-01 -9.29021939e-01
 7.08777381e-01 -9.49155291e-01
 7.23985257e-01 -9.71341284e-01
 7.74234414e-01 -9.95844162e-01
 8.45312455e-01 -1.02297813e+00
 8.64297150e-01 -1.05311954e+00
 9.34080001e-01 -1.08672280e+00
 1.01664529e+00 -1.12434142e+00
 1.11398937e+00 -1.16665625e+00
 1.12058157e+00 -1.21451382e+00
 1.27720500e+00 -1.26897935e+00
 1.40688989e+00 -1.33141136e+00
 1.43268001e+00 -1.40356869e+00
 1.51955278e+00 -1.48776761e+00
 1.67426261e+00 -1.58711816e+00
 1.88765779e+00 -1.70589023e+00
 2.04749666e+00 -1.85009938e+00
 2.20388313e+00 -2.02848055e+00
 2.67877911e+00 -2.25418025e+00
 2.91962061e+00 -2.54785578e+00
 3.40754682e+00 -2.94372135e+00
 3.96153444e+00 -3.50228181e+00
 4.58888801e+00 -4.33979875e+00
 5.58606598e+00 -5.70481787e+00
 6.73661525e+00 -8.20501584e+00
 7.72061287e+00 -1.35293443e+01
 2.15384124e+00 -2.46932606e+01
 -1.95700575e+01 -2.00184862e+01
 -1.77225734e+01 -3.97168376e+00
 -1.21749353e+01 9.96482208e-02
 -9.02389645e+00 9.90932576e-01
 -7.08883455e+00 1.15198726e+00
 -5.70570225e+00 1.11828434e+00
 -4.87144914e+00 1.03169404e+00
 -4.31385104e+00 9.35383167e-01
 -3.78328894e+00 8.43175235e-01
 -3.31745646e+00 7.59140603e-01
 -3.07969110e+00 6.83921394e-01
 -2.81206233e+00 6.16968933e-01
 -2.67344876e+00 5.57379141e-01
 -2.55014360e+00 5.04208595e-01
 -2.33793032e+00 4.56588257e-01
 -2.21562126e+00 4.13756536e-01
 -2.14768124e+00 3.75060574e-01
 -2.01744078e+00 3.39945990e-01
 -1.88664920e+00 3.07943462e-01
 -1.94352983e+00 2.78655507e-01
 -1.79915155e+00 2.51744706e-01
 -1.71717509e+00 2.26923639e-01
 -1.63759650e+00 2.03946503e-01
 -1.62117566e+00 1.82602175e-01
 -1.52818275e+00 1.62708514e-01
 -1.43624351e+00 1.44107691e-01
 -1.46017651e+00 1.26662332e-01
 -1.35253929e+00 1.10252360e-01
 -1.45351470e+00 9.47723680e-02
 -1.39088958e+00 8.01294522e-02
 -1.44292650e+00 6.62413978e-02
 -1.34294626e+00 5.30351683e-02
 -1.30097545e+00 4.04456336e-02
 -1.33363235e+00 2.84144989e-02
 -1.22125581e+00 1.68893971e-02
 -1.25040206e+00 5.82311750e-03
 -1.20200538e+00 -4.82705265e-03
 -1.22373970e+00 -1.50998924e-02
 -1.19867837e+00 -2.50307328e-02
 -1.17954101e+00 -3.46518758e-02
 -1.20911921e+00 -4.39929582e-02
 -1.11030753e+00 -5.30812677e-02
 -1.13201591e+00 -6.19420196e-02
 -1.13213893e+00 -7.05985991e-02
 -1.08396099e+00 -7.90727746e-02
 -1.15372563e+00 -8.73848869e-02
 -1.07667326e+00 -9.55540163e-02
 -1.10776366e+00 -1.03598132e-01
 -1.11704097e+00 -1.11534227e-01
 -1.04876619e+00 -1.19378436e-01
 -1.10783949e+00 -1.27146147e-01
 -1.14135711e+00 -1.34852101e-01
 -1.07584501e+00 -1.42510478e-01
 -1.17647113e+00 -1.50134985e-01
 -1.02058745e+00 -1.57738934e-01
 -1.01433187e+00 -1.65335311e-01
 -1.08641677e+00 -1.72936844e-01
 -1.08862743e+00 -1.80556072e-01
 -1.07113949e+00 -1.88205403e-01
 -1.13345844e+00 -1.95897173e-01
 -1.01032206e+00 -2.03643708e-01
 -1.16892039e+00 -2.11457379e-01
 -1.15023753e+00 -2.19350658e-01
 -1.15475611e+00 -2.27336176e-01
 -1.09160654e+00 -2.35426783e-01
 -1.07123122e+00 -2.43635602e-01
 -1.16761177e+00 -2.51976096e-01
 -1.01188754e+00 -2.60462124e-01
 -1.08473727e+00 -2.69108015e-01
 -1.09461422e+00 -2.77928632e-01
 -1.23263026e+00 -2.86939449e-01
 -1.19903487e+00 -2.96156629e-01
 -1.13053025e+00 -3.05597111e-01
 -1.23126252e+00 -3.15278700e-01
 -1.18682000e+00 -3.25220168e-01
 -1.19045469e+00 -3.35441364e-01
 -1.17557913e+00 -3.45963333e-01
 -1.28721396e+00 -3.56808446e-01
 -1.14736287e+00 -3.68000550e-01
 -1.22078881e+00 -3.79565123e-01
 -1.28082104e+00 -3.91529457e-01
 -1.18490603e+00 -4.03922857e-01
 -1.25505622e+00 -4.16776863e-01
 -1.28842430e+00 -4.30125501e-01
 -1.38566178e+00 -4.44005566e-01
 -1.31649963e+00 -4.58456938e-01
 -1.30002123e+00 -4.73522943e-01
 -1.37626542e+00 -4.89250765e-01
 -1.36661389e+00 -5.05691906e-01
 -1.53900746e+00 -5.22902722e-01
 -1.51368809e+00 -5.40945031e-01
 -1.53621235e+00 -5.59886815e-01
 -1.57893698e+00 -5.79803030e-01
 -1.55039123e+00 -6.00776536e-01
 -1.53566512e+00 -6.22899189e-01
 -1.70848761e+00 -6.46273106e-01
 -1.65592835e+00 -6.71012146e-01
 -1.71386113e+00 -6.97243650e-01
 -1.82715618e+00 -7.25110495e-01
 -1.81134141e+00 -7.54773518e-01
 -1.94587016e+00 -7.86414406e-01
 -1.98955202e+00 -8.20239143e-01
 -2.07482369e+00 -8.56482137e-01
 -2.11949263e+00 -8.95411198e-01
 -2.20414795e+00 -9.37333550e-01
 -2.25461688e+00 -9.82603129e-01
 -2.35143036e+00 -1.03162948e+00
 -2.38944000e+00 -1.08488861e+00
 -2.68651770e+00 -1.14293631e+00
 -2.75499910e+00 -1.20642443e+00
 -2.82942136e+00 -1.27612077e+00
 -3.03759266e+00 -1.35293318e+00
 -3.22825092e+00 -1.43793825e+00
 -3.46890304e+00 -1.53241434e+00
 -3.72145121e+00 -1.63787686e+00
 -3.99534862e+00 -1.75610924e+00
 -4.45529041e+00 -1.88917282e+00
 -4.75942525e+00 -2.03935362e+00
 -5.25892788e+00 -2.20894311e+00
 -6.03013574e+00 -2.39959374e+00
 -6.77556354e+00 -2.61057097e+00
 -7.87498004e+00 -2.83401074e+00
 -9.45632373e+00 -3.04146392e+00
 -1.16450023e+01 -3.14250702e+00
 -1.49885305e+01 -2.84185527e+00
 -2.05539389e+01 -1.07217045e+00
 -2.89591673e+01 6.38661155e+00
 -2.90064180e+01 2.87871423e+01
 -2.56929755e+00 3.64587747e+01
 8.43876058e+00 2.36299320e+01
 9.08860264e+00 1.53833233e+01
 8.26957180e+00 1.09742784e+01
 7.09101147e+00 8.41072372e+00
 6.24719987e+00 6.78103611e+00
 5.48347254e+00 5.66954890e+00
 4.88169717e+00 4.86961698e+00
 4.45123779e+00 4.26947160e+00
 4.04967418e+00 3.80421692e+00
 3.65851388e+00 3.43391208e+00
 3.38023982e+00 3.13276630e+00
 3.21972212e+00 2.88344732e+00
 2.91288199e+00 2.67390913e+00
 2.79602495e+00 2.49553689e+00
 2.59556911e+00 2.34201623e+00
 2.48625046e+00 2.20861916e+00
 2.30633442e+00 2.09173885e+00
 2.16264760e+00 1.98857805e+00
 2.04668062e+00 1.89693551e+00
 2.00540124e+00 1.81505621e+00
 1.90010471e+00 1.74152445e+00
 1.85996938e+00 1.67518608e+00
 1.70641216e+00 1.61509115e+00
 1.68236013e+00 1.56045092e+00
 1.59092541e+00 1.51060531e+00
 1.59510497e+00 1.46499782e+00
 1.44360661e+00 1.42315618e+00
 1.48069903e+00 1.38467710e+00
 1.46260422e+00 1.34921425e+00
 1.48862353e+00 1.31646864e+00
 1.29471836e+00 1.28618089e+00
 1.35033251e+00 1.25812501e+00
 1.21127592e+00 1.23210324e+00
 1.20964777e+00 1.20794189e+00
 1.17796254e+00 1.18548785e+00
 1.18819756e+00 1.16460575e+00
 1.11109710e+00 1.14517548e+00
 1.14357925e+00 1.12709026e+00
 1.07673197e+00 1.11025485e+00
 1.05187551e+00 1.09458417e+00
 1.05752177e+00 1.08000204e+00
 1.02934475e+00 1.06644013e+00
 1.06468159e+00 1.05383708e+00
 9.00527155e-01 1.04213772e+00
 9.35629132e-01 1.03129238e+00
 9.51652000e-01 1.02125636e+00
 9.62171305e-01 1.01198939e+00
 9.66416695e-01 1.00345520e+00
 8.43864890e-01 9.95621171e-01
 9.44719855e-01 9.88457986e-01
 7.28826439e-01 9.81939343e-01
 8.33078910e-01 9.76041709e-01
 7.95635333e-01 9.70744107e-01
 8.71984346e-01 9.66027917e-01
 7.89491098e-01 9.61876724e-01
 8.48072657e-01 9.58276164e-01
 8.54578816e-01 9.55213810e-01
 9.15456892e-01 9.52679065e-01
 7.39009116e-01 9.50663076e-01
 7.60920014e-01 9.49158656e-01
 7.05305545e-01 9.48160233e-01
 6.04107044e-01 9.47663796e-01
 7.29607404e-01 9.47666867e-01
 6.49095642e-01 9.48168475e-01
 7.30685171e-01 9.49169148e-01
 7.48968066e-01 9.50670914e-01
 7.35286511e-01 9.52677311e-01
 7.32620214e-01 9.55193410e-01
 7.34614240e-01 9.58225852e-01
 5.94532860e-01 9.61782895e-01
 6.63102010e-01 9.65874473e-01
 7.16537325e-01 9.70512271e-01
 6.98195655e-01 9.75709810e-01
 7.15672582e-01 9.81482558e-01
 6.60247066e-01 9.87848045e-01
 7.43669375e-01 9.94826009e-01
 7.22284273e-01 1.00243856e+00
 6.67294812e-01 1.01071035e+00
 5.91496070e-01 1.01966883e+00
 6.08036327e-01 1.02934444e+00
 5.78206377e-01 1.03977093e+00
 6.31029134e-01 1.05098568e+00
 7.05445069e-01 1.06303005e+00
 6.48066092e-01 1.07594979e+00
 5.99102025e-01 1.08979558e+00
 6.43492390e-01 1.10462353e+00
 6.01740998e-01 1.12049583e+00
 5.69526283e-01 1.13748154e+00
 5.97814521e-01 1.15565738e+00
 6.92856881e-01 1.17510879e+00
 6.61615779e-01 1.19593106e+00
 6.48059825e-01 1.21823070e+00
 6.10110799e-01 1.24212704e+00
 6.57890966e-01 1.26775417e+00
 5.40682565e-01 1.29526310e+00
 6.02413733e-01 1.32482449e+00
 6.35595089e-01 1.35663184e+00
 6.57917726e-01 1.39090531e+00
 6.81453387e-01 1.42789640e+00
 6.42727985e-01 1.46789359e+00
 6.66796062e-01 1.51122932e+00
 7.00596236e-01 1.55828850e+00
 6.68803395e-01 1.60951919e+00
 6.50747139e-01 1.66544596e+00
 6.80301295e-01 1.72668669e+00
 7.61511273e-01 1.79397407e+00
 7.30285429e-01 1.86818335e+00
 7.56069251e-01 1.95036829e+00
 6.88854821e-01 2.04180868e+00
 8.17127181e-01 2.14407357e+00
 8.88909502e-01 2.25910693e+00
 8.55712625e-01 2.38934493e+00
 9.89405643e-01 2.53787973e+00
 8.75198811e-01 2.70869170e+00
 1.13661025e+00 2.90698528e+00
 1.03093446e+00 3.13968452e+00
 1.22603980e+00 3.41617962e+00
 1.34220117e+00 3.74947503e+00
 1.62718862e+00 4.15798577e+00
 1.79205908e+00 4.66836489e+00
 2.15263987e+00 5.31982941e+00
 2.85475736e+00 6.16980987e+00
 3.91141818e+00 7.29531351e+00
 5.65722027e+00 8.74909339e+00
 9.72215553e+00 1.02024012e+01
 1.72315008e+01 8.82601258e+00
 2.26010984e+01 -2.70242287e+00
 1.42948493e+01 -1.16561376e+01
 7.01219515e+00 -1.10557583e+01
 3.87097359e+00 -8.94295226e+00
 2.43865930e+00 -7.23914598e+00
 1.60395575e+00 -5.99806809e+00
 1.23664298e+00 -5.08602248e+00
 9.84786829e-01 -4.39743772e+00
 8.40170475e-01 -3.86301558e+00
 7.23774193e-01 -3.43794229e+00
 5.97671022e-01 -3.09265552e+00
 4.97737905e-01 -2.80710847e+00
 5.85261551e-01 -2.56732426e+00
 4.92377679e-01 -2.36330385e+00
 6.33653958e-01 -2.18772608e+00
 3.84762870e-01 -2.03511837e+00
 4.50514050e-01 -1.90131389e+00
 5.44159889e-01 -1.78308741e+00
 5.46172744e-01 -1.67790562e+00
 4.28991589e-01 -1.58375222e+00
 4.11767447e-01 -1.49900324e+00
 4.90910808e-01 -1.42233652e+00
 3.74778099e-01 -1.35266510e+00
 4.84914641e-01 -1.28908730e+00
 5.50980060e-01 -1.23084909e+00
 4.68981540e-01 -1.17731510e+00
 4.80206920e-01 -1.12794628e+00
 3.88945129e-01 -1.08228237e+00
 4.27501703e-01 -1.03992803e+00
 3.64969696e-01 -1.00054183e+00
 4.07525855e-01 -9.63827372e-01
 5.52442773e-01 -9.29526129e-01
 4.49504587e-01 -8.97411592e-01
 4.53302104e-01 -8.67284467e-01
 5.10937493e-01 -8.38968714e-01
 4.66036248e-01 -8.12308253e-01
 4.68420563e-01 -7.87164216e-01
 4.11342418e-01 -7.63412637e-01
 4.94813535e-01 -7.40942506e-01
 4.11229403e-01 -7.19654115e-01
 3.94409968e-01 -6.99457659e-01
 5.02053101e-01 -6.80272026e-01
 5.14927945e-01 -6.62023775e-01
 4.45321010e-01 -6.44646238e-01
 4.88181784e-01 -6.28078761e-01
 5.12133954e-01 -6.12266029e-01
 4.65530490e-01 -5.97157493e-01
 4.85353691e-01 -5.82706858e-01
 4.92612209e-01 -5.68871643e-01
 4.79455108e-01 -5.55612789e-01
 4.76762085e-01 -5.42894314e-01
 5.12648318e-01 -5.30683016e-01
 4.85360884e-01 -5.18948195e-01
 4.80793872e-01 -5.07661426e-01
 5.44844998e-01 -4.96796336e-01
 5.91725210e-01 -4.86328421e-01
 5.66391577e-01 -4.76234878e-01
 4.90412538e-01 -4.66494448e-01
 5.11847474e-01 -4.57087286e-01
 5.84495512e-01 -4.47994835e-01
 6.01364309e-01 -4.39199719e-01
 6.16393430e-01 -4.30685639e-01
 5.36055085e-01 -4.22437290e-01
 5.76692618e-01 -4.14440273e-01
 7.03748157e-01 -4.06681027e-01
 6.41232673e-01 -3.99146759e-01
 6.56406080e-01 -3.91825383e-01
 6.06290915e-01 -3.84705467e-01
 6.20116154e-01 -3.77776183e-01
 6.57705795e-01 -3.71027259e-01
 5.90948102e-01 -3.64448941e-01
 6.95384511e-01 -3.58031953e-01
 6.72877207e-01 -3.51767466e-01
 6.44913320e-01 -3.45647066e-01
 7.46430837e-01 -3.39662727e-01
 6.42333469e-01 -3.33806790e-01
 7.98125798e-01 -3.28071942e-01
 8.04582413e-01 -3.22451197e-01
 6.64306197e-01 -3.16937884e-01
 7.47214581e-01 -3.11525641e-01
 8.64116504e-01 -3.06208403e-01
 8.08035672e-01 -3.00980404e-01
 8.18022609e-01 -2.95836183e-01
 8.18840465e-01 -2.90770591e-01
 8.89410919e-01 -2.85778806e-01
 9.60956945e-01 -2.80856364e-01
 8.34615557e-01 -2.75999187e-01
 9.63713048e-01 -2.71203632e-01
 1.00228478e+00 -2.66466555e-01
 1.06807479e+00 -2.61785383e-01
 1.22206443e+00 -2.57158220e-01
 1.06740781e+00 -2.52583975e-01
 1.03011488e+00 -2.48062526e-01
 1.14916021e+00 -2.43594925e-01
 1.15569781e+00 -2.39183664e-01
 1.31083201e+00 -2.34833012e-01
 1.23002765e+00 -2.30549439e-01
 1.35251587e+00 -2.26342168e-01
 1.47551087e+00 -2.22223878e-01
 1.38306713e+00 -2.18211613e-01
 1.53797682e+00 -2.14327965e-01
 1.53957863e+00 -2.10602619e-01
 1.55068507e+00 -2.07074383e-01
 1.60765691e+00 -2.03793891e-01
 1.66363954e+00 -2.00827207e-01
 1.83144503e+00 -1.98260696e-01
 1.87002002e+00 -1.96207671e-01
 2.00731170e+00 -1.94817552e-01
 2.07197111e+00 -1.94288660e-01
 2.17933047e+00 -1.94886310e-01
 2.30525258e+00 -1.96968797e-01
 2.40795365e+00 -2.01025319e-01
 2.66809183e+00 -2.07732328e-01
 2.80720468e+00 -2.18038990e-01
 3.01519344e+00 -2.33299716e-01
 3.35942421e+00 -2.55484995e-01
 3.45408451e+00 -2.87526548e-01
 3.86603283e+00 -3.33901129e-01
 4.31139604e+00 -4.01655656e-01
 4.77275629e+00 -5.02286627e-01
 5.43858657e+00 -6.55362604e-01
 6.13516804e+00 -8.95924941e-01
 7.24504834e+00 -1.29066225e+00
 8.54832558e+00 -1.97605408e+00
 1.03484631e+01 -3.25554169e+00
 1.27058508e+01 -5.85720786e+00
 1.48482255e+01 -1.14793007e+01
 1.19338419e+01 -2.16207210e+01
 -1.77757538e+00 -2.58000077e+01
 -1.03898398e+01 -1.77035250e+01
 -1.09364396e+01 -1.07893781e+01
 -9.56216027e+00 -7.04450668e+00
 -8.11334153e+00 -4.99785875e+00
 -7.12424153e+00 -3.78999203e+00
 -6.17970490e+00 -3.02272553e+00
 -5.55133513e+00 -2.50497467e+00
 -4.98712162e+00 -2.13827098e+00
 -4.67384629e+00 -1.86824606e+00
 -4.15543899e+00 -1.66302421e+00
 -3.77834276e+00 -1.50294126e+00
 -3.55484673e+00 -1.37533251e+00
 -3.33930088e+00 -1.27173691e+00
 -3.18511106e+00 -1.18632149e+00
 -2.84739442e+00 -1.11495437e+00
 -2.76720414e+00 -1.05463870e+00
 -2.61079909e+00 -1.00315529e+00
 -2.51118191e+00 -9.58830410e-01
 -2.38401988e+00 -9.20380982e-01
 -2.29805050e+00 -8.86808979e-01
 -2.18762646e+00 -8.57327873e-01
 -2.17797906e+00 -8.31310456e-01
 -2.07006724e+00 -8.08251191e-01
 -1.99180297e+00 -7.87738640e-01
 -2.00192502e+00 -7.69434969e-01
 -1.90998295e+00 -7.53060532e-01
 -1.74372721e+00 -7.38382134e-01
 -1.74472365e+00 -7.25203997e-01
 -1.73698430e+00 -7.13360734e-01
 -1.64963347e+00 -7.02711841e-01
 -1.69756135e+00 -6.93137332e-01
 -1.58122745e+00 -6.84534261e-01
 -1.57290508e+00 -6.76813925e-01
 -1.48457426e+00 -6.69899595e-01
 -1.51208615e+00 -6.63724677e-01
 -1.48814313e+00 -6.58231197e-01
 -1.46395098e+00 -6.53368554e-01
 -1.42804109e+00 -6.49092486e-01
 -1.40951111e+00 -6.45364212e-01
 -1.43396329e+00 -6.42149712e-01
 -1.40221589e+00 -6.39419121e-01
 -1.34811357e+00 -6.37146221e-01
 -1.34010541e+00 -6.35308006e-01
 -1.28473911e+00 -6.33884322e-01
 -1.30133784e+00 -6.32857552e-01
 -1.23787371e+00 -6.32212350e-01
 -1.29270138e+00 -6.31935415e-01
 -1.21086141e+00 -6.32015302e-01
 -1.21741949e+00 -6.32442250e-01
 -1.23943203e+00 -6.33208044e-01
 -1.26228752e+00 -6.34305895e-01
 -1.16979999e+00 -6.35730339e-01
 -1.14673899e+00 -6.37477147e-01
 -1.24691103e+00 -6.39543259e-01
 -1.09117691e+00 -6.41926719e-01
 -1.17507091e+00 -6.44626631e-01
 -1.15407792e+00 -6.47643116e-01
 -1.02617511e+00 -6.50977290e-01
 -1.20475641e+00 -6.54631237e-01
 -1.10023741e+00 -6.58608001e-01
 -1.19870673e+00 -6.62911583e-01
 -1.13909556e+00 -6.67546938e-01
 -1.17543787e+00 -6.72519992e-01
 -1.05181627e+00 -6.77837656e-01
 -1.12656594e+00 -6.83507853e-01
 -1.21644415e+00 -6.89539548e-01
 -1.05750364e+00 -6.95942790e-01
 -1.18277520e+00 -7.02728760e-01
 -1.08481391e+00 -7.09909826e-01
 -1.19702424e+00 -7.17499611e-01
 -1.09951774e+00 -7.25513067e-01
 -1.18181117e+00 -7.33966563e-01
 -1.09755792e+00 -7.42877981e-01
 -1.19526605e+00 -7.52266827e-01
 -1.26756066e+00 -7.62154361e-01
 -1.10132443e+00 -7.72563733e-01
 -1.08401916e+00 -7.83520143e-01
 -1.20436201e+00 -7.95051023e-01
 -1.21840113e+00 -8.07186237e-01
 -1.23188458e+00 -8.19958313e-01
 -1.22112471e+00 -8.33402692e-01
 -1.25600877e+00 -8.47558029e-01
 -1.23265363e+00 -8.62466513e-01
 -1.20987242e+00 -8.78174247e-01
 -1.22235433e+00 -8.94731668e-01
 -1.17506946e+00 -9.12194031e-01
 -1.32909347e+00 -9.30621957e-01
 -1.41716728e+00 -9.50082067e-01
 -1.33447581e+00 -9.70647701e-01
 -1.29008325e+00 -9.92399750e-01
 -1.33672107e+00 -1.01542761e+00
 -1.35885475e+00 -1.03983030e+00
 -1.40998125e+00 -1.06571774e+00
 -1.35306831e+00 -1.09321225e+00
 -1.44534866e+00 -1.12245030e+00
 -1.40580439e+00 -1.15358459e+00
 -1.53986512e+00 -1.18678642e+00
 -1.50950202e+00 -1.22224862e+00
 -1.60515389e+00 -1.26018891e+00
 -1.66245893e+00 -1.30085395e+00
 -1.72822032e+00 -1.34452427e+00
 -1.72887680e+00 -1.39152003e+00
 -1.74730351e+00 -1.44220822e+00
 -1.87226127e+00 -1.49701120e+00
 -1.91775474e+00 -1.55641725e+00
 -1.94853951e+00 -1.62099352e+00
 -2.10967163e+00 -1.69140193e+00
 -2.23033800e+00 -1.76841891e+00
 -2.25078454e+00 -1.85295985e+00
 -2.40795940e+00 -1.94610950e+00
 -2.59173244e+00 -2.04915968e+00
 -2.74172368e+00 -2.16365564e+00
 -2.83816835e+00 -2.29145228e+00
 -3.13819267e+00 -2.43477985e+00
 -3.35912720e+00 -2.59631492e+00
 -3.56364396e+00 -2.77924227e+00
 -3.89926360e+00 -2.98726813e+00
 -4.41562328e+00 -3.22448154e+00
 -4.93066756e+00 -3.49479791e+00
 -5.66570670e+00 -3.80028322e+00
 -6.45934039e+00 -4.13642832e+00
 -7.88082006e+00 -4.47874041e+00
 -9.73784117e+00 -4.74302285e+00
 -1.23475623e+01 -4.66047513e+00
 -1.66942218e+01 -3.37271215e+00
 -2.22084137e+01 1.62776572e+00
 -2.34229575e+01 1.34355139e+01
 -1.28246644e+01 2.21693372e+01
 -2.94334825e+00 1.98255829e+01
 1.24630470e+00 1.52154860e+01
 2.54874439e+00 1.17400412e+01
 2.80270193e+00 9.36844162e+00
 2.81651612e+00 7.72293566e+00
 2.70010764e+00 6.53901807e+00
 2.54915361e+00 5.65619850e+00
 2.34021159e+00 4.97708967e+00
 2.15107735e+00 4.44078372e+00
 1.99707526e+00 4.00780833e+00
 1.96139886e+00 3.65169440e+00
 1.68818366e+00 3.35413548e+00
 1.53123838e+00 3.10211868e+00
 1.52825393e+00 2.88616763e+00
 1.40497346e+00 2.69923252e+00
 1.38374449e+00 2.53596887e+00
 1.18463737e+00 2.39225645e+00
 1.21707818e+00 2.26487096e+00
 1.16120012e+00 2.15125516e+00
 1.06184202e+00 2.04935620e+00
 1.10777296e+00 1.95750800e+00
 9.08878475e-01 1.87434498e+00
 8.91641725e-01 1.79873762e+00
 8.35810995e-01 1.72974394e+00
 8.28606456e-01 1.66657239e+00
 7.78650401e-01 1.60855317e+00
 7.72891744e-01 1.55511582e+00
 6.86292106e-01 1.50577163e+00
 5.77960535e-01 1.46009959e+00
 6.85759696e-01 1.41773513e+00
 6.10319720e-01 1.37836112e+00
 6.28531555e-01 1.34170039e+00
 6.17261046e-01 1.30750974e+00
 5.30942724e-01 1.27557497e+00
 5.50313404e-01 1.24570671e+00
 4.64498921e-01 1.21773697e+00
 3.89271073e-01 1.19151632e+00
 5.65432392e-01 1.16691140e+00
 4.31517694e-01 1.14380289e+00
 3.80827380e-01 1.12208377e+00
 4.86302527e-01 1.10165780e+00
 4.61203133e-01 1.08243832e+00
 3.81600966e-01 1.06434705e+00
 3.21290667e-01 1.04731325e+00
 3.73905460e-01 1.03127282e+00
 2.83598449e-01 1.01616764e+00
 2.83507682e-01 1.00194495e+00
 3.45213515e-01 9.88556798e-01
 3.05496728e-01 9.75959570e-01
 3.12355737e-01 9.64113592e-01
 3.23731950e-01 9.52982760e-01
 2.23447302e-01 9.42534227e-01
 2.70799320e-01 9.32738124e-01
 2.22660536e-01 9.23567314e-01
 1.94539752e-01 9.14997180e-01
 1.47284545e-01 9.07005430e-01
 1.70634413e-01 8.99571938e-01
 2.38005948e-01 8.92678595e-01
 2.95070665e-01 8.86309181e-01
 1.27147258e-01 8.80449258e-01
 1.60556582e-01 8.75086075e-01
 8.28561771e-02 8.70208485e-01
 8.80184456e-02 8.65806880e-01
 1.86755131e-01 8.61873136e-01
 9.29108306e-02 8.58400566e-01
 2.40443382e-01 8.55383892e-01
 1.52112413e-01 8.52819217e-01
 1.30933337e-01 8.50704018e-01
 1.05963680e-01 8.49037145e-01
 6.88895348e-02 8.47818827e-01
 7.02909511e-02 8.47050696e-01
 5.46523140e-02 8.46735817e-01
 4.40444370e-02 8.46878732e-01
 1.16591173e-01 8.47485517e-01
 6.47759156e-02 8.48563851e-01
 4.46816746e-02 8.50123104e-01
 7.56500853e-02 8.52174437e-01
 1.41878834e-02 8.54730921e-01
 4.83660186e-02 8.57807683e-01
 -7.01651818e-02 8.61422066e-01
 -4.56189762e-02 8.65593822e-01
 -4.73106428e-02 8.70345333e-01
 -8.83068317e-02 8.75701871e-01
 -7.46308159e-02 8.81691890e-01
 -1.62375767e-01 8.88347378e-01
 -1.30103254e-01 8.95704249e-01
 -1.14451729e-01 9.03802815e-01
 -4.80578375e-02 9.12688322e-01
 -1.46505205e-01 9.22411589e-01
 -2.50048922e-01 9.33029740e-01
 -1.24397273e-01 9.44607082e-01
 -1.45224050e-01 9.57216130e-01
 -8.71533180e-02 9.70938820e-01
 -1.91807916e-01 9.85867957e-01
 -2.73388078e-01 1.00210894e+00
 -2.90418079e-01 1.01978184e+00
 -3.45661830e-01 1.03902391e+00
 -2.50845828e-01 1.05999259e+00
 -3.79247269e-01 1.08286926e+00
 -4.54041810e-01 1.10786381e+00
 -3.89471277e-01 1.13522024e+00
 -4.39280965e-01 1.16522376e+00
 -3.99182697e-01 1.19820962e+00
 -5.29267661e-01 1.23457440e+00
 -5.62355671e-01 1.27479039e+00
 -5.55387101e-01 1.31942418e+00
 -6.27760665e-01 1.36916112e+00
 -5.96899573e-01 1.42483746e+00
 -5.77837897e-01 1.48748360e+00
 -7.58293161e-01 1.55838287e+00
 -7.98273497e-01 1.63915258e+00
 -7.80516306e-01 1.73185792e+00
 -8.82459811e-01 1.83917486e+00
 -1.04600742e+00 1.96462797e+00
 -1.10006854e+00 2.11294564e+00
 -1.24092558e+00 2.29060395e+00
 -1.36292050e+00 2.50668290e+00
 -1.44759145e+00 2.77425500e+00
 -1.63698721e+00 3.11271087e+00
 -1.76196629e+00 3.55178078e+00
 -1.95256587e+00 4.13867871e+00
 -2.11563434e+00 4.95086852e+00
 -2.10796779e+00 6.11727028e+00
 -1.81821563e+00 7.83882335e+00
 -5.76099126e-01 1.02942393e+01
 3.26310634e+00 1.27566058e+01
 9.49734100e+00 1.14216241e+01
 1.22517282e+01 5.42652045e+00
 1.05871193e+01 1.10742536e+00
 8.22185634e+00 -6.55054543e-01
 6.55769062e+00 -1.25205637e+00
 5.45153392e+00 -1.40774955e+00
 4.57689743e+00 -1.39821993e+00
 3.80720050e+00 -1.32803909e+00
 3.39384704e+00 -1.23844921e+00
 3.03159491e+00 -1.14617271e+00
 2.83288158e+00 -1.05791148e+00
 2.72499706e+00 -9.76101522e-01
 2.40643178e+00 -9.01327553e-01
 2.34457567e+00 -8.33381521e-01
 2.13841999e+00 -7.71740438e-01
 2.00169368e+00 -7.15784547e-01
 1.91440104e+00 -6.64895538e-01
 1.86237756e+00 -6.18498183e-01
 1.71945592e+00 -5.76075122e-01
 1.66592252e+00 -5.37169078e-01
 1.60504786e+00 -5.01379471e-01
 1.61027645e+00 -4.68356838e-01
 1.45168788e+00 -4.37796712e-01
 1.37555752e+00 -4.09433710e-01
 1.35846802e+00 -3.83036170e-01
 1.44234059e+00 -3.58401423e-01
 1.38210519e+00 -3.35351701e-01
 1.21526587e+00 -3.13730629e-01
 1.21439378e+00 -2.93400238e-01
 1.29945394e+00 -2.74238422e-01
 1.18979182e+00 -2.56136779e-01
 1.25289329e+00 -2.38998770e-01
 1.05570764e+00 -2.22738162e-01
 1.15747232e+00 -2.07277688e-01
 1.07373503e+00 -1.92547906e-01
 1.07636987e+00 -1.78486224e-01
 1.10491916e+00 -1.65036058e-01
 9.83184507e-01 -1.52146106e-01
 1.16757666e+00 -1.39769719e-01
 1.11068428e+00 -1.27864365e-01
 1.13473617e+00 -1.16391145e-01
 1.08805212e+00 -1.05314389e-01
 9.73389378e-01 -9.46012937e-02
 1.01932212e+00 -8.42216010e-02
 1.03253840e+00 -7.41473233e-02
 9.63367723e-01 -6.43524954e-02
 1.00772648e+00 -5.48129562e-02
 9.95151347e-01 -4.55061546e-02
 1.09242378e+00 -3.64109761e-02
 1.03850739e+00 -2.75075878e-02
 1.00356788e+00 -1.87772995e-02
 1.03888991e+00 -1.02024373e-02
 1.03882006e+00 -1.76623062e-03
 1.08049808e+00 6.54729174e-03
 1.06130887e+00 1.47533959e-02
 1.02010968e+00 2.28667299e-02
 9.78484247e-01 3.09014037e-02
 1.00212564e+00 3.88710633e-02
 1.06958387e+00 4.67889608e-02
 1.07229821e+00 5.46680193e-02
 1.01721154e+00 6.25208949e-02
 9.80525023e-01 7.03600359e-02
 9.42228381e-01 7.81977390e-02
 1.06140657e+00 8.60462052e-02
 9.51137514e-01 9.39175927e-02
 9.76665536e-01 1.01824070e-01
 9.87844599e-01 1.09777871e-01
 1.06519663e+00 1.17791342e-01
 9.84144835e-01 1.25877003e-01
 1.05815452e+00 1.34047596e-01
 1.03008831e+00 1.42316144e-01
 1.18162625e+00 1.50696011e-01
 1.08650266e+00 1.59200957e-01
 1.04955420e+00 1.67845207e-01
 1.06622132e+00 1.76643520e-01
 1.13325958e+00 1.85611254e-01
 1.17242037e+00 1.94764449e-01
 1.05059935e+00 2.04119907e-01
 1.22934304e+00 2.13695284e-01
 1.06684389e+00 2.23509181e-01
 1.24068713e+00 2.33581258e-01
 1.31720576e+00 2.43932340e-01
 1.24446978e+00 2.54584549e-01
 1.28076767e+00 2.65561443e-01
 1.31939166e+00 2.76888161e-01
 1.28653764e+00 2.88591599e-01
 1.29522716e+00 3.00700592e-01
 1.34126343e+00 3.13246121e-01
 1.39194645e+00 3.26261539e-01
 1.42862505e+00 3.39782827e-01
 1.42033765e+00 3.53848871e-01
 1.42476625e+00 3.68501780e-01
 1.48480604e+00 3.83787231e-01
 1.51359160e+00 3.99754850e-01
 1.59471694e+00 4.16458648e-01
 1.47857472e+00 4.33957485e-01
 1.67461071e+00 4.52315597e-01
 1.69849262e+00 4.71603158e-01
 1.72656331e+00 4.91896904e-01
 1.75251795e+00 5.13280787e-01
 1.85990871e+00 5.35846673e-01
 1.94033103e+00 5.59695035e-01
 2.00865559e+00 5.84935638e-01
 1.99762154e+00 6.11688113e-01
 2.05525061e+00 6.40082355e-01
 2.27269665e+00 6.70258545e-01
 2.35092774e+00 7.02366544e-01
 2.44031175e+00 7.36564225e-01
 2.57762018e+00 7.73014023e-01
 2.73616527e+00 8.11876583e-01
 2.79573930e+00 8.53299616e-01
 2.97396481e+00 8.97398843e-01
 3.15646190e+00 9.44225767e-01
 3.31114046e+00 9.93713189e-01
 3.68030041e+00 1.04558255e+00
 3.89794289e+00 1.09918434e+00
 4.27790224e+00 1.15321850e+00
 4.67515648e+00 1.20523284e+00
 5.23607238e+00 1.25069782e+00
 5.78556486e+00 1.28124004e+00
 6.34931566e+00 1.28113071e+00
 7.36849657e+00 1.21997004e+00
 8.49934115e+00 1.03662292e+00
 1.01493727e+01 6.01961180e-01
 1.23200705e+01 -3.71323406e-01
 1.51437182e+01 -2.54237628e+00
 1.80643246e+01 -7.29406427e+00
 1.77942945e+01 -1.59121631e+01
 9.48386467e+00 -2.33583903e+01
 -7.09588053e-01 -2.18505497e+01
 -5.32824913e+00 -1.65748466e+01
 -6.36966012e+00 -1.22877232e+01
 -6.32490785e+00 -9.41046228e+00
 -5.98174130e+00 -7.49196837e+00
 -5.39150011e+00 -6.16897514e+00
 -4.83720429e+00 -5.22048874e+00
 -4.52100677e+00 -4.51594559e+00
 -4.08622275e+00 -3.97640822e+00
 -3.85570399e+00 -3.55244408e+00
 -3.59757339e+00 -3.21196452e+00
 -3.39078070e+00 -2.93343320e+00
 -2.98079487e+00 -2.70195673e+00
 -2.86437313e+00 -2.50695848e+00
 -2.85920662e+00 -2.34074881e+00
 -2.61819325e+00 -2.19761945e+00
 -2.48056704e+00 -2.07325384e+00
 -2.42775169e+00 -1.96433358e+00
 -2.15460469e+00 -1.86826958e+00
 -2.14927267e+00 -1.78301479e+00
 -2.01031664e+00 -1.70693116e+00
 -1.91608260e+00 -1.63869360e+00
 -1.86709050e+00 -1.57721951e+00
 -1.72858249e+00 -1.52161637e+00
 -1.75875357e+00 -1.47114232e+00
 -1.75220639e+00 -1.42517595e+00
 -1.60046919e+00 -1.38319317e+00
 -1.57770716e+00 -1.34474906e+00
 -1.50782503e+00 -1.30946370e+00
 -1.38699893e+00 -1.27701088e+00
 -1.45743934e+00 -1.24710907e+00
 -1.43105124e+00 -1.21951415e+00
 -1.33022699e+00 -1.19401355e+00
 -1.40310888e+00 -1.17042138e+00
 -1.27139216e+00 -1.14857450e+00
 -1.24212325e+00 -1.12832925e+00
 -1.28537952e+00 -1.10955871e+00
 -1.22536206e+00 -1.09215043e+00
 -1.28721830e+00 -1.07600452e+00
 -1.18813717e+00 -1.06103203e+00
 -1.10552269e+00 -1.04715361e+00
 -1.08705942e+00 -1.03429831e+00
 -1.11315379e+00 -1.02240262e+00
 -1.01848022e+00 -1.01140961e+00
 -1.06090777e+00 -1.00126819e+00
 -1.09078755e+00 -9.91932487e-01
 -9.86392464e-01 -9.83361312e-01
 -9.80297030e-01 -9.75517678e-01
 -9.29493135e-01 -9.68368394e-01
 -1.00601885e+00 -9.61883711e-01
 -9.85318638e-01 -9.56037016e-01
 -9.93365684e-01 -9.50804560e-01
 -9.69027019e-01 -9.46165225e-01
 -8.94278387e-01 -9.42100325e-01
 -9.17028227e-01 -9.38593426e-01
 -9.19454655e-01 -9.35630196e-01
 -9.20077956e-01 -9.33198274e-01
 -8.50857070e-01 -9.31287159e-01
 -7.81206103e-01 -9.29888112e-01
 -8.69997289e-01 -9.28994083e-01
 -8.44833528e-01 -9.28599641e-01
 -9.54643705e-01 -9.28700926e-01
 -8.40865982e-01 -9.29295610e-01
 -8.79609916e-01 -9.30382870e-01
 -7.17057688e-01 -9.31963374e-01
 -8.33722298e-01 -9.34039276e-01
 -8.36088615e-01 -9.36614224e-01
 -8.97770593e-01 -9.39693381e-01
 -7.75122810e-01 -9.43283452e-01
 -8.13442025e-01 -9.47392727e-01
 -8.74451975e-01 -9.52031136e-01
 -8.07871178e-01 -9.57210317e-01
 -8.26334854e-01 -9.62943692e-01
 -7.29660908e-01 -9.69246570e-01
 -8.61095944e-01 -9.76136255e-01
 -7.86604475e-01 -9.83632180e-01
 -8.41689411e-01 -9.91756053e-01
 -7.74735564e-01 -1.00053203e+00
 -7.71319500e-01 -1.00998692e+00
 -7.14710409e-01 -1.02015040e+00
 -7.75502768e-01 -1.03105528e+00
 -8.53028524e-01 -1.04273778e+00
 -8.39864898e-01 -1.05523790e+00
 -8.78750324e-01 -1.06859977e+00
 -8.72372827e-01 -1.08287208e+00
 -8.32460802e-01 -1.09810864e+00
 -8.20043181e-01 -1.11436886e+00
 -8.85808531e-01 -1.13171850e+00
 -8.08169197e-01 -1.15023039e+00
 -7.58911144e-01 -1.16998529e+00
 -8.65833724e-01 -1.19107295e+00
 -8.20065417e-01 -1.21359327e+00
 -7.79484022e-01 -1.23765771e+00
 -7.75198247e-01 -1.26339087e+00
 -8.94588524e-01 -1.29093242e+00
 -8.62886126e-01 -1.32043934e+00
 -9.05026957e-01 -1.35208860e+00
 -9.81956967e-01 -1.38608030e+00
 -8.99731308e-01 -1.42264149e+00
 -9.66948866e-01 -1.46203074e+00
 -9.42604794e-01 -1.50454360e+00
 -1.01743093e+00 -1.55051938e+00
 -9.66574037e-01 -1.60034932e+00
 -9.13825753e-01 -1.65448666e+00
 -1.09088358e+00 -1.71345917e+00
 -1.10427325e+00 -1.77788470e+00
 -1.15387400e+00 -1.84849077e+00
 -1.14405925e+00 -1.92613930e+00
 -1.20515410e+00 -2.01185812e+00
 -1.22356769e+00 -2.10688141e+00
 -1.27060826e+00 -2.21270197e+00
 -1.36282833e+00 -2.33113905e+00
 -1.45607869e+00 -2.46442708e+00
 -1.46618466e+00 -2.61533142e+00
 -1.57456500e+00 -2.78729906e+00
 -1.79326618e+00 -2.98465118e+00
 -2.10476905e+00 -3.21281866e+00
 -2.19729140e+00 -3.47859870e+00
 -2.53920342e+00 -3.79033843e+00
 -2.93279082e+00 -4.15773515e+00
 -3.45739291e+00 -4.59029198e+00
 -4.15183126e+00 -5.09145586e+00
 -5.35978277e+00 -5.63901329e+00
 -6.98970541e+00 -6.12134504e+00
 -9.65568129e+00 -6.13793734e+00
 -1.33750780e+01 -4.51147270e+00
 -1.64375442e+01 6.44669369e-01
 -1.46489891e+01 7.41346890e+00
 -9.31305615e+00 1.01899046e+01
 -5.27079533e+00 9.65082500e+00
 -3.02122183e+00 8.29637743e+00
 -1.85910590e+00 7.02919990e+00
 -1.16236651e+00 6.00510593e+00
 -7.88968877e-01 5.19968787e+00
 -5.84417239e-01 4.56334759e+00
 -4.13866980e-01 4.05365876e+00
 -3.18742675e-01 3.63898495e+00
 -3.25093090e-01 3.29647152e+00
 -1.32434319e-01 3.00961385e+00
 -2.10877551e-01 2.76636477e+00
 -1.76954083e-01 2.55780201e+00
 -1.32550916e-01 2.37721476e+00
 -1.17573418e-01 2.21947852e+00
 -2.42850068e-01 2.08062362e+00
 -1.17709119e-01 1.95753379e+00
 -1.85388288e-01 1.84773234e+00
 -1.53142960e-01 1.74922856e+00
 -1.01594454e-01 1.66040562e+00
 -1.96454918e-01 1.57993778e+00
 -2.16562625e-01 1.50672835e+00
 -1.13808239e-01 1.43986279e+00
 -1.60390411e-01 1.37857270e+00
 -1.21245531e-01 1.32220802e+00
 -2.40536457e-01 1.27021525e+00
 -2.64591015e-01 1.22212028e+00
 -2.38807762e-01 1.17751479e+00
 -2.47971032e-01 1.13604525e+00
 -3.28338576e-01 1.09740412e+00
 -2.48691032e-01 1.06132264e+00
 -2.49436149e-01 1.02756494e+00
 -2.79864702e-01 9.95923207e-01
 -1.30435900e-01 9.66213651e-01
 -2.69056709e-01 9.38273151e-01
 -2.33543064e-01 9.11956458e-01
 -3.49901449e-01 8.87133826e-01
 -2.52628476e-01 8.63689016e-01
 -3.44741664e-01 8.41517600e-01
 -3.64251937e-01 8.20525510e-01
 -1.89534322e-01 8.00627804e-01
 -3.22541985e-01 7.81747592e-01
 -2.95639330e-01 7.63815124e-01
 -3.80943890e-01 7.46766989e-01
 -3.56322094e-01 7.30545429e-01
 -2.34714933e-01 7.15097730e-01
 -3.37152262e-01 7.00375703e-01
 -4.63473838e-01 6.86335218e-01
 -3.37538838e-01 6.72935805e-01
 -3.59766130e-01 6.60140291e-01
 -5.37913489e-01 6.47914492e-01
 -3.96552787e-01 6.36226931e-01
 -4.44658767e-01 6.25048596e-01
 -4.63868504e-01 6.14352718e-01
 -4.35477742e-01 6.04114578e-01
 -4.21024975e-01 5.94311337e-01
 -4.13681497e-01 5.84921879e-01
 -3.58188217e-01 5.75926677e-01
 -3.95420924e-01 5.67307670e-01
 -3.81698874e-01 5.59048153e-01
 -4.11493396e-01 5.51132684e-01
 -4.59217964e-01 5.43546997e-01
 -4.19974672e-01 5.36277925e-01
 -5.30917464e-01 5.29313334e-01
 -4.78508671e-01 5.22642065e-01
 -5.91718076e-01 5.16253882e-01
 -5.98963598e-01 5.10139431e-01
 -4.75043409e-01 5.04290201e-01
 -5.78172634e-01 4.98698494e-01
 -4.68492936e-01 4.93357404e-01
 -5.74694114e-01 4.88260796e-01
 -5.99266218e-01 4.83403300e-01
 -5.91889980e-01 4.78780301e-01
 -5.85754435e-01 4.74387948e-01
 -5.70173329e-01 4.70223158e-01
 -7.02081592e-01 4.66283639e-01
 -6.25008141e-01 4.62567912e-01
 -6.62936615e-01 4.59075348e-01
 -7.20679808e-01 4.55806213e-01
 -6.83692113e-01 4.52761728e-01
 -8.58882950e-01 4.49944134e-01
 -6.87335474e-01 4.47356785e-01
 -6.62538727e-01 4.45004249e-01
 -7.30861517e-01 4.42892432e-01
 -7.80151013e-01 4.41028729e-01
 -7.75705954e-01 4.39422203e-01
 -8.10773639e-01 4.38083801e-01
 -7.99049398e-01 4.37026607e-01
 -8.01553330e-01 4.36266151e-01
 -8.89565880e-01 4.35820777e-01
 -9.08157008e-01 4.35712088e-01
 -9.19997614e-01 4.35965478e-01
 -9.84868256e-01 4.36610791e-01
 -9.90823300e-01 4.37683102e-01
 -9.65387674e-01 4.39223698e-01
 -1.10550576e+00 4.41281264e-01
 -1.19507721e+00 4.43913361e-01
 -1.07569547e+00 4.47188265e-01
 -1.25939176e+00 4.51187271e-01
 -1.29357238e+00 4.56007593e-01
 -1.29997595e+00 4.61766058e-01
 -1.38298427e+00 4.68603841e-01
 -1.46266985e+00 4.76692574e-01
 -1.43656307e+00 4.86242325e-01
 -1.64748896e+00 4.97512106e-01
 -1.63481590e+00 5.10823870e-01
 -1.76836364e+00 5.26581368e-01
 -1.81832175e+00 5.45295880e-01
 -1.89288934e+00 5.67621817e-01
 -2.06074083e+00 5.94406700e-01
 -2.22940107e+00 6.26762509e-01
 -2.38567916e+00 6.66169349e-01
 -2.51297488e+00 7.14629096e-01
 -2.74558662e+00 7.74898081e-01
 -2.93387430e+00 8.50848071e-01
 -3.21845329e+00 9.48041329e-01
 -3.52869057e+00 1.07467404e+00
 -3.85394279e+00 1.24317502e+00
 -4.33980192e+00 1.47301195e+00
 -4.82114098e+00 1.79580427e+00
 -5.34683467e+00 2.26498527e+00
 -6.21062066e+00 2.97457777e+00
 -7.13171232e+00 4.09550797e+00
 -8.08343385e+00 5.93734936e+00
 -8.61140780e+00 8.98244259e+00
 -7.18626335e+00 1.34284325e+01
 -1.93923520e+00 1.70900815e+01
 4.67149186e+00 1.58296418e+01
 7.89647701e+00 1.14584446e+01
 8.37395014e+00 7.75742529e+00
 7.67855090e+00 5.38608807e+00
 6.83887648e+00 3.92422546e+00
 6.10466026e+00 2.99746261e+00
 5.37503597e+00 2.38468520e+00
 4.92941871e+00 1.96251795e+00
 4.40520741e+00 1.66090514e+00
 4.03354972e+00 1.43859575e+00
 3.77234611e+00 1.27032934e+00
 3.53389910e+00 1.14005354e+00
 3.35150464e+00 1.03721950e+00
 3.06691238e+00 9.54684810e-01
 2.92363598e+00 8.87483654e-01
 2.73075488e+00 8.32081461e-01
 2.57418318e+00 7.85909301e-01
 2.44838487e+00 7.47064959e-01
 2.30157788e+00 7.14116201e-01
 2.28754252e+00 6.85968351e-01
 2.18773814e+00 6.61773321e-01
 2.12210323e+00 6.40865953e-01
 2.00914043e+00 6.22718712e-01
 1.88814665e+00 6.06908941e-01
 1.88505744e+00 5.93094849e-01
 1.76182580e+00 5.80997685e-01
 1.77739905e+00 5.70388335e-01
 1.72317470e+00 5.61077134e-01
 1.57693271e+00 5.52906047e-01
 1.65990534e+00 5.45742599e-01
 1.58401190e+00 5.39475137e-01
 1.50881066e+00 5.34009085e-01
 1.57037921e+00 5.29263970e-01
 1.47563954e+00 5.25171044e-01
 1.48081950e+00 5.21671361e-01
 1.53158436e+00 5.18714225e-01
 1.44689415e+00 5.16255917e-01
 1.39814748e+00 5.14258653e-01
 1.39277104e+00 5.12689726e-01
 1.34672365e+00 5.11520796e-01
 1.42468699e+00 5.10727292e-01
 1.35175098e+00 5.10287925e-01
 1.32016282e+00 5.10184266e-01
 1.28510977e+00 5.10400400e-01
 1.26432217e+00 5.10922632e-01
 1.33823488e+00 5.11739237e-01
 1.24379481e+00 5.12840250e-01
 1.28686254e+00 5.14217285e-01
 1.24754633e+00 5.15863389e-01
 1.19265146e+00 5.17772906e-01
 1.25952815e+00 5.19941376e-01
 1.32610118e+00 5.22365437e-01
 1.19689240e+00 5.25042752e-01
 1.21934557e+00 5.27971945e-01
 1.17657293e+00 5.31152548e-01
 1.18099905e+00 5.34584958e-01
 1.15690461e+00 5.38270403e-01
 1.07975291e+00 5.42210920e-01
 1.15722012e+00 5.46409335e-01
 1.15366655e+00 5.50869252e-01
 1.21665875e+00 5.55595051e-01
 1.15436705e+00 5.60591890e-01
 1.11794638e+00 5.65865709e-01
 1.22241874e+00 5.71423251e-01
 1.14915691e+00 5.77272078e-01
 1.11032063e+00 5.83420596e-01
 1.20199462e+00 5.89878092e-01
 1.26346414e+00 5.96654767e-01
 1.18450364e+00 6.03761786e-01
 1.19510689e+00 6.11211328e-01
 1.13987325e+00 6.19016645e-01
 1.10710278e+00 6.27192135e-01
 1.22495021e+00 6.35753411e-01
 1.25541706e+00 6.44717395e-01
 1.22980053e+00 6.54102413e-01
 1.08373220e+00 6.63928302e-01
 1.25532030e+00 6.74216534e-01
 1.16412250e+00 6.84990356e-01
 1.22901713e+00 6.96274936e-01
 1.36250340e+00 7.08097544e-01
 1.29825775e+00 7.20487736e-01
 1.22709080e+00 7.33477576e-01
 1.34981574e+00 7.47101875e-01
 1.28385641e+00 7.61398466e-01
 1.27228398e+00 7.76408509e-01
 1.34395463e+00 7.92176839e-01
 1.31489582e+00 8.08752358e-01
 1.38724596e+00 8.26188474e-01
 1.34433999e+00 8.44543609e-01
 1.45511810e+00 8.63881763e-01
 1.44136153e+00 8.84273170e-01
 1.43720681e+00 9.05795036e-01
 1.57327953e+00 9.28532382e-01
 1.58653285e+00 9.52579022e-01
 1.52495636e+00 9.78038670e-01
 1.60220478e+00 1.00502622e+00
 1.64152104e+00 1.03366923e+00
 1.72043204e+00 1.06410961e+00
 1.78174417e+00 1.09650558e+00
 1.79470020e+00 1.13103398e+00
 1.84120005e+00 1.16789283e+00
 1.83844839e+00 1.20730441e+00
 1.81736319e+00 1.24951876e+00
 1.97459447e+00 1.29481763e+00
 2.05479965e+00 1.34351908e+00
 2.10376677e+00 1.39598261e+00
 2.30689118e+00 1.45261481e+00
 2.32621814e+00 1.51387536e+00
 2.47220112e+00 1.58028304e+00
 2.65847467e+00 1.65242087e+00
 2.69331996e+00 1.73093904e+00
 2.77442659e+00 1.81655245e+00
 3.13257897e+00 1.91002774e+00
 3.19104283e+00 2.01214927e+00
 3.57080367e+00 2.12364483e+00
 3.88009604e+00 2.24503315e+00
 4.21786797e+00 2.37631896e+00
 4.52737816e+00 2.51638407e+00
 5.05465282e+00 2.66175702e+00
 5.81491374e+00 2.80406976e+00
 6.59528700e+00 2.92463460e+00
 7.50369395e+00 2.98244966e+00
 9.01601405e+00 2.88668449e+00
 1.09354770e+01 2.43225295e+00
 1.36072300e+01 1.15575087e+00
 1.65660139e+01 -1.89268318e+00
 1.81431528e+01 -7.84541172e+00
 1.48523050e+01 -1.50350002e+01
 7.57894818e+00 -1.79151349e+01
 1.87109223e+00 -1.61453059e+01
 -1.04028784e+00 -1.32200116e+01
 -2.19290442e+00 -1.07109163e+01
 -2.64229616e+00 -8.81678866e+00
 -2.80259108e+00 -7.41173519e+00
 -2.73082371e+00 -6.35547285e+00
 -2.54025485e+00 -5.54433509e+00
 -2.36302837e+00 -4.90763483e+00
 -2.29972857e+00 -4.39763467e+00
 -2.20441658e+00 -3.98169508e+00
 -2.10562212e+00 -3.63706170e+00
 -1.96210156e+00 -3.34753409e+00
 -1.94498403e+00 -3.10133857e+00
 -1.65608402e+00 -2.88975233e+00
 -1.64698814e+00 -2.70619748e+00
 -1.61590935e+00 -2.54563285e+00
 -1.43161800e+00 -2.40413793e+00
 -1.42083702e+00 -2.27862275e+00
 -1.35580727e+00 -2.16662226e+00
 -1.20035622e+00 -2.06614805e+00
 -1.18224161e+00 -1.97557991e+00
 -1.12223725e+00 -1.89358541e+00
 -1.06906112e+00 -1.81905943e+00
 -9.55438920e-01 -1.75107820e+00
 -9.86647133e-01 -1.68886398e+00
 -9.73331126e-01 -1.63175760e+00
 -1.06907140e+00 -1.57919692e+00
 -8.87476810e-01 -1.53069982e+00
 -8.77928677e-01 -1.48585061e+00
 -8.16976614e-01 -1.44428909e+00
 -7.50990546e-01 -1.40570172e+00
 -7.37085492e-01 -1.36981441e+00
 -6.95668162e-01 -1.33638657e+00
 -6.92774013e-01 -1.30520627e+00
 -6.95048270e-01 -1.27608613e+00
 -6.20193583e-01 -1.24885998e+00
 -6.55255439e-01 -1.22337999e+00
 -6.58378735e-01 -1.19951431e+00
 -6.31566910e-01 -1.17714498e+00
 -5.98991776e-01 -1.15616629e+00
 -5.50328237e-01 -1.13648324e+00
 -5.64839117e-01 -1.11801033e+00
 -6.02698109e-01 -1.10067043e+00
 -5.93216367e-01 -1.08439388e+00
 -5.24316032e-01 -1.06911770e+00
 -4.53341793e-01 -1.05478482e+00
 -4.97397022e-01 -1.04134356e+00
 -5.15129288e-01 -1.02874701e+00
 -4.86229666e-01 -1.01695263e+00
 -4.38856682e-01 -1.00592184e+00
 -4.83937463e-01 -9.95619611e-01
 -4.61214795e-01 -9.86014221e-01
 -3.57079600e-01 -9.77076937e-01
 -3.34863876e-01 -9.68781791e-01
 -3.49072448e-01 -9.61105369e-01
 -4.30336194e-01 -9.54026623e-01
 -3.89100719e-01 -9.47526714e-01
 -3.26343460e-01 -9.41588870e-01
 -3.19618373e-01 -9.36198264e-01
 -3.01114097e-01 -9.31341914e-01
 -3.69024096e-01 -9.27008589e-01
 -3.38169225e-01 -9.23188740e-01
 -3.09465126e-01 -9.19874436e-01
 -3.66811280e-01 -9.17059319e-01
 -3.12983777e-01 -9.14738568e-01
 -2.49612573e-01 -9.12908875e-01
 -2.42935329e-01 -9.11568430e-01
 -2.99496282e-01 -9.10716927e-01
 -1.26243910e-01 -9.10355567e-01
 -1.34582268e-01 -9.10487087e-01
 -2.22296285e-01 -9.11115790e-01
 -2.70312133e-01 -9.12247597e-01
 -2.33155722e-01 -9.13890104e-01
 -1.39047651e-01 -9.16052660e-01
 -2.47618846e-01 -9.18746460e-01
 -2.21438954e-01 -9.21984650e-01
 -1.58731167e-01 -9.25782462e-01
 -2.60313662e-01 -9.30157358e-01
 -1.51762780e-01 -9.35129211e-01
 -8.89137164e-02 -9.40720501e-01
 -1.27521854e-01 -9.46956553e-01
 -1.70360283e-01 -9.53865805e-01
 -1.81055537e-01 -9.61480119e-01
 -5.51584187e-02 -9.69835142e-01
 -1.33530987e-01 -9.78970718e-01
 -1.19258773e-01 -9.88931368e-01
 -2.83532478e-02 -9.99766847e-01
 -8.55762647e-02 -1.01153279e+00
 -5.08307504e-02 -1.02429147e+00
 -4.03739875e-02 -1.03811267e+00
 4.88719174e-02 -1.05307471e+00
 -5.11307072e-02 -1.06926566e+00
 -8.55687478e-02 -1.08678481e+00
 -4.49654341e-02 -1.10574432e+00
 6.67701989e-03 -1.12627124e+00
 4.52496923e-02 -1.14851001e+00
 -6.21127583e-02 -1.17262527e+00
 1.44444535e-01 -1.19880549e+00
 1.12353038e-01 -1.22726720e+00
 2.55467327e-02 -1.25826026e+00
 4.81315233e-02 -1.29207437e+00
 8.38781374e-02 -1.32904709e+00
 1.32214649e-01 -1.36957395e+00
 9.05686865e-02 -1.41412109e+00
 1.68306631e-01 -1.46324145e+00
 1.98720128e-01 -1.51759546e+00
 1.97978943e-01 -1.57797797e+00
 2.32328839e-01 -1.64535336e+00
 1.77771026e-01 -1.72090225e+00
 2.74870163e-01 -1.80608399e+00
 3.00860251e-01 -1.90272162e+00
 2.83574724e-01 -2.01311891e+00
 3.25652575e-01 -2.14022379e+00
 3.62773908e-01 -2.28786017e+00
 4.50057851e-01 -2.46106166e+00
 4.32698662e-01 -2.66655869e+00
 4.60488638e-01 -2.91349741e+00
 4.95143713e-01 -3.21450501e+00
 4.34308978e-01 -3.58724682e+00
 5.35697691e-01 -4.05657105e+00
 4.42030075e-01 -4.65687766e+00
 -3.43204108e-02 -5.43215859e+00
 -4.06936692e-01 -6.42211817e+00
 -1.71132748e+00 -7.58952956e+00
 -3.87558627e+00 -8.55943211e+00
 -7.19122850e+00 -8.14917517e+00
 -9.89689167e+00 -5.22591758e+00
 -9.97550976e+00 -1.51334764e+00
 -8.35248880e+00 7.97203393e-01
 -6.69153024e+00 1.77219693e+00
 -5.48191576e+00 2.07062315e+00
 -4.45832576e+00 2.08534812e+00
 -3.85805610e+00 1.99112281e+00
 -3.35111717e+00 1.86084283e+00
 -2.88149417e+00 1.72445518e+00
 -2.59447793e+00 1.59389279e+00
 -2.28318961e+00 1.47342643e+00
 -2.07590344e+00 1.36405099e+00
 -1.90502798e+00 1.26539363e+00
 -1.89205317e+00 1.17656005e+00
 -1.64719814e+00 1.09651100e+00
 -1.73286501e+00 1.02422595e+00
 -1.59047822e+00 9.58768636e-01
 -1.48563036e+00 8.99307570e-01
 -1.54497948e+00 8.45116299e-01
 -1.35290731e+00 7.95565187e-01
 -1.35742075e+00 7.50110329e-01
 -1.33578418e+00 7.08282165e-01
 -1.34900265e+00 6.69674891e-01
 -1.15683732e+00 6.33937074e-01
 -1.20944630e+00 6.00763562e-01
 -1.17515159e+00 5.69888578e-01
 -1.22747794e+00 5.41079894e-01
 -1.08153896e+00 5.14133918e-01
 -1.11815826e+00 4.88871565e-01
 -1.04722894e+00 4.65134785e-01
 -1.00864042e+00 4.42783626e-01
 -1.01733663e+00 4.21693769e-01
 -1.03521854e+00 4.01754431e-01
 -9.85855740e-01 3.82866588e-01
 -1.10093983e+00 3.64941465e-01
 -9.49482462e-01 3.47899240e-01
 -1.02182587e+00 3.31667939e-01
 -9.65677493e-01 3.16182484e-01
 -9.73542135e-01 3.01383876e-01
 -9.42626027e-01 2.87218480e-01
 -9.95504921e-01 2.73637414e-01
 -1.00490939e+00 2.60596013e-01
 -8.88293250e-01 2.48053361e-01
 -9.18845063e-01 2.35971882e-01
 -8.76658023e-01 2.24316982e-01
 -8.62221646e-01 2.13056730e-01
 -9.27097272e-01 2.02161585e-01
 -9.71185989e-01 1.91604141e-01
 -9.03073774e-01 1.81358914e-01
 -8.73089920e-01 1.71402142e-01
 -9.76975140e-01 1.61711615e-01
 -8.86807211e-01 1.52266514e-01
 -8.72374036e-01 1.43047271e-01
 -9.80227823e-01 1.34035448e-01
 -8.50629053e-01 1.25213613e-01
 -9.26458454e-01 1.16565243e-01
 -1.01105708e+00 1.08074626e-01
 -9.18116091e-01 9.97267774e-02
 -8.61828320e-01 9.15073551e-02
 -9.56953807e-01 8.34025907e-02
 -8.97854404e-01 7.53992193e-02
 -1.00738470e+00 6.74844168e-02
 -8.75548880e-01 5.96457403e-02
 -9.99299689e-01 5.18710727e-02
 -8.55090880e-01 4.41485692e-02
 -1.02300377e+00 3.64666078e-02
 -9.67112574e-01 2.88137402e-02
 -9.78723109e-01 2.11786463e-02
 -9.85583498e-01 1.35500880e-02
 -1.03571460e+00 5.91686577e-03
 -1.00259824e+00 -1.73222530e-03
 -1.07313513e+00 -9.40843835e-03
 -1.01375813e+00 -1.71231179e-02
 -9.62537789e-01 -2.48877428e-02
 -9.88344647e-01 -3.27139701e-02
 -1.09211858e+00 -4.06136789e-02
 -1.10665753e+00 -4.85990156e-02
 -1.13995797e+00 -5.66824399e-02
 -1.13745978e+00 -6.48767719e-02
 -1.09645385e+00 -7.31952413e-02
 -1.20829657e+00 -8.16515364e-02
 -1.25417691e+00 -9.02598567e-02
 -1.15577978e+00 -9.90349649e-02
 -1.27615547e+00 -1.07992242e-01
 -1.25066189e+00 -1.17147740e-01
 -1.27610907e+00 -1.26518241e-01
 -1.18520928e+00 -1.36121309e-01
 -1.25454617e+00 -1.45975343e-01
 -1.29953892e+00 -1.56099632e-01
 -1.38736206e+00 -1.66514392e-01
 -1.37938246e+00 -1.77240807e-01
 -1.44710327e+00 -1.88301052e-01
 -1.47749224e+00 -1.99718290e-01
 -1.56350180e+00 -2.11516655e-01
 -1.48488363e+00 -2.23721181e-01
 -1.65377232e+00 -2.36357685e-01
 -1.57969993e+00 -2.49452569e-01
 -1.72026784e+00 -2.63032519e-01
 -1.70272921e+00 -2.77124044e-01
 -1.78145763e+00 -2.91752825e-01
 -1.90120940e+00 -3.06942758e-01
 -1.86766235e+00 -3.22714606e-01
 -1.92662681e+00 -3.39084087e-01
 -2.04838153e+00 -3.56059152e-01
 -2.15527949e+00 -3.73636153e-01
 -2.28316004e+00 -3.91794371e-01
 -2.34199023e+00 -4.10488224e-01
 -2.41382315e+00 -4.29636056e-01
 -2.46274132e+00 -4.49103905e-01
 -2.75755485e+00 -4.68681761e-01
 -2.85788544e+00 -4.88048452e-01
 -2.99974811e+00 -5.06719040e-01
 -3.23128578e+00 -5.23964835e-01
 -3.37657804e+00 -5.38689750e-01
 -3.68817527e+00 -5.49235511e-01
 -4.02119979e+00 -5.53068273e-01
 -4.21555327e+00 -5.46262314e-01
 -4.64619507e+00 -5.22626749e-01
 -5.13811605e+00 -4.72184694e-01
 -5.81194779e+00 -3.78439318e-01
 -6.42908790e+00 -2.13292004e-01
 -7.24628098e+00 7.27171160e-02
 -8.51978130e+00 5.69628848e-01
 -9.79035333e+00 1.44588110e+00
 -1.13670010e+01 3.01647469e+00
 -1.28777692e+01 5.81686245e+00
 -1.33669138e+01 1.03931332e+01
 -1.04371049e+01 1.58707972e+01
 -4.12875145e+00 1.85540080e+01
 1.57910904e+00 1.68114934e+01
 4.59501311e+00 1.34269179e+01
 5.65297789e+00 1.04513132e+01
 5.74578082e+00 8.26056217e+00
 5.38448428e+00 6.70033517e+00
 5.00278558e+00 5.57677905e+00
 4.65445011e+00 4.74828590e+00
 4.31562828e+00 4.12150261e+00
 3.98373560e+00 3.63576575e+00
 3.74923311e+00 3.25114420e+00
 3.44684187e+00 2.94077823e+00
 3.28115634e+00 2.68616631e+00
 3.10615208e+00 2.47426443e+00
 2.98891630e+00 2.29567378e+00
 2.81542550e+00 2.14348542e+00
 2.68230899e+00 2.01252737e+00
 2.43768659e+00 1.89886352e+00
 2.40900604e+00 1.79945317e+00
 2.31615241e+00 1.71191519e+00
 2.18205898e+00 1.63436177e+00
 2.02699039e+00 1.56527932e+00
 2.04679467e+00 1.50344169e+00
 1.92131574e+00 1.44784625e+00
 1.82457072e+00 1.39766598e+00
 1.74236613e+00 1.35221330e+00
 1.75707814e+00 1.31091235e+00
 1.72018382e+00 1.27327757e+00
 1.64142883e+00 1.23889696e+00
 1.60167982e+00 1.20741891e+00
 1.62928470e+00 1.17854177e+00
 1.45501139e+00 1.15200541e+00
 1.47353198e+00 1.12758451e+00
 1.35114624e+00 1.10508305e+00
 1.44718293e+00 1.08432981e+00
 1.36583947e+00 1.06517474e+00
 1.38409989e+00 1.04748584e+00
 1.32651621e+00 1.03114666e+00
 1.30837167e+00 1.01605420e+00
 1.24439231e+00 1.00211707e+00
 1.21525379e+00 9.89254057e-01
 1.26008815e+00 9.77392813e-01
 1.22880198e+00 9.66468789e-01
 1.21845430e+00 9.56424311e-01
 1.16784950e+00 9.47207794e-01
 1.06188317e+00 9.38773061e-01
 1.21151459e+00 9.31078764e-01
 1.04815575e+00 9.24087878e-01
 1.08888259e+00 9.17767267e-01
 1.09816102e+00 9.12087306e-01
 1.10776965e+00 9.07021557e-01
 9.65187314e-01 9.02546481e-01
 9.61505666e-01 8.98641195e-01
 1.01613603e+00 8.95287255e-01
 1.08241698e+00 8.92468473e-01
 9.95105254e-01 8.90170755e-01
 1.12441139e+00 8.88381964e-01
 1.03799626e+00 8.87091801e-01
 9.72647718e-01 8.86291705e-01
 9.09630703e-01 8.85974767e-01
 9.67616034e-01 8.86135662e-01
 1.00955662e+00 8.86770592e-01
 8.56505114e-01 8.87877244e-01
 8.70389935e-01 8.89454754e-01
 8.92684178e-01 8.91503691e-01
 9.37825241e-01 8.94026044e-01
 9.43413473e-01 8.97025226e-01
 8.96828730e-01 9.00506084e-01
 9.48188557e-01 9.04474922e-01
 9.47358859e-01 9.08939531e-01
 8.84098868e-01 9.13909241e-01
 8.90278187e-01 9.19394969e-01
 9.31518868e-01 9.25409293e-01
 9.18087086e-01 9.31966531e-01
 8.91633642e-01 9.39082839e-01
 8.46713958e-01 9.46776322e-01
 9.05335669e-01 9.55067163e-01
 9.90967773e-01 9.63977772e-01
 9.16773086e-01 9.73532955e-01
 8.68308735e-01 9.83760103e-01
 9.19811304e-01 9.94689417e-01
 8.73607823e-01 1.00635415e+00
 9.98416676e-01 1.01879091e+00
 9.09165521e-01 1.03203994e+00
 1.02230205e+00 1.04614554e+00
 1.02586113e+00 1.06115643e+00
 9.26470929e-01 1.07712627e+00
 9.98441579e-01 1.09411417e+00
 1.13189717e+00 1.11218534e+00
 1.06364707e+00 1.13141178e+00
 9.67345700e-01 1.15187312e+00
 1.05412205e+00 1.17365756e+00
 1.03520194e+00 1.19686295e+00
 1.10328969e+00 1.22159811e+00
 1.10394225e+00 1.24798422e+00
 1.08769861e+00 1.27615663e+00
 1.11254689e+00 1.30626681e+00
 1.13587680e+00 1.33848478e+00
 1.19897949e+00 1.37300182e+00
 1.15493216e+00 1.41003384e+00
 1.23582558e+00 1.44982529e+00
 1.25104451e+00 1.49265377e+00
 1.26417254e+00 1.53883571e+00
 1.35119691e+00 1.58873298e+00
 1.32336839e+00 1.64276102e+00
 1.37256974e+00 1.70139854e+00
 1.37297948e+00 1.76519933e+00
 1.45664459e+00 1.83480651e+00
 1.51097703e+00 1.91096975e+00
 1.60829003e+00 1.99456604e+00
 1.60241070e+00 2.08662446e+00
 1.69755994e+00 2.18835519e+00
 1.91767324e+00 2.30118238e+00
 2.03634774e+00 2.42677871e+00
 2.11051910e+00 2.56709607e+00
 2.38678042e+00 2.72437866e+00
 2.48209865e+00 2.90112710e+00
 2.79955112e+00 3.09994342e+00
 3.11927497e+00 3.32309850e+00
 3.57685543e+00 3.57145817e+00
 4.18141880e+00 3.84191480e+00
 4.79548438e+00 4.12126736e+00
 5.74645193e+00 4.37150639e+00
 7.12973499e+00 4.49433227e+00
 8.95350056e+00 4.24928375e+00
 1.13232166e+01 3.10345303e+00
 1.36767166e+01 2.05975686e-01
 1.41095103e+01 -4.54059985e+00
 1.13255066e+01 -8.68944287e+00
 7.26763602e+00 -1.00475639e+01
 4.16084039e+00 -9.47031707e+00
 2.27988401e+00 -8.31676523e+00
 1.32045349e+00 -7.18465544e+00
 7.44132456e-01 -6.22620699e+00
 4.06800831e-01 -5.44639769e+00
 1.17639708e-01 -4.81539672e+00
 -2.60576159e-02 -4.30137920e+00
 -9.97990656e-02 -3.87809271e+00
 -1.79481503e-01 -3.52537368e+00
 -1.36164906e-01 -3.22804454e+00
 -2.33127857e-01 -2.97469262e+00
 -2.44726957e-01 -2.75667659e+00
 -1.75529372e-01 -2.56738617e+00
 -1.57799802e-01 -2.40170663e+00
 -2.18394724e-01 -2.25563431e+00
 -1.51830270e-01 -2.12599970e+00
 -1.82734435e-01 -2.01026662e+00
 -1.61787751e-01 -1.90638509e+00
 -1.26954514e-01 -1.81268246e+00
 -1.30349651e-01 -1.72778190e+00
 -1.87788221e-01 -1.65054087e+00
 -7.83017810e-02 -1.58000399e+00
 -5.89347171e-02 -1.51536674e+00
 -5.09325916e-02 -1.45594721e+00
 1.32249594e-02 -1.40116384e+00
 -6.23880766e-03 -1.35051786e+00
 -4.16064697e-03 -1.30357917e+00
 -2.36501075e-02 -1.25997510e+00
 3.81669347e-02 -1.21938118e+00
 3.11808170e-02 -1.18151370e+00
 7.67173322e-02 -1.14612357e+00
 8.65104703e-02 -1.11299124e+00
 1.53468009e-01 -1.08192250e+00
 6.64974693e-02 -1.05274500e+00
 1.25764301e-01 -1.02530526e+00
 1.23488058e-01 -9.99466184e-01
 5.85842175e-02 -9.75105023e-01
 -2.65808229e-02 -9.52111523e-01
 6.71210219e-03 -9.30386429e-01
 9.61136741e-02 -9.09840174e-01
 1.28052602e-01 -8.90391754e-01
 1.83985820e-01 -8.71967759e-01
 1.26077369e-01 -8.54501533e-01
 2.16385621e-01 -8.37932446e-01
 1.54794766e-01 -8.22205254e-01
 1.48216482e-01 -8.07269552e-01
 1.36055523e-01 -7.93079283e-01
 2.02591003e-01 -7.79592312e-01
 1.54307398e-01 -7.66770054e-01
 2.14022569e-01 -7.54577144e-01
 1.08106117e-01 -7.42981140e-01
 1.99003381e-01 -7.31952274e-01
 1.86130402e-01 -7.21463217e-01
 2.25806475e-01 -7.11488881e-01
 2.59373310e-01 -7.02006241e-01
 3.37354093e-01 -6.92994174e-01
 2.51854292e-01 -6.84433320e-01
 3.02290851e-01 -6.76305961e-01
 2.79306644e-01 -6.68595910e-01
 3.29410444e-01 -6.61288413e-01
 3.04061207e-01 -6.54370069e-01
 2.93390933e-01 -6.47828760e-01
 3.20807295e-01 -6.41653580e-01
 3.15324306e-01 -6.35834793e-01
 3.42554834e-01 -6.30363784e-01
 3.38224974e-01 -6.25233024e-01
 2.49454307e-01 -6.20436048e-01
 3.30365124e-01 -6.15967436e-01
 3.48176501e-01 -6.11822801e-01
 4.63592669e-01 -6.07998794e-01
 4.27076638e-01 -6.04493106e-01
 4.17277627e-01 -6.01304492e-01
 4.48027185e-01 -5.98432793e-01
 3.24980765e-01 -5.95878975e-01
 4.40265015e-01 -5.93645178e-01
 5.39873324e-01 -5.91734779e-01
 5.32247513e-01 -5.90152467e-01
 4.43971510e-01 -5.88904334e-01
 5.31571139e-01 -5.87997983e-01
 5.50539437e-01 -5.87442660e-01
 4.28879671e-01 -5.87249409e-01
 5.36826007e-01 -5.87431251e-01
 5.56037911e-01 -5.88003395e-01
 6.10589935e-01 -5.88983497e-01
 6.03215144e-01 -5.90391946e-01
 6.60336247e-01 -5.92252220e-01
 6.86186591e-01 -5.94591296e-01
 7.07814993e-01 -5.97440136e-01
 7.46742148e-01 -6.00834270e-01
 7.01527532e-01 -6.04814484e-01
 7.58846062e-01 -6.09427649e-01
 6.83341140e-01 -6.14727711e-01
 8.53706251e-01 -6.20776890e-01
 8.73932221e-01 -6.27647133e-01
 8.42240555e-01 -6.35421884e-01
 8.84046761e-01 -6.44198251e-01
 1.01751087e+00 -6.54089688e-01
 9.62101822e-01 -6.65229307e-01
 1.05690152e+00 -6.77774033e-01
 1.17634714e+00 -6.91909825e-01
 1.17464692e+00 -7.07858304e-01
 1.27418144e+00 -7.25885227e-01
 1.31444473e+00 -7.46311435e-01
 1.34575022e+00 -7.69527115e-01
 1.32657243e+00 -7.96010592e-01
 1.47128714e+00 -8.26353343e-01
 1.59685368e+00 -8.61293729e-01
 1.58120630e+00 -9.01763043e-01
 1.70370592e+00 -9.48949282e-01
 1.82659291e+00 -1.00438681e+00
 2.09072937e+00 -1.07008449e+00
 2.22096054e+00 -1.14871216e+00
 2.32258546e+00 -1.24387714e+00
 2.59490036e+00 -1.36054299e+00
 2.64359028e+00 -1.50567763e+00
 2.97412605e+00 -1.68927982e+00
 3.20860068e+00 -1.92604265e+00
 3.51629491e+00 -2.23810568e+00
 3.93902035e+00 -2.65967036e+00
 4.28508983e+00 -3.24469331e+00
 4.77139242e+00 -4.07893998e+00
 5.25832385e+00 -5.29436077e+00
 5.34379918e+00 -7.06296351e+00
 4.58655170e+00 -9.46258026e+00
 2.30707832e+00 -1.19548905e+01
 -1.65620872e+00 -1.28373385e+01
 -5.40494725e+00 -1.10392121e+01
 -7.11431651e+00 -8.10289723e+00
 -7.17343477e+00 -5.63650988e+00
 -6.68428264e+00 -3.95578716e+00
 -6.07117874e+00 -2.86691148e+00
 -5.37366983e+00 -2.15634449e+00
 -4.82837138e+00 -1.68058305e+00
 -4.50041424e+00 -1.35248309e+00
 -4.06549956e+00 -1.11972562e+00
 -3.76731226e+00 -9.50353759e-01
 -3.47296328e+00 -8.24328064e-01
 -3.22831748e+00 -7.28724087e-01
 -2.97839546e+00 -6.54976772e-01
 -2.79188116e+00 -5.97265219e-01
 -2.78808642e+00 -5.51541559e-01
 -2.54191454e+00 -5.14931774e-01
 -2.43385347e+00 -4.85356633e-01
 -2.39640506e+00 -4.61286213e-01
 -2.24525039e+00 -4.41577409e-01
 -2.13605591e+00 -4.25364212e-01
 -2.08358966e+00 -4.11982236e-01
 -1.86707568e+00 -4.00915907e-01
 -1.90528611e+00 -3.91760942e-01
 -1.84050756e+00 -3.84197296e-01
 -1.77306276e+00 -3.77969399e-01
 -1.70880347e+00 -3.72871539e-01
 -1.74819744e+00 -3.68736935e-01
 -1.65320935e+00 -3.65429468e-01
 -1.64543632e+00 -3.62837378e-01
 -1.62679465e+00 -3.60868402e-01
 -1.47428810e+00 -3.59446002e-01
 -1.47603617e+00 -3.58506410e-01
 -1.44294606e+00 -3.57996292e-01
 -1.33686540e+00 -3.57870904e-01
 -1.42194778e+00 -3.58092601e-01
 -1.39084466e+00 -3.58629655e-01
 -1.37788998e+00 -3.59455288e-01
 -1.31219247e+00 -3.60546888e-01
 -1.30422612e+00 -3.61885371e-01
 -1.37931566e+00 -3.63454654e-01
 -1.30464074e+00 -3.65241224e-01
 -1.32168437e+00 -3.67233780e-01
 -1.21469562e+00 -3.69422932e-01
 -1.32937433e+00 -3.71800960e-01
 -1.31639283e+00 -3.74361605e-01
 -1.18053412e+00 -3.77099896e-01
 -1.28762210e+00 -3.80012008e-01
 -1.23121868e+00 -3.83095140e-01
 -1.22950692e+00 -3.86347417e-01
 -1.19224018e+00 -3.89767805e-01
 -1.09827957e+00 -3.93356042e-01
 -1.15794505e+00 -3.97112579e-01
 -1.15195122e+00 -4.01038540e-01
 -1.13934143e+00 -4.05135676e-01
 -1.14898738e+00 -4.09406341e-01
 -1.15282022e+00 -4.13853470e-01
 -1.18667637e+00 -4.18480560e-01
 -1.14961763e+00 -4.23291665e-01
 -1.14858120e+00 -4.28291387e-01
 -1.13769994e+00 -4.33484876e-01
 -1.14501124e+00 -4.38877839e-01
 -1.17550653e+00 -4.44476547e-01
 -1.18502966e+00 -4.50287848e-01
 -1.11488467e+00 -4.56319186e-01
 -1.12385086e+00 -4.62578624e-01
 -1.16479466e+00 -4.69074870e-01
 -1.15735329e+00 -4.75817308e-01
 -1.20400936e+00 -4.82816036e-01
 -1.28508028e+00 -4.90081904e-01
 -1.15784748e+00 -4.97626562e-01
 -1.23451002e+00 -5.05462512e-01
 -1.23140377e+00 -5.13603168e-01
 -1.14092116e+00 -5.22062914e-01
 -1.26005902e+00 -5.30857184e-01
 -1.09897792e+00 -5.40002536e-01
 -1.20579113e+00 -5.49516743e-01
 -1.31504335e+00 -5.59418892e-01
 -1.24428231e+00 -5.69729489e-01
 -1.29347622e+00 -5.80470583e-01
 -1.30149901e+00 -5.91665899e-01
 -1.31890570e+00 -6.03340986e-01
 -1.36824354e+00 -6.15523379e-01
 -1.31894283e+00 -6.28242787e-01
 -1.36064237e+00 -6.41531292e-01
 -1.41566752e+00 -6.55423576e-01
 -1.38909326e+00 -6.69957174e-01
 -1.35899540e+00 -6.85172754e-01
 -1.39932616e+00 -7.01114426e-01
 -1.35958664e+00 -7.17830095e-01
 -1.45410980e+00 -7.35371846e-01
 -1.53359183e+00 -7.53796376e-01
 -1.63483360e+00 -7.73165478e-01
 -1.55663101e+00 -7.93546575e-01
 -1.63837448e+00 -8.15013317e-01
 -1.63139255e+00 -8.37646237e-01
 -1.64279385e+00 -8.61533482e-01
 -1.68369290e+00 -8.86771603e-01
 -1.74935819e+00 -9.13466425e-01
 -1.84779557e+00 -9.41733967e-01
 -1.86330096e+00 -9.71701416e-01
 -1.97518114e+00 -1.00350812e+00
 -1.96364377e+00 -1.03730651e+00
 -2.12641753e+00 -1.07326299e+00
 -2.06967202e+00 -1.11155844e+00
 -2.23961730e+00 -1.15238832e+00
 -2.32311508e+00 -1.19596184e+00
 -2.43281359e+00 -1.24249978e+00
 -2.49599732e+00 -1.29222976e+00
 -2.67173471e+00 -1.34537765e+00
 -2.83118942e+00 -1.40215257e+00
 -2.91370579e+00 -1.46272116e+00
 -3.15652817e+00 -1.52716452e+00
 -3.26592092e+00 -1.59540572e+00
 -3.56502206e+00 -1.66708789e+00
 -3.89633150e+00 -1.74136667e+00
 -4.13420428e+00 -1.81655232e+00
 -4.53784665e+00 -1.88948084e+00
 -5.01404099e+00 -1.95438505e+00
 -5.54131318e+00 -2.00081600e+00
 -6.22856064e+00 -2.00971199e+00
 -7.05224847e+00 -1.94576347e+00
 -8.21333702e+00 -1.74228122e+00
 -9.49532248e+00 -1.27123617e+00
 -1.12054488e+01 -2.87707285e-01
 -1.31789567e+01 1.64552822e+00
 -1.47646433e+01 5.10991462e+00
 -1.42490468e+01 1.00937440e+01
 -1.06373920e+01 1.45220771e+01
 -5.23196493e+00 1.57658318e+01
 -1.20838346e+00 1.43201775e+01
 1.19296772e+00 1.20870085e+01
 2.26671147e+00 1.00472788e+01
