 NaN NaN
 4.15517521e+01 1.46098000e+01
 2.14202632e+01 7.42900211e+00
 1.45427001e+01 5.10577008e+00
 1.09929317e+01 3.96334034e+00
 8.93814241e+00 3.28546534e+00
 7.47110425e+00 2.83720760e+00
 6.42025029e+00 2.51903195e+00
 5.73585278e+00 2.28161047e+00
 5.13907022e+00 2.09773421e+00
 4.56481852e+00 1.95117476e+00
 4.15278427e+00 1.83165718e+00
 3.83995117e+00 1.73236151e+00
 3.51990861e+00 1.64858447e+00
 3.31664880e+00 1.57697810e+00
 3.12081606e+00 1.51509479e+00
 2.87839096e+00 1.46110401e+00
 2.79856790e+00 1.41360953e+00
 2.63801725e+00 1.37152799e+00
 2.40597696e+00 1.33400601e+00
 2.43573772e+00 1.30036233e+00
 2.25344670e+00 1.27004656e+00
 2.12042143e+00 1.24260925e+00
 1.98421764e+00 1.21767983e+00
 1.94873084e+00 1.19495006e+00
 1.84144168e+00 1.17416152e+00
 1.87333305e+00 1.15509597e+00
 1.86730817e+00 1.13756786e+00
 1.64545031e+00 1.12141847e+00
 1.76555849e+00 1.10651131e+00
 1.59217217e+00 1.09272834e+00
 1.59105954e+00 1.07996702e+00
 1.57479879e+00 1.06813789e+00
 1.46014654e+00 1.05716257e+00
 1.45593323e+00 1.04697214e+00
 1.32298266e+00 1.03750582e+00
 1.28410559e+00 1.02870978e+00
 1.28813388e+00 1.02053628e+00
 1.21887454e+00 1.01294284e+00
 1.18313003e+00 1.00589155e+00
 1.25211967e+00 9.99348584e-01
 1.29488344e+00 9.93283641e-01
 1.22080785e+00 9.87669577e-01
 1.12904501e+00 9.82482038e-01
 1.07151197e+00 9.77699161e-01
 1.10666315e+00 9.73301315e-01
 1.08131673e+00 9.69270871e-01
 9.83279080e-01 9.65592006e-01
 1.05456990e+00 9.62250540e-01
 9.89809512e-01 9.59233782e-01
 8.88445351e-01 9.56530403e-01
 9.07255058e-01 9.54130329e-01
 9.07176435e-01 9.52024638e-01
 9.80713794e-01 9.50205483e-01
 8.87254708e-01 9.48666015e-01
 8.65726251e-01 9.47400320e-01
 8.73881199e-01 9.46403373e-01
 8.92966356e-01 9.45670983e-01
 8.63477588e-01 9.45199765e-01
 8.05018857e-01 9.44987102e-01
 7.81637891e-01 9.45031127e-01
 6.81520303e-01 9.45330701e-01
 6.50468853e-01 9.45885400e-01
 7.81405835e-01 9.46695511e-01
 6.13193287e-01 9.47762029e-01
 7.73986152e-01 9.49086661e-01
 6.48100322e-01 9.50671832e-01
 6.81962795e-01 9.52520705e-01
 6.26610703e-01 9.54637199e-01
 7.00854132e-01 9.57026011e-01
 6.43933874e-01 9.59692656e-01
 5.96328646e-01 9.62643497e-01
 5.72331355e-01 9.65885800e-01
 5.14978107e-01 9.69427781e-01
 4.99537474e-01 9.73278672e-01
 5.91630630e-01 9.77448795e-01
 4.56751065e-01 9.81949641e-01
 4.28519214e-01 9.86793968e-01
 4.21672973e-01 9.91995909e-01
 4.23272323e-01 9.97571097e-01
 4.38084188e-01 1.00353680e+00
 3.99649486e-01 1.00991211e+00
 3.77690009e-01 1.01671809e+00
 3.94928641e-01 1.02397800e+00
 3.94754685e-01 1.03171757e+00
 3.86701884e-01 1.03996525e+00
 2.57202205e-01 1.04875252e+00
 2.45417528e-01 1.05811432e+00
 2.33540910e-01 1.06808944e+00
 2.72812723e-01 1.07872101e+00
 2.48414406e-01 1.09005715e+00
 2.86954014e-01 1.10215160e+00
 2.07777927e-01 1.11506457e+00
 1.81802904e-01 1.12886367e+00
 5.18865321e-02 1.14362508e+00
 1.62683507e-01 1.15943486e+00
 1.16812078e-01 1.17639063e+00
 7.63413390e-02 1.19460347e+00
 9.34499561e-02 1.21420034e+00
 6.03494354e-02 1.23532694e+00
 -8.03185381e-02 1.25815129e+00
 -8.23793951e-03 1.28286809e+00
 -9.32454443e-02 1.30970423e+00
 -1.49848975e-01 1.33892563e+00
 -2.44172914e-01 1.37084603e+00
 -3.17192659e-01 1.40583808e+00
 -2.82635111e-01 1.44434784e+00
 -3.42034172e-01 1.48691371e+00
 -3.86775283e-01 1.53419147e+00
 -6.08465296e-01 1.58698796e+00
 -5.58441961e-01 1.64630710e+00
 -5.09721136e-01 1.71341357e+00
 -8.29404566e-01 1.78992297e+00
 -7.76384379e-01 1.87793191e+00
 -9.16721468e-01 1.98021019e+00
 -1.11890031e+00 2.10049266e+00
 -1.27709097e+00 2.24393606e+00
 -1.41957389e+00 2.41786024e+00
 -1.71193309e+00 2.63300185e+00
 -1.94860928e+00 2.90574282e+00
 -2.33200237e+00 3.26231529e+00
 -2.85473149e+00 3.74734080e+00
 -3.32685658e+00 4.44284761e+00
 -4.22690209e+00 5.51597771e+00
 -5.30751325e+00 7.35910210e+00
 -6.92963726e+00 1.10968650e+01
 -7.28658157e+00 2.07988215e+01
 1.79315047e+01 3.53472493e+01
 2.57252749e+01 2.91145367e+00
 1.46287864e+01 -2.59552291e+00
 9.83842825e+00 -2.69719413e+00
 7.37007620e+00 -2.29694313e+00
 6.00816707e+00 -1.90986245e+00
 5.10985558e+00 -1.59171109e+00
 4.46948541e+00 -1.33559212e+00
 3.91901263e+00 -1.12792078e+00
 3.62875210e+00 -9.57207318e-01
 3.24265367e+00 -8.14818657e-01
 3.07185577e+00 -6.94415639e-01
 2.80027597e+00 -5.91328401e-01
 2.68472790e+00 -5.02076055e-01
 2.46495516e+00 -4.24026428e-01
 2.38427720e+00 -3.55159668e-01
 2.22717765e+00 -2.93903757e-01
 2.16490013e+00 -2.39018938e-01
 2.03963741e+00 -1.89515449e-01
 1.87936483e+00 -1.44594172e-01
 1.87902584e+00 -1.03603190e-01
 1.92714301e+00 -6.60055888e-02
 1.87563274e+00 -3.13552687e-02
 1.82174898e+00 7.21432666e-04
 1.76932236e+00 3.05398632e-02
 1.67383665e+00 5.83680222e-02
 1.62977250e+00 8.44351583e-02
 1.69161708e+00 1.08938572e-01
 1.59079103e+00 1.32049045e-01
 1.71268707e+00 1.53915205e-01
 1.54810435e+00 1.74667066e-01
 1.48592270e+00 1.94418913e-01
 1.39383508e+00 2.13271676e-01
 1.48630740e+00 2.31314890e-01
 1.38056986e+00 2.48628324e-01
 1.45835791e+00 2.65283348e-01
 1.40704137e+00 2.81344074e-01
 1.37322348e+00 2.96868329e-01
 1.38994339e+00 3.11908476e-01
 1.37023132e+00 3.26512115e-01
 1.41046349e+00 3.40722683e-01
 1.33474242e+00 3.54579977e-01
 1.31958558e+00 3.68120599e-01
 1.30313021e+00 3.81378343e-01
 1.32434625e+00 3.94384539e-01
 1.18317662e+00 4.07168350e-01
 1.24293686e+00 4.19757030e-01
 1.26592233e+00 4.32176161e-01
 1.19319459e+00 4.44449859e-01
 1.28521708e+00 4.56600953e-01
 1.23866527e+00 4.68651157e-01
 1.18385067e+00 4.80621216e-01
 1.19287453e+00 4.92531042e-01
 1.21180111e+00 5.04399840e-01
 1.15638130e+00 5.16246224e-01
 1.31804190e+00 5.28088317e-01
 1.17350520e+00 5.39943859e-01
 1.19975818e+00 5.51830296e-01
 1.25151002e+00 5.63764871e-01
 1.25394060e+00 5.75764713e-01
 1.20423513e+00 5.87846913e-01
 1.22940987e+00 6.00028617e-01
 1.07820751e+00 6.12327100e-01
 1.12458774e+00 6.24759848e-01
 1.01753624e+00 6.37344645e-01
 1.15473736e+00 6.50099653e-01
 1.08381703e+00 6.63043502e-01
 1.17608523e+00 6.76195376e-01
 1.08120529e+00 6.89575113e-01
 1.09541284e+00 7.03203302e-01
 1.22984361e+00 7.17101391e-01
 1.03124230e+00 7.31291798e-01
 1.16778837e+00 7.45798040e-01
 1.04621093e+00 7.60644860e-01
 1.11415124e+00 7.75858376e-01
 1.05543306e+00 7.91466242e-01
 1.16840750e+00 8.07497817e-01
 1.15769461e+00 8.23984365e-01
 1.12984407e+00 8.40959266e-01
 1.09856063e+00 8.58458257e-01
 1.10168711e+00 8.76519697e-01
 1.18645621e+00 8.95184865e-01
 1.06160144e+00 9.14498300e-01
 1.16095336e+00 9.34508178e-01
 1.11063259e+00 9.55266743e-01
 1.15310366e+00 9.76830793e-01
 1.15690287e+00 9.99262240e-01
 1.11657909e+00 1.02262874e+00
 1.22288814e+00 1.04700444e+00
 1.10757304e+00 1.07247078e+00
 1.22980358e+00 1.09911752e+00
 1.23026448e+00 1.12704382e+00
 1.11558846e+00 1.15635959e+00
 1.20278040e+00 1.18718698e+00
 1.29608150e+00 1.21966225e+00
 1.19889465e+00 1.25393784e+00
 1.17245137e+00 1.29018494e+00
 1.25242254e+00 1.32859646e+00
 1.27327668e+00 1.36939067e+00
 1.36041511e+00 1.41281555e+00
 1.30982766e+00 1.45915402e+00
 1.32086121e+00 1.50873040e+00
 1.21031739e+00 1.56191826e+00
 1.41151603e+00 1.61915025e+00
 1.30131545e+00 1.68093017e+00
 1.40864277e+00 1.74784833e+00
 1.48842638e+00 1.82060093e+00
 1.49695970e+00 1.90001485e+00
 1.47431931e+00 1.98707984e+00
 1.56811109e+00 2.08299052e+00
 1.59426240e+00 2.18920214e+00
 1.61815901e+00 2.30750538e+00
 1.66731428e+00 2.44012839e+00
 1.72753174e+00 2.58987807e+00
 1.84083641e+00 2.76033943e+00
 1.93033445e+00 2.95616235e+00
 1.99894715e+00 3.18348342e+00
 2.12133740e+00 3.45056158e+00
 2.36181461e+00 3.76876234e+00
 2.56245674e+00 4.15412671e+00
 2.87113288e+00 4.62995132e+00
 3.23766262e+00 5.23115922e+00
 3.77367717e+00 6.01185177e+00
 4.58011201e+00 7.05806571e+00
 6.20558290e+00 8.50476184e+00
 9.05512242e+00 1.05143693e+01
 1.51759598e+01 1.27300688e+01
 3.00156586e+01 8.23891384e+00
 2.87628908e+01 -1.91190983e+01
 8.79408373e+00 -2.02427485e+01
 2.74210073e+00 -1.42222421e+01
 9.64606808e-01 -1.04367997e+01
 3.20106785e-01 -8.11414056e+00
 1.92068489e-01 -6.58623831e+00
 1.21548287e-01 -5.51579296e+00
 8.84140543e-02 -4.72775549e+00
 7.93644790e-02 -4.12476722e+00
 1.13938674e-01 -3.64904470e+00
 1.71963699e-01 -3.26435392e+00
 1.93980449e-01 -2.94690963e+00
 2.11719644e-01 -2.68049000e+00
 3.03381282e-01 -2.45366956e+00
 2.82042306e-01 -2.25817743e+00
 4.37714088e-01 -2.08788355e+00
 3.48105534e-01 -1.93815073e+00
 3.10160749e-01 -1.80540772e+00
 4.48687290e-01 -1.68686041e+00
 4.82835215e-01 -1.58029185e+00
 6.14395676e-01 -1.48392079e+00
 5.95025045e-01 -1.39629984e+00
 4.69420942e-01 -1.31624083e+00
 4.85878373e-01 -1.24275926e+00
 5.24284810e-01 -1.17503248e+00
 4.68504917e-01 -1.11236771e+00
 5.99367953e-01 -1.05417734e+00
 4.92053065e-01 -9.99959669e-01
 6.15930259e-01 -9.49283688e-01
 6.35418103e-01 -9.01777004e-01
 5.87824492e-01 -8.57116140e-01
 6.22552497e-01 -8.15018697e-01
 6.15616566e-01 -7.75236964e-01
 6.00628771e-01 -7.37552692e-01
 5.83547412e-01 -7.01772765e-01
 7.24679350e-01 -6.67725622e-01
 7.06501100e-01 -6.35258257e-01
 7.04233357e-01 -6.04233710e-01
 6.67150408e-01 -5.74528944e-01
 6.65742204e-01 -5.46033050e-01
 7.27081008e-01 -5.18645713e-01
 7.30643597e-01 -4.92275904e-01
 7.70689458e-01 -4.66840757e-01
 7.76114853e-01 -4.42264594e-01
 7.18141428e-01 -4.18478085e-01
 7.68716863e-01 -3.95417519e-01
 7.64355099e-01 -3.73024164e-01
 7.95699924e-01 -3.51243708e-01
 7.33040056e-01 -3.30025766e-01
 7.44765197e-01 -3.09323446e-01
 8.34111273e-01 -2.89092966e-01
 7.28734932e-01 -2.69293306e-01
 7.61931665e-01 -2.49885906e-01
 8.50277951e-01 -2.30834391e-01
 8.34667153e-01 -2.12104318e-01
 8.10598128e-01 -1.93662957e-01
 9.15020045e-01 -1.75479083e-01
 9.60567914e-01 -1.57522789e-01
 9.17780888e-01 -1.39765312e-01
 9.28237102e-01 -1.22178876e-01
 8.93731438e-01 -1.04736538e-01
 9.71003744e-01 -8.74120506e-02
 9.41247612e-01 -7.01797242e-02
 9.64657382e-01 -5.30143027e-02
 9.18726251e-01 -3.58908381e-02
 9.40415800e-01 -1.87845699e-02
 1.00807735e+00 -1.67080670e-03
 1.01112499e+00 1.54751920e-02
 1.07157952e+00 3.26783342e-02
 9.89112094e-01 4.99638160e-02
 1.05013989e+00 6.73572443e-02
 1.15125994e+00 8.48847646e-02
 1.07449863e+00 1.02573194e-01
 1.02582815e+00 1.20450161e-01
 1.13889790e+00 1.38544253e-01
 1.13491127e+00 1.56885179e-01
 1.11949266e+00 1.75503935e-01
 1.14324227e+00 1.94432994e-01
 1.27277567e+00 2.13706507e-01
 1.18289067e+00 2.33360523e-01
 1.30887823e+00 2.53433238e-01
 1.17873577e+00 2.73965259e-01
 1.34570596e+00 2.94999914e-01
 1.30978886e+00 3.16583583e-01
 1.36252085e+00 3.38766080e-01
 1.36292374e+00 3.61601076e-01
 1.42148666e+00 3.85146585e-01
 1.42079551e+00 4.09465511e-01
 1.39571681e+00 4.34626271e-01
 1.53506425e+00 4.60703510e-01
 1.44868891e+00 4.87778923e-01
 1.48518919e+00 5.15942197e-01
 1.50189496e+00 5.45292111e-01
 1.53093088e+00 5.75937799e-01
 1.69707543e+00 6.08000240e-01
 1.67336000e+00 6.41613990e-01
 1.72416851e+00 6.76929222e-01
 1.71265935e+00 7.14114144e-01
 1.82484332e+00 7.53357859e-01
 1.92358470e+00 7.94873786e-01
 1.90477043e+00 8.38903748e-01
 1.99165178e+00 8.85722917e-01
 1.92771300e+00 9.35645793e-01
 2.08486831e+00 9.89033500e-01
 2.26347118e+00 1.04630273e+00
 2.31239756e+00 1.10793678e+00
 2.41209874e+00 1.17449927e+00
 2.40890577e+00 1.24665129e+00
 2.58501846e+00 1.32517298e+00
 2.70104303e+00 1.41099087e+00
 2.83562832e+00 1.50521282e+00
 2.97844341e+00 1.60917273e+00
 3.18931927e+00 1.72448820e+00
 3.36002444e+00 1.85313499e+00
 3.62343562e+00 1.99754266e+00
 3.84400663e+00 2.16071612e+00
 4.18535124e+00 2.34638470e+00
 4.58584868e+00 2.55917020e+00
 5.01430832e+00 2.80473184e+00
 5.72510458e+00 3.08974762e+00
 6.48989938e+00 3.42129425e+00
 7.52320312e+00 3.80425584e+00
 9.07350543e+00 4.23224175e+00
 1.11667097e+01 4.65571602e+00
 1.44925347e+01 4.86091278e+00
 2.00857223e+01 3.94816418e+00
 2.94744778e+01 -2.07808227e+00
 3.27889693e+01 -2.38688123e+01
 8.17972807e+00 -3.52010458e+01
 -4.46879864e+00 -2.43140062e+01
 -6.40248590e+00 -1.63901040e+01
 -6.06116852e+00 -1.19501675e+01
 -5.46768755e+00 -9.29428774e+00
 -4.72915231e+00 -7.57148096e+00
 -4.14898437e+00 -6.37800196e+00
 -3.66384275e+00 -5.50803478e+00
 -3.40274509e+00 -4.84821423e+00
 -3.07896113e+00 -4.33177599e+00
 -2.70696631e+00 -3.91715084e+00
 -2.53034222e+00 -3.57723444e+00
 -2.30433470e+00 -3.29365945e+00
 -2.07606153e+00 -3.05356754e+00
 -1.93480323e+00 -2.84770381e+00
 -1.82093927e+00 -2.66924585e+00
 -1.61072280e+00 -2.51305886e+00
 -1.59243702e+00 -2.37520721e+00
 -1.43353212e+00 -2.25262552e+00
 -1.34793967e+00 -2.14289185e+00
 -1.31819057e+00 -2.04406804e+00
 -1.16635176e+00 -1.95458514e+00
 -1.09306911e+00 -1.87315981e+00
 -1.09832944e+00 -1.79873233e+00
 -9.18079928e-01 -1.73042010e+00
 -9.29043047e-01 -1.66748219e+00
 -9.05226350e-01 -1.60929208e+00
 -8.89102304e-01 -1.55531640e+00
 -7.84661916e-01 -1.50509830e+00
 -6.22334395e-01 -1.45824418e+00
 -7.56893193e-01 -1.41441310e+00
 -5.82642906e-01 -1.37330828e+00
 -6.04191172e-01 -1.33467015e+00
 -5.24301049e-01 -1.29827067e+00
 -5.16544484e-01 -1.26390868e+00
 -4.72259620e-01 -1.23140603e+00
 -4.99368281e-01 -1.20060434e+00
 -4.21608656e-01 -1.17136236e+00
 -3.54971608e-01 -1.14355364e+00
 -3.20199938e-01 -1.11706465e+00
 -3.05032489e-01 -1.09179313e+00
 -2.29842008e-01 -1.06764671e+00
 -1.53395897e-01 -1.04454171e+00
 -2.67231396e-01 -1.02240213e+00
 -2.07771703e-01 -1.00115875e+00
 -1.86074523e-01 -9.80748347e-01
 -1.14388981e-01 -9.61113078e-01
 -1.47353597e-01 -9.42199849e-01
 -5.46603244e-02 -9.23959826e-01
 -7.31712213e-02 -9.06347984e-01
 -6.27871318e-02 -8.89322712e-01
 -2.84454551e-02 -8.72845465e-01
 -1.11837097e-02 -8.56880455e-01
 6.27770313e-02 -8.41394374e-01
 2.45100983e-02 -8.26356151e-01
 6.77208748e-02 -8.11736733e-01
 1.16043139e-01 -7.97508884e-01
 6.81385833e-02 -7.83647013e-01
 1.19262049e-01 -7.70127012e-01
 1.98058799e-01 -7.56926109e-01
 1.64807695e-01 -7.44022739e-01
 2.10937625e-01 -7.31396421e-01
 1.69328872e-01 -7.19027648e-01
 1.70105319e-01 -7.06897788e-01
 3.27231104e-01 -6.94988985e-01
 2.21769565e-01 -6.83284077e-01
 2.53318013e-01 -6.71766508e-01
 3.21625515e-01 -6.60420256e-01
 3.81485684e-01 -6.49229759e-01
 3.47260830e-01 -6.38179843e-01
 3.62049482e-01 -6.27255659e-01
 3.27972782e-01 -6.16442616e-01
 3.55609696e-01 -6.05726320e-01
 5.02990848e-01 -5.95092509e-01
 4.69060085e-01 -5.84526998e-01
 4.65827582e-01 -5.74015611e-01
 3.71482407e-01 -5.63544124e-01
 5.11377068e-01 -5.53098203e-01
 6.07380629e-01 -5.42663337e-01
 5.04665784e-01 -5.32224771e-01
 6.40800168e-01 -5.21767445e-01
 7.11013273e-01 -5.11275913e-01
 6.58600990e-01 -5.00734275e-01
 7.31763285e-01 -4.90126091e-01
 6.61480943e-01 -4.79434303e-01
 7.13209511e-01 -4.68641139e-01
 9.12897652e-01 -4.57728018e-01
 7.68816338e-01 -4.46675451e-01
 8.42292093e-01 -4.35462922e-01
 9.08666057e-01 -4.24068777e-01
 9.20790580e-01 -4.12470090e-01
 9.70390744e-01 -4.00642533e-01
 1.08713844e+00 -3.88560228e-01
 1.01879646e+00 -3.76195598e-01
 9.63555761e-01 -3.63519211e-01
 1.12780947e+00 -3.50499619e-01
 1.18712304e+00 -3.37103203e-01
 1.28699616e+00 -3.23294031e-01
 1.34296701e+00 -3.09033736e-01
 1.33576995e+00 -2.94281440e-01
 1.40074401e+00 -2.78993750e-01
 1.44942279e+00 -2.63124874e-01
 1.59773960e+00 -2.46626918e-01
 1.71541391e+00 -2.29450473e-01
 1.84523554e+00 -2.11545631e-01
 1.81577850e+00 -1.92863680e-01
 1.95488977e+00 -1.73359825e-01
 2.07698162e+00 -1.52997498e-01
 2.21173230e+00 -1.31755138e-01
 2.35873316e+00 -1.09636843e-01
 2.46822872e+00 -8.66891956e-02
 2.74608411e+00 -6.30280319e-02
 2.90546077e+00 -3.88815870e-02
 3.18924510e+00 -1.46611104e-02
 3.37142475e+00 8.92124133e-03
 3.75940108e+00 3.06508561e-02
 4.14908545e+00 4.84561595e-02
 4.45084568e+00 5.87636212e-02
 5.01166387e+00 5.52761185e-02
 5.57937199e+00 2.65455721e-02
 6.50039614e+00 -4.91348715e-02
 7.64002758e+00 -2.15246086e-01
 8.96272785e+00 -5.65242444e-01
 1.11517362e+01 -1.31865069e+00
 1.42136016e+01 -3.04850983e+00
 1.81800378e+01 -7.39059288e+00
 2.05618831e+01 -1.82843632e+01
 8.19202541e+00 -3.17500774e+01
 -8.34095023e+00 -2.55744457e+01
 -1.14110724e+01 -1.57387986e+01
 -1.04302120e+01 -1.03017180e+01
 -8.98375780e+00 -7.39307451e+00
 -7.71295901e+00 -5.69822688e+00
 -6.71184608e+00 -4.62526225e+00
 -5.93601422e+00 -3.89924688e+00
 -5.34299359e+00 -3.38170669e+00
 -4.88295649e+00 -2.99728210e+00
 -4.42578377e+00 -2.70216198e+00
 -3.94547877e+00 -2.46943411e+00
 -3.70616667e+00 -2.28178903e+00
 -3.54882589e+00 -2.12765443e+00
 -3.26362561e+00 -1.99903522e+00
 -3.09272977e+00 -1.89024982e+00
 -2.83607831e+00 -1.79716106e+00
 -2.75931784e+00 -1.71669159e+00
 -2.57544858e+00 -1.64650908e+00
 -2.34449107e+00 -1.58481636e+00
 -2.30439453e+00 -1.53020801e+00
 -2.26480997e+00 -1.48157032e+00
 -2.15090986e+00 -1.43801019e+00
 -2.11792477e+00 -1.39880364e+00
 -2.02000767e+00 -1.36335800e+00
 -1.86838790e+00 -1.33118380e+00
 -1.78839413e+00 -1.30187341e+00
 -1.77075706e+00 -1.27508485e+00
 -1.74558104e+00 -1.25052922e+00
 -1.64249738e+00 -1.22796090e+00
 -1.56844140e+00 -1.20716984e+00
 -1.54716399e+00 -1.18797542e+00
 -1.47285066e+00 -1.17022157e+00
 -1.44442248e+00 -1.15377278e+00
 -1.46029169e+00 -1.13851087e+00
 -1.29608965e+00 -1.12433240e+00
 -1.30190741e+00 -1.11114646e+00
 -1.27992850e+00 -1.09887289e+00
 -1.13338173e+00 -1.08744080e+00
 -1.24697243e+00 -1.07678728e+00
 -1.17752928e+00 -1.06685641e+00
 -1.05642650e+00 -1.05759831e+00
 -1.07304213e+00 -1.04896841e+00
 -1.09370119e+00 -1.04092683e+00
 -9.48139316e-01 -1.03343781e+00
 -1.03325297e+00 -1.02646924e+00
 -9.76649387e-01 -1.01999228e+00
 -9.65745741e-01 -1.01398097e+00
 -9.92686961e-01 -1.00841196e+00
 -9.29623149e-01 -1.00326426e+00
 -9.40560190e-01 -9.98518981e-01
 -8.07176629e-01 -9.94159151e-01
 -8.84270860e-01 -9.90169554e-01
 -8.82821267e-01 -9.86536571e-01
 -8.45884409e-01 -9.83248054e-01
 -7.32803101e-01 -9.80293214e-01
 -7.79172355e-01 -9.77662521e-01
 -7.55876450e-01 -9.75347622e-01
 -7.99590470e-01 -9.73341270e-01
 -7.59903016e-01 -9.71637259e-01
 -6.47541908e-01 -9.70230375e-01
 -7.89628149e-01 -9.69116353e-01
 -7.21323502e-01 -9.68291841e-01
 -5.60346114e-01 -9.67754375e-01
 -6.22295711e-01 -9.67502356e-01
 -6.40408868e-01 -9.67535042e-01
 -6.71856365e-01 -9.67852540e-01
 -5.78578234e-01 -9.68455805e-01
 -5.90408760e-01 -9.69346651e-01
 -5.31394010e-01 -9.70527766e-01
 -5.32007963e-01 -9.72002729e-01
 -5.09143620e-01 -9.73776045e-01
 -4.99191073e-01 -9.75853179e-01
 -5.22337401e-01 -9.78240600e-01
 -5.05445261e-01 -9.80945840e-01
 -4.89391477e-01 -9.83977556e-01
 -3.95740947e-01 -9.87345606e-01
 -3.80538708e-01 -9.91061139e-01
 -3.92474533e-01 -9.95136693e-01
 -3.56959604e-01 -9.99586320e-01
 -3.85170142e-01 -1.00442571e+00
 -3.18237819e-01 -1.00967237e+00
 -2.96668060e-01 -1.01534578e+00
 -3.03563779e-01 -1.02146759e+00
 -2.99490838e-01 -1.02806192e+00
 -1.96564934e-01 -1.03515554e+00
 -2.47864713e-01 -1.04277829e+00
 -2.70899398e-01 -1.05096337e+00
 -1.60077936e-01 -1.05974780e+00
 -2.04032832e-01 -1.06917292e+00
 -1.52357476e-01 -1.07928497e+00
 -1.84018001e-01 -1.09013578e+00
 -1.00928446e-01 -1.10178356e+00
 -4.81297152e-02 -1.11429388e+00
 -1.83772152e-02 -1.12774078e+00
 -2.35376841e-02 -1.14220814e+00
 2.05732472e-02 -1.15779128e+00
 -5.73961991e-02 -1.17459897e+00
 1.02355743e-01 -1.19275574e+00
 8.08662438e-02 -1.21240482e+00
 1.17973838e-01 -1.23371170e+00
 1.42888506e-01 -1.25686853e+00
 1.63475966e-01 -1.28209963e+00
 2.31365897e-01 -1.30966839e+00
 3.14929841e-01 -1.33988600e+00
 4.24264106e-01 -1.37312273e+00
 3.73502893e-01 -1.40982232e+00
 3.99365013e-01 -1.45052100e+00
 5.61225282e-01 -1.49587244e+00
 5.19229194e-01 -1.54668137e+00
 6.47774617e-01 -1.60394907e+00
 7.00996854e-01 -1.66893635e+00
 8.50329045e-01 -1.74325179e+00
 9.39887773e-01 -1.82897814e+00
 1.03644875e+00 -1.92885698e+00
 1.15052292e+00 -2.04656511e+00
 1.27929704e+00 -2.18713914e+00
 1.58727242e+00 -2.35764763e+00
 1.61772299e+00 -2.56829183e+00
 1.91956166e+00 -2.83427834e+00
 2.12122283e+00 -3.17914679e+00
 2.52922106e+00 -3.64097751e+00
 2.83175048e+00 -4.28459444e+00
 3.34351999e+00 -5.22677686e+00
 3.74386861e+00 -6.68947753e+00
 3.89660281e+00 -9.09818200e+00
 2.66773232e+00 -1.30594801e+01
 -3.22775419e+00 -1.73023374e+01
 -1.23148192e+01 -1.37135456e+01
 -1.35238670e+01 -5.68854138e+00
 -1.09922083e+01 -1.72621747e+00
 -8.62142879e+00 -2.73936790e-01
 -7.00496547e+00 2.47271705e-01
 -5.94121975e+00 4.22204160e-01
 -5.09934991e+00 4.59792354e-01
 -4.46475960e+00 4.40607523e-01
 -4.13782397e+00 3.98196284e-01
 -3.65341440e+00 3.47340551e-01
 -3.42042372e+00 2.94763476e-01
 -3.02712320e+00 2.43523411e-01
 -2.94865062e+00 1.94942528e-01
 -2.74734000e+00 1.49500409e-01
 -2.56606192e+00 1.07265885e-01
 -2.45035428e+00 6.81122727e-02
 -2.40682819e+00 3.18267437e-02
 -2.30011963e+00 -1.83375270e-03
 -2.20304366e+00 -3.31142136e-02
 -2.05527056e+00 -6.22478494e-02
 -1.99946496e+00 -8.94500533e-02
 -2.01951005e+00 -1.14916430e-01
 -1.79056007e+00 -1.38822921e-01
 -1.76827564e+00 -1.61326948e-01
 -1.79413434e+00 -1.82569004e-01
 -1.78370582e+00 -2.02674377e-01
 -1.72870089e+00 -2.21754826e-01
 -1.73122995e+00 -2.39910168e-01
 -1.70970505e+00 -2.57229697e-01
 -1.65995559e+00 -2.73793463e-01
 -1.60769371e+00 -2.89673402e-01
 -1.57424640e+00 -3.04934319e-01
 -1.46464396e+00 -3.19634758e-01
 -1.39668259e+00 -3.33827756e-01
 -1.38851753e+00 -3.47561501e-01
 -1.42882344e+00 -3.60879911e-01
 -1.32247042e+00 -3.73823133e-01
 -1.43878376e+00 -3.86427985e-01
 -1.38305348e+00 -3.98728345e-01
 -1.31946244e+00 -4.10755486e-01
 -1.32300281e+00 -4.22538375e-01
 -1.40706338e+00 -4.34103943e-01
 -1.33158939e+00 -4.45477312e-01
 -1.23522649e+00 -4.56682008e-01
 -1.29698425e+00 -4.67740144e-01
 -1.33651156e+00 -4.78672590e-01
 -1.34340367e+00 -4.89499118e-01
 -1.27350523e+00 -5.00238541e-01
 -1.29526621e+00 -5.10908834e-01
 -1.28727791e+00 -5.21527248e-01
 -1.24058984e+00 -5.32110409e-01
 -1.19940749e+00 -5.42674417e-01
 -1.37041296e+00 -5.53234932e-01
 -1.16049077e+00 -5.63807257e-01
 -1.14501864e+00 -5.74406416e-01
 -1.26186082e+00 -5.85047227e-01
 -1.31749319e+00 -5.95744377e-01
 -1.20316175e+00 -6.06512484e-01
 -1.11665597e+00 -6.17366169e-01
 -1.20989845e+00 -6.28320123e-01
 -1.13197960e+00 -6.39389167e-01
 -1.16722665e+00 -6.50588325e-01
 -1.16596621e+00 -6.61932884e-01
 -1.14596055e+00 -6.73438470e-01
 -1.23043292e+00 -6.85121111e-01
 -1.23041760e+00 -6.96997317e-01
 -1.18688645e+00 -7.09084151e-01
 -1.13405319e+00 -7.21399316e-01
 -1.13751025e+00 -7.33961237e-01
 -1.09309703e+00 -7.46789154e-01
 -1.02767115e+00 -7.59903224e-01
 -1.13176967e+00 -7.73324624e-01
 -1.14667961e+00 -7.87075673e-01
 -1.10699020e+00 -8.01179951e-01
 -1.07827214e+00 -8.15662449e-01
 -1.15158114e+00 -8.30549712e-01
 -1.11208835e+00 -8.45870015e-01
 -1.08240788e+00 -8.61653548e-01
 -1.20434726e+00 -8.77932626e-01
 -1.06060880e+00 -8.94741920e-01
 -1.22816463e+00 -9.12118716e-01
 -1.07175799e+00 -9.30103213e-01
 -1.14116485e+00 -9.48738844e-01
 -1.19414495e+00 -9.68072653e-01
 -1.10474470e+00 -9.88155715e-01
 -1.07916202e+00 -1.00904361e+00
 -1.10183277e+00 -1.03079698e+00
 -1.15657136e+00 -1.05348212e+00
 -1.22447247e+00 -1.07717174e+00
 -1.12632112e+00 -1.10194575e+00
 -1.20674016e+00 -1.12789224e+00
 -1.23185203e+00 -1.15510853e+00
 -1.23956190e+00 -1.18370253e+00
 -1.20100597e+00 -1.21379416e+00
 -1.16874711e+00 -1.24551718e+00
 -1.18576956e+00 -1.27902120e+00
 -1.22553677e+00 -1.31447419e+00
 -1.17882489e+00 -1.35206535e+00
 -1.23099055e+00 -1.39200862e+00
 -1.15594504e+00 -1.43454691e+00
 -1.20543105e+00 -1.47995711e+00
 -1.30951170e+00 -1.52855631e+00
 -1.28507337e+00 -1.58070931e+00
 -1.33469662e+00 -1.63683794e+00
 -1.40785401e+00 -1.69743263e+00
 -1.36933153e+00 -1.76306677e+00
 -1.33897904e+00 -1.83441495e+00
 -1.42137305e+00 -1.91227606e+00
 -1.46178281e+00 -1.99760293e+00
 -1.43804379e+00 -2.09154076e+00
 -1.50167763e+00 -2.19547737e+00
 -1.61995807e+00 -2.31110968e+00
 -1.62919934e+00 -2.44053262e+00
 -1.72568458e+00 -2.58635942e+00
 -1.73289629e+00 -2.75188626e+00
 -1.85592947e+00 -2.94131989e+00
 -2.11256765e+00 -3.16009504e+00
 -2.24217581e+00 -3.41531846e+00
 -2.48371912e+00 -3.71638450e+00
 -2.72961620e+00 -4.07579770e+00
 -3.02260461e+00 -4.51014577e+00
 -3.58171671e+00 -5.04075688e+00
 -4.27692797e+00 -5.69193552e+00
 -5.36916548e+00 -6.47808730e+00
 -7.15227813e+00 -7.34345843e+00
 -1.02765690e+01 -7.90155717e+00
 -1.55563741e+01 -6.46508803e+00
 -2.02798947e+01 8.17150934e-01
 -1.63409775e+01 9.99494607e+00
 -9.00977864e+00 1.17554685e+01
 -4.88307133e+00 1.00919286e+01
 -2.89770205e+00 8.25272444e+00
 -1.87486013e+00 6.80795313e+00
 -1.28786218e+00 5.72283239e+00
 -1.02253452e+00 4.89968362e+00
 -8.83100524e-01 4.26159981e+00
 -7.58497781e-01 3.75568348e+00
 -7.45691023e-01 3.34618335e+00
 -5.96939692e-01 3.00863696e+00
 -5.49568960e-01 2.72595568e+00
 -6.88131995e-01 2.48593286e+00
 -6.42229144e-01 2.27965976e+00
 -6.68903098e-01 2.10050397e+00
 -7.27792010e-01 1.94343759e+00
 -6.07893354e-01 1.80458617e+00
 -5.89533798e-01 1.68091959e+00
 -6.58423910e-01 1.57003621e+00
 -5.55006992e-01 1.47000932e+00
 -6.22236503e-01 1.37927610e+00
 -7.06454396e-01 1.29655612e+00
 -6.66982431e-01 1.22079067e+00
 -6.39020811e-01 1.15109693e+00
 -6.35255206e-01 1.08673304e+00
 -6.66588178e-01 1.02707109e+00
 -6.70419714e-01 9.71576093e-01
 -7.17376573e-01 9.19789416e-01
 -7.46292510e-01 8.71315589e-01
 -6.20091676e-01 8.25811773e-01
 -7.33255329e-01 7.82979248e-01
 -7.72660150e-01 7.42556487e-01
 -7.68816015e-01 7.04313491e-01
 -6.74793630e-01 6.68047123e-01
 -7.59446250e-01 6.33577236e-01
 -7.27147278e-01 6.00743453e-01
 -8.23252659e-01 5.69402460e-01
 -7.92777917e-01 5.39425736e-01
 -7.49438068e-01 5.10697619e-01
 -8.19537333e-01 4.83113676e-01
 -7.95497003e-01 4.56579298e-01
 -8.53982143e-01 4.31008504e-01
 -8.67242361e-01 4.06322905e-01
 -9.14579948e-01 3.82450812e-01
 -8.40404368e-01 3.59326460e-01
 -9.21322608e-01 3.36889330e-01
 -8.05297318e-01 3.15083561e-01
 -8.20029725e-01 2.93857426e-01
 -8.80323271e-01 2.73162882e-01
 -8.71342068e-01 2.52955156e-01
 -9.42434527e-01 2.33192392e-01
 -8.37864740e-01 2.13835330e-01
 -7.60840227e-01 1.94847015e-01
 -8.84362162e-01 1.76192544e-01
 -9.61656689e-01 1.57838830e-01
 -9.41574935e-01 1.39754391e-01
 -9.49026587e-01 1.21909156e-01
 -9.14768176e-01 1.04274292e-01
 -9.27496249e-01 8.68220369e-02
 -9.05159030e-01 6.95255472e-02
 -9.17277232e-01 5.23587589e-02
 -1.02639826e+00 3.52962522e-02
 -1.00685830e+00 1.83131242e-02
 -9.86622304e-01 1.38486780e-03
 -1.03054631e+00 -1.55127466e-02
 -1.04408019e+00 -3.24037855e-02
 -9.99991045e-01 -4.93122659e-02
 -1.09062859e+00 -6.62622672e-02
 -1.04385162e+00 -8.32780446e-02
 -1.04161526e+00 -1.00384144e-01
 -1.21856814e+00 -1.17605518e-01
 -1.00632964e+00 -1.34967650e-01
 -1.15458672e+00 -1.52496677e-01
 -1.11970971e+00 -1.70219524e-01
 -1.17512603e+00 -1.88164047e-01
 -1.15564038e+00 -2.06359180e-01
 -1.21788645e+00 -2.24835097e-01
 -1.15486685e+00 -2.43623390e-01
 -1.27286473e+00 -2.62757255e-01
 -1.22877666e+00 -2.82271702e-01
 -1.23889774e+00 -3.02203781e-01
 -1.23282771e+00 -3.22592840e-01
 -1.24939676e+00 -3.43480799e-01
 -1.36205793e+00 -3.64912462e-01
 -1.35995324e+00 -3.86935870e-01
 -1.33675408e+00 -4.09602688e-01
 -1.39370689e+00 -4.32968647e-01
 -1.43032432e+00 -4.57094039e-01
 -1.51974772e+00 -4.82044285e-01
 -1.45851634e+00 -5.07890574e-01
 -1.49315041e+00 -5.34710594e-01
 -1.44784779e+00 -5.62589374e-01
 -1.49241792e+00 -5.91620244e-01
 -1.63109835e+00 -6.21905945e-01
 -1.64038889e+00 -6.53559913e-01
 -1.68381377e+00 -6.86707767e-01
 -1.71348603e+00 -7.21489040e-01
 -1.86295624e+00 -7.58059204e-01
 -1.78933870e+00 -7.96592034e-01
 -1.88213281e+00 -8.37282398e-01
 -2.01640008e+00 -8.80349536e-01
 -2.07837112e+00 -9.26040940e-01
 -2.02042825e+00 -9.74636954e-01
 -2.16763006e+00 -1.02645624e+00
 -2.24811265e+00 -1.08186227e+00
 -2.35353992e+00 -1.14127107e+00
 -2.48441316e+00 -1.20516041e+00
 -2.53752843e+00 -1.27408070e+00
 -2.60327477e+00 -1.34866776e+00
 -2.67870238e+00 -1.42965764e+00
 -2.86403647e+00 -1.51790332e+00
 -3.04172552e+00 -1.61439247e+00
 -3.28497898e+00 -1.72026453e+00
 -3.36597774e+00 -1.83682232e+00
 -3.78553518e+00 -1.96552836e+00
 -4.04219647e+00 -2.10796449e+00
 -4.34437367e+00 -2.26570882e+00
 -4.78746450e+00 -2.44002963e+00
 -5.29106354e+00 -2.63117085e+00
 -5.99122943e+00 -2.83670367e+00
 -6.78387445e+00 -3.04766054e+00
 -7.93482957e+00 -3.23913303e+00
 -9.41166725e+00 -3.34620870e+00
 -1.15838048e+01 -3.19864591e+00
 -1.47106584e+01 -2.33544243e+00
 -1.89336476e+01 4.90139760e-01
 -2.27874136e+01 7.88323007e+00
 -1.90789546e+01 1.92340701e+01
 -7.53989605e+00 2.29946330e+01
 3.40823952e-02 1.89949785e+01
 2.70851254e+00 1.45186716e+01
 3.54143700e+00 1.12948922e+01
 3.61186914e+00 9.08796941e+00
 3.52551323e+00 7.54257642e+00
 3.07573268e+00 6.42132856e+00
 2.86647087e+00 5.57953651e+00
 2.66585086e+00 4.92841222e+00
 2.44120950e+00 4.41183062e+00
 2.20473497e+00 3.99309414e+00
 2.07794667e+00 3.64741781e+00
 1.93155595e+00 3.35756204e+00
 1.82496773e+00 3.11121653e+00
 1.57734028e+00 2.89938386e+00
 1.48324127e+00 2.71535087e+00
 1.37122151e+00 2.55401611e+00
 1.25258273e+00 2.41143899e+00
 1.25183604e+00 2.28453080e+00
 1.26555265e+00 2.17083844e+00
 1.05715383e+00 2.06839033e+00
 1.00869373e+00 1.97558474e+00
 8.59975856e-01 1.89110757e+00
 8.12969928e-01 1.81387099e+00
 8.45285618e-01 1.74296703e+00
 7.26063720e-01 1.67763208e+00
 7.12094541e-01 1.61721946e+00
 5.76970112e-01 1.56117795e+00
 5.35256295e-01 1.50903483e+00
 4.26824379e-01 1.46038247e+00
 5.30823271e-01 1.41486750e+00
 5.26005817e-01 1.37218211e+00
 4.42468398e-01 1.33205689e+00
 4.07407905e-01 1.29425508e+00
 4.02739204e-01 1.25856770e+00
 2.23439672e-01 1.22480964e+00
 3.05803705e-01 1.19281628e+00
 2.36961758e-01 1.16244074e+00
 2.57290453e-01 1.13355153e+00
 3.55990451e-01 1.10603056e+00
 2.30761235e-01 1.07977146e+00
 1.78135980e-01 1.05467812e+00
 1.78463060e-01 1.03066347e+00
 8.07159335e-02 1.00764845e+00
 6.59921432e-02 9.85560995e-01
 6.45087263e-03 9.64335350e-01
 7.15695010e-02 9.43911302e-01
 -1.12810705e-02 9.24233604e-01
 7.89438892e-02 9.05251440e-01
 -1.06001054e-01 8.86917960e-01
 -7.27582608e-02 8.69189868e-01
 7.85689760e-02 8.52027063e-01
 -5.55126084e-02 8.35392312e-01
 -9.52008058e-02 8.19250973e-01
 -6.51775420e-02 8.03570730e-01
 -1.66376434e-01 7.88321372e-01
 -1.42390143e-01 7.73474589e-01
 -1.78615772e-01 7.59003782e-01
 -2.31472486e-01 7.44883903e-01
 -2.67252844e-01 7.31091304e-01
 -2.50834725e-01 7.17603597e-01
 -2.54222439e-01 7.04399534e-01
 -2.90304338e-01 6.91458889e-01
 -3.55372613e-01 6.78762356e-01
 -3.26918467e-01 6.66291454e-01
 -3.34579572e-01 6.54028433e-01
 -3.89146381e-01 6.41956196e-01
 -3.90158587e-01 6.30058217e-01
 -4.07610373e-01 6.18318472e-01
 -4.49469965e-01 6.06721366e-01
 -5.08705605e-01 5.95251668e-01
 -5.26148731e-01 5.83894453e-01
 -4.36108421e-01 5.72635034e-01
 -4.96057973e-01 5.61458908e-01
 -5.22177671e-01 5.50351699e-01
 -5.78379822e-01 5.39299100e-01
 -5.47774785e-01 5.28286818e-01
 -5.37993283e-01 5.17300522e-01
 -6.46294172e-01 5.06325785e-01
 -7.06274345e-01 4.95348029e-01
 -6.60046630e-01 4.84352472e-01
 -7.58006795e-01 4.73324074e-01
 -6.44286514e-01 4.62247475e-01
 -7.06346668e-01 4.51106947e-01
 -9.15022306e-01 4.39886329e-01
 -8.37023628e-01 4.28568976e-01
 -8.55542147e-01 4.17137704e-01
 -8.08577071e-01 4.05574732e-01
 -8.93041384e-01 3.93861634e-01
 -9.57166520e-01 3.81979291e-01
 -1.03316794e+00 3.69907857e-01
 -1.16140815e+00 3.57626730e-01
 -1.07746294e+00 3.45114542e-01
 -1.13329367e+00 3.32349176e-01
 -1.22240327e+00 3.19307821e-01
 -1.33454114e+00 3.05967063e-01
 -1.22632369e+00 2.92303063e-01
 -1.32959914e+00 2.78291822e-01
 -1.40163207e+00 2.63909579e-01
 -1.39896774e+00 2.49133411e-01
 -1.55518754e+00 2.33942086e-01
 -1.61699319e+00 2.18317302e-01
 -1.63462032e+00 2.02245453e-01
 -1.82363428e+00 1.85720154e-01
 -1.80313380e+00 1.68745853e-01
 -1.96884033e+00 1.51343021e-01
 -2.07445163e+00 1.33555635e-01
 -2.15915510e+00 1.15462074e-01
 -2.33413886e+00 9.71911011e-02
 -2.56555443e+00 7.89455879e-02
 -2.74402241e+00 6.10381671e-02
 -2.83098172e+00 4.39456274e-02
 -2.99552486e+00 2.83933218e-02
 -3.32059924e+00 1.54887258e-02
 -3.53437840e+00 6.93750762e-03
 -3.84130732e+00 5.40204998e-03
 -4.23915778e+00 1.51137581e-02
 -4.77666931e+00 4.29538336e-02
 -5.24010363e+00 1.00434006e-01
 -5.94713783e+00 2.07485110e-01
 -6.85614222e+00 4.00060085e-01
 -7.86599469e+00 7.46210439e-01
 -9.28154546e+00 1.38188494e+00
 -1.11360596e+01 2.59342826e+00
 -1.32328371e+01 4.99878822e+00
 -1.52247555e+01 9.78102145e+00
 -1.37373462e+01 1.76336639e+01
 -4.95083824e+00 2.32018791e+01
 4.00449882e+00 2.03026164e+01
 7.43216323e+00 1.47731628e+01
 7.93155534e+00 1.06741586e+01
 7.31941815e+00 8.05161726e+00
 6.53815227e+00 6.35923780e+00
 5.93634251e+00 5.22091797e+00
 5.41915937e+00 4.42103184e+00
 5.00318787e+00 3.83665947e+00
 4.57005779e+00 3.39537417e+00
 4.09742962e+00 3.05273272e+00
 3.72767849e+00 2.78036836e+00
 3.57580714e+00 2.55951695e+00
 3.28730711e+00 2.37736663e+00
 3.08063464e+00 2.22492195e+00
 2.95654719e+00 2.09570972e+00
 2.68780219e+00 1.98496953e+00
 2.60469957e+00 1.88913237e+00
 2.44509613e+00 1.80547620e+00
 2.36527743e+00 1.73189277e+00
 2.32335789e+00 1.66672657e+00
 2.06554675e+00 1.60866122e+00
 2.03580726e+00 1.55663819e+00
 2.00019881e+00 1.50979744e+00
 1.88929101e+00 1.46743362e+00
 1.76279487e+00 1.42896327e+00
 1.77113963e+00 1.39389992e+00
 1.71638463e+00 1.36183500e+00
 1.69351199e+00 1.33242305e+00
 1.51416484e+00 1.30537018e+00
 1.46883634e+00 1.28042488e+00
 1.44743847e+00 1.25737080e+00
 1.41157902e+00 1.23602088e+00
 1.39396973e+00 1.21621265e+00
 1.34305719e+00 1.19780439e+00
 1.36784591e+00 1.18067197e+00
 1.31490317e+00 1.16470627e+00
 1.25927122e+00 1.14981104e+00
 1.10298827e+00 1.13590111e+00
 1.14073612e+00 1.12290087e+00
 1.15581057e+00 1.11074304e+00
 1.05781341e+00 1.09936757e+00
 9.92632712e-01 1.08872080e+00
 9.82203538e-01 1.07875460e+00
 1.03066753e+00 1.06942581e+00
 1.09595025e+00 1.06069557e+00
 9.50280606e-01 1.05252895e+00
 8.42404658e-01 1.04489443e+00
 8.53681521e-01 1.03776360e+00
 7.97564840e-01 1.03111081e+00
 8.33491862e-01 1.02491293e+00
 8.58713102e-01 1.01914908e+00
 7.69657416e-01 1.01380044e+00
 7.18908068e-01 1.00885006e+00
 8.51461809e-01 1.00428273e+00
 8.19012751e-01 1.00008479e+00
 7.08023199e-01 9.96244060e-01
 6.52253741e-01 9.92749721e-01
 6.58723296e-01 9.89592210e-01
 6.44621699e-01 9.86763161e-01
 6.87671252e-01 9.84255331e-01
 6.62535754e-01 9.82062546e-01
 6.21043237e-01 9.80179656e-01
 6.07126056e-01 9.78602497e-01
 5.09124904e-01 9.77327861e-01
 5.44058039e-01 9.76353478e-01
 4.99145383e-01 9.75678001e-01
 5.82943826e-01 9.75300997e-01
 4.72450313e-01 9.75222957e-01
 3.84950784e-01 9.75445297e-01
 5.14938754e-01 9.75970377e-01
 4.95770245e-01 9.76801531e-01
 4.69010307e-01 9.77943091e-01
 3.73095313e-01 9.79400437e-01
 3.98223133e-01 9.81180046e-01
 4.01405012e-01 9.83289555e-01
 3.82375946e-01 9.85737833e-01
 4.37231298e-01 9.88535070e-01
 3.19319173e-01 9.91692881e-01
 2.91552754e-01 9.95224418e-01
 3.00076864e-01 9.99144514e-01
 2.35064275e-01 1.00346983e+00
 1.37300213e-01 1.00821906e+00
 2.29295055e-01 1.01341312e+00
 2.38304827e-01 1.01907538e+00
 1.98013654e-01 1.02523201e+00
 2.40219798e-01 1.03191222e+00
 1.23011527e-01 1.03914872e+00
 1.36215781e-01 1.04697810e+00
 6.08466062e-02 1.05544142e+00
 5.28099875e-02 1.06458474e+00
 3.17843842e-02 1.07445991e+00
 4.00923353e-02 1.08512536e+00
 1.05674373e-02 1.09664715e+00
 7.78116036e-03 1.10910014e+00
 1.00461761e-02 1.12256945e+00
 -5.56050136e-02 1.13715214e+00
 -8.71595479e-02 1.15295938e+00
 -2.37042912e-01 1.17011890e+00
 -1.59674878e-01 1.18877818e+00
 -2.30969063e-01 1.20910825e+00
 -2.85956570e-01 1.23130846e+00
 -2.73616845e-01 1.25561248e+00
 -3.21541663e-01 1.28229575e+00
 -4.20250629e-01 1.31168512e+00
 -4.95252112e-01 1.34417107e+00
 -4.40382018e-01 1.38022364e+00
 -5.76218305e-01 1.42041335e+00
 -6.17347525e-01 1.46543883e+00
 -7.09147790e-01 1.51616402e+00
 -7.32963043e-01 1.57366888e+00
 -8.39739697e-01 1.63931937e+00
 -9.75577050e-01 1.71486603e+00
 -1.07984000e+00 1.80258492e+00
 -1.20991871e+00 1.90548361e+00
 -1.20844659e+00 2.02760860e+00
 -1.45270061e+00 2.17451544e+00
 -1.63414017e+00 2.35400699e+00
 -1.82050259e+00 2.57732650e+00
 -2.02683112e+00 2.86114613e+00
 -2.40879379e+00 3.23098708e+00
 -2.56118251e+00 3.72727240e+00
 -2.90288100e+00 4.41620738e+00
 -3.25652303e+00 5.40878520e+00
 -3.38396965e+00 6.88770902e+00
 -3.07059893e+00 9.10033900e+00
 -1.34019636e+00 1.20287530e+01
 3.39234446e+00 1.39385998e+01
 8.78170091e+00 1.14937094e+01
 1.03514063e+01 6.76378963e+00
 9.44791654e+00 3.49246580e+00
 8.00956506e+00 1.79560839e+00
 6.77380760e+00 9.51957992e-01
 5.79154409e+00 5.23994730e-01
 5.16675848e+00 3.02269640e-01
 4.62060530e+00 1.87451238e-01
 4.10882507e+00 1.30480225e-01
 3.74428281e+00 1.05919080e-01
 3.50282856e+00 9.99689728e-02
 3.21020499e+00 1.04849053e-01
 3.06005879e+00 1.16029922e-01
 2.81790249e+00 1.30807728e-01
 2.68836657e+00 1.47537945e-01
 2.48868622e+00 1.65208177e-01
 2.46524804e+00 1.83192153e-01
 2.21656034e+00 2.01104019e-01
 2.26235300e+00 2.18709903e-01
 2.17262117e+00 2.35873094e-01
 2.00829973e+00 2.52519440e-01
 2.00357752e+00 2.68615169e-01
 1.95315616e+00 2.84152498e-01
 1.91928696e+00 2.99140196e-01
 1.80109734e+00 3.13597356e-01
 1.76395526e+00 3.27549264e-01
 1.81168828e+00 3.41024652e-01
 1.65618656e+00 3.54053888e-01
 1.74174250e+00 3.66667779e-01
 1.64878020e+00 3.78896806e-01
 1.58666761e+00 3.90770637e-01
 1.52817660e+00 4.02317842e-01
 1.57917546e+00 4.13565731e-01
 1.43349115e+00 4.24540289e-01
 1.50054078e+00 4.35266165e-01
 1.52892496e+00 4.45766703e-01
 1.53511819e+00 4.56063997e-01
 1.43893853e+00 4.66178958e-01
 1.41045441e+00 4.76131396e-01
 1.37006396e+00 4.85940098e-01
 1.35003526e+00 4.95622915e-01
 1.35395487e+00 5.05196845e-01
 1.28031220e+00 5.14678107e-01
 1.33526062e+00 5.24082226e-01
 1.24365141e+00 5.33424103e-01
 1.36229423e+00 5.42718084e-01
 1.37102708e+00 5.51978031e-01
 1.25200319e+00 5.61217385e-01
 1.33901777e+00 5.70449223e-01
 1.09263871e+00 5.79686324e-01
 1.20506390e+00 5.88941217e-01
 1.22200084e+00 5.98226240e-01
 1.23907912e+00 6.07553590e-01
 1.16196779e+00 6.16935377e-01
 1.22728389e+00 6.26383667e-01
 1.14193162e+00 6.35910540e-01
 1.14728009e+00 6.45528131e-01
 1.11102440e+00 6.55248685e-01
 1.14745030e+00 6.65084602e-01
 1.14871981e+00 6.75048491e-01
 1.10874163e+00 6.85153216e-01
 1.17663682e+00 6.95411957e-01
 1.12422102e+00 7.05838258e-01
 1.14954126e+00 7.16446086e-01
 1.08831224e+00 7.27249896e-01
 1.15806310e+00 7.38264690e-01
 1.05718662e+00 7.49506087e-01
 1.09472190e+00 7.60990397e-01
 1.13562012e+00 7.72734701e-01
 1.04016494e+00 7.84756932e-01
 1.16654673e+00 7.97075969e-01
 1.09486866e+00 8.09711740e-01
 1.10866585e+00 8.22685328e-01
 1.08739302e+00 8.36019093e-01
 1.01097244e+00 8.49736806e-01
 1.02437859e+00 8.63863790e-01
 1.12544231e+00 8.78427091e-01
 1.16732373e+00 8.93455650e-01
 1.09756368e+00 9.08980507e-01
 1.03454758e+00 9.25035025e-01
 1.08322437e+00 9.41655139e-01
 1.08162224e+00 9.58879640e-01
 1.09598716e+00 9.76750492e-01
 1.16063889e+00 9.95313190e-01
 1.06770134e+00 1.01461717e+00
 1.14823744e+00 1.03471625e+00
 1.08978339e+00 1.05566920e+00
 1.14595775e+00 1.07754030e+00
 1.10178422e+00 1.10040004e+00
 1.13057048e+00 1.12432593e+00
 1.10011086e+00 1.14940339e+00
 1.14709945e+00 1.17572685e+00
 1.12108994e+00 1.20340091e+00
 1.09351881e+00 1.23254187e+00
 1.17711097e+00 1.26327933e+00
 1.16892421e+00 1.29575825e+00
 1.21320880e+00 1.33014122e+00
 1.15215522e+00 1.36661129e+00
 1.21282108e+00 1.40537528e+00
 1.18873856e+00 1.44666771e+00
 1.18606209e+00 1.49075568e+00
 1.21230009e+00 1.53794460e+00
 1.17864346e+00 1.58858528e+00
 1.20301879e+00 1.64308265e+00
 1.32052823e+00 1.70190643e+00
 1.25980383e+00 1.76560447e+00
 1.28388288e+00 1.83481937e+00
 1.30139944e+00 1.91030953e+00
 1.38407604e+00 1.99297575e+00
 1.40085608e+00 2.08389539e+00
 1.46701472e+00 2.18436635e+00
 1.46542142e+00 2.29596415e+00
 1.55568362e+00 2.42061664e+00
 1.64552233e+00 2.56070204e+00
 1.72000909e+00 2.71917788e+00
 1.78282686e+00 2.89974990e+00
 2.00094089e+00 3.10708935e+00
 2.07645795e+00 3.34710052e+00
 2.26211092e+00 3.62721308e+00
 2.64955958e+00 3.95658700e+00
 2.96925118e+00 4.34585371e+00
 3.49961851e+00 4.80521250e+00
 4.22470038e+00 5.33719722e+00
 5.34651587e+00 5.91245156e+00
 7.03373562e+00 6.39195919e+00
 9.76025124e+00 6.29794239e+00
 1.31855945e+01 4.37865595e+00
 1.54478680e+01 -6.82361214e-01
 1.32012236e+01 -6.15474223e+00
 8.90223177e+00 -8.17806594e+00
 5.66654522e+00 -7.82985820e+00
 3.86097423e+00 -6.85168708e+00
 2.74819641e+00 -5.88701323e+00
 2.06956787e+00 -5.07534127e+00
 1.70270823e+00 -4.41687455e+00
 1.49275664e+00 -3.88381409e+00
 1.24834488e+00 -3.44838179e+00
 1.15897119e+00 -3.08829970e+00
 1.04066850e+00 -2.78671029e+00
 1.00547193e+00 -2.53102750e+00
 9.75672211e-01 -2.31182707e+00
 9.33799512e-01 -2.12198605e+00
 9.64280692e-01 -1.95605697e+00
 9.29877515e-01 -1.80982169e+00
 8.46343036e-01 -1.67997366e+00
 8.56594028e-01 -1.56389038e+00
 8.94835174e-01 -1.45946887e+00
 8.59169665e-01 -1.36500529e+00
 8.28136538e-01 -1.27910596e+00
 6.95175865e-01 -1.20062075e+00
 8.37921430e-01 -1.12859265e+00
 7.84039624e-01 -1.06221929e+00
 8.04014770e-01 -1.00082311e+00
 7.70331947e-01 -9.43828184e-01
 8.09655970e-01 -8.90741897e-01
 7.30930524e-01 -8.41140491e-01
 8.07627561e-01 -7.94657432e-01
 7.68619475e-01 -7.50974070e-01
 8.13331509e-01 -7.09812042e-01
 8.00641684e-01 -6.70927070e-01
 8.23016238e-01 -6.34103859e-01
 8.06476065e-01 -5.99151875e-01
 8.17554937e-01 -5.65901836e-01
 8.60829670e-01 -5.34202774e-01
 8.37168497e-01 -5.03919562e-01
 9.08339217e-01 -4.74930835e-01
 8.47892665e-01 -4.47127216e-01
 9.00026625e-01 -4.20409806e-01
 9.14060548e-01 -3.94688893e-01
 9.10650207e-01 -3.69882843e-01
 8.82556889e-01 -3.45917139e-01
 8.28945071e-01 -3.22723551e-01
 8.76806690e-01 -3.00239415e-01
 8.11321328e-01 -2.78407001e-01
 9.34541951e-01 -2.57172960e-01
 9.18658922e-01 -2.36487841e-01
 9.07436700e-01 -2.16305658e-01
 9.84383531e-01 -1.96583515e-01
 8.98458254e-01 -1.77281261e-01
 9.49967323e-01 -1.58361197e-01
 9.71319353e-01 -1.39787798e-01
 9.69334268e-01 -1.21527473e-01
 8.97913601e-01 -1.03548346e-01
 9.93503304e-01 -8.58200523e-02
 9.74581431e-01 -6.83135572e-02
 1.00802704e+00 -5.10009890e-02
 9.63639045e-01 -3.38554820e-02
 1.09856419e+00 -1.68510335e-02
 1.00070692e+00 3.76324807e-05
 1.02036458e+00 1.68351924e-02
 1.02406868e+00 3.35658445e-02
 1.06476075e+00 5.02534256e-02
 1.03469795e+00 6.69215231e-02
 1.07619600e+00 8.35935856e-02
 1.08349847e+00 1.00293031e-01
 1.09282757e+00 1.17043354e-01
 1.04131419e+00 1.33868235e-01
 1.17283981e+00 1.50791651e-01
 1.05872897e+00 1.67837983e-01
 1.13523532e+00 1.85032140e-01
 1.14256371e+00 2.02399673e-01
 1.18217771e+00 2.19966907e-01
 1.21762147e+00 2.37761072e-01
 1.13657873e+00 2.55810447e-01
 1.25700985e+00 2.74144514e-01
 1.26262228e+00 2.92794126e-01
 1.17283173e+00 3.11791683e-01
 1.16537666e+00 3.31171331e-01
 1.24337912e+00 3.50969176e-01
 1.22756031e+00 3.71223522e-01
 1.34824987e+00 3.91975133e-01
 1.28989290e+00 4.13267522e-01
 1.35650354e+00 4.35147278e-01
 1.36422525e+00 4.57664426e-01
 1.28825336e+00 4.80872833e-01
 1.36824893e+00 5.04830663e-01
 1.55883536e+00 5.29600896e-01
 1.48186090e+00 5.55251906e-01
 1.52814745e+00 5.81858124e-01
 1.57823895e+00 6.09500789e-01
 1.59439435e+00 6.38268802e-01
 1.71411010e+00 6.68259711e-01
 1.60435315e+00 6.99580825e-01
 1.71715624e+00 7.32350508e-01
 1.75747981e+00 7.66699657e-01
 1.90991829e+00 8.02773412e-01
 1.88646856e+00 8.40733125e-01
 1.98226265e+00 8.80758639e-01
 1.93008655e+00 9.23050916e-01
 2.00264915e+00 9.67835070e-01
 2.04906516e+00 1.01536387e+00
 2.19272368e+00 1.06592175e+00
 2.19201218e+00 1.11982936e+00
 2.41120188e+00 1.17744873e+00
 2.39256038e+00 1.23918890e+00
 2.47532605e+00 1.30551194e+00
 2.68068532e+00 1.37693896e+00
 2.83608800e+00 1.45405527e+00
 2.93167415e+00 1.53751329e+00
 3.06158117e+00 1.62803009e+00
 3.22207442e+00 1.72637445e+00
 3.53490524e+00 1.83333283e+00
 3.73477198e+00 1.94963507e+00
 4.06719374e+00 2.07580192e+00
 4.45030660e+00 2.21184010e+00
 4.89721840e+00 2.35663337e+00
 5.40796293e+00 2.50671221e+00
 5.99432840e+00 2.65371046e+00
 6.81642091e+00 2.77894232e+00
 7.95605630e+00 2.84140778e+00
 9.23145272e+00 2.75027821e+00
 1.12003722e+01 2.30046932e+00
 1.38752211e+01 1.02857874e+00
 1.68166486e+01 -2.01525313e+00
 1.84320690e+01 -7.96338706e+00
 1.51782547e+01 -1.51483867e+01
 7.77312596e+00 -1.80239364e+01
 2.14444955e+00 -1.62495248e+01
 -7.90662514e-01 -1.33196481e+01
 -1.94958884e+00 -1.08059692e+01
 -2.43230557e+00 -8.90725461e+00
 -2.46823370e+00 -7.49760930e+00
 -2.41485095e+00 -6.43674835e+00
 -2.18370981e+00 -5.62100340e+00
 -2.13158548e+00 -4.97968552e+00
 -2.01578282e+00 -4.46505549e+00
 -1.84774178e+00 -4.04447191e+00
 -1.67523497e+00 -3.69517853e+00
 -1.55745952e+00 -3.40097302e+00
 -1.39807945e+00 -3.15007976e+00
 -1.39138051e+00 -2.93377400e+00
 -1.24733421e+00 -2.74547583e+00
 -1.13705740e+00 -2.58014210e+00
 -1.16239385e+00 -2.43385021e+00
 -9.81101911e-01 -2.30350813e+00
 -1.04797563e+00 -2.18664865e+00
 -8.92904355e-01 -2.08128118e+00
 -7.17808216e-01 -1.98578331e+00
 -7.50540930e-01 -1.89882031e+00
 -6.51385046e-01 -1.81928473e+00
 -7.21988658e-01 -1.74625042e+00
 -5.45414413e-01 -1.67893719e+00
 -5.61748232e-01 -1.61668334e+00
 -4.89991274e-01 -1.55892414e+00
 -4.68213086e-01 -1.50517483e+00
 -3.76493962e-01 -1.45501696e+00
 -3.30237196e-01 -1.40808751e+00
 -4.19944820e-01 -1.36407004e+00
 -3.86853320e-01 -1.32268743e+00
 -3.16831203e-01 -1.28369600e+00
 -2.71490520e-01 -1.24688059e+00
 -1.91002516e-01 -1.21205051e+00
 -2.28914578e-01 -1.17903614e+00
 -2.69067972e-01 -1.14768609e+00
 -1.73324044e-01 -1.11786477e+00
 -1.73842232e-01 -1.08945042e+00
 -1.15126455e-01 -1.06233329e+00
 -1.00517250e-01 -1.03641425e+00
 -4.45450510e-02 -1.01160345e+00
 -2.67566531e-02 -9.87819270e-01
 7.86207935e-02 -9.64987355e-01
 6.33972254e-02 -9.43039803e-01
 2.73235248e-03 -9.21914448e-01
 4.01401598e-02 -9.01554241e-01
 8.95524190e-02 -8.81906700e-01
 1.41299539e-02 -8.62923433e-01
 7.44219173e-02 -8.44559717e-01
 8.53835982e-02 -8.26774119e-01
 2.12382103e-01 -8.09528169e-01
 1.82941653e-01 -7.92786067e-01
 2.07734618e-01 -7.76514415e-01
 1.74145688e-01 -7.60681986e-01
 2.55462303e-01 -7.45259514e-01
 2.75647099e-01 -7.30219499e-01
 3.01660929e-01 -7.15536045e-01
 3.19716665e-01 -7.01184697e-01
 3.23709053e-01 -6.87142306e-01
 2.70964908e-01 -6.73386897e-01
 3.84805414e-01 -6.59897557e-01
 4.19082327e-01 -6.46654322e-01
 3.85315075e-01 -6.33638083e-01
 3.56628268e-01 -6.20830493e-01
 5.00706259e-01 -6.08213881e-01
 4.18791377e-01 -5.95771175e-01
 5.03362009e-01 -5.83485829e-01
 4.91538340e-01 -5.71341749e-01
 6.26529187e-01 -5.59323231e-01
 5.46701558e-01 -5.47414897e-01
 5.40611792e-01 -5.35601638e-01
 6.00215939e-01 -5.23868550e-01
 6.03175291e-01 -5.12200888e-01
 6.26495104e-01 -5.00584005e-01
 7.30989908e-01 -4.89003304e-01
 6.27004941e-01 -4.77444187e-01
 7.50587413e-01 -4.65892005e-01
 7.94091238e-01 -4.54332011e-01
 7.06730221e-01 -4.42749311e-01
 7.85342801e-01 -4.31128823e-01
 7.79133821e-01 -4.19455229e-01
 8.33126746e-01 -4.07712937e-01
 8.77156605e-01 -3.95886042e-01
 8.64512424e-01 -3.83958291e-01
 9.59197744e-01 -3.71913056e-01
 8.59511815e-01 -3.59733313e-01
 1.01627011e+00 -3.47401633e-01
 1.05934546e+00 -3.34900184e-01
 1.18557615e+00 -3.22210757e-01
 1.11646551e+00 -3.09314814e-01
 1.10586817e+00 -2.96193574e-01
 1.16903179e+00 -2.82828144e-01
 1.31719219e+00 -2.69199719e-01
 1.36266096e+00 -2.55289857e-01
 1.36710527e+00 -2.41080890e-01
 1.40229796e+00 -2.26556469e-01
 1.42679363e+00 -2.11702347e-01
 1.58747058e+00 -1.96507443e-01
 1.53390951e+00 -1.80965314e-01
 1.64617607e+00 -1.65076186e-01
 1.82240709e+00 -1.48849767e-01
 1.92842275e+00 -1.32309145e-01
 1.95981111e+00 -1.15496232e-01
 2.07482791e+00 -9.84794133e-02
 2.12878553e+00 -8.13643783e-02
 2.23502689e+00 -6.43095932e-02
 2.45992342e+00 -4.75486484e-02
 2.58960021e+00 -3.14229156e-02
 2.79525186e+00 -1.64299223e-02
 2.91479062e+00 -3.29610337e-03
 3.16603222e+00 6.91190787e-03
 3.36910669e+00 1.26137550e-02
 3.63714302e+00 1.14389646e-02
 4.04061407e+00 -2.23928662e-04
 4.39397883e+00 -2.79827258e-02
 4.83152647e+00 -8.07449425e-02
 5.34904667e+00 -1.73041175e-01
 6.04812815e+00 -3.29314154e-01
 6.79147061e+00 -5.92125478e-01
 7.91938764e+00 -1.03837019e+00
 9.13010152e+00 -1.81181202e+00
 1.06484559e+01 -3.18574124e+00
 1.23056459e+01 -5.65500067e+00
 1.32135611e+01 -9.87773611e+00
 1.10903796e+01 -1.55685816e+01
 4.99788011e+00 -1.92372014e+01
 -1.51271576e+00 -1.79117241e+01
 -5.08419135e+00 -1.42454412e+01
 -6.11924772e+00 -1.09386288e+01
 -6.16945438e+00 -8.54450131e+00
 -5.82240325e+00 -6.87887627e+00
 -5.46371202e+00 -5.70494644e+00
 -4.94006665e+00 -4.85477809e+00
 -4.55167660e+00 -4.22100116e+00
 -4.19020138e+00 -3.73568018e+00
 -3.81661309e+00 -3.35509206e+00
 -3.56156178e+00 -3.05037756e+00
 -3.39732661e+00 -2.80197360e+00
 -3.09741187e+00 -2.59627500e+00
 -2.94387609e+00 -2.42359347e+00
 -2.93299500e+00 -2.27687989e+00
 -2.64269484e+00 -2.15090459e+00
 -2.46107089e+00 -2.04171902e+00
 -2.42073253e+00 -1.94629431e+00
 -2.30635297e+00 -1.86227354e+00
 -2.09254164e+00 -1.78779863e+00
 -2.07863328e+00 -1.72138741e+00
 -1.97103321e+00 -1.66184472e+00
 -1.80357602e+00 -1.60819729e+00
 -1.78979394e+00 -1.55964537e+00
 -1.66212935e+00 -1.51552631e+00
 -1.76256818e+00 -1.47528680e+00
 -1.66063549e+00 -1.43846160e+00
 -1.55622500e+00 -1.40465689e+00
 -1.47081849e+00 -1.37353733e+00
 -1.51582388e+00 -1.34481570e+00
 -1.46492164e+00 -1.31824476e+00
 -1.30577669e+00 -1.29361059e+00
 -1.24118173e+00 -1.27072726e+00
 -1.25504337e+00 -1.24943252e+00
 -1.13403651e+00 -1.22958415e+00
 -1.29750740e+00 -1.21105707e+00
 -1.10561269e+00 -1.19374090e+00
 -1.09882795e+00 -1.17753787e+00
 -1.19496703e+00 -1.16236117e+00
 -1.10240540e+00 -1.14813346e+00
 -9.92488074e-01 -1.13478572e+00
 -9.79996678e-01 -1.12225614e+00
 -9.56696138e-01 -1.11048930e+00
 -9.86647482e-01 -1.09943538e+00
 -8.13825917e-01 -1.08904955e+00
 -9.37356387e-01 -1.07929136e+00
 -8.64090421e-01 -1.07012432e+00
 -8.38266995e-01 -1.06151544e+00
 -7.83906594e-01 -1.05343489e+00
 -8.34696115e-01 -1.04585567e+00
 -8.40609097e-01 -1.03875337e+00
 -6.90670814e-01 -1.03210586e+00
 -7.29704483e-01 -1.02589318e+00
 -6.85751447e-01 -1.02009728e+00
 -6.44751217e-01 -1.01470186e+00
 -6.40858941e-01 -1.00969231e+00
 -6.13502215e-01 -1.00505549e+00
 -6.30173453e-01 -1.00077970e+00
 -6.87639113e-01 -9.96854522e-01
 -5.82392669e-01 -9.93270810e-01
 -5.90280761e-01 -9.90020576e-01
 -5.21882032e-01 -9.87096947e-01
 -5.75517176e-01 -9.84494120e-01
 -5.46187114e-01 -9.82207323e-01
 -5.53467681e-01 -9.80232787e-01
 -4.36208298e-01 -9.78567723e-01
 -4.26063665e-01 -9.77210311e-01
 -3.99073686e-01 -9.76159697e-01
 -4.71309065e-01 -9.75415993e-01
 -3.25601450e-01 -9.74980293e-01
 -4.51934970e-01 -9.74854688e-01
 -4.16472146e-01 -9.75042297e-01
 -3.41990894e-01 -9.75547306e-01
 -2.48358147e-01 -9.76375013e-01
 -2.68422482e-01 -9.77531890e-01
 -2.08831951e-01 -9.79025651e-01
 -2.17525461e-01 -9.80865337e-01
 -2.07625036e-01 -9.83061414e-01
 -1.90352321e-01 -9.85625891e-01
 -2.67781066e-01 -9.88572450e-01
 -1.60276274e-01 -9.91916607e-01
 -5.55562105e-02 -9.95675891e-01
 -1.81583869e-01 -9.99870053e-01
 -1.25598428e-01 -1.00452131e+00
 -1.30809222e-01 -1.00965465e+00
 -4.79032027e-02 -1.01529810e+00
 -1.60405814e-01 -1.02148319e+00
 -8.06718108e-02 -1.02824536e+00
 1.12563133e-01 -1.03562448e+00
 1.37057275e-02 -1.04366548e+00
 -2.07613453e-02 -1.05241910e+00
 1.79395013e-02 -1.06194271e+00
 8.27946725e-02 -1.07230138e+00
 8.44615958e-02 -1.08356909e+00
 1.52496059e-01 -1.09583022e+00
 1.48507788e-01 -1.10918129e+00
 3.19997139e-01 -1.12373316e+00
 2.41135251e-01 -1.13961363e+00
 3.62474912e-01 -1.15697070e+00
 2.31012134e-01 -1.17597652e+00
 3.15386161e-01 -1.19683236e+00
 4.31711813e-01 -1.21977485e+00
 5.25513596e-01 -1.24508381e+00
 5.26381862e-01 -1.27309227e+00
 5.71354144e-01 -1.30419933e+00
 6.57770148e-01 -1.33888686e+00
 7.07128789e-01 -1.37774145e+00
 6.96888238e-01 -1.42148353e+00
 7.85276728e-01 -1.47100646e+00
 7.71401503e-01 -1.52742987e+00
 1.00850088e+00 -1.59217326e+00
 1.03752364e+00 -1.66705937e+00
 1.25538813e+00 -1.75446178e+00
 1.27398188e+00 -1.85751941e+00
 1.49275433e+00 -1.98045493e+00
 1.67722694e+00 -2.12905701e+00
 1.77666995e+00 -2.31142797e+00
 1.94508998e+00 -2.53916972e+00
 2.34615851e+00 -2.82930758e+00
 2.37521100e+00 -3.20746827e+00
 2.82383402e+00 -3.71315945e+00
 3.07496886e+00 -4.40828621e+00
 3.36998730e+00 -5.38903025e+00
 3.32420377e+00 -6.79220013e+00
 2.88847917e+00 -8.74119648e+00
 1.20690148e+00 -1.10250431e+01
 -2.47741442e+00 -1.23284883e+01
 -6.42152358e+00 -1.08435695e+01
 -8.46365783e+00 -7.56060370e+00
 -8.40281246e+00 -4.74652670e+00
 -7.55447399e+00 -2.96951715e+00
 -6.54754563e+00 -1.93394805e+00
 -5.77731716e+00 -1.32980589e+00
 -5.05437089e+00 -9.68688478e-01
 -4.69340702e+00 -7.47021101e-01
 -4.32334104e+00 -6.07984404e-01
 -3.83900986e+00 -5.19572328e-01
 -3.61833810e+00 -4.63138240e-01
 -3.32741219e+00 -4.27447696e-01
 -3.15972958e+00 -4.05519176e-01
 -2.90744914e+00 -3.92892493e-01
 -2.81599420e+00 -3.86648156e-01
 -2.69872670e+00 -3.84834295e-01
 -2.53640326e+00 -3.86121867e-01
 -2.44199944e+00 -3.89591611e-01
 -2.33371627e+00 -3.94599196e-01
 -2.30385578e+00 -4.00687982e-01
 -2.06342829e+00 -4.07531464e-01
 -2.05280855e+00 -4.14894607e-01
 -2.08689690e+00 -4.22607465e-01
 -1.95106355e+00 -4.30546907e-01
 -1.83631476e+00 -4.38623794e-01
 -1.91050714e+00 -4.46773875e-01
 -1.72304039e+00 -4.54951252e-01
 -1.79396682e+00 -4.63123646e-01
 -1.64299179e+00 -4.71268929e-01
 -1.66753671e+00 -4.79372581e-01
 -1.66841348e+00 -4.87425788e-01
 -1.58853488e+00 -4.95424039e-01
 -1.51815198e+00 -5.03366060e-01
 -1.53526232e+00 -5.11253017e-01
 -1.49613856e+00 -5.19087916e-01
 -1.55240649e+00 -5.26875143e-01
 -1.43844259e+00 -5.34620118e-01
 -1.45528086e+00 -5.42329036e-01
 -1.44627965e+00 -5.50008664e-01
 -1.49688159e+00 -5.57666194e-01
 -1.30774749e+00 -5.65309130e-01
 -1.36602803e+00 -5.72945210e-01
 -1.30965839e+00 -5.80582342e-01
 -1.30456429e+00 -5.88228564e-01
 -1.23991847e+00 -5.95892015e-01
 -1.35449591e+00 -6.03580920e-01
 -1.30543876e+00 -6.11303582e-01
 -1.25429765e+00 -6.19068377e-01
 -1.17530576e+00 -6.26883763e-01
 -1.32892101e+00 -6.34758287e-01
 -1.19794041e+00 -6.42700598e-01
 -1.23981096e+00 -6.50719461e-01
 -1.15917388e+00 -6.58823781e-01
 -1.12771020e+00 -6.67022619e-01
 -1.18918151e+00 -6.75325220e-01
 -1.27708684e+00 -6.83741036e-01
 -1.04541854e+00 -6.92279757e-01
 -1.13346257e+00 -7.00951340e-01
 -1.16812969e+00 -7.09766041e-01
 -1.07566895e+00 -7.18734452e-01
 -1.15877749e+00 -7.27867540e-01
 -1.10641229e+00 -7.37176684e-01
 -1.09502329e+00 -7.46673721e-01
 -1.20187787e+00 -7.56370994e-01
 -1.08836884e+00 -7.66281403e-01
 -1.09964141e+00 -7.76418458e-01
 -1.19914224e+00 -7.86796342e-01
 -1.09583553e+00 -7.97429976e-01
 -1.02880342e+00 -8.08335087e-01
 -1.02633883e+00 -8.19528289e-01
 -1.09744089e+00 -8.31027167e-01
 -9.83164397e-01 -8.42850371e-01
 -1.14165746e+00 -8.55017720e-01
 -9.36124788e-01 -8.67550311e-01
 -1.14607680e+00 -8.80470652e-01
 -1.06247698e+00 -8.93802795e-01
 -1.01705322e+00 -9.07572491e-01
 -1.08143763e+00 -9.21807366e-01
 -1.05575352e+00 -9.36537111e-01
 -1.03044699e+00 -9.51793695e-01
 -1.09816064e+00 -9.67611611e-01
 -1.02787895e+00 -9.84028139e-01
 -1.06789861e+00 -1.00108366e+00
 -1.02244212e+00 -1.01882200e+00
 -1.01590661e+00 -1.03729080e+00
 -9.63081394e-01 -1.05654201e+00
 -1.05770539e+00 -1.07663233e+00
 -1.03839140e+00 -1.09762385e+00
 -1.07507885e+00 -1.11958467e+00
 -1.02566069e+00 -1.14258967e+00
 -1.10608500e+00 -1.16672141e+00
 -1.11952975e+00 -1.19207112e+00
 -1.17625908e+00 -1.21873989e+00
 -1.09126790e+00 -1.24684007e+00
 -1.06038027e+00 -1.27649684e+00
 -1.00963991e+00 -1.30785011e+00
 -1.14883734e+00 -1.34105681e+00
 -1.09019442e+00 -1.37629343e+00
 -1.10726491e+00 -1.41375927e+00
 -1.05068368e+00 -1.45368014e+00
 -1.12562949e+00 -1.49631288e+00
 -1.19614259e+00 -1.54195088e+00
 -1.08830593e+00 -1.59093064e+00
 -1.18580930e+00 -1.64363993e+00
 -1.14160467e+00 -1.70052769e+00
 -1.33851351e+00 -1.76211635e+00
 -1.20445393e+00 -1.82901710e+00
 -1.27092875e+00 -1.90194897e+00
 -1.27949519e+00 -1.98176291e+00
 -1.38368336e+00 -2.06947210e+00
 -1.34909774e+00 -2.16629063e+00
 -1.43164447e+00 -2.27368274e+00
 -1.44717123e+00 -2.39342572e+00
 -1.51338186e+00 -2.52769000e+00
 -1.61211384e+00 -2.67914006e+00
 -1.76466185e+00 -2.85105827e+00
 -1.83908126e+00 -3.04748829e+00
 -2.00164913e+00 -3.27337761e+00
 -2.23506177e+00 -3.53465346e+00
 -2.45476307e+00 -3.83804438e+00
 -2.75816722e+00 -4.19013553e+00
 -3.26491225e+00 -4.59426756e+00
 -3.85615587e+00 -5.04147919e+00
 -4.89437155e+00 -5.48518869e+00
 -6.56793998e+00 -5.77384537e+00
 -8.69438443e+00 -5.49900839e+00
 -1.12260316e+01 -3.84386505e+00
 -1.27930320e+01 -2.51203656e-01
 -1.16188401e+01 3.70467837e+00
 -8.81875663e+00 5.78918255e+00
 -6.29166947e+00 6.11847180e+00
 -4.53584556e+00 5.69130546e+00
 -3.45788122e+00 5.07774948e+00
 -2.79962983e+00 4.48336522e+00
 -2.18472046e+00 3.96304100e+00
 -1.94378965e+00 3.52144107e+00
 -1.66894176e+00 3.14909300e+00
 -1.43796751e+00 2.83417792e+00
 -1.28631034e+00 2.56600678e+00
 -1.24652353e+00 2.33576474e+00
 -1.12678105e+00 2.13641574e+00
 -1.14994176e+00 1.96239944e+00
 -1.13599824e+00 1.80932168e+00
 -1.11201172e+00 1.67369352e+00
 -1.07006752e+00 1.55272557e+00
 -9.77129525e-01 1.44417012e+00
 -9.89103452e-01 1.34620110e+00
 -1.04625842e+00 1.25732294e+00
 -1.04336062e+00 1.17630105e+00
 -9.82466100e-01 1.10210864e+00
 -1.00543900e+00 1.03388557e+00
 -8.39358348e-01 9.70906448e-01
 -9.16333529e-01 9.12555573e-01
 -8.87351378e-01 8.58307223e-01
 -8.69082562e-01 8.07709933e-01
 -1.00399765e+00 7.60373930e-01
 -8.89767444e-01 7.15960990e-01
 -8.95776250e-01 6.74176211e-01
 -8.80625344e-01 6.34761291e-01
 -8.11289190e-01 5.97489007e-01
 -9.22552222e-01 5.62158647e-01
 -9.81544859e-01 5.28592216e-01
 -8.87372883e-01 4.96631271e-01
 -9.03050842e-01 4.66134258e-01
 -9.63258929e-01 4.36974265e-01
 -9.58407015e-01 4.09037126e-01
 -1.00956050e+00 3.82219797e-01
 -9.01301248e-01 3.56428975e-01
 -8.88780544e-01 3.31579909e-01
 -8.86586043e-01 3.07595377e-01
 -9.26468566e-01 2.84404801e-01
 -9.79938524e-01 2.61943479e-01
 -8.85392159e-01 2.40151914e-01
 -9.35815290e-01 2.18975229e-01
 -9.40569758e-01 1.98362653e-01
 -1.00616995e+00 1.78267068e-01
 -9.32593350e-01 1.58644608e-01
 -1.00182804e+00 1.39454306e-01
 -9.46184263e-01 1.20657773e-01
 -9.91890875e-01 1.02218921e-01
 -9.84314064e-01 8.41037041e-02
 -9.97822478e-01 6.62798904e-02
 -1.04834840e+00 4.87168561e-02
 -9.46433698e-01 3.13853952e-02
 -1.06743413e+00 1.42575473e-02
 -1.03114586e+00 -2.69356213e-03
 -1.05008835e+00 -1.94938682e-02
 -9.46408296e-01 -3.61685040e-02
 -1.17208520e+00 -5.27419294e-02
 -1.02054748e+00 -6.92380520e-02
 -1.10521741e+00 -8.56803435e-02
 -1.05259876e+00 -1.02091950e-01
 -1.04470893e+00 -1.18495802e-01
 -1.08675510e+00 -1.34914714e-01
 -1.17493190e+00 -1.51371497e-01
 -1.12795683e+00 -1.67889053e-01
 -1.14473884e+00 -1.84490485e-01
 -1.06503078e+00 -2.01199200e-01
 -1.18807391e+00 -2.18039017e-01
 -1.23254322e+00 -2.35034277e-01
 -1.24038743e+00 -2.52209965e-01
 -1.12835189e+00 -2.69591822e-01
 -1.14299851e+00 -2.87206484e-01
 -1.27605441e+00 -3.05081610e-01
 -1.28138542e+00 -3.23246036e-01
 -1.28435037e+00 -3.41729929e-01
 -1.30678202e+00 -3.60564959e-01
 -1.33152593e+00 -3.79784486e-01
 -1.30421580e+00 -3.99423765e-01
 -1.34279548e+00 -4.19520168e-01
 -1.33127152e+00 -4.40113433e-01
 -1.22165536e+00 -4.61245934e-01
 -1.42751886e+00 -4.82962990e-01
 -1.41070005e+00 -5.05313197e-01
 -1.53680775e+00 -5.28348807e-01
 -1.34385606e+00 -5.52126154e-01
 -1.51917137e+00 -5.76706121e-01
 -1.56481891e+00 -6.02154680e-01
 -1.53648893e+00 -6.28543490e-01
 -1.58814624e+00 -6.55950575e-01
 -1.62372564e+00 -6.84461098e-01
 -1.53261833e+00 -7.14168230e-01
 -1.63023158e+00 -7.45174140e-01
 -1.74418597e+00 -7.77591119e-01
 -1.71110399e+00 -8.11542864e-01
 -1.82657765e+00 -8.47165925e-01
 -1.79553640e+00 -8.84611360e-01
 -1.86505441e+00 -9.24046603e-01
 -1.96021413e+00 -9.65657574e-01
 -1.99126810e+00 -1.00965105e+00
 -2.06199011e+00 -1.05625728e+00
 -2.28516846e+00 -1.10573288e+00
 -2.25519673e+00 -1.15836387e+00
 -2.34231905e+00 -1.21446882e+00
 -2.42217569e+00 -1.27440182e+00
 -2.52941399e+00 -1.33855475e+00
 -2.53970732e+00 -1.40735828e+00
 -2.84105625e+00 -1.48127992e+00
 -2.89967722e+00 -1.56081686e+00
 -3.01769343e+00 -1.64647927e+00
 -3.26460089e+00 -1.73875637e+00
 -3.47714859e+00 -1.83805169e+00
 -3.68099623e+00 -1.94456263e+00
 -3.93724521e+00 -2.05805831e+00
 -4.36749826e+00 -2.17746769e+00
 -4.71874756e+00 -2.30010714e+00
 -5.30201408e+00 -2.42020336e+00
 -5.81969963e+00 -2.52600077e+00
 -6.69748046e+00 -2.59394134e+00
 -7.77578096e+00 -2.57664668e+00
 -9.03310061e+00 -2.37771865e+00
 -1.07745918e+01 -1.80000233e+00
 -1.28255247e+01 -4.53563856e-01
 -1.49517588e+01 2.31363265e+00
 -1.57915315e+01 6.99454474e+00
 -1.34008758e+01 1.22587550e+01
 -8.37480257e+00 1.49009553e+01
 -3.56034605e+00 1.42918603e+01
 -7.52211290e-01 1.23400035e+01
 7.12845699e-01 1.03541801e+01
 1.37162141e+00 8.71165021e+00
 1.64011132e+00 7.42461237e+00
 1.76837340e+00 6.42256823e+00
 1.67792397e+00 5.63463596e+00
 1.65595107e+00 5.00565821e+00
 1.50461822e+00 4.49547948e+00
 1.44648046e+00 4.07528748e+00
 1.39972880e+00 3.72431779e+00
 1.25761837e+00 3.42742860e+00
 1.22403106e+00 3.17341728e+00
 1.14604923e+00 2.95386981e+00
 1.07570291e+00 2.76237287e+00
 9.69090662e-01 2.59396934e+00
 9.39003082e-01 2.44477733e+00
 8.20465021e-01 2.31171992e+00
 8.08286812e-01 2.19233079e+00
 6.21980366e-01 2.08461255e+00
 6.23383388e-01 1.98693209e+00
 6.29219655e-01 1.89794233e+00
 6.51262433e-01 1.81652303e+00
 5.05115535e-01 1.74173557e+00
 5.11866814e-01 1.67278793e+00
 4.48712098e-01 1.60900746e+00
 4.69160161e-01 1.54981938e+00
 2.89624882e-01 1.49472976e+00
 3.39288784e-01 1.44331186e+00
 3.19586870e-01 1.39519520e+00
 3.17631118e-01 1.35005656e+00
 2.51547706e-01 1.30761274e+00
 1.80526635e-01 1.26761459e+00
 1.91810402e-01 1.22984199e+00
 8.51540697e-02 1.19409978e+00
 1.63564075e-01 1.16021431e+00
 6.56814025e-02 1.12803052e+00
 8.16913023e-02 1.09740952e+00
 2.05614646e-02 1.06822651e+00
 1.10591699e-01 1.04036902e+00
 9.43210302e-02 1.01373540e+00
 -8.99780456e-02 9.88233513e-01
 -2.15421124e-02 9.63779646e-01
 -1.47784944e-01 9.40297515e-01
 -5.37446542e-02 9.17717446e-01
 -5.59202378e-02 8.95975637e-01
 -1.51852537e-01 8.75013526e-01
 -2.00686812e-01 8.54777230e-01
 -6.75530040e-02 8.35217057e-01
 -1.26594266e-01 8.16287067e-01
 -1.42825656e-01 7.97944697e-01
 -1.74275964e-01 7.80150418e-01
 -3.03109446e-01 7.62867431e-01
 -3.49011881e-01 7.46061403e-01
 -2.64556589e-01 7.29700224e-01
 -2.74257447e-01 7.13753789e-01
 -2.65846485e-01 6.98193808e-01
 -3.17102332e-01 6.82993627e-01
 -3.93484106e-01 6.68128073e-01
 -3.70684221e-01 6.53573308e-01
 -4.34655756e-01 6.39306698e-01
 -4.18901718e-01 6.25306693e-01
 -4.43362679e-01 6.11552720e-01
 -5.65320594e-01 5.98025080e-01
 -4.51831612e-01 5.84704853e-01
 -4.55868216e-01 5.71573818e-01
 -4.59813445e-01 5.58614365e-01
 -4.26665677e-01 5.45809424e-01
 -5.29889834e-01 5.33142395e-01
 -5.47925192e-01 5.20597080e-01
 -5.98182655e-01 5.08157622e-01
 -7.26806014e-01 4.95808442e-01
 -6.11259162e-01 4.83534188e-01
 -7.00499571e-01 4.71319675e-01
 -6.98052772e-01 4.59149836e-01
 -6.92625781e-01 4.47009672e-01
 -8.22886864e-01 4.34884204e-01
 -7.69146825e-01 4.22758426e-01
 -8.44604412e-01 4.10617264e-01
 -8.21099944e-01 3.98445532e-01
 -8.76673342e-01 3.86227895e-01
 -8.55073025e-01 3.73948836e-01
 -7.93849120e-01 3.61592622e-01
 -9.07995756e-01 3.49143279e-01
 -9.81661524e-01 3.36584578e-01
 -9.74622626e-01 3.23900020e-01
 -1.03851644e+00 3.11072847e-01
 -9.72798340e-01 2.98086054e-01
 -1.09152403e+00 2.84922433e-01
 -1.10010213e+00 2.71564645e-01
 -1.16235608e+00 2.57995316e-01
 -1.11908000e+00 2.44197201e-01
 -1.24675049e+00 2.30153395e-01
 -1.34991737e+00 2.15847640e-01
 -1.33618285e+00 2.01264740e-01
 -1.39470757e+00 1.86391131e-01
 -1.51340387e+00 1.71215655e-01
 -1.58020420e+00 1.55730604e-01
 -1.62498308e+00 1.39933137e-01
 -1.77960194e+00 1.23827206e-01
 -1.67391508e+00 1.07426165e-01
 -1.86831657e+00 9.07563405e-02
 -1.97025975e+00 7.38619314e-02
 -1.98248181e+00 5.68117674e-02
 -2.23088457e+00 3.97087153e-02
 -2.22254452e+00 2.27028680e-02
 -2.39007272e+00 6.01021711e-03
 -2.55652263e+00 -1.00606270e-02
 -2.77333394e+00 -2.50697442e-02
 -2.84055356e+00 -3.83891301e-02
 -2.89865354e+00 -4.91181506e-02
 -3.25121281e+00 -5.59555722e-02
 -3.53820988e+00 -5.70023367e-02
 -3.74195011e+00 -4.94514917e-02
 -4.05608902e+00 -2.90899305e-02
 -4.42603903e+00 1.05216192e-02
 -4.93406255e+00 7.94332855e-02
 -5.40793587e+00 1.93708330e-01
 -6.07297590e+00 3.79704541e-01
 -6.80594058e+00 6.81885585e-01
 -7.81674437e+00 1.17724091e+00
 -8.87620060e+00 2.00133147e+00
 -1.02556383e+01 3.38971486e+00
 -1.14964563e+01 5.71072598e+00
 -1.18061420e+01 9.32073045e+00
 -1.00777511e+01 1.37658210e+01
 -5.44900024e+00 1.67558688e+01
 -8.73925993e-02 1.63589737e+01
 3.25545764e+00 1.38415490e+01
 4.61932682e+00 1.11279023e+01
 5.09731361e+00 8.94286096e+00
