 NaN NaN
 4.14362373e+01 1.44324239e+01
 2.13517858e+01 7.25253605e+00
 1.44854901e+01 4.93024203e+00
 1.09734919e+01 3.78877051e+00
 8.85602481e+00 3.11187117e+00
 7.42171445e+00 2.66460528e+00
 6.42393009e+00 2.34743711e+00
 5.65094695e+00 2.11103850e+00
 5.04129848e+00 1.92820052e+00
 4.64058614e+00 1.78269485e+00
 4.11635318e+00 1.66424677e+00
 3.84958386e+00 1.56603663e+00
 3.51853755e+00 1.48336148e+00
 3.35118619e+00 1.41287375e+00
 3.18879700e+00 1.35212628e+00
 2.96088090e+00 1.29928901e+00
 2.79875392e+00 1.25296623e+00
 2.62185357e+00 1.21207511e+00
 2.55633185e+00 1.17576286e+00
 2.42559453e+00 1.14334882e+00
 2.25425919e+00 1.11428325e+00
 2.11935348e+00 1.08811736e+00
 2.09004896e+00 1.06448130e+00
 2.05959237e+00 1.04306757e+00
 1.92973545e+00 1.02361853e+00
 1.86017599e+00 1.00591673e+00
 1.84979707e+00 9.89777478e-01
 1.74562901e+00 9.75042961e-01
 1.79245204e+00 9.61577588e-01
 1.68531193e+00 9.49264296e-01
 1.58124937e+00 9.38001561e-01
 1.64263290e+00 9.27700974e-01
 1.57178710e+00 9.18285264e-01
 1.53108419e+00 9.09686672e-01
 1.41220779e+00 9.01845604e-01
 1.51783938e+00 8.94709513e-01
 1.41125037e+00 8.88231969e-01
 1.37407493e+00 8.82371865e-01
 1.28425778e+00 8.77092763e-01
 1.40866091e+00 8.72362329e-01
 1.32383092e+00 8.68151858e-01
 1.28518066e+00 8.64435864e-01
 1.22133886e+00 8.61191737e-01
 1.23199556e+00 8.58399443e-01
 1.15081427e+00 8.56041267e-01
 1.14694612e+00 8.54101594e-01
 1.21247378e+00 8.52566718e-01
 1.12196943e+00 8.51424679e-01
 1.12083082e+00 8.50665125e-01
 1.13240955e+00 8.50279186e-01
 1.09963437e+00 8.50259377e-01
 1.01407206e+00 8.50599504e-01
 9.89495793e-01 8.51294592e-01
 1.01535535e+00 8.52340825e-01
 1.08073796e+00 8.53735490e-01
 9.34701581e-01 8.55476939e-01
 1.00038107e+00 8.57564554e-01
 1.01144538e+00 8.59998726e-01
 9.33137174e-01 8.62780838e-01
 1.03408520e+00 8.65913255e-01
 9.95657938e-01 8.69399329e-01
 1.03286048e+00 8.73243398e-01
 9.77791855e-01 8.77450806e-01
 8.56300163e-01 8.82027924e-01
 9.11906602e-01 8.86982173e-01
 9.66079263e-01 8.92322069e-01
 8.81535895e-01 8.98057260e-01
 8.75116770e-01 9.04198585e-01
 8.35966424e-01 9.10758132e-01
 9.34777359e-01 9.17749314e-01
 8.66552647e-01 9.25186950e-01
 1.00358321e+00 9.33087362e-01
 8.95885946e-01 9.41468481e-01
 8.82660927e-01 9.50349973e-01
 9.29143539e-01 9.59753378e-01
 8.35207995e-01 9.69702265e-01
 9.05627588e-01 9.80222414e-01
 8.51860449e-01 9.91342019e-01
 7.58307007e-01 1.00309191e+00
 7.84664121e-01 1.01550583e+00
 8.84339842e-01 1.02862070e+00
 8.14135491e-01 1.04247698e+00
 8.40825925e-01 1.05711905e+00
 9.30379908e-01 1.07259564e+00
 7.73597875e-01 1.08896031e+00
 8.87713209e-01 1.10627206e+00
 8.64265395e-01 1.12459597e+00
 8.89018154e-01 1.14400394e+00
 7.87811717e-01 1.16457561e+00
 8.18995318e-01 1.18639936e+00
 7.36701491e-01 1.20957350e+00
 8.13815403e-01 1.23420768e+00
 7.94613333e-01 1.26042453e+00
 7.73936603e-01 1.28836158e+00
 8.26709349e-01 1.31817356e+00
 7.83609012e-01 1.35003518e+00
 9.19621621e-01 1.38414434e+00
 8.04902457e-01 1.42072615e+00
 8.56443423e-01 1.46003769e+00
 9.43738573e-01 1.50237383e+00
 8.48362373e-01 1.54807445e+00
 8.49917459e-01 1.59753329e+00
 8.14248811e-01 1.65120899e+00
 8.64435748e-01 1.70963903e+00
 9.44159824e-01 1.77345732e+00
 9.55231647e-01 1.84341681e+00
 8.61757220e-01 1.92041869e+00
 9.06590158e-01 2.00555067e+00
 1.00881174e+00 2.10013776e+00
 9.25490008e-01 2.20581045e+00
 1.00720190e+00 2.32459795e+00
 1.04235944e+00 2.45905757e+00
 1.03880931e+00 2.61245783e+00
 1.15119552e+00 2.78904320e+00
 1.16431469e+00 2.99442595e+00
 1.25387360e+00 3.23618232e+00
 1.22845023e+00 3.52478782e+00
 1.46804545e+00 3.87513862e+00
 1.55605167e+00 4.30913138e+00
 1.73371146e+00 4.86025819e+00
 1.99640374e+00 5.58227889e+00
 2.41063456e+00 6.56674328e+00
 3.02408065e+00 7.98122687e+00
 4.37346584e+00 1.01586929e+01
 7.38981374e+00 1.37903279e+01
 1.72108188e+01 1.94221205e+01
 4.58296503e+01 1.20949973e+00
 1.64065793e+01 -2.43531908e+01
 4.73040953e+00 -1.58970955e+01
 2.08863726e+00 -1.09973643e+01
 1.21361993e+00 -8.27591790e+00
 7.88952840e-01 -6.58892205e+00
 6.93413291e-01 -5.45040950e+00
 5.88047938e-01 -4.63324178e+00
 5.55805389e-01 -4.01929656e+00
 4.30401421e-01 -3.54161751e+00
 4.67350815e-01 -3.15958659e+00
 5.10695191e-01 -2.84719471e+00
 4.18057473e-01 -2.58704113e+00
 4.73884510e-01 -2.36705567e+00
 5.69183548e-01 -2.17860831e+00
 4.09777178e-01 -2.01536796e+00
 4.15368424e-01 -1.87258629e+00
 4.69052575e-01 -1.74663307e+00
 4.30488687e-01 -1.63468587e+00
 4.93133022e-01 -1.53451748e+00
 4.90462535e-01 -1.44434701e+00
 4.57729988e-01 -1.36273354e+00
 5.07891281e-01 -1.28849872e+00
 4.52239005e-01 -1.22066956e+00
 5.41808062e-01 -1.15843559e+00
 5.99397062e-01 -1.10111628e+00
 5.61285632e-01 -1.04813593e+00
 5.84202103e-01 -9.99004256e-01
 6.41185956e-01 -9.53301063e-01
 4.96616426e-01 -9.10664117e-01
 6.31017568e-01 -8.70779452e-01
 5.35844659e-01 -8.33373553e-01
 5.73818628e-01 -7.98207001e-01
 6.04775518e-01 -7.65069288e-01
 6.40288746e-01 -7.33774534e-01
 6.02850090e-01 -7.04157950e-01
 5.19992250e-01 -6.76072888e-01
 6.03119193e-01 -6.49388366e-01
 6.05517781e-01 -6.23986988e-01
 6.91966563e-01 -5.99763183e-01
 6.57878852e-01 -5.76621711e-01
 6.20212506e-01 -5.54476377e-01
 6.89748706e-01 -5.33248941e-01
 6.41670398e-01 -5.12868170e-01
 6.51849839e-01 -4.93269026e-01
 6.71907828e-01 -4.74391952e-01
 6.99667024e-01 -4.56182259e-01
 7.10212525e-01 -4.38589584e-01
 6.87174553e-01 -4.21567421e-01
 7.17337474e-01 -4.05072698e-01
 6.91427701e-01 -3.89065414e-01
 7.16034264e-01 -3.73508311e-01
 8.12378919e-01 -3.58366582e-01
 7.03329330e-01 -3.43607612e-01
 7.33604485e-01 -3.29200748e-01
 7.87855631e-01 -3.15117083e-01
 7.13546815e-01 -3.01329274e-01
 7.91892622e-01 -2.87811362e-01
 6.91196004e-01 -2.74538623e-01
 7.58237717e-01 -2.61487414e-01
 8.15548994e-01 -2.48635050e-01
 8.08372772e-01 -2.35959673e-01
 8.06774093e-01 -2.23440138e-01
 8.21304514e-01 -2.11055906e-01
 9.16607647e-01 -1.98786940e-01
 7.91025439e-01 -1.86613604e-01
 8.62298703e-01 -1.74516572e-01
 8.88204645e-01 -1.62476729e-01
 8.82054238e-01 -1.50475089e-01
 9.20356599e-01 -1.38492693e-01
 9.55535167e-01 -1.26510529e-01
 8.43759290e-01 -1.14509433e-01
 9.53801378e-01 -1.02469999e-01
 9.22706669e-01 -9.03724794e-02
 9.39393052e-01 -7.81966862e-02
 9.62501256e-01 -6.59218839e-02
 9.14161194e-01 -5.35266774e-02
 1.00914382e+00 -4.09888921e-02
 1.10173873e+00 -2.82854441e-02
 1.00074135e+00 -1.53922012e-02
 1.10464512e+00 -2.28382968e-03
 1.08682053e+00 1.10663726e-02
 1.07506906e+00 2.46866605e-02
 1.11923086e+00 3.86070461e-02
 1.21978144e+00 5.28595259e-02
 1.18020829e+00 6.74783355e-02
 1.10912434e+00 8.25002351e-02
 1.15981717e+00 9.79648315e-02
 1.25690824e+00 1.13914943e-01
 1.28217309e+00 1.30397015e-01
 1.34541056e+00 1.47461590e-01
 1.46347077e+00 1.65163853e-01
 1.29850112e+00 1.83564251e-01
 1.41848119e+00 2.02729213e-01
 1.53720896e+00 2.22731979e-01
 1.50244676e+00 2.43653570e-01
 1.57944264e+00 2.65583913e-01
 1.66376249e+00 2.88623165e-01
 1.68916934e+00 3.12883263e-01
 1.61749228e+00 3.38489767e-01
 1.70486498e+00 3.65584032e-01
 1.89476462e+00 3.94325807e-01
 1.86329252e+00 4.24896337e-01
 1.98987079e+00 4.57502095e-01
 2.05084138e+00 4.92379283e-01
 2.14111299e+00 5.29799290e-01
 2.22206542e+00 5.70075331e-01
 2.36245230e+00 6.13570546e-01
 2.45997837e+00 6.60707917e-01
 2.70369114e+00 7.11982414e-01
 2.78807633e+00 7.67975847e-01
 2.87276681e+00 8.29374945e-01
 3.10463410e+00 8.96993068e-01
 3.31079515e+00 9.71795639e-01
 3.65577095e+00 1.05492832e+00
 3.77247754e+00 1.14774453e+00
 4.26293299e+00 1.25182267e+00
 4.53458497e+00 1.36894930e+00
 5.10681394e+00 1.50100889e+00
 5.66072082e+00 1.64963222e+00
 6.47006028e+00 1.81521967e+00
 7.39353074e+00 1.99428531e+00
 8.71755453e+00 2.17198950e+00
 1.06779380e+01 2.29951313e+00
 1.35964978e+01 2.21700357e+00
 1.82325788e+01 1.34379223e+00
 2.65130189e+01 -2.84986277e+00
 3.61898697e+01 -2.19918429e+01
 7.50233276e+00 -4.71126901e+01
 -1.28724644e+01 -2.81961914e+01
 -1.26603521e+01 -1.62548405e+01
 -1.05291532e+01 -1.08479405e+01
 -8.82511875e+00 -8.01749238e+00
 -7.52367642e+00 -6.33269569e+00
 -6.51952758e+00 -5.23281973e+00
 -5.69613793e+00 -4.46519356e+00
 -5.07713334e+00 -3.90210445e+00
 -4.55015806e+00 -3.47295660e+00
 -4.19152408e+00 -3.13588628e+00
 -3.91376514e+00 -2.86463414e+00
 -3.51616938e+00 -2.64195839e+00
 -3.31806473e+00 -2.45610150e+00
 -3.13164944e+00 -2.29878687e+00
 -2.90112590e+00 -2.16402855e+00
 -2.70535477e+00 -2.04739532e+00
 -2.55980678e+00 -1.94553993e+00
 -2.43492271e+00 -1.85588868e+00
 -2.33947836e+00 -1.77643150e+00
 -2.16094059e+00 -1.70557647e+00
 -2.11553896e+00 -1.64204709e+00
 -2.01679465e+00 -1.58480824e+00
 -1.88602177e+00 -1.53301201e+00
 -1.81622435e+00 -1.48595743e+00
 -1.72738573e+00 -1.44306017e+00
 -1.68093903e+00 -1.40382938e+00
 -1.58457952e+00 -1.36784982e+00
 -1.66280203e+00 -1.33476797e+00
 -1.51200470e+00 -1.30428106e+00
 -1.50435780e+00 -1.27612838e+00
 -1.42463947e+00 -1.25008425e+00
 -1.39349571e+00 -1.22595246e+00
 -1.33560617e+00 -1.20356164e+00
 -1.24549917e+00 -1.18276156e+00
 -1.28452210e+00 -1.16341997e+00
 -1.24703731e+00 -1.14542012e+00
 -1.20707069e+00 -1.12865859e+00
 -1.15540141e+00 -1.11304350e+00
 -1.08059255e+00 -1.09849302e+00
 -1.11962300e+00 -1.08493410e+00
 -9.83676915e-01 -1.07230138e+00
 -1.09234073e+00 -1.06053629e+00
 -9.29724596e-01 -1.04958625e+00
 -9.86214177e-01 -1.03940400e+00
 -9.51908248e-01 -1.02994702e+00
 -1.00395747e+00 -1.02117701e+00
 -8.62963217e-01 -1.01305950e+00
 -9.19396455e-01 -1.00556341e+00
 -7.65719623e-01 -9.98660799e-01
 -8.29213921e-01 -9.92326502e-01
 -8.94230042e-01 -9.86537937e-01
 -7.36950426e-01 -9.81274866e-01
 -8.37491417e-01 -9.76519214e-01
 -7.49157044e-01 -9.72254898e-01
 -7.31428624e-01 -9.68467691e-01
 -7.10972310e-01 -9.65145095e-01
 -7.03673235e-01 -9.62276236e-01
 -7.97438333e-01 -9.59851774e-01
 -7.12232023e-01 -9.57863825e-01
 -7.05463099e-01 -9.56305895e-01
 -6.59064032e-01 -9.55172831e-01
 -6.75919712e-01 -9.54460778e-01
 -6.79879204e-01 -9.54167146e-01
 -6.59575841e-01 -9.54290594e-01
 -6.39439009e-01 -9.54831010e-01
 -5.81478532e-01 -9.55789515e-01
 -6.63457129e-01 -9.57168471e-01
 -6.54922113e-01 -9.58971490e-01
 -6.50527220e-01 -9.61203469e-01
 -5.90898481e-01 -9.63870618e-01
 -6.61237626e-01 -9.66980515e-01
 -5.54592837e-01 -9.70542155e-01
 -5.76136589e-01 -9.74566027e-01
 -5.88283004e-01 -9.79064193e-01
 -5.70461518e-01 -9.84050388e-01
 -5.57027652e-01 -9.89540129e-01
 -5.13486295e-01 -9.95550853e-01
 -4.43465134e-01 -1.00210206e+00
 -4.59785560e-01 -1.00921549e+00
 -4.97517878e-01 -1.01691532e+00
 -5.59028189e-01 -1.02522840e+00
 -4.20712486e-01 -1.03418449e+00
 -3.76570465e-01 -1.04381660e+00
 -4.51802554e-01 -1.05416127e+00
 -4.27920670e-01 -1.06525905e+00
 -4.08400473e-01 -1.07715486e+00
 -4.04272438e-01 -1.08989859e+00
 -4.11404426e-01 -1.10354568e+00
 -3.90162489e-01 -1.11815779e+00
 -3.13703910e-01 -1.13380371e+00
 -3.34407880e-01 -1.15056020e+00
 -3.61617429e-01 -1.16851322e+00
 -2.74472123e-01 -1.18775920e+00
 -3.52173696e-01 -1.20840662e+00
 -3.16010154e-01 -1.23057787e+00
 -2.95407517e-01 -1.25441146e+00
 -3.67424982e-01 -1.28006472e+00
 -3.51824342e-01 -1.30771698e+00
 -2.66261597e-01 -1.33757349e+00
 -2.41433727e-01 -1.36987020e+00
 -2.98263912e-01 -1.40487962e+00
 -2.20301438e-01 -1.44291806e+00
 -2.47869290e-01 -1.48435477e+00
 -2.33493818e-01 -1.52962328e+00
 -2.29192150e-01 -1.57923600e+00
 -2.75212381e-01 -1.63380278e+00
 -4.48239869e-02 -1.69405507e+00
 -1.21408197e-01 -1.76087759e+00
 -3.80238150e-02 -1.83535039e+00
 2.07049292e-03 -1.91880553e+00
 -9.51831109e-03 -2.01290446e+00
 -2.16420600e-02 -2.11974575e+00
 5.24535446e-02 -2.24201760e+00
 6.95073770e-02 -2.38321838e+00
 6.85926060e-02 -2.54798299e+00
 2.17292016e-01 -2.74257864e+00
 2.75244462e-01 -2.97568045e+00
 1.82173727e-01 -3.25962631e+00
 3.38603321e-01 -3.61252575e+00
 2.95640591e-01 -4.06196103e+00
 4.23372855e-01 -4.65180234e+00
 3.97848933e-01 -5.45540694e+00
 2.47215230e-01 -6.60226112e+00
 -1.65602482e-01 -8.33071948e+00
 -1.44211216e+00 -1.10517975e+01
 -6.02132224e+00 -1.48350465e+01
 -1.76332455e+01 -1.31251387e+01
 -1.95383571e+01 1.19878344e+00
 -1.20390540e+01 5.89263473e+00
 -7.70036595e+00 5.63130431e+00
 -5.51131676e+00 4.77652065e+00
 -4.32883732e+00 4.02170844e+00
 -3.50754671e+00 3.42497260e+00
 -2.98187161e+00 2.95700704e+00
 -2.67097660e+00 2.58515922e+00
 -2.36535262e+00 2.28451556e+00
 -2.14083628e+00 2.03727248e+00
 -1.89928970e+00 1.83077736e+00
 -1.85606425e+00 1.65593243e+00
 -1.76503187e+00 1.50608524e+00
 -1.59814688e+00 1.37628438e+00
 -1.47061310e+00 1.26278091e+00
 -1.49720161e+00 1.16269066e+00
 -1.36544020e+00 1.07376204e+00
 -1.47904482e+00 9.94213566e-01
 -1.29092568e+00 9.22618464e-01
 -1.30418515e+00 8.57821246e-01
 -1.22905283e+00 7.98876584e-01
 -1.24042454e+00 7.45003865e-01
 -1.22805675e+00 6.95552958e-01
 -1.17572425e+00 6.49978131e-01
 -1.16383597e+00 6.07817949e-01
 -1.10762737e+00 5.68679608e-01
 -1.16563683e+00 5.32226632e-01
 -1.03337631e+00 4.98169105e-01
 -1.17197614e+00 4.66255857e-01
 -1.15229901e+00 4.36268164e-01
 -1.04411545e+00 4.08014632e-01
 -1.03929460e+00 3.81327014e-01
 -1.11938080e+00 3.56056768e-01
 -1.05066616e+00 3.32072201e-01
 -1.02149237e+00 3.09256096e-01
 -1.06431936e+00 2.87503724e-01
 -1.01654259e+00 2.66721170e-01
 -1.01524729e+00 2.46823913e-01
 -1.01538113e+00 2.27735628e-01
 -1.05868068e+00 2.09387155e-01
 -9.70514915e-01 1.91715618e-01
 -1.02264293e+00 1.74663666e-01
 -1.06883797e+00 1.58178820e-01
 -9.70046968e-01 1.42212899e-01
 -1.00464322e+00 1.26721528e-01
 -9.66625317e-01 1.11663701e-01
 -1.02692440e+00 9.70014015e-02
 -1.01800186e+00 8.26992651e-02
 -9.87777393e-01 6.87242824e-02
 -8.95635821e-01 5.50455345e-02
 -9.62166503e-01 4.16339571e-02
 -8.99100655e-01 2.84621282e-02
 -1.01244447e+00 1.55040784e-02
 -9.58911753e-01 2.73511746e-03
 -1.00655521e+00 -9.86832202e-03
 -9.19225351e-01 -2.23288285e-02
 -9.52464521e-01 -3.46681438e-02
 -1.02032273e+00 -4.69072852e-02
 -9.77604269e-01 -5.90666600e-02
 -9.75454759e-01 -7.11661728e-02
 -1.12064202e+00 -8.32253275e-02
 -9.99633131e-01 -9.52633241e-02
 -9.87484028e-01 -1.07299153e-01
 -1.06261896e+00 -1.19351684e-01
 -1.17219226e+00 -1.31439761e-01
 -9.93351258e-01 -1.43582285e-01
 -1.11970785e+00 -1.55798306e-01
 -1.01578385e+00 -1.68107114e-01
 -1.19634477e+00 -1.80528328e-01
 -1.20241729e+00 -1.93081992e-01
 -1.11913258e+00 -2.05788677e-01
 -1.11309125e+00 -2.18669577e-01
 -1.15002323e+00 -2.31746625e-01
 -1.21094299e+00 -2.45042604e-01
 -1.05302645e+00 -2.58581275e-01
 -1.18955772e+00 -2.72387510e-01
 -1.24889605e+00 -2.86487436e-01
 -1.22729953e+00 -3.00908597e-01
 -1.25444142e+00 -3.15680124e-01
 -1.18120234e+00 -3.30832933e-01
 -1.28525799e+00 -3.46399929e-01
 -1.25133829e+00 -3.62416247e-01
 -1.30511744e+00 -3.78919514e-01
 -1.36368545e+00 -3.95950140e-01
 -1.33146002e+00 -4.13551652e-01
 -1.40323161e+00 -4.31771060e-01
 -1.35063644e+00 -4.50659284e-01
 -1.34544432e+00 -4.70271624e-01
 -1.38976862e+00 -4.90668307e-01
 -1.42290083e+00 -5.11915106e-01
 -1.53017312e+00 -5.34084048e-01
 -1.51926267e+00 -5.57254229e-01
 -1.60433551e+00 -5.81512758e-01
 -1.64861763e+00 -6.06955845e-01
 -1.67801170e+00 -6.33690065e-01
 -1.60686767e+00 -6.61833836e-01
 -1.64659303e+00 -6.91519143e-01
 -1.84693904e+00 -7.22893569e-01
 -1.82842054e+00 -7.56122683e-01
 -1.79759250e+00 -7.91392878e-01
 -1.89852324e+00 -8.28914735e-01
 -1.95941037e+00 -8.68927047e-01
 -2.05091031e+00 -9.11701634e-01
 -2.02108235e+00 -9.57549152e-01
 -2.28564581e+00 -1.00682609e+00
 -2.42494758e+00 -1.05994329e+00
 -2.46193242e+00 -1.11737624e+00
 -2.55186556e+00 -1.17967770e+00
 -2.73005536e+00 -1.24749304e+00
 -2.76110252e+00 -1.32157888e+00
 -3.00086684e+00 -1.40282567e+00
 -3.09741964e+00 -1.49228455e+00
 -3.24897406e+00 -1.59119854e+00
 -3.49015968e+00 -1.70103666e+00
 -3.76300536e+00 -1.82352647e+00
 -4.10032915e+00 -1.96067347e+00
 -4.44938876e+00 -2.11473857e+00
 -4.83377984e+00 -2.28810512e+00
 -5.44993488e+00 -2.48286907e+00
 -6.11560925e+00 -2.69973681e+00
 -7.12307358e+00 -2.93514022e+00
 -8.30061060e+00 -3.17351632e+00
 -9.87156417e+00 -3.36546513e+00
 -1.23702327e+01 -3.36056274e+00
 -1.62237491e+01 -2.67810934e+00
 -2.22019540e+01 3.38723982e-01
 -2.88297633e+01 1.08900341e+01
 -2.08373261e+01 2.97680380e+01
 -1.12665460e+00 2.95670137e+01
 5.85774959e+00 2.04221650e+01
 6.82677776e+00 1.43094383e+01
 6.37968863e+00 1.06988211e+01
 5.80223687e+00 8.44755039e+00
 5.18332934e+00 6.94734289e+00
 4.60190430e+00 5.88984620e+00
 4.03068269e+00 5.11017849e+00
 3.72063446e+00 4.51439213e+00
 3.41306403e+00 4.04578563e+00
 3.15394757e+00 3.66840782e+00
 2.85547712e+00 3.35849228e+00
 2.68081002e+00 3.09976115e+00
 2.48780562e+00 2.88072305e+00
 2.18853105e+00 2.69305158e+00
 2.18129356e+00 2.53057572e+00
 2.05243563e+00 2.38863055e+00
 1.91458209e+00 2.26362776e+00
 1.85557491e+00 2.15276425e+00
 1.70837331e+00 2.05381993e+00
 1.59555140e+00 1.96501462e+00
 1.58500112e+00 1.88490488e+00
 1.44166788e+00 1.81230847e+00
 1.42140387e+00 1.74624817e+00
 1.29026878e+00 1.68590941e+00
 1.37998328e+00 1.63060797e+00
 1.20557842e+00 1.57976510e+00
 1.17680754e+00 1.53288801e+00
 1.15661798e+00 1.48955464e+00
 1.08545148e+00 1.44940143e+00
 9.65099591e-01 1.41211366e+00
 9.72834383e-01 1.37741752e+00
 9.29732946e-01 1.34507378e+00
 9.88254922e-01 1.31487250e+00
 9.24855250e-01 1.28662877e+00
 8.10498839e-01 1.26017914e+00
 7.88468535e-01 1.23537860e+00
 8.32668700e-01 1.21209813e+00
 8.91170235e-01 1.19022259e+00
 7.46833558e-01 1.16964895e+00
 7.65682508e-01 1.15028477e+00
 6.98306252e-01 1.13204694e+00
 6.38988912e-01 1.11486057e+00
 6.72283865e-01 1.09865803e+00
 6.45968586e-01 1.08337815e+00
 5.90170479e-01 1.06896553e+00
 5.51453329e-01 1.05536990e+00
 6.05780461e-01 1.04254560e+00
 5.67078466e-01 1.03045112e+00
 5.36600318e-01 1.01904871e+00
 4.52907943e-01 1.00830399e+00
 5.34080916e-01 9.98185661e-01
 4.46624904e-01 9.88665236e-01
 3.57152597e-01 9.79716792e-01
 2.76047513e-01 9.71316759e-01
 4.31581254e-01 9.63443735e-01
 4.82114468e-01 9.56078326e-01
 4.36678442e-01 9.49202998e-01
 3.69940004e-01 9.42801958e-01
 3.49241280e-01 9.36861039e-01
 3.77996498e-01 9.31367607e-01
 2.87301127e-01 9.26310482e-01
 3.53564216e-01 9.21679865e-01
 3.40249488e-01 9.17467282e-01
 2.81063617e-01 9.13665538e-01
 2.85432525e-01 9.10268674e-01
 3.10884824e-01 9.07271945e-01
 2.44229614e-01 9.04671798e-01
 2.75210436e-01 9.02465863e-01
 1.81272287e-01 9.00652953e-01
 2.07004878e-01 8.99233074e-01
 2.67286589e-01 8.98207440e-01
 2.51720313e-01 8.97578506e-01
 2.30408361e-01 8.97350004e-01
 6.82021184e-02 8.97526992e-01
 1.77416534e-01 8.98115923e-01
 5.92661129e-02 8.99124713e-01
 1.17331052e-01 9.00562838e-01
 1.79723196e-02 9.02441437e-01
 8.44641729e-02 9.04773443e-01
 1.66850368e-02 9.07573724e-01
 2.73590201e-02 9.10859261e-01
 3.65200959e-03 9.14649342e-01
 1.29517012e-01 9.18965796e-01
 -1.29564049e-02 9.23833261e-01
 -6.59604811e-02 9.29279495e-01
 -9.83684567e-02 9.35335740e-01
 9.93290701e-02 9.42037143e-01
 -2.38938612e-01 9.49423255e-01
 -1.23907322e-01 9.57538602e-01
 -1.12518755e-01 9.66433372e-01
 -1.44283772e-01 9.76164218e-01
 -2.64915063e-01 9.86795202e-01
 -2.05505175e-01 9.98398933e-01
 -1.10826691e-01 1.01105791e+00
 -2.41083319e-01 1.02486615e+00
 -2.09767186e-01 1.03993114e+00
 -3.49579569e-01 1.05637620e+00
 -3.98989364e-01 1.07434341e+00
 -3.91772371e-01 1.09399713e+00
 -3.80394362e-01 1.11552843e+00
 -4.71917350e-01 1.13916061e+00
 -5.13988998e-01 1.16515605e+00
 -5.17968466e-01 1.19382500e+00
 -5.38887125e-01 1.22553679e+00
 -5.77286226e-01 1.26073429e+00
 -8.04095597e-01 1.29995287e+00
 -7.46929062e-01 1.34384538e+00
 -7.65625220e-01 1.39321575e+00
 -9.47546833e-01 1.44906450e+00
 -8.70652629e-01 1.51265170e+00
 -1.05428915e+00 1.58558521e+00
 -1.20570936e+00 1.66994709e+00
 -1.18692195e+00 1.76847828e+00
 -1.32779770e+00 1.88485491e+00
 -1.49776277e+00 2.02411296e+00
 -1.70719501e+00 2.19332041e+00
 -1.90739057e+00 2.40267793e+00
 -2.13329284e+00 2.66739153e+00
 -2.26667804e+00 3.01100031e+00
 -2.62609441e+00 3.47158407e+00
 -3.15560370e+00 4.11396624e+00
 -3.41465611e+00 5.05492558e+00
 -3.93986637e+00 6.51641440e+00
 -4.03286331e+00 8.92391776e+00
 -2.97953604e+00 1.28840250e+01
 3.03718828e+00 1.71257013e+01
 1.21691558e+01 1.35357380e+01
 1.33920426e+01 5.50957120e+00
 1.07534211e+01 1.54609332e+00
 8.41708816e+00 9.26668568e-02
 6.92023095e+00 -4.29679607e-01
 5.71890961e+00 -6.05742598e-01
 4.92694005e+00 -6.44454259e-01
 4.32481922e+00 -6.26386182e-01
 3.86985698e+00 -5.85085332e-01
 3.41065640e+00 -5.35333963e-01
 3.11338101e+00 -4.83855557e-01
 2.96875194e+00 -4.33708791e-01
 2.79957442e+00 -3.86216153e-01
 2.59458211e+00 -3.41857531e-01
 2.42114310e+00 -3.00702062e-01
 2.33120851e+00 -2.62623358e-01
 2.21216775e+00 -2.27408878e-01
 2.08557109e+00 -1.94815858e-01
 2.06159214e+00 -1.64599577e-01
 1.88418617e+00 -1.36527098e-01
 1.88278088e+00 -1.10383296e-01
 1.90985720e+00 -8.59728294e-02
 1.72364224e+00 -6.31200160e-02
 1.63322679e+00 -4.16676878e-02
 1.62370753e+00 -2.14756007e-02
 1.60761587e+00 -2.41871621e-03
 1.59164606e+00 1.56144853e-02
 1.53153294e+00 3.27235782e-02
 1.57117253e+00 4.89976211e-02
 1.51970381e+00 6.45164312e-02
 1.38588491e+00 7.93517115e-02
 1.34587576e+00 9.35680396e-02
 1.37324406e+00 1.07223732e-01
 1.41452119e+00 1.20371602e-01
 1.38531106e+00 1.33059613e-01
 1.32858287e+00 1.45331461e-01
 1.34200156e+00 1.57227073e-01
 1.26169802e+00 1.68783047e-01
 1.25961031e+00 1.80033040e-01
 1.23485093e+00 1.91008106e-01
 1.27196696e+00 2.01736993e-01
 1.25473268e+00 2.12246410e-01
 1.27952544e+00 2.22561258e-01
 1.13235855e+00 2.32704841e-01
 1.18531595e+00 2.42699049e-01
 1.22296798e+00 2.52564522e-01
 1.16797502e+00 2.62320805e-01
 1.21031374e+00 2.71986478e-01
 1.18702157e+00 2.81579281e-01
 1.18373112e+00 2.91116221e-01
 1.16419318e+00 3.00613682e-01
 1.15760715e+00 3.10087510e-01
 1.21188327e+00 3.19553108e-01
 1.14418192e+00 3.29025511e-01
 1.12891200e+00 3.38519470e-01
 1.21625437e+00 3.48049520e-01
 1.15250548e+00 3.57630049e-01
 1.16126889e+00 3.67275371e-01
 1.09117165e+00 3.76999785e-01
 1.14790221e+00 3.86817644e-01
 1.16418113e+00 3.96743415e-01
 1.24300498e+00 4.06791749e-01
 1.18595798e+00 4.16977539e-01
 1.13390425e+00 4.27315988e-01
 1.08590015e+00 4.37822679e-01
 1.19797499e+00 4.48513641e-01
 1.14063874e+00 4.59405427e-01
 1.15873781e+00 4.70515186e-01
 1.21064063e+00 4.81860746e-01
 1.17505973e+00 4.93460704e-01
 1.16814029e+00 5.05334514e-01
 1.22025150e+00 5.17502590e-01
 1.20462160e+00 5.29986413e-01
 1.18984949e+00 5.42808649e-01
 1.23457596e+00 5.55993279e-01
 1.09572499e+00 5.69565738e-01
 1.22794106e+00 5.83553070e-01
 1.27360268e+00 5.97984100e-01
 1.17220027e+00 6.12889622e-01
 1.20586623e+00 6.28302612e-01
 1.24331350e+00 6.44258457e-01
 1.24765140e+00 6.60795224e-01
 1.23715835e+00 6.77953946e-01
 1.32300186e+00 6.95778956e-01
 1.25146965e+00 7.14318259e-01
 1.34630101e+00 7.33623948e-01
 1.46587912e+00 7.53752683e-01
 1.40409877e+00 7.74766233e-01
 1.39540937e+00 7.96732089e-01
 1.34702018e+00 8.19724172e-01
 1.56121218e+00 8.43823643e-01
 1.50094354e+00 8.69119831e-01
 1.44618919e+00 8.95711312e-01
 1.42325772e+00 9.23707156e-01
 1.56873724e+00 9.53228371e-01
 1.62474674e+00 9.84409598e-01
 1.59154939e+00 1.01740109e+00
 1.58214536e+00 1.05237105e+00
 1.66416492e+00 1.08950835e+00
 1.67173133e+00 1.12902585e+00
 1.73637002e+00 1.17116421e+00
 1.83873870e+00 1.21619659e+00
 1.87440765e+00 1.26443419e+00
 1.97816521e+00 1.31623301e+00
 2.01012440e+00 1.37200197e+00
 2.12646338e+00 1.43221287e+00
 2.16585940e+00 1.49741251e+00
 2.24166534e+00 1.56823756e+00
 2.31648041e+00 1.64543291e+00
 2.42068659e+00 1.72987415e+00
 2.58265937e+00 1.82259539e+00
 2.73724629e+00 1.92482315e+00
 2.93314922e+00 2.03801745e+00
 3.03725255e+00 2.16392020e+00
 3.37838808e+00 2.30460925e+00
 3.54246483e+00 2.46255150e+00
 3.81413797e+00 2.64063672e+00
 4.21421060e+00 2.84214501e+00
 4.72603199e+00 3.07053105e+00
 5.21144969e+00 3.32873237e+00
 5.95217830e+00 3.61724458e+00
 6.81738355e+00 3.92891425e+00
 8.26666297e+00 4.23454737e+00
 1.01661153e+01 4.44108516e+00
 1.30531624e+01 4.26217572e+00
 1.71610310e+01 2.80539441e+00
 2.26780855e+01 -2.47724448e+00
 2.35038542e+01 -1.45434773e+01
 1.24120909e+01 -2.30675790e+01
 2.36164193e+00 -2.03313547e+01
 -1.63869029e+00 -1.54927253e+01
 -2.78535464e+00 -1.19062411e+01
 -3.06637130e+00 -9.47820860e+00
 -3.00428841e+00 -7.80160765e+00
 -2.88431815e+00 -6.59918127e+00
 -2.62704925e+00 -5.70456417e+00
 -2.37782656e+00 -5.01746148e+00
 -2.14532332e+00 -4.47542829e+00
 -2.07538641e+00 -4.03813232e+00
 -1.90969238e+00 -3.67859981e+00
 -1.70799502e+00 -3.37821587e+00
 -1.51289177e+00 -3.12377257e+00
 -1.50330689e+00 -2.90566647e+00
 -1.42556849e+00 -2.71676288e+00
 -1.23264130e+00 -2.55165928e+00
 -1.23048838e+00 -2.40619504e+00
 -1.14886678e+00 -2.27711717e+00
 -1.05989813e+00 -2.16184774e+00
 -1.03176764e+00 -2.05831875e+00
 -9.79657508e-01 -1.96485286e+00
 -9.23746168e-01 -1.88007598e+00
 -7.79237827e-01 -1.80285206e+00
 -7.66659308e-01 -1.73223408e+00
 -6.63184894e-01 -1.66742643e+00
 -6.61676377e-01 -1.60775606e+00
 -6.76239666e-01 -1.55264984e+00
 -6.05611283e-01 -1.50161675e+00
 -6.09105417e-01 -1.45423384e+00
 -5.30690682e-01 -1.41013479e+00
 -5.66555991e-01 -1.36900088e+00
 -4.58695720e-01 -1.33055345e+00
 -4.68317436e-01 -1.29454793e+00
 -4.06409827e-01 -1.26076871e+00
 -4.40212660e-01 -1.22902509e+00
 -4.00039883e-01 -1.19914777e+00
 -3.53305621e-01 -1.17098593e+00
 -4.26320525e-01 -1.14440483e+00
 -2.63688968e-01 -1.11928374e+00
 -3.49396264e-01 -1.09551417e+00
 -3.42419631e-01 -1.07299838e+00
 -2.52057904e-01 -1.05164809e+00
 -2.38543518e-01 -1.03138342e+00
 -2.57189539e-01 -1.01213187e+00
 -1.80721557e-01 -9.93827549e-01
 -1.86711124e-01 -9.76410460e-01
 -1.34752269e-01 -9.59825850e-01
 -4.47385600e-02 -9.44023681e-01
 -1.31944156e-01 -9.28958158e-01
 -1.05247388e-01 -9.14587301e-01
 -1.71166307e-01 -9.00872587e-01
 -9.41145698e-02 -8.87778615e-01
 8.91723014e-03 -8.75272830e-01
 -1.67647250e-02 -8.63325260e-01
 6.71563317e-03 -8.51908298e-01
 5.11189244e-02 -8.40996496e-01
 -2.05649588e-02 -8.30566394e-01
 7.13260204e-03 -8.20596357e-01
 -7.42584136e-03 -8.11066441e-01
 -4.25485280e-02 -8.01958261e-01
 4.19137601e-02 -7.93254888e-01
 1.01440582e-01 -7.84940747e-01
 8.80422728e-02 -7.77001532e-01
 8.94781453e-02 -7.69424130e-01
 1.82921025e-01 -7.62196556e-01
 1.48543625e-01 -7.55307895e-01
 9.67620351e-02 -7.48748254e-01
 2.40487512e-01 -7.42508719e-01
 1.49922874e-01 -7.36581324e-01
 2.32261930e-01 -7.30959026e-01
 2.69868272e-01 -7.25635682e-01
 2.32446439e-01 -7.20606045e-01
 2.43912636e-01 -7.15865751e-01
 2.55261846e-01 -7.11411332e-01
 2.59386680e-01 -7.07240221e-01
 2.19036549e-01 -7.03350777e-01
 2.96636299e-01 -6.99742312e-01
 2.84479015e-01 -6.96415131e-01
 3.31582024e-01 -6.93370587e-01
 3.21538586e-01 -6.90611140e-01
 3.49553820e-01 -6.88140438e-01
 4.22632765e-01 -6.85963414e-01
 3.95438148e-01 -6.84086393e-01
 4.76762187e-01 -6.82517239e-01
 4.46294529e-01 -6.81265506e-01
 4.77053892e-01 -6.80342640e-01
 5.78942107e-01 -6.79762205e-01
 5.13990870e-01 -6.79540154e-01
 5.93157672e-01 -6.79695160e-01
 5.45792091e-01 -6.80249001e-01
 5.51694548e-01 -6.81227028e-01
 6.14897602e-01 -6.82658726e-01
 7.30741390e-01 -6.84578389e-01
 7.79425844e-01 -6.87025942e-01
 7.32628598e-01 -6.90047937e-01
 7.21861038e-01 -6.93698782e-01
 7.89056185e-01 -6.98042240e-01
 8.63008383e-01 -7.03153303e-01
 1.03400138e+00 -7.09120513e-01
 1.02746738e+00 -7.16048895e-01
 1.05172758e+00 -7.24063652e-01
 1.07646568e+00 -7.33314896e-01
 1.17740773e+00 -7.43983735e-01
 1.24179684e+00 -7.56290177e-01
 1.29814030e+00 -7.70503533e-01
 1.38074125e+00 -7.86956212e-01
 1.46153160e+00 -8.06062281e-01
 1.53044736e+00 -8.28342741e-01
 1.66741511e+00 -8.54460445e-01
 1.76255824e+00 -8.85269117e-01
 2.01346956e+00 -9.21883334e-01
 2.10003638e+00 -9.65780359e-01
 2.30859569e+00 -1.01895147e+00
 2.50426526e+00 -1.08413210e+00
 2.62109906e+00 -1.16516118e+00
 2.98122238e+00 -1.26755853e+00
 3.12530115e+00 -1.39948399e+00
 3.59074720e+00 -1.57339022e+00
 3.90482342e+00 -1.80899188e+00
 4.52576227e+00 -2.13885307e+00
 5.17439038e+00 -2.61944262e+00
 5.97691813e+00 -3.35412672e+00
 6.90062255e+00 -4.54266386e+00
 8.03297610e+00 -6.58362028e+00
 8.70874742e+00 -1.02044531e+01
 6.78004601e+00 -1.58679774e+01
 -9.37613786e-01 -1.96470802e+01
 -8.69941203e+00 -1.55651492e+01
 -1.03918269e+01 -9.63441805e+00
 -9.51735087e+00 -5.94771597e+00
 -8.16803859e+00 -3.93918482e+00
 -7.03906609e+00 -2.80796482e+00
 -6.14955010e+00 -2.13039355e+00
 -5.43148848e+00 -1.70017953e+00
 -4.86937363e+00 -1.41320017e+00
 -4.39775810e+00 -1.21381085e+00
 -4.13906398e+00 -1.07055483e+00
 -3.74792051e+00 -9.64734168e-01
 -3.42183232e+00 -8.84739878e-01
 -3.23285649e+00 -8.23088118e-01
 -3.00955891e+00 -7.74794944e-01
 -2.87476056e+00 -7.36446149e-01
 -2.77001486e+00 -7.05644391e-01
 -2.57438600e+00 -6.80669383e-01
 -2.46749022e+00 -6.60262735e-01
 -2.35130005e+00 -6.43488069e-01
 -2.25951716e+00 -6.29637895e-01
 -2.14840309e+00 -6.18170283e-01
 -2.08745210e+00 -6.08664961e-01
 -2.02492450e+00 -6.00792345e-01
 -2.03822114e+00 -5.94291349e-01
 -1.87680067e+00 -5.88953241e-01
 -1.88135744e+00 -5.84609761e-01
 -1.79279122e+00 -5.81124242e-01
 -1.76943515e+00 -5.78384930e-01
 -1.69049038e+00 -5.76299879e-01
 -1.75808375e+00 -5.74793031e-01
 -1.68370595e+00 -5.73801167e-01
 -1.62025449e+00 -5.73271525e-01
 -1.59973945e+00 -5.73159915e-01
 -1.61662363e+00 -5.73429228e-01
 -1.52654808e+00 -5.74048236e-01
 -1.51413113e+00 -5.74990633e-01
 -1.47707290e+00 -5.76234252e-01
 -1.39217093e+00 -5.77760436e-01
 -1.36101600e+00 -5.79553515e-01
 -1.40918759e+00 -5.81600382e-01
 -1.34739677e+00 -5.83890146e-01
 -1.40314904e+00 -5.86413835e-01
 -1.30297218e+00 -5.89164161e-01
 -1.34350101e+00 -5.92135317e-01
 -1.24349813e+00 -5.95322815e-01
 -1.31434347e+00 -5.98723344e-01
 -1.23829559e+00 -6.02334657e-01
 -1.33729177e+00 -6.06155476e-01
 -1.37571754e+00 -6.10185412e-01
 -1.32034041e+00 -6.14424904e-01
 -1.17179512e+00 -6.18875166e-01
 -1.20338428e+00 -6.23538142e-01
 -1.20036208e+00 -6.28416481e-01
 -1.22388393e+00 -6.33513508e-01
 -1.16234801e+00 -6.38833209e-01
 -1.12559762e+00 -6.44380224e-01
 -1.17290477e+00 -6.50159841e-01
 -1.11959646e+00 -6.56177998e-01
 -1.22397042e+00 -6.62441296e-01
 -1.18922317e+00 -6.68957006e-01
 -1.09356501e+00 -6.75733094e-01
 -1.08754569e+00 -6.82778240e-01
 -1.15169782e+00 -6.90101871e-01
 -1.19163736e+00 -6.97714193e-01
 -1.12267693e+00 -7.05626236e-01
 -1.21312367e+00 -7.13849896e-01
 -1.23346330e+00 -7.22397990e-01
 -1.10031565e+00 -7.31284318e-01
 -1.18643681e+00 -7.40523728e-01
 -1.07357170e+00 -7.50132194e-01
 -1.17873955e+00 -7.60126897e-01
 -1.14085130e+00 -7.70526325e-01
 -1.11583725e+00 -7.81350378e-01
 -1.18122580e+00 -7.92620481e-01
 -1.14238157e+00 -8.04359722e-01
 -1.10997182e+00 -8.16592997e-01
 -1.03990589e+00 -8.29347175e-01
 -1.12684484e+00 -8.42651284e-01
 -1.13562491e+00 -8.56536715e-01
 -1.15552634e+00 -8.71037459e-01
 -1.23929641e+00 -8.86190362e-01
 -1.08516539e+00 -9.02035428e-01
 -1.13846335e+00 -9.18616144e-01
 -1.24329329e+00 -9.35979861e-01
 -1.15967998e+00 -9.54178217e-01
 -1.13981160e+00 -9.73267628e-01
 -1.16554681e+00 -9.93309837e-01
 -1.26521122e+00 -1.01437255e+00
 -1.23074528e+00 -1.03653014e+00
 -1.20469121e+00 -1.05986453e+00
 -1.25842941e+00 -1.08446609e+00
 -1.27014743e+00 -1.11043480e+00
 -1.32681129e+00 -1.13788151e+00
 -1.35149933e+00 -1.16692946e+00
 -1.34274877e+00 -1.19771600e+00
 -1.41554514e+00 -1.23039471e+00
 -1.38649972e+00 -1.26513779e+00
 -1.32549388e+00 -1.30213893e+00
 -1.51562461e+00 -1.34161676e+00
 -1.29372078e+00 -1.38381889e+00
 -1.45871473e+00 -1.42902685e+00
 -1.51977474e+00 -1.47756195e+00
 -1.54582875e+00 -1.52979248e+00
 -1.56811147e+00 -1.58614240e+00
 -1.61934369e+00 -1.64710204e+00
 -1.68617472e+00 -1.71324123e+00
 -1.83959240e+00 -1.78522567e+00
 -1.78800292e+00 -1.86383712e+00
 -1.93710261e+00 -1.94999890e+00
 -1.97707960e+00 -2.04480767e+00
 -2.00155496e+00 -2.14957368e+00
 -2.19724029e+00 -2.26587126e+00
 -2.38303792e+00 -2.39560231e+00
 -2.45153278e+00 -2.54107473e+00
 -2.62191233e+00 -2.70509695e+00
 -2.83937390e+00 -2.89108426e+00
 -3.16867882e+00 -3.10315996e+00
 -3.35691108e+00 -3.34619849e+00
 -3.76627817e+00 -3.62566581e+00
 -4.30033640e+00 -3.94686578e+00
 -4.94642709e+00 -4.31252123e+00
 -5.93435659e+00 -4.71564868e+00
 -7.22484765e+00 -5.11867562e+00
 -9.10908086e+00 -5.39071184e+00
 -1.20854924e+01 -5.11723259e+00
 -1.60886938e+01 -3.09637584e+00
 -1.97398848e+01 2.98025330e+00
 -1.72114835e+01 1.17942946e+01
 -9.57795924e+00 1.51912948e+01
 -4.07124802e+00 1.35753859e+01
 -1.43350727e+00 1.11054775e+01
 -1.66417845e-01 9.06888896e+00
 3.37937483e-01 7.54348876e+00
 4.75614420e-01 6.40495358e+00
 5.69311422e-01 5.53904248e+00
 7.30210009e-01 4.86515668e+00
 7.07023262e-01 4.32902942e+00
 6.08350779e-01 3.89400370e+00
 6.14015929e-01 3.53486734e+00
 5.33446741e-01 3.23389435e+00
 5.69033262e-01 2.97834362e+00
 4.48322024e-01 2.75886415e+00
 4.05921466e-01 2.56846039e+00
 3.80032458e-01 2.40180699e+00
 2.85427098e-01 2.25478577e+00
 2.50042551e-01 2.12416633e+00
 3.80642898e-01 2.00738182e+00
 2.24109885e-01 1.90236860e+00
 2.17357524e-01 1.80744983e+00
 1.76293678e-01 1.72124966e+00
 2.64591568e-01 1.64262911e+00
 1.58560461e-01 1.57063754e+00
 1.07935779e-01 1.50447551e+00
 6.80272220e-02 1.44346606e+00
 1.06648016e-02 1.38703223e+00
 4.59168570e-02 1.33467933e+00
 3.11327221e-03 1.28598087e+00
 3.28800265e-02 1.24056721e+00
 4.48261235e-02 1.19811645e+00
 -5.19308675e-02 1.15834697e+00
 -6.86880547e-02 1.12101134e+00
 -4.62163975e-02 1.08589129e+00
 -4.36716464e-02 1.05279353e+00
 -1.21534731e-01 1.02154630e+00
 -8.15945454e-02 9.91996445e-01
 -1.43127169e-01 9.64006932e-01
 -1.84668445e-01 9.37454812e-01
 -1.65852311e-01 9.12229430e-01
 -1.62656200e-01 8.88230921e-01
 -1.76047292e-01 8.65368922e-01
 -2.05910051e-01 8.43561451e-01
 -2.45658027e-01 8.22733954e-01
 -2.82599708e-01 8.02818467e-01
 -2.16440995e-01 7.83752894e-01
 -3.25029656e-01 7.65480375e-01
 -2.58145080e-01 7.47948734e-01
 -2.70228571e-01 7.31109993e-01
 -2.42461244e-01 7.14919943e-01
 -2.87749800e-01 6.99337773e-01
 -2.66351468e-01 6.84325730e-01
 -2.84816306e-01 6.69848827e-01
 -3.53057552e-01 6.55874579e-01
 -3.84617511e-01 6.42372768e-01
 -2.96310387e-01 6.29315234e-01
 -4.63470193e-01 6.16675686e-01
 -3.94368444e-01 6.04429536e-01
 -4.03617895e-01 5.92553742e-01
 -4.12903913e-01 5.81026678e-01
 -4.15352556e-01 5.69828005e-01
 -4.94348404e-01 5.58938563e-01
 -3.86160914e-01 5.48340264e-01
 -4.64545577e-01 5.38016008e-01
 -5.30818529e-01 5.27949591e-01
 -5.27046556e-01 5.18125633e-01
 -5.60503048e-01 5.08529505e-01
 -5.26240364e-01 4.99147270e-01
 -5.17066285e-01 4.89965618e-01
 -6.25558744e-01 4.80971817e-01
 -6.09620249e-01 4.72153665e-01
 -6.42194952e-01 4.63499439e-01
 -6.05656082e-01 4.54997860e-01
 -5.72275369e-01 4.46638055e-01
 -5.94573958e-01 4.38409521e-01
 -6.25317647e-01 4.30302099e-01
 -6.94813558e-01 4.22305944e-01
 -6.63037742e-01 4.14411506e-01
 -7.40858262e-01 4.06609508e-01
 -6.65162546e-01 3.98890935e-01
 -7.71235626e-01 3.91247026e-01
 -7.58611539e-01 3.83669265e-01
 -8.63176343e-01 3.76149388e-01
 -9.56494784e-01 3.68679395e-01
 -8.68646098e-01 3.61251565e-01
 -9.84000343e-01 3.53858491e-01
 -8.18744716e-01 3.46493123e-01
 -9.58500038e-01 3.39148830e-01
 -1.04321844e+00 3.31819487e-01
 -9.77865026e-01 3.24499580e-01
 -1.11486876e+00 3.17184353e-01
 -1.02859449e+00 3.09869995e-01
 -1.09028280e+00 3.02553884e-01
 -1.13529791e+00 2.95234897e-01
 -1.20984392e+00 2.87913818e-01
 -1.25972594e+00 2.80593858e-01
 -1.32548438e+00 2.73281334e-01
 -1.40009205e+00 2.65986551e-01
 -1.46709644e+00 2.58724952e-01
 -1.42703183e+00 2.51518624e-01
 -1.46244133e+00 2.44398292e-01
 -1.54693543e+00 2.37405956e-01
 -1.65987317e+00 2.30598423e-01
 -1.76300541e+00 2.24052061e-01
 -1.80881571e+00 2.17869267e-01
 -1.91368926e+00 2.12187330e-01
 -2.03891474e+00 2.07190732e-01
 -2.17941418e+00 2.03128402e-01
 -2.31169233e+00 2.00338234e-01
 -2.38349151e+00 1.99282420e-01
 -2.57459399e+00 2.00599178e-01
 -2.79317248e+00 2.05179791e-01
 -2.95705036e+00 2.14285571e-01
 -3.16805688e+00 2.29729264e-01
 -3.44164550e+00 2.54163182e-01
 -3.70932212e+00 2.91549232e-01
 -4.17740201e+00 3.47948973e-01
 -4.52286195e+00 4.32896932e-01
 -5.13085362e+00 5.61879326e-01
 -5.67083246e+00 7.60998338e-01
 -6.50894341e+00 1.07615278e+00
 -7.56028327e+00 1.59194143e+00
 -8.73770106e+00 2.47196595e+00
 -1.03215436e+01 4.04390131e+00
 -1.19974899e+01 6.94535023e+00
 -1.26100562e+01 1.20683445e+01
 -8.76482811e+00 1.85937472e+01
 -1.78672934e-01 2.06324002e+01
 6.09821342e+00 1.65535593e+01
 8.00667953e+00 1.18189986e+01
 7.92103624e+00 8.52596643e+00
 7.19388862e+00 6.42562740e+00
 6.40977359e+00 5.06236660e+00
 5.87469024e+00 4.14107583e+00
 5.23472375e+00 3.49222682e+00
 4.73406852e+00 3.01814481e+00
 4.30575597e+00 2.66068830e+00
 4.02833492e+00 2.38388959e+00
 3.69635511e+00 2.16465342e+00
 3.53684910e+00 1.98763782e+00
 3.38066328e+00 1.84233790e+00
 3.09136461e+00 1.72136529e+00
 2.97418342e+00 1.61939870e+00
 2.73905769e+00 1.53252411e+00
 2.69428546e+00 1.45780811e+00
 2.45783726e+00 1.39301513e+00
 2.49322235e+00 1.33641564e+00
 2.34502364e+00 1.28665335e+00
 2.25564872e+00 1.24265160e+00
 2.19602066e+00 1.20354612e+00
 2.00021363e+00 1.16863610e+00
 1.98254705e+00 1.13734803e+00
 1.83079384e+00 1.10920854e+00
 1.87316004e+00 1.08382389e+00
 1.85123705e+00 1.06086426e+00
 1.76610230e+00 1.04005151e+00
 1.64566479e+00 1.02114968e+00
 1.64781143e+00 1.00395748e+00
 1.53698736e+00 9.88302295e-01
 1.60929548e+00 9.74035421e-01
 1.63142038e+00 9.61028176e-01
 1.55300869e+00 9.49168769e-01
 1.41568301e+00 9.38359730e-01
 1.43006534e+00 9.28515796e-01
 1.42744368e+00 9.19562162e-01
 1.38288154e+00 9.11433029e-01
 1.41246597e+00 9.04070385e-01
 1.34158689e+00 8.97422989e-01
 1.33404237e+00 8.91445513e-01
 1.34066215e+00 8.86097808e-01
 1.33407142e+00 8.81344294e-01
 1.14924622e+00 8.77153429e-01
 1.25289621e+00 8.73497263e-01
 1.20314444e+00 8.70351050e-01
 1.11331614e+00 8.67692920e-01
 1.11828753e+00 8.65503593e-01
 1.10579739e+00 8.63766138e-01
 1.10177735e+00 8.62465759e-01
 1.11429071e+00 8.61589617e-01
 1.05358027e+00 8.61126672e-01
 1.14358394e+00 8.61067553e-01
 1.11640537e+00 8.61404441e-01
 1.08559363e+00 8.62130975e-01
 9.60010409e-01 8.63242168e-01
 1.00636021e+00 8.64734343e-01
 1.03938897e+00 8.66605078e-01
 1.05397240e+00 8.68853158e-01
 1.01105160e+00 8.71478548e-01
 9.83181127e-01 8.74482368e-01
 1.04171269e+00 8.77866878e-01
 9.19838343e-01 8.81635475e-01
 1.06508649e+00 8.85792699e-01
 9.60014483e-01 8.90344243e-01
 9.63416117e-01 8.95296979e-01
 9.52746496e-01 9.00658985e-01
 9.19819191e-01 9.06439588e-01
 9.43432880e-01 9.12649413e-01
 9.04353688e-01 9.19300443e-01
 9.44568811e-01 9.26406091e-01
 9.45387215e-01 9.33981281e-01
 8.24316466e-01 9.42042547e-01
 8.63704888e-01 9.50608139e-01
 9.80446094e-01 9.59698152e-01
 8.21084777e-01 9.69334666e-01
 9.23932647e-01 9.79541911e-01
 8.15440753e-01 9.90346448e-01
 9.08376280e-01 1.00177738e+00
 9.12352092e-01 1.01386659e+00
 8.42525621e-01 1.02664901e+00
 9.03459852e-01 1.04016293e+00
 9.29994998e-01 1.05445032e+00
 9.57288915e-01 1.06955726e+00
 9.48008422e-01 1.08553438e+00
 9.33764104e-01 1.10243738e+00
 9.27225452e-01 1.12032761e+00
 9.73209457e-01 1.13927276e+00
 9.34796615e-01 1.15934763e+00
 8.89564719e-01 1.18063509e+00
 9.29148755e-01 1.20322706e+00
 8.14447516e-01 1.22722580e+00
 9.72173935e-01 1.25274529e+00
 9.34878584e-01 1.27991296e+00
 9.57021298e-01 1.30887164e+00
 1.03877649e+00 1.33978188e+00
 9.91136182e-01 1.37282478e+00
 8.93286942e-01 1.40820524e+00
 9.47861889e-01 1.44615599e+00
 9.96171555e-01 1.48694232e+00
 1.04078985e+00 1.53086795e+00
 1.03247972e+00 1.57828204e+00
 1.10846534e+00 1.62958792e+00
 1.04693692e+00 1.68525374e+00
 1.06227621e+00 1.74582586e+00
 1.04778836e+00 1.81194542e+00
 1.09597635e+00 1.88436938e+00
 1.15737901e+00 1.96399719e+00
 1.18138882e+00 2.05190484e+00
 1.18452018e+00 2.14938893e+00
 1.31267910e+00 2.25802371e+00
 1.25638852e+00 2.37973579e+00
 1.39873336e+00 2.51690215e+00
 1.48395098e+00 2.67247915e+00
 1.61794875e+00 2.85017136e+00
 1.72042961e+00 3.05464889e+00
 1.91729773e+00 3.29181493e+00
 2.02813526e+00 3.56909803e+00
 2.33507202e+00 3.89565710e+00
 2.76170897e+00 4.28212250e+00
 3.21408207e+00 4.73869250e+00
 4.08160258e+00 5.26789990e+00
 5.08674955e+00 5.84038740e+00
 6.83145982e+00 6.31713765e+00
 9.50175429e+00 6.22037196e+00
 1.30687712e+01 4.29834412e+00
 1.51773817e+01 -7.65407896e-01
 1.29844934e+01 -6.24051819e+00
 8.69752671e+00 -8.26656655e+00
 5.51579349e+00 -7.92107978e+00
 3.56551534e+00 -6.94562690e+00
 2.60880748e+00 -5.98366949e+00
 1.96557676e+00 -5.17471311e+00
 1.41629698e+00 -4.51896204e+00
 1.09653516e+00 -3.98861825e+00
 9.99167107e-01 -3.55590456e+00
 8.44989391e-01 -3.19854395e+00
 7.27837497e-01 -2.89967986e+00
 7.00230557e-01 -2.64672715e+00
 7.21312088e-01 -2.43026252e+00
 6.54556732e-01 -2.24316396e+00
 5.66936360e-01 -2.07998499e+00
 6.04990812e-01 -1.93650843e+00
 5.48063657e-01 -1.80942871e+00
 6.16583994e-01 -1.69612433e+00
 5.59849263e-01 -1.59449331e+00
 6.50943177e-01 -1.50283284e+00
 5.64008803e-01 -1.41975027e+00
 5.97090388e-01 -1.34409652e+00
 5.42085835e-01 -1.27491567e+00
 6.23441306e-01 -1.21140642e+00
 5.53607817e-01 -1.15289234e+00
 6.41655973e-01 -1.09879862e+00
 5.20294441e-01 -1.04863383e+00
 5.33002888e-01 -1.00197538e+00
 5.37102324e-01 -9.58457960e-01
 5.43358847e-01 -9.17764167e-01
 5.98078490e-01 -8.79616918e-01
 6.40088652e-01 -8.43773248e-01
 5.00187461e-01 -8.10019214e-01
 5.97408660e-01 -7.78165676e-01
 5.69629811e-01 -7.48044783e-01
 5.42411127e-01 -7.19507048e-01
 5.78660116e-01 -6.92418871e-01
 6.67261520e-01 -6.66660466e-01
 5.81618987e-01 -6.42124088e-01
 6.83244557e-01 -6.18712530e-01
 6.34795079e-01 -5.96337832e-01
 6.83519573e-01 -5.74920179e-01
 7.10450816e-01 -5.54386942e-01
 5.86645316e-01 -5.34671856e-01
 6.13452293e-01 -5.15714297e-01
 7.52789145e-01 -4.97458664e-01
 5.90519109e-01 -4.79853825e-01
 5.43818881e-01 -4.62852643e-01
 6.81599232e-01 -4.46411548e-01
 7.36657576e-01 -4.30490169e-01
 7.26878073e-01 -4.15051000e-01
 7.07282037e-01 -4.00059108e-01
 6.96815819e-01 -3.85481872e-01
 7.18115107e-01 -3.71288747e-01
 6.42601100e-01 -3.57451053e-01
 6.67987958e-01 -3.43941789e-01
 7.26134443e-01 -3.30735460e-01
 7.40459187e-01 -3.17807924e-01
 7.04145673e-01 -3.05136246e-01
 7.70912619e-01 -2.92698575e-01
 8.28042138e-01 -2.80474020e-01
 7.99765444e-01 -2.68442545e-01
 8.36244546e-01 -2.56584867e-01
 7.41513062e-01 -2.44882356e-01
 8.45725870e-01 -2.33316954e-01
 7.62934932e-01 -2.21871087e-01
 8.10553917e-01 -2.10527586e-01
 8.96861444e-01 -1.99269611e-01
 8.29301957e-01 -1.88080579e-01
 9.13209142e-01 -1.76944093e-01
 8.48937629e-01 -1.65843868e-01
 9.50729671e-01 -1.54763669e-01
 9.05639731e-01 -1.43687239e-01
 9.25510965e-01 -1.32598232e-01
 9.91920343e-01 -1.21480142e-01
 1.05403297e+00 -1.10316237e-01
 9.92939337e-01 -9.90894845e-02
 1.01975231e+00 -8.77824766e-02
 1.02545339e+00 -7.63773563e-02
 1.07090531e+00 -6.48557358e-02
 1.13446112e+00 -5.31986132e-02
 1.13118307e+00 -4.13862847e-02
 1.10826973e+00 -2.93982516e-02
 1.12953760e+00 -1.72131220e-02
 1.10960588e+00 -4.80850732e-03
 1.20782045e+00 7.83908820e-03
 1.25020067e+00 2.07543838e-02
 1.22945662e+00 3.39634452e-02
 1.27170849e+00 4.74938141e-02
 1.33585774e+00 6.13746429e-02
 1.33051581e+00 7.56368344e-02
 1.30992189e+00 9.03131840e-02
 1.39365959e+00 1.05438521e-01
 1.55694115e+00 1.21049846e-01
 1.55953290e+00 1.37186451e-01
 1.47971329e+00 1.53890024e-01
 1.60935398e+00 1.71204706e-01
 1.72849957e+00 1.89177097e-01
 1.72201210e+00 2.07856154e-01
 1.79405798e+00 2.27292963e-01
 1.81666803e+00 2.47540296e-01
 1.88016280e+00 2.68651856e-01
 1.93301011e+00 2.90681081e-01
 2.02375690e+00 3.13679276e-01
 2.21080331e+00 3.37692775e-01
 2.28701508e+00 3.62758658e-01
 2.45384349e+00 3.88898314e-01
 2.49051192e+00 4.16107794e-01
 2.61763793e+00 4.44343257e-01
 2.69011174e+00 4.73498935e-01
 2.85494444e+00 5.03373439e-01
 3.16533084e+00 5.33617658e-01
 3.28906698e+00 5.63653110e-01
 3.52037722e+00 5.92541820e-01
 3.82347670e+00 6.18775010e-01
 4.21841953e+00 6.39922243e-01
 4.47793400e+00 6.52034004e-01
 4.95078561e+00 6.48594744e-01
 5.54761711e+00 6.18627646e-01
 6.24434713e+00 5.43137640e-01
 7.14314401e+00 3.88169637e-01
 8.05495955e+00 9.07145652e-02
 9.51759308e+00 -4.70856123e-01
 1.11298598e+01 -1.53904027e+00
 1.30825659e+01 -3.59528724e+00
 1.49471683e+01 -7.46493926e+00
 1.44649884e+01 -1.36638875e+01
 9.00076655e+00 -1.94482127e+01
 1.15801182e+00 -1.98023227e+01
 -3.72826188e+00 -1.62189323e+01
 -5.63440262e+00 -1.24749363e+01
 -5.91989346e+00 -9.68475727e+00
 -5.65651800e+00 -7.73775777e+00
 -5.32085618e+00 -6.36918043e+00
 -4.96547846e+00 -5.38124199e+00
 -4.44403709e+00 -4.64667078e+00
 -4.12191911e+00 -4.08519847e+00
 -3.84381266e+00 -3.64542880e+00
 -3.54023561e+00 -3.29360426e+00
 -3.27581522e+00 -3.00693607e+00
 -3.08960623e+00 -2.76962822e+00
 -2.93914946e+00 -2.57046104e+00
 -2.80914070e+00 -2.40128678e+00
 -2.58859995e+00 -2.25606911e+00
 -2.50015114e+00 -2.13025477e+00
 -2.39283060e+00 -2.02035317e+00
 -2.16884090e+00 -1.92364900e+00
 -2.10677758e+00 -1.83800190e+00
 -2.01926157e+00 -1.76170442e+00
 -1.94456283e+00 -1.69337948e+00
 -1.89727790e+00 -1.63190537e+00
 -1.86813134e+00 -1.57636000e+00
 -1.84069980e+00 -1.52597903e+00
 -1.63608227e+00 -1.48012400e+00
 -1.68418087e+00 -1.43825777e+00
 -1.54619857e+00 -1.39992552e+00
 -1.52616108e+00 -1.36473975e+00
 -1.45901793e+00 -1.33236849e+00
 -1.36347216e+00 -1.30252581e+00
 -1.36856478e+00 -1.27496432e+00
 -1.29441907e+00 -1.24946893e+00
 -1.19675131e+00 -1.22585190e+00
 -1.29284225e+00 -1.20394872e+00
 -1.20484097e+00 -1.18361471e+00
 -1.17933891e+00 -1.16472221e+00
 -1.18874848e+00 -1.14715823e+00
 -1.14529916e+00 -1.13082249e+00
 -1.12227613e+00 -1.11562577e+00
 -1.14548557e+00 -1.10148849e+00
 -1.03035254e+00 -1.08833952e+00
 -9.53029439e-01 -1.07611519e+00
 -9.45746106e-01 -1.06475841e+00
 -1.00828818e+00 -1.05421791e+00
 -9.85643912e-01 -1.04444760e+00
 -1.03322189e+00 -1.03540606e+00
 -8.94236915e-01 -1.02705601e+00
 -8.04905647e-01 -1.01936390e+00
 -8.85041615e-01 -1.01229958e+00
 -8.06488047e-01 -1.00583597e+00
 -8.33206883e-01 -9.99948771e-01
 -8.85902758e-01 -9.94616258e-01
 -8.84784716e-01 -9.89819044e-01
 -7.82104571e-01 -9.85539917e-01
 -8.24807917e-01 -9.81763677e-01
 -7.66512662e-01 -9.78477002e-01
 -6.41517796e-01 -9.75668334e-01
 -7.87504535e-01 -9.73327776e-01
 -7.01246955e-01 -9.71447010e-01
 -6.87153788e-01 -9.70019225e-01
 -7.56507176e-01 -9.69039064e-01
 -7.20202133e-01 -9.68502574e-01
 -6.58539699e-01 -9.68407174e-01
 -5.71391031e-01 -9.68751635e-01
 -7.08934909e-01 -9.69536063e-01
 -6.57979452e-01 -9.70761903e-01
 -5.55088090e-01 -9.72431941e-01
 -6.79040520e-01 -9.74550328e-01
 -5.75536597e-01 -9.77122608e-01
 -5.91463825e-01 -9.80155756e-01
 -6.87018344e-01 -9.83658235e-01
 -6.14993106e-01 -9.87640058e-01
 -6.53601307e-01 -9.92112865e-01
 -5.14029851e-01 -9.97090021e-01
 -6.09508416e-01 -1.00258672e+00
 -4.70220735e-01 -1.00862010e+00
 -5.60800493e-01 -1.01520942e+00
 -5.75854297e-01 -1.02237621e+00
 -5.47377830e-01 -1.03014444e+00
 -5.23313314e-01 -1.03854079e+00
 -4.89831596e-01 -1.04759486e+00
 -4.90887021e-01 -1.05733949e+00
 -5.05395041e-01 -1.06781109e+00
 -5.48877775e-01 -1.07905000e+00
 -6.49749762e-01 -1.09110096e+00
 -4.73101642e-01 -1.10401361e+00
 -4.22649179e-01 -1.11784304e+00
 -4.74994763e-01 -1.13265055e+00
 -4.36241277e-01 -1.14850435e+00
 -4.44366650e-01 -1.16548053e+00
 -4.20993739e-01 -1.18366414e+00
 -3.85205782e-01 -1.20315040e+00
 -4.48014988e-01 -1.22404625e+00
 -3.88072547e-01 -1.24647204e+00
 -3.87928155e-01 -1.27056366e+00
 -4.23368617e-01 -1.29647500e+00
 -4.33683450e-01 -1.32438094e+00
 -4.19853452e-01 -1.35448096e+00
 -2.50643537e-01 -1.38700345e+00
 -4.03788441e-01 -1.42221110e+00
 -3.84818309e-01 -1.46040735e+00
 -2.34013922e-01 -1.50194451e+00
 -2.85848544e-01 -1.54723378e+00
 -3.12442201e-01 -1.59675784e+00
 -3.04645672e-01 -1.65108676e+00
 -4.06762431e-01 -1.71089837e+00
 -2.49869400e-01 -1.77700433e+00
 -2.61013687e-01 -1.85038421e+00
 -2.10466953e-01 -1.93223008e+00
 -3.21160469e-01 -2.02400591e+00
 -2.46413647e-01 -2.12752722e+00
 -3.11501517e-01 -2.24506949e+00
 -2.32437071e-01 -2.37951731e+00
 -2.58871620e-01 -2.53457216e+00
 -2.59764245e-01 -2.71504476e+00
 -2.05350647e-01 -2.92726973e+00
 -1.85685834e-01 -3.17969395e+00
 -2.60628753e-01 -3.48369918e+00
 -5.24223524e-01 -3.85469261e+00
 -6.40300214e-01 -4.31332082e+00
 -7.72745962e-01 -4.88591462e+00
 -1.25285662e+00 -5.60045387e+00
 -2.03442043e+00 -6.46420386e+00
 -3.44250217e+00 -7.37623118e+00
 -5.90481637e+00 -7.86202377e+00
 -9.08333723e+00 -6.72083459e+00
 -1.11803344e+01 -3.20562828e+00
 -1.04236150e+01 5.08986934e-01
 -8.32479726e+00 2.46438620e+00
 -6.39878125e+00 3.06844482e+00
 -5.10695397e+00 3.07948941e+00
 -4.11951961e+00 2.88519566e+00
 -3.59443405e+00 2.63859647e+00
 -3.05032477e+00 2.39486184e+00
 -2.68229845e+00 2.17184689e+00
 -2.39783266e+00 1.97351408e+00
 -2.18973946e+00 1.79884898e+00
 -1.99266321e+00 1.64527471e+00
 -1.93133481e+00 1.50994942e+00
 -1.64950730e+00 1.39023256e+00
 -1.66784370e+00 1.28382294e+00
 -1.59789145e+00 1.18876962e+00
 -1.45554811e+00 1.10343776e+00
 -1.46668705e+00 1.02646263e+00
 -1.45593398e+00 9.56704515e-01
 -1.36447058e+00 8.93209141e-01
 -1.21226560e+00 8.35174359e-01
 -1.27190659e+00 7.81922838e-01
 -1.16646430e+00 7.32879855e-01
 -1.22700729e+00 6.87555326e-01
 -1.17090469e+00 6.45529274e-01
 -1.11415525e+00 6.06440052e-01
 -1.19607827e+00 5.69974767e-01
 -1.02632584e+00 5.35861479e-01
 -1.15327933e+00 5.03862797e-01
 -1.17266426e+00 4.73770617e-01
 -1.04173605e+00 4.45401769e-01
 -1.08147979e+00 4.18594398e-01
 -1.02225005e+00 3.93204947e-01
 -1.00041206e+00 3.69105631e-01
 -1.08185151e+00 3.46182303e-01
 -1.03707520e+00 3.24332657e-01
 -9.61537418e-01 3.03464694e-01
 -9.74549089e-01 2.83495426e-01
 -1.00772068e+00 2.64349755e-01
 -9.18665580e-01 2.45959515e-01
 -1.06247115e+00 2.28262648e-01
 -9.55203813e-01 2.11202488e-01
 -9.34839176e-01 1.94727137e-01
 -8.94613128e-01 1.78788930e-01
 -9.86947343e-01 1.63343953e-01
 -1.00013661e+00 1.48351633e-01
 -1.02946766e+00 1.33774372e-01
 -9.47476571e-01 1.19577222e-01
 -1.04170342e+00 1.05727597e-01
 -9.37198197e-01 9.21950216e-02
 -1.04988791e+00 7.89508985e-02
 -1.03899390e+00 6.59683085e-02
 -9.97602701e-01 5.32218241e-02
 -9.64576184e-01 4.06873440e-02
 -1.09247633e+00 2.83419422e-02
 -9.64377126e-01 1.61637303e-02
 -9.48649208e-01 4.13173166e-03
 -9.30325457e-01 -7.77423507e-03
 -1.02806696e+00 -1.95736636e-02
 -1.00988150e+00 -3.12854604e-02
 -9.10305876e-01 -4.29280392e-02
 -1.09530904e+00 -5.45194098e-02
 -9.38036892e-01 -6.60772636e-02
 -1.09216037e+00 -7.76190547e-02
 -1.13410166e+00 -8.91620792e-02
 -1.08863126e+00 -1.00723552e-01
 -1.14645932e+00 -1.12320683e-01
 -1.13264449e+00 -1.23970753e-01
 -1.08973901e+00 -1.35691189e-01
 -1.05244557e+00 -1.47499640e-01
 -1.10221911e+00 -1.59414057e-01
 -1.14273108e+00 -1.71452773e-01
 -1.16779049e+00 -1.83634583e-01
 -1.11793811e+00 -1.95978835e-01
 -1.04124585e+00 -2.08505523e-01
 -1.16364587e+00 -2.21235377e-01
 -1.15537562e+00 -2.34189973e-01
 -1.16416007e+00 -2.47391839e-01
 -1.19810732e+00 -2.60864577e-01
 -1.15127333e+00 -2.74632990e-01
 -1.28974318e+00 -2.88723221e-01
 -1.26941483e+00 -3.03162906e-01
 -1.29962495e+00 -3.17981340e-01
 -1.30745440e+00 -3.33209658e-01
 -1.25764204e+00 -3.48881036e-01
 -1.29269231e+00 -3.65030912e-01
 -1.31936460e+00 -3.81697230e-01
 -1.46067866e+00 -3.98920705e-01
 -1.54636144e+00 -4.16745129e-01
 -1.44012025e+00 -4.35217695e-01
 -1.46221853e+00 -4.54389367e-01
 -1.50077962e+00 -4.74315290e-01
 -1.69110134e+00 -4.95055235e-01
 -1.60003738e+00 -5.16674109e-01
 -1.67532251e+00 -5.39242501e-01
 -1.62554186e+00 -5.62837299e-01
 -1.69634613e+00 -5.87542357e-01
 -1.75779091e+00 -6.13449224e-01
 -1.84448581e+00 -6.40657933e-01
 -1.88808161e+00 -6.69277831e-01
 -1.83124139e+00 -6.99428445e-01
 -1.90723716e+00 -7.31240332e-01
 -1.93343999e+00 -7.64855875e-01
 -2.16502126e+00 -8.00429917e-01
 -2.28666774e+00 -8.38130079e-01
 -2.32098078e+00 -8.78136514e-01
 -2.39272860e+00 -9.20640703e-01
 -2.54423546e+00 -9.65842648e-01
 -2.73051249e+00 -1.01394544e+00
 -2.73838189e+00 -1.06514554e+00
 -2.90515954e+00 -1.11961603e+00
 -3.18054300e+00 -1.17747837e+00
 -3.27958606e+00 -1.23875494e+00
 -3.57043512e+00 -1.30328949e+00
 -3.81598923e+00 -1.37061253e+00
 -4.09769279e+00 -1.43971089e+00
 -4.47689126e+00 -1.50862643e+00
 -4.78916301e+00 -1.57374219e+00
 -5.41638053e+00 -1.62847934e+00
 -5.88617975e+00 -1.66084763e+00
 -6.80948154e+00 -1.64868719e+00
 -7.74981827e+00 -1.55010631e+00
 -8.96234665e+00 -1.28368152e+00
 -1.04824430e+01 -6.86987327e-01
 -1.24978295e+01 5.65914601e-01
 -1.46527700e+01 3.08529179e+00
 -1.61413267e+01 7.66702657e+00
 -1.45389020e+01 1.38880935e+01
 -8.64029640e+00 1.80287771e+01
 -2.29244494e+00 1.75261475e+01
 1.60219224e+00 1.47155969e+01
 3.21435396e+00 1.18855442e+01
 3.77927868e+00 9.66128198e+00
 3.77072511e+00 8.00827798e+00
 3.71082728e+00 6.77962348e+00
 3.45735923e+00 5.85046377e+00
 3.22790918e+00 5.13258669e+00
 3.01304850e+00 4.56613688e+00
 2.81823492e+00 4.11046799e+00
 2.74411446e+00 3.73756517e+00
 2.54655987e+00 3.42774122e+00
 2.32033218e+00 3.16687809e+00
 2.25552010e+00 2.94465145e+00
 1.92715615e+00 2.75337179e+00
 1.93248846e+00 2.58721471e+00
 1.88428325e+00 2.44169997e+00
 1.75528043e+00 2.31333251e+00
 1.59941664e+00 2.19935058e+00
 1.64200884e+00 2.09754628e+00
 1.53850695e+00 2.00613544e+00
 1.47362425e+00 1.92366213e+00
 1.38732126e+00 1.84892753e+00
 1.26285219e+00 1.78093636e+00
 1.26626587e+00 1.71885594e+00
 1.25835432e+00 1.66198472e+00
 1.26039039e+00 1.60972776e+00
 1.22569751e+00 1.56157747e+00
 1.18406571e+00 1.51709831e+00
 1.03333355e+00 1.47591466e+00
 1.08936256e+00 1.43770090e+00
 1.03090875e+00 1.40217357e+00
 1.00703841e+00 1.36908475e+00
 9.18617278e-01 1.33821685e+00
 9.75934494e-01 1.30937810e+00
 8.60627393e-01 1.28239895e+00
 8.11207681e-01 1.25712898e+00
 8.25379552e-01 1.23343435e+00
 7.61745697e-01 1.21119566e+00
 7.85049370e-01 1.19030605e+00
 7.45392812e-01 1.17066972e+00
 7.08286497e-01 1.15220055e+00
 6.63088461e-01 1.13482098e+00
 6.53778625e-01 1.11846102e+00
 6.08594989e-01 1.10305742e+00
 6.28219906e-01 1.08855293e+00
 5.80797768e-01 1.07489566e+00
 6.26127535e-01 1.06203852e+00
 5.07564391e-01 1.04993879e+00
 5.24085793e-01 1.03855763e+00
 6.32404072e-01 1.02785975e+00
 5.34149085e-01 1.01781309e+00
 6.07136305e-01 1.00838853e+00
 4.41808448e-01 9.99559620e-01
 3.96860713e-01 9.91302410e-01
 4.71370272e-01 9.83595216e-01
 4.63186635e-01 9.76418469e-01
 4.35060420e-01 9.69754569e-01
 2.72265355e-01 9.63587752e-01
 3.97032414e-01 9.57903985e-01
 4.23404653e-01 9.52690865e-01
 3.78534172e-01 9.47937541e-01
 4.04707301e-01 9.43634645e-01
 3.52534026e-01 9.39774236e-01
 2.58948550e-01 9.36349754e-01
 3.87976818e-01 9.33355987e-01
 3.71887113e-01 9.30789048e-01
 3.74434781e-01 9.28646364e-01
 3.09971124e-01 9.26926669e-01
 2.68046930e-01 9.25630016e-01
 2.57687755e-01 9.24757793e-01
 2.43629508e-01 9.24312755e-01
 1.44083539e-01 9.24299063e-01
 2.20449535e-01 9.24722338e-01
 1.25256320e-01 9.25589731e-01
 1.49497719e-01 9.26910002e-01
 1.70063430e-01 9.28693619e-01
 2.13185153e-01 9.30952876e-01
 7.78559953e-02 9.33702024e-01
 9.19117976e-02 9.36957438e-01
 1.19801477e-01 9.40737797e-01
 3.81699841e-02 9.45064301e-01
 8.19484236e-02 9.49960921e-01
 6.69358901e-02 9.55454688e-01
 4.46573319e-02 9.61576031e-01
 3.21862018e-02 9.68359165e-01
 3.02151106e-02 9.75842548e-01
 -8.38266713e-02 9.84069407e-01
 -4.38811352e-02 9.93088364e-01
 -4.50264002e-03 1.00295416e+00
 -1.68157315e-02 1.01372850e+00
 -8.36115432e-02 1.02548109e+00
 -2.05183566e-01 1.03829079e+00
 -1.25778917e-01 1.05224710e+00
 -7.62405594e-02 1.06745180e+00
 -1.64792387e-01 1.08402104e+00
 -1.94287253e-01 1.10208779e+00
 -2.48635288e-01 1.12180488e+00
 -2.63533675e-01 1.14334862e+00
 -2.35313787e-01 1.16692339e+00
 -3.10199109e-01 1.19276715e+00
 -3.61661565e-01 1.22115849e+00
 -4.34389560e-01 1.25242536e+00
 -4.73019871e-01 1.28695622e+00
 -4.58523553e-01 1.32521421e+00
 -4.18002789e-01 1.36775555e+00
 -5.92447955e-01 1.41525344e+00
 -5.66919680e-01 1.46852960e+00
 -6.76378656e-01 1.52859642e+00
 -7.39371969e-01 1.59671379e+00
 -8.58649417e-01 1.67446701e+00
 -8.83078355e-01 1.76387512e+00
 -9.23245228e-01 1.86754376e+00
 -9.98774107e-01 1.98888481e+00
 -1.08658069e+00 2.13243728e+00
 -1.22433883e+00 2.30434508e+00
 -1.36026263e+00 2.51308117e+00
 -1.53922243e+00 2.77056347e+00
 -1.57727005e+00 3.09389351e+00
 -1.78031749e+00 3.50805995e+00
 -1.92905043e+00 4.04998982e+00
 -1.97621870e+00 4.77378996e+00
 -1.79552683e+00 5.75360742e+00
 -1.54205927e+00 7.06513451e+00
 -4.80019759e-01 8.67212727e+00
 1.86867344e+00 1.00538383e+01
 5.38838395e+00 9.84735171e+00
 8.09977584e+00 7.37286470e+00
 8.57804862e+00 4.33616341e+00
 7.80233317e+00 2.19527483e+00
 6.71387588e+00 9.78297029e-01
 5.86160273e+00 3.29961157e-01
 5.09102285e+00 -9.95623968e-03
 4.50686005e+00 -1.85355911e-01
 4.06358355e+00 -2.71589127e-01
 3.69981826e+00 -3.08431866e-01
 3.33084731e+00 -3.17438538e-01
 3.09792364e+00 -3.10636131e-01
 2.80059211e+00 -2.94917210e-01
 2.63518720e+00 -2.74319567e-01
 2.55269083e+00 -2.51247027e-01
 2.39546058e+00 -2.27143985e-01
 2.25172000e+00 -2.02879108e-01
 2.15463647e+00 -1.78969414e-01
 2.11809729e+00 -1.55714197e-01
 1.98109505e+00 -1.33276701e-01
 1.86101172e+00 -1.11734801e-01
 1.79347361e+00 -9.11128990e-02
 1.79628332e+00 -7.14022333e-02
 1.79849092e+00 -5.25739197e-02
 1.74047064e+00 -3.45873651e-02
 1.61687337e+00 -1.73957068e-02
 1.53972579e+00 -9.49314505e-04
 1.59085297e+00 1.48019757e-02
 1.52031860e+00 2.99074635e-02
 1.47477001e+00 4.44147384e-02
 1.53212082e+00 5.83692003e-02
 1.42849866e+00 7.18138188e-02
 1.44507472e+00 8.47890509e-02
 1.33550307e+00 9.73328596e-02
 1.29594214e+00 1.09480795e-01
 1.29083900e+00 1.21266113e-01
 1.25549844e+00 1.32719920e-01
 1.34402093e+00 1.43871317e-01
 1.28583535e+00 1.54747558e-01
 1.25439193e+00 1.65374198e-01
 1.28490554e+00 1.75775237e-01
 1.21405824e+00 1.85973260e-01
 1.36568478e+00 1.95989568e-01
 1.27755929e+00 2.05844299e-01
 1.14963150e+00 2.15556542e-01
 1.23103833e+00 2.25144442e-01
 1.14562215e+00 2.34625305e-01
 1.20151250e+00 2.44015683e-01
 1.19501169e+00 2.53331464e-01
 1.14374105e+00 2.62587955e-01
 1.11105802e+00 2.71799949e-01
 1.16973539e+00 2.80981807e-01
 1.12498074e+00 2.90147517e-01
 1.20840480e+00 2.99310759e-01
 1.14525730e+00 3.08484970e-01
 1.12796621e+00 3.17683396e-01
 1.14401661e+00 3.26919153e-01
 1.14511267e+00 3.36205280e-01
 1.06569735e+00 3.45554793e-01
 1.23498894e+00 3.54980738e-01
 1.20396170e+00 3.64496243e-01
 1.19057860e+00 3.74114572e-01
 1.16458222e+00 3.83849177e-01
 1.11949305e+00 3.93713754e-01
 1.15464614e+00 4.03722296e-01
 1.17077861e+00 4.13889155e-01
 1.16318463e+00 4.24229096e-01
 1.17471723e+00 4.34757366e-01
 1.14007021e+00 4.45489753e-01
 1.19923686e+00 4.56442663e-01
 1.12616743e+00 4.67633189e-01
 1.24904064e+00 4.79079194e-01
 1.30019456e+00 4.90799393e-01
 1.18630463e+00 5.02813450e-01
 1.15414107e+00 5.15142073e-01
 1.35402328e+00 5.27807127e-01
 1.31039553e+00 5.40831751e-01
 1.27199987e+00 5.54240486e-01
 1.25293508e+00 5.68059423e-01
 1.26862290e+00 5.82316353e-01
 1.36277604e+00 5.97040948e-01
 1.31055760e+00 6.12264946e-01
 1.31911193e+00 6.28022368e-01
 1.33376536e+00 6.44349752e-01
 1.22593123e+00 6.61286419e-01
 1.40252434e+00 6.78874766e-01
 1.35506257e+00 6.97160596e-01
 1.35597288e+00 7.16193485e-01
 1.41219114e+00 7.36027201e-01
 1.41529793e+00 7.56720168e-01
 1.41519783e+00 7.78335996e-01
 1.53046791e+00 8.00944073e-01
 1.53857704e+00 8.24620242e-01
 1.55865821e+00 8.49447564e-01
 1.60474542e+00 8.75517184e-01
 1.61303755e+00 9.02929319e-01
 1.61909143e+00 9.31794378e-01
 1.68981128e+00 9.62234236e-01
 1.67828883e+00 9.94383683e-01
 1.77563052e+00 1.02839207e+00
 1.88440497e+00 1.06442519e+00
 1.85386734e+00 1.10266736e+00
 1.90428711e+00 1.14332380e+00
 2.00217242e+00 1.18662326e+00
 1.99059356e+00 1.23282088e+00
 2.08220080e+00 1.28220126e+00
 2.20498418e+00 1.33508159e+00
 2.33498091e+00 1.39181458e+00
 2.38945214e+00 1.45279081e+00
 2.60548524e+00 1.51843964e+00
 2.62432551e+00 1.58922732e+00
 2.77234507e+00 1.66564981e+00
 2.99682255e+00 1.74821607e+00
 3.15590813e+00 1.83741412e+00
 3.43815822e+00 1.93364631e+00
 3.57095680e+00 2.03710893e+00
 3.82099407e+00 2.14756992e+00
 4.22391120e+00 2.26395715e+00
 4.55933359e+00 2.38358589e+00
 5.02541696e+00 2.50068176e+00
 5.76563205e+00 2.60348808e+00
 6.51067061e+00 2.66844578e+00
 7.52028557e+00 2.64817540e+00
 8.93381404e+00 2.44627777e+00
 1.05954248e+01 1.86559691e+00
 1.26350186e+01 5.16197949e-01
 1.48366980e+01 -2.25395604e+00
 1.57045165e+01 -6.93782363e+00
 1.34032634e+01 -1.22049884e+01
 8.05179261e+00 -1.48501434e+01
 3.45913032e+00 -1.42440040e+01
 5.73690830e-01 -1.22951050e+01
 -9.14325874e-01 -1.03122425e+01
 -1.50170268e+00 -8.67267771e+00
 -1.75570550e+00 -7.38861017e+00
 -1.96114569e+00 -6.38954257e+00
 -1.91742171e+00 -5.60459414e+00
 -1.76835351e+00 -4.97860859e+00
 -1.78034506e+00 -4.47143149e+00
 -1.69047068e+00 -4.05425162e+00
 -1.66861399e+00 -3.70630567e+00
 -1.45300022e+00 -3.41245293e+00
 -1.38719962e+00 -3.16149189e+00
 -1.40596902e+00 -2.94500968e+00
 -1.21561712e+00 -2.75659412e+00
 -1.25378034e+00 -2.59128930e+00
 -1.27004303e+00 -2.44521451e+00
 -9.90127802e-01 -2.31529405e+00
 -9.93083888e-01 -2.19906286e+00
 -9.11358367e-01 -2.09452483e+00
 -8.60663924e-01 -2.00004815e+00
 -7.83117437e-01 -1.91428706e+00
 -7.77182546e-01 -1.83612271e+00
 -7.70210990e-01 -1.76461786e+00
 -6.99095689e-01 -1.69898195e+00
 -6.87048289e-01 -1.63854379e+00
 -6.27585669e-01 -1.58273013e+00
 -6.43186530e-01 -1.53104859e+00
 -5.17358035e-01 -1.48307406e+00
 -5.15300195e-01 -1.43843770e+00
 -5.40020399e-01 -1.39681800e+00
 -4.32969514e-01 -1.35793355e+00
 -5.42812240e-01 -1.32153700e+00
 -3.99903384e-01 -1.28741013e+00
 -4.08433067e-01 -1.25535974e+00
 -3.56121986e-01 -1.22521418e+00
 -4.24262583e-01 -1.19682052e+00
 -4.21982166e-01 -1.17004202e+00
 -2.95086681e-01 -1.14475615e+00
 -3.18894632e-01 -1.12085280e+00
 -3.18792983e-01 -1.09823274e+00
 -3.02571644e-01 -1.07680639e+00
 -2.63265856e-01 -1.05649268e+00
 -1.30143211e-01 -1.03721808e+00
 -2.47367964e-01 -1.01891579e+00
 -2.21606089e-01 -1.00152502e+00
 -1.78384714e-01 -9.84990346e-01
 -9.22637151e-02 -9.69261163e-01
 -1.65961164e-01 -9.54291211e-01
 -8.63583608e-02 -9.40038147e-01
 -1.66793305e-01 -9.26463174e-01
 -9.29634551e-02 -9.13530712e-01
 -1.42898592e-01 -9.01208114e-01
 -1.39592635e-01 -8.89465400e-01
 -6.51039814e-02 -8.78275042e-01
 -1.84551395e-02 -8.67611757e-01
 1.81335657e-02 -8.57452329e-01
 -2.33973784e-02 -8.47775456e-01
 2.01009357e-02 -8.38561610e-01
 -7.34137565e-02 -8.29792913e-01
 -1.50054998e-02 -8.21453031e-01
 1.07728135e-01 -8.13527079e-01
 1.36907840e-01 -8.06001540e-01
 4.87272246e-02 -7.98864191e-01
 1.50816825e-01 -7.92104049e-01
 5.51858182e-02 -7.85711315e-01
 1.35880561e-01 -7.79677336e-01
 2.05795247e-01 -7.73994572e-01
 1.83363087e-01 -7.68656575e-01
 2.11261410e-01 -7.63657976e-01
 2.50075260e-01 -7.58994475e-01
 1.03664939e-01 -7.54662852e-01
 2.21661707e-01 -7.50660977e-01
 2.85063631e-01 -7.46987833e-01
 2.47102381e-01 -7.43643556e-01
 3.41824769e-01 -7.40629476e-01
 3.74947530e-01 -7.37948181e-01
 2.14806519e-01 -7.35603588e-01
 3.22936589e-01 -7.33601036e-01
 3.49301436e-01 -7.31947392e-01
 2.90607772e-01 -7.30651186e-01
 4.38421019e-01 -7.29722759e-01
 3.79227063e-01 -7.29174453e-01
 4.18066185e-01 -7.29020820e-01
 3.61615608e-01 -7.29278884e-01
 4.58009405e-01 -7.29968436e-01
 6.01547020e-01 -7.31112396e-01
 5.49872787e-01 -7.32737233e-01
 6.16507882e-01 -7.34873465e-01
 5.58660413e-01 -7.37556258e-01
 5.92137686e-01 -7.40826138e-01
 6.57396939e-01 -7.44729849e-01
 6.41951145e-01 -7.49321379e-01
 6.81796498e-01 -7.54663212e-01
 7.38993549e-01 -7.60827837e-01
 7.93619152e-01 -7.67899608e-01
 7.98127565e-01 -7.75977011e-01
 8.01085948e-01 -7.85175487e-01
 8.89111941e-01 -7.95630931e-01
 9.71397041e-01 -8.07504084e-01
 9.57829035e-01 -8.20986079e-01
 1.09878841e+00 -8.36305500e-01
 1.09746115e+00 -8.53737434e-01
 1.16437565e+00 -8.73615216e-01
 1.23567387e+00 -8.96345770e-01
 1.26439830e+00 -9.22429902e-01
 1.40911444e+00 -9.52489425e-01
 1.46782338e+00 -9.87303864e-01
 1.65425983e+00 -1.02786078e+00
 1.68989780e+00 -1.07542575e+00
 1.82575775e+00 -1.13164120e+00
 2.08861556e+00 -1.19866821e+00
 2.14389297e+00 -1.27939390e+00
 2.29131925e+00 -1.37774027e+00
 2.57236775e+00 -1.49913384e+00
 2.72683260e+00 -1.65123543e+00
 2.87552620e+00 -1.84509938e+00
 3.30941430e+00 -2.09705446e+00
 3.62645562e+00 -2.43180952e+00
 4.00921633e+00 -2.88761658e+00
 4.44813684e+00 -3.52467397e+00
 4.94316371e+00 -4.43744685e+00
 5.17718009e+00 -5.76567232e+00
 5.25730956e+00 -7.66887563e+00
 4.35239010e+00 -1.01291537e+01
 1.67464222e+00 -1.23768695e+01
 -2.32287509e+00 -1.27205692e+01
 -5.59687546e+00 -1.06887163e+01
 -6.84492386e+00 -7.92579060e+00
 -7.00803273e+00 -5.68084427e+00
 -6.61686943e+00 -4.13671763e+00
