 NaN NaN
 4.14023550e+01 1.45453296e+01
 2.14405440e+01 7.36489942e+00
 1.45363449e+01 5.04204925e+00
 1.10812659e+01 3.90001238e+00
 8.90132819e+00 3.22254014e+00
 7.43933320e+00 2.77469454e+00
 6.48130243e+00 2.45694017e+00
 5.63270542e+00 2.21994902e+00
 5.07439962e+00 2.03651212e+00
 4.48227212e+00 1.89040111e+00
 4.18604349e+00 1.77134112e+00
 3.87587710e+00 1.67251232e+00
 3.54209020e+00 1.58921157e+00
 3.33469669e+00 1.51809106e+00
 3.04714710e+00 1.45670337e+00
 2.88978021e+00 1.40321816e+00
 2.80409110e+00 1.35623941e+00
 2.62105565e+00 1.31468400e+00
 2.51750292e+00 1.27769878e+00
 2.44032189e+00 1.24460275e+00
 2.25678783e+00 1.21484579e+00
 2.25103517e+00 1.18797875e+00
 2.12140628e+00 1.16363134e+00
 2.06449636e+00 1.14149565e+00
 1.92463875e+00 1.12131360e+00
 1.83692928e+00 1.10286727e+00
 1.76920623e+00 1.08597151e+00
 1.71727806e+00 1.07046797e+00
 1.69311962e+00 1.05622056e+00
 1.59131673e+00 1.04311166e+00
 1.60007986e+00 1.03103917e+00
 1.68138558e+00 1.01991409e+00
 1.47417793e+00 1.00965853e+00
 1.42160400e+00 1.00020407e+00
 1.38191185e+00 9.91490452e-01
 1.45308519e+00 9.83464412e-01
 1.26880964e+00 9.76078778e-01
 1.31602847e+00 9.69291671e-01
 1.27694629e+00 9.63065841e-01
 1.30430323e+00 9.57368107e-01
 1.15258336e+00 9.52168875e-01
 1.18525029e+00 9.47441730e-01
 1.22192251e+00 9.43163088e-01
 1.05517250e+00 9.39311892e-01
 1.06202953e+00 9.35869356e-01
 1.05817858e+00 9.32818740e-01
 1.07855258e+00 9.30145158e-01
 1.08132411e+00 9.27835408e-01
 9.55955960e-01 9.25877834e-01
 1.03781460e+00 9.24262194e-01
 1.02538252e+00 9.22979557e-01
 8.68365392e-01 9.22022209e-01
 9.33115396e-01 9.21383573e-01
 9.69611161e-01 9.21058140e-01
 8.95092567e-01 9.21041414e-01
 9.32864400e-01 9.21329861e-01
 9.37670748e-01 9.21920873e-01
 8.59930967e-01 9.22812735e-01
 8.79405147e-01 9.24004599e-01
 9.21814009e-01 9.25496472e-01
 8.00771865e-01 9.27289200e-01
 8.01291397e-01 9.29384467e-01
 8.33664029e-01 9.31784798e-01
 8.36878351e-01 9.34493566e-01
 7.52020998e-01 9.37515005e-01
 7.92401152e-01 9.40854237e-01
 7.44257643e-01 9.44517294e-01
 7.10136970e-01 9.48511155e-01
 7.30605334e-01 9.52843790e-01
 6.79783981e-01 9.57524205e-01
 5.70914837e-01 9.62562508e-01
 6.21398585e-01 9.67969970e-01
 7.17072493e-01 9.73759108e-01
 7.13877340e-01 9.79943771e-01
 7.22500699e-01 9.86539244e-01
 7.07055660e-01 9.93562367e-01
 6.70226611e-01 1.00103166e+00
 6.77284737e-01 1.00896748e+00
 5.37399645e-01 1.01739220e+00
 6.49093391e-01 1.02633038e+00
 6.54253343e-01 1.03580900e+00
 5.53055146e-01 1.04585772e+00
 5.52304043e-01 1.05650918e+00
 6.01232050e-01 1.06779929e+00
 5.38731767e-01 1.07976764e+00
 4.89896333e-01 1.09245793e+00
 5.40547804e-01 1.10591847e+00
 5.71048562e-01 1.12020275e+00
 4.81856991e-01 1.13537014e+00
 4.51975431e-01 1.15148664e+00
 4.68855512e-01 1.16862584e+00
 5.00613717e-01 1.18686995e+00
 3.49539572e-01 1.20631109e+00
 3.68691012e-01 1.22705279e+00
 3.29232370e-01 1.24921179e+00
 4.22800593e-01 1.27292012e+00
 3.22244071e-01 1.29832771e+00
 2.92278302e-01 1.32560546e+00
 3.30890862e-01 1.35494902e+00
 3.14638375e-01 1.38658338e+00
 3.16158637e-01 1.42076854e+00
 2.64389373e-01 1.45780657e+00
 2.78804909e-01 1.49805040e+00
 2.26156507e-01 1.54191499e+00
 2.22263393e-01 1.58989152e+00
 1.46153172e-01 1.64256561e+00
 1.64623810e-01 1.70064119e+00
 2.36831850e-02 1.76497177e+00
 -2.38081751e-02 1.83660238e+00
 7.53141014e-02 1.91682625e+00
 -6.61297493e-02 2.00726296e+00
 -1.75644391e-01 2.10996801e+00
 -2.26187737e-01 2.22758947e+00
 -1.99325223e-01 2.36359736e+00
 -2.46367785e-01 2.52262785e+00
 -3.64502480e-01 2.71101561e+00
 -4.51046384e-01 2.93764504e+00
 -6.19516762e-01 3.21536684e+00
 -6.62517259e-01 3.56346795e+00
 -8.56115811e-01 4.01222694e+00
 -1.08950557e+00 4.61191103e+00
 -1.28508912e+00 5.45212258e+00
 -1.57001028e+00 6.70812755e+00
 -1.72110542e+00 8.76808382e+00
 -1.69443942e+00 1.26431463e+01
 1.80610606e+00 2.12388334e+01
 2.93956920e+01 2.38559866e+01
 2.32491790e+01 -7.47517444e+00
 1.15281370e+01 -7.86351849e+00
 7.32242620e+00 -6.04251629e+00
 5.44011973e+00 -4.72848283e+00
 4.33277364e+00 -3.82178185e+00
 3.67530162e+00 -3.17207821e+00
 3.07287320e+00 -2.68727879e+00
 2.79007920e+00 -2.31286953e+00
 2.59560619e+00 -2.01544011e+00
 2.35683278e+00 -1.77362124e+00
 2.22700523e+00 -1.57319224e+00
 2.10648404e+00 -1.40435505e+00
 1.86087700e+00 -1.26015311e+00
 1.89647475e+00 -1.13551757e+00
 1.78602669e+00 -1.02667093e+00
 1.66339414e+00 -9.30742209e-01
 1.63341774e+00 -8.45511278e-01
 1.63152316e+00 -7.69234860e-01
 1.55701430e+00 -7.00525281e-01
 1.43301845e+00 -6.38264340e-01
 1.44231475e+00 -5.81540988e-01
 1.37545754e+00 -5.29605486e-01
 1.37901157e+00 -4.81835205e-01
 1.41065696e+00 -4.37708746e-01
 1.38387149e+00 -3.96786119e-01
 1.36801779e+00 -3.58693402e-01
 1.35427106e+00 -3.23110720e-01
 1.17468324e+00 -2.89762764e-01
 1.27218543e+00 -2.58411219e-01
 1.24831292e+00 -2.28848685e-01
 1.20182489e+00 -2.00893754e-01
 1.25706383e+00 -1.74386987e-01
 1.24347295e+00 -1.49187620e-01
 1.17462633e+00 -1.25170830e-01
 1.15685990e+00 -1.02225471e-01
 1.24391612e+00 -8.02521743e-02
 1.26493810e+00 -5.91617560e-02
 1.20279400e+00 -3.88738680e-02
 1.12686780e+00 -1.93158537e-02
 1.07860176e+00 -4.21772059e-04
 1.11210352e+00 1.78684399e-02
 1.10479401e+00 3.56096874e-02
 1.15972378e+00 5.28523407e-02
 1.07730591e+00 6.96427762e-02
 1.11042375e+00 8.60238482e-02
 1.08497337e+00 1.02035302e-01
 1.11482417e+00 1.17714137e-01
 1.20233821e+00 1.33094926e-01
 1.02077774e+00 1.48210105e-01
 1.11115711e+00 1.63090219e-01
 1.19050006e+00 1.77764157e-01
 1.11021675e+00 1.92259350e-01
 1.15064211e+00 2.06601962e-01
 1.20737541e+00 2.20817055e-01
 1.17819016e+00 2.34928742e-01
 1.16697097e+00 2.48960337e-01
 1.09111618e+00 2.62934478e-01
 1.03488092e+00 2.76873257e-01
 1.17631386e+00 2.90798336e-01
 1.22869670e+00 3.04731059e-01
 1.21055288e+00 3.18692557e-01
 1.13188806e+00 3.32703855e-01
 1.22482189e+00 3.46785972e-01
 1.17963263e+00 3.60960023e-01
 1.17707457e+00 3.75247322e-01
 1.11977819e+00 3.89669482e-01
 1.16652438e+00 4.04248520e-01
 1.22433886e+00 4.19006964e-01
 1.10060277e+00 4.33967966e-01
 1.19612139e+00 4.49155420e-01
 1.24654427e+00 4.64594084e-01
 1.16414923e+00 4.80309713e-01
 1.15923620e+00 4.96329201e-01
 1.24944235e+00 5.12680732e-01
 1.16285968e+00 5.29393950e-01
 1.23535489e+00 5.46500134e-01
 1.24048829e+00 5.64032405e-01
 1.15468551e+00 5.82025935e-01
 1.22460128e+00 6.00518199e-01
 1.21477875e+00 6.19549240e-01
 1.26567610e+00 6.39161969e-01
 1.27162012e+00 6.59402505e-01
 1.26178569e+00 6.80320553e-01
 1.30601778e+00 7.01969833e-01
 1.30399573e+00 7.24408562e-01
 1.30801660e+00 7.47700007e-01
 1.32112222e+00 7.71913113e-01
 1.42932094e+00 7.97123218e-01
 1.31423139e+00 8.23412883e-01
 1.41453033e+00 8.50872841e-01
 1.36999391e+00 8.79603097e-01
 1.45757681e+00 9.09714209e-01
 1.49169314e+00 9.41328773e-01
 1.44209242e+00 9.74583179e-01
 1.46561226e+00 1.00962966e+00
 1.58055180e+00 1.04663870e+00
 1.59921464e+00 1.08580197e+00
 1.70299380e+00 1.12733571e+00
 1.61053898e+00 1.17148488e+00
 1.64904601e+00 1.21852816e+00
 1.67249965e+00 1.26878395e+00
 1.80854119e+00 1.32261782e+00
 1.78635482e+00 1.38045155e+00
 1.86409680e+00 1.44277442e+00
 1.95966925e+00 1.51015723e+00
 1.96018975e+00 1.58327007e+00
 2.11884031e+00 1.66290471e+00
 2.27609676e+00 1.75000353e+00
 2.27116867e+00 1.84569677e+00
 2.39658712e+00 1.95135149e+00
 2.40319270e+00 2.06863639e+00
 2.58213896e+00 2.19960874e+00
 2.75325125e+00 2.34683282e+00
 3.05616423e+00 2.51354320e+00
 3.13678264e+00 2.70387383e+00
 3.55928766e+00 2.92318407e+00
 3.70635482e+00 3.17853019e+00
 4.10225218e+00 3.47935632e+00
 4.50686397e+00 3.83851444e+00
 5.16878260e+00 4.27375672e+00
 5.89295368e+00 4.80979912e+00
 6.93690152e+00 5.48055144e+00
 8.34499577e+00 6.32823997e+00
 1.08295719e+01 7.38047006e+00
 1.52129034e+01 8.49033114e+00
 2.37126625e+01 8.21515190e+00
 3.93621224e+01 -4.05217711e+00
 2.50821065e+01 -3.63357193e+01
 5.54413390e-01 -2.84074511e+01
 -3.90743932e+00 -1.83281833e+01
 -4.25337382e+00 -1.29657438e+01
 -3.90618273e+00 -9.90158078e+00
 -3.35097266e+00 -7.96819011e+00
 -3.02031839e+00 -6.65109689e+00
 -2.60923190e+00 -5.70108680e+00
 -2.31336717e+00 -4.98549840e+00
 -2.04554121e+00 -4.42800954e+00
 -1.80622015e+00 -3.98187675e+00
 -1.67342989e+00 -3.61698265e+00
 -1.58974379e+00 -3.31309648e+00
 -1.30959280e+00 -3.05614840e+00
 -1.22663449e+00 -2.83606212e+00
 -1.11142849e+00 -2.64543832e+00
 -1.07900694e+00 -2.47872464e+00
 -8.77938402e-01 -2.33167534e+00
 -8.97002796e-01 -2.20098956e+00
 -8.40022908e-01 -2.08406310e+00
 -6.82508791e-01 -1.97881429e+00
 -5.80868529e-01 -1.88355953e+00
 -5.49836739e-01 -1.79692266e+00
 -5.35802391e-01 -1.71776794e+00
 -4.69852950e-01 -1.64514985e+00
 -4.07957042e-01 -1.57827488e+00
 -3.74864738e-01 -1.51647221e+00
 -2.87738673e-01 -1.45917085e+00
 -3.19995741e-01 -1.40588175e+00
 -3.78617335e-01 -1.35618362e+00
 -2.70195654e-01 -1.30971152e+00
 -2.67589263e-01 -1.26614777e+00
 -1.29408115e-01 -1.22521448e+00
 -1.43570966e-01 -1.18666752e+00
 -1.23350104e-01 -1.15029149e+00
 -6.19743498e-02 -1.11589561e+00
 -8.38751092e-02 -1.08331023e+00
 -7.74768268e-03 -1.05238402e+00
 -8.18940444e-03 -1.02298146e+00
 -1.59866085e-02 -9.94980863e-01
 -2.20143976e-02 -9.68272564e-01
 7.35089567e-02 -9.42757481e-01
 1.41683604e-01 -9.18345819e-01
 1.11708370e-01 -8.94955974e-01
 1.41828807e-01 -8.72513589e-01
 1.27814286e-01 -8.50950727e-01
 1.01220925e-01 -8.30205164e-01
 1.62968818e-01 -8.10219758e-01
 1.64967600e-01 -7.90941908e-01
 1.36098849e-01 -7.72323070e-01
 2.64772339e-01 -7.54318334e-01
 3.19010782e-01 -7.36886053e-01
 2.41824376e-01 -7.19987507e-01
 2.88412028e-01 -7.03586608e-01
 2.78542550e-01 -6.87649637e-01
 3.00529054e-01 -6.72145007e-01
 2.87846567e-01 -6.57043049e-01
 2.35076931e-01 -6.42315821e-01
 3.30941241e-01 -6.27936934e-01
 3.41230777e-01 -6.13881396e-01
 3.45284040e-01 -6.00125464e-01
 3.49981018e-01 -5.86646512e-01
 4.74905537e-01 -5.73422915e-01
 3.49274353e-01 -5.60433926e-01
 4.17218278e-01 -5.47659581e-01
 3.53843195e-01 -5.35080594e-01
 4.13176660e-01 -5.22678264e-01
 4.80408122e-01 -5.10434393e-01
 5.74471554e-01 -4.98331191e-01
 4.49716714e-01 -4.86351205e-01
 6.09607887e-01 -4.74477233e-01
 5.49964976e-01 -4.62692247e-01
 6.39209255e-01 -4.50979318e-01
 5.31401009e-01 -4.39321534e-01
 6.45985488e-01 -4.27701928e-01
 6.97431033e-01 -4.16103394e-01
 7.46380973e-01 -4.04508606e-01
 7.16074655e-01 -3.92899932e-01
 7.22672086e-01 -3.81259348e-01
 7.40722051e-01 -3.69568342e-01
 8.27098191e-01 -3.57807810e-01
 8.24361624e-01 -3.45957959e-01
 8.34288114e-01 -3.33998178e-01
 8.40139771e-01 -3.21906925e-01
 8.52503958e-01 -3.09661582e-01
 9.66931365e-01 -2.97238308e-01
 8.87890437e-01 -2.84611871e-01
 1.05527715e+00 -2.71755469e-01
 1.06761142e+00 -2.58640523e-01
 1.03693968e+00 -2.45236450e-01
 1.07015156e+00 -2.31510411e-01
 1.06710209e+00 -2.17427025e-01
 1.19915257e+00 -2.02948050e-01
 1.10164640e+00 -1.88032022e-01
 1.20913202e+00 -1.72633846e-01
 1.18317125e+00 -1.56704341e-01
 1.32262400e+00 -1.40189715e-01
 1.34205026e+00 -1.23030983e-01
 1.45208682e+00 -1.05163301e-01
 1.51548203e+00 -8.65152198e-02
 1.52137169e+00 -6.70078516e-02
 1.58714248e+00 -4.65539366e-02
 1.71859585e+00 -2.50568212e-02
 1.79885086e+00 -2.40935217e-03
 1.92433222e+00 2.15072824e-02
 1.97486303e+00 4.68247078e-02
 2.11377227e+00 7.36884033e-02
 2.31613964e+00 1.02258431e-01
 2.36534210e+00 1.32709508e-01
 2.45288248e+00 1.65229811e-01
 2.63062673e+00 2.00017459e-01
 2.76040676e+00 2.37272818e-01
 3.02281468e+00 2.77183326e-01
 3.16438800e+00 3.19894885e-01
 3.52364733e+00 3.65458847e-01
 3.74251512e+00 4.13733828e-01
 4.15675744e+00 4.64201827e-01
 4.52480628e+00 5.15616597e-01
 5.00702941e+00 5.65310542e-01
 5.69032053e+00 6.07772723e-01
 6.48430221e+00 6.31577951e-01
 7.56090830e+00 6.12311590e-01
 8.98832461e+00 4.94885568e-01
 1.08748446e+01 1.44578321e-01
 1.38625448e+01 -8.06708963e-01
 1.86058345e+01 -3.51405660e+00
 2.46529865e+01 -1.19386792e+01
 2.02491935e+01 -3.21534726e+01
 -5.15684528e+00 -3.37250792e+01
 -1.26238399e+01 -1.99354693e+01
 -1.15006726e+01 -1.23473149e+01
 -9.86891829e+00 -8.56781763e+00
 -8.29189720e+00 -6.46983796e+00
 -7.17865746e+00 -5.18089176e+00
 -6.35204676e+00 -4.32488793e+00
 -5.58378372e+00 -3.72189772e+00
 -4.96764920e+00 -3.27742649e+00
 -4.48953122e+00 -2.93790777e+00
 -4.18414430e+00 -2.67103329e+00
 -3.84068792e+00 -2.45630173e+00
 -3.53402556e+00 -2.28014486e+00
 -3.33167083e+00 -2.13326012e+00
 -3.05074242e+00 -2.00907531e+00
 -2.91197269e+00 -1.90282606e+00
 -2.73263347e+00 -1.81098056e+00
 -2.67088854e+00 -1.73086902e+00
 -2.44777662e+00 -1.66043831e+00
 -2.44722209e+00 -1.59808521e+00
 -2.14719106e+00 -1.54254061e+00
 -2.12076878e+00 -1.49278758e+00
 -2.10669866e+00 -1.44800217e+00
 -1.96188440e+00 -1.40751012e+00
 -1.85701054e+00 -1.37075459e+00
 -1.79992338e+00 -1.33727189e+00
 -1.72615437e+00 -1.30667298e+00
 -1.68860165e+00 -1.27862913e+00
 -1.58572429e+00 -1.25286079e+00
 -1.49388499e+00 -1.22912883e+00
 -1.58437438e+00 -1.20722758e+00
 -1.45527699e+00 -1.18697923e+00
 -1.44438427e+00 -1.16822936e+00
 -1.32272747e+00 -1.15084325e+00
 -1.35473103e+00 -1.13470292e+00
 -1.38712140e+00 -1.11970469e+00
 -1.31282809e+00 -1.10575707e+00
 -1.27546510e+00 -1.09277913e+00
 -1.13131543e+00 -1.08069907e+00
 -1.19678462e+00 -1.06945299e+00
 -1.18067041e+00 -1.05898393e+00
 -1.15948358e+00 -1.04924098e+00
 -1.04968958e+00 -1.04017857e+00
 -1.10534130e+00 -1.03175585e+00
 -1.06142324e+00 -1.02393613e+00
 -9.84364206e-01 -1.01668646e+00
 -1.07341278e+00 -1.00997721e+00
 -1.01509829e+00 -1.00378173e+00
 -1.04132792e+00 -9.98076069e-01
 -8.89688167e-01 -9.92838688e-01
 -8.83508291e-01 -9.88050266e-01
 -9.50106076e-01 -9.83693489e-01
 -8.86004869e-01 -9.79752887e-01
 -9.16324682e-01 -9.76214683e-01
 -8.02654406e-01 -9.73066671e-01
 -7.62943730e-01 -9.70298098e-01
 -8.62640333e-01 -9.67899575e-01
 -8.89039143e-01 -9.65862992e-01
 -6.78689209e-01 -9.64181446e-01
 -8.15038897e-01 -9.62849189e-01
 -7.58153911e-01 -9.61861573e-01
 -7.96836545e-01 -9.61215014e-01
 -7.33451058e-01 -9.60906962e-01
 -6.74012103e-01 -9.60935880e-01
 -6.23019602e-01 -9.61301224e-01
 -6.50302216e-01 -9.62003447e-01
 -6.71022351e-01 -9.63043991e-01
 -5.68684518e-01 -9.64425304e-01
 -6.31679334e-01 -9.66150852e-01
 -5.59284351e-01 -9.68225145e-01
 -5.92793634e-01 -9.70653775e-01
 -6.03993636e-01 -9.73443454e-01
 -5.70184337e-01 -9.76602066e-01
 -5.64166937e-01 -9.80138733e-01
 -5.53332162e-01 -9.84063886e-01
 -5.78240227e-01 -9.88389354e-01
 -4.99645773e-01 -9.93128461e-01
 -3.42382500e-01 -9.98296142e-01
 -4.30647535e-01 -1.00390908e+00
 -4.46299094e-01 -1.00998585e+00
 -4.09127146e-01 -1.01654711e+00
 -4.13479500e-01 -1.02361578e+00
 -3.54857505e-01 -1.03121729e+00
 -2.83321419e-01 -1.03937984e+00
 -3.17268558e-01 -1.04813471e+00
 -3.70971965e-01 -1.05751660e+00
 -3.89454207e-01 -1.06756405e+00
 -2.45477837e-01 -1.07831989e+00
 -4.01085366e-01 -1.08983181e+00
 -2.84754883e-01 -1.10215296e+00
 -2.19337444e-01 -1.11534276e+00
 -3.02132503e-01 -1.12946769e+00
 -2.55126938e-01 -1.14460235e+00
 -1.57039207e-01 -1.16083072e+00
 -1.28225116e-01 -1.17824751e+00
 -1.13913300e-01 -1.19695994e+00
 -1.52131989e-01 -1.21708981e+00
 -1.35221500e-01 -1.23877595e+00
 -8.72354339e-02 -1.26217727e+00
 -9.46735607e-02 -1.28747644e+00
 -7.36059178e-02 -1.31488442e+00
 -6.82316521e-02 -1.34464607e+00
 -3.74599180e-02 -1.37704717e+00
 5.92941628e-02 -1.41242322e+00
 1.12353593e-01 -1.45117063e+00
 1.89276483e-01 -1.49376100e+00
 1.70788399e-01 -1.54075975e+00
 1.84952457e-01 -1.59285034e+00
 2.17540686e-01 -1.65086650e+00
 2.75831000e-01 -1.71583553e+00
 3.56739952e-01 -1.78903720e+00
 3.99020662e-01 -1.87208561e+00
 4.45792880e-01 -1.96704448e+00
 6.09244517e-01 -2.07659324e+00
 6.16951850e-01 -2.20427137e+00
 7.87768879e-01 -2.35484731e+00
 8.67363628e-01 -2.53489094e+00
 9.79126230e-01 -2.75369132e+00
 1.15091701e+00 -3.02478210e+00
 1.29420884e+00 -3.36858460e+00
 1.54003906e+00 -3.81720734e+00
 1.66759842e+00 -4.42362772e+00
 2.02959646e+00 -5.28022105e+00
 2.16327353e+00 -6.55765634e+00
 2.19330276e+00 -8.58281936e+00
 1.12282684e+00 -1.19053325e+01
 -3.75834315e+00 -1.62187725e+01
 -1.42359069e+01 -1.36878320e+01
 -1.58088301e+01 -3.45917600e+00
 -1.16890656e+01 9.44020011e-01
 -8.51919108e+00 1.95203622e+00
 -6.70247913e+00 2.03116077e+00
 -5.38987953e+00 1.87747792e+00
 -4.69223567e+00 1.67807970e+00
 -4.00014664e+00 1.48508718e+00
 -3.61047449e+00 1.31184997e+00
 -3.25685726e+00 1.15995168e+00
 -2.90270478e+00 1.02750483e+00
 -2.66266211e+00 9.11839590e-01
 -2.62505446e+00 8.10371774e-01
 -2.47778518e+00 7.20849463e-01
 -2.20136247e+00 6.41386033e-01
 -2.14690595e+00 5.70424447e-01
 -2.05384153e+00 5.06685053e-01
 -1.95666530e+00 4.49115030e-01
 -1.91475735e+00 3.96844927e-01
 -1.87915961e+00 3.49153066e-01
 -1.78756961e+00 3.05436990e-01
 -1.73782040e+00 2.65190768e-01
 -1.71477631e+00 2.27986982e-01
 -1.65630964e+00 1.93462429e-01
 -1.65245659e+00 1.61306713e-01
 -1.56193731e+00 1.31253112e-01
 -1.47682855e+00 1.03071229e-01
 -1.46820161e+00 7.65610423e-02
 -1.46529922e+00 5.15480615e-02
 -1.52799683e+00 2.78793651e-02
 -1.41109211e+00 5.42033912e-03
 -1.35989492e+00 -1.59480209e-02
 -1.26198382e+00 -3.63313543e-02
 -1.33295778e+00 -5.58238109e-02
 -1.27179118e+00 -7.45096266e-02
 -1.29054398e+00 -9.24644525e-02
 -1.23528105e+00 -1.09756482e-01
 -1.31131447e+00 -1.26447413e-01
 -1.32128680e+00 -1.42593263e-01
 -1.21271826e+00 -1.58245080e-01
 -1.36969981e+00 -1.73449549e-01
 -1.29077849e+00 -1.88249515e-01
 -1.30340219e+00 -2.02684445e-01
 -1.16025615e+00 -2.16790825e-01
 -1.27135239e+00 -2.30602510e-01
 -1.21409397e+00 -2.44151034e-01
 -1.11481483e+00 -2.57465879e-01
 -1.25776061e+00 -2.70574721e-01
 -1.15882148e+00 -2.83503642e-01
 -1.24228336e+00 -2.96277323e-01
 -1.18514849e+00 -3.08919219e-01
 -1.22459408e+00 -3.21451719e-01
 -1.22958669e+00 -3.33896281e-01
 -1.13631751e+00 -3.46273572e-01
 -1.19111045e+00 -3.58603584e-01
 -1.14145916e+00 -3.70905747e-01
 -1.15074996e+00 -3.83199034e-01
 -1.18812245e+00 -3.95502061e-01
 -1.04753456e+00 -4.07833180e-01
 -1.11127869e+00 -4.20210569e-01
 -1.08213621e+00 -4.32652320e-01
 -1.22151826e+00 -4.45176524e-01
 -1.16881626e+00 -4.57801357e-01
 -1.17126493e+00 -4.70545163e-01
 -1.15644434e+00 -4.83426538e-01
 -1.18945896e+00 -4.96464417e-01
 -1.20997452e+00 -5.09678163e-01
 -1.11866496e+00 -5.23087658e-01
 -1.24600752e+00 -5.36713396e-01
 -1.26803682e+00 -5.50576588e-01
 -1.20860989e+00 -5.64699267e-01
 -1.19786621e+00 -5.79104397e-01
 -1.14295827e+00 -5.93816000e-01
 -1.17865576e+00 -6.08859289e-01
 -1.27774018e+00 -6.24260802e-01
 -1.19754577e+00 -6.40048570e-01
 -1.25050105e+00 -6.56252276e-01
 -1.20439482e+00 -6.72903452e-01
 -1.19848782e+00 -6.90035683e-01
 -1.25389112e+00 -7.07684835e-01
 -1.15945181e+00 -7.25889316e-01
 -1.32461454e+00 -7.44690360e-01
 -1.19667588e+00 -7.64132349e-01
 -1.22860373e+00 -7.84263172e-01
 -1.26866309e+00 -8.05134636e-01
 -1.24526943e+00 -8.26802923e-01
 -1.32672112e+00 -8.49329113e-01
 -1.34007293e+00 -8.72779783e-01
 -1.23564138e+00 -8.97227687e-01
 -1.26206780e+00 -9.22752532e-01
 -1.39634725e+00 -9.49441882e-01
 -1.35510483e+00 -9.77392192e-01
 -1.40450455e+00 -1.00671001e+00
 -1.41265564e+00 -1.03751336e+00
 -1.46768351e+00 -1.06993340e+00
 -1.54351092e+00 -1.10411633e+00
 -1.48796150e+00 -1.14022560e+00
 -1.53121051e+00 -1.17844464e+00
 -1.56914545e+00 -1.21897998e+00
 -1.58836319e+00 -1.26206503e+00
 -1.62363757e+00 -1.30796464e+00
 -1.70269986e+00 -1.35698055e+00
 -1.68829692e+00 -1.40945805e+00
 -1.78353693e+00 -1.46579406e+00
 -1.76996467e+00 -1.52644714e+00
 -1.86719948e+00 -1.59194976e+00
 -1.98370987e+00 -1.66292367e+00
 -1.99137177e+00 -1.74009914e+00
 -2.11463348e+00 -1.82433926e+00
 -2.18252456e+00 -1.91667090e+00
 -2.28529125e+00 -2.01832442e+00
 -2.35111457e+00 -2.13078504e+00
 -2.40731679e+00 -2.25585968e+00
 -2.50044859e+00 -2.39576453e+00
 -2.78572323e+00 -2.55324021e+00
 -2.98631776e+00 -2.73170297e+00
 -3.23609006e+00 -2.93544137e+00
 -3.47447354e+00 -3.16986467e+00
 -3.84467891e+00 -3.44179318e+00
 -4.21407501e+00 -3.75972472e+00
 -4.76642806e+00 -4.13383222e+00
 -5.51577460e+00 -4.57487704e+00
 -6.46044100e+00 -5.08933686e+00
 -8.02636790e+00 -5.66138697e+00
 -1.01503323e+01 -6.18684323e+00
 -1.38212341e+01 -6.21969306e+00
 -1.98065753e+01 -4.01318512e+00
 -2.56398686e+01 5.28163987e+00
 -1.92769818e+01 1.88835544e+01
 -7.11216673e+00 1.99533545e+01
 -1.36398411e+00 1.55743689e+01
 5.79278112e-01 1.19322518e+01
 1.19714522e+00 9.44277552e+00
 1.42600192e+00 7.73058434e+00
 1.36887498e+00 6.50825432e+00
 1.39531708e+00 5.60179629e+00
 1.24900623e+00 4.90695427e+00
 1.16203414e+00 4.35931594e+00
 9.55473379e-01 3.91755887e+00
 9.34122185e-01 3.55419700e+00
 7.65940148e-01 3.25034225e+00
 8.12011983e-01 2.99263656e+00
 6.94039448e-01 2.77139158e+00
 5.55928533e-01 2.57942312e+00
 4.79175646e-01 2.41129895e+00
 5.07426403e-01 2.26283989e+00
 4.72630964e-01 2.13078092e+00
 4.12475241e-01 2.01253588e+00
 2.76041500e-01 1.90603078e+00
 2.80241762e-01 1.80958372e+00
 2.53851268e-01 1.72181681e+00
 2.06776484e-01 1.64159077e+00
 2.28870136e-01 1.56795562e+00
 2.22536262e-01 1.50011303e+00
 1.19852246e-01 1.43738729e+00
 1.16072974e-01 1.37920273e+00
 6.82853907e-02 1.32506584e+00
 7.36267562e-02 1.27455114e+00
 3.01229458e-04 1.22728987e+00
 5.12289027e-02 1.18296078e+00
 -8.97517673e-02 1.14128274e+00
 -1.35797039e-01 1.10200864e+00
 -1.65069146e-01 1.06492035e+00
 -1.43997116e-01 1.02982456e+00
 -1.53014493e-01 9.96549349e-01
 -1.49220725e-01 9.64941246e-01
 -2.18156841e-01 9.34862790e-01
 -2.34546817e-01 9.06190463e-01
 -2.39464220e-01 8.78812928e-01
 -2.81410988e-01 8.52629525e-01
 -2.99438000e-01 8.27548981e-01
 -2.16538891e-01 8.03488303e-01
 -2.70575156e-01 7.80371819e-01
 -3.66589204e-01 7.58130341e-01
 -2.85005730e-01 7.36700451e-01
 -3.47506701e-01 7.16023857e-01
 -3.65504490e-01 6.96046850e-01
 -3.44625925e-01 6.76719810e-01
 -4.04712552e-01 6.57996777e-01
 -4.32717667e-01 6.39835072e-01
 -3.02167721e-01 6.22194960e-01
 -3.65270691e-01 6.05039347e-01
 -3.52944529e-01 5.88333511e-01
 -5.03447572e-01 5.72044862e-01
 -3.97804097e-01 5.56142724e-01
 -4.48612349e-01 5.40598139e-01
 -4.35835716e-01 5.25383688e-01
 -4.84462674e-01 5.10473330e-01
 -5.93372283e-01 4.95842253e-01
 -6.11143453e-01 4.81466737e-01
 -6.28281489e-01 4.67324029e-01
 -5.85779837e-01 4.53392225e-01
 -5.58036742e-01 4.39650162e-01
 -6.80719736e-01 4.26077310e-01
 -6.50434217e-01 4.12653681e-01
 -6.09023551e-01 3.99359733e-01
 -7.68425302e-01 3.86176279e-01
 -7.30542701e-01 3.73084401e-01
 -7.01793542e-01 3.60065365e-01
 -7.40605648e-01 3.47100540e-01
 -7.84725461e-01 3.34171307e-01
 -7.20475372e-01 3.21258984e-01
 -7.89693876e-01 3.08344734e-01
 -8.17488202e-01 2.95409481e-01
 -8.39011940e-01 2.82433818e-01
 -8.37737802e-01 2.69397916e-01
 -8.73131675e-01 2.56281424e-01
 -9.19317297e-01 2.43063366e-01
 -8.92467185e-01 2.29722029e-01
 -1.00949070e+00 2.16234848e-01
 -1.04840837e+00 2.02578274e-01
 -9.96697424e-01 1.88727641e-01
 -1.00135389e+00 1.74657014e-01
 -1.13727836e+00 1.60339027e-01
 -1.12358774e+00 1.45744701e-01
 -1.11675873e+00 1.30843251e-01
 -1.22410026e+00 1.15601864e-01
 -1.12772941e+00 9.99854658e-02
 -1.25486692e+00 8.39564491e-02
 -1.22475761e+00 6.74743836e-02
 -1.32968264e+00 5.04956888e-02
 -1.31136120e+00 3.29732727e-02
 -1.35870725e+00 1.48561320e-02
 -1.54226407e+00 -3.91108943e-03
 -1.47053178e+00 -2.33885866e-02
 -1.50023017e+00 -4.36419245e-02
 -1.55199483e+00 -6.47426140e-02
 -1.74027181e+00 -8.67687266e-02
 -1.81910214e+00 -1.09805538e-01
 -1.82967256e+00 -1.33946176e-01
 -1.89832572e+00 -1.59292246e-01
 -1.94398118e+00 -1.85954347e-01
 -2.02898315e+00 -2.14052407e-01
 -2.07831982e+00 -2.43715638e-01
 -2.25654982e+00 -2.75081857e-01
 -2.32052035e+00 -3.08295708e-01
 -2.48327385e+00 -3.43505085e-01
 -2.60750269e+00 -3.80854542e-01
 -2.78435401e+00 -4.20473731e-01
 -2.97286494e+00 -4.62457554e-01
 -3.16615425e+00 -5.06832340e-01
 -3.33059645e+00 -5.53498159e-01
 -3.67379802e+00 -6.02129563e-01
 -4.02086145e+00 -6.52002301e-01
 -4.33973449e+00 -7.01684499e-01
 -4.74110416e+00 -7.48471667e-01
 -5.34970228e+00 -7.87318807e-01
 -5.81687206e+00 -8.08740680e-01
 -6.73056653e+00 -7.94483161e-01
 -7.76958765e+00 -7.08084622e-01
 -9.12005348e+00 -4.72908737e-01
 -1.10174807e+01 8.27825300e-02
 -1.36254113e+01 1.37231749e+00
 -1.70882665e+01 4.43912639e+00
 -2.01628405e+01 1.15907333e+01
 -1.60746112e+01 2.33285779e+01
 -2.15780012e+00 2.69796156e+01
 6.21852935e+00 2.03876717e+01
 8.19336634e+00 1.42291093e+01
 7.82196885e+00 1.03604742e+01
 7.06581524e+00 7.96971192e+00
 6.32512806e+00 6.41816191e+00
 5.59493624e+00 5.35588709e+00
 5.10770686e+00 4.59395791e+00
 4.65649690e+00 4.02599164e+00
 4.27409590e+00 3.58899255e+00
 3.80783763e+00 3.24384949e+00
 3.60941466e+00 2.96524275e+00
 3.34973292e+00 2.73617430e+00
 3.06019240e+00 2.54486780e+00
 2.91115287e+00 2.38293850e+00
 2.77787888e+00 2.24427223e+00
 2.56557111e+00 2.12431620e+00
 2.38150559e+00 2.01961696e+00
 2.31252114e+00 1.92751151e+00
 2.20021876e+00 1.84591609e+00
 2.11074832e+00 1.77317849e+00
 1.95784627e+00 1.70797308e+00
 1.89531751e+00 1.64922471e+00
 1.85748392e+00 1.59605285e+00
 1.76246033e+00 1.54772984e+00
 1.73308508e+00 1.50364944e+00
 1.64527336e+00 1.46330278e+00
 1.48461565e+00 1.42625970e+00
 1.48889916e+00 1.39215432e+00
 1.37989756e+00 1.36067352e+00
 1.38511288e+00 1.33154790e+00
 1.37017865e+00 1.30454449e+00
 1.32731698e+00 1.27946086e+00
 1.25000722e+00 1.25612035e+00
 1.23851999e+00 1.23436815e+00
 1.23132914e+00 1.21406809e+00
 1.16113701e+00 1.19509996e+00
 1.04445079e+00 1.17735729e+00
 1.08704546e+00 1.16074552e+00
 1.02141238e+00 1.14518039e+00
 9.67247841e-01 1.13058663e+00
 1.02158224e+00 1.11689688e+00
 1.00263924e+00 1.10405067e+00
 8.90439491e-01 1.09199366e+00
 8.69034954e-01 1.08067689e+00
 9.31031088e-01 1.07005621e+00
 7.38646019e-01 1.06009177e+00
 8.95433321e-01 1.05074751e+00
 8.11455364e-01 1.04199084e+00
 8.13096692e-01 1.03379223e+00
 8.07005740e-01 1.02612498e+00
 7.36409318e-01 1.01896491e+00
 7.85769014e-01 1.01229014e+00
 6.57557732e-01 1.00608093e+00
 6.33551648e-01 1.00031946e+00
 6.61766192e-01 9.94989705e-01
 6.36913425e-01 9.90077283e-01
 7.31546498e-01 9.85569364e-01
 5.92329538e-01 9.81454552e-01
 6.19137873e-01 9.77722806e-01
 5.39134003e-01 9.74365363e-01
 5.26139029e-01 9.71374679e-01
 5.09842959e-01 9.68744371e-01
 5.12170835e-01 9.66469180e-01
 5.26393919e-01 9.64544939e-01
 4.47076281e-01 9.62968541e-01
 4.95730131e-01 9.61737930e-01
 4.81198420e-01 9.60852093e-01
 5.13154426e-01 9.60311054e-01
 3.33056121e-01 9.60115892e-01
 4.16862364e-01 9.60268752e-01
 3.73033410e-01 9.60772871e-01
 4.54594506e-01 9.61632619e-01
 4.26608792e-01 9.62853538e-01
 3.06093218e-01 9.64442402e-01
 3.32525444e-01 9.66407282e-01
 2.82574810e-01 9.68757631e-01
 3.33039878e-01 9.71504371e-01
 2.51684252e-01 9.74660014e-01
 2.78118815e-01 9.78238781e-01
 2.48084441e-01 9.82256760e-01
 1.83004397e-01 9.86732071e-01
 2.04415227e-01 9.91685073e-01
 1.78037297e-01 9.97138591e-01
 2.10440995e-01 1.00311818e+00
 2.26740666e-01 1.00965246e+00
 8.93372418e-02 1.01677342e+00
 1.68679113e-01 1.02451689e+00
 5.99328965e-02 1.03292303e+00
 2.27045662e-02 1.04203683e+00
 5.66826714e-02 1.05190888e+00
 1.47452947e-01 1.06259606e+00
 -1.57984998e-02 1.07416255e+00
 -6.46713097e-02 1.08668088e+00
 6.06563486e-02 1.10023327e+00
 -9.92502670e-02 1.11491318e+00
 -7.19006453e-02 1.13082728e+00
 -1.24603958e-01 1.14809763e+00
 -1.29638126e-01 1.16686461e+00
 -1.45238737e-01 1.18729025e+00
 -1.88107648e-01 1.20956250e+00
 -1.66237733e-01 1.23390053e+00
 -3.26400024e-01 1.26056125e+00
 -2.67012134e-01 1.28984769e+00
 -3.64357171e-01 1.32211961e+00
 -3.83538930e-01 1.35780713e+00
 -4.25858556e-01 1.39742850e+00
 -5.43876316e-01 1.44161347e+00
 -5.80468443e-01 1.49113433e+00
 -6.81250339e-01 1.54694789e+00
 -7.24463734e-01 1.61025286e+00
 -8.07128667e-01 1.68256973e+00
 -9.61386931e-01 1.76585378e+00
 -9.92031150e-01 1.86265827e+00
 -1.17145009e+00 1.97637502e+00
 -1.27780854e+00 2.11159779e+00
 -1.35809689e+00 2.27468574e+00
 -1.58827634e+00 2.47466325e+00
 -1.84727617e+00 2.72470465e+00
 -1.99446278e+00 3.04467251e+00
 -2.24896610e+00 3.46562410e+00
 -2.59384173e+00 4.03810884e+00
 -2.94554193e+00 4.84783160e+00
 -3.14151275e+00 6.04459149e+00
 -3.29326345e+00 7.88440286e+00
 -2.43072348e+00 1.06913210e+01
 1.09469155e+00 1.40312750e+01
 7.79012752e+00 1.39921918e+01
 1.18015700e+01 8.37286932e+00
 1.09010192e+01 3.55241333e+00
 8.96140312e+00 1.25892551e+00
 7.35978824e+00 2.86675922e-01
 6.21918184e+00 -1.22793224e-01
 5.35032259e+00 -2.89213018e-01
 4.71326606e+00 -3.45524566e-01
 4.17315657e+00 -3.50039304e-01
 3.75738978e+00 -3.29869074e-01
 3.52125707e+00 -2.98244656e-01
 3.13998541e+00 -2.61851509e-01
 2.97140728e+00 -2.24133615e-01
 2.74906101e+00 -1.86865395e-01
 2.66534766e+00 -1.50935540e-01
 2.45702812e+00 -1.16753481e-01
 2.38519478e+00 -8.44670315e-02
 2.29730479e+00 -5.40818869e-02
 2.21875346e+00 -2.55284740e-02
 2.15144299e+00 1.30022419e-03
 1.99791945e+00 2.65271889e-02
 1.96591917e+00 5.02792545e-02
 1.82543846e+00 7.26804324e-02
 1.80388886e+00 9.38484092e-02
 1.71705541e+00 1.13892902e-01
 1.72352804e+00 1.32915091e-01
 1.63429130e+00 1.51007665e-01
 1.72358855e+00 1.68255202e-01
 1.55724544e+00 1.84734718e-01
 1.57790185e+00 2.00516290e-01
 1.56569414e+00 2.15663684e-01
 1.45380465e+00 2.30234977e-01
 1.53485923e+00 2.44283123e-01
 1.50973390e+00 2.57856494e-01
 1.45093870e+00 2.70999360e-01
 1.42033396e+00 2.83752328e-01
 1.40634189e+00 2.96152737e-01
 1.41919256e+00 3.08235009e-01
 1.31109761e+00 3.20030968e-01
 1.40674702e+00 3.31570119e-01
 1.34966531e+00 3.42879904e-01
 1.35630532e+00 3.53985928e-01
 1.28638187e+00 3.64912161e-01
 1.34655863e+00 3.75681121e-01
 1.25001946e+00 3.86314040e-01
 1.20889279e+00 3.96831009e-01
 1.23675603e+00 4.07251117e-01
 1.24827092e+00 4.17592572e-01
 1.35831075e+00 4.27872810e-01
 1.29003032e+00 4.38108605e-01
 1.32097155e+00 4.48316155e-01
 1.23418559e+00 4.58511178e-01
 1.22772955e+00 4.68708990e-01
 1.19638347e+00 4.78924584e-01
 1.21126865e+00 4.89172703e-01
 1.16146673e+00 4.99467908e-01
 1.23155156e+00 5.09824650e-01
 1.09616564e+00 5.20257331e-01
 1.20590398e+00 5.30780372e-01
 1.15386162e+00 5.41408271e-01
 1.12114001e+00 5.52155671e-01
 1.16819269e+00 5.63037420e-01
 1.13136676e+00 5.74068638e-01
 1.18918790e+00 5.85264780e-01
 1.19433017e+00 5.96641707e-01
 1.20440110e+00 6.08215755e-01
 1.20422484e+00 6.20003806e-01
 1.14979255e+00 6.32023373e-01
 1.21347331e+00 6.44292674e-01
 1.19344258e+00 6.56830729e-01
 1.20484836e+00 6.69657449e-01
 1.09233921e+00 6.82793740e-01
 1.30355756e+00 6.96261614e-01
 1.17576686e+00 7.10084311e-01
 1.18613080e+00 7.24286428e-01
 1.07130429e+00 7.38894070e-01
 1.23607409e+00 7.53935001e-01
 1.19543707e+00 7.69438828e-01
 1.14022218e+00 7.85437193e-01
 1.16866214e+00 8.01963992e-01
 1.19818682e+00 8.19055615e-01
 1.19516016e+00 8.36751220e-01
 1.13231320e+00 8.55093036e-01
 1.23074894e+00 8.74126707e-01
 1.20663287e+00 8.93901675e-01
 1.28229905e+00 9.14471622e-01
 1.26611311e+00 9.35894961e-01
 1.28792201e+00 9.58235404e-01
 1.32226695e+00 9.81562607e-01
 1.33239225e+00 1.00595291e+00
 1.28217922e+00 1.03149018e+00
 1.28927919e+00 1.05826679e+00
 1.35504531e+00 1.08638477e+00
 1.36079890e+00 1.11595708e+00
 1.32274039e+00 1.14710920e+00
 1.37326806e+00 1.17998088e+00
 1.42884481e+00 1.21472823e+00
 1.54277466e+00 1.25152627e+00
 1.40812696e+00 1.29057180e+00
 1.42473010e+00 1.33208695e+00
 1.51938676e+00 1.37632336e+00
 1.49280500e+00 1.42356719e+00
 1.74558396e+00 1.47414521e+00
 1.56462209e+00 1.52843222e+00
 1.62755602e+00 1.58686001e+00
 1.64461030e+00 1.64992851e+00
 1.76443809e+00 1.71821944e+00
 1.84415209e+00 1.79241333e+00
 1.81321889e+00 1.87331086e+00
 1.87608004e+00 1.96185959e+00
 1.97235507e+00 2.05918784e+00
 2.09677160e+00 2.16664766e+00
 2.18123046e+00 2.28586952e+00
 2.37162614e+00 2.41883185e+00
 2.34453058e+00 2.56794895e+00
 2.59313340e+00 2.73617991e+00
 2.94881273e+00 2.92715845e+00
 2.94012429e+00 3.14533240e+00
 3.27272997e+00 3.39607251e+00
 3.65963224e+00 3.68562898e+00
 4.18524711e+00 4.02059253e+00
 4.65489944e+00 4.40589096e+00
 5.64260054e+00 4.83850827e+00
 6.94519294e+00 5.28839756e+00
 8.75578056e+00 5.63964325e+00
 1.16635889e+01 5.50780160e+00
 1.55230204e+01 3.74169273e+00
 1.93920525e+01 -1.96450114e+00
 1.74020035e+01 -1.05915479e+01
 1.01396486e+01 -1.42181817e+01
 4.57335578e+00 -1.29049777e+01
 2.07477464e+00 -1.06374602e+01
 6.93843787e-01 -8.72196493e+00
 1.11202354e-01 -7.27046982e+00
 -7.55642872e-02 -6.17912367e+00
 -2.35554525e-01 -5.34469539e+00
 -3.03612881e-01 -4.69260036e+00
 -2.32944608e-01 -4.17200053e+00
 -1.98886697e-01 -3.74828580e+00
 -2.78493678e-01 -3.39751944e+00
 -1.68084780e-01 -3.10280121e+00
 -1.57670729e-01 -2.85194273e+00
 -2.23623734e-01 -2.63597403e+00
 -9.51224701e-02 -2.44816898e+00
 -1.26109580e-02 -2.28339713e+00
 -5.59956185e-02 -2.13768407e+00
 1.45507661e-02 -2.00790733e+00
 8.03041486e-02 -1.89158239e+00
 7.45177315e-02 -1.78670921e+00
 1.24868029e-01 -1.69166078e+00
 -2.88965334e-02 -1.60510063e+00
 1.20429845e-01 -1.52592125e+00
 1.77751209e-01 -1.45319735e+00
 1.43140415e-01 -1.38615007e+00
 2.44495811e-01 -1.32411923e+00
 1.82450929e-01 -1.26654166e+00
 1.75772674e-01 -1.21293405e+00
 2.88358260e-01 -1.16287928e+00
 8.07461208e-02 -1.11601550e+00
 2.30941249e-01 -1.07202727e+00
 3.38374783e-01 -1.03063828e+00
 3.49770351e-01 -9.91605518e-01
 3.43194825e-01 -9.54714315e-01
 4.60104218e-01 -9.19774331e-01
 3.79113766e-01 -8.86616156e-01
 3.35376071e-01 -8.55088478e-01
 3.78771602e-01 -8.25055690e-01
 4.41239002e-01 -7.96395861e-01
 3.91026476e-01 -7.68999015e-01
 4.36850597e-01 -7.42765656e-01
 4.49877271e-01 -7.17605503e-01
 3.79725810e-01 -6.93436403e-01
 5.23831101e-01 -6.70183386e-01
 5.08593627e-01 -6.47777851e-01
 5.14445050e-01 -6.26156853e-01
 5.97318373e-01 -6.05262479e-01
 4.92174863e-01 -5.85041304e-01
 5.29787996e-01 -5.65443912e-01
 5.21418747e-01 -5.46424468e-01
 5.77221221e-01 -5.27940345e-01
 6.55666648e-01 -5.09951791e-01
 6.09116308e-01 -4.92421628e-01
 6.76386202e-01 -4.75314989e-01
 6.14720901e-01 -4.58599076e-01
 6.44840536e-01 -4.42242944e-01
 6.98934029e-01 -4.26217307e-01
 5.49836378e-01 -4.10494361e-01
 6.52549282e-01 -3.95047617e-01
 6.74442489e-01 -3.79851758e-01
 7.74827586e-01 -3.64882500e-01
 7.37832857e-01 -3.50116461e-01
 7.30237466e-01 -3.35531047e-01
 7.26671586e-01 -3.21104339e-01
 8.07288077e-01 -3.06814985e-01
 8.97504700e-01 -2.92642104e-01
 8.18051580e-01 -2.78565186e-01
 7.98695567e-01 -2.64564002e-01
 8.34670837e-01 -2.50618511e-01
 8.42205171e-01 -2.36708769e-01
 8.44177299e-01 -2.22814844e-01
 8.13816862e-01 -2.08916725e-01
 8.63530196e-01 -1.94994232e-01
 9.23486894e-01 -1.81026923e-01
 9.32024127e-01 -1.66994002e-01
 1.04203878e+00 -1.52874218e-01
 9.13969736e-01 -1.38645765e-01
 9.86718143e-01 -1.24286175e-01
 9.34395860e-01 -1.09772199e-01
 9.98768708e-01 -9.50796891e-02
 9.98360524e-01 -8.01834684e-02
 1.05188101e+00 -6.50571864e-02
 1.11321635e+00 -4.96731692e-02
 1.16845671e+00 -3.40022521e-02
 1.20951566e+00 -1.80135994e-02
 1.17343259e+00 -1.67450543e-03
 1.36949971e+00 1.50498229e-02
 1.31420924e+00 3.21965053e-02
 1.34833269e+00 4.98052518e-02
 1.30750973e+00 6.79186534e-02
 1.30086943e+00 8.65825027e-02
 1.44767865e+00 1.05846148e-01
 1.46082952e+00 1.25762881e-01
 1.54760279e+00 1.46390366e-01
 1.54663219e+00 1.67791109e-01
 1.60110696e+00 1.90032963e-01
 1.62556757e+00 2.13189681e-01
 1.76919208e+00 2.37341493e-01
 1.86047255e+00 2.62575721e-01
 1.70613312e+00 2.88987382e-01
 1.91566183e+00 3.16679782e-01
 2.04125682e+00 3.45765009e-01
 2.03343575e+00 3.76364270e-01
 2.09773625e+00 4.08607911e-01
 2.27813376e+00 4.42634911e-01
 2.23203370e+00 4.78591484e-01
 2.47753318e+00 5.16628245e-01
 2.57402524e+00 5.56895030e-01
 2.76103528e+00 5.99531921e-01
 2.81465979e+00 6.44654110e-01
 3.01868386e+00 6.92326653e-01
 3.31839051e+00 7.42522485e-01
 3.46284950e+00 7.95052282e-01
 3.73895483e+00 8.49446091e-01
 4.04777842e+00 9.04750555e-01
 4.40655356e+00 9.59174571e-01
 4.85145191e+00 1.00945467e+00
 5.39738103e+00 1.04968419e+00
 5.91186969e+00 1.06907626e+00
 6.71266513e+00 1.04751285e+00
 7.71363416e+00 9.46274259e-01
 8.97319874e+00 6.87762943e-01
 1.06492245e+01 1.09126725e-01
 1.27970630e+01 -1.14553641e+00
 1.56541253e+01 -3.84993803e+00
 1.78087725e+01 -9.35975995e+00
 1.56105952e+01 -1.77443484e+01
 6.86945122e+00 -2.26466589e+01
 -1.53051479e+00 -2.00593050e+01
 -4.88117877e+00 -1.53903950e+01
 -5.80509110e+00 -1.17086528e+01
 -5.83254425e+00 -9.18107263e+00
 -5.24434770e+00 -7.45052057e+00
 -4.94961582e+00 -6.23017378e+00
 -4.55125771e+00 -5.33950817e+00
 -4.11129341e+00 -4.66837989e+00
 -3.94560326e+00 -4.14839858e+00
 -3.53400451e+00 -3.73580190e+00
 -3.22382529e+00 -3.40167907e+00
 -3.11886244e+00 -3.12634491e+00
 -2.86078543e+00 -2.89602215e+00
 -2.64489210e+00 -2.70082771e+00
 -2.53587185e+00 -2.53351432e+00
 -2.37403067e+00 -2.38866229e+00
 -2.22388478e+00 -2.26214701e+00
 -2.11105818e+00 -2.15077979e+00
 -1.98769741e+00 -2.05206039e+00
 -1.86060770e+00 -1.96400323e+00
 -1.91412881e+00 -1.88501312e+00
 -1.73161692e+00 -1.81379497e+00
 -1.69126584e+00 -1.74928718e+00
 -1.57545698e+00 -1.69061188e+00
 -1.53048397e+00 -1.63703728e+00
 -1.49718887e+00 -1.58794876e+00
 -1.43063038e+00 -1.54282660e+00
 -1.38504962e+00 -1.50122853e+00
 -1.22160762e+00 -1.46277596e+00
 -1.23311030e+00 -1.42714301e+00
 -1.24262695e+00 -1.39404779e+00
 -1.23154638e+00 -1.36324527e+00
 -1.14240160e+00 -1.33452151e+00
 -1.16554081e+00 -1.30768896e+00
 -9.97262884e-01 -1.28258256e+00
 -1.06772160e+00 -1.25905652e+00
 -9.39143971e-01 -1.23698163e+00
 -8.79164447e-01 -1.21624301e+00
 -9.59581941e-01 -1.19673823e+00
 -8.49327588e-01 -1.17837569e+00
 -8.45878988e-01 -1.16107328e+00
 -8.00099973e-01 -1.14475722e+00
 -8.07169866e-01 -1.12936107e+00
 -6.97964251e-01 -1.11482488e+00
 -7.39156025e-01 -1.10109444e+00
 -7.52978840e-01 -1.08812068e+00
 -7.76418817e-01 -1.07585909e+00
 -6.22338609e-01 -1.06426926e+00
 -6.83575161e-01 -1.05331446e+00
 -6.21090121e-01 -1.04296128e+00
 -6.61813086e-01 -1.03317932e+00
 -6.40854895e-01 -1.02394089e+00
 -6.21126820e-01 -1.01522077e+00
 -5.67646731e-01 -1.00699601e+00
 -5.11759105e-01 -9.99245752e-01
 -5.19966836e-01 -9.91951022e-01
 -5.59025040e-01 -9.85094622e-01
 -4.94071728e-01 -9.78660988e-01
 -4.07850247e-01 -9.72636078e-01
 -4.31467089e-01 -9.67007282e-01
 -4.71697847e-01 -9.61763329e-01
 -4.85908249e-01 -9.56894220e-01
 -3.86945114e-01 -9.52391167e-01
 -4.18501919e-01 -9.48246539e-01
 -2.78954512e-01 -9.44453823e-01
 -3.21196154e-01 -9.41007587e-01
 -3.07208330e-01 -9.37903462e-01
 -3.21094127e-01 -9.35138122e-01
 -2.46847897e-01 -9.32709279e-01
 -3.14464271e-01 -9.30615683e-01
 -3.29752027e-01 -9.28857131e-01
 -2.93535688e-01 -9.27434489e-01
 -1.91915963e-01 -9.26349719e-01
 -2.54812655e-01 -9.25605913e-01
 -2.27720364e-01 -9.25207347e-01
 -1.63103881e-01 -9.25159540e-01
 -7.08488204e-02 -9.25469326e-01
 -6.75395599e-02 -9.26144941e-01
 -7.60893867e-02 -9.27196133e-01
 -7.36884824e-02 -9.28634277e-01
 -1.21221915e-02 -9.30472520e-01
 -1.35349759e-01 -9.32725953e-01
 -7.60207087e-03 -9.35411803e-01
 4.74465850e-02 -9.38549656e-01
 -3.11786465e-02 -9.42161733e-01
 9.88411494e-02 -9.46273190e-01
 7.32537916e-02 -9.50912485e-01
 1.03749491e-01 -9.56111802e-01
 1.46858732e-01 -9.61907551e-01
 1.80314403e-01 -9.68340954e-01
 1.84789999e-01 -9.75458743e-01
 2.20355287e-01 -9.83313985e-01
 2.47819727e-01 -9.91967068e-01
 2.29756309e-01 -1.00148688e+00
 3.15265428e-01 -1.01195222e+00
 2.91600453e-01 -1.02345353e+00
 3.71588092e-01 -1.03609497e+00
 2.84359062e-01 -1.04999697e+00
 3.86435612e-01 -1.06529939e+00
 4.96416902e-01 -1.08216540e+00
 5.20215706e-01 -1.10078634e+00
 5.57095984e-01 -1.12138786e+00
 6.36608457e-01 -1.14423770e+00
 7.81755865e-01 -1.16965557e+00
 7.37044772e-01 -1.19802610e+00
 7.80031827e-01 -1.22981554e+00
 8.06555355e-01 -1.26559397e+00
 8.33363849e-01 -1.30606494e+00
 9.98506611e-01 -1.35210560e+00
 1.11045701e+00 -1.40482184e+00
 1.21337862e+00 -1.46562530e+00
 1.25236248e+00 -1.53634256e+00
 1.50057992e+00 -1.61937322e+00
 1.56361190e+00 -1.71792312e+00
 1.75142232e+00 -1.83635661e+00
 1.87233963e+00 -1.98074156e+00
 2.15884251e+00 -2.15971611e+00
 2.42249193e+00 -2.38590744e+00
 2.64210880e+00 -2.67832674e+00
 2.89761020e+00 -3.06653701e+00
 3.34491271e+00 -3.59809099e+00
 3.77236588e+00 -4.35189027e+00
 4.16242553e+00 -5.46085306e+00
 4.43875727e+00 -7.13912579e+00
 3.97304002e+00 -9.63947338e+00
 1.78307732e+00 -1.27384126e+01
 -3.26138271e+00 -1.42126460e+01
 -8.06569237e+00 -1.14700616e+01
 -9.56391286e+00 -7.21122291e+00
 -8.88722768e+00 -4.24371147e+00
 -7.68648312e+00 -2.57606212e+00
 -6.56760425e+00 -1.65986010e+00
 -5.73938728e+00 -1.14085586e+00
 -5.07169833e+00 -8.35277831e-01
 -4.63274301e+00 -6.49231955e-01
 -4.07463344e+00 -5.33117184e-01
 -3.82526977e+00 -4.59560755e-01
 -3.58258679e+00 -4.12796545e-01
 -3.26134037e+00 -3.83385808e-01
 -3.00751066e+00 -3.65483018e-01
 -2.85462815e+00 -3.55360052e-01
 -2.69150027e+00 -3.50578230e-01
 -2.61429020e+00 -3.49507252e-01
 -2.42369383e+00 -3.51036761e-01
 -2.38853902e+00 -3.54398459e-01
 -2.30580669e+00 -3.59053622e-01
 -2.16767832e+00 -3.64620351e-01
 -2.21635364e+00 -3.70825561e-01
 -2.00042036e+00 -3.77472718e-01
 -1.92521132e+00 -3.84419810e-01
 -1.93688351e+00 -3.91564070e-01
 -1.89116822e+00 -3.98831259e-01
 -1.77401202e+00 -4.06168039e-01
 -1.72563788e+00 -4.13536499e-01
 -1.77384585e+00 -4.20910183e-01
 -1.60663678e+00 -4.28271186e-01
 -1.63666706e+00 -4.35608011e-01
 -1.63445559e+00 -4.42913977e-01
 -1.49238679e+00 -4.50186036e-01
 -1.56230871e+00 -4.57423878e-01
 -1.48604143e+00 -4.64629264e-01
 -1.47295730e+00 -4.71805516e-01
 -1.51681400e+00 -4.78957134e-01
 -1.46395505e+00 -4.86089507e-01
 -1.42445027e+00 -4.93208691e-01
 -1.45159278e+00 -5.00321248e-01
 -1.37047788e+00 -5.07434114e-01
 -1.29554543e+00 -5.14554515e-01
 -1.35281337e+00 -5.21689895e-01
 -1.31103211e+00 -5.28847870e-01
 -1.29207881e+00 -5.36036194e-01
 -1.30661588e+00 -5.43262739e-01
 -1.32162029e+00 -5.50535481e-01
 -1.35879730e+00 -5.57862502e-01
 -1.33375287e+00 -5.65251984e-01
 -1.26528633e+00 -5.72712223e-01
 -1.28888146e+00 -5.80251635e-01
 -1.24153029e+00 -5.87878774e-01
 -1.19840843e+00 -5.95602348e-01
 -1.20490619e+00 -6.03431240e-01
 -1.23558532e+00 -6.11374527e-01
 -1.15812869e+00 -6.19441512e-01
 -1.21318489e+00 -6.27641745e-01
 -1.12755078e+00 -6.35985055e-01
 -1.16195899e+00 -6.44481583e-01
 -1.14119521e+00 -6.53141814e-01
 -1.17083758e+00 -6.61976612e-01
 -1.22598712e+00 -6.70997267e-01
 -1.17114925e+00 -6.80215528e-01
 -1.14854946e+00 -6.89643658e-01
 -1.17267279e+00 -6.99294476e-01
 -1.07181161e+00 -7.09181415e-01
 -1.07196135e+00 -7.19318580e-01
 -1.17183015e+00 -7.29720810e-01
 -1.08252251e+00 -7.40403748e-01
 -1.15586897e+00 -7.51383915e-01
 -1.05526058e+00 -7.62678791e-01
 -1.11175722e+00 -7.74306909e-01
 -1.15134882e+00 -7.86287953e-01
 -1.20602924e+00 -7.98642861e-01
 -1.09665439e+00 -8.11393955e-01
 -1.05408323e+00 -8.24565067e-01
 -1.14482830e+00 -8.38181688e-01
 -1.08294792e+00 -8.52271132e-01
 -1.06829317e+00 -8.66862720e-01
 -1.21225162e+00 -8.81987982e-01
 -1.13900420e+00 -8.97680883e-01
 -9.97921078e-01 -9.13978080e-01
 -1.04946226e+00 -9.30919211e-01
 -1.24508206e+00 -9.48547212e-01
 -1.13798882e+00 -9.66908687e-01
 -1.13580481e+00 -9.86054320e-01
 -1.21205145e+00 -1.00603934e+00
 -1.19973020e+00 -1.02692407e+00
 -1.12308100e+00 -1.04877452e+00
 -1.26854520e+00 -1.07166307e+00
 -1.09369293e+00 -1.09566934e+00
 -1.10725497e+00 -1.12088101e+00
 -1.15313508e+00 -1.14739501e+00
 -1.25270908e+00 -1.17531864e+00
 -1.16379523e+00 -1.20477112e+00
 -1.28011222e+00 -1.23588519e+00
 -1.22578465e+00 -1.26880917e+00
 -1.29973161e+00 -1.30370921e+00
 -1.21938766e+00 -1.34077212e+00
 -1.30855563e+00 -1.38020863e+00
 -1.24953125e+00 -1.42225728e+00
 -1.36163959e+00 -1.46718915e+00
 -1.48079132e+00 -1.51531348e+00
 -1.44642857e+00 -1.56698458e+00
 -1.42856948e+00 -1.62261013e+00
 -1.38615181e+00 -1.68266144e+00
 -1.48820546e+00 -1.74768603e+00
 -1.56049292e+00 -1.81832319e+00
 -1.59149950e+00 -1.89532342e+00
 -1.71497811e+00 -1.97957261e+00
 -1.67152521e+00 -2.07212253e+00
 -1.68553868e+00 -2.17422909e+00
 -1.85042778e+00 -2.28740064e+00
 -2.00840197e+00 -2.41345852e+00
 -2.10979217e+00 -2.55461222e+00
 -2.26362975e+00 -2.71355039e+00
 -2.36844511e+00 -2.89354509e+00
 -2.57129974e+00 -3.09855569e+00
 -2.72684237e+00 -3.33329068e+00
 -3.06220697e+00 -3.60311209e+00
 -3.35592133e+00 -3.91347729e+00
 -3.93733920e+00 -4.26810615e+00
 -4.53555109e+00 -4.66366736e+00
 -5.64384896e+00 -5.07482473e+00
 -7.11677938e+00 -5.41224179e+00
 -9.19282894e+00 -5.40756616e+00
 -1.21243743e+01 -4.34923399e+00
 -1.51328712e+01 -9.20937285e-01
 -1.52728891e+01 4.92327542e+00
 -1.14765209e+01 9.22487013e+00
 -7.05776248e+00 9.94017391e+00
 -4.16546812e+00 8.94650691e+00
 -2.63940597e+00 7.67245091e+00
 -1.69905400e+00 6.55025590e+00
 -1.04954474e+00 5.64097752e+00
 -7.57725067e-01 4.91541431e+00
 -6.77952311e-01 4.33310006e+00
 -5.22038566e-01 3.85992703e+00
 -4.61372210e-01 3.47004885e+00
 -4.98876871e-01 3.14440921e+00
 -3.25634706e-01 2.86897756e+00
 -3.55964465e-01 2.63333509e+00
 -3.88786688e-01 2.42964927e+00
 -3.93104400e-01 2.25195201e+00
 -3.30804062e-01 2.09563432e+00
 -4.15037607e-01 1.95709063e+00
 -4.43287916e-01 1.83346586e+00
 -2.96594327e-01 1.72247354e+00
 -3.71332603e-01 1.62226328e+00
 -4.58672678e-01 1.53132301e+00
 -3.37680402e-01 1.44840597e+00
 -3.96269398e-01 1.37247565e+00
 -4.06425806e-01 1.30266365e+00
 -4.92587797e-01 1.23823720e+00
 -5.29528457e-01 1.17857387e+00
 -4.64863889e-01 1.12314168e+00
 -4.61376726e-01 1.07148330e+00
 -5.70067296e-01 1.02320347e+00
 -5.22885316e-01 9.77958794e-01
 -4.91522621e-01 9.35449540e-01
 -4.32974735e-01 8.95412883e-01
 -5.68697616e-01 8.57617385e-01
 -5.94132387e-01 8.21858413e-01
 -5.28900824e-01 7.87954337e-01
 -6.02841443e-01 7.55743350e-01
 -5.72593837e-01 7.25080797e-01
 -5.62590019e-01 6.95836918e-01
 -4.99341515e-01 6.67894935e-01
 -5.32097260e-01 6.41149419e-01
 -5.71109505e-01 6.15504901e-01
 -6.18570509e-01 5.90874667e-01
 -7.19876742e-01 5.67179730e-01
 -6.96599503e-01 5.44347933e-01
 -6.81289501e-01 5.22313174e-01
 -6.87597988e-01 5.01014724e-01
 -6.47655332e-01 4.80396641e-01
 -7.58907907e-01 4.60407242e-01
 -6.02437632e-01 4.40998652e-01
 -6.56239435e-01 4.22126392e-01
 -7.00779858e-01 4.03749024e-01
 -7.42948534e-01 3.85827829e-01
 -7.42131040e-01 3.68326522e-01
 -6.89984227e-01 3.51210994e-01
 -7.97025257e-01 3.34449084e-01
 -7.72780118e-01 3.18010370e-01
 -7.52889789e-01 3.01865977e-01
 -8.41469950e-01 2.85988410e-01
 -7.23571309e-01 2.70351390e-01
 -7.81492528e-01 2.54929714e-01
 -7.81444690e-01 2.39699119e-01
 -8.23845585e-01 2.24636154e-01
 -7.67778830e-01 2.09718067e-01
 -9.28609437e-01 1.94922692e-01
 -8.13459486e-01 1.80228344e-01
 -9.57913391e-01 1.65613720e-01
 -9.52192866e-01 1.51057797e-01
 -1.04081113e+00 1.36539745e-01
 -1.00911534e+00 1.22038827e-01
 -1.03806636e+00 1.07534310e-01
 -9.78283838e-01 9.30053721e-02
 -9.96264983e-01 7.84310119e-02
 -1.01392912e+00 6.37899502e-02
 -1.03526039e+00 4.90605353e-02
 -9.54170334e-01 3.42206418e-02
 -1.10369354e+00 1.92475660e-02
 -1.10643743e+00 4.11791615e-03
 -1.06569984e+00 -1.11925046e-02
 -1.08612214e+00 -2.67088215e-02
 -1.12284783e+00 -4.24572207e-02
 -1.22667568e+00 -5.84650922e-02
 -1.17489978e+00 -7.47611837e-02
 -1.18799757e+00 -9.13757676e-02
 -1.24873370e+00 -1.08340823e-01
 -1.22145905e+00 -1.25690237e-01
 -1.25665299e+00 -1.43460017e-01
 -1.32559578e+00 -1.61688537e-01
 -1.41983013e+00 -1.80416797e-01
 -1.38672465e+00 -1.99688713e-01
 -1.38825089e+00 -2.19551439e-01
 -1.48267824e+00 -2.40055718e-01
 -1.46296320e+00 -2.61256272e-01
 -1.49094223e+00 -2.83212231e-01
 -1.57429134e+00 -3.05987597e-01
 -1.52715421e+00 -3.29651765e-01
 -1.63428806e+00 -3.54280076e-01
 -1.77121051e+00 -3.79954418e-01
 -1.65945886e+00 -4.06763862e-01
 -1.88854891e+00 -4.34805327e-01
 -1.80839572e+00 -4.64184242e-01
 -2.01829154e+00 -4.95015183e-01
 -2.11970218e+00 -5.27422418e-01
 -2.13516729e+00 -5.61540261e-01
 -2.21899850e+00 -5.97513099e-01
 -2.27052632e+00 -6.35494842e-01
 -2.44411417e+00 -6.75647430e-01
 -2.40950596e+00 -7.18137800e-01
 -2.60134469e+00 -7.63132384e-01
 -2.81509558e+00 -8.10787608e-01
 -2.89589485e+00 -8.61233972e-01
 -3.04671168e+00 -9.14549646e-01
 -3.26652259e+00 -9.70716884e-01
 -3.46012777e+00 -1.02954980e+00
 -3.72568871e+00 -1.09057362e+00
 -4.10411400e+00 -1.15282021e+00
 -4.32627943e+00 -1.21447533e+00
 -4.83201880e+00 -1.27225714e+00
 -5.27714890e+00 -1.32029153e+00
 -5.84288672e+00 -1.34801484e+00
 -6.51504983e+00 -1.33612706e+00
 -7.48337319e+00 -1.24849124e+00
 -8.62363552e+00 -1.01532907e+00
 -1.02208617e+01 -4.97485246e-01
 -1.21227358e+01 5.88366771e-01
 -1.43573427e+01 2.80193916e+00
 -1.62802454e+01 7.02692793e+00
 -1.55233763e+01 1.34558513e+01
 -9.77517758e+00 1.87379792e+01
 -2.63470251e+00 1.88698903e+01
 1.75820489e+00 1.58295160e+01
 3.64169057e+00 1.26126240e+01
 4.30468314e+00 1.01091496e+01
 4.30370212e+00 8.28481931e+00
 4.13978028e+00 6.95418929e+00
 3.88819775e+00 5.96391258e+00
 3.67491166e+00 5.20881592e+00
 3.25458993e+00 4.61935166e+00
 3.16364876e+00 4.14930006e+00
 2.88958991e+00 3.76737337e+00
 2.74474285e+00 3.45191406e+00
 2.52397226e+00 3.18758856e+00
 2.33496424e+00 2.96330557e+00
 2.22844506e+00 2.77088191e+00
 2.10571290e+00 2.60416990e+00
 2.09760788e+00 2.45847453e+00
 1.86372770e+00 2.33015634e+00
 1.74485755e+00 2.21635573e+00
 1.69508030e+00 2.11479796e+00
 1.73092379e+00 2.02365319e+00
 1.58974447e+00 1.94143425e+00
 1.35682021e+00 1.86692111e+00
 1.36534130e+00 1.79910419e+00
 1.39291819e+00 1.73714142e+00
 1.32548894e+00 1.68032527e+00
 1.23359208e+00 1.62805721e+00
 1.12675097e+00 1.57982772e+00
 1.06441689e+00 1.53520049e+00
 9.71710288e-01 1.49379991e+00
 1.05199660e+00 1.45530092e+00
 1.01577495e+00 1.41942089e+00
 8.84034023e-01 1.38591303e+00
 8.95820492e-01 1.35456086e+00
 8.92600522e-01 1.32517382e+00
 8.12261222e-01 1.29758351e+00
 7.54179351e-01 1.27164063e+00
 7.30733727e-01 1.24721236e+00
 7.86193318e-01 1.22418017e+00
 7.47917334e-01 1.20243803e+00
 6.20095769e-01 1.18189079e+00
 7.07087052e-01 1.16245286e+00
 7.08974055e-01 1.14404709e+00
 5.80520285e-01 1.12660375e+00
 6.29053490e-01 1.11005971e+00
 5.27864074e-01 1.09435771e+00
 5.10605041e-01 1.07944572e+00
 5.58459854e-01 1.06527637e+00
 5.61580033e-01 1.05180649e+00
 5.57123605e-01 1.03899669e+00
 4.41731160e-01 1.02681098e+00
 3.71026957e-01 1.01521643e+00
 5.53237164e-01 1.00418294e+00
 4.23768343e-01 9.93682928e-01
 3.25754410e-01 9.83691140e-01
 3.04898116e-01 9.74184449e-01
 3.38328287e-01 9.65141684e-01
 3.59164401e-01 9.56543472e-01
 2.07178642e-01 9.48372113e-01
 1.64725296e-01 9.40611451e-01
 1.80183834e-01 9.33246780e-01
 2.46156018e-01 9.26264747e-01
 1.89034755e-01 9.19653277e-01
 2.22068279e-01 9.13401501e-01
 2.20485597e-01 9.07499704e-01
 1.44097429e-01 9.01939272e-01
 7.06997768e-02 8.96712655e-01
 1.80636826e-01 8.91813336e-01
 1.37587087e-01 8.87235806e-01
 4.49168864e-02 8.82975556e-01
 8.66543166e-02 8.79029066e-01
 -1.80960477e-02 8.75393807e-01
 1.74452468e-02 8.72068258e-01
 5.13618518e-02 8.69051922e-01
 4.79529591e-02 8.66345356e-01
 4.22329307e-02 8.63950214e-01
 8.19211297e-03 8.61869299e-01
 -3.03981706e-02 8.60106626e-01
 -8.66402851e-02 8.58667503e-01
 -1.28823590e-01 8.57558628e-01
 -1.45726649e-01 8.56788197e-01
 -1.25839807e-01 8.56366047e-01
 -1.77250279e-01 8.56303807e-01
 -1.95082540e-01 8.56615092e-01
 -2.13759405e-01 8.57315722e-01
 -2.23312856e-01 8.58423979e-01
 -1.72307990e-01 8.59960918e-01
 -3.11156420e-01 8.61950726e-01
 -2.72452593e-01 8.64421152e-01
 -3.45019899e-01 8.67404013e-01
 -4.10530241e-01 8.70935797e-01
 -4.06731835e-01 8.75058388e-01
 -4.25555833e-01 8.79819928e-01
 -5.36146065e-01 8.85275857e-01
 -4.63482240e-01 8.91490177e-01
 -5.80010832e-01 8.98536980e-01
 -5.60400992e-01 9.06502323e-01
 -6.49505172e-01 9.15486533e-01
 -6.50765650e-01 9.25607053e-01
 -7.40263015e-01 9.37002000e-01
 -7.73026455e-01 9.49834619e-01
 -8.50547881e-01 9.64298925e-01
 -8.45501487e-01 9.80626887e-01
 -9.08114260e-01 9.99097679e-01
 -9.59439455e-01 1.02004969e+00
 -1.07246468e+00 1.04389627e+00
 -1.24822532e+00 1.07114665e+00
 -1.19100960e+00 1.10243395e+00
 -1.30535470e+00 1.13855335e+00
 -1.59029297e+00 1.18051464e+00
 -1.49181944e+00 1.22961572e+00
 -1.71402660e+00 1.28754731e+00
 -1.85735836e+00 1.35654436e+00
 -1.92147463e+00 1.43960979e+00
 -2.11199486e+00 1.54085177e+00
 -2.39223408e+00 1.66600426e+00
 -2.58507198e+00 1.82325021e+00
 -2.90698954e+00 2.02455807e+00
 -3.26413718e+00 2.28791004e+00
 -3.58156541e+00 2.64111059e+00
 -3.94084230e+00 3.12841058e+00
 -4.44420905e+00 3.82197731e+00
 -5.04305433e+00 4.84037701e+00
 -5.46060250e+00 6.36927423e+00
 -5.31050073e+00 8.63284442e+00
 -3.98036234e+00 1.15775903e+01
 -3.43687673e-01 1.39045488e+01
 4.47183853e+00 1.32654725e+01
 7.41191805e+00 1.01217773e+01
 7.99017129e+00 7.00032504e+00
 7.53140246e+00 4.83980027e+00
 6.75901687e+00 3.47739856e+00
 6.03141109e+00 2.61863181e+00
 5.40901714e+00 2.06195522e+00
 4.96574190e+00 1.68866340e+00
 4.46478580e+00 1.43010089e+00
 3.98359084e+00 1.24577165e+00
 3.84309540e+00 1.11104730e+00
 3.45646237e+00 1.01045724e+00
 3.31073708e+00 9.33979007e-01
 3.11139719e+00 8.74933359e-01
 2.94374500e+00 8.28754039e-01
 2.81851257e+00 7.92247055e-01
 2.66947964e+00 7.63132015e-01
 2.64282293e+00 7.39750613e-01
 2.47810631e+00 7.20876854e-01
 2.31487568e+00 7.05590779e-01
 2.21370202e+00 6.93192739e-01
 2.18339332e+00 6.83144133e-01
 2.04931232e+00 6.75025742e-01
 1.99696233e+00 6.68507985e-01
 1.90874247e+00 6.63329380e-01
 1.90448696e+00 6.59280753e-01
 1.88466574e+00 6.56193508e-01
 1.83165743e+00 6.53930829e-01
 1.70883130e+00 6.52381001e-01
 1.66850316e+00 6.51452308e-01
 1.70335761e+00 6.51069076e-01
 1.65813921e+00 6.51168609e-01
 1.57988302e+00 6.51698768e-01
 1.58185112e+00 6.52616071e-01
 1.57325886e+00 6.53884170e-01
 1.39682772e+00 6.55472639e-01
 1.46754745e+00 6.57355993e-01
 1.49845741e+00 6.59512900e-01
 1.43427125e+00 6.61925529e-01
 1.42130683e+00 6.64579032e-01
 1.46653275e+00 6.67461103e-01
 1.39689400e+00 6.70561629e-01
 1.35186043e+00 6.73872392e-01
 1.30951878e+00 6.77386827e-01
 1.25077448e+00 6.81099819e-01
 1.30830335e+00 6.85007537e-01
 1.31470136e+00 6.89107294e-01
 1.13617782e+00 6.93397431e-01
 1.23498560e+00 6.97877223e-01
 1.22788359e+00 7.02546802e-01
 1.28973262e+00 7.07407089e-01
 1.20594692e+00 7.12459745e-01
 1.19252685e+00 7.17707131e-01
 1.14435425e+00 7.23152276e-01
 1.16262194e+00 7.28798851e-01
 1.12569890e+00 7.34651159e-01
 1.11531568e+00 7.40714121e-01
 1.10620018e+00 7.46993277e-01
 1.20446320e+00 7.53494787e-01
 1.08150309e+00 7.60225440e-01
 1.09463323e+00 7.67192669e-01
 1.05223679e+00 7.74404570e-01
 1.13365491e+00 7.81869927e-01
 1.11777632e+00 7.89598240e-01
 1.05024645e+00 7.97599765e-01
 1.09401079e+00 8.05885550e-01
 9.99354255e-01 8.14467485e-01
 1.11027084e+00 8.23358357e-01
 1.04926917e+00 8.32571906e-01
 9.84808819e-01 8.42122901e-01
 1.06170224e+00 8.52027209e-01
 1.08082259e+00 8.62301887e-01
 1.07605727e+00 8.72965274e-01
 1.05237155e+00 8.84037099e-01
 9.55385484e-01 8.95538605e-01
 1.09911789e+00 9.07492675e-01
 1.03367367e+00 9.19923992e-01
 1.11590556e+00 9.32859197e-01
 1.06624898e+00 9.46327085e-01
 1.10170297e+00 9.60358813e-01
 1.05660659e+00 9.74988138e-01
 1.02541395e+00 9.90251685e-01
 9.85604708e-01 1.00618925e+00
 9.79861850e-01 1.02284415e+00
 1.02465896e+00 1.04026359e+00
 9.71795799e-01 1.05849913e+00
 9.78407226e-01 1.07760716e+00
 9.82821331e-01 1.09764952e+00
 1.04281956e+00 1.11869411e+00
 1.08555370e+00 1.14081566e+00
 1.08447045e+00 1.16409663e+00
 1.04682130e+00 1.18862818e+00
 1.00463509e+00 1.21451137e+00
 1.08378569e+00 1.24185853e+00
 1.01261375e+00 1.27079479e+00
 1.05242176e+00 1.30146005e+00
 1.04266472e+00 1.33401110e+00
 1.09734131e+00 1.36862427e+00
 1.08373255e+00 1.40549849e+00
 1.06029029e+00 1.44485903e+00
 1.12527963e+00 1.48696189e+00
 1.12876933e+00 1.53209915e+00
 1.21742075e+00 1.58060545e+00
 1.28743686e+00 1.63286581e+00
 1.17832529e+00 1.68932535e+00
 1.21600381e+00 1.75050104e+00
 1.05765910e+00 1.81699645e+00
 1.29737337e+00 1.88951996e+00
 1.27139814e+00 1.96890754e+00
 1.37398916e+00 2.05615147e+00
 1.43428619e+00 2.15243631e+00
 1.40277366e+00 2.25918445e+00
 1.49176205e+00 2.37811330e+00
 1.64003043e+00 2.51130671e+00
 1.70544031e+00 2.66130230e+00
 1.89594611e+00 2.83119364e+00
 1.93257201e+00 3.02473832e+00
 2.08166028e+00 3.24644113e+00
 2.30681688e+00 3.50152737e+00
 2.66616307e+00 3.79558186e+00
 3.06547119e+00 4.13326898e+00
 3.63583546e+00 4.51459947e+00
 4.33596235e+00 4.92466693e+00
 5.44273060e+00 5.30610344e+00
 7.03515399e+00 5.48834518e+00
 9.26501451e+00 5.03504358e+00
 1.18051801e+01 3.11711354e+00
 1.30884090e+01 -7.33158128e-01
 1.15210117e+01 -4.75431388e+00
 8.57692899e+00 -6.70548915e+00
 5.94927433e+00 -6.85339669e+00
 4.09308862e+00 -6.27637490e+00
 2.89464968e+00 -5.55384829e+00
 2.41621228e+00 -4.88192125e+00
 1.78525389e+00 -4.30572947e+00
 1.56426681e+00 -3.82297791e+00
 1.37716473e+00 -3.41960242e+00
 1.17566315e+00 -3.08078159e+00
 1.11289652e+00 -2.79383615e+00
 9.32077299e-01 -2.54860390e+00
 8.70086145e-01 -2.33711559e+00
 9.01444355e-01 -2.15314993e+00
 8.52159230e-01 -1.99183470e+00
 7.98677004e-01 -1.84932852e+00
 7.94662488e-01 -1.72257751e+00
 8.06822508e-01 -1.60913231e+00
 8.13388615e-01 -1.50701085e+00
 7.33142039e-01 -1.41459528e+00
 8.14271003e-01 -1.33055405e+00
 7.94858112e-01 -1.25378257e+00
 7.17850993e-01 -1.18335771e+00
 7.55401829e-01 -1.11850259e+00
 7.08895553e-01 -1.05855909e+00
 6.56881394e-01 -1.00296624e+00
 8.53263368e-01 -9.51243141e-01
 6.70236379e-01 -9.02975214e-01
 7.52547244e-01 -8.57803258e-01
 6.90449275e-01 -8.15414522e-01
 7.06288541e-01 -7.75535444e-01
 6.81416423e-01 -7.37925695e-01
 8.28464598e-01 -7.02373268e-01
 6.85181553e-01 -6.68690401e-01
 7.91566418e-01 -6.36710173e-01
 7.12173380e-01 -6.06283658e-01
 8.18078842e-01 -5.77277521e-01
 7.98759140e-01 -5.49571986e-01
 8.04989507e-01 -5.23059109e-01
 7.21636499e-01 -4.97641302e-01
 8.00762606e-01 -4.73230067e-01
 8.01297972e-01 -4.49744914e-01
 7.29979173e-01 -4.27112412e-01
 8.49963117e-01 -4.05265383e-01
 7.74108524e-01 -3.84142185e-01
 8.02005003e-01 -3.63686097e-01
 8.30573781e-01 -3.43844778e-01
 7.69025528e-01 -3.24569782e-01
 8.42635721e-01 -3.05816144e-01
 9.04074349e-01 -2.87542005e-01
 8.98019067e-01 -2.69708279e-01
 8.21777112e-01 -2.52278359e-01
 9.07913813e-01 -2.35217850e-01
 8.99207723e-01 -2.18494337e-01
 8.81797312e-01 -2.02077163e-01
 8.51971347e-01 -1.85937240e-01
 8.89196073e-01 -1.70046871e-01
 8.76344233e-01 -1.54379587e-01
 1.01446179e+00 -1.38910000e-01
 9.23968004e-01 -1.23613663e-01
 1.04233975e+00 -1.08466949e-01
 9.69046876e-01 -9.34469211e-02
 8.51667342e-01 -7.85312298e-02
 8.80340321e-01 -6.36980007e-02
 9.75917446e-01 -4.89257338e-02
 1.04141029e+00 -3.41932052e-02
 9.75732700e-01 -1.94793713e-02
 1.02408792e+00 -4.76327494e-03
 1.05617469e+00 9.97604767e-03
 9.98098347e-01 2.47596594e-02
 1.04120934e+00 3.96088155e-02
 1.07795202e+00 5.45450591e-02
 1.14384819e+00 6.95903178e-02
 1.17926763e+00 8.47670042e-02
 1.08651996e+00 1.00098121e-01
 1.20393863e+00 1.15607371e-01
 1.19211082e+00 1.31319270e-01
 1.10064231e+00 1.47259276e-01
 1.21626225e+00 1.63453915e-01
 1.25483457e+00 1.79930924e-01
 1.18713716e+00 1.96719406e-01
 1.33790683e+00 2.13849993e-01
 1.30786764e+00 2.31355025e-01
 1.32162993e+00 2.49268751e-01
 1.38281737e+00 2.67627540e-01
 1.45524846e+00 2.86470119e-01
 1.37404023e+00 3.05837834e-01
 1.41726857e+00 3.25774933e-01
 1.40171410e+00 3.46328887e-01
 1.50444459e+00 3.67550737e-01
 1.50719257e+00 3.89495478e-01
 1.50988602e+00 4.12222489e-01
 1.58532094e+00 4.35795999e-01
 1.58645631e+00 4.60285609e-01
 1.62432226e+00 4.85766854e-01
 1.75489201e+00 5.12321828e-01
 1.75343931e+00 5.40039850e-01
 1.78357397e+00 5.69018181e-01
 1.80561754e+00 5.99362782e-01
 1.87882485e+00 6.31189083e-01
 1.98839399e+00 6.64622740e-01
 2.04827268e+00 6.99800324e-01
 2.17358874e+00 7.36869850e-01
 2.25584067e+00 7.75990999e-01
 2.31595918e+00 8.17334822e-01
 2.30588050e+00 8.61082550e-01
 2.49153087e+00 9.07422965e-01
 2.59005537e+00 9.56547415e-01
 2.75455063e+00 1.00864107e+00
 2.83613565e+00 1.06386804e+00
 3.03525962e+00 1.12234670e+00
 3.22207341e+00 1.18410873e+00
 3.38034202e+00 1.24903152e+00
 3.60905036e+00 1.31672558e+00
 3.95558295e+00 1.38634518e+00
 4.24080489e+00 1.45626496e+00
 4.69523323e+00 1.52351699e+00
 4.99668046e+00 1.58278871e+00
 5.62323399e+00 1.62459209e+00
 6.34203943e+00 1.63182192e+00
 7.10865746e+00 1.57309360e+00
 8.20720506e+00 1.38950902e+00
 9.63705443e+00 9.68067876e-01
 1.12375476e+01 9.00301907e-02
 1.31286064e+01 -1.65190668e+00
 1.49065554e+01 -4.87910823e+00
 1.49759939e+01 -9.89137391e+00
 1.16969351e+01 -1.49814713e+01
 5.94899503e+00 -1.68990112e+01
 1.14161570e+00 -1.55046983e+01
 -1.51321696e+00 -1.30101662e+01
 -2.72786161e+00 -1.07080476e+01
 -3.12284074e+00 -8.88987352e+00
 -3.23246167e+00 -7.50607525e+00
 -3.14873495e+00 -6.45102092e+00
 -2.95354646e+00 -5.63476775e+00
 -2.85616229e+00 -4.99173575e+00
 -2.63024545e+00 -4.47592713e+00
 -2.46083573e+00 -4.05516036e+00
 -2.27744007e+00 -3.70667499e+00
 -2.09055852e+00 -3.41411844e+00
 -2.04950545e+00 -3.16553930e+00
 -1.90267630e+00 -2.95205348e+00
 -1.82872910e+00 -2.76694964e+00
 -1.75734011e+00 -2.60508091e+00
 -1.71189395e+00 -2.46244489e+00
 -1.55008487e+00 -2.33588903e+00
 -1.47867053e+00 -2.22290083e+00
 -1.32356560e+00 -2.12145608e+00
 -1.27729786e+00 -2.02990776e+00
 -1.29670657e+00 -1.94690335e+00
 -1.21314180e+00 -1.87132283e+00
 -1.14319815e+00 -1.80223139e+00
 -1.11146984e+00 -1.73884322e+00
 -9.80235843e-01 -1.68049326e+00
 -1.00690225e+00 -1.62661515e+00
 -9.24125076e-01 -1.57672378e+00
 -8.15163536e-01 -1.53040136e+00
 -8.07823427e-01 -1.48728629e+00
 -7.38859234e-01 -1.44706406e+00
 -6.12112951e-01 -1.40945995e+00
 -7.45444261e-01 -1.37423296e+00
 -7.11743904e-01 -1.34117086e+00
 -6.92894389e-01 -1.31008605e+00
 -6.66841646e-01 -1.28081211e+00
 -5.85020991e-01 -1.25320097e+00
 -5.34785404e-01 -1.22712042e+00
 -5.60487029e-01 -1.20245211e+00
 -5.06455864e-01 -1.17908976e+00
 -4.90677962e-01 -1.15693774e+00
 -5.58974893e-01 -1.13590972e+00
 -5.24513199e-01 -1.11592764e+00
 -4.18568183e-01 -1.09692073e+00
 -3.23604779e-01 -1.07882471e+00
 -4.05818909e-01 -1.06158108e+00
 -3.02321723e-01 -1.04513649e+00
 -2.42388973e-01 -1.02944225e+00
 -3.69763106e-01 -1.01445377e+00
 -3.72851478e-01 -1.00013024e+00
 -3.25657074e-01 -9.86434223e-01
 -2.65637729e-01 -9.73331319e-01
 -2.57154994e-01 -9.60789921e-01
 -2.05757631e-01 -9.48780941e-01
 -2.15175179e-01 -9.37277596e-01
 -1.61943075e-01 -9.26255211e-01
 -1.20703451e-01 -9.15691048e-01
 -1.40709062e-01 -9.05564147e-01
 -1.55177011e-01 -8.95855194e-01
 -5.66885331e-02 -8.86546397e-01
 -4.62251488e-02 -8.77621382e-01
 -3.63677817e-02 -8.69065097e-01
 -1.17080222e-02 -8.60863730e-01
 -7.45855301e-03 -8.53004635e-01
 -1.09643886e-02 -8.45476274e-01
 1.92840011e-02 -8.38268158e-01
 4.70380841e-02 -8.31370809e-01
 7.26506241e-02 -8.24775718e-01
 6.10727193e-02 -8.18475318e-01
 1.91276497e-01 -8.12462969e-01
 1.17625218e-01 -8.06732936e-01
 1.65461849e-01 -8.01280392e-01
 1.95541098e-01 -7.96101421e-01
 2.85657904e-01 -7.91193026e-01
 2.36869380e-01 -7.86553156e-01
 1.51604830e-01 -7.82180734e-01
 2.49592385e-01 -7.78075703e-01
 2.18065400e-01 -7.74239080e-01
 2.71238180e-01 -7.70673026e-01
 3.05951392e-01 -7.67380929e-01
 3.62958688e-01 -7.64367509e-01
 3.78824646e-01 -7.61638942e-01
 3.56485190e-01 -7.59203010e-01
 4.13844125e-01 -7.57069273e-01
 3.53949400e-01 -7.55249287e-01
 4.02005970e-01 -7.53756853e-01
 4.74187150e-01 -7.52608314e-01
 4.48527162e-01 -7.51822920e-01
 6.02975837e-01 -7.51423248e-01
 5.99454625e-01 -7.51435723e-01
 6.07755837e-01 -7.51891232e-01
 7.15809060e-01 -7.52825871e-01
 6.07620535e-01 -7.54281852e-01
 6.76340197e-01 -7.56308602e-01
 8.13337976e-01 -7.58964116e-01
 7.77440877e-01 -7.62316615e-01
 8.09853572e-01 -7.66446601e-01
 8.84263243e-01 -7.71449416e-01
 8.27557066e-01 -7.77438447e-01
 9.10539788e-01 -7.84549178e-01
 1.18963417e+00 -7.92944328e-01
 1.08463764e+00 -8.02820455e-01
 1.15095571e+00 -8.14416480e-01
 1.19430756e+00 -8.28024821e-01
 1.31313960e+00 -8.44006050e-01
 1.38928827e+00 -8.62808437e-01
 1.55911072e+00 -8.84994252e-01
 1.64208313e+00 -9.11275663e-01
 1.70763766e+00 -9.42564336e-01
 1.89038819e+00 -9.80040991e-01
 2.03853940e+00 -1.02525447e+00
 2.23390816e+00 -1.08026523e+00
 2.33200469e+00 -1.14785703e+00
 2.50126426e+00 -1.23185545e+00
 2.81268179e+00 -1.33761745e+00
 3.01749051e+00 -1.47280090e+00
 3.34261794e+00 -1.64860289e+00
 3.74609224e+00 -1.88179917e+00
 4.13742005e+00 -2.19817262e+00
 4.65363923e+00 -2.63834744e+00
 5.17074132e+00 -3.26761571e+00
 5.85126786e+00 -4.19129559e+00
 6.37234280e+00 -5.57197188e+00
 6.58569713e+00 -7.61453386e+00
 5.81071297e+00 -1.03731155e+01
 3.21468269e+00 -1.31158213e+01
 -1.06020778e+00 -1.39834715e+01
 -4.80005447e+00 -1.22069247e+01
 -6.44881629e+00 -9.40752989e+00
 -6.86406694e+00 -7.00341520e+00
 -6.53187526e+00 -5.28811077e+00
