 NaN NaN
 4.14221342e+01 1.42709500e+01
 2.13574745e+01 7.09161958e+00
 1.43481995e+01 4.76988248e+00
 1.10108010e+01 3.62896255e+00
 8.85724768e+00 2.95260775e+00
 7.44405928e+00 2.50587861e+00
 6.31976774e+00 2.18923905e+00
 5.56751768e+00 1.95336077e+00
 4.99040172e+00 1.77103481e+00
 4.55112626e+00 1.62603291e+00
 4.13810287e+00 1.50808045e+00
 3.76178222e+00 1.41035790e+00
 3.49425529e+00 1.32816246e+00
 3.37732782e+00 1.25814673e+00
 3.06464379e+00 1.19786374e+00
 2.96490657e+00 1.14548360e+00
 2.80343908e+00 1.09961080e+00
 2.68539943e+00 1.05916273e+00
 2.54589719e+00 1.02328679e+00
 2.40377816e+00 9.91302545e-01
 2.28667724e+00 9.62660464e-01
 2.14965961e+00 9.36911997e-01
 2.19472064e+00 9.13687505e-01
 2.07847243e+00 8.92679727e-01
 2.02975109e+00 8.73631251e-01
 1.86090824e+00 8.56324880e-01
 1.85122828e+00 8.40576166e-01
 1.74910229e+00 8.26227538e-01
 1.68355395e+00 8.13143666e-01
 1.78943245e+00 8.01207748e-01
 1.68738363e+00 7.90318529e-01
 1.52150918e+00 7.80387873e-01
 1.67225668e+00 7.71338792e-01
 1.58994087e+00 7.63103815e-01
 1.49803252e+00 7.55623646e-01
 1.53042468e+00 7.48846044e-01
 1.35468628e+00 7.42724893e-01
 1.42898804e+00 7.37219411e-01
 1.36457828e+00 7.32293498e-01
 1.41784354e+00 7.27915164e-01
 1.25853760e+00 7.24056065e-01
 1.25118793e+00 7.20691088e-01
 1.39442313e+00 7.17798009e-01
 1.24187638e+00 7.15357195e-01
 1.14821416e+00 7.13351349e-01
 1.21812642e+00 7.11765290e-01
 1.30183297e+00 7.10585765e-01
 1.14657296e+00 7.09801289e-01
 1.16552832e+00 7.09402001e-01
 1.18071868e+00 7.09379549e-01
 1.14061315e+00 7.09726987e-01
 1.18794472e+00 7.10438688e-01
 1.22307974e+00 7.11510272e-01
 1.13960952e+00 7.12938544e-01
 1.19941420e+00 7.14721447e-01
 1.10789816e+00 7.16858023e-01
 1.09746421e+00 7.19348379e-01
 1.05368068e+00 7.22193670e-01
 1.19740552e+00 7.25396086e-01
 1.06384443e+00 7.28958844e-01
 1.07866831e+00 7.32886196e-01
 1.11126538e+00 7.37183432e-01
 9.94216349e-01 7.41856905e-01
 1.06039093e+00 7.46914053e-01
 1.13234309e+00 7.52363433e-01
 1.05962067e+00 7.58214763e-01
 1.12822374e+00 7.64478970e-01
 1.12844867e+00 7.71168256e-01
 1.13241025e+00 7.78296156e-01
 1.11835818e+00 7.85877630e-01
 1.09927561e+00 7.93929144e-01
 1.03332817e+00 8.02468779e-01
 1.11988468e+00 8.11516351e-01
 1.09311100e+00 8.21093539e-01
 1.07574491e+00 8.31224039e-01
 1.10460805e+00 8.41933734e-01
 1.03266471e+00 8.53250889e-01
 1.15010400e+00 8.65206366e-01
 1.12998294e+00 8.77833869e-01
 1.09976994e+00 8.91170227e-01
 1.09435652e+00 9.05255705e-01
 1.16295518e+00 9.20134367e-01
 1.14949459e+00 9.35854480e-01
 1.20437710e+00 9.52468981e-01
 1.22948740e+00 9.70036008e-01
 1.20326646e+00 9.88619506e-01
 1.14834656e+00 1.00828993e+00
 1.21052080e+00 1.02912505e+00
 1.18685128e+00 1.05121087e+00
 1.17295373e+00 1.07464273e+00
 1.27594759e+00 1.09952653e+00
 1.20514016e+00 1.12598023e+00
 1.36065416e+00 1.15413554e+00
 1.35176313e+00 1.18413996e+00
 1.35907369e+00 1.21615918e+00
 1.38316203e+00 1.25037991e+00
 1.36334962e+00 1.28701330e+00
 1.41133055e+00 1.32629899e+00
 1.38476438e+00 1.36851010e+00
 1.50924250e+00 1.41395917e+00
 1.57612768e+00 1.46300551e+00
 1.54722304e+00 1.51606423e+00
 1.46084241e+00 1.57361747e+00
 1.65464677e+00 1.63622834e+00
 1.74192044e+00 1.70455868e+00
 1.80316334e+00 1.77939149e+00
 1.83387251e+00 1.86165990e+00
 1.92928307e+00 1.95248480e+00
 2.11794038e+00 2.05322424e+00
 2.12510914e+00 2.16553945e+00
 2.30307071e+00 2.29148383e+00
 2.43403760e+00 2.43362527e+00
 2.49600588e+00 2.59521679e+00
 2.54260021e+00 2.78043945e+00
 2.87831045e+00 2.99475517e+00
 3.13142995e+00 3.24543160e+00
 3.46728007e+00 3.54234331e+00
 3.76434395e+00 3.89923050e+00
 4.34209038e+00 4.33573934e+00
 4.87111851e+00 4.88083900e+00
 5.69665253e+00 5.57871637e+00
 6.97472995e+00 6.49906334e+00
 8.71219136e+00 7.75381463e+00
 1.18104609e+01 9.50994349e+00
 1.80452877e+01 1.18288040e+01
 3.39823406e+01 1.18328475e+01
 5.63259386e+01 -3.04233652e+01
 2.36840278e+00 -4.11164875e+01
 -5.91733702e+00 -2.26457962e+01
 -5.78687358e+00 -1.47850707e+01
 -4.92636813e+00 -1.08394317e+01
 -4.18206252e+00 -8.52168694e+00
 -3.60291584e+00 -7.01010680e+00
 -3.16203863e+00 -5.95093431e+00
 -2.78142322e+00 -5.16939625e+00
 -2.51831079e+00 -4.56991005e+00
 -2.26052938e+00 -4.09602180e+00
 -2.09389146e+00 -3.71232852e+00
 -1.98952364e+00 -3.39553932e+00
 -1.66812807e+00 -3.12972069e+00
 -1.57369196e+00 -2.90361250e+00
 -1.35142848e+00 -2.70903606e+00
 -1.31714515e+00 -2.53991010e+00
 -1.27981237e+00 -2.39162038e+00
 -1.09513474e+00 -2.26060340e+00
 -1.06171980e+00 -2.14406397e+00
 -1.00762571e+00 -2.03977916e+00
 -1.01224140e+00 -1.94595924e+00
 -9.37698156e-01 -1.86114724e+00
 -8.64669357e-01 -1.78414522e+00
 -8.84990588e-01 -1.71395925e+00
 -8.00488119e-01 -1.64975788e+00
 -7.52013832e-01 -1.59084030e+00
 -6.55107406e-01 -1.53661173e+00
 -6.72248925e-01 -1.48656415e+00
 -6.48357382e-01 -1.44026112e+00
 -5.11590050e-01 -1.39732564e+00
 -7.08610124e-01 -1.35743042e+00
 -5.44495411e-01 -1.32028999e+00
 -5.19580914e-01 -1.28565428e+00
 -5.27792173e-01 -1.25330336e+00
 -4.15753828e-01 -1.22304304e+00
 -5.01175563e-01 -1.19470131e+00
 -4.13199241e-01 -1.16812524e+00
 -4.91847716e-01 -1.14317853e+00
 -3.46066131e-01 -1.11973929e+00
 -3.69119716e-01 -1.09769826e+00
 -3.97827932e-01 -1.07695725e+00
 -3.26496060e-01 -1.05742785e+00
 -3.73891802e-01 -1.03903025e+00
 -3.08379057e-01 -1.02169229e+00
 -3.44237207e-01 -1.00534863e+00
 -2.82641738e-01 -9.89939987e-01
 -2.18708243e-01 -9.75412515e-01
 -2.19396897e-01 -9.61717260e-01
 -2.38117842e-01 -9.48809664e-01
 -1.00237302e-01 -9.36649149e-01
 -3.02866419e-01 -9.25198745e-01
 -2.13078476e-01 -9.14424761e-01
 -3.21788636e-01 -9.04296501e-01
 -2.31900679e-01 -8.94786011e-01
 -2.05587086e-01 -8.85867860e-01
 -1.81210963e-01 -8.77518936e-01
 -1.81874938e-01 -8.69718285e-01
 -1.08068447e-01 -8.62446948e-01
 -2.07283753e-01 -8.55687840e-01
 -4.21347769e-02 -8.49425625e-01
 -4.15517106e-02 -8.43646621e-01
 -8.22751815e-02 -8.38338710e-01
 -7.12751764e-02 -8.33491266e-01
 -1.29381640e-01 -8.29095094e-01
 -7.23421154e-02 -8.25142375e-01
 -1.32962848e-02 -8.21626631e-01
 1.64176411e-02 -8.18542690e-01
 -5.37008280e-02 -8.15886669e-01
 2.24490597e-03 -8.13655959e-01
 -1.13062206e-01 -8.11849231e-01
 -4.07551872e-02 -8.10466435e-01
 -1.54686854e-03 -8.09508827e-01
 1.96329367e-02 -8.08978993e-01
 7.48520943e-02 -8.08880891e-01
 -3.53115033e-02 -8.09219903e-01
 3.29933628e-02 -8.10002896e-01
 -6.22473297e-04 -8.11238307e-01
 2.07992444e-02 -8.12936231e-01
 1.21035699e-01 -8.15108532e-01
 8.42801096e-02 -8.17768977e-01
 1.34179799e-01 -8.20933384e-01
 1.31718170e-01 -8.24619799e-01
 1.31541714e-01 -8.28848699e-01
 1.68707945e-01 -8.33643232e-01
 1.61130266e-01 -8.39029489e-01
 2.45139035e-01 -8.45036823e-01
 2.55985319e-01 -8.51698216e-01
 2.03576811e-01 -8.59050714e-01
 1.94873333e-01 -8.67135922e-01
 1.95826676e-01 -8.76000591e-01
 2.42077675e-01 -8.85697307e-01
 3.37060732e-01 -8.96285294e-01
 3.00325665e-01 -9.07831365e-01
 2.89403875e-01 -9.20411058e-01
 2.75314552e-01 -9.34109974e-01
 3.36005032e-01 -9.49025389e-01
 3.47709923e-01 -9.65268187e-01
 4.14551730e-01 -9.82965202e-01
 3.92607049e-01 -1.00226206e+00
 4.09293764e-01 -1.02332667e+00
 5.46576309e-01 -1.04635350e+00
 4.59476874e-01 -1.07156896e+00
 4.93973216e-01 -1.09923801e+00
 6.04511066e-01 -1.12967264e+00
 5.34297961e-01 -1.16324261e+00
 5.86998746e-01 -1.20038924e+00
 6.51312337e-01 -1.24164343e+00
 7.79786827e-01 -1.28764931e+00
 7.75961923e-01 -1.33919586e+00
 9.62978072e-01 -1.39725959e+00
 9.23167225e-01 -1.46306332e+00
 9.82261549e-01 -1.53815825e+00
 1.14281935e+00 -1.62454104e+00
 1.15208783e+00 -1.72482448e+00
 1.34031251e+00 -1.84249216e+00
 1.42662824e+00 -1.98228965e+00
 1.53809703e+00 -2.15084452e+00
 1.80746920e+00 -2.35768594e+00
 1.97012532e+00 -2.61699537e+00
 2.18967071e+00 -2.95076864e+00
 2.51897457e+00 -3.39488467e+00
 2.86112539e+00 -4.01163753e+00
 3.42177877e+00 -4.91802416e+00
 4.09566502e+00 -6.35677643e+00
 4.77485864e+00 -8.89608652e+00
 4.75219452e+00 -1.39932522e+01
 -2.53753127e+00 -2.33035305e+01
 -2.17179761e+01 -1.49937506e+01
 -1.72087543e+01 -4.66316803e-01
 -1.12181520e+01 2.26900518e+00
 -7.97329039e+00 2.49623641e+00
 -6.19795275e+00 2.29076313e+00
 -5.21178597e+00 2.03091664e+00
 -4.34933754e+00 1.79275392e+00
 -3.75873254e+00 1.58849391e+00
 -3.43071764e+00 1.41582010e+00
 -3.04415765e+00 1.26965898e+00
 -2.69982855e+00 1.14512014e+00
 -2.54579844e+00 1.03812539e+00
 -2.38340676e+00 9.45419432e-01
 -2.16872617e+00 8.64435166e-01
 -2.08855673e+00 7.93147887e-01
 -1.99028706e+00 7.29951929e-01
 -1.84831443e+00 6.73564092e-01
 -1.73908474e+00 6.22950067e-01
 -1.67380992e+00 5.77268874e-01
 -1.57607548e+00 5.35830870e-01
 -1.60457578e+00 4.98065878e-01
 -1.59648916e+00 4.63498822e-01
 -1.41560181e+00 4.31730967e-01
 -1.41251633e+00 4.02425339e-01
 -1.36020903e+00 3.75295319e-01
 -1.39015149e+00 3.50095635e-01
 -1.26576360e+00 3.26615200e-01
 -1.32343910e+00 3.04671364e-01
 -1.25592950e+00 2.84105287e-01
 -1.24054198e+00 2.64778168e-01
 -1.26151820e+00 2.46568163e-01
 -1.13851486e+00 2.29367853e-01
 -1.19681049e+00 2.13082145e-01
 -1.14259969e+00 1.97626520e-01
 -1.15604323e+00 1.82925576e-01
 -1.19023529e+00 1.68911796e-01
 -1.12045386e+00 1.55524509e-01
 -1.16614303e+00 1.42709005e-01
 -1.12331402e+00 1.30415787e-01
 -1.10347852e+00 1.18599921e-01
 -1.10425219e+00 1.07220486e-01
 -1.00903027e+00 9.62400933e-02
 -1.04479839e+00 8.56244690e-02
 -1.05608661e+00 7.53420962e-02
 -1.04244758e+00 6.53638976e-02
 -1.06009561e+00 5.56629585e-02
 -1.05794659e+00 4.62142836e-02
 -1.01181649e+00 3.69945810e-02
 -1.04441067e+00 2.79820712e-02
 -9.58412005e-01 1.91563171e-02
 -1.07467458e+00 1.04980710e-02
 -1.03151860e+00 1.98913821e-03
 -9.61460644e-01 -6.38774688e-03
 -9.90933917e-01 -1.46490330e-02
 -1.05583527e+00 -2.28104541e-02
 -9.88504761e-01 -3.08871236e-02
 -9.98015459e-01 -3.88936210e-02
 -1.02564779e+00 -4.68440720e-02
 -1.02593512e+00 -5.47522243e-02
 -9.43182936e-01 -6.26315187e-02
 -1.04749107e+00 -7.04951562e-02
 -1.12022367e+00 -7.83561631e-02
 -1.05035370e+00 -8.62274535e-02
 -9.95026667e-01 -9.41218903e-02
 -9.97191434e-01 -1.02052346e-01
 -1.03539773e+00 -1.10031761e-01
 -9.47815318e-01 -1.18073205e-01
 -1.03330001e+00 -1.26189939e-01
 -1.06367770e+00 -1.34395476e-01
 -1.00213526e+00 -1.42703644e-01
 -1.05293665e+00 -1.51128656e-01
 -1.06759513e+00 -1.59685179e-01
 -1.06927242e+00 -1.68388409e-01
 -1.08400763e+00 -1.77254148e-01
 -1.12952564e+00 -1.86298890e-01
 -1.10603943e+00 -1.95539915e-01
 -1.10593589e+00 -2.04995381e-01
 -1.17738611e+00 -2.14684442e-01
 -1.13380849e+00 -2.24627355e-01
 -1.29459327e+00 -2.34845617e-01
 -1.24872589e+00 -2.45362109e-01
 -1.22257903e+00 -2.56201248e-01
 -1.30132472e+00 -2.67389170e-01
 -1.32661236e+00 -2.78953923e-01
 -1.30619546e+00 -2.90925691e-01
 -1.28982844e+00 -3.03337038e-01
 -1.29779167e+00 -3.16223188e-01
 -1.31556087e+00 -3.29622345e-01
 -1.37631196e+00 -3.43576041e-01
 -1.33880659e+00 -3.58129554e-01
 -1.46895508e+00 -3.73332362e-01
 -1.53255126e+00 -3.89238678e-01
 -1.51053760e+00 -4.05908058e-01
 -1.53978899e+00 -4.23406103e-01
 -1.58326535e+00 -4.41805264e-01
 -1.69124475e+00 -4.61185780e-01
 -1.58110796e+00 -4.81636770e-01
 -1.64880965e+00 -5.03257496e-01
 -1.70920242e+00 -5.26158847e-01
 -1.79193360e+00 -5.50465080e-01
 -1.83917834e+00 -5.76315861e-01
 -1.99095000e+00 -6.03868681e-01
 -1.94689858e+00 -6.33301703e-01
 -1.96596226e+00 -6.64817139e-01
 -2.09021473e+00 -6.98645261e-01
 -2.30218406e+00 -7.35049146e-01
 -2.30624999e+00 -7.74330311e-01
 -2.37114904e+00 -8.16835350e-01
 -2.56404549e+00 -8.62963706e-01
 -2.74330005e+00 -9.13176622e-01
 -2.83640205e+00 -9.68007178e-01
 -2.98409729e+00 -1.02807093e+00
 -3.20706262e+00 -1.09407597e+00
 -3.39169096e+00 -1.16682961e+00
 -3.62970795e+00 -1.24723566e+00
 -3.92283305e+00 -1.33626946e+00
 -4.47437839e+00 -1.43490309e+00
 -4.86079170e+00 -1.54392037e+00
 -5.32100776e+00 -1.66348563e+00
 -6.04100607e+00 -1.79214588e+00
 -6.76179195e+00 -1.92446846e+00
 -7.89078472e+00 -2.04518233e+00
 -9.40266305e+00 -2.11360232e+00
 -1.15175352e+01 -2.01809956e+00
 -1.48746980e+01 -1.42561430e+00
 -2.01907773e+01 7.90874560e-01
 -2.76943373e+01 8.82204591e+00
 -2.57465317e+01 3.07118242e+01
 8.07923104e-01 3.58648253e+01
 1.04546748e+01 2.23605460e+01
 1.03989005e+01 1.42390206e+01
 9.07270449e+00 1.00187830e+01
 7.80162664e+00 7.60893908e+00
 6.73375343e+00 6.09686423e+00
 5.95896714e+00 5.07595414e+00
 5.20758495e+00 4.34715381e+00
 4.78549994e+00 3.80403701e+00
 4.29351787e+00 3.38537931e+00
 3.96972116e+00 3.05378864e+00
 3.64795655e+00 2.78527827e+00
 3.42075819e+00 2.56382012e+00
 3.17160299e+00 2.37833056e+00
 2.97726064e+00 2.22091842e+00
 2.82746386e+00 2.08582298e+00
 2.59449330e+00 1.96874651e+00
 2.49105094e+00 1.86642124e+00
 2.40915548e+00 1.77632060e+00
 2.26649228e+00 1.69646188e+00
 2.25270364e+00 1.62526840e+00
 2.04237764e+00 1.56147136e+00
 2.10068967e+00 1.50403872e+00
 2.00088727e+00 1.45212279e+00
 1.81759530e+00 1.40502118e+00
 1.81605479e+00 1.36214714e+00
 1.74958687e+00 1.32300692e+00
 1.61196541e+00 1.28718220e+00
 1.57480212e+00 1.25431636e+00
 1.59483995e+00 1.22410364e+00
 1.53526301e+00 1.19628048e+00
 1.45801271e+00 1.17061862e+00
 1.31914377e+00 1.14691947e+00
 1.45868567e+00 1.12500951e+00
 1.43052901e+00 1.10473661e+00
 1.27185055e+00 1.08596685e+00
 1.36835762e+00 1.06858202e+00
 1.40525524e+00 1.05247746e+00
 1.32527419e+00 1.03756023e+00
 1.28570458e+00 1.02374765e+00
 1.19369956e+00 1.01096599e+00
 1.10455840e+00 9.99149384e-01
 1.20697359e+00 9.88238910e-01
 1.17278311e+00 9.78181790e-01
 1.18333621e+00 9.68930713e-01
 1.13368502e+00 9.60443247e-01
 1.07529656e+00 9.52681333e-01
 1.10586093e+00 9.45610846e-01
 1.08402122e+00 9.39201217e-01
 1.00556786e+00 9.33425105e-01
 1.04041340e+00 9.28258107e-01
 9.79702129e-01 9.23678512e-01
 9.82814867e-01 9.19667085e-01
 1.00634839e+00 9.16206882e-01
 1.04299968e+00 9.13283082e-01
 1.01862645e+00 9.10882856e-01
 9.77460951e-01 9.08995239e-01
 1.00190250e+00 9.07611033e-01
 9.81780429e-01 9.06722723e-01
 8.85032608e-01 9.06324399e-01
 8.33189208e-01 9.06411708e-01
 8.54465804e-01 9.06981803e-01
 9.42599657e-01 9.08033313e-01
 8.93038552e-01 9.09566324e-01
 8.49858189e-01 9.11582364e-01
 9.27292579e-01 9.14084410e-01
 8.97397572e-01 9.17076896e-01
 9.13022008e-01 9.20565737e-01
 9.06452606e-01 9.24558363e-01
 8.16133445e-01 9.29063764e-01
 8.59702206e-01 9.34092549e-01
 8.52787929e-01 9.39657015e-01
 8.25011782e-01 9.45771232e-01
 8.71076133e-01 9.52451140e-01
 7.57917888e-01 9.59714668e-01
 8.31708532e-01 9.67581865e-01
 8.65207845e-01 9.76075056e-01
 8.04882525e-01 9.85219012e-01
 7.94991334e-01 9.95041157e-01
 8.23647149e-01 1.00557179e+00
 8.16744936e-01 1.01684436e+00
 8.72804429e-01 1.02889574e+00
 8.78039993e-01 1.04176659e+00
 9.18477063e-01 1.05550172e+00
 8.40853105e-01 1.07015055e+00
 8.23021433e-01 1.08576763e+00
 8.70988793e-01 1.10241317e+00
 8.65185888e-01 1.12015377e+00
 8.30082053e-01 1.13906314e+00
 8.39024028e-01 1.15922305e+00
 8.28148519e-01 1.18072428e+00
 9.48442942e-01 1.20366790e+00
 9.70411772e-01 1.22816666e+00
 7.85385559e-01 1.25434659e+00
 8.59518422e-01 1.28234901e+00
 9.94695785e-01 1.31233276e+00
 9.31110038e-01 1.34447697e+00
 9.91861408e-01 1.37898429e+00
 8.68169487e-01 1.41608477e+00
 1.06851368e+00 1.45604059e+00
 9.67677882e-01 1.49915176e+00
 1.09428758e+00 1.54576307e+00
 1.05571125e+00 1.59627262e+00
 1.11831254e+00 1.65114245e+00
 1.10694822e+00 1.71091169e+00
 1.15249463e+00 1.77621317e+00
 1.24238553e+00 1.84779438e+00
 1.22107180e+00 1.92654441e+00
 1.24124317e+00 2.01352864e+00
 1.32154045e+00 2.11003406e+00
 1.45812196e+00 2.21762917e+00
 1.45246508e+00 2.33824392e+00
 1.54498159e+00 2.47427807e+00
 1.63922776e+00 2.62874975e+00
 1.77415617e+00 2.80550231e+00
 1.92826968e+00 3.00949626e+00
 2.03817313e+00 3.24722693e+00
 2.29991890e+00 3.52732832e+00
 2.52287366e+00 3.86144923e+00
 2.81465375e+00 4.26550597e+00
 3.36094329e+00 4.76135956e+00
 4.05790031e+00 5.37853519e+00
 4.86732090e+00 6.15345613e+00
 6.41211922e+00 7.11340246e+00
 9.05272060e+00 8.18034786e+00
 1.39174509e+01 8.64907433e+00
 2.20588059e+01 4.77029753e+00
 2.45732870e+01 -9.91582558e+00
 1.23839917e+01 -1.75158451e+01
 4.52880055e+00 -1.46614250e+01
 1.60356550e+00 -1.12911370e+01
 3.86807850e-01 -8.91111145e+00
 -1.78248337e-01 -7.27460661e+00
 -2.99854397e-01 -6.11160231e+00
 -3.74018949e-01 -5.25292104e+00
 -3.97461272e-01 -4.59712258e+00
 -3.68833498e-01 -4.08185443e+00
 -4.15753471e-01 -3.66733496e+00
 -3.52194615e-01 -3.32722757e+00
 -2.56532906e-01 -3.04350287e+00
 -3.60673768e-01 -2.80344827e+00
 -2.61180613e-01 -2.59786525e+00
 -2.33372530e-01 -2.41994543e+00
 -1.31419479e-01 -2.26454817e+00
 -2.83917699e-01 -2.12772315e+00
 -2.43754777e-01 -2.00638699e+00
 -1.05008928e-01 -1.89809920e+00
 -9.55805427e-02 -1.80090386e+00
 -1.48329225e-01 -1.71321560e+00
 -9.40613900e-02 -1.63373625e+00
 -1.00048378e-01 -1.56139292e+00
 2.13456722e-02 -1.49529133e+00
 -4.01528246e-02 -1.43468030e+00
 -4.18153724e-02 -1.37892434e+00
 3.98474279e-02 -1.32748229e+00
 6.34800564e-02 -1.27989051e+00
 5.57179219e-02 -1.23574952e+00
 5.98561520e-02 -1.19471336e+00
 1.50873384e-01 -1.15648090e+00
 5.18798679e-02 -1.12078889e+00
 1.71827075e-02 -1.08740621e+00
 1.56628172e-01 -1.05612909e+00
 1.57510023e-01 -1.02677728e+00
 1.52273065e-01 -9.99190728e-01
 2.38677887e-02 -9.73226863e-01
 3.32747139e-02 -9.48758298e-01
 1.26908591e-01 -9.25670877e-01
 1.77122037e-01 -9.03862028e-01
 1.40874830e-01 -8.83239344e-01
 1.55090419e-01 -8.63719382e-01
 1.59728131e-01 -8.45226620e-01
 1.79257417e-01 -8.27692557e-01
 2.22666995e-01 -8.11054943e-01
 1.84732752e-01 -7.95257102e-01
 1.31550258e-01 -7.80247342e-01
 3.25325607e-01 -7.65978445e-01
 2.54225378e-01 -7.52407216e-01
 2.75037166e-01 -7.39494089e-01
 2.87742034e-01 -7.27202779e-01
 3.34436869e-01 -7.15499974e-01
 3.29142730e-01 -7.04355070e-01
 2.47031414e-01 -6.93739924e-01
 3.28257384e-01 -6.83628648e-01
 2.93588147e-01 -6.73997416e-01
 2.77997608e-01 -6.64824301e-01
 3.09984314e-01 -6.56089124e-01
 2.42020162e-01 -6.47773323e-01
 3.50527327e-01 -6.39859837e-01
 2.81346632e-01 -6.32332999e-01
 3.39526984e-01 -6.25178449e-01
 2.92372222e-01 -6.18383052e-01
 3.00095482e-01 -6.11934826e-01
 4.20101378e-01 -6.05822881e-01
 3.13559955e-01 -6.00037366e-01
 3.46461421e-01 -5.94569426e-01
 4.40806077e-01 -5.89411164e-01
 3.54731240e-01 -5.84555606e-01
 4.02149457e-01 -5.79996688e-01
 4.61789760e-01 -5.75729230e-01
 4.12644568e-01 -5.71748934e-01
 5.11379979e-01 -5.68052377e-01
 4.63488541e-01 -5.64637021e-01
 4.54290536e-01 -5.61501224e-01
 4.49598993e-01 -5.58644259e-01
 5.76621511e-01 -5.56066350e-01
 6.40635818e-01 -5.53768703e-01
 5.22817754e-01 -5.51753567e-01
 5.84354948e-01 -5.50024286e-01
 5.09893982e-01 -5.48585380e-01
 5.51522238e-01 -5.47442636e-01
 6.03414890e-01 -5.46603213e-01
 7.15234513e-01 -5.46075775e-01
 6.56211769e-01 -5.45870638e-01
 6.30592770e-01 -5.45999956e-01
 6.73728493e-01 -5.46477929e-01
 6.91552251e-01 -5.47321057e-01
 6.90365067e-01 -5.48548438e-01
 7.36652987e-01 -5.50182121e-01
 8.77159108e-01 -5.52247528e-01
 8.31477557e-01 -5.54773958e-01
 8.29179609e-01 -5.57795189e-01
 7.90421680e-01 -5.61350206e-01
 9.02359005e-01 -5.65484076e-01
 9.16764311e-01 -5.70249016e-01
 8.48940711e-01 -5.75705702e-01
 9.49235485e-01 -5.81924867e-01
 1.07474886e+00 -5.88989285e-01
 1.08113279e+00 -5.96996248e-01
 1.06120693e+00 -6.06060660e-01
 1.23407134e+00 -6.16318965e-01
 1.18860770e+00 -6.27934148e-01
 1.28163372e+00 -6.41102180e-01
 1.41896797e+00 -6.56060394e-01
 1.32273630e+00 -6.73098492e-01
 1.55512480e+00 -6.92573187e-01
 1.61015444e+00 -7.14927909e-01
 1.57516347e+00 -7.40719715e-01
 1.74477269e+00 -7.70656571e-01
 1.88394805e+00 -8.05649893e-01
 2.08432612e+00 -8.46889932e-01
 2.20036735e+00 -8.95956152e-01
 2.33507998e+00 -9.54982535e-01
 2.45871049e+00 -1.02691146e+00
 2.76326931e+00 -1.11589482e+00
 2.99366179e+00 -1.22794854e+00
 3.42101063e+00 -1.37206034e+00
 3.56465220e+00 -1.56214499e+00
 4.03286597e+00 -1.82066612e+00
 4.66851681e+00 -2.18572764e+00
 5.37710125e+00 -2.72586146e+00
 6.44660542e+00 -3.57304249e+00
 7.52626825e+00 -5.00105768e+00
 8.81003269e+00 -7.61104093e+00
 9.27648164e+00 -1.26040626e+01
 4.82900774e+00 -2.00988655e+01
 -7.20721773e+00 -2.04056078e+01
 -1.22940924e+01 -1.20035906e+01
 -1.13120602e+01 -6.33479312e+00
 -9.28077721e+00 -3.62553368e+00
 -7.67923554e+00 -2.28641884e+00
 -6.50714126e+00 -1.56484321e+00
 -5.71896655e+00 -1.14443474e+00
 -5.00062678e+00 -8.83630887e-01
 -4.51350187e+00 -7.13637074e-01
 -4.05569112e+00 -5.98418092e-01
 -3.77093467e+00 -5.17859365e-01
 -3.37613340e+00 -4.60119605e-01
 -3.18542124e+00 -4.17909744e-01
 -3.00415297e+00 -3.86570351e-01
 -2.81708411e+00 -3.63025535e-01
 -2.64754576e+00 -3.45187766e-01
 -2.50721874e+00 -3.31605857e-01
 -2.45525266e+00 -3.21249609e-01
 -2.21614144e+00 -3.13374080e-01
 -2.20788484e+00 -3.07431752e-01
 -2.07131049e+00 -3.03014356e-01
 -1.99795026e+00 -2.99813516e-01
 -1.86692519e+00 -2.97593627e-01
 -1.81555489e+00 -2.96172826e-01
 -1.84737159e+00 -2.95409456e-01
 -1.63611311e+00 -2.95192279e-01
 -1.66967835e+00 -2.95433323e-01
 -1.59630065e+00 -2.96062580e-01
 -1.58295824e+00 -2.97024050e-01
 -1.63993168e+00 -2.98272737e-01
 -1.60616660e+00 -2.99772368e-01
 -1.53369307e+00 -3.01493632e-01
 -1.52373167e+00 -3.03412817e-01
 -1.41623196e+00 -3.05510747e-01
 -1.39482238e+00 -3.07771939e-01
 -1.38840270e+00 -3.10183948e-01
 -1.29498305e+00 -3.12736831e-01
 -1.26344536e+00 -3.15422733e-01
 -1.31359841e+00 -3.18235545e-01
 -1.33522632e+00 -3.21170630e-01
 -1.35888061e+00 -3.24224605e-01
 -1.29528570e+00 -3.27395159e-01
 -1.22041743e+00 -3.30680909e-01
 -1.23942982e+00 -3.34081281e-01
 -1.27893313e+00 -3.37596417e-01
 -1.25910495e+00 -3.41227092e-01
 -1.17707251e+00 -3.44974655e-01
 -1.25061668e+00 -3.48840977e-01
 -1.20827196e+00 -3.52828413e-01
 -1.16274604e+00 -3.56939767e-01
 -1.21980651e+00 -3.61178275e-01
 -1.18438371e+00 -3.65547583e-01
 -1.17444646e+00 -3.70051737e-01
 -1.25552896e+00 -3.74695178e-01
 -1.21797852e+00 -3.79482740e-01
 -1.26373593e+00 -3.84419650e-01
 -1.12016847e+00 -3.89511538e-01
 -1.17078114e+00 -3.94764446e-01
 -1.15288412e+00 -4.00184840e-01
 -1.15466275e+00 -4.05779625e-01
 -1.16544656e+00 -4.11556171e-01
 -1.11107160e+00 -4.17522329e-01
 -1.17649860e+00 -4.23686465e-01
 -1.09559026e+00 -4.30057485e-01
 -1.23297310e+00 -4.36644872e-01
 -1.12292287e+00 -4.43458726e-01
 -1.21344307e+00 -4.50509803e-01
 -1.15135636e+00 -4.57809566e-01
 -1.29546294e+00 -4.65370235e-01
 -1.17098656e+00 -4.73204849e-01
 -1.10254802e+00 -4.81327329e-01
 -1.14482963e+00 -4.89752546e-01
 -1.22632782e+00 -4.98496407e-01
 -1.13899845e+00 -5.07575937e-01
 -1.28767003e+00 -5.17009381e-01
 -1.30479489e+00 -5.26816308e-01
 -1.22572045e+00 -5.37017733e-01
 -1.34789516e+00 -5.47636248e-01
 -1.25939356e+00 -5.58696176e-01
 -1.24335225e+00 -5.70223730e-01
 -1.31637251e+00 -5.82247203e-01
 -1.27020202e+00 -5.94797174e-01
 -1.35212032e+00 -6.07906740e-01
 -1.27262637e+00 -6.21611779e-01
 -1.39213255e+00 -6.35951245e-01
 -1.34930004e+00 -6.50967499e-01
 -1.26106210e+00 -6.66706687e-01
 -1.39236452e+00 -6.83219167e-01
 -1.44930647e+00 -7.00559993e-01
 -1.45434947e+00 -7.18789469e-01
 -1.47257277e+00 -7.37973784e-01
 -1.44237122e+00 -7.58185731e-01
 -1.54072014e+00 -7.79505542e-01
 -1.58609618e+00 -8.02021846e-01
 -1.60375694e+00 -8.25832776e-01
 -1.64089692e+00 -8.51047252e-01
 -1.60689743e+00 -8.77786469e-01
 -1.73851786e+00 -9.06185639e-01
 -1.67191104e+00 -9.36396017e-01
 -1.75357175e+00 -9.68587282e-01
 -1.81896594e+00 -1.00295034e+00
 -1.96094772e+00 -1.03970060e+00
 -2.04152609e+00 -1.07908191e+00
 -2.00276681e+00 -1.12137113e+00
 -2.29117291e+00 -1.16688357e+00
 -2.34281813e+00 -1.21597951e+00
 -2.29623391e+00 -1.26907178e+00
 -2.48974950e+00 -1.32663474e+00
 -2.47338840e+00 -1.38921475e+00
 -2.60035202e+00 -1.45744211e+00
 -2.85818151e+00 -1.53204436e+00
 -2.88736690e+00 -1.61386017e+00
 -3.27589218e+00 -1.70385201e+00
 -3.30577220e+00 -1.80311372e+00
 -3.66298270e+00 -1.91286439e+00
 -3.93567620e+00 -2.03441089e+00
 -4.26055342e+00 -2.16904113e+00
 -4.63054411e+00 -2.31776756e+00
 -5.18291140e+00 -2.48074135e+00
 -5.79758481e+00 -2.65592617e+00
 -6.66591593e+00 -2.83603871e+00
 -7.83801663e+00 -3.00121818e+00
 -9.08555386e+00 -3.10048275e+00
 -1.11320191e+01 -3.00155249e+00
 -1.40576728e+01 -2.34535877e+00
 -1.81930068e+01 -1.14819285e-01
 -2.31318604e+01 6.31413612e+00
 -2.19325559e+01 1.90804336e+01
 -8.89083212e+00 2.61659750e+01
 1.22201796e+00 2.16360614e+01
 4.50243817e+00 1.59148414e+01
 5.22486653e+00 1.19647859e+01
 5.00396910e+00 9.38641080e+00
 4.67386437e+00 7.64802420e+00
 4.28457167e+00 6.42290643e+00
 3.94577336e+00 5.52378222e+00
 3.60118327e+00 4.84088257e+00
 3.27887010e+00 4.30721399e+00
 3.13154265e+00 3.88016375e+00
 2.82826354e+00 3.53158212e+00
 2.62931187e+00 3.24224109e+00
 2.51121985e+00 2.99861647e+00
 2.30433078e+00 2.79094922e+00
 2.24092712e+00 2.61203731e+00
 2.04716695e+00 2.45645955e+00
 1.98928564e+00 2.32006317e+00
 1.91279777e+00 2.19961705e+00
 1.76880119e+00 2.09257191e+00
 1.66731010e+00 1.99689103e+00
 1.64373668e+00 1.91092873e+00
 1.40626545e+00 1.83334157e+00
 1.44264190e+00 1.76302257e+00
 1.43229365e+00 1.69905181e+00
 1.30218892e+00 1.64065880e+00
 1.29735541e+00 1.58719360e+00
 1.28863345e+00 1.53810434e+00
 1.24908366e+00 1.49291952e+00
 1.24205088e+00 1.45123408e+00
 1.22699203e+00 1.41269820e+00
 1.09970731e+00 1.37700829e+00
 1.04716321e+00 1.34389972e+00
 1.02622620e+00 1.31314086e+00
 9.81485325e-01 1.28452818e+00
 9.59849410e-01 1.25788217e+00
 9.09179087e-01 1.23304402e+00
 9.82724043e-01 1.20987279e+00
 9.61227862e-01 1.18824302e+00
 9.86167275e-01 1.16804277e+00
 8.75154607e-01 1.14917194e+00
 8.68491032e-01 1.13154077e+00
 7.75669741e-01 1.11506867e+00
 8.33875471e-01 1.09968314e+00
 8.13703846e-01 1.08531888e+00
 7.45087197e-01 1.07191699e+00
 7.20492997e-01 1.05942428e+00
 7.83895985e-01 1.04779273e+00
 7.06231575e-01 1.03697893e+00
 6.43763753e-01 1.02694368e+00
 8.05870341e-01 1.01765156e+00
 6.42447009e-01 1.00907060e+00
 6.48970079e-01 1.00117202e+00
 6.83325847e-01 9.93929925e-01
 6.93564345e-01 9.87321096e-01
 6.74986200e-01 9.81324803e-01
 6.55689201e-01 9.75922616e-01
 6.76557101e-01 9.71098266e-01
 4.61299886e-01 9.66837512e-01
 5.45738985e-01 9.63128031e-01
 5.56245798e-01 9.59959325e-01
 6.07945673e-01 9.57322642e-01
 6.25662680e-01 9.55210913e-01
 5.94594531e-01 9.53618700e-01
 5.12723756e-01 9.52542158e-01
 5.29282062e-01 9.51979015e-01
 5.59802163e-01 9.51928547e-01
 4.38683227e-01 9.52391589e-01
 5.30869143e-01 9.53370535e-01
 5.25213234e-01 9.54869363e-01
 5.25694548e-01 9.56893671e-01
 5.87391436e-01 9.59450720e-01
 4.08266322e-01 9.62549495e-01
 4.70511171e-01 9.66200780e-01
 4.97518928e-01 9.70417248e-01
 4.35321718e-01 9.75213568e-01
 4.77147794e-01 9.80606525e-01
 5.37383091e-01 9.86615174e-01
 4.24712745e-01 9.93261002e-01
 4.70633544e-01 1.00056812e+00
 4.94358871e-01 1.00856351e+00
 6.11413878e-01 1.01727723e+00
 3.86553591e-01 1.02674276e+00
 4.18251544e-01 1.03699733e+00
 5.06860535e-01 1.04808227e+00
 4.72477651e-01 1.06004351e+00
 4.45598400e-01 1.07293204e+00
 3.34685445e-01 1.08680457e+00
 4.06847406e-01 1.10172413e+00
 3.76875528e-01 1.11776095e+00
 4.70868997e-01 1.13499330e+00
 3.90146131e-01 1.15350866e+00
 4.27574914e-01 1.17340491e+00
 3.46455222e-01 1.19479184e+00
 3.76590349e-01 1.21779291e+00
 3.07002180e-01 1.24254731e+00
 4.57621174e-01 1.26921247e+00
 4.32956333e-01 1.29796695e+00
 4.68974837e-01 1.32901407e+00
 4.16582085e-01 1.36258616e+00
 3.61053421e-01 1.39894984e+00
 4.04843983e-01 1.43841240e+00
 4.08799018e-01 1.48132974e+00
 4.34241439e-01 1.52811615e+00
 3.79780169e-01 1.57925661e+00
 3.28423875e-01 1.63532231e+00
 3.36960118e-01 1.69699036e+00
 3.93490421e-01 1.76506916e+00
 3.44705016e-01 1.84053131e+00
 3.29084042e-01 1.92455680e+00
 3.59026251e-01 2.01859046e+00
 4.13051704e-01 2.12441903e+00
 5.33352855e-01 2.24427649e+00
 4.25333105e-01 2.38098945e+00
 4.01823538e-01 2.53818155e+00
 6.21338639e-01 2.72056483e+00
 5.54706405e-01 2.93436193e+00
 5.74559145e-01 3.18792642e+00
 7.80421589e-01 3.49266319e+00
 8.81062045e-01 3.86439218e+00
 1.07303686e+00 4.32530718e+00
 1.37947226e+00 4.90645904e+00
 1.84916415e+00 5.64933691e+00
 2.61005176e+00 6.59852444e+00
 4.08971203e+00 7.74656482e+00
 6.86104242e+00 8.75776205e+00
 1.15734177e+01 7.97869629e+00
 1.57381143e+01 2.35786001e+00
 1.34378919e+01 -4.30965281e+00
 8.89038867e+00 -6.47527453e+00
 5.94226597e+00 -6.24157452e+00
 4.19616934e+00 -5.49214277e+00
 3.17181211e+00 -4.76081585e+00
 2.44443039e+00 -4.14671110e+00
 2.03625647e+00 -3.64694294e+00
 1.68465388e+00 -3.24029060e+00
 1.48374470e+00 -2.90630442e+00
 1.37515066e+00 -2.62871085e+00
 1.22312847e+00 -2.39518606e+00
 1.09939178e+00 -2.19648946e+00
 1.02675538e+00 -2.02566200e+00
 1.00554157e+00 -1.87741074e+00
 9.21452800e-01 -1.74766188e+00
 9.09000017e-01 -1.63324125e+00
 8.83490619e-01 -1.53164578e+00
 8.17852195e-01 -1.44087905e+00
 7.97144266e-01 -1.35933163e+00
 6.74200670e-01 -1.28569315e+00
 7.37358415e-01 -1.21888685e+00
 6.92232315e-01 -1.15802036e+00
 7.83326985e-01 -1.10234829e+00
 7.03963320e-01 -1.05124339e+00
 7.75918260e-01 -1.00417430e+00
 6.93512584e-01 -9.60687994e-01
 7.46931576e-01 -9.20395951e-01
 7.30850665e-01 -8.82963160e-01
 7.38795229e-01 -8.48099244e-01
 6.92534256e-01 -8.15551311e-01
 6.66871382e-01 -7.85098113e-01
 6.47606792e-01 -7.56545267e-01
 5.84489042e-01 -7.29721303e-01
 6.82082339e-01 -7.04474400e-01
 6.45410804e-01 -6.80669644e-01
 6.33820458e-01 -6.58186745e-01
 6.46899394e-01 -6.36918106e-01
 6.94711483e-01 -6.16767187e-01
 5.45290098e-01 -5.97647120e-01
 6.09572365e-01 -5.79479517e-01
 6.47525103e-01 -5.62193460e-01
 6.17873991e-01 -5.45724622e-01
 6.82397724e-01 -5.30014510e-01
 5.35927980e-01 -5.15009815e-01
 5.86242218e-01 -5.00661837e-01
 6.98401162e-01 -4.86925991e-01
 6.85407744e-01 -4.73761374e-01
 6.05124007e-01 -4.61130379e-01
 6.61705320e-01 -4.48998362e-01
 6.33676460e-01 -4.37333345e-01
 6.81455416e-01 -4.26105754e-01
 6.64854701e-01 -4.15288185e-01
 6.62304812e-01 -4.04855199e-01
 7.13178108e-01 -3.94783136e-01
 6.70364593e-01 -3.85049951e-01
 6.88588171e-01 -3.75635065e-01
 6.79297202e-01 -3.66519234e-01
 7.00239425e-01 -3.57684429e-01
 6.71699598e-01 -3.49113727e-01
 6.51658200e-01 -3.40791218e-01
 7.50438246e-01 -3.32701912e-01
 7.32253360e-01 -3.24831662e-01
 6.88549794e-01 -3.17167090e-01
 7.05277338e-01 -3.09695525e-01
 6.72051337e-01 -3.02404936e-01
 6.82560716e-01 -2.95283884e-01
 7.94369287e-01 -2.88321467e-01
 8.38515512e-01 -2.81507277e-01
 7.84491458e-01 -2.74831357e-01
 6.92706640e-01 -2.68284160e-01
 7.75680962e-01 -2.61856520e-01
 7.87564847e-01 -2.55539615e-01
 8.79563798e-01 -2.49324939e-01
 7.92189599e-01 -2.43204278e-01
 7.81807041e-01 -2.37169685e-01
 9.20104767e-01 -2.31213460e-01
 9.07391958e-01 -2.25328132e-01
 9.25357574e-01 -2.19506448e-01
 9.39454263e-01 -2.13741355e-01
 8.86193766e-01 -2.08026002e-01
 8.31293402e-01 -2.02353731e-01
 9.27595076e-01 -1.96718079e-01
 9.54691899e-01 -1.91112788e-01
 9.31782871e-01 -1.85531822e-01
 1.06733794e+00 -1.79969385e-01
 1.02430492e+00 -1.74419957e-01
 1.10903851e+00 -1.68878341e-01
 1.06891159e+00 -1.63339724e-01
 1.04070501e+00 -1.57799755e-01
 1.20176159e+00 -1.52254658e-01
 1.18889676e+00 -1.46701360e-01
 1.27359834e+00 -1.41137670e-01
 1.20505410e+00 -1.35562507e-01
 1.22302829e+00 -1.29976183e-01
 1.26885478e+00 -1.24380777e-01
 1.29261190e+00 -1.18780611e-01
 1.39436179e+00 -1.13182863e-01
 1.51201035e+00 -1.07598365e-01
 1.57097802e+00 -1.02042637e-01
 1.54992360e+00 -9.65372324e-02
 1.57253522e+00 -9.11115199e-02
 1.66460649e+00 -8.58050242e-02
 1.73600050e+00 -8.06705519e-02
 1.76424777e+00 -7.57783847e-02
 1.87924395e+00 -7.12219562e-02
 2.02057308e+00 -6.71256109e-02
 1.99717561e+00 -6.36553220e-02
 2.08630814e+00 -6.10336664e-02
 2.35943271e+00 -5.95610142e-02
 2.39638812e+00 -5.96459363e-02
 2.61143271e+00 -6.18495130e-02
 2.76867750e+00 -6.69510146e-02
 2.95325900e+00 -7.60471201e-02
 3.20309915e+00 -9.07049971e-02
 3.35586358e+00 -1.13204113e-01
 3.65190903e+00 -1.46928454e-01
 4.05174656e+00 -1.97021910e-01
 4.45639567e+00 -2.71520850e-01
 4.99658977e+00 -3.83386955e-01
 5.55613254e+00 -5.54315106e-01
 6.28962767e+00 -8.22212575e-01
 7.20183492e+00 -1.25665320e+00
 8.45105730e+00 -1.99239104e+00
 1.00260201e+01 -3.30397449e+00
 1.17811767e+01 -5.76021624e+00
 1.31733249e+01 -1.03769038e+01
 1.08567757e+01 -1.74619524e+01
 2.21332902e+00 -2.16786427e+01
 -5.77824302e+00 -1.80539790e+01
 -8.45413979e+00 -1.25907159e+01
 -8.45477939e+00 -8.76932273e+00
 -7.60838121e+00 -6.40687596e+00
 -6.74535797e+00 -4.92084643e+00
 -6.03164540e+00 -3.94209366e+00
 -5.42924277e+00 -3.26668665e+00
 -4.86550715e+00 -2.78114717e+00
 -4.44672319e+00 -2.41982705e+00
 -4.15730326e+00 -2.14304483e+00
 -3.83794609e+00 -1.92579875e+00
 -3.60413754e+00 -1.75173884e+00
 -3.32002341e+00 -1.60981626e+00
 -3.08236792e+00 -1.49234629e+00
 -2.94067617e+00 -1.39384700e+00
 -2.81113779e+00 -1.31031956e+00
 -2.76255947e+00 -1.23878872e+00
 -2.47580921e+00 -1.17700152e+00
 -2.44060537e+00 -1.12322491e+00
 -2.30990655e+00 -1.07610675e+00
 -2.18360221e+00 -1.03457861e+00
 -2.07865272e+00 -9.97786411e-01
 -1.99462736e+00 -9.65040228e-01
 -1.94793821e+00 -9.35777402e-01
 -1.99564470e+00 -9.09535033e-01
 -1.90184843e+00 -8.85929231e-01
 -1.76688660e+00 -8.64639291e-01
 -1.83495540e+00 -8.45395475e-01
 -1.74199641e+00 -8.27969501e-01
 -1.56381796e+00 -8.12167069e-01
 -1.63783182e+00 -7.97821925e-01
 -1.67341710e+00 -7.84791133e-01
 -1.60273918e+00 -7.72951251e-01
 -1.56168861e+00 -7.62195247e-01
 -1.53154325e+00 -7.52429974e-01
 -1.47243813e+00 -7.43574099e-01
 -1.33080896e+00 -7.35556395e-01
 -1.38726494e+00 -7.28314319e-01
 -1.40525078e+00 -7.21792835e-01
 -1.41106720e+00 -7.15943420e-01
 -1.35682921e+00 -7.10723226e-01
 -1.33055972e+00 -7.06094383e-01
 -1.22363887e+00 -7.02023396e-01
 -1.23144838e+00 -6.98480641e-01
 -1.25475660e+00 -6.95439926e-01
 -1.24311061e+00 -6.92878126e-01
 -1.22649672e+00 -6.90774862e-01
 -1.30684372e+00 -6.89112232e-01
 -1.27002335e+00 -6.87874570e-01
 -1.22175304e+00 -6.87048251e-01
 -1.26439209e+00 -6.86621515e-01
 -1.21045855e+00 -6.86584318e-01
 -1.22506330e+00 -6.86928206e-01
 -1.14757854e+00 -6.87646206e-01
 -1.24760363e+00 -6.88732734e-01
 -1.10936156e+00 -6.90183517e-01
 -1.14380110e+00 -6.91995532e-01
 -1.26395010e+00 -6.94166948e-01
 -1.20045809e+00 -6.96697092e-01
 -1.10573483e+00 -6.99586411e-01
 -1.05671621e+00 -7.02836456e-01
 -1.04946900e+00 -7.06449864e-01
 -1.20416515e+00 -7.10430358e-01
 -1.10727857e+00 -7.14782747e-01
 -1.14916286e+00 -7.19512940e-01
 -1.16583503e+00 -7.24627968e-01
 -1.16777155e+00 -7.30136006e-01
 -1.12485759e+00 -7.36046419e-01
 -1.08758458e+00 -7.42369799e-01
 -1.03800535e+00 -7.49118024e-01
 -1.08915564e+00 -7.56304325e-01
 -1.10023892e+00 -7.63943354e-01
 -1.15859257e+00 -7.72051280e-01
 -1.06545592e+00 -7.80645879e-01
 -1.08058967e+00 -7.89746654e-01
 -1.14863245e+00 -7.99374961e-01
 -1.13773673e+00 -8.09554149e-01
 -1.18401933e+00 -8.20309732e-01
 -1.23891582e+00 -8.31669568e-01
 -1.24242623e+00 -8.43664068e-01
 -1.18973455e+00 -8.56326435e-01
 -1.14667473e+00 -8.69692924e-01
 -1.11185612e+00 -8.83803151e-01
 -1.26288993e+00 -8.98700425e-01
 -1.22238451e+00 -9.14432142e-01
 -1.19559426e+00 -9.31050218e-01
 -1.26165532e+00 -9.48611594e-01
 -1.36353100e+00 -9.67178800e-01
 -1.25757677e+00 -9.86820613e-01
 -1.39084113e+00 -1.00761280e+00
 -1.35569184e+00 -1.02963897e+00
 -1.37330192e+00 -1.05299157e+00
 -1.37884787e+00 -1.07777304e+00
 -1.35812017e+00 -1.10409710e+00
 -1.48565412e+00 -1.13209032e+00
 -1.46519070e+00 -1.16189390e+00
 -1.49975220e+00 -1.19366575e+00
 -1.56334343e+00 -1.22758300e+00
 -1.61492106e+00 -1.26384482e+00
 -1.64235177e+00 -1.30267590e+00
 -1.60909798e+00 -1.34433051e+00
 -1.67554687e+00 -1.38909724e+00
 -1.80468065e+00 -1.43730485e+00
 -1.85957497e+00 -1.48932904e+00
 -1.88411231e+00 -1.54560074e+00
 -1.99776351e+00 -1.60661591e+00
 -2.05388670e+00 -1.67294735e+00
 -2.15874329e+00 -1.74525877e+00
 -2.30874522e+00 -1.82432147e+00
 -2.39077517e+00 -1.91103379e+00
 -2.37456362e+00 -2.00644332e+00
 -2.66930879e+00 -2.11177082e+00
 -2.77930858e+00 -2.22843347e+00
 -3.04594502e+00 -2.35806104e+00
 -3.22613993e+00 -2.50249127e+00
 -3.55628868e+00 -2.66371365e+00
 -3.94728979e+00 -2.84369457e+00
 -4.20832609e+00 -3.04393380e+00
 -4.85050892e+00 -3.26440875e+00
 -5.47456884e+00 -3.50109004e+00
 -6.41558900e+00 -3.74000058e+00
 -7.60642294e+00 -3.94253394e+00
 -9.13564775e+00 -4.00766488e+00
 -1.15276206e+01 -3.67176514e+00
 -1.47389296e+01 -2.25448841e+00
 -1.84814874e+01 1.75929043e+00
 -1.93509660e+01 9.68774082e+00
 -1.33913893e+01 1.68741050e+01
 -5.51952860e+00 1.73962620e+01
 -9.12911581e-01 1.45677843e+01
 1.01649903e+00 1.17063422e+01
 1.83402476e+00 9.51321624e+00
 2.15286407e+00 7.90579573e+00
 2.23611912e+00 6.71614841e+00
 2.12611179e+00 5.81532275e+00
 2.01317647e+00 5.11637778e+00
 1.75274224e+00 4.56173485e+00
 1.85630090e+00 4.11277668e+00
 1.60226247e+00 3.74303650e+00
 1.62477531e+00 3.43394374e+00
 1.51021208e+00 3.17216810e+00
 1.34244196e+00 2.94793640e+00
 1.19290036e+00 2.75394397e+00
 1.23179493e+00 2.58463501e+00
 1.18266153e+00 2.43571683e+00
 1.07716851e+00 2.30382508e+00
 1.05241091e+00 2.18628886e+00
 9.61738270e-01 2.08096281e+00
 9.02292773e-01 1.98610535e+00
 9.81962523e-01 1.90028885e+00
 7.96606042e-01 1.82233264e+00
 8.25211704e-01 1.75125233e+00
 7.44936639e-01 1.68622096e+00
 7.80420096e-01 1.62653905e+00
 6.87343131e-01 1.57161117e+00
 6.41271546e-01 1.52092742e+00
 5.65018630e-01 1.47404878e+00
 7.18005646e-01 1.43059531e+00
 6.72878554e-01 1.39023664e+00
 5.14740481e-01 1.35268426e+00
 5.47905886e-01 1.31768510e+00
 5.89963469e-01 1.28501642e+00
 5.01571523e-01 1.25448140e+00
 4.97887709e-01 1.22590555e+00
 4.01575920e-01 1.19913374e+00
 4.74261265e-01 1.17402759e+00
 4.41815739e-01 1.15046337e+00
 4.81454196e-01 1.12833015e+00
 3.98859335e-01 1.10752825e+00
 3.35531252e-01 1.08796792e+00
 3.50761434e-01 1.06956819e+00
 4.70799202e-01 1.05225587e+00
 4.11160586e-01 1.03596471e+00
 3.22725911e-01 1.02063468e+00
 3.57684485e-01 1.00621128e+00
 3.59416575e-01 9.92645029e-01
 3.36502863e-01 9.79890944e-01
 1.85244113e-01 9.67908128e-01
 3.38440925e-01 9.56659384e-01
 2.66868544e-01 9.46110896e-01
 3.15829706e-01 9.36231929e-01
 2.13334495e-01 9.26994585e-01
 1.42665719e-01 9.18373568e-01
 1.54535423e-01 9.10345999e-01
 2.15549585e-01 9.02891233e-01
 2.32081620e-01 8.95990717e-01
 1.82026221e-01 8.89627853e-01
 1.94121679e-01 8.83787887e-01
 2.03402508e-01 8.78457808e-01
 1.48784645e-01 8.73626267e-01
 1.70954422e-01 8.69283509e-01
 1.26180230e-01 8.65421308e-01
 7.35113274e-02 8.62032933e-01
 7.61232877e-02 8.59113103e-01
 7.63684964e-02 8.56657973e-01
 1.95981580e-01 8.54665115e-01
 5.02601032e-03 8.53133524e-01
 9.06316092e-02 8.52063623e-01
 1.20377423e-01 8.51457285e-01
 2.86674081e-02 8.51317870e-01
 6.08291941e-02 8.51650263e-01
 -3.54832435e-03 8.52460942e-01
 3.37228183e-03 8.53758040e-01
 3.38317675e-02 8.55551445e-01
 3.32418036e-03 8.57852894e-01
 7.66091676e-02 8.60676105e-01
 3.14840961e-02 8.64036921e-01
 1.37338644e-02 8.67953478e-01
 -2.55008614e-02 8.72446404e-01
 1.55572097e-02 8.77539045e-01
 -4.67274440e-02 8.83257733e-01
 -1.00496763e-01 8.89632087e-01
 2.04354044e-02 8.96695372e-01
 -3.29972934e-02 9.04484905e-01
 -1.71914963e-02 9.13042533e-01
 -2.04556565e-02 9.22415190e-01
 -1.09920265e-01 9.32655538e-01
 -1.36763936e-01 9.43822730e-01
 -1.72153230e-01 9.55983291e-01
 -1.38634256e-01 9.69212168e-01
 -9.72298185e-02 9.83593965e-01
 -2.69966856e-01 9.99224411e-01
 -2.24298244e-01 1.01621210e+00
 -1.99140385e-01 1.03468062e+00
 -2.32628818e-01 1.05477103e+00
 -2.37511080e-01 1.07664495e+00
 -3.32132960e-01 1.10048830e+00
 -2.49104813e-01 1.12651585e+00
 -3.34554131e-01 1.15497685e+00
 -3.34296181e-01 1.18616209e+00
 -4.35498474e-01 1.22041264e+00
 -4.15050869e-01 1.25813099e+00
 -4.50317638e-01 1.29979519e+00
 -5.29548927e-01 1.34597708e+00
 -5.20316880e-01 1.39736593e+00
 -5.58839054e-01 1.45479964e+00
 -5.52032396e-01 1.51930614e+00
 -7.51934448e-01 1.59215922e+00
 -7.16032658e-01 1.67495492e+00
 -7.30946303e-01 1.76971750e+00
 -7.51988064e-01 1.87904902e+00
 -7.90599053e-01 2.00634431e+00
 -9.58123983e-01 2.15610588e+00
 -9.39637923e-01 2.33441484e+00
 -1.03088389e+00 2.54965070e+00
 -1.15303819e+00 2.81361520e+00
 -1.27235059e+00 3.14332212e+00
 -1.32150342e+00 3.56388221e+00
 -1.47692552e+00 4.11311445e+00
 -1.50399724e+00 4.84840634e+00
 -1.34270720e+00 5.85389904e+00
 -9.26390796e-01 7.23096231e+00
 4.04003627e-01 8.98230709e+00
 3.33142161e+00 1.04814266e+01
 7.70114396e+00 9.64708106e+00
 1.02906804e+01 5.64279114e+00
 9.78584995e+00 1.83956820e+00
 8.13575340e+00 -1.55814265e-01
 6.44846769e+00 -9.86483126e-01
 5.45485174e+00 -1.28463183e+00
 4.64034377e+00 -1.35568625e+00
 3.90496437e+00 -1.33118787e+00
 3.50091014e+00 -1.26794361e+00
 3.13556373e+00 -1.19108229e+00
 2.81180576e+00 -1.11188162e+00
 2.67699810e+00 -1.03533699e+00
 2.40320656e+00 -9.63509665e-01
 2.16685954e+00 -8.97069161e-01
 2.07773647e+00 -8.36028144e-01
 1.97768787e+00 -7.80101483e-01
 1.85709460e+00 -7.28884034e-01
 1.75424442e+00 -6.81938557e-01
 1.68832911e+00 -6.38838136e-01
 1.69807716e+00 -5.99185306e-01
 1.55069895e+00 -5.62619243e-01
 1.53070496e+00 -5.28816922e-01
 1.38439898e+00 -4.97491373e-01
 1.33535980e+00 -4.68388654e-01
 1.36269306e+00 -4.41284411e-01
 1.35434301e+00 -4.15980453e-01
 1.29842308e+00 -3.92301551e-01
 1.24994372e+00 -3.70092541e-01
 1.28077418e+00 -3.49215768e-01
 1.16776929e+00 -3.29548835e-01
 1.14745291e+00 -3.10982655e-01
 1.16418963e+00 -2.93419760e-01
 1.15961597e+00 -2.76772839e-01
 1.03042436e+00 -2.60963482e-01
 1.15265132e+00 -2.45921081e-01
 1.09813227e+00 -2.31581894e-01
 1.08426095e+00 -2.17888226e-01
 1.18999672e+00 -2.04787720e-01
 1.10204915e+00 -1.92232738e-01
 1.09224201e+00 -1.80179832e-01
 1.09123007e+00 -1.68589264e-01
 9.98912584e-01 -1.57424604e-01
 9.86507786e-01 -1.46652364e-01
 9.20072272e-01 -1.36241686e-01
 1.02393289e+00 -1.26164055e-01
 9.55299062e-01 -1.16393057e-01
 1.01869832e+00 -1.06904156e-01
 9.96916604e-01 -9.76745017e-02
 8.85455625e-01 -8.86827500e-02
 1.03749210e+00 -7.99089114e-02
 8.97845659e-01 -7.13342088e-02
 1.00264328e+00 -6.29409515e-02
 9.21464408e-01 -5.47124212e-02
 9.57849233e-01 -4.66327687e-02
 1.04269530e+00 -3.86869191e-02
 1.00480479e+00 -3.08604866e-02
 9.99252176e-01 -2.31396946e-02
 1.03015967e+00 -1.55113033e-02
 1.02169634e+00 -7.96254205e-03
 9.44722111e-01 -4.81046184e-04
 9.86747040e-01 6.94520187e-03
 1.05423186e+00 1.43279283e-02
 9.12597597e-01 2.16786207e-02
 1.05253032e+00 2.90085786e-02
 1.05273966e+00 3.63289621e-02
 9.64374093e-01 4.36508390e-02
 9.86365324e-01 5.09852309e-02
 1.01752233e+00 5.83431581e-02
 1.03439373e+00 6.57356855e-02
 9.55044460e-01 7.31739669e-02
 1.06915094e+00 8.06692904e-02
 9.86416827e-01 8.82331251e-02
 1.09033914e+00 9.58771677e-02
 1.10706563e+00 1.03613391e-01
 1.14728804e+00 1.11454094e-01
 1.11040524e+00 1.19411956e-01
 1.12436677e+00 1.27500090e-01
 1.14061782e+00 1.35732098e-01
 1.14415742e+00 1.44122137e-01
 1.23876991e+00 1.52684983e-01
 1.23748691e+00 1.61436096e-01
 1.16719845e+00 1.70391698e-01
 1.23824567e+00 1.79568848e-01
 1.29523663e+00 1.88985530e-01
 1.20352390e+00 1.98660741e-01
 1.26396465e+00 2.08614586e-01
 1.34909895e+00 2.18868387e-01
 1.32367634e+00 2.29444785e-01
 1.31913576e+00 2.40367864e-01
 1.47326719e+00 2.51663270e-01
 1.39677723e+00 2.63358345e-01
 1.41862678e+00 2.75482260e-01
 1.40805730e+00 2.88066149e-01
 1.52730431e+00 3.01143253e-01
 1.57007948e+00 3.14749047e-01
 1.67922129e+00 3.28921364e-01
 1.64156248e+00 3.43700486e-01
 1.60219719e+00 3.59129209e-01
 1.73354467e+00 3.75252833e-01
 1.80484519e+00 3.92119073e-01
 1.78922825e+00 4.09777815e-01
 1.81446037e+00 4.28280675e-01
 2.04201587e+00 4.47680244e-01
 2.02638874e+00 4.68028886e-01
 2.13285294e+00 4.89376870e-01
 2.31109237e+00 5.11769532e-01
 2.24993561e+00 5.35242984e-01
 2.48743108e+00 5.59817682e-01
 2.52555947e+00 5.85488771e-01
 2.69675026e+00 6.12211538e-01
 2.85381822e+00 6.39879364e-01
 3.01776921e+00 6.68290038e-01
 3.20247972e+00 6.97093653e-01
 3.39081956e+00 7.25710951e-01
 3.61717369e+00 7.53203204e-01
 3.79736257e+00 7.78060900e-01
 4.18007731e+00 7.97852892e-01
 4.61355665e+00 8.08628969e-01
 5.06188903e+00 8.03872904e-01
 5.50638149e+00 7.72607221e-01
 6.19028940e+00 6.95836204e-01
 7.07313040e+00 5.39604133e-01
 8.02081489e+00 2.40901321e-01
 9.28174177e+00 -3.21901386e-01
 1.10916472e+01 -1.39130242e+00
 1.32101626e+01 -3.44875173e+00
 1.49729521e+01 -7.31959211e+00
 1.44715745e+01 -1.35197153e+01
 8.99444842e+00 -1.93052026e+01
 1.18599231e+00 -1.96604624e+01
 -3.74191623e+00 -1.60782099e+01
 -5.60796425e+00 -1.23353406e+01
 -5.86979648e+00 -9.54627756e+00
 -5.61323603e+00 -7.60038382e+00
 -5.23031149e+00 -6.23290254e+00
 -4.90866972e+00 -5.24605097e+00
 -4.48489336e+00 -4.51255793e+00
 -4.24359126e+00 -3.95215561e+00
 -3.85957249e+00 -3.51344824e+00
 -3.58616281e+00 -3.16267880e+00
 -3.31167658e+00 -2.87705902e+00
 -3.17389412e+00 -2.64079338e+00
 -2.92513623e+00 -2.44266270e+00
 -2.77321307e+00 -2.27451974e+00
 -2.68817322e+00 -2.13032866e+00
 -2.51238539e+00 -2.00553670e+00
 -2.39022307e+00 -1.89665377e+00
 -2.28403688e+00 -1.80096507e+00
 -2.22269802e+00 -1.71633075e+00
 -2.13120516e+00 -1.64104386e+00
 -1.96702627e+00 -1.57372787e+00
 -1.92788992e+00 -1.51326157e+00
 -1.82629634e+00 -1.45872341e+00
 -1.89238031e+00 -1.40934959e+00
 -1.64697556e+00 -1.36450220e+00
 -1.63366292e+00 -1.32364466e+00
 -1.59880968e+00 -1.28632271e+00
 -1.53763793e+00 -1.25214944e+00
 -1.58456652e+00 -1.22079344e+00
 -1.54305480e+00 -1.19196943e+00
 -1.42697311e+00 -1.16543060e+00
 -1.36270331e+00 -1.14096251e+00
 -1.43292206e+00 -1.11837806e+00
 -1.36214304e+00 -1.09751340e+00
 -1.31611109e+00 -1.07822453e+00
 -1.28671229e+00 -1.06038450e+00
 -1.30148807e+00 -1.04388105e+00
 -1.23774041e+00 -1.02861463e+00
 -1.24372970e+00 -1.01449679e+00
 -1.20330080e+00 -1.00144873e+00
 -1.23523341e+00 -9.89400170e-01
 -1.15800440e+00 -9.78288267e-01
 -1.15894189e+00 -9.68056803e-01
 -1.15039880e+00 -9.58655419e-01
 -1.19873616e+00 -9.50038984e-01
 -1.13815255e+00 -9.42167037e-01
 -1.08762583e+00 -9.35003315e-01
 -1.00213053e+00 -9.28515340e-01
 -1.01649882e+00 -9.22674056e-01
 -1.05520859e+00 -9.17453525e-01
 -1.01871454e+00 -9.12830649e-01
 -1.00636493e+00 -9.08784943e-01
 -9.96157967e-01 -9.05298325e-01
 -9.83194616e-01 -9.02354941e-01
 -1.00442489e+00 -8.99941013e-01
 -8.87526567e-01 -8.98044709e-01
 -9.56889832e-01 -8.96656026e-01
 -9.98496223e-01 -8.95766700e-01
 -9.73165101e-01 -8.95370126e-01
 -9.64433688e-01 -8.95461290e-01
 -8.41922865e-01 -8.96036719e-01
 -8.68189551e-01 -8.97094443e-01
 -9.08034680e-01 -8.98633968e-01
 -8.67625957e-01 -9.00656255e-01
 -8.70919079e-01 -9.03163721e-01
 -9.79238227e-01 -9.06160243e-01
 -9.51719179e-01 -9.09651172e-01
 -8.71116888e-01 -9.13643366e-01
 -9.15888801e-01 -9.18145222e-01
 -9.60735979e-01 -9.23166733e-01
 -8.39093791e-01 -9.28719550e-01
 -8.67873337e-01 -9.34817053e-01
 -9.53490918e-01 -9.41474449e-01
 -8.20011424e-01 -9.48708873e-01
 -9.61586021e-01 -9.56539512e-01
 -8.61575107e-01 -9.64987747e-01
 -9.36864878e-01 -9.74077311e-01
 -8.49980449e-01 -9.83834479e-01
 -9.29179783e-01 -9.94288275e-01
 -9.73778955e-01 -1.00547071e+00
 -9.54673538e-01 -1.01741706e+00
 -9.03567328e-01 -1.03016618e+00
 -9.96762270e-01 -1.04376083e+00
 -8.23699450e-01 -1.05824811e+00
 -8.94338776e-01 -1.07367991e+00
 -9.19797410e-01 -1.09011342e+00
 -8.76859104e-01 -1.10761176e+00
 -9.48547267e-01 -1.12624463e+00
 -8.79695846e-01 -1.14608913e+00
 -1.03240214e+00 -1.16723068e+00
 -1.03778343e+00 -1.18976405e+00
 -1.02321355e+00 -1.21379463e+00
 -9.75427139e-01 -1.23943982e+00
 -1.04428804e+00 -1.26683069e+00
 -1.10883928e+00 -1.29611399e+00
 -1.06856697e+00 -1.32745438e+00
 -1.08155998e+00 -1.36103720e+00
 -1.01719128e+00 -1.39707162e+00
 -1.10995144e+00 -1.43579454e+00
 -1.12741261e+00 -1.47747507e+00
 -1.13522595e+00 -1.52242006e+00
 -1.37776344e+00 -1.57098072e+00
 -1.26313496e+00 -1.62356054e+00
 -1.30545761e+00 -1.68062508e+00
 -1.42356279e+00 -1.74271373e+00
 -1.46126070e+00 -1.81045428e+00
 -1.47257547e+00 -1.88458068e+00
 -1.55396935e+00 -1.96595492e+00
 -1.55002524e+00 -2.05559388e+00
 -1.59758775e+00 -2.15470214e+00
 -1.76797871e+00 -2.26471172e+00
 -1.94370334e+00 -2.38732900e+00
 -2.07626658e+00 -2.52458777e+00
 -2.17706199e+00 -2.67890336e+00
 -2.33267969e+00 -2.85311371e+00
 -2.63003733e+00 -3.05047159e+00
 -2.93372330e+00 -3.27450201e+00
 -3.20150810e+00 -3.52851799e+00
 -3.69123545e+00 -3.81429146e+00
 -4.33164214e+00 -4.12862243e+00
 -5.04558845e+00 -4.45457402e+00
 -6.34255317e+00 -4.73887392e+00
 -8.00202681e+00 -4.83355366e+00
 -1.03403080e+01 -4.35467105e+00
 -1.32575266e+01 -2.44555312e+00
 -1.53740786e+01 1.95264288e+00
 -1.39202072e+01 7.61546401e+00
 -9.50223333e+00 1.06421122e+01
 -5.38786432e+00 1.05491260e+01
 -2.82045761e+00 9.28629080e+00
 -1.48484207e+00 7.93924593e+00
 -7.67307224e-01 6.79752622e+00
 -2.67261332e-01 5.88213858e+00
 -4.32960635e-02 5.15372338e+00
 9.68750354e-02 4.56940310e+00
 1.77941451e-01 4.09458965e+00
 1.80710253e-01 3.70339765e+00
 2.25801582e-01 3.37680253e+00
 1.97471510e-01 3.10079468e+00
 2.67426723e-01 2.86495617e+00
 2.91933675e-01 2.66144076e+00
 1.34641389e-01 2.48425868e+00
 2.45948047e-01 2.32877594e+00
 1.86623384e-01 2.19136151e+00
 1.79446598e-01 2.06913606e+00
 2.18961801e-01 1.95979080e+00
 2.16466027e-01 1.86145527e+00
 8.58782711e-02 1.77259967e+00
 1.18764198e-01 1.69196174e+00
 1.52152182e-01 1.61849146e+00
 1.10878966e-01 1.55130881e+00
 7.87976541e-02 1.48967104e+00
 8.78381666e-02 1.43294721e+00
 7.38252824e-02 1.38059814e+00
 6.20464407e-02 1.33216044e+00
 1.12666959e-01 1.28723379e+00
 5.82266020e-02 1.24547068e+00
 5.04800378e-02 1.20656803e+00
 1.40125565e-02 1.17026042e+00
 -8.32170049e-02 1.13631443e+00
 -5.88907561e-02 1.10452404e+00
 -4.55304493e-02 1.07470679e+00
 -5.93235372e-02 1.04670048e+00
 -1.02399349e-01 1.02036056e+00
 -3.82230155e-02 9.95557761e-01
 -9.53039863e-02 9.72176199e-01
 -8.19727108e-02 9.50111709e-01
 -2.71757742e-02 9.29270435e-01
 -1.22752426e-01 9.09567621e-01
 -1.06545368e-01 8.90926561e-01
 -8.94110699e-02 8.73277707e-01
 -1.81079778e-01 8.56557880e-01
 -1.65167435e-01 8.40709594e-01
 -1.69870696e-01 8.25680461e-01
 -1.03440494e-01 8.11422680e-01
 -1.68260182e-01 7.97892574e-01
 -1.73202317e-01 7.85050200e-01
 -2.02305491e-01 7.72858994e-01
 -1.31470747e-01 7.61285464e-01
 -3.00065562e-01 7.50298915e-01
 -3.01724809e-01 7.39871215e-01
 -1.97582707e-01 7.29976571e-01
 -1.53224197e-01 7.20591353e-01
 -1.79832219e-01 7.11693917e-01
 -2.80582508e-01 7.03264463e-01
 -2.32594429e-01 6.95284904e-01
 -1.98295636e-01 6.87738753e-01
 -3.30512327e-01 6.80611018e-01
 -3.06573796e-01 6.73888118e-01
 -2.28342387e-01 6.67557807e-01
 -2.66472946e-01 6.61609108e-01
 -2.09928195e-01 6.56032256e-01
 -2.09282625e-01 6.50818656e-01
 -3.35889686e-01 6.45960843e-01
 -2.70638283e-01 6.41452457e-01
 -3.14097588e-01 6.37288223e-01
 -3.96710100e-01 6.33463940e-01
 -3.55136018e-01 6.29976478e-01
 -4.19293328e-01 6.26823789e-01
 -4.42941173e-01 6.24004919e-01
 -3.94272820e-01 6.21520034e-01
 -4.94447776e-01 6.19370459e-01
 -3.93146643e-01 6.17558725e-01
 -5.05892926e-01 6.16088625e-01
 -3.96495971e-01 6.14965293e-01
 -5.54891475e-01 6.14195288e-01
 -5.67904866e-01 6.13786704e-01
 -4.94792068e-01 6.13749294e-01
 -5.57029604e-01 6.14094618e-01
 -5.11652163e-01 6.14836218e-01
 -5.40930355e-01 6.15989825e-01
 -6.43644679e-01 6.17573597e-01
 -6.04131217e-01 6.19608402e-01
 -5.99222531e-01 6.22118153e-01
 -6.55635350e-01 6.25130192e-01
 -6.45466963e-01 6.28675758e-01
 -6.49781354e-01 6.32790529e-01
 -7.13191737e-01 6.37515268e-01
 -7.02959811e-01 6.42896594e-01
 -7.35970609e-01 6.48987904e-01
 -8.09914711e-01 6.55850478e-01
 -8.07137919e-01 6.63554817e-01
 -8.13603422e-01 6.72182256e-01
 -8.14390000e-01 6.81826940e-01
 -7.83549658e-01 6.92598243e-01
 -7.88950913e-01 7.04623755e-01
 -1.05804464e+00 7.18052988e-01
 -1.08032535e+00 7.33062019e-01
 -9.91601978e-01 7.49859335e-01
 -1.02285148e+00 7.68693274e-01
 -1.21510189e+00 7.89861548e-01
 -1.22099955e+00 8.13723585e-01
 -1.24416971e+00 8.40716651e-01
 -1.28080863e+00 8.71377161e-01
 -1.43942714e+00 9.06369179e-01
 -1.54813423e+00 9.46522998e-01
 -1.60283648e+00 9.92888124e-01
 -1.74317483e+00 1.04680709e+00
 -1.77094795e+00 1.11001999e+00
 -1.91018800e+00 1.18481518e+00
 -2.06945368e+00 1.27425062e+00
 -2.16936315e+00 1.38248591e+00
 -2.42963405e+00 1.51529179e+00
 -2.61414580e+00 1.68085068e+00
 -2.93249490e+00 1.89104717e+00
 -3.17181286e+00 2.16360166e+00
 -3.45808579e+00 2.52568019e+00
 -3.97894557e+00 3.02009018e+00
 -4.39073488e+00 3.71579914e+00
 -4.68230061e+00 4.72426690e+00
 -5.06516577e+00 6.21540891e+00
 -4.71855042e+00 8.38039569e+00
 -3.34935395e+00 1.11128325e+01
 2.16187903e-01 1.31040521e+01
 4.90421922e+00 1.21790028e+01
 7.50925691e+00 8.97768037e+00
 7.81718114e+00 5.94819510e+00
 7.27050620e+00 3.90826206e+00
 6.54204343e+00 2.65007634e+00
 5.68721670e+00 1.87298810e+00
 5.15321065e+00 1.37919268e+00
 4.57366414e+00 1.05466148e+00
 4.19746843e+00 8.34476658e-01
 3.79175901e+00 6.80851651e-01
 3.50826744e+00 5.71079794e-01
 3.18284742e+00 4.91057744e-01
 3.03709540e+00 4.31747966e-01
 2.89580184e+00 3.87191940e-01
 2.63753932e+00 3.53359437e-01
 2.53660666e+00 3.27461502e-01
 2.34491402e+00 3.07528422e-01
 2.28278946e+00 2.92143517e-01
 2.23702297e+00 2.80271136e-01
 2.13671923e+00 2.71143036e-01
 2.05177224e+00 2.64181806e-01
 1.94164928e+00 2.58948305e-01
 1.77894655e+00 2.55104977e-01
 1.72865037e+00 2.52389849e-01
 1.82429525e+00 2.50597840e-01
 1.74182390e+00 2.49567153e-01
 1.63675826e+00 2.49169249e-01
 1.61885631e+00 2.49301375e-01
 1.62624958e+00 2.49880946e-01
 1.62732075e+00 2.50841267e-01
 1.56225862e+00 2.52128268e-01
 1.51532648e+00 2.53697971e-01
 1.45340960e+00 2.55514521e-01
 1.43678167e+00 2.57548642e-01
 1.39333574e+00 2.59776425e-01
 1.34923825e+00 2.62178353e-01
 1.37651532e+00 2.64738535e-01
 1.32684872e+00 2.67444085e-01
 1.45144341e+00 2.70284624e-01
 1.30985986e+00 2.73251873e-01
 1.30713082e+00 2.76339329e-01
 1.28291783e+00 2.79541993e-01
 1.22505863e+00 2.82856153e-01
 1.21802951e+00 2.86279206e-01
 1.25200682e+00 2.89809509e-01
 1.24119839e+00 2.93446259e-01
 1.16876598e+00 2.97189394e-01
 1.27156385e+00 3.01039512e-01
 1.09458176e+00 3.04997806e-01
 1.18496963e+00 3.09066010e-01
 1.19478840e+00 3.13246353e-01
 1.09727889e+00 3.17541532e-01
 1.18648706e+00 3.21954677e-01
 1.20794119e+00 3.26489341e-01
 1.14010783e+00 3.31149478e-01
 1.09665305e+00 3.35939438e-01
 1.15003313e+00 3.40863964e-01
 1.07552028e+00 3.45928190e-01
 1.17176634e+00 3.51137647e-01
 1.06877578e+00 3.56498270e-01
 1.01482288e+00 3.62016406e-01
 1.25093481e+00 3.67698836e-01
 1.16440855e+00 3.73552783e-01
 1.12074224e+00 3.79585942e-01
 1.11439285e+00 3.85806498e-01
 1.15625088e+00 3.92223159e-01
 1.23520891e+00 3.98845184e-01
 1.07679641e+00 4.05682418e-01
 1.14439465e+00 4.12745333e-01
 1.21215558e+00 4.20045073e-01
 1.17536832e+00 4.27593500e-01
 1.22251350e+00 4.35403246e-01
 1.15641393e+00 4.43487777e-01
 1.23094674e+00 4.51861453e-01
 1.22921310e+00 4.60539603e-01
 1.15125262e+00 4.69538604e-01
 1.25544116e+00 4.78875965e-01
 1.22033495e+00 4.88570427e-01
 1.39359782e+00 4.98642069e-01
 1.34634998e+00 5.09112421e-01
 1.32750183e+00 5.20004600e-01
 1.41232777e+00 5.31343452e-01
 1.33873244e+00 5.43155707e-01
 1.32001049e+00 5.55470161e-01
 1.37235218e+00 5.68317869e-01
 1.40985108e+00 5.81732362e-01
 1.42965893e+00 5.95749890e-01
 1.38136269e+00 6.10409689e-01
 1.49081070e+00 6.25754279e-01
 1.52505111e+00 6.41829798e-01
 1.49003423e+00 6.58686368e-01
 1.53806002e+00 6.76378503e-01
 1.51374279e+00 6.94965569e-01
 1.63819662e+00 7.14512282e-01
 1.68533716e+00 7.35089260e-01
 1.67030738e+00 7.56773642e-01
 1.65727175e+00 7.79649742e-01
 1.71665467e+00 8.03809775e-01
 1.83155152e+00 8.29354619e-01
 1.81550990e+00 8.56394617e-01
 1.92164817e+00 8.85050382e-01
 2.06670046e+00 9.15453567e-01
 2.05035697e+00 9.47747530e-01
 2.11180358e+00 9.82087760e-01
 2.15135503e+00 1.01864190e+00
 2.26491014e+00 1.05758906e+00
 2.46928303e+00 1.09911787e+00
 2.49276300e+00 1.14342271e+00
 2.64340619e+00 1.19069663e+00
 2.77648822e+00 1.24111916e+00
 2.84464057e+00 1.29483581e+00
 3.13128373e+00 1.35192378e+00
 3.27750244e+00 1.41233489e+00
 3.54287115e+00 1.47580041e+00
 3.80890559e+00 1.54167052e+00
 4.06919628e+00 1.60864004e+00
 4.47513615e+00 1.67427090e+00
 4.82989095e+00 1.73414272e+00
 5.41315431e+00 1.78030143e+00
 6.01984638e+00 1.79834264e+00
 6.77964826e+00 1.76175295e+00
 7.77092058e+00 1.62059179e+00
 9.06051021e+00 1.27835206e+00
 1.08277103e+01 5.45020308e-01
 1.27147205e+01 -9.48508295e-01
 1.47625963e+01 -3.83550848e+00
 1.55627293e+01 -8.70792098e+00
 1.29368593e+01 -1.44533220e+01
 7.06223461e+00 -1.73977304e+01
 1.57492147e+00 -1.63447932e+01
 -1.64744414e+00 -1.36840038e+01
 -3.10259835e+00 -1.11395389e+01
 -3.48191911e+00 -9.13681456e+00
 -3.65220238e+00 -7.63044049e+00
 -3.57614977e+00 -6.49632447e+00
 -3.42828066e+00 -5.62894314e+00
 -3.21572427e+00 -4.95249699e+00
 -2.98723922e+00 -4.41465283e+00
 -2.86132437e+00 -3.97931590e+00
 -2.61413863e+00 -3.62127325e+00
 -2.44243102e+00 -3.32260298e+00
 -2.41466856e+00 -3.07032687e+00
 -2.32700011e+00 -2.85487418e+00
 -2.08777235e+00 -2.66906487e+00
 -1.99315897e+00 -2.50742608e+00
 -1.99197382e+00 -2.36572475e+00
 -1.90853737e+00 -2.24064262e+00
 -1.86808636e+00 -2.12954644e+00
 -1.65803919e+00 -2.03032299e+00
 -1.66794615e+00 -1.94125888e+00
 -1.53841194e+00 -1.86095169e+00
 -1.53156562e+00 -1.78824357e+00
 -1.36925027e+00 -1.72217090e+00
 -1.39632941e+00 -1.66192579e+00
 -1.36203103e+00 -1.60682625e+00
 -1.30671692e+00 -1.55629294e+00
 -1.24664912e+00 -1.50983084e+00
 -1.27955004e+00 -1.46701465e+00
 -1.18638479e+00 -1.42747713e+00
 -1.15379216e+00 -1.39089967e+00
 -1.10048624e+00 -1.35700465e+00
 -1.11888235e+00 -1.32554917e+00
 -1.06152798e+00 -1.29631990e+00
 -1.01499357e+00 -1.26912883e+00
 -9.08340782e-01 -1.24380969e+00
 -9.29506246e-01 -1.22021503e+00
 -9.62377407e-01 -1.19821371e+00
 -9.78948005e-01 -1.17768877e+00
 -8.37973796e-01 -1.15853569e+00
 -9.32698609e-01 -1.14066085e+00
 -8.44503518e-01 -1.12398022e+00
 -8.16439913e-01 -1.10841829e+00
 -8.07310609e-01 -1.09390705e+00
 -8.32158890e-01 -1.08038524e+00
 -7.68920598e-01 -1.06779759e+00
 -8.47971002e-01 -1.05609419e+00
 -7.07794542e-01 -1.04523000e+00
 -7.75397265e-01 -1.03516433e+00
 -7.00221322e-01 -1.02586048e+00
 -6.97022453e-01 -1.01728533e+00
 -8.06924820e-01 -1.00940907e+00
 -6.58545590e-01 -1.00220492e+00
 -6.85227807e-01 -9.95648878e-01
 -8.19133668e-01 -9.89719514e-01
 -6.42163790e-01 -9.84397798e-01
 -5.88470504e-01 -9.79666941e-01
 -6.39233201e-01 -9.75512252e-01
 -5.99374426e-01 -9.71921028e-01
 -6.84927469e-01 -9.68882453e-01
 -5.97432432e-01 -9.66387514e-01
 -6.00463541e-01 -9.64428932e-01
 -6.23685549e-01 -9.63001113e-01
 -5.63370056e-01 -9.62100101e-01
 -6.23532110e-01 -9.61723553e-01
 -5.84629377e-01 -9.61870724e-01
 -5.24036992e-01 -9.62542460e-01
 -5.92359757e-01 -9.63741205e-01
 -5.85526352e-01 -9.65471028e-01
 -5.91258573e-01 -9.67737645e-01
 -5.16483937e-01 -9.70548474e-01
 -5.16731742e-01 -9.73912688e-01
 -5.67084602e-01 -9.77841290e-01
 -5.87416732e-01 -9.82347201e-01
 -5.27580503e-01 -9.87445367e-01
 -5.99534926e-01 -9.93152879e-01
 -4.53871950e-01 -9.99489123e-01
 -5.21722893e-01 -1.00647594e+00
 -5.43299128e-01 -1.01413783e+00
 -5.49355593e-01 -1.02250215e+00
 -4.34384270e-01 -1.03159938e+00
 -4.72692735e-01 -1.04146345e+00
 -5.95037301e-01 -1.05213198e+00
 -5.21738584e-01 -1.06364677e+00
 -4.74770134e-01 -1.07605414e+00
 -5.57089677e-01 -1.08940552e+00
 -5.04331060e-01 -1.10375793e+00
 -5.72443658e-01 -1.11917475e+00
 -5.06755386e-01 -1.13572641e+00
 -5.68623670e-01 -1.15349132e+00
 -4.84631954e-01 -1.17255691e+00
 -4.82962050e-01 -1.19302081e+00
 -5.15963152e-01 -1.21499231e+00
 -4.88812357e-01 -1.23859397e+00
 -4.78306261e-01 -1.26396366e+00
 -5.21396569e-01 -1.29125678e+00
 -5.89272037e-01 -1.32064911e+00
 -4.99312923e-01 -1.35234006e+00
 -5.64999997e-01 -1.38655664e+00
 -6.00822888e-01 -1.42355824e+00
 -4.78544153e-01 -1.46364240e+00
 -5.55231550e-01 -1.50715190e+00
 -6.31501827e-01 -1.55448341e+00
 -5.96731590e-01 -1.60609817e+00
 -6.38636226e-01 -1.66253527e+00
 -5.66018888e-01 -1.72442826e+00
 -6.17994152e-01 -1.79252604e+00
 -5.74065371e-01 -1.86771926e+00
 -6.69418762e-01 -1.95107408e+00
 -7.45990585e-01 -2.04387538e+00
 -6.72074157e-01 -2.14768242e+00
 -7.05671167e-01 -2.26440080e+00
 -8.52383530e-01 -2.39637539e+00
 -8.31429945e-01 -2.54650953e+00
 -9.73743108e-01 -2.71841504e+00
 -1.06415196e+00 -2.91659272e+00
 -1.20858609e+00 -3.14662623e+00
 -1.32078641e+00 -3.41532445e+00
 -1.56496957e+00 -3.73061421e+00
 -1.84811502e+00 -4.10062048e+00
 -2.33338296e+00 -4.53036434e+00
 -2.94022055e+00 -5.01172601e+00
 -4.00509154e+00 -5.49491898e+00
 -5.36624828e+00 -5.81355066e+00
 -7.67653590e+00 -5.52920283e+00
 -1.00055135e+01 -3.85447143e+00
 -1.13856787e+01 -5.05219612e-01
 -1.01307512e+01 2.88874515e+00
 -7.89801118e+00 4.66930718e+00
 -5.84819006e+00 5.06584324e+00
 -4.28818844e+00 4.83657547e+00
 -3.23462878e+00 4.41753529e+00
 -2.56653889e+00 3.98107901e+00
 -2.12030903e+00 3.58294880e+00
 -1.75652523e+00 3.23556271e+00
 -1.46714137e+00 2.93675505e+00
 -1.39411887e+00 2.68026752e+00
 -1.29253010e+00 2.45940337e+00
 -1.08008245e+00 2.26817814e+00
 -9.87099272e-01 2.10157189e+00
 -9.00388617e-01 1.95547713e+00
 -7.91361049e-01 1.82656179e+00
 -8.33046784e-01 1.71212515e+00
 -7.77286044e-01 1.60997152e+00
 -7.17938861e-01 1.51830679e+00
 -8.25727370e-01 1.43565616e+00
 -7.74159772e-01 1.36079949e+00
 -5.99219545e-01 1.29272077e+00
 -7.46185739e-01 1.23056853e+00
 -6.74370803e-01 1.17362479e+00
 -6.28484165e-01 1.12128048e+00
 -6.75738655e-01 1.07301600e+00
 -5.72128271e-01 1.02838570e+00
 -7.39979007e-01 9.87005355e-01
 -6.60806468e-01 9.48542157e-01
 -5.93434260e-01 9.12706463e-01
 -6.25873388e-01 8.79245128e-01
 -5.44965646e-01 8.47935991e-01
 -6.17428295e-01 8.18583332e-01
 -4.91995967e-01 7.91014087e-01
 -6.55176009e-01 7.65074695e-01
 -5.06719133e-01 7.40628446e-01
 -5.60272852e-01 7.17553254e-01
 -6.21239901e-01 6.95739766e-01
 -6.07383188e-01 6.75089755e-01
 -5.41649211e-01 6.55514750e-01
 -5.91055685e-01 6.36934862e-01
 -5.26072506e-01 6.19277775e-01
 -5.79836053e-01 6.02477874e-01
 -5.73342537e-01 5.86475489e-01
 -5.97051613e-01 5.71216244e-01
 -5.58537740e-01 5.56650482e-01
 -6.29195542e-01 5.42732770e-01
 -5.34972331e-01 5.29421459e-01
 -6.22058957e-01 5.16678303e-01
 -5.39457444e-01 5.04468119e-01
 -5.84022806e-01 4.92758490e-01
 -6.04071404e-01 4.81519499e-01
 -5.92362217e-01 4.70723499e-01
 -6.73114406e-01 4.60344900e-01
 -6.74862550e-01 4.50359987e-01
 -6.17901774e-01 4.40746756e-01
 -6.32174619e-01 4.31484765e-01
 -7.18050509e-01 4.22555000e-01
 -7.19008954e-01 4.13939762e-01
 -7.21499361e-01 4.05622561e-01
 -6.77926340e-01 3.97588016e-01
 -5.99308175e-01 3.89821779e-01
 -6.09836667e-01 3.82310451e-01
 -6.60509081e-01 3.75041521e-01
 -6.12597486e-01 3.68003302e-01
 -6.91814285e-01 3.61184881e-01
 -7.09667884e-01 3.54576067e-01
 -7.13780388e-01 3.48167354e-01
 -7.70794927e-01 3.41949883e-01
 -7.96537769e-01 3.35915414e-01
 -8.91057434e-01 3.30056297e-01
 -7.56008755e-01 3.24365456e-01
 -8.35783944e-01 3.18836370e-01
 -8.16955364e-01 3.13463067e-01
 -8.77617679e-01 3.08240117e-01
 -7.64167320e-01 3.03162632e-01
 -7.58405198e-01 2.98226278e-01
 -7.75223618e-01 2.93427285e-01
 -8.23120388e-01 2.88762472e-01
 -8.41387549e-01 2.84229272e-01
 -8.94996997e-01 2.79825777e-01
 -8.52423486e-01 2.75550787e-01
 -9.57721308e-01 2.71403871e-01
 -1.00446844e+00 2.67385450e-01
 -9.58479916e-01 2.63496889e-01
 -9.72929002e-01 2.59740616e-01
 -1.00870275e+00 2.56120266e-01
 -9.50570666e-01 2.52640853e-01
 -1.04748437e+00 2.49308979e-01
 -1.06073658e+00 2.46133093e-01
 -1.07588947e+00 2.43123796e-01
 -1.11678811e+00 2.40294222e-01
 -1.18451667e+00 2.37660501e-01
 -1.23965826e+00 2.35242321e-01
 -1.33088825e+00 2.33063628e-01
 -1.26144005e+00 2.31153486e-01
 -1.30559785e+00 2.29547148e-01
 -1.32683846e+00 2.28287384e-01
 -1.27643250e+00 2.27426163e-01
 -1.45978435e+00 2.27026760e-01
 -1.42834426e+00 2.27166444e-01
 -1.47542134e+00 2.27939910e-01
 -1.53110676e+00 2.29463703e-01
 -1.68854652e+00 2.31881969e-01
 -1.74704801e+00 2.35373979e-01
 -1.84514211e+00 2.40164084e-01
 -1.86065644e+00 2.46534995e-01
 -2.04431279e+00 2.54845713e-01
 -2.04952968e+00 2.65555983e-01
 -2.28379238e+00 2.79260089e-01
 -2.34789657e+00 2.96734172e-01
 -2.49178746e+00 3.19003453e-01
 -2.64968855e+00 3.47439252e-01
 -2.78061095e+00 3.83901435e-01
 -2.92662825e+00 4.30951470e-01
 -3.19288869e+00 4.92177635e-01
 -3.43370832e+00 5.72702353e-01
 -3.72694970e+00 6.79992463e-01
 -4.25585358e+00 8.25185657e-01
 -4.63881878e+00 1.02531729e+00
 -4.98884123e+00 1.30714807e+00
 -5.69507358e+00 1.71385998e+00
 -6.31492490e+00 2.31677217e+00
 -7.08868483e+00 3.23486887e+00
 -8.03644466e+00 4.66094686e+00
 -8.55557513e+00 6.86275796e+00
 -8.19553187e+00 1.00008774e+01
 -5.82141246e+00 1.34177245e+01
 -1.25013714e+00 1.50485730e+01
 3.04788389e+00 1.36978529e+01
 5.52335330e+00 1.09127560e+01
 6.31734688e+00 8.32973646e+00
 6.07456189e+00 6.40074682e+00
