 NaN NaN
 4.13394371e+01 1.41092676e+01
 2.12912478e+01 6.93024798e+00
 1.43791245e+01 4.60880331e+00
 1.09093766e+01 3.46815455e+00
 8.75845932e+00 2.79204863e+00
 7.38576968e+00 2.34554561e+00
 6.27789594e+00 2.02910915e+00
 5.55013934e+00 1.79341083e+00
 5.00210832e+00 1.61124159e+00
 4.55354228e+00 1.46637310e+00
 4.05360473e+00 1.34853069e+00
 3.83540139e+00 1.25089476e+00
 3.44043048e+00 1.16876248e+00
 3.23780961e+00 1.09878637e+00
 3.02994088e+00 1.03851937e+00
 2.88171179e+00 9.86131522e-01
 2.80608627e+00 9.40227197e-01
 2.64501274e+00 8.99723665e-01
 2.51320814e+00 8.63768198e-01
 2.37101882e+00 8.31680202e-01
 2.22685480e+00 8.02909974e-01
 2.17610818e+00 7.77008778e-01
 2.12113419e+00 7.53606762e-01
 2.02175187e+00 7.32396438e-01
 2.01973926e+00 7.13120141e-01
 1.90384740e+00 6.95560405e-01
 1.90415099e+00 6.79532483e-01
 1.70861457e+00 6.64878490e-01
 1.68987829e+00 6.51462750e-01
 1.64214392e+00 6.39168097e-01
 1.71339482e+00 6.27892880e-01
 1.53807937e+00 6.17548543e-01
 1.59157153e+00 6.08057649e-01
 1.49795678e+00 5.99352248e-01
 1.42258389e+00 5.91372534e-01
 1.41249149e+00 5.84065726e-01
 1.46317662e+00 5.77385130e-01
 1.39809192e+00 5.71289356e-01
 1.37994480e+00 5.65741653e-01
 1.32746641e+00 5.60709347e-01
 1.35815407e+00 5.56163364e-01
 1.38542811e+00 5.52077821e-01
 1.30980441e+00 5.48429678e-01
 1.28422074e+00 5.45198438e-01
 1.33705162e+00 5.42365889e-01
 1.24615041e+00 5.39915882e-01
 1.24742218e+00 5.37834140e-01
 1.26469391e+00 5.36108093e-01
 1.26919552e+00 5.34726733e-01
 1.16235078e+00 5.33680492e-01
 1.28400734e+00 5.32961138e-01
 1.30674687e+00 5.32561680e-01
 1.18550848e+00 5.32476294e-01
 1.18733453e+00 5.32700255e-01
 1.17663408e+00 5.33229883e-01
 1.11779098e+00 5.34062496e-01
 1.27846882e+00 5.35196374e-01
 1.25733168e+00 5.36630733e-01
 1.15407301e+00 5.38365698e-01
 1.08742552e+00 5.40402295e-01
 1.13781835e+00 5.42742442e-01
 1.10782755e+00 5.45388945e-01
 1.14129083e+00 5.48345511e-01
 1.07126186e+00 5.51616756e-01
 1.25717628e+00 5.55208223e-01
 1.15537683e+00 5.59126414e-01
 1.23077933e+00 5.63378817e-01
 1.12184717e+00 5.67973949e-01
 1.17136909e+00 5.72921405e-01
 1.18085844e+00 5.78231912e-01
 1.10117887e+00 5.83917395e-01
 1.25034108e+00 5.89991056e-01
 1.11736282e+00 5.96467454e-01
 1.12775607e+00 6.03362608e-01
 1.13780390e+00 6.10694106e-01
 1.12555944e+00 6.18481230e-01
 1.26634730e+00 6.26745101e-01
 1.19132816e+00 6.35508840e-01
 1.35696646e+00 6.44797750e-01
 1.24160882e+00 6.54639521e-01
 1.21165753e+00 6.65064469e-01
 1.28629572e+00 6.76105798e-01
 1.28895186e+00 6.87799903e-01
 1.26541057e+00 7.00186717e-01
 1.35299896e+00 7.13310102e-01
 1.28199019e+00 7.27218297e-01
 1.27856432e+00 7.41964437e-01
 1.44882018e+00 7.57607144e-01
 1.45321341e+00 7.74211211e-01
 1.46701613e+00 7.91848393e-01
 1.43773013e+00 8.10598324e-01
 1.54509364e+00 8.30549589e-01
 1.53819712e+00 8.51800975e-01
 1.57097670e+00 8.74462935e-01
 1.42544443e+00 8.98659326e-01
 1.68327009e+00 9.24529453e-01
 1.76244826e+00 9.52230513e-01
 1.73984787e+00 9.81940513e-01
 1.74740451e+00 1.01386178e+00
 1.84125498e+00 1.04822519e+00
 1.81615774e+00 1.08529535e+00
 1.98354652e+00 1.12537690e+00
 1.99995608e+00 1.16882233e+00
 2.10262769e+00 1.21604160e+00
 2.13096508e+00 1.26751431e+00
 2.29188797e+00 1.32380493e+00
 2.39525000e+00 1.38558229e+00
 2.54929133e+00 1.45364455e+00
 2.65008895e+00 1.52895173e+00
 2.78899817e+00 1.61266837e+00
 2.90456694e+00 1.70622021e+00
 3.14477763e+00 1.81137050e+00
 3.28622640e+00 1.93032404e+00
 3.62861123e+00 2.06587112e+00
 3.81428590e+00 2.22158928e+00
 4.25424004e+00 2.40213031e+00
 4.60011194e+00 2.61363286e+00
 5.16031400e+00 2.86431888e+00
 5.82833742e+00 3.16534668e+00
 6.67963007e+00 3.53196522e+00
 7.82892229e+00 3.98475955e+00
 9.40292045e+00 4.54943722e+00
 1.17134729e+01 5.24675384e+00
 1.56857473e+01 6.02468010e+00
 2.31344775e+01 6.29525841e+00
 4.01477811e+01 6.71004313e-01
 4.90710006e+01 -5.22119944e+01
 -1.22528165e+01 -4.46397791e+01
 -1.45668435e+01 -2.20180050e+01
 -1.15361082e+01 -1.36911867e+01
 -9.29782372e+00 -9.77322152e+00
 -7.97424010e+00 -7.55972643e+00
 -6.71517118e+00 -6.15410218e+00
 -5.88702829e+00 -5.18828834e+00
 -5.10858831e+00 -4.48634966e+00
 -4.56034271e+00 -3.95442369e+00
 -4.18291494e+00 -3.53814398e+00
 -3.79955977e+00 -3.20395338e+00
 -3.43106222e+00 -2.93006506e+00
 -3.32103575e+00 -2.70174051e+00
 -2.96815750e+00 -2.50866393e+00
 -2.89394612e+00 -2.34340523e+00
 -2.66921214e+00 -2.20048039e+00
 -2.54731239e+00 -2.07575555e+00
 -2.39022121e+00 -1.96605693e+00
 -2.22407431e+00 -1.86890821e+00
 -2.18474367e+00 -1.78234949e+00
 -1.98934184e+00 -1.70480979e+00
 -1.98354777e+00 -1.63501541e+00
 -1.91948323e+00 -1.57192301e+00
 -1.86137216e+00 -1.51467003e+00
 -1.69821889e+00 -1.46253727e+00
 -1.68877095e+00 -1.41492045e+00
 -1.62997633e+00 -1.37130826e+00
 -1.56205926e+00 -1.33126526e+00
 -1.51160992e+00 -1.29441840e+00
 -1.45207065e+00 -1.26044635e+00
 -1.46557738e+00 -1.22907092e+00
 -1.42053650e+00 -1.20005014e+00
 -1.38835822e+00 -1.17317265e+00
 -1.37981960e+00 -1.14825311e+00
 -1.24561669e+00 -1.12512835e+00
 -1.32279985e+00 -1.10365432e+00
 -1.23842761e+00 -1.08370337e+00
 -1.23516073e+00 -1.06516213e+00
 -1.18154295e+00 -1.04792964e+00
 -1.15694576e+00 -1.03191575e+00
 -1.12194180e+00 -1.01703986e+00
 -1.19774905e+00 -1.00322974e+00
 -1.07687124e+00 -9.90420592e-01
 -1.07284880e+00 -9.78554188e-01
 -1.04554063e+00 -9.67578182e-01
 -1.02310385e+00 -9.57445479e-01
 -9.56973764e-01 -9.48113705e-01
 -1.09522954e+00 -9.39544739e-01
 -9.92023254e-01 -9.31704313e-01
 -1.01025124e+00 -9.24561657e-01
 -9.98656640e-01 -9.18089200e-01
 -9.55605002e-01 -9.12262295e-01
 -8.79500765e-01 -9.07058997e-01
 -9.76908788e-01 -9.02459851e-01
 -1.04445414e+00 -8.98447724e-01
 -9.59051311e-01 -8.95007652e-01
 -9.74053355e-01 -8.92126707e-01
 -9.13767496e-01 -8.89793891e-01
 -9.35908946e-01 -8.88000035e-01
 -9.52678522e-01 -8.86737726e-01
 -9.14649196e-01 -8.86001243e-01
 -8.76522151e-01 -8.85786506e-01
 -9.02407036e-01 -8.86091035e-01
 -9.28417806e-01 -8.86913932e-01
 -9.76977776e-01 -8.88255864e-01
 -8.97288829e-01 -8.90119061e-01
 -9.14449384e-01 -8.92507329e-01
 -8.94730365e-01 -8.95426067e-01
 -9.19604616e-01 -8.98882307e-01
 -8.23487694e-01 -9.02884756e-01
 -9.27251740e-01 -9.07443853e-01
 -9.19777952e-01 -9.12571850e-01
 -9.44727806e-01 -9.18282888e-01
 -9.32466324e-01 -9.24593110e-01
 -9.71833234e-01 -9.31520778e-01
 -1.02615782e+00 -9.39086410e-01
 -9.80558559e-01 -9.47312947e-01
 -9.83952747e-01 -9.56225934e-01
 -9.70157541e-01 -9.65853731e-01
 -8.98128914e-01 -9.76227757e-01
 -9.94163983e-01 -9.87382762e-01
 -9.43902359e-01 -9.99357145e-01
 -9.71148670e-01 -1.01219331e+00
 -1.07686451e+00 -1.02593809e+00
 -1.03869618e+00 -1.04064317e+00
 -9.34300094e-01 -1.05636570e+00
 -1.09626948e+00 -1.07316885e+00
 -1.07028701e+00 -1.09112254e+00
 -1.04640623e+00 -1.11030428e+00
 -1.04854580e+00 -1.13080007e+00
 -1.16950781e+00 -1.15270559e+00
 -1.00948785e+00 -1.17612737e+00
 -1.16138732e+00 -1.20118441e+00
 -1.21642106e+00 -1.22800983e+00
 -1.17568947e+00 -1.25675306e+00
 -1.15660063e+00 -1.28758218e+00
 -1.27096545e+00 -1.32068696e+00
 -1.22249323e+00 -1.35628226e+00
 -1.25588413e+00 -1.39461227e+00
 -1.22243672e+00 -1.43595559e+00
 -1.36312223e+00 -1.48063133e+00
 -1.38830189e+00 -1.52900673e+00
 -1.38668850e+00 -1.58150635e+00
 -1.49079227e+00 -1.63862361e+00
 -1.54115951e+00 -1.70093520e+00
 -1.57726650e+00 -1.76911911e+00
 -1.68658542e+00 -1.84397778e+00
 -1.75412277e+00 -1.92646759e+00
 -1.73655477e+00 -2.01773731e+00
 -1.93428018e+00 -2.11917842e+00
 -1.94341856e+00 -2.23249197e+00
 -2.15325614e+00 -2.35977853e+00
 -2.23809911e+00 -2.50366090e+00
 -2.55516106e+00 -2.66745399e+00
 -2.65915540e+00 -2.85540403e+00
 -2.86811299e+00 -3.07303077e+00
 -3.15135075e+00 -3.32762573e+00
 -3.42722357e+00 -3.62898913e+00
 -3.80905728e+00 -3.99053279e+00
 -4.48019497e+00 -4.43093054e+00
 -5.21088998e+00 -4.97650444e+00
 -6.09820111e+00 -5.66416935e+00
 -7.54200071e+00 -6.54230947e+00
 -9.94454669e+00 -7.65273980e+00
 -1.40267043e+01 -8.88686169e+00
 -2.24638468e+01 -8.92569875e+00
 -3.80979468e+01 2.48339448e+00
 -2.53897169e+01 3.45106149e+01
 -1.22916618e+00 2.76662910e+01
 3.63679286e+00 1.79998636e+01
 4.08990806e+00 1.27840803e+01
 3.86165283e+00 9.78523653e+00
 3.50865057e+00 7.88686203e+00
 3.13134465e+00 6.59141767e+00
 2.72614601e+00 5.65638557e+00
 2.56293305e+00 4.95212955e+00
 2.22349079e+00 4.40383976e+00
 2.15401750e+00 3.96559057e+00
 1.94234499e+00 3.60773556e+00
 1.86422258e+00 3.31032949e+00
 1.75832997e+00 3.05948328e+00
 1.59288352e+00 2.84523935e+00
 1.49529132e+00 2.66027896e+00
 1.31871211e+00 2.49910603e+00
 1.28227687e+00 2.35751523e+00
 1.23805029e+00 2.23223548e+00
 1.28150964e+00 2.12068502e+00
 1.05673198e+00 2.02079956e+00
 1.01591148e+00 1.93090926e+00
 9.91859226e-01 1.84964910e+00
 1.04269867e+00 1.77589263e+00
 1.04362236e+00 1.70870221e+00
 9.64443797e-01 1.64729122e+00
 8.17648726e-01 1.59099495e+00
 8.13975950e-01 1.53924797e+00
 7.70752072e-01 1.49156642e+00
 7.63862105e-01 1.44753384e+00
 7.55808352e-01 1.40679000e+00
 6.95666577e-01 1.36902173e+00
 7.01680859e-01 1.33395561e+00
 5.75219407e-01 1.30135193e+00
 6.79895899e-01 1.27099973e+00
 6.76773986e-01 1.24271267e+00
 5.59261035e-01 1.21632566e+00
 6.70717935e-01 1.19169195e+00
 5.79958874e-01 1.16868077e+00
 5.29787219e-01 1.14717526e+00
 4.70457136e-01 1.12707077e+00
 5.82646047e-01 1.10827336e+00
 5.53406762e-01 1.09069858e+00
 5.40259282e-01 1.07427037e+00
 5.93456713e-01 1.05892012e+00
 4.68789712e-01 1.04458588e+00
 4.56337311e-01 1.03121167e+00
 6.67520165e-01 1.01874687e+00
 3.71257369e-01 1.00714566e+00
 4.20911719e-01 9.96366625e-01
 4.84516386e-01 9.86372296e-01
 4.87558753e-01 9.77128834e-01
 4.41733749e-01 9.68605706e-01
 5.57081540e-01 9.60775426e-01
 4.60008168e-01 9.53613311e-01
 3.59780575e-01 9.47097284e-01
 4.65529662e-01 9.41207689e-01
 4.63658398e-01 9.35927138e-01
 3.92878795e-01 9.31240375e-01
 3.75391036e-01 9.27134164e-01
 3.60697950e-01 9.23597186e-01
 3.03894566e-01 9.20619960e-01
 3.73912819e-01 9.18194776e-01
 3.67460887e-01 9.16315642e-01
 3.34154248e-01 9.14978241e-01
 3.78186061e-01 9.14179906e-01
 3.44140627e-01 9.13919606e-01
 3.25008486e-01 9.14197941e-01
 3.18658315e-01 9.15017151e-01
 3.79077752e-01 9.16381140e-01
 3.23588814e-01 9.18295509e-01
 3.51073717e-01 9.20767603e-01
 3.29660461e-01 9.23806573e-01
 2.44772775e-01 9.27423452e-01
 2.44093095e-01 9.31631247e-01
 3.20279936e-01 9.36445048e-01
 3.04502509e-01 9.41882160e-01
 2.49888982e-01 9.47962246e-01
 3.75618245e-01 9.54707509e-01
 3.51005268e-01 9.62142885e-01
 3.10496575e-01 9.70296275e-01
 3.65786514e-01 9.79198812e-01
 2.12071201e-01 9.88885157e-01
 3.33548573e-01 9.99393854e-01
 2.99165981e-01 1.01076772e+00
 3.72849463e-01 1.02305432e+00
 3.22147819e-01 1.03630647e+00
 2.38646116e-01 1.05058287e+00
 3.31807834e-01 1.06594878e+00
 3.94091993e-01 1.08247687e+00
 3.41781392e-01 1.10024814e+00
 2.59795289e-01 1.11935303e+00
 4.25271441e-01 1.13989273e+00
 2.97181850e-01 1.16198069e+00
 3.78765006e-01 1.18574441e+00
 3.88712558e-01 1.21132756e+00
 3.08463937e-01 1.23889252e+00
 3.86958366e-01 1.26862341e+00
 3.26461530e-01 1.30072968e+00
 4.46172201e-01 1.33545059e+00
 2.93752806e-01 1.37306048e+00
 3.42672466e-01 1.41387536e+00
 3.54878689e-01 1.45826099e+00
 3.81112350e-01 1.50664290e+00
 4.10970275e-01 1.55951894e+00
 4.47521307e-01 1.61747517e+00
 3.53473642e-01 1.68120609e+00
 4.29331115e-01 1.75154063e+00
 3.84616521e-01 1.82947605e+00
 4.42110775e-01 1.91622256e+00
 4.91540033e-01 2.01326282e+00
 5.28665011e-01 2.12243237e+00
 5.15942279e-01 2.24603025e+00
 5.67627901e-01 2.38697335e+00
 5.67511109e-01 2.54901619e+00
 5.95519278e-01 2.73707024e+00
 6.82881039e-01 2.95767830e+00
 7.46323517e-01 3.21973755e+00
 9.15470787e-01 3.53563155e+00
 9.01913134e-01 3.92305524e+00
 1.17119875e+00 4.40804350e+00
 1.48973827e+00 5.03011887e+00
 1.88494924e+00 5.85105734e+00
 2.73079337e+00 6.96857122e+00
 4.03125225e+00 8.52621535e+00
 6.85317584e+00 1.06142205e+01
 1.36027317e+01 1.21093452e+01
 2.46395266e+01 4.16672113e+00
 1.89089344e+01 -1.16261563e+01
 8.67817610e+00 -1.24785706e+01
 4.33452865e+00 -9.90791947e+00
 2.54333685e+00 -7.85426319e+00
 1.76173625e+00 -6.41589714e+00
 1.17509932e+00 -5.39116742e+00
 9.24206835e-01 -4.63503751e+00
 7.71604024e-01 -4.05819915e+00
 4.52347364e-01 -3.60544798e+00
 5.05017025e-01 -3.24155544e+00
 4.19461907e-01 -2.94322733e+00
 3.93000583e-01 -2.69453993e+00
 3.99530383e-01 -2.48428009e+00
 3.31490974e-01 -2.30434311e+00
 3.13807419e-01 -2.14873544e+00
 2.79625203e-01 -2.01293477e+00
 3.25665744e-01 -1.89346776e+00
 2.80398500e-01 -1.78762443e+00
 2.14532522e-01 -1.69326048e+00
 2.44791149e-01 -1.60865778e+00
 1.56986752e-01 -1.53242396e+00
 2.64192916e-01 -1.46341905e+00
 2.52916038e-01 -1.40070101e+00
 2.16911464e-01 -1.34348474e+00
 1.82083410e-01 -1.29111085e+00
 2.11272090e-01 -1.24302155e+00
 1.98221635e-01 -1.19874194e+00
 1.91840085e-01 -1.15786522e+00
 1.61012966e-01 -1.12004096e+00
 2.75308291e-01 -1.08496576e+00
 2.48392445e-01 -1.05237562e+00
 2.44764865e-01 -1.02203986e+00
 2.63023682e-01 -9.93756013e-01
 9.02501266e-02 -9.67345729e-01
 2.84204787e-01 -9.42651312e-01
 2.47320560e-01 -9.19532864e-01
 2.28616341e-01 -8.97865888e-01
 1.81052582e-01 -8.77539266e-01
 2.70862604e-01 -8.58453554e-01
 1.83168856e-01 -8.40519532e-01
 2.08502740e-01 -8.23656964e-01
 2.35489897e-01 -8.07793544e-01
 2.08927081e-01 -7.92863981e-01
 2.34118682e-01 -7.78809215e-01
 2.81800312e-01 -7.65575739e-01
 2.70540537e-01 -7.53115013e-01
 2.68022328e-01 -7.41382943e-01
 2.82145814e-01 -7.30339443e-01
 2.46037812e-01 -7.19948038e-01
 1.69968499e-01 -7.10175526e-01
 2.59964216e-01 -7.00991672e-01
 2.35470484e-01 -6.92368951e-01
 3.27088023e-01 -6.84282310e-01
 2.80862587e-01 -6.76708966e-01
 2.06425361e-01 -6.69628229e-01
 3.85492597e-01 -6.63021338e-01
 2.10331320e-01 -6.56871325e-01
 1.97891477e-01 -6.51162896e-01
 3.00217083e-01 -6.45882317e-01
 2.89177513e-01 -6.41017330e-01
 3.12698589e-01 -6.36557065e-01
 2.21201237e-01 -6.32491979e-01
 3.53590476e-01 -6.28813793e-01
 2.13014499e-01 -6.25515443e-01
 3.24530131e-01 -6.22591048e-01
 3.58249844e-01 -6.20035874e-01
 3.77788372e-01 -6.17846318e-01
 3.37350268e-01 -6.16019890e-01
 3.33667154e-01 -6.14555217e-01
 3.98626882e-01 -6.13452041e-01
 3.28539770e-01 -6.12711232e-01
 3.98711373e-01 -6.12334818e-01
 3.18495575e-01 -6.12326005e-01
 4.44541783e-01 -6.12689230e-01
 3.90248613e-01 -6.13430204e-01
 3.53074000e-01 -6.14555983e-01
 3.60872024e-01 -6.16075039e-01
 4.55456768e-01 -6.17997357e-01
 3.68960756e-01 -6.20334535e-01
 4.78609906e-01 -6.23099915e-01
 3.67084417e-01 -6.26308726e-01
 3.21541397e-01 -6.29978250e-01
 4.44679259e-01 -6.34128020e-01
 3.81386659e-01 -6.38780043e-01
 5.14487127e-01 -6.43959064e-01
 4.28471254e-01 -6.49692866e-01
 4.47387378e-01 -6.56012621e-01
 5.22957492e-01 -6.62953299e-01
 5.18221118e-01 -6.70554146e-01
 4.55898720e-01 -6.78859236e-01
 5.13133410e-01 -6.87918125e-01
 5.86974017e-01 -6.97786622e-01
 5.71275803e-01 -7.08527689e-01
 6.48528015e-01 -7.20212520e-01
 6.81430924e-01 -7.32921823e-01
 6.82312229e-01 -7.46747348e-01
 6.28456274e-01 -7.61793738e-01
 7.45981709e-01 -7.78180757e-01
 7.62125322e-01 -7.96046008e-01
 7.94759904e-01 -8.15548260e-01
 6.79576376e-01 -8.36871555e-01
 7.99041159e-01 -8.60230304e-01
 8.28026406e-01 -8.85875671e-01
 8.80640689e-01 -9.14103634e-01
 8.51125048e-01 -9.45265257e-01
 9.81099959e-01 -9.79779904e-01
 1.01052828e+00 -1.01815243e+00
 1.05164770e+00 -1.06099580e+00
 1.13776777e+00 -1.10906121e+00
 1.16184024e+00 -1.16327883e+00
 1.25295310e+00 -1.22481361e+00
 1.32208295e+00 -1.29514322e+00
 1.36467291e+00 -1.37616866e+00
 1.49232055e+00 -1.47037485e+00
 1.52985663e+00 -1.58106889e+00
 1.68855225e+00 -1.71274310e+00
 1.95155134e+00 -1.87164451e+00
 2.03903201e+00 -2.06669877e+00
 2.29872157e+00 -2.31106743e+00
 2.52994694e+00 -2.62489080e+00
 2.84678647e+00 -3.04036963e+00
 3.14880456e+00 -3.61173739e+00
 3.63313969e+00 -4.43609907e+00
 4.06055602e+00 -5.69960859e+00
 4.52633846e+00 -7.78077362e+00
 4.21614335e+00 -1.14127846e+01
 -6.86385041e-02 -1.68852207e+01
 -1.12597264e+01 -1.65297044e+01
 -1.50216638e+01 -6.37594971e+00
 -1.16814980e+01 -9.70743005e-01
 -8.75143642e+00 7.26729534e-01
 -6.92019880e+00 1.21909127e+00
 -5.48847957e+00 1.32594175e+00
 -4.71099532e+00 1.30191265e+00
 -4.02301048e+00 1.23378052e+00
 -3.55509315e+00 1.15356836e+00
 -3.13172270e+00 1.07355905e+00
 -2.88045126e+00 9.98350831e-01
 -2.56688010e+00 9.29400975e-01
 -2.45239877e+00 8.66862056e-01
 -2.21719648e+00 8.10361734e-01
 -2.11065622e+00 7.59343584e-01
 -1.94776446e+00 7.13216661e-01
 -1.82347143e+00 6.71418939e-01
 -1.57008455e+00 6.33441294e-01
 -1.78994252e+00 5.98833453e-01
 -1.61466915e+00 5.67201977e-01
 -1.53722593e+00 5.38205046e-01
 -1.46482585e+00 5.11546307e-01
 -1.42176957e+00 4.86968812e-01
 -1.38852613e+00 4.64249466e-01
 -1.41715236e+00 4.43194152e-01
 -1.23907574e+00 4.23633513e-01
 -1.36410688e+00 4.05419365e-01
 -1.22151379e+00 3.88421649e-01
 -1.26340406e+00 3.72525857e-01
 -1.21153796e+00 3.57630856e-01
 -1.02186199e+00 3.43647049e-01
 -1.09291208e+00 3.30494821e-01
 -1.10056790e+00 3.18103213e-01
 -1.00231869e+00 3.06408801e-01
 -1.07919986e+00 2.95354740e-01
 -1.10632027e+00 2.84889938e-01
 -1.06118577e+00 2.74968361e-01
 -1.05782303e+00 2.65548423e-01
 -9.86336542e-01 2.56592464e-01
 -9.48710077e-01 2.48066303e-01
 -9.02586073e-01 2.39938841e-01
 -8.73624740e-01 2.32181722e-01
 -9.43246451e-01 2.24769037e-01
 -9.63276984e-01 2.17677060e-01
 -9.40393929e-01 2.10884024e-01
 -8.65406195e-01 2.04369913e-01
 -9.10518631e-01 1.98116293e-01
 -8.61738664e-01 1.92106149e-01
 -8.59961758e-01 1.86323748e-01
 -9.83257465e-01 1.80754515e-01
 -8.90357089e-01 1.75384926e-01
 -9.19295171e-01 1.70202406e-01
 -9.43835235e-01 1.65195242e-01
 -9.46386137e-01 1.60352508e-01
 -8.90593537e-01 1.55663989e-01
 -8.32538698e-01 1.51120122e-01
 -9.49125795e-01 1.46711936e-01
 -8.74689598e-01 1.42431004e-01
 -8.06165875e-01 1.38269391e-01
 -9.51581273e-01 1.34219615e-01
 -8.55324734e-01 1.30274609e-01
 -7.89809400e-01 1.26427684e-01
 -9.67787758e-01 1.22672499e-01
 -8.45822476e-01 1.19003031e-01
 -8.17384219e-01 1.15413550e-01
 -9.00829855e-01 1.11898594e-01
 -8.76485065e-01 1.08452947e-01
 -8.65496331e-01 1.05071619e-01
 -9.58267432e-01 1.01749830e-01
 -9.02645000e-01 9.84829918e-02
 -8.80197899e-01 9.52666938e-02
 -8.92241928e-01 9.20966909e-02
 -9.10426458e-01 8.89688914e-02
 -9.31680980e-01 8.58793477e-02
 -8.99193824e-01 8.28242483e-02
 -9.21399977e-01 7.97999112e-02
 -9.44092274e-01 7.68027799e-02
 -1.07581046e+00 7.38294208e-02
 -9.95458048e-01 7.08765235e-02
 -9.19060612e-01 6.79409035e-02
 -1.00149951e+00 6.50195076e-02
 -9.66035518e-01 6.21094236e-02
 -9.94308904e-01 5.92078939e-02
 -1.09947698e+00 5.63123342e-02
 -1.00547005e+00 5.34203584e-02
 -1.14423041e+00 5.05298112e-02
 -1.22215201e+00 4.76388099e-02
 -1.12038714e+00 4.47457971e-02
 -1.16082901e+00 4.18496082e-02
 -1.22279267e+00 3.89495556e-02
 -1.13581121e+00 3.60455353e-02
 -1.21665273e+00 3.31381605e-02
 -1.25535376e+00 3.02289298e-02
 -1.34582346e+00 2.73204394e-02
 -1.28626635e+00 2.44166509e-02
 -1.31202942e+00 2.15232309e-02
 -1.41732315e+00 1.86479823e-02
 -1.51591596e+00 1.58013962e-02
 -1.45067896e+00 1.29973588e-02
 -1.57299393e+00 1.02540642e-02
 -1.58346425e+00 7.59519940e-03
 -1.57235418e+00 5.05149092e-03
 -1.62179931e+00 2.66274106e-03
 -1.77968338e+00 4.80527176e-04
 -1.82688073e+00 -1.42818819e-03
 -1.88244437e+00 -2.97618404e-03
 -1.98409172e+00 -4.04933531e-03
 -2.05548391e+00 -4.49744868e-03
 -2.12378292e+00 -4.12147025e-03
 -2.29925823e+00 -2.65538754e-03
 -2.39138164e+00 2.59755562e-04
 -2.61567252e+00 5.11378203e-03
 -2.77080603e+00 1.25837384e-02
 -3.01497399e+00 2.36193507e-02
 -3.09143184e+00 3.95755596e-02
 -3.34208830e+00 6.24233541e-02
 -3.67021661e+00 9.50949251e-02
 -3.93986026e+00 1.42067471e-01
 -4.37578321e+00 2.10388322e-01
 -4.89151515e+00 3.11554364e-01
 -5.54931862e+00 4.65134523e-01
 -6.27632743e+00 7.06170487e-01
 -7.22270658e+00 1.10135118e+00
 -8.65090629e+00 1.78715644e+00
 -1.05025427e+01 3.06702779e+00
 -1.27958492e+01 5.66904824e+00
 -1.48960055e+01 1.12914661e+01
 -1.20529810e+01 2.14331824e+01
 1.69221358e+00 2.56127363e+01
 1.02064285e+01 1.75164920e+01
 1.07752609e+01 1.06025549e+01
 9.53454585e+00 6.85786484e+00
 8.11255852e+00 4.81136985e+00
 7.03674815e+00 3.60362772e+00
 6.17832856e+00 2.83645751e+00
 5.47905377e+00 2.31877466e+00
 4.82720659e+00 1.95211070e+00
 4.38606602e+00 1.68209719e+00
 4.03370393e+00 1.47685840e+00
 3.76743503e+00 1.31673008e+00
 3.53688428e+00 1.18904746e+00
 3.29252174e+00 1.08534937e+00
 3.11791396e+00 9.99802679e-01
 2.85953672e+00 9.28275379e-01
 2.78825975e+00 8.67770432e-01
 2.54657121e+00 8.16068438e-01
 2.41628625e+00 7.71495435e-01
 2.26067285e+00 7.32768095e-01
 2.22908848e+00 6.98888110e-01
 2.16250690e+00 6.69068644e-01
 2.01560208e+00 6.42682156e-01
 2.03068079e+00 6.19222749e-01
 1.92774058e+00 5.98278596e-01
 1.90715032e+00 5.79511443e-01
 1.83266530e+00 5.62641196e-01
 1.75759301e+00 5.47434178e-01
 1.69310608e+00 5.33694100e-01
 1.64292646e+00 5.21255026e-01
 1.66725277e+00 5.09975871e-01
 1.59556389e+00 4.99736030e-01
 1.53355123e+00 4.90431901e-01
 1.58989678e+00 4.81974081e-01
 1.52905812e+00 4.74285107e-01
 1.43691731e+00 4.67297601e-01
 1.42601038e+00 4.60952762e-01
 1.39939804e+00 4.55199112e-01
 1.36969202e+00 4.49991466e-01
 1.34883527e+00 4.45290066e-01
 1.30106405e+00 4.41059855e-01
 1.31756085e+00 4.37269880e-01
 1.30659813e+00 4.33892766e-01
 1.21808664e+00 4.30904291e-01
 1.15842690e+00 4.28283014e-01
 1.18725244e+00 4.26009958e-01
 1.27592916e+00 4.24068340e-01
 1.25588656e+00 4.22443344e-01
 1.17656832e+00 4.21121917e-01
 1.21455416e+00 4.20092605e-01
 1.27551678e+00 4.19345398e-01
 1.21986790e+00 4.18871611e-01
 1.24005379e+00 4.18663771e-01
 1.20768823e+00 4.18715526e-01
 1.16906208e+00 4.19021562e-01
 1.15017333e+00 4.19577538e-01
 1.20588556e+00 4.20380026e-01
 1.15883068e+00 4.21426467e-01
 1.18661665e+00 4.22715123e-01
 1.15704019e+00 4.24245055e-01
 1.11306876e+00 4.26016088e-01
 1.08533126e+00 4.28028799e-01
 1.15713700e+00 4.30284501e-01
 1.25397309e+00 4.32785236e-01
 9.84384158e-01 4.35533777e-01
 1.14978521e+00 4.38533627e-01
 1.15553892e+00 4.41789030e-01
 1.03482764e+00 4.45304990e-01
 1.20794458e+00 4.49087283e-01
 1.03675124e+00 4.53142489e-01
 1.21123229e+00 4.57478021e-01
 1.11966592e+00 4.62102162e-01
 1.13120953e+00 4.67024111e-01
 1.25673624e+00 4.72254031e-01
 1.19105899e+00 4.77803109e-01
 1.26197392e+00 4.83683621e-01
 1.14682274e+00 4.89909011e-01
 1.27575054e+00 4.96493971e-01
 1.22065157e+00 5.03454539e-01
 1.40463872e+00 5.10808208e-01
 1.25532715e+00 5.18574048e-01
 1.20076347e+00 5.26772840e-01
 1.39989944e+00 5.35427229e-01
 1.28179280e+00 5.44561902e-01
 1.34528890e+00 5.54203776e-01
 1.38177246e+00 5.64382221e-01
 1.30035310e+00 5.75129304e-01
 1.37940099e+00 5.86480070e-01
 1.44495206e+00 5.98472856e-01
 1.42117823e+00 6.11149646e-01
 1.47997084e+00 6.24556475e-01
 1.39621426e+00 6.38743891e-01
 1.58356577e+00 6.53767470e-01
 1.56833454e+00 6.69688414e-01
 1.60611989e+00 6.86574225e-01
 1.63051907e+00 7.04499474e-01
 1.68206878e+00 7.23546683e-01
 1.74470585e+00 7.43807329e-01
 1.81897306e+00 7.65382989e-01
 1.84402824e+00 7.88386647e-01
 1.89439502e+00 8.12944183e-01
 1.92142410e+00 8.39196057e-01
 2.01252342e+00 8.67299202e-01
 2.08377417e+00 8.97429138e-01
 2.20167272e+00 9.29782284e-01
 2.25236385e+00 9.64578428e-01
 2.37077588e+00 1.00206323e+00
 2.46314774e+00 1.04251056e+00
 2.61390825e+00 1.08622424e+00
 2.77893920e+00 1.13353848e+00
 2.89365415e+00 1.18481558e+00
 3.05952206e+00 1.24043866e+00
 3.23567793e+00 1.30079497e+00
 3.47609921e+00 1.36624194e+00
 3.71714985e+00 1.43704146e+00
 4.18346603e+00 1.51323472e+00
 4.34862359e+00 1.59440381e+00
 4.83413021e+00 1.67921178e+00
 5.37624227e+00 1.76449437e+00
 6.07820154e+00 1.84340672e+00
 6.90110775e+00 1.90147696e+00
 7.88503936e+00 1.90774631e+00
 9.29549734e+00 1.79357570e+00
 1.14105328e+01 1.39818098e+00
 1.40358817e+01 3.18866730e-01
 1.79410753e+01 -2.50370863e+00
 2.17125065e+01 -9.55711275e+00
 1.87266022e+01 -2.19881781e+01
 4.77348172e+00 -2.70600679e+01
 -4.43135372e+00 -2.11023726e+01
 -6.93953954e+00 -1.49609658e+01
 -7.11432159e+00 -1.09662365e+01
 -6.53497686e+00 -8.44527347e+00
 -5.89620361e+00 -6.78478708e+00
 -5.33300641e+00 -5.63506333e+00
 -4.75915589e+00 -4.80308837e+00
 -4.42818860e+00 -4.17851137e+00
 -4.12065763e+00 -3.69521713e+00
 -3.73109763e+00 -3.31176409e+00
 -3.40696676e+00 -3.00110653e+00
 -3.25395227e+00 -2.74496041e+00
 -3.07527124e+00 -2.53058031e+00
 -2.85437558e+00 -2.34884154e+00
 -2.75645671e+00 -2.19305752e+00
 -2.63100415e+00 -2.05822688e+00
 -2.45169116e+00 -1.94054042e+00
 -2.39792924e+00 -1.83704990e+00
 -2.21614050e+00 -1.74544042e+00
 -2.10261068e+00 -1.66387077e+00
 -2.05535136e+00 -1.59085937e+00
 -1.93159167e+00 -1.52520144e+00
 -1.90021316e+00 -1.46590780e+00
 -1.89238668e+00 -1.41215925e+00
 -1.84003025e+00 -1.36327186e+00
 -1.69486975e+00 -1.31867044e+00
 -1.65246426e+00 -1.27786804e+00
 -1.57001666e+00 -1.24044977e+00
 -1.56525011e+00 -1.20606016e+00
 -1.44105488e+00 -1.17439300e+00
 -1.59392148e+00 -1.14518325e+00
 -1.47548867e+00 -1.11820043e+00
 -1.41752163e+00 -1.09324330e+00
 -1.33446293e+00 -1.07013546e+00
 -1.25836317e+00 -1.04872171e+00
 -1.36701681e+00 -1.02886508e+00
 -1.34043255e+00 -1.01044430e+00
 -1.25714224e+00 -9.93351745e-01
 -1.28690193e+00 -9.77491596e-01
 -1.34042097e+00 -9.62778404e-01
 -1.15780401e+00 -9.49135802e-01
 -1.21108574e+00 -9.36495418e-01
 -1.14711859e+00 -9.24795953e-01
 -1.11429345e+00 -9.13982388e-01
 -1.24251545e+00 -9.04005296e-01
 -1.10623425e+00 -8.94820249e-01
 -1.20058286e+00 -8.86387313e-01
 -1.08958356e+00 -8.78670597e-01
 -1.12130327e+00 -8.71637872e-01
 -1.13274882e+00 -8.65260235e-01
 -1.17365808e+00 -8.59511813e-01
 -1.06236843e+00 -8.54369515e-01
 -1.11642756e+00 -8.49812804e-01
 -1.05786571e+00 -8.45823508e-01
 -1.14741335e+00 -8.42385653e-01
 -9.74361615e-01 -8.39485315e-01
 -1.09534498e+00 -8.37110499e-01
 -9.90667166e-01 -8.35251033e-01
 -1.15628571e+00 -8.33898472e-01
 -1.01445947e+00 -8.33046030e-01
 -1.03910226e+00 -8.32688516e-01
 -9.24521400e-01 -8.32822284e-01
 -9.84947939e-01 -8.33445199e-01
 -9.84988112e-01 -8.34556613e-01
 -1.05369237e+00 -8.36157347e-01
 -1.03883127e+00 -8.38249695e-01
 -1.08048481e+00 -8.40837425e-01
 -9.79172405e-01 -8.43925803e-01
 -8.97217393e-01 -8.47521620e-01
 -9.92690544e-01 -8.51633236e-01
 -1.01129571e+00 -8.56270629e-01
 -1.05662980e+00 -8.61445464e-01
 -9.81240143e-01 -8.67171172e-01
 -1.03156382e+00 -8.73463040e-01
 -1.01621485e+00 -8.80338323e-01
 -1.08491527e+00 -8.87816370e-01
 -1.05316936e+00 -8.95918766e-01
 -1.01885030e+00 -9.04669501e-01
 -1.07679288e+00 -9.14095160e-01
 -1.04462466e+00 -9.24225136e-01
 -1.17552618e+00 -9.35091878e-01
 -1.08654445e+00 -9.46731171e-01
 -1.14183656e+00 -9.59182452e-01
 -1.19121540e+00 -9.72489175e-01
 -1.11094957e+00 -9.86699223e-01
 -1.18243942e+00 -1.00186538e+00
 -1.15875189e+00 -1.01804587e+00
 -1.20224526e+00 -1.03530496e+00
 -1.20827901e+00 -1.05371372e+00
 -1.22042801e+00 -1.07335075e+00
 -1.21576870e+00 -1.09430322e+00
 -1.25343744e+00 -1.11666789e+00
 -1.30324352e+00 -1.14055237e+00
 -1.29551232e+00 -1.16607667e+00
 -1.35050886e+00 -1.19337480e+00
 -1.41754361e+00 -1.22259688e+00
 -1.40818202e+00 -1.25391146e+00
 -1.46346599e+00 -1.28750830e+00
 -1.51310805e+00 -1.32360170e+00
 -1.59056353e+00 -1.36243444e+00
 -1.62611649e+00 -1.40428243e+00
 -1.65432433e+00 -1.44946037e+00
 -1.70740885e+00 -1.49832854e+00
 -1.76983927e+00 -1.55130091e+00
 -1.78764335e+00 -1.60885513e+00
 -1.99433080e+00 -1.67154448e+00
 -1.98126452e+00 -1.74001261e+00
 -2.14650788e+00 -1.81501131e+00
 -2.21768348e+00 -1.89742221e+00
 -2.26626386e+00 -1.98828291e+00
 -2.55388191e+00 -2.08881806e+00
 -2.59312124e+00 -2.20047536e+00
 -2.88349228e+00 -2.32496476e+00
 -3.11795054e+00 -2.46429591e+00
 -3.30186942e+00 -2.62080056e+00
 -3.70450089e+00 -2.79710799e+00
 -4.04045958e+00 -2.99599844e+00
 -4.46526534e+00 -3.21995575e+00
 -5.10953134e+00 -3.46998423e+00
 -5.85503701e+00 -3.74258678e+00
 -6.86745392e+00 -4.02196182e+00
 -8.38851353e+00 -4.25908177e+00
 -1.03581446e+01 -4.31257961e+00
 -1.34322714e+01 -3.77412216e+00
 -1.77288248e+01 -1.47658334e+00
 -2.19992914e+01 5.20837187e+00
 -1.94828357e+01 1.63502560e+01
 -8.92483794e+00 2.10019413e+01
 -1.36399273e+00 1.79085840e+01
 1.75005219e+00 1.39167939e+01
 2.67182401e+00 1.09276917e+01
 2.98649982e+00 8.83959532e+00
 2.95745659e+00 7.35865905e+00
 2.74619885e+00 6.27481257e+00
 2.67216112e+00 5.45614052e+00
 2.55413437e+00 4.82021537e+00
 2.42166141e+00 4.31426710e+00
 2.19743486e+00 3.90345742e+00
 2.03721446e+00 3.56407525e+00
 1.91678023e+00 3.27952278e+00
 1.81565219e+00 3.03788426e+00
 1.75326752e+00 2.83041040e+00
 1.74642482e+00 2.65054703e+00
 1.55497005e+00 2.49329601e+00
 1.45705950e+00 2.35478462e+00
 1.40064819e+00 2.23196905e+00
 1.30205823e+00 2.12242603e+00
 1.24789667e+00 2.02420381e+00
 1.24219184e+00 1.93571383e+00
 1.23352146e+00 1.85565068e+00
 1.16514724e+00 1.78293222e+00
 1.11050971e+00 1.71665422e+00
 1.08506464e+00 1.65605554e+00
 9.85274580e-01 1.60049112e+00
 9.71950959e-01 1.54941089e+00
 9.54956783e-01 1.50234305e+00
 9.37161573e-01 1.45888080e+00
 9.23322295e-01 1.41867163e+00
 7.87804477e-01 1.38140866e+00
 8.71729535e-01 1.34682361e+00
 9.11047284e-01 1.31468103e+00
 8.25673809e-01 1.28477349e+00
 7.99434041e-01 1.25691766e+00
 7.56937549e-01 1.23095098e+00
 7.79306377e-01 1.20672887e+00
 7.63508350e-01 1.18412245e+00
 5.92489797e-01 1.16301650e+00
 7.60543741e-01 1.14330783e+00
 7.16227936e-01 1.12490379e+00
 6.60755672e-01 1.10772111e+00
 6.01924052e-01 1.09168477e+00
 6.07576172e-01 1.07672715e+00
 7.07810981e-01 1.06278720e+00
 6.33252411e-01 1.04980978e+00
 5.98022648e-01 1.03774506e+00
 6.40451328e-01 1.02654801e+00
 6.21072426e-01 1.01617793e+00
 5.96391182e-01 1.00659809e+00
 5.50061586e-01 9.97775332e-01
 5.13523357e-01 9.89679829e-01
 5.64986274e-01 9.82284781e-01
 6.79051640e-01 9.75566200e-01
 5.02122536e-01 9.69502704e-01
 4.94999291e-01 9.64075344e-01
 5.24932745e-01 9.59267454e-01
 5.39944733e-01 9.55064514e-01
 5.84596053e-01 9.51454048e-01
 5.81445068e-01 9.48425519e-01
 6.03162517e-01 9.45970259e-01
 4.51332217e-01 9.44081403e-01
 4.97443268e-01 9.42753838e-01
 5.68304343e-01 9.41984168e-01
 6.16433988e-01 9.41770693e-01
 5.76216964e-01 9.42113396e-01
 4.80185447e-01 9.43013946e-01
 5.68285198e-01 9.44475713e-01
 4.22665996e-01 9.46503795e-01
 5.77133205e-01 9.49105058e-01
 4.32705779e-01 9.52288190e-01
 5.33997326e-01 9.56063771e-01
 5.30882686e-01 9.60444355e-01
 4.97204501e-01 9.65444573e-01
 4.30260400e-01 9.71081249e-01
 4.91345464e-01 9.77373542e-01
 4.79691106e-01 9.84343107e-01
 5.45766911e-01 9.92014279e-01
 4.79532294e-01 1.00041429e+00
 5.03760054e-01 1.00957350e+00
 5.30025623e-01 1.01952571e+00
 5.35050570e-01 1.03030845e+00
 4.68038812e-01 1.04196337e+00
 4.82034619e-01 1.05453664e+00
 5.18063851e-01 1.06807946e+00
 4.96603471e-01 1.08264859e+00
 5.39857763e-01 1.09830702e+00
 5.59509014e-01 1.11512468e+00
 6.22052623e-01 1.13317931e+00
 3.93271365e-01 1.15255746e+00
 5.97663553e-01 1.17335561e+00
 5.26259204e-01 1.19568157e+00
 5.74566812e-01 1.21965601e+00
 5.84151062e-01 1.24541432e+00
 5.77686581e-01 1.27310885e+00
 6.27511525e-01 1.30291144e+00
 6.42597543e-01 1.33501658e+00
 6.44632841e-01 1.36964506e+00
 7.76782516e-01 1.40704847e+00
 6.83929295e-01 1.44751461e+00
 7.54509385e-01 1.49137399e+00
 7.00980042e-01 1.53900794e+00
 8.12521378e-01 1.59085851e+00
 6.21689485e-01 1.64744073e+00
 8.10504414e-01 1.70935801e+00
 7.85200061e-01 1.77732147e+00
 7.56891136e-01 1.85217450e+00
 8.34313023e-01 1.93492418e+00
 8.35619898e-01 2.02678181e+00
 9.92487355e-01 2.12921566e+00
 1.02085361e+00 2.24402028e+00
 1.08871885e+00 2.37340810e+00
 1.21916484e+00 2.52013155e+00
 1.41005387e+00 2.68764629e+00
 1.36947328e+00 2.88032929e+00
 1.59098436e+00 3.10376644e+00
 1.88192469e+00 3.36511810e+00
 2.04004840e+00 3.67353802e+00
 2.38224222e+00 4.04050360e+00
 2.70956083e+00 4.47952577e+00
 3.40560855e+00 5.00342238e+00
 4.34030677e+00 5.61297447e+00
 5.85488730e+00 6.25543504e+00
 8.33562650e+00 6.67817887e+00
 1.19932368e+01 5.96846576e+00
 1.61708846e+01 1.90554123e+00
 1.62063112e+01 -5.71122466e+00
 1.08236232e+01 -1.01428422e+01
 6.11034585e+00 -1.00848828e+01
 3.38475989e+00 -8.70561255e+00
 1.96649270e+00 -7.34441790e+00
 1.08509450e+00 -6.24497378e+00
 6.72175259e-01 -5.38802671e+00
 4.36683711e-01 -4.71738212e+00
 3.77856597e-01 -4.18474199e+00
 1.74085322e-01 -3.75452652e+00
 1.16668376e-01 -3.40137485e+00
 5.61406649e-02 -3.10719259e+00
 -5.67550347e-02 -2.85890909e+00
 7.56174356e-03 -2.64692970e+00
 7.21108326e-03 -2.46409242e+00
 -5.38842423e-02 -2.30496371e+00
 6.69671526e-04 -2.16535820e+00
 4.66735327e-03 -2.04200631e+00
 -3.44266889e-02 -1.93232074e+00
 7.65341668e-02 -1.83422981e+00
 -3.41734543e-03 -1.74605666e+00
 -2.45909705e-02 -1.66643053e+00
 5.90928902e-02 -1.59422070e+00
 -6.70735486e-02 -1.52848664e+00
 -3.63260157e-02 -1.46844000e+00
 5.78034590e-02 -1.41341533e+00
 1.00030734e-01 -1.36284720e+00
 -2.88205483e-03 -1.31625227e+00
 -1.77090358e-02 -1.27321508e+00
 4.60069072e-03 -1.23337659e+00
 -2.90415456e-02 -1.19642508e+00
 -8.60117604e-02 -1.16208864e+00
 -9.16943077e-03 -1.13012911e+00
 2.89087004e-02 -1.10033706e+00
 -6.31318213e-02 -1.07252769e+00
 1.16805482e-01 -1.04653731e+00
 -2.23927547e-02 -1.02222053e+00
 1.89779277e-02 -9.99447794e-01
 -6.76204796e-03 -9.78103363e-01
 3.81802084e-02 -9.58083564e-01
 2.04892718e-01 -9.39295322e-01
 7.07786598e-02 -9.21654896e-01
 1.46790076e-02 -9.05086795e-01
 -1.21350730e-02 -8.89522847e-01
 5.85581819e-02 -8.74901393e-01
 5.11591652e-02 -8.61166589e-01
 2.38470979e-02 -8.48267803e-01
 1.36920428e-01 -8.36159081e-01
 2.78560237e-02 -8.24798691e-01
 3.26183233e-02 -8.14148719e-01
 4.36055148e-02 -8.04174715e-01
 1.52473900e-01 -7.94845384e-01
 1.48328877e-01 -7.86132313e-01
 5.81048098e-02 -7.78009733e-01
 5.58646141e-02 -7.70454309e-01
 1.21274826e-01 -7.63444955e-01
 1.09353905e-01 -7.56962671e-01
 1.33209165e-01 -7.50990405e-01
 1.32937871e-01 -7.45512926e-01
 2.29729691e-01 -7.40516718e-01
 7.14365673e-02 -7.35989889e-01
 1.49331908e-01 -7.31922089e-01
 1.14293634e-01 -7.28304450e-01
 1.37250677e-02 -7.25129524e-01
 1.18817398e-01 -7.22391247e-01
 6.58662043e-02 -7.20084900e-01
 1.79489133e-01 -7.18207092e-01
 1.47249176e-01 -7.16755742e-01
 1.73976520e-01 -7.15730080e-01
 1.34827512e-01 -7.15130654e-01
 2.33371701e-01 -7.14959344e-01
 2.49066429e-01 -7.15219395e-01
 1.45043904e-01 -7.15915449e-01
 1.31612124e-01 -7.17053602e-01
 7.58452689e-02 -7.18641462e-01
 1.74174368e-01 -7.20688228e-01
 9.37816841e-02 -7.23204781e-01
 1.70426715e-01 -7.26203790e-01
 2.47462611e-01 -7.29699838e-01
 2.18928885e-01 -7.33709572e-01
 2.76727815e-01 -7.38251868e-01
 2.81273480e-01 -7.43348029e-01
 1.95596054e-01 -7.49022013e-01
 2.22970068e-01 -7.55300691e-01
 2.64072745e-01 -7.62214151e-01
 2.85329443e-01 -7.69796043e-01
 2.75731928e-01 -7.78083984e-01
 2.83245093e-01 -7.87120024e-01
 2.70312187e-01 -7.96951183e-01
 3.17370180e-01 -8.07630086e-01
 3.30282996e-01 -8.19215696e-01
 4.08377638e-01 -8.31774176e-01
 2.35298223e-01 -8.45379899e-01
 2.63987969e-01 -8.60116649e-01
 3.51495912e-01 -8.76079029e-01
 4.25152469e-01 -8.93374152e-01
 4.36680971e-01 -9.12123653e-01
 4.67361671e-01 -9.32466112e-01
 4.03107440e-01 -9.54559982e-01
 3.67221060e-01 -9.78587145e-01
 4.85145935e-01 -1.00475727e+00
 5.13577894e-01 -1.03331316e+00
 5.25460151e-01 -1.06453742e+00
 5.75946826e-01 -1.09876073e+00
 4.90045048e-01 -1.13637235e+00
 5.55953752e-01 -1.17783336e+00
 6.67527507e-01 -1.22369374e+00
 7.00760088e-01 -1.27461449e+00
 6.83000715e-01 -1.33139653e+00
 6.77150107e-01 -1.39501909e+00
 7.44755889e-01 -1.46669123e+00
 7.78541674e-01 -1.54792199e+00
 8.38039934e-01 -1.64061734e+00
 9.17761768e-01 -1.74721641e+00
 1.04875440e+00 -1.87088639e+00
 1.04565162e+00 -2.01580676e+00
 1.08059252e+00 -2.18759267e+00
 1.12019048e+00 -2.39393970e+00
 1.21578404e+00 -2.64562868e+00
 1.34093471e+00 -2.95812728e+00
 1.45601440e+00 -3.35419016e+00
 1.53003323e+00 -3.86810370e+00
 1.52574881e+00 -4.55239146e+00
 1.47046449e+00 -5.48672041e+00
 9.87124604e-01 -6.77973533e+00
 -1.41699951e-02 -8.50378689e+00
 -2.61969825e+00 -1.02920954e+01
 -7.09690383e+00 -1.02303494e+01
 -1.07326513e+01 -6.29836466e+00
 -1.05225967e+01 -1.78567307e+00
 -8.43299283e+00 5.98966810e-01
 -6.58497341e+00 1.51472703e+00
 -5.37207093e+00 1.79308791e+00
 -4.51690821e+00 1.82102906e+00
 -3.74285330e+00 1.75413565e+00
 -3.24024718e+00 1.65479937e+00
 -2.89023468e+00 1.54846200e+00
 -2.57748416e+00 1.44542722e+00
 -2.37565498e+00 1.34957858e+00
 -2.18006513e+00 1.26202229e+00
 -2.07435855e+00 1.18267161e+00
 -1.81738582e+00 1.11095658e+00
 -1.73702879e+00 1.04614613e+00
 -1.64364777e+00 9.87492966e-01
 -1.48666941e+00 9.34295673e-01
 -1.47150033e+00 8.85921607e-01
 -1.39833986e+00 8.41811658e-01
 -1.28667115e+00 8.01476828e-01
 -1.24747445e+00 7.64491557e-01
 -1.22384763e+00 7.30486158e-01
 -1.17703575e+00 6.99139432e-01
 -1.17982985e+00 6.70171934e-01
 -1.08045106e+00 6.43340046e-01
 -1.08340926e+00 6.18430849e-01
 -1.05861704e+00 5.95257735e-01
 -1.03279083e+00 5.73656687e-01
 -9.45079406e-01 5.53483113e-01
 -9.26165546e-01 5.34609170e-01
 -9.48169507e-01 5.16921494e-01
 -8.74101406e-01 5.00319273e-01
 -8.10174475e-01 4.84712613e-01
 -8.88752566e-01 4.70021133e-01
 -9.61502395e-01 4.56172780e-01
 -8.46470011e-01 4.43102801e-01
 -7.39416454e-01 4.30752870e-01
 -7.94578358e-01 4.19070325e-01
 -8.71661009e-01 4.08007518e-01
 -7.63269514e-01 3.97521248e-01
 -7.45557936e-01 3.87572270e-01
 -7.65432695e-01 3.78124864e-01
 -8.06720332e-01 3.69146463e-01
 -8.25804525e-01 3.60607325e-01
 -8.36422486e-01 3.52480246e-01
 -7.26346889e-01 3.44740306e-01
 -8.14534169e-01 3.37364649e-01
 -7.16211277e-01 3.30332286e-01
 -7.41971104e-01 3.23623918e-01
 -7.12775521e-01 3.17221787e-01
 -7.88019220e-01 3.11109536e-01
 -8.45686778e-01 3.05272091e-01
 -7.54073371e-01 2.99695549e-01
 -7.48101182e-01 2.94367083e-01
 -7.49475965e-01 2.89274862e-01
 -6.95690997e-01 2.84407967e-01
 -7.35882058e-01 2.79756329e-01
 -7.27085120e-01 2.75310667e-01
 -7.39727480e-01 2.71062433e-01
 -7.86577405e-01 2.67003769e-01
 -6.98035213e-01 2.63127463e-01
 -7.19185907e-01 2.59426911e-01
 -7.80608607e-01 2.55896090e-01
 -7.48089754e-01 2.52529529e-01
 -7.21238720e-01 2.49322283e-01
 -7.32784456e-01 2.46269920e-01
 -6.42384841e-01 2.43368504e-01
 -8.53866580e-01 2.40614584e-01
 -7.09036001e-01 2.38005187e-01
 -8.44930815e-01 2.35537817e-01
 -8.52133142e-01 2.33210454e-01
 -6.91561031e-01 2.31021561e-01
 -8.27025138e-01 2.28970093e-01
 -7.72383455e-01 2.27055511e-01
 -8.93487429e-01 2.25277807e-01
 -8.45814338e-01 2.23637522e-01
 -8.25368823e-01 2.22135785e-01
 -8.68279882e-01 2.20774346e-01
 -8.86268897e-01 2.19555632e-01
 -9.31514375e-01 2.18482797e-01
 -9.05779196e-01 2.17559792e-01
 -9.05711241e-01 2.16791446e-01
 -8.84219215e-01 2.16183562e-01
 -1.06494590e+00 2.15743028e-01
 -8.81086147e-01 2.15477951e-01
 -1.00945897e+00 2.15397811e-01
 -9.99184242e-01 2.15513650e-01
 -1.00798115e+00 2.15838294e-01
 -1.04178856e+00 2.16386608e-01
 -1.05879358e+00 2.17175816e-01
 -1.17605366e+00 2.18225867e-01
 -1.12712613e+00 2.19559890e-01
 -1.14362698e+00 2.21204733e-01
 -1.21445555e+00 2.23191612e-01
 -1.15619741e+00 2.25556916e-01
 -1.21314351e+00 2.28343173e-01
 -1.30007390e+00 2.31600249e-01
 -1.29980733e+00 2.35386830e-01
 -1.31113868e+00 2.39772258e-01
 -1.40135802e+00 2.44838839e-01
 -1.38271762e+00 2.50684749e-01
 -1.42404106e+00 2.57427730e-01
 -1.59741469e+00 2.65209820e-01
 -1.56231498e+00 2.74203475e-01
 -1.64353259e+00 2.84619539e-01
 -1.69502009e+00 2.96717763e-01
 -1.81911398e+00 3.10820798e-01
 -1.91084382e+00 3.27333053e-01
 -1.93344524e+00 3.46766434e-01
 -2.17953650e+00 3.69775938e-01
 -2.20390658e+00 3.97209641e-01
 -2.37718539e+00 4.30180044e-01
 -2.58763616e+00 4.70167743e-01
 -2.72441189e+00 5.19175071e-01
 -2.95423342e+00 5.79958788e-01
 -3.04041781e+00 6.56391062e-01
 -3.34246543e+00 7.54034527e-01
 -3.67585633e+00 8.81085714e-01
 -4.04209559e+00 1.04997375e+00
 -4.45462315e+00 1.28016661e+00
 -4.95317639e+00 1.60328401e+00
 -5.58105569e+00 2.07275948e+00
 -6.45250620e+00 2.78261603e+00
 -7.21106255e+00 3.90378008e+00
 -8.08428259e+00 5.74582527e+00
 -8.73145098e+00 8.79109241e+00
 -7.29425144e+00 1.32372264e+01
 -2.20871463e+00 1.68989898e+01
 4.51039135e+00 1.56386351e+01
 7.78435860e+00 1.12674932e+01
 8.20371812e+00 7.56649954e+00
 7.63384091e+00 5.19515855e+00
 6.64241854e+00 3.73326263e+00
 6.00932293e+00 2.80643689e+00
 5.33280709e+00 2.19356695e+00
 4.76841900e+00 1.77127743e+00
 4.35616615e+00 1.46951253e+00
 3.94413697e+00 1.24702107e+00
 3.69254008e+00 1.07854246e+00
 3.26457393e+00 9.48024147e-01
 3.06728397e+00 8.44917088e-01
 2.93390176e+00 7.62078634e-01
 2.73026701e+00 6.94542715e-01
 2.64608513e+00 6.38774479e-01
 2.56452254e+00 5.92204688e-01
 2.39656949e+00 5.52930793e-01
 2.36388011e+00 5.19520196e-01
 2.13262877e+00 4.90877831e-01
 2.09053666e+00 4.66155188e-01
 1.97805511e+00 4.44686660e-01
 1.86798977e+00 4.25944229e-01
 1.84666461e+00 4.09504723e-01
 1.78200296e+00 3.95025805e-01
 1.77673088e+00 3.82228139e-01
 1.61663082e+00 3.70881995e-01
 1.65328038e+00 3.60797053e-01
 1.60330309e+00 3.51814580e-01
 1.68344290e+00 3.43801370e-01
 1.49558800e+00 3.36644991e-01
 1.53366832e+00 3.30250047e-01
 1.43576921e+00 3.24535198e-01
 1.39193562e+00 3.19430780e-01
 1.29620617e+00 3.14876884e-01
 1.40082674e+00 3.10821793e-01
 1.36866837e+00 3.07220717e-01
 1.36229142e+00 3.04034738e-01
 1.33471077e+00 3.01229960e-01
 1.32963632e+00 2.98776781e-01
 1.38321377e+00 2.96649309e-01
 1.23364059e+00 2.94824856e-01
 1.19425415e+00 2.93283521e-01
 1.21907299e+00 2.92007838e-01
 1.30571193e+00 2.90982474e-01
 1.17642139e+00 2.90193978e-01
 1.30526951e+00 2.89630565e-01
 1.12579203e+00 2.89281929e-01
 1.14803945e+00 2.89139086e-01
 1.23454747e+00 2.89194241e-01
 1.16446360e+00 2.89440671e-01
 1.12121888e+00 2.89872622e-01
 1.15138498e+00 2.90485232e-01
 1.11476683e+00 2.91274450e-01
 1.10387436e+00 2.92236977e-01
 1.15184615e+00 2.93370214e-01
 1.19878221e+00 2.94672215e-01
 1.01121511e+00 2.96141648e-01
 1.07444478e+00 2.97777767e-01
 1.10045154e+00 2.99580385e-01
 1.14539859e+00 3.01549852e-01
 1.09263152e+00 3.03687039e-01
 1.01613985e+00 3.05993330e-01
 1.18724559e+00 3.08470610e-01
 1.13393113e+00 3.11121264e-01
 1.13874920e+00 3.13948178e-01
 1.09479975e+00 3.16954740e-01
 1.16451523e+00 3.20144848e-01
 1.12650500e+00 3.23522920e-01
 1.09491138e+00 3.27093909e-01
 1.18367066e+00 3.30863321e-01
 1.19678301e+00 3.34837232e-01
 1.21071170e+00 3.39022314e-01
 1.18827866e+00 3.43425868e-01
 1.17000059e+00 3.48055846e-01
 1.10371414e+00 3.52920898e-01
 1.19524321e+00 3.58030403e-01
 1.21577828e+00 3.63394524e-01
 1.19684639e+00 3.69024248e-01
 1.23149506e+00 3.74931449e-01
 1.26110903e+00 3.81128946e-01
 1.22506889e+00 3.87630571e-01
 1.33593276e+00 3.94451243e-01
 1.35708913e+00 4.01607045e-01
 1.32254040e+00 4.09115317e-01
 1.33605967e+00 4.16994745e-01
 1.35377262e+00 4.25265467e-01
 1.44908440e+00 4.33949181e-01
 1.39053688e+00 4.43069264e-01
 1.46265489e+00 4.52650891e-01
 1.47928403e+00 4.62721167e-01
 1.51919050e+00 4.73309262e-01
 1.53735203e+00 4.84446536e-01
 1.54796652e+00 4.96166672e-01
 1.55026824e+00 5.08505789e-01
 1.67379595e+00 5.21502535e-01
 1.64374140e+00 5.35198141e-01
 1.70150217e+00 5.49636414e-01
 1.86922391e+00 5.64863638e-01
 1.85795279e+00 5.80928333e-01
 1.96370603e+00 5.97880804e-01
 2.00747092e+00 6.15772393e-01
 2.09511564e+00 6.34654264e-01
 2.16996345e+00 6.54575537e-01
 2.23936836e+00 6.75580448e-01
 2.31169320e+00 6.97704056e-01
 2.40495128e+00 7.20965807e-01
 2.47033329e+00 7.45359879e-01
 2.61022814e+00 7.70840629e-01
 2.84571806e+00 7.97300552e-01
 2.98184876e+00 8.24536582e-01
 3.19054563e+00 8.52197995e-01
 3.37607641e+00 8.79704749e-01
 3.55454160e+00 9.06117366e-01
 3.80402026e+00 9.29925612e-01
 4.17620982e+00 9.48697648e-01
 4.53781894e+00 9.58482601e-01
 4.99733389e+00 9.52763609e-01
 5.58984140e+00 9.20562587e-01
 6.19174488e+00 8.42883235e-01
 7.03099040e+00 6.85769275e-01
 8.00289564e+00 3.86210481e-01
 9.42946398e+00 -1.77422810e-01
 1.10808697e+01 -1.24762952e+00
 1.30744981e+01 -3.30586008e+00
 1.48531302e+01 -7.17745772e+00
 1.45222655e+01 -1.33783146e+01
 9.03690725e+00 -1.91645125e+01
 1.16650959e+00 -1.95204600e+01
 -3.80536868e+00 -1.59388730e+01
 -5.59789310e+00 -1.21966471e+01
 -5.90978838e+00 -9.40820578e+00
 -5.74958267e+00 -7.46291239e+00
 -5.34781691e+00 -6.09601041e+00
 -4.88806333e+00 -5.10971737e+00
 -4.55249565e+00 -4.37676236e+00
 -4.21018982e+00 -3.81687784e+00
 -3.79663960e+00 -3.37866828e+00
 -3.57163841e+00 -3.02837688e+00
 -3.40815178e+00 -2.74321560e+00
 -3.16203201e+00 -2.50738911e+00
 -3.01969363e+00 -2.30967842e+00
 -2.87754932e+00 -2.14193647e+00
 -2.73416475e+00 -1.99812755e+00
 -2.56983756e+00 -1.87369906e+00
 -2.44068965e+00 -1.76516106e+00
 -2.29824971e+00 -1.66979883e+00
 -2.24971935e+00 -1.58547265e+00
 -2.14984381e+00 -1.51047565e+00
 -2.04975309e+00 -1.44343137e+00
 -2.02613034e+00 -1.38321866e+00
 -1.87454914e+00 -1.32891603e+00
 -1.84154062e+00 -1.27975971e+00
 -1.79473811e+00 -1.23511180e+00
 -1.64141509e+00 -1.19443572e+00
 -1.69074634e+00 -1.15727721e+00
 -1.76727963e+00 -1.12324932e+00
 -1.70183807e+00 -1.09202063e+00
 -1.58934842e+00 -1.06330576e+00
 -1.57626970e+00 -1.03685785e+00
 -1.50212810e+00 -1.01246237e+00
 -1.48196063e+00 -9.89932108e-01
 -1.45482784e+00 -9.69103090e-01
 -1.40268610e+00 -9.49831175e-01
 -1.34894690e+00 -9.31989241e-01
 -1.32147774e+00 -9.15464841e-01
 -1.31229904e+00 -9.00158236e-01
 -1.35151262e+00 -8.85980742e-01
 -1.28913791e+00 -8.72853321e-01
 -1.24402301e+00 -8.60705401e-01
 -1.33526809e+00 -8.49473856e-01
 -1.17795306e+00 -8.39102142e-01
 -1.31009169e+00 -8.29539549e-01
 -1.26223446e+00 -8.20740563e-01
 -1.19943866e+00 -8.12664315e-01
 -1.22092081e+00 -8.05274097e-01
 -1.24370541e+00 -7.98536950e-01
 -1.14170168e+00 -7.92423304e-01
 -1.11692033e+00 -7.86906664e-01
 -1.04543932e+00 -7.81963336e-01
 -1.14069146e+00 -7.77572192e-01
 -1.15422076e+00 -7.73714458e-01
 -1.14751664e+00 -7.70373538e-01
 -1.10145012e+00 -7.67534857e-01
 -1.01668928e+00 -7.65185725e-01
 -1.19115495e+00 -7.63315218e-01
 -1.18333949e+00 -7.61914082e-01
 -1.09342148e+00 -7.60974644e-01
 -1.10513148e+00 -7.60490745e-01
 -1.08637339e+00 -7.60457677e-01
 -1.12628713e+00 -7.60872142e-01
 -1.00688283e+00 -7.61732211e-01
 -1.10605299e+00 -7.63037300e-01
 -1.09152798e+00 -7.64788157e-01
 -1.09585442e+00 -7.66986854e-01
 -1.06811117e+00 -7.69636793e-01
 -1.10593326e+00 -7.72742717e-01
 -1.10237796e+00 -7.76310736e-01
 -1.10944526e+00 -7.80348357e-01
 -1.13435613e+00 -7.84864529e-01
 -1.12907689e+00 -7.89869697e-01
 -1.05883200e+00 -7.95375863e-01
 -1.08064694e+00 -8.01396671e-01
 -1.04506664e+00 -8.07947488e-01
 -1.16289175e+00 -8.15045514e-01
 -1.04430520e+00 -8.22709902e-01
 -1.14023854e+00 -8.30961889e-01
 -1.13727619e+00 -8.39824957e-01
 -1.13200650e+00 -8.49325008e-01
 -1.19836528e+00 -8.59490563e-01
 -1.14922709e+00 -8.70352989e-01
 -1.22407258e+00 -8.81946757e-01
 -1.24945398e+00 -8.94309727e-01
 -1.23492543e+00 -9.07483484e-01
 -1.29881226e+00 -9.21513701e-01
 -1.24429832e+00 -9.36450568e-01
 -1.23019046e+00 -9.52349265e-01
 -1.35530165e+00 -9.69270509e-01
 -1.29314761e+00 -9.87281168e-01
 -1.34371970e+00 -1.00645497e+00
 -1.45331628e+00 -1.02687330e+00
 -1.47316698e+00 -1.04862614e+00
 -1.48639228e+00 -1.07181307e+00
 -1.48607509e+00 -1.09654452e+00
 -1.55239838e+00 -1.12294314e+00
 -1.54395312e+00 -1.15114533e+00
 -1.62938810e+00 -1.18130312e+00
 -1.58319320e+00 -1.21358618e+00
 -1.73833193e+00 -1.24818422e+00
 -1.69401073e+00 -1.28530968e+00
 -1.92840465e+00 -1.32520074e+00
 -1.88054306e+00 -1.36812476e+00
 -2.03753713e+00 -1.41438200e+00
 -2.05206171e+00 -1.46430962e+00
 -2.19142640e+00 -1.51828576e+00
 -2.32284820e+00 -1.57673334e+00
 -2.34289559e+00 -1.64012286e+00
 -2.50334123e+00 -1.70897287e+00
 -2.65353671e+00 -1.78384595e+00
 -2.88344146e+00 -1.86533573e+00
 -3.02991374e+00 -1.95403754e+00
 -3.30053872e+00 -2.05048846e+00
 -3.52211158e+00 -2.15505071e+00
 -3.84514936e+00 -2.26768824e+00
 -4.23597117e+00 -2.38753913e+00
 -4.64325590e+00 -2.51208722e+00
 -5.18103438e+00 -2.63552487e+00
 -5.86350947e+00 -2.74542605e+00
 -6.74745817e+00 -2.81576012e+00
 -7.92341406e+00 -2.79169979e+00
 -9.47268396e+00 -2.55563411e+00
 -1.14140592e+01 -1.85133978e+00
 -1.39168746e+01 -1.33764734e-01
 -1.66132204e+01 3.56393730e+00
 -1.67887990e+01 9.82252970e+00
 -1.23245448e+01 1.58348263e+01
 -5.55548319e+00 1.72123151e+01
 -7.73024178e-01 1.51001935e+01
 1.54318161e+00 1.23711137e+01
 2.50957272e+00 1.00933451e+01
 2.75456011e+00 8.36635631e+00
 2.93236340e+00 7.07245845e+00
 2.85844651e+00 6.09025864e+00
 2.76871211e+00 5.32975988e+00
 2.61290064e+00 4.72880485e+00
 2.41196557e+00 4.24485556e+00
 2.25808205e+00 3.84847964e+00
 2.24171334e+00 3.51894759e+00
 2.04188232e+00 3.24137146e+00
 1.92024445e+00 3.00485090e+00
 1.94707242e+00 2.80125877e+00
 1.76157955e+00 2.62443296e+00
 1.82824830e+00 2.46962872e+00
 1.56323708e+00 2.33314095e+00
 1.55475472e+00 2.21203910e+00
 1.45850972e+00 2.10397795e+00
 1.34272342e+00 2.00706060e+00
 1.45111742e+00 1.91973763e+00
 1.33886001e+00 1.84073213e+00
 1.26360144e+00 1.76898301e+00
 1.28938718e+00 1.70360185e+00
 1.25199460e+00 1.64383954e+00
 1.17766130e+00 1.58906036e+00
 1.09676073e+00 1.53872159e+00
 1.20501964e+00 1.49235728e+00
 1.10468302e+00 1.44956537e+00
 1.06551176e+00 1.40999723e+00
 1.07248184e+00 1.37334923e+00
 1.02970759e+00 1.33935583e+00
 9.07368020e-01 1.30778389e+00
 9.32262543e-01 1.27842801e+00
 9.62369364e-01 1.25110661e+00
 8.65238897e-01 1.22565867e+00
 9.03899539e-01 1.20194102e+00
 8.71084840e-01 1.17982600e+00
 8.48904416e-01 1.15919952e+00
 7.87468370e-01 1.13995942e+00
 8.35760561e-01 1.12201399e+00
 7.83345689e-01 1.10528083e+00
 8.48895456e-01 1.08968574e+00
 8.45828895e-01 1.07516186e+00
 7.08603616e-01 1.06164884e+00
 7.75738778e-01 1.04909224e+00
 7.39578468e-01 1.03744286e+00
 7.41810604e-01 1.02665628e+00
 7.83294321e-01 1.01669238e+00
 8.07225984e-01 1.00751500e+00
 7.23634803e-01 9.99091522e-01
 7.65369622e-01 9.91392643e-01
 6.66482389e-01 9.84392073e-01
 6.34765812e-01 9.78066319e-01
 7.45835678e-01 9.72394484e-01
 6.55202194e-01 9.67358095e-01
 7.06779165e-01 9.62940953e-01
 7.54995629e-01 9.59129000e-01
 6.40882092e-01 9.55910213e-01
 6.83808382e-01 9.53274510e-01
 7.31677322e-01 9.51213669e-01
 7.16771888e-01 9.49721273e-01
 7.15142413e-01 9.48792654e-01
 6.85155275e-01 9.48424863e-01
 8.06842468e-01 9.48616645e-01
 6.50318817e-01 9.49368432e-01
 6.70495967e-01 9.50682342e-01
 6.28169255e-01 9.52562197e-01
 7.34961894e-01 9.55013549e-01
 6.58333572e-01 9.58043720e-01
 6.21974865e-01 9.61661859e-01
 6.80326264e-01 9.65879006e-01
 7.04123971e-01 9.70708178e-01
 6.26100246e-01 9.76164468e-01
 7.29741675e-01 9.82265164e-01
 7.34362520e-01 9.89029882e-01
 6.87035083e-01 9.96480730e-01
 7.18346024e-01 1.00464249e+00
 7.27915404e-01 1.01354281e+00
 6.62824525e-01 1.02321248e+00
 7.44882729e-01 1.03368568e+00
 7.46676772e-01 1.04500028e+00
 6.34056773e-01 1.05719823e+00
 7.36753478e-01 1.07032595e+00
 7.67011510e-01 1.08443480e+00
 6.09220764e-01 1.09958161e+00
 7.92135541e-01 1.11582929e+00
 7.52025409e-01 1.13324755e+00
 8.25983795e-01 1.15191369e+00
 7.82345138e-01 1.17191356e+00
 8.53096086e-01 1.19334261e+00
 8.56977349e-01 1.21630721e+00
 7.92418748e-01 1.24092604e+00
 7.75626576e-01 1.26733186e+00
 8.11022634e-01 1.29567348e+00
 9.54121424e-01 1.32611817e+00
 9.48123772e-01 1.35885441e+00
 9.52016328e-01 1.39409520e+00
 8.50155009e-01 1.43208202e+00
 9.94584117e-01 1.47308955e+00
 9.19621802e-01 1.51743124e+00
 9.90697238e-01 1.56546623e+00
 1.15492679e+00 1.61760748e+00
 1.02804314e+00 1.67433185e+00
 1.14007315e+00 1.73619221e+00
 1.18842334e+00 1.80383241e+00
 1.24230141e+00 1.87800550e+00
 1.30109070e+00 1.95959602e+00
 1.38608985e+00 2.04964732e+00
 1.43110724e+00 2.14939463e+00
 1.51267375e+00 2.26030443e+00
 1.59879426e+00 2.38412013e+00
 1.84617180e+00 2.52291132e+00
 1.98763097e+00 2.67911924e+00
 2.13595145e+00 2.85557876e+00
 2.38621923e+00 3.05546965e+00
 2.63547057e+00 3.28208570e+00
 2.98332330e+00 3.53815788e+00
 3.56169641e+00 3.82409529e+00
 4.14836471e+00 4.13357051e+00
 5.07461984e+00 4.44245897e+00
 6.31039550e+00 4.68093801e+00
 8.00135556e+00 4.66423879e+00
 1.04742149e+01 3.94092266e+00
 1.31040382e+01 1.62671006e+00
 1.45230223e+01 -2.94265511e+00
 1.23576663e+01 -7.85455660e+00
 8.26530579e+00 -1.00143385e+01
 4.68913700e+00 -9.72343058e+00
 2.58409103e+00 -8.59087095e+00
 1.34752693e+00 -7.41460392e+00
 6.62789636e-01 -6.40988757e+00
 1.91433068e-01 -5.59415652e+00
 2.68262267e-02 -4.93729580e+00
 -1.60981717e-01 -4.40503026e+00
 -2.04057465e-01 -3.96890013e+00
 -2.90260722e-01 -3.60712576e+00
 -3.53978032e-01 -3.30341119e+00
 -3.75274446e-01 -3.04557927e+00
 -3.49438371e-01 -2.82446386e+00
 -3.21038985e-01 -2.63309051e+00
 -3.49845471e-01 -2.46608831e+00
 -3.21492309e-01 -2.31927084e+00
 -3.95381656e-01 -2.18933638e+00
 -3.49634360e-01 -2.07365183e+00
 -2.74106365e-01 -1.97009531e+00
 -2.18985168e-01 -1.87694023e+00
 -2.10061459e-01 -1.79276890e+00
 -2.59730597e-01 -1.71640751e+00
 -3.94197801e-01 -1.64687662e+00
 -3.60417574e-01 -1.58335306e+00
 -3.20471168e-01 -1.52514037e+00
 -2.43844724e-01 -1.47164566e+00
 -2.55854439e-01 -1.42236124e+00
 -2.72679938e-01 -1.37685009e+00
 -1.36134769e-01 -1.33473410e+00
 -1.01828865e-01 -1.29568462e+00
 -1.67988225e-01 -1.25941472e+00
 -1.32817083e-01 -1.22567293e+00
 -2.28024094e-01 -1.19423795e+00
 -1.51694413e-01 -1.16491439e+00
 -2.39446671e-01 -1.13752914e+00
 -1.28448752e-01 -1.11192839e+00
 -1.29836509e-01 -1.08797505e+00
 -1.34807465e-01 -1.06554663e+00
 -9.44799982e-02 -1.04453341e+00
 -1.52003284e-01 -1.02483689e+00
 -1.63034167e-01 -1.00636848e+00
 -2.76326471e-02 -9.89048302e-01
 -7.96867943e-02 -9.72804285e-01
 -9.39344442e-02 -9.57571256e-01
 -1.65565193e-01 -9.43290226e-01
 -1.74733982e-01 -9.29907751e-01
 -1.31872812e-01 -9.17375369e-01
 -6.35090340e-02 -9.05649116e-01
 -1.12840955e-01 -8.94689100e-01
 -7.29612236e-02 -8.84459131e-01
 -1.21718124e-02 -8.74926388e-01
 -7.19933769e-02 -8.66061136e-01
 -6.16947026e-02 -8.57836476e-01
 -4.30521160e-02 -8.50228119e-01
 -5.09747041e-02 -8.43214194e-01
 -1.77914122e-02 -8.36775080e-01
 -3.60080751e-02 -8.30893256e-01
 -1.03032974e-02 -8.25553172e-01
 -9.60168950e-02 -8.20741139e-01
 2.38394151e-03 -8.16445232e-01
 -4.01217145e-02 -8.12655212e-01
 7.63836868e-02 -8.09362454e-01
 -3.39484349e-02 -8.06559898e-01
 -1.23724293e-01 -8.04242005e-01
 6.47963901e-02 -8.02404724e-01
 1.43312320e-02 -8.01045473e-01
 5.62466767e-02 -8.00163133e-01
 -2.40734132e-02 -7.99758049e-01
 2.57894005e-03 -7.99832039e-01
 7.40025574e-02 -8.00388425e-01
 3.60656004e-02 -8.01432065e-01
 3.28015554e-02 -8.02969406e-01
 -5.07536297e-02 -8.05008537e-01
 -1.59003137e-02 -8.07559275e-01
 1.15016784e-02 -8.10633251e-01
 9.28982198e-03 -8.14244017e-01
 -6.15617151e-02 -8.18407175e-01
 6.06866015e-02 -8.23140523e-01
 2.28806760e-02 -8.28464227e-01
 1.44998355e-01 -8.34401015e-01
 1.09080305e-02 -8.40976409e-01
 7.42823697e-02 -8.48218979e-01
 1.49254565e-01 -8.56160652e-01
 5.82366459e-02 -8.64837048e-01
 5.64877985e-02 -8.74287887e-01
 9.89733353e-02 -8.84557442e-01
 5.76778669e-02 -8.95695075e-01
 5.20032359e-02 -9.07755848e-01
 7.40770652e-02 -9.20801238e-01
 1.87978471e-01 -9.34899972e-01
 1.52867861e-01 -9.50128993e-01
 1.98331265e-01 -9.66574604e-01
 7.20071420e-02 -9.84333804e-01
 6.09495738e-02 -1.00351588e+00
 1.15060688e-01 -1.02424426e+00
 1.40274714e-01 -1.04665878e+00
 1.76888555e-01 -1.07091835e+00
 1.94650109e-01 -1.09720417e+00
 1.31576613e-01 -1.12572365e+00
 2.40785680e-01 -1.15671514e+00
 1.41282575e-01 -1.19045373e+00
 2.59267624e-01 -1.22725846e+00
 2.53915474e-01 -1.26750120e+00
 2.51921116e-01 -1.31161772e+00
 2.51677217e-01 -1.36012179e+00
 1.61214072e-01 -1.41362293e+00
 2.11048528e-01 -1.47284925e+00
 3.22305329e-01 -1.53867704e+00
 2.54119928e-01 -1.61216937e+00
 2.71265145e-01 -1.69462712e+00
 3.62295904e-01 -1.78765712e+00
 4.59418298e-01 -1.89326426e+00
 3.55875294e-01 -2.01397724e+00
 4.45075601e-01 -2.15302251e+00
 3.44322644e-01 -2.31456709e+00
 3.68335889e-01 -2.50406047e+00
 2.70608698e-01 -2.72871693e+00
 2.63602760e-01 -2.99818988e+00
 3.02046582e-01 -3.32548042e+00
 1.70587448e-01 -3.72803015e+00
 1.07451076e-01 -4.22855096e+00
 -2.15188193e-01 -4.85368034e+00
 -7.92377959e-01 -5.62348123e+00
 -1.71742112e+00 -6.50858719e+00
 -3.39703332e+00 -7.29250478e+00
 -6.00095314e+00 -7.28600213e+00
 -8.59489639e+00 -5.44279138e+00
 -9.60630456e+00 -2.12879316e+00
 -8.70367301e+00 6.09689549e-01
 -7.04284969e+00 1.99475122e+00
 -5.53032527e+00 2.48904642e+00
 -4.51284648e+00 2.56893085e+00
 -3.67385589e+00 2.48170934e+00
 -3.16137539e+00 2.33596314e+00
 -2.63125219e+00 2.17700934e+00
 -2.27384024e+00 2.02305002e+00
 -2.11719756e+00 1.88074493e+00
 -1.78035561e+00 1.75184840e+00
 -1.77277458e+00 1.63607764e+00
 -1.50850710e+00 1.53237036e+00
 -1.43957560e+00 1.43943747e+00
 -1.36655294e+00 1.35600036e+00
 -1.30859858e+00 1.28088518e+00
 -1.21168024e+00 1.21305241e+00
 -1.15977410e+00 1.15159773e+00
 -1.10911842e+00 1.09574116e+00
 -1.10715435e+00 1.04481241e+00
 -1.04405235e+00 9.98235780e-01
 -9.31820165e-01 9.55516241e-01
 -9.76120617e-01 9.16227226e-01
 -8.42638926e-01 8.80000121e-01
 -8.84147509e-01 8.46515386e-01
 -8.58250933e-01 8.15495102e-01
 -8.52990545e-01 7.86696718e-01
 -8.10853660e-01 7.59907836e-01
 -8.45914351e-01 7.34941836e-01
 -7.42794555e-01 7.11634213e-01
 -6.96464871e-01 6.89839495e-01
 -7.52503033e-01 6.69428654e-01
 -6.64964788e-01 6.50286907e-01
 -8.14067169e-01 6.32311863e-01
 -6.02413397e-01 6.15411938e-01
 -6.80608847e-01 5.99505010e-01
 -7.24217067e-01 5.84517264e-01
 -6.76407909e-01 5.70382200e-01
 -5.97489508e-01 5.57039782e-01
 -5.59160716e-01 5.44435698e-01
 -6.52902371e-01 5.32520725e-01
 -5.85217576e-01 5.21250172e-01
 -6.77114988e-01 5.10583399e-01
 -6.14897292e-01 5.00483394e-01
 -6.20429467e-01 4.90916405e-01
 -6.57030268e-01 4.81851616e-01
 -5.90028644e-01 4.73260863e-01
 -5.24722553e-01 4.65118384e-01
 -6.35666442e-01 4.57400599e-01
 -6.32802640e-01 4.50085911e-01
 -6.53434239e-01 4.43154539e-01
 -6.31113233e-01 4.36588364e-01
 -6.89700236e-01 4.30370790e-01
 -6.10447583e-01 4.24486632e-01
 -5.95770497e-01 4.18922002e-01
 -6.49290845e-01 4.13664223e-01
 -5.98219543e-01 4.08701742e-01
 -5.71651948e-01 4.04024057e-01
 -6.25187517e-01 3.99621657e-01
 -6.66085582e-01 3.95485965e-01
 -5.52178335e-01 3.91609290e-01
 -6.32600221e-01 3.87984786e-01
 -5.85208443e-01 3.84606421e-01
 -5.83256829e-01 3.81468944e-01
 -6.20877958e-01 3.78567868e-01
 -6.61212778e-01 3.75899452e-01
 -5.88204591e-01 3.73460691e-01
 -7.36101876e-01 3.71249310e-01
 -6.26397895e-01 3.69263771e-01
 -7.08865423e-01 3.67503271e-01
 -6.51293180e-01 3.65967763e-01
 -7.47934440e-01 3.64657975e-01
 -6.81916215e-01 3.63575432e-01
 -7.68757777e-01 3.62722495e-01
 -6.77683125e-01 3.62102404e-01
 -7.85912953e-01 3.61719328e-01
 -7.22941204e-01 3.61578427e-01
 -7.05189964e-01 3.61685928e-01
 -7.18499529e-01 3.62049208e-01
 -7.21308040e-01 3.62676901e-01
 -6.85583549e-01 3.63579012e-01
 -7.52155895e-01 3.64767060e-01
 -8.10236525e-01 3.66254234e-01
 -8.78507925e-01 3.68055588e-01
 -8.65406828e-01 3.70188258e-01
 -8.37522767e-01 3.72671720e-01
 -8.66704063e-01 3.75528090e-01
 -8.10822432e-01 3.78782482e-01
 -9.12428646e-01 3.82463423e-01
 -9.60891534e-01 3.86603343e-01
 -9.20904442e-01 3.91239166e-01
 -9.24626538e-01 3.96412998e-01
 -9.21727624e-01 4.02172961e-01
 -9.23261370e-01 4.08574187e-01
 -1.08177768e+00 4.15680022e-01
 -1.20979925e+00 4.23563479e-01
 -1.02462413e+00 4.32309011e-01
 -1.14525186e+00 4.42014685e-01
 -1.21146564e+00 4.52794858e-01
 -1.22336036e+00 4.64783502e-01
 -1.31058156e+00 4.78138353e-01
 -1.27245608e+00 4.93046137e-01
 -1.38795353e+00 5.09729199e-01
 -1.38321615e+00 5.28453980e-01
 -1.36831626e+00 5.49541968e-01
 -1.48358366e+00 5.73383955e-01
 -1.60536330e+00 6.00458838e-01
 -1.66679124e+00 6.31358632e-01
 -1.68500910e+00 6.66822200e-01
 -1.89450544e+00 7.07781305e-01
 -1.94043172e+00 7.55424383e-01
 -2.09964327e+00 8.11286205e-01
 -2.24799643e+00 8.77376019e-01
 -2.34398735e+00 9.56364009e-01
 -2.52087948e+00 1.05185782e+00
 -2.74714985e+00 1.16882131e+00
 -2.83473149e+00 1.31422265e+00
 -3.11575955e+00 1.49806087e+00
 -3.25106400e+00 1.73502926e+00
 -3.74704023e+00 2.04726757e+00
 -3.97583808e+00 2.46897743e+00
 -4.60514353e+00 3.05411560e+00
 -4.90723717e+00 3.88844765e+00
 -5.35719403e+00 5.10392406e+00
 -5.42112929e+00 6.87255275e+00
 -4.85120394e+00 9.27216582e+00
 -2.40540548e+00 1.17644428e+01
 1.53170209e+00 1.26468279e+01
 5.31239726e+00 1.08486090e+01
 6.98783327e+00 7.91217200e+00
 6.96314014e+00 5.44563278e+00
 6.64468381e+00 3.76472837e+00
 5.97711341e+00 2.67564107e+00
 5.27374087e+00 1.96483241e+00
 4.74719097e+00 1.48879907e+00
 4.23245042e+00 1.16039680e+00
 3.96661558e+00 9.27306413e-01
 3.59930480e+00 7.57570788e-01
 3.34876130e+00 6.31150230e-01
 3.15773574e+00 5.35120006e-01
 2.90601917e+00 4.60914752e-01
 2.66908771e+00 4.02713232e-01
 2.60122787e+00 3.56467216e-01
 2.48309760e+00 3.19302296e-01
 2.30198503e+00 2.89138822e-01
 2.19226748e+00 2.64446424e-01
 2.09553164e+00 2.44081517e-01
 2.02666809e+00 2.27177586e-01
 1.92863308e+00 2.13069700e-01
 1.83120920e+00 2.01241712e-01
 1.81067997e+00 1.91288730e-01
 1.81661567e+00 1.82890063e-01
 1.75904429e+00 1.75789460e-01
 1.72977277e+00 1.69780489e-01
 1.57133152e+00 1.64695607e-01
 1.56472730e+00 1.60397894e-01
 1.50552909e+00 1.56774743e-01
 1.54148220e+00 1.53733001e-01
 1.45024834e+00 1.51195193e-01
 1.37872812e+00 1.49096561e-01
 1.37708321e+00 1.47382733e-01
 1.26878988e+00 1.46007869e-01
 1.30769887e+00 1.44933176e-01
 1.39243728e+00 1.44125713e-01
 1.30252778e+00 1.43557429e-01
 1.28597387e+00 1.43204372e-01
 1.15615610e+00 1.43046049e-01
 1.24295723e+00 1.43064896e-01
 1.23328138e+00 1.43245839e-01
 1.17466126e+00 1.43575936e-01
 1.18902121e+00 1.44044071e-01
 1.15108881e+00 1.44640704e-01
 1.10732011e+00 1.45357662e-01
 1.17791974e+00 1.46187957e-01
 1.17474944e+00 1.47125639e-01
 1.07096248e+00 1.48165669e-01
 1.05597813e+00 1.49303807e-01
 1.12812817e+00 1.50536531e-01
 1.10479646e+00 1.51860947e-01
 1.03438593e+00 1.53274732e-01
 1.05741996e+00 1.54776076e-01
 1.01609617e+00 1.56363630e-01
 1.12094172e+00 1.58036472e-01
 1.05133451e+00 1.59794066e-01
 1.02831067e+00 1.61636239e-01
 9.87401982e-01 1.63563150e-01
 1.05807986e+00 1.65575276e-01
 1.12329352e+00 1.67673391e-01
 1.03695478e+00 1.69858553e-01
 1.07269420e+00 1.72132094e-01
 1.04904544e+00 1.74495610e-01
 1.03547466e+00 1.76950953e-01
 1.00647421e+00 1.79500234e-01
 1.11260093e+00 1.82145808e-01
 1.10245122e+00 1.84890286e-01
 1.06685667e+00 1.87736526e-01
 1.05810092e+00 1.90687636e-01
 1.01708199e+00 1.93746983e-01
 1.06753912e+00 1.96918187e-01
 1.14462906e+00 2.00205136e-01
 1.11780832e+00 2.03611983e-01
 1.12211338e+00 2.07143158e-01
 1.15083536e+00 2.10803370e-01
 1.14064311e+00 2.14597619e-01
 1.17921699e+00 2.18531196e-01
 1.17642762e+00 2.22609697e-01
 1.14659834e+00 2.26839021e-01
 1.11832884e+00 2.31225382e-01
 1.22368041e+00 2.35775304e-01
 1.21558946e+00 2.40495626e-01
 1.20615445e+00 2.45393494e-01
 1.29618766e+00 2.50476356e-01
 1.25548938e+00 2.55751941e-01
 1.31799724e+00 2.61228239e-01
 1.31998805e+00 2.66913458e-01
 1.32552253e+00 2.72815977e-01
 1.33937876e+00 2.78944272e-01
 1.46219189e+00 2.85306813e-01
 1.51362958e+00 2.91911939e-01
 1.50993694e+00 2.98767675e-01
 1.53492980e+00 3.05881498e-01
 1.52093482e+00 3.13260030e-01
 1.56527153e+00 3.20908624e-01
 1.61049750e+00 3.28830829e-01
 1.66959365e+00 3.37027676e-01
 1.68077351e+00 3.45496740e-01
 1.76464362e+00 3.54230897e-01
 1.87239261e+00 3.63216675e-01
 1.95643467e+00 3.72432051e-01
 1.89055345e+00 3.81843503e-01
 1.99785769e+00 3.91402039e-01
 2.07869088e+00 4.01037805e-01
 2.20057699e+00 4.10652720e-01
 2.21589877e+00 4.20110334e-01
 2.44254371e+00 4.29221719e-01
 2.52024443e+00 4.37725654e-01
 2.63170625e+00 4.45260484e-01
 2.76441244e+00 4.51323637e-01
 2.96089746e+00 4.55212602e-01
 3.12250571e+00 4.55937569e-01
 3.27526470e+00 4.52089936e-01
 3.48404206e+00 4.41640768e-01
 3.87910748e+00 4.21625595e-01
 4.09325735e+00 3.87640495e-01
 4.44754329e+00 3.33016975e-01
 4.94736145e+00 2.47435750e-01
 5.40513819e+00 1.14534457e-01
 6.12217863e+00 -9.23319812e-02
 6.72471324e+00 -4.17777648e-01
 7.70540611e+00 -9.38465122e-01
 8.82829875e+00 -1.78825880e+00
 9.99333006e+00 -3.19739630e+00
 1.11454773e+01 -5.52016480e+00
 1.13866599e+01 -9.08260942e+00
 9.42963008e+00 -1.33924795e+01
 4.77096739e+00 -1.61790486e+01
 -4.19283925e-01 -1.56195714e+01
 -3.72613882e+00 -1.30386079e+01
 -5.03945399e+00 -1.03274390e+01
 -5.39271616e+00 -8.17051501e+00
