 NaN NaN
 4.13373413e+01 1.40769064e+01
 2.13383081e+01 6.89792025e+00
 1.43321832e+01 4.57650380e+00
 1.08076902e+01 3.43587767e+00
 8.77326841e+00 2.75978866e+00
 7.27738478e+00 2.31329677e+00
 6.32741177e+00 1.99686561e+00
 5.62812768e+00 1.76116674e+00
 4.90516011e+00 1.57899106e+00
 4.49172144e+00 1.43411023e+00
 4.06640784e+00 1.31624954e+00
 3.78361561e+00 1.21858936e+00
 3.55010042e+00 1.13642682e+00
 3.37534293e+00 1.06641440e+00
 3.01957129e+00 1.00610501e+00
 2.89309739e+00 9.53668616e-01
 2.75403224e+00 9.07709556e-01
 2.62167980e+00 8.67145034e-01
 2.33920584e+00 8.31122258e-01
 2.35060956e+00 7.98960561e-01
 2.30602611e+00 7.70110167e-01
 2.17326200e+00 7.44122255e-01
 2.04592109e+00 7.20626885e-01
 2.04874931e+00 6.99316473e-01
 1.93530135e+00 6.79933253e-01
 1.86270302e+00 6.62259650e-01
 1.86263159e+00 6.46110803e-01
 1.76970520e+00 6.31328700e-01
 1.77128301e+00 6.17777536e-01
 1.63382730e+00 6.05340005e-01
 1.61046321e+00 5.93914307e-01
 1.55586056e+00 5.83411732e-01
 1.58608637e+00 5.73754674e-01
 1.44423110e+00 5.64875009e-01
 1.45610294e+00 5.56712746e-01
 1.50930740e+00 5.49214905e-01
 1.50468998e+00 5.42334587e-01
 1.34136510e+00 5.36030182e-01
 1.28545187e+00 5.30264708e-01
 1.38052402e+00 5.25005246e-01
 1.41145118e+00 5.20222464e-01
 1.30978283e+00 5.15890207e-01
 1.25696669e+00 5.11985147e-01
 1.30538651e+00 5.08486485e-01
 1.30054145e+00 5.05375686e-01
 1.30209406e+00 5.02636266e-01
 1.24150003e+00 5.00253588e-01
 1.21594536e+00 4.98214706e-01
 1.19108517e+00 4.96508211e-01
 1.25819026e+00 4.95124115e-01
 1.17655956e+00 4.94053740e-01
 1.12538944e+00 4.93289623e-01
 1.19939944e+00 4.92825441e-01
 1.14063626e+00 4.92655940e-01
 1.08917608e+00 4.92776880e-01
 1.15691828e+00 4.93184987e-01
 1.17766836e+00 4.93877912e-01
 1.19368349e+00 4.94854201e-01
 1.09255914e+00 4.96113272e-01
 1.06575763e+00 4.97655399e-01
 1.20163337e+00 4.99481696e-01
 1.09883468e+00 5.01594120e-01
 1.17183793e+00 5.03995470e-01
 1.12446627e+00 5.06689395e-01
 1.20866995e+00 5.09680407e-01
 1.20049513e+00 5.12973907e-01
 1.13709295e+00 5.16576208e-01
 1.05538776e+00 5.20494567e-01
 1.16007616e+00 5.24737233e-01
 1.22202548e+00 5.29313490e-01
 1.16598249e+00 5.34233714e-01
 1.21654261e+00 5.39509442e-01
 1.11931829e+00 5.45153444e-01
 1.14251228e+00 5.51179813e-01
 1.16301585e+00 5.57604058e-01
 1.14800131e+00 5.64443219e-01
 1.20287584e+00 5.71715992e-01
 1.22166631e+00 5.79442872e-01
 1.24138573e+00 5.87646313e-01
 1.17961423e+00 5.96350913e-01
 1.28610031e+00 6.05583623e-01
 1.27297648e+00 6.15373979e-01
 1.35730693e+00 6.25754371e-01
 1.33440859e+00 6.36760351e-01
 1.31787893e+00 6.48430977e-01
 1.33687430e+00 6.60809213e-01
 1.21562998e+00 6.73942387e-01
 1.45780076e+00 6.87882711e-01
 1.43709336e+00 7.02687887e-01
 1.43661795e+00 7.18421808e-01
 1.47278006e+00 7.35155364e-01
 1.52182398e+00 7.52967392e-01
 1.67356861e+00 7.71945767e-01
 1.54139167e+00 7.92188708e-01
 1.61154134e+00 8.13806287e-01
 1.67733397e+00 8.36922239e-01
 1.77321314e+00 8.61676098e-01
 1.71716773e+00 8.88225751e-01
 1.78724704e+00 9.16750510e-01
 1.82626407e+00 9.47454812e-01
 1.91340757e+00 9.80572716e-01
 1.94654082e+00 1.01637340e+00
 1.97372048e+00 1.05516792e+00
 2.24630538e+00 1.09731758e+00
 2.24961387e+00 1.14324438e+00
 2.31128879e+00 1.19344416e+00
 2.41255715e+00 1.24850330e+00
 2.55713662e+00 1.30912002e+00
 2.67561106e+00 1.37613205e+00
 2.85252705e+00 1.45055267e+00
 2.97650030e+00 1.53361828e+00
 3.13574084e+00 1.62685200e+00
 3.48724545e+00 1.73214949e+00
 3.71541178e+00 1.85189625e+00
 3.95437324e+00 1.98912949e+00
 4.27943284e+00 2.14776347e+00
 4.80869771e+00 2.33290370e+00
 5.30199104e+00 2.55127990e+00
 5.90946132e+00 2.81181460e+00
 6.92412227e+00 3.12625416e+00
 7.93077317e+00 3.50938418e+00
 9.52176069e+00 3.97661037e+00
 1.19109605e+01 4.52863373e+00
 1.58493321e+01 5.06933003e+00
 2.33542222e+01 4.89734956e+00
 3.99812380e+01 -1.68855846e+00
 4.56062683e+01 -5.46972760e+01
 -1.48462221e+01 -4.35765692e+01
 -1.58318259e+01 -2.09840390e+01
 -1.23773990e+01 -1.28917789e+01
 -9.92022215e+00 -9.13616967e+00
 -8.26901904e+00 -7.03301158e+00
 -6.89926286e+00 -5.70577372e+00
 -6.04443991e+00 -4.79809816e+00
 -5.39409079e+00 -4.14084004e+00
 -4.77223345e+00 -3.64425297e+00
 -4.30396703e+00 -3.25658459e+00
 -3.94462990e+00 -2.94600876e+00
 -3.68431132e+00 -2.69192689e+00
 -3.38638897e+00 -2.48044168e+00
 -3.18729533e+00 -2.30184887e+00
 -2.94962339e+00 -2.14917316e+00
 -2.80064195e+00 -2.01727564e+00
 -2.60765064e+00 -1.90228893e+00
 -2.48349886e+00 -1.80124816e+00
 -2.40350254e+00 -1.71184311e+00
 -2.31664015e+00 -1.63224760e+00
 -2.14792169e+00 -1.56099939e+00
 -2.16210019e+00 -1.49691420e+00
 -2.05194416e+00 -1.43902284e+00
 -1.92281728e+00 -1.38652473e+00
 -1.84801307e+00 -1.33875293e+00
 -1.81924092e+00 -1.29514746e+00
 -1.75394020e+00 -1.25523485e+00
 -1.67081840e+00 -1.21861216e+00
 -1.59623439e+00 -1.18493440e+00
 -1.72891616e+00 -1.15390457e+00
 -1.56049431e+00 -1.12526572e+00
 -1.40668334e+00 -1.09879447e+00
 -1.40010185e+00 -1.07429580e+00
 -1.41216060e+00 -1.05159878e+00
 -1.40254112e+00 -1.03055302e+00
 -1.38715164e+00 -1.01102581e+00
 -1.29527262e+00 -9.92899611e-01
 -1.34867631e+00 -9.76070082e-01
 -1.23695536e+00 -9.60444342e-01
 -1.25912366e+00 -9.45939527e-01
 -1.27955961e+00 -9.32481563e-01
 -1.23961960e+00 -9.20004117e-01
 -1.19922565e+00 -9.08447706e-01
 -1.12274237e+00 -8.97758925e-01
 -1.16676270e+00 -8.87889786e-01
 -1.20884094e+00 -8.78797151e-01
 -1.15974725e+00 -8.70442233e-01
 -1.17242196e+00 -8.62790171e-01
 -1.07833082e+00 -8.55809658e-01
 -1.14712928e+00 -8.49472616e-01
 -1.08534258e+00 -8.43753914e-01
 -1.11840275e+00 -8.38631123e-01
 -1.16254420e+00 -8.34084307e-01
 -1.03712825e+00 -8.30095828e-01
 -1.10143042e+00 -8.26650196e-01
 -1.10556831e+00 -8.23733922e-01
 -1.09447765e+00 -8.21335401e-01
 -1.04217306e+00 -8.19444811e-01
 -1.02601310e+00 -8.18054028e-01
 -1.07891271e+00 -8.17156551e-01
 -9.87981113e-01 -8.16747447e-01
 -1.07941751e+00 -8.16823307e-01
 -1.06783935e+00 -8.17382209e-01
 -9.87893507e-01 -8.18423699e-01
 -9.81287784e-01 -8.19948779e-01
 -1.05048912e+00 -8.21959908e-01
 -1.06361014e+00 -8.24461009e-01
 -1.03587582e+00 -8.27457495e-01
 -1.00304187e+00 -8.30956300e-01
 -1.07450593e+00 -8.34965923e-01
 -9.57495130e-01 -8.39496481e-01
 -1.03654685e+00 -8.44559784e-01
 -1.03318077e+00 -8.50169410e-01
 -1.08528875e+00 -8.56340809e-01
 -9.98761610e-01 -8.63091412e-01
 -1.00127890e+00 -8.70440764e-01
 -1.05653215e+00 -8.78410673e-01
 -1.19422162e+00 -8.87025386e-01
 -9.84866354e-01 -8.96311784e-01
 -1.10490564e+00 -9.06299605e-01
 -1.09594281e+00 -9.17021706e-01
 -1.05798754e+00 -9.28514354e-01
 -1.06962965e+00 -9.40817557e-01
 -1.18757252e+00 -9.53975448e-01
 -1.21022995e+00 -9.68036718e-01
 -1.18940771e+00 -9.83055120e-01
 -1.22449934e+00 -9.99090035e-01
 -1.25234619e+00 -1.01620713e+00
 -1.16180871e+00 -1.03447913e+00
 -1.21423077e+00 -1.05398666e+00
 -1.30017661e+00 -1.07481932e+00
 -1.32938700e+00 -1.09707679e+00
 -1.22717744e+00 -1.12087029e+00
 -1.27892890e+00 -1.14632414e+00
 -1.37353445e+00 -1.17357768e+00
 -1.36748647e+00 -1.20278753e+00
 -1.48627984e+00 -1.23413022e+00
 -1.47745808e+00 -1.26780543e+00
 -1.48750398e+00 -1.30403976e+00
 -1.49973611e+00 -1.34309130e+00
 -1.53562760e+00 -1.38525525e+00
 -1.70525662e+00 -1.43087069e+00
 -1.61521949e+00 -1.48032888e+00
 -1.79293573e+00 -1.53408359e+00
 -1.85625603e+00 -1.59266389e+00
 -1.88714424e+00 -1.65669026e+00
 -1.97671933e+00 -1.72689489e+00
 -1.97575701e+00 -1.80414771e+00
 -2.16277993e+00 -1.88948986e+00
 -2.27831884e+00 -1.98417729e+00
 -2.39631909e+00 -2.08973820e+00
 -2.49484631e+00 -2.20804947e+00
 -2.80452959e+00 -2.34143975e+00
 -2.99560934e+00 -2.49283002e+00
 -3.23494485e+00 -2.66592787e+00
 -3.56233848e+00 -2.86549881e+00
 -3.75165503e+00 -3.09774876e+00
 -4.13266923e+00 -3.37086413e+00
 -4.60882917e+00 -3.69576424e+00
 -5.32916381e+00 -4.08709223e+00
 -6.15732948e+00 -4.56427495e+00
 -7.31924827e+00 -5.15157510e+00
 -9.02995993e+00 -5.87199217e+00
 -1.17353210e+01 -6.71013986e+00
 -1.63119489e+01 -7.40752971e+00
 -2.53661953e+01 -6.18016662e+00
 -4.03863181e+01 8.43081349e+00
 -2.18691682e+01 4.08694138e+01
 2.91976277e+00 2.98776946e+01
 6.63436711e+00 1.87815088e+01
 6.36429843e+00 1.31051699e+01
 5.64719174e+00 9.92520650e+00
 4.92119498e+00 7.94447433e+00
 4.38901375e+00 6.60796205e+00
 3.99900497e+00 5.65132636e+00
 3.57088023e+00 4.93546760e+00
 3.25796840e+00 4.38104517e+00
 2.97149454e+00 3.93979419e+00
 2.71266372e+00 3.58078755e+00
 2.50923547e+00 3.28334578e+00
 2.45990247e+00 3.03314320e+00
 2.18870850e+00 2.81995513e+00
 2.11182000e+00 2.63629571e+00
 2.00723636e+00 2.47656263e+00
 1.81532051e+00 2.33648231e+00
 1.68899266e+00 2.21273961e+00
 1.65350478e+00 2.10272444e+00
 1.54371129e+00 2.00435449e+00
 1.53791014e+00 1.91594876e+00
 1.47543161e+00 1.83613567e+00
 1.38528177e+00 1.76378529e+00
 1.32082010e+00 1.69795857e+00
 1.32347372e+00 1.63786889e+00
 1.24175571e+00 1.58285244e+00
 1.12926330e+00 1.53234532e+00
 1.11702761e+00 1.48586553e+00
 1.21286268e+00 1.44299876e+00
 1.16764675e+00 1.40338698e+00
 1.15136995e+00 1.36671929e+00
 1.08450757e+00 1.33272456e+00
 9.35502736e-01 1.30116530e+00
 9.90560507e-01 1.27183272e+00
 1.05394426e+00 1.24454261e+00
 1.00310271e+00 1.21913189e+00
 9.62546476e-01 1.19545578e+00
 8.25057000e-01 1.17338538e+00
 9.42298782e-01 1.15280563e+00
 9.10243184e-01 1.13361360e+00
 8.66171696e-01 1.11571704e+00
 8.11867995e-01 1.09903309e+00
 8.50623445e-01 1.08348722e+00
 8.14448905e-01 1.06901233e+00
 8.23372927e-01 1.05554790e+00
 8.50058088e-01 1.04303936e+00
 8.09393952e-01 1.03143744e+00
 7.27257721e-01 1.02069768e+00
 7.12474670e-01 1.01077996e+00
 7.78935552e-01 1.00164811e+00
 6.95049336e-01 9.93269565e-01
 7.20027701e-01 9.85615053e-01
 7.21086277e-01 9.78658344e-01
 6.74977007e-01 9.72376013e-01
 6.54135294e-01 9.66747241e-01
 8.00085855e-01 9.61753638e-01
 7.14046564e-01 9.57379094e-01
 7.63104547e-01 9.53609651e-01
 5.60283345e-01 9.50433389e-01
 6.61760786e-01 9.47840334e-01
 6.67973872e-01 9.45822382e-01
 6.61429930e-01 9.44373235e-01
 7.10775135e-01 9.43488358e-01
 7.26303815e-01 9.43164936e-01
 6.10526956e-01 9.43401862e-01
 7.04672880e-01 9.44199724e-01
 6.78805511e-01 9.45560805e-01
 6.90555256e-01 9.47489108e-01
 6.22110533e-01 9.49990377e-01
 6.64056745e-01 9.53072147e-01
 6.09182920e-01 9.56743792e-01
 6.42577079e-01 9.61016605e-01
 6.75105250e-01 9.65903877e-01
 6.94657348e-01 9.71421003e-01
 6.60412423e-01 9.77585607e-01
 6.37387230e-01 9.84417678e-01
 6.80261758e-01 9.91939741e-01
 7.22331191e-01 1.00017704e+00
 6.99956725e-01 1.00915776e+00
 6.80695509e-01 1.01891328e+00
 6.09420561e-01 1.02947844e+00
 6.48367651e-01 1.04089190e+00
 7.45444371e-01 1.05319648e+00
 7.61139155e-01 1.06643960e+00
 6.17561428e-01 1.08067378e+00
 7.21926697e-01 1.09595719e+00
 7.04641018e-01 1.11235431e+00
 7.13446343e-01 1.12993667e+00
 7.67271710e-01 1.14878370e+00
 6.65594342e-01 1.16898377e+00
 7.51465482e-01 1.19063532e+00
 7.75810491e-01 1.21384824e+00
 8.96631801e-01 1.23874544e+00
 7.30959314e-01 1.26546476e+00
 7.70997205e-01 1.29416117e+00
 8.30525960e-01 1.32500939e+00
 8.79835516e-01 1.35820702e+00
 8.73768003e-01 1.39397830e+00
 9.28409149e-01 1.43257862e+00
 8.99756067e-01 1.47430002e+00
 9.25037290e-01 1.51947780e+00
 9.54651909e-01 1.56849878e+00
 9.78548099e-01 1.62181135e+00
 1.00422393e+00 1.67993809e+00
 1.01958111e+00 1.74349154e+00
 1.11657233e+00 1.81319418e+00
 1.16486267e+00 1.88990395e+00
 1.24024915e+00 1.97464715e+00
 1.31023855e+00 2.06866135e+00
 1.32084761e+00 2.17345196e+00
 1.41867387e+00 2.29086773e+00
 1.59585968e+00 2.42320295e+00
 1.69066050e+00 2.57333770e+00
 1.69257568e+00 2.74493330e+00
 1.92559170e+00 2.94270908e+00
 2.08419734e+00 3.17284095e+00
 2.14499758e+00 3.44354459e+00
 2.51715179e+00 3.76594058e+00
 2.88356470e+00 4.15534625e+00
 3.35747120e+00 4.63317982e+00
 3.95588056e+00 5.22957090e+00
 4.85769964e+00 5.98590500e+00
 6.25419947e+00 6.95159194e+00
 8.60779769e+00 8.14182627e+00
 1.29093422e+01 9.25460207e+00
 2.14253017e+01 7.86351495e+00
 3.06285285e+01 -6.66552373e+00
 1.64927798e+01 -2.25267551e+01
 4.20701838e+00 -1.87040211e+01
 3.35283411e-01 -1.36501497e+01
 -8.93546186e-01 -1.03827293e+01
 -1.29606986e+00 -8.27972046e+00
 -1.33355390e+00 -6.85109940e+00
 -1.25205532e+00 -5.82922795e+00
 -1.17192584e+00 -5.06672669e+00
 -1.17568982e+00 -4.47813693e+00
 -1.16565944e+00 -4.01119518e+00
 -1.04488384e+00 -3.63239279e+00
 -1.02751104e+00 -3.31935805e+00
 -9.36905415e-01 -3.05663029e+00
 -8.97754540e-01 -2.83320493e+00
 -7.30819223e-01 -2.64104767e+00
 -7.80574082e-01 -2.47416208e+00
 -7.07123831e-01 -2.32798572e+00
 -5.98499740e-01 -2.19898788e+00
 -6.38583041e-01 -2.08439498e+00
 -5.42221146e-01 -1.98199884e+00
 -6.53697610e-01 -1.89002023e+00
 -5.29039875e-01 -1.80700997e+00
 -5.38990008e-01 -1.73177611e+00
 -4.98886317e-01 -1.66332952e+00
 -4.34636716e-01 -1.60084274e+00
 -4.25517727e-01 -1.54361833e+00
 -4.34224218e-01 -1.49106452e+00
 -4.45168340e-01 -1.44267596e+00
 -4.61675473e-01 -1.39801865e+00
 -3.14038176e-01 -1.35671788e+00
 -3.58226630e-01 -1.31844846e+00
 -3.26245511e-01 -1.28292698e+00
 -3.87761069e-01 -1.24990528e+00
 -3.28514687e-01 -1.21916532e+00
 -2.99257508e-01 -1.19051471e+00
 -3.32341196e-01 -1.16378322e+00
 -3.54617037e-01 -1.13881967e+00
 -2.77797853e-01 -1.11548946e+00
 -3.23973363e-01 -1.09367241e+00
 -3.54953659e-01 -1.07326095e+00
 -3.08952269e-01 -1.05415859e+00
 -2.96193729e-01 -1.03627860e+00
 -3.68762194e-01 -1.01954289e+00
 -2.64550252e-01 -1.00388103e+00
 -3.28455822e-01 -9.89229405e-01
 -2.80530910e-01 -9.75530513e-01
 -2.76570026e-01 -9.62732318e-01
 -2.57703759e-01 -9.50787711e-01
 -2.42419366e-01 -9.39654025e-01
 -2.10039688e-01 -9.29292628e-01
 -1.67646488e-01 -9.19668548e-01
 -1.91289731e-01 -9.10750163e-01
 -1.86346099e-01 -9.02508912e-01
 -1.86191236e-01 -8.94919059e-01
 -1.44822799e-01 -8.87957470e-01
 -2.22125645e-01 -8.81603433e-01
 -1.40802218e-01 -8.75838487e-01
 -1.40973634e-01 -8.70646287e-01
 -1.43634555e-01 -8.66012474e-01
 -1.35157945e-01 -8.61924574e-01
 -1.69298945e-01 -8.58371910e-01
 -1.64862812e-01 -8.55345522e-01
 -5.82894334e-02 -8.52838109e-01
 -1.46660741e-01 -8.50843983e-01
 -2.09729743e-01 -8.49359030e-01
 -1.77688052e-01 -8.48380689e-01
 -4.95324659e-02 -8.47907936e-01
 -2.05476917e-01 -8.47941286e-01
 -8.93706717e-02 -8.48482805e-01
 -6.25027762e-03 -8.49536129e-01
 -1.71556358e-01 -8.51106499e-01
 -8.77660574e-02 -8.53200811e-01
 -2.71536920e-02 -8.55827673e-01
 -7.14581447e-02 -8.58997483e-01
 -7.33325900e-02 -8.62722513e-01
 -1.76900317e-01 -8.67017023e-01
 -1.44752062e-01 -8.71897383e-01
 -1.44298695e-01 -8.77382218e-01
 -1.98465700e-02 -8.83492578e-01
 -1.30608102e-01 -8.90252135e-01
 -1.57668237e-01 -8.97687402e-01
 -4.50005802e-02 -9.05827998e-01
 -1.03374578e-01 -9.14706936e-01
 -1.72997411e-01 -9.24360968e-01
 -6.37502875e-02 -9.34830976e-01
 -5.25188233e-02 -9.46162416e-01
 -1.00465041e-01 -9.58405843e-01
 -1.17942750e-01 -9.71617508e-01
 -1.31558030e-01 -9.85860047e-01
 -9.41780730e-02 -1.00120330e+00
 -2.65692033e-02 -1.01772522e+00
 -1.20987430e-01 -1.03551301e+00
 -8.58215279e-02 -1.05466437e+00
 -4.54633503e-02 -1.07528906e+00
 -7.97546168e-03 -1.09751063e+00
 -5.44122308e-02 -1.12146858e+00
 -1.06294238e-01 -1.14732092e+00
 1.25774644e-02 -1.17524718e+00
 -1.09551491e-01 -1.20545210e+00
 -3.78013000e-02 -1.23817007e+00
 -7.27568075e-02 -1.27367061e+00
 -1.21938512e-01 -1.31226502e+00
 -5.67875976e-02 -1.35431469e+00
 -2.85504868e-03 -1.40024140e+00
 -5.35228478e-03 -1.45054034e+00
 -6.32429051e-02 -1.50579656e+00
 2.02066295e-02 -1.56670613e+00
 -1.17894378e-02 -1.63410345e+00
 -6.34531980e-02 -1.70899705e+00
 -8.11875355e-02 -1.79261705e+00
 -2.66128383e-02 -1.88647883e+00
 8.47735909e-03 -1.99246987e+00
 -7.06679713e-02 -2.11297001e+00
 -2.19572104e-02 -2.25102084e+00
 -6.33396866e-02 -2.41056925e+00
 -6.25226706e-02 -2.59682479e+00
 -5.85163827e-02 -2.81679692e+00
 -7.99386048e-02 -3.08012338e+00
 -1.04307645e-01 -3.40038383e+00
 -1.91165829e-01 -3.79724396e+00
 -3.75592185e-01 -4.30005222e+00
 -5.33712997e-01 -4.95398007e+00
 -9.02222449e-01 -5.83030842e+00
 -1.51411658e+00 -7.04084734e+00
 -2.82466205e+00 -8.73500421e+00
 -5.90937320e+00 -1.08787092e+01
 -1.28022307e+01 -1.14322139e+01
 -1.99958465e+01 -2.67432353e+00
 -1.48788621e+01 6.99343051e+00
 -8.44854011e+00 8.11181733e+00
 -5.18445064e+00 7.01926667e+00
 -3.54776814e+00 5.88413339e+00
 -2.57349620e+00 4.98452321e+00
 -2.10758523e+00 4.29394883e+00
 -1.75364551e+00 3.75833831e+00
 -1.35415638e+00 3.33496371e+00
 -1.23555665e+00 2.99374955e+00
 -1.08152451e+00 2.71383948e+00
 -9.20320774e-01 2.48060879e+00
 -8.37721327e-01 2.28361065e+00
 -8.12031327e-01 2.11523195e+00
 -7.58226653e-01 1.96981633e+00
 -7.59139974e-01 1.84308509e+00
 -6.41851387e-01 1.73174809e+00
 -5.82579173e-01 1.63323740e+00
 -5.94055717e-01 1.54552153e+00
 -5.78351804e-01 1.46697366e+00
 -5.55805101e-01 1.39627642e+00
 -4.96839133e-01 1.33235226e+00
 -5.27048607e-01 1.27431161e+00
 -4.35019055e-01 1.22141386e+00
 -4.64342229e-01 1.17303765e+00
 -4.11323258e-01 1.12865794e+00
 -4.78964456e-01 1.08782816e+00
 -4.87830253e-01 1.05016617e+00
 -4.14188460e-01 1.01534313e+00
 -3.71051301e-01 9.83074581e-01
 -3.99098814e-01 9.53113284e-01
 -4.76762454e-01 9.25243353e-01
 -3.57852506e-01 8.99275505e-01
 -3.02307854e-01 8.75043127e-01
 -3.07826696e-01 8.52399026e-01
 -4.06747137e-01 8.31212726e-01
 -4.13483191e-01 8.11368200e-01
 -3.37960055e-01 7.92761966e-01
 -4.33028732e-01 7.75301480e-01
 -3.70370586e-01 7.58903765e-01
 -3.17715691e-01 7.43494253e-01
 -3.13689817e-01 7.29005785e-01
 -4.51626004e-01 7.15377753e-01
 -4.39267954e-01 7.02555370e-01
 -3.61906811e-01 6.90489027e-01
 -3.59847820e-01 6.79133741e-01
 -3.66317112e-01 6.68448677e-01
 -3.57549014e-01 6.58396728e-01
 -4.30317264e-01 6.48944147e-01
 -4.21931190e-01 6.40060230e-01
 -4.64796075e-01 6.31717034e-01
 -4.54689128e-01 6.23889129e-01
 -3.39189896e-01 6.16553382e-01
 -3.74992071e-01 6.09688765e-01
 -4.12467424e-01 6.03276190e-01
 -3.18352682e-01 5.97298359e-01
 -3.55701185e-01 5.91739634e-01
 -3.78124051e-01 5.86585924e-01
 -4.38108443e-01 5.81824588e-01
 -3.31215173e-01 5.77444342e-01
 -4.57736425e-01 5.73435193e-01
 -3.66653713e-01 5.69788365e-01
 -4.77432774e-01 5.66496256e-01
 -4.10421484e-01 5.63552384e-01
 -4.23137052e-01 5.60951355e-01
 -4.54059477e-01 5.58688835e-01
 -4.37291606e-01 5.56761530e-01
 -3.43107344e-01 5.55167173e-01
 -4.27215125e-01 5.53904523e-01
 -3.99059331e-01 5.52973363e-01
 -3.61645668e-01 5.52374516e-01
 -4.87350443e-01 5.52109864e-01
 -4.07837372e-01 5.52182375e-01
 -3.85385166e-01 5.52596139e-01
 -4.40241486e-01 5.53356420e-01
 -4.05785943e-01 5.54469708e-01
 -4.99062120e-01 5.55943793e-01
 -5.09340825e-01 5.57787842e-01
 -4.88028458e-01 5.60012502e-01
 -4.72977147e-01 5.62630006e-01
 -4.68587395e-01 5.65654307e-01
 -5.48826298e-01 5.69101232e-01
 -5.57181002e-01 5.72988651e-01
 -4.31192588e-01 5.77336687e-01
 -5.76559143e-01 5.82167943e-01
 -4.87316146e-01 5.87507781e-01
 -5.76928036e-01 5.93384631e-01
 -5.74117514e-01 5.99830360e-01
 -4.89324113e-01 6.06880694e-01
 -5.82772029e-01 6.14575718e-01
 -5.96069441e-01 6.22960453e-01
 -6.18991629e-01 6.32085542e-01
 -7.40397404e-01 6.42008054e-01
 -6.14795162e-01 6.52792432e-01
 -6.36603917e-01 6.64511630e-01
 -6.46094233e-01 6.77248461e-01
 -7.02412888e-01 6.91097220e-01
 -8.02359641e-01 7.06165638e-01
 -7.53378523e-01 7.22577262e-01
 -7.07146528e-01 7.40474347e-01
 -8.21302784e-01 7.60021423e-01
 -9.14833420e-01 7.81409700e-01
 -8.75642859e-01 8.04862563e-01
 -9.68373862e-01 8.30642480e-01
 -9.64720311e-01 8.59059760e-01
 -8.96092431e-01 8.90483750e-01
 -1.08321512e+00 9.25357330e-01
 -1.02027896e+00 9.64215833e-01
 -1.15967376e+00 1.00771208e+00
 -1.20212122e+00 1.05664991e+00
 -1.35153815e+00 1.11202977e+00
 -1.51185620e+00 1.17511158e+00
 -1.44536922e+00 1.24750308e+00
 -1.50639183e+00 1.33128616e+00
 -1.73770635e+00 1.42920155e+00
 -1.64808235e+00 1.54492518e+00
 -1.88684465e+00 1.68349279e+00
 -2.16666484e+00 1.85197211e+00
 -2.28222265e+00 2.06056348e+00
 -2.54991097e+00 2.32447264e+00
 -2.77973027e+00 2.66723835e+00
 -3.07330149e+00 3.12694002e+00
 -3.42945861e+00 3.76840071e+00
 -3.89571816e+00 4.70839878e+00
 -4.38127814e+00 6.16888608e+00
 -4.50556406e+00 8.57534721e+00
 -3.12074054e+00 1.25343711e+01
 2.63513888e+00 1.67749222e+01
 1.18353068e+01 1.31837915e+01
 1.29832605e+01 5.15641438e+00
 1.04379157e+01 1.19168277e+00
 8.00938867e+00 -2.63041521e-01
 6.41603885e+00 -7.86730581e-01
 5.34007374e+00 -9.64181640e-01
 4.49423898e+00 -1.00432758e+00
 3.95553145e+00 -9.87740754e-01
 3.50599653e+00 -9.47968944e-01
 3.20678549e+00 -8.99795244e-01
 2.78929110e+00 -8.49944018e-01
 2.62715503e+00 -8.01474863e-01
 2.40485844e+00 -7.55711229e-01
 2.22890497e+00 -7.13134007e-01
 2.13481416e+00 -6.73813381e-01
 1.90682721e+00 -6.37624057e-01
 1.82966547e+00 -6.04354634e-01
 1.83445833e+00 -5.73763536e-01
 1.69051497e+00 -5.45607285e-01
 1.61736371e+00 -5.19654237e-01
 1.55361151e+00 -4.95690616e-01
 1.47154785e+00 -4.73522488e-01
 1.44056625e+00 -4.52975638e-01
 1.24179864e+00 -4.33894430e-01
 1.30081794e+00 -4.16140217e-01
 1.28252555e+00 -3.99589627e-01
 1.24616698e+00 -3.84132878e-01
 1.15006503e+00 -3.69672209e-01
 1.20016078e+00 -3.56120457e-01
 1.25543264e+00 -3.43399780e-01
 1.05540679e+00 -3.31440539e-01
 1.05073484e+00 -3.20180311e-01
 1.07443193e+00 -3.09563033e-01
 9.92759300e-01 -2.99538245e-01
 9.86479380e-01 -2.90060440e-01
 1.10576487e+00 -2.81088497e-01
 9.06056783e-01 -2.72585177e-01
 1.02021270e+00 -2.64516695e-01
 1.00766354e+00 -2.56852342e-01
 9.25281831e-01 -2.49564147e-01
 9.69456931e-01 -2.42626593e-01
 9.85175527e-01 -2.36016355e-01
 7.83809378e-01 -2.29712080e-01
 9.56223071e-01 -2.23694189e-01
 8.21002866e-01 -2.17944698e-01
 8.93108502e-01 -2.12447064e-01
 9.60373174e-01 -2.07186051e-01
 9.74759840e-01 -2.02147605e-01
 8.81802673e-01 -1.97318745e-01
 8.84868601e-01 -1.92687469e-01
 7.82239901e-01 -1.88242665e-01
 8.72855640e-01 -1.83974037e-01
 8.63457860e-01 -1.79872033e-01
 8.82631488e-01 -1.75927786e-01
 8.78771013e-01 -1.72133056e-01
 9.22127136e-01 -1.68480184e-01
 8.84701557e-01 -1.64962046e-01
 7.91747213e-01 -1.61572010e-01
 7.77034013e-01 -1.58303909e-01
 8.14132347e-01 -1.55151998e-01
 8.33635295e-01 -1.52110938e-01
 8.45719649e-01 -1.49175759e-01
 7.79844592e-01 -1.46341847e-01
 8.34347466e-01 -1.43604920e-01
 9.02720201e-01 -1.40961012e-01
 9.14157083e-01 -1.38406459e-01
 9.00570499e-01 -1.35937887e-01
 9.36226958e-01 -1.33552201e-01
 8.93614193e-01 -1.31246581e-01
 8.05041717e-01 -1.29018473e-01
 8.48681428e-01 -1.26865587e-01
 8.78902633e-01 -1.24785898e-01
 8.79006922e-01 -1.22777650e-01
 9.52196824e-01 -1.20839355e-01
 8.94028129e-01 -1.18969808e-01
 8.77226667e-01 -1.17168093e-01
 9.35422667e-01 -1.15433601e-01
 9.68832892e-01 -1.13766051e-01
 9.63223671e-01 -1.12165508e-01
 9.02329913e-01 -1.10632419e-01
 1.00853587e+00 -1.09167644e-01
 9.67928524e-01 -1.07772505e-01
 1.09437243e+00 -1.06448833e-01
 1.00702829e+00 -1.05199032e-01
 1.02631639e+00 -1.04026156e-01
 1.12577871e+00 -1.02933995e-01
 1.06857138e+00 -1.01927187e-01
 1.15174243e+00 -1.01011342e-01
 1.13602392e+00 -1.00193201e-01
 1.17713298e+00 -9.94808170e-02
 1.16443731e+00 -9.88837862e-02
 1.17330887e+00 -9.84135169e-02
 1.21255349e+00 -9.80835631e-02
 1.21883402e+00 -9.79100310e-02
 1.26436330e+00 -9.79120771e-02
 1.22157550e+00 -9.81125242e-02
 1.30673139e+00 -9.85386247e-02
 1.37503691e+00 -9.92230133e-02
 1.42106823e+00 -1.00204903e-01
 1.45436227e+00 -1.01531598e-01
 1.52844138e+00 -1.03260414e-01
 1.58011427e+00 -1.05461148e-01
 1.65584308e+00 -1.08219267e-01
 1.65731116e+00 -1.11640065e-01
 1.75877970e+00 -1.15854139e-01
 1.84657025e+00 -1.21024670e-01
 1.87680292e+00 -1.27357207e-01
 1.99145196e+00 -1.35112995e-01
 2.11839722e+00 -1.44627322e-01
 2.29539976e+00 -1.56335191e-01
 2.41714273e+00 -1.70807751e-01
 2.40555619e+00 -1.88804916e-01
 2.60817682e+00 -2.11352800e-01
 2.86766300e+00 -2.39860050e-01
 2.98990691e+00 -2.76296759e-01
 3.27885920e+00 -3.23476840e-01
 3.56050167e+00 -3.85516955e-01
 3.93229265e+00 -4.68607540e-01
 4.25704309e+00 -5.82357961e-01
 4.88082268e+00 -7.42246735e-01
 5.31133291e+00 -9.74310174e-01
 6.06063495e+00 -1.32463125e+00
 7.03666324e+00 -1.87977109e+00
 8.36322369e+00 -2.81360945e+00
 9.95548869e+00 -4.49926061e+00
 1.16433703e+01 -7.75533989e+00
 1.20543296e+01 -1.39744720e+01
 5.86142047e+00 -2.17109979e+01
 -5.69815807e+00 -2.06491220e+01
 -1.02376753e+01 -1.33690152e+01
 -9.99159478e+00 -8.22735288e+00
 -8.65662979e+00 -5.39589170e+00
 -7.45135162e+00 -3.80059436e+00
 -6.57228903e+00 -2.83916591e+00
 -5.68902086e+00 -2.22104082e+00
 -5.12552932e+00 -1.80147101e+00
 -4.60631078e+00 -1.50376429e+00
 -4.09658665e+00 -1.28472782e+00
 -3.79577471e+00 -1.11868201e+00
 -3.55662240e+00 -9.89630642e-01
 -3.21483240e+00 -8.87203222e-01
 -3.07583058e+00 -8.04441689e-01
 -2.90011332e+00 -7.36536944e-01
 -2.70020944e+00 -6.80078213e-01
 -2.49215298e+00 -6.32591094e-01
 -2.48233130e+00 -5.92244298e-01
 -2.36757193e+00 -5.57658258e-01
 -2.27976178e+00 -5.27777131e-01
 -2.17848048e+00 -5.01781274e-01
 -2.09173807e+00 -4.79026203e-01
 -1.98276425e+00 -4.58999247e-01
 -1.89657128e+00 -4.41288268e-01
 -1.86583300e+00 -4.25558744e-01
 -1.72746497e+00 -4.11536750e-01
 -1.67842017e+00 -3.98996167e-01
 -1.69068620e+00 -3.87748945e-01
 -1.65979868e+00 -3.77637625e-01
 -1.51482465e+00 -3.68529527e-01
 -1.47165408e+00 -3.60312203e-01
 -1.44329375e+00 -3.52889837e-01
 -1.44248605e+00 -3.46180384e-01
 -1.38456176e+00 -3.40113267e-01
 -1.44247433e+00 -3.34627524e-01
 -1.38243899e+00 -3.29670297e-01
 -1.36968084e+00 -3.25195591e-01
 -1.37666431e+00 -3.21163264e-01
 -1.37403889e+00 -3.17538181e-01
 -1.28810747e+00 -3.14289514e-01
 -1.19416072e+00 -3.11390159e-01
 -1.22508247e+00 -3.08816244e-01
 -1.24849361e+00 -3.06546717e-01
 -1.16599298e+00 -3.04562993e-01
 -1.28246226e+00 -3.02848663e-01
 -1.24945675e+00 -3.01389236e-01
 -1.21836916e+00 -3.00171925e-01
 -1.20020605e+00 -2.99185462e-01
 -1.18319321e+00 -2.98419943e-01
 -1.22339426e+00 -2.97866686e-01
 -1.14889692e+00 -2.97518118e-01
 -1.19811473e+00 -2.97367676e-01
 -1.16094033e+00 -2.97409714e-01
 -1.19839810e+00 -2.97639435e-01
 -1.13585869e+00 -2.98052825e-01
 -1.18288844e+00 -2.98646596e-01
 -1.13790548e+00 -2.99418145e-01
 -1.12462138e+00 -3.00365509e-01
 -1.13033662e+00 -3.01487336e-01
 -1.07635051e+00 -3.02782858e-01
 -1.14126292e+00 -3.04251868e-01
 -1.08098523e+00 -3.05894705e-01
 -1.06985766e+00 -3.07712239e-01
 -1.17381002e+00 -3.09705867e-01
 -1.07543919e+00 -3.11877507e-01
 -1.18149060e+00 -3.14229598e-01
 -1.14736140e+00 -3.16765101e-01
 -1.17117058e+00 -3.19487512e-01
 -1.07632512e+00 -3.22400870e-01
 -1.07330358e+00 -3.25509770e-01
 -1.21922220e+00 -3.28819383e-01
 -1.19868310e+00 -3.32335479e-01
 -1.21923612e+00 -3.36064454e-01
 -1.16151302e+00 -3.40013357e-01
 -1.14992796e+00 -3.44189932e-01
 -1.21304089e+00 -3.48602650e-01
 -1.25491661e+00 -3.53260761e-01
 -1.15804359e+00 -3.58174342e-01
 -1.27245279e+00 -3.63354357e-01
 -1.32802753e+00 -3.68812716e-01
 -1.35330630e+00 -3.74562352e-01
 -1.24234527e+00 -3.80617297e-01
 -1.28757571e+00 -3.86992772e-01
 -1.21694980e+00 -3.93705285e-01
 -1.38542149e+00 -4.00772739e-01
 -1.30200182e+00 -4.08214552e-01
 -1.39812940e+00 -4.16051794e-01
 -1.31308637e+00 -4.24307329e-01
 -1.33838646e+00 -4.33005983e-01
 -1.45033983e+00 -4.42174723e-01
 -1.47129651e+00 -4.51842850e-01
 -1.49418706e+00 -4.62042223e-01
 -1.49655854e+00 -4.72807486e-01
 -1.57982287e+00 -4.84176331e-01
 -1.53215705e+00 -4.96189771e-01
 -1.62840639e+00 -5.08892430e-01
 -1.67961731e+00 -5.22332851e-01
 -1.74259516e+00 -5.36563801e-01
 -1.80071141e+00 -5.51642578e-01
 -1.83256620e+00 -5.67631282e-01
 -1.90582052e+00 -5.84597028e-01
 -1.88520582e+00 -6.02612050e-01
 -2.06124240e+00 -6.21753614e-01
 -2.13331364e+00 -6.42103628e-01
 -2.30202076e+00 -6.63747765e-01
 -2.19812731e+00 -6.86773811e-01
 -2.40251241e+00 -7.11268815e-01
 -2.39200237e+00 -7.37314345e-01
 -2.59811442e+00 -7.64978762e-01
 -2.69098471e+00 -7.94304789e-01
 -2.93913856e+00 -8.25289518e-01
 -3.15066959e+00 -8.57852167e-01
 -3.22201780e+00 -8.91781656e-01
 -3.58061851e+00 -9.26650279e-01
 -3.90886552e+00 -9.61669174e-01
 -4.10499693e+00 -9.95441307e-01
 -4.43035290e+00 -1.02552853e+00
 -4.94020307e+00 -1.04766964e+00
 -5.40322948e+00 -1.05431732e+00
 -6.09073456e+00 -1.03178429e+00
 -6.98873034e+00 -9.54400749e-01
 -8.02291665e+00 -7.71871009e-01
 -9.53118391e+00 -3.80191424e-01
 -1.13659539e+01 4.49312350e-01
 -1.40549096e+01 2.24788450e+00
 -1.70846423e+01 6.23564636e+00
 -1.82118937e+01 1.43086934e+01
 -1.11084085e+01 2.36630865e+01
 8.01612301e-01 2.34680047e+01
 6.47366260e+00 1.73341851e+01
 7.66499587e+00 1.22926276e+01
 7.32713624e+00 9.06230607e+00
 6.68511368e+00 7.00261072e+00
 5.98382980e+00 5.63210107e+00
 5.43240204e+00 4.67657158e+00
 4.96089199e+00 3.98224942e+00
 4.50845541e+00 3.45987161e+00
 4.10811515e+00 3.05531095e+00
 3.83124268e+00 2.73433245e+00
 3.54888551e+00 2.47444470e+00
 3.31197928e+00 2.26036909e+00
 3.12302784e+00 2.08141847e+00
 2.94674686e+00 1.92992330e+00
 2.81729891e+00 1.80025427e+00
 2.60798901e+00 1.68819658e+00
 2.50560598e+00 1.59053835e+00
 2.48287155e+00 1.50479321e+00
 2.41107091e+00 1.42900906e+00
 2.20716026e+00 1.36163376e+00
 2.06408418e+00 1.30141891e+00
 2.04206891e+00 1.24734993e+00
 1.92332932e+00 1.19859444e+00
 1.95751604e+00 1.15446357e+00
 1.90991903e+00 1.11438271e+00
 1.78447304e+00 1.07786903e+00
 1.70741550e+00 1.04451414e+00
 1.73939738e+00 1.01397040e+00
 1.61619235e+00 9.85940242e-01
 1.59284551e+00 9.60167595e-01
 1.57313174e+00 9.36431012e-01
 1.61187009e+00 9.14538126e-01
 1.42636368e+00 8.94321126e-01
 1.46229190e+00 8.75633060e-01
 1.52078382e+00 8.58344775e-01
 1.34931890e+00 8.42342393e-01
 1.41282791e+00 8.27525198e-01
 1.35685199e+00 8.13803871e-01
 1.40115714e+00 8.01099003e-01
 1.23109781e+00 7.89339837e-01
 1.36879847e+00 7.78463203e-01
 1.28993337e+00 7.68412608e-01
 1.35115126e+00 7.59137461e-01
 1.35906290e+00 7.50592401e-01
 1.39777329e+00 7.42736731e-01
 1.07733910e+00 7.35533916e-01
 1.16080819e+00 7.28951159e-01
 1.27853928e+00 7.22959030e-01
 1.21184037e+00 7.17531138e-01
 1.12632326e+00 7.12643861e-01
 1.21617296e+00 7.08276093e-01
 1.17505312e+00 7.04409034e-01
 1.07678555e+00 7.01026010e-01
 1.11338456e+00 6.98112307e-01
 1.13461700e+00 6.95655034e-01
 1.10793442e+00 6.93643003e-01
 1.10664600e+00 6.92066622e-01
 1.18579521e+00 6.90917813e-01
 1.11440562e+00 6.90189932e-01
 1.01129289e+00 6.89877707e-01
 1.06858316e+00 6.89977188e-01
 1.14499178e+00 6.90485709e-01
 1.12272528e+00 6.91401854e-01
 1.06040638e+00 6.92725437e-01
 1.12478361e+00 6.94457493e-01
 1.17969703e+00 6.96600272e-01
 9.97470244e-01 6.99157246e-01
 1.13231417e+00 7.02133125e-01
 1.10786416e+00 7.05533882e-01
 1.13061649e+00 7.09366779e-01
 1.15173354e+00 7.13640419e-01
 1.11596256e+00 7.18364791e-01
 1.13530106e+00 7.23551336e-01
 1.19340293e+00 7.29213023e-01
 1.07154384e+00 7.35364431e-01
 1.21708829e+00 7.42021853e-01
 1.16257727e+00 7.49203410e-01
 1.31454613e+00 7.56929181e-01
 1.27524293e+00 7.65221353e-01
 1.19310993e+00 7.74104391e-01
 1.23109682e+00 7.83605229e-01
 1.32439386e+00 7.93753487e-01
 1.28899926e+00 8.04581720e-01
 1.32640613e+00 8.16125697e-01
 1.38610600e+00 8.28424714e-01
 1.31606211e+00 8.41521960e-01
 1.37409991e+00 8.55464919e-01
 1.37136631e+00 8.70305838e-01
 1.41239200e+00 8.86102258e-01
 1.41841956e+00 9.02917614e-01
 1.39475938e+00 9.20821929e-01
 1.48897990e+00 9.39892607e-01
 1.55880963e+00 9.60215335e-01
 1.53783088e+00 9.81885136e-01
 1.62531376e+00 1.00500756e+00
 1.67415909e+00 1.02970009e+00
 1.62498410e+00 1.05609373e+00
 1.74569242e+00 1.08433486e+00
 1.68958157e+00 1.11458740e+00
 1.85781745e+00 1.14703528e+00
 1.90634080e+00 1.18188533e+00
 2.00680806e+00 1.21937061e+00
 2.06549864e+00 1.25975422e+00
 2.03242443e+00 1.30333368e+00
 2.24178699e+00 1.35044583e+00
 2.25428209e+00 1.40147230e+00
 2.35156966e+00 1.45684528e+00
 2.52358420e+00 1.51705338e+00
 2.75850291e+00 1.58264661e+00
 2.90728992e+00 1.65423920e+00
 2.99399652e+00 1.73250721e+00
 3.23889258e+00 1.81817559e+00
 3.52705756e+00 1.91198410e+00
 3.78831514e+00 2.01461217e+00
 4.07002836e+00 2.12652308e+00
 4.42779958e+00 2.24764801e+00
 4.88105188e+00 2.37674477e+00
 5.45876498e+00 2.51007492e+00
 6.11254624e+00 2.63859661e+00
 7.02409859e+00 2.74177067e+00
 8.30645134e+00 2.77322107e+00
 9.97920719e+00 2.62570399e+00
 1.22632999e+01 2.04135232e+00
 1.54267557e+01 3.82061159e-01
 1.92203531e+01 -3.82613199e+00
 2.04474898e+01 -1.24385241e+01
 1.36575159e+01 -2.13308546e+01
 3.15498713e+00 -2.16420603e+01
 -2.26837127e+00 -1.72295519e+01
 -4.22463634e+00 -1.31732924e+01
 -4.63966699e+00 -1.02973284e+01
 -4.51865164e+00 -8.31215435e+00
 -4.36132283e+00 -6.90849179e+00
 -4.03526246e+00 -5.88247345e+00
 -3.72726486e+00 -5.10831947e+00
 -3.46316631e+00 -4.50773062e+00
 -3.18853749e+00 -4.03058584e+00
 -3.01036001e+00 -3.64377316e+00
 -2.78412056e+00 -3.32474209e+00
 -2.73262382e+00 -3.05770167e+00
 -2.48469871e+00 -2.83131486e+00
 -2.34615676e+00 -2.63725918e+00
 -2.22621270e+00 -2.46930300e+00
 -2.16486731e+00 -2.32269709e+00
 -2.03643924e+00 -2.19376438e+00
 -1.88874152e+00 -2.07961727e+00
 -1.94311582e+00 -1.97795897e+00
 -1.70284251e+00 -1.88694141e+00
 -1.66617719e+00 -1.80506190e+00
 -1.65135678e+00 -1.73108685e+00
 -1.58007611e+00 -1.66399474e+00
 -1.54527272e+00 -1.60293284e+00
 -1.50288361e+00 -1.54718413e+00
 -1.41353525e+00 -1.49614155e+00
 -1.34177558e+00 -1.44928798e+00
 -1.45302663e+00 -1.40618034e+00
 -1.37976741e+00 -1.36643695e+00
 -1.30199828e+00 -1.32972743e+00
 -1.37865061e+00 -1.29576444e+00
 -1.19299448e+00 -1.26429707e+00
 -1.22034030e+00 -1.23510529e+00
 -1.17070011e+00 -1.20799550e+00
 -1.17834214e+00 -1.18279673e+00
 -1.15231517e+00 -1.15935757e+00
 -1.23211831e+00 -1.13754351e+00
 -1.13686826e+00 -1.11723475e+00
 -1.09111105e+00 -1.09832433e+00
 -1.09061072e+00 -1.08071659e+00
 -1.01335383e+00 -1.06432573e+00
 -1.06152227e+00 -1.04907475e+00
 -1.04090967e+00 -1.03489439e+00
 -1.01016840e+00 -1.02172231e+00
 -1.00473820e+00 -1.00950232e+00
 -9.80470529e-01 -9.98183804e-01
 -9.92170372e-01 -9.87721073e-01
 -9.83122738e-01 -9.78072954e-01
 -1.06284848e+00 -9.69202339e-01
 -9.39314307e-01 -9.61075823e-01
 -8.71549014e-01 -9.53663381e-01
 -9.22691897e-01 -9.46938089e-01
 -9.33373367e-01 -9.40875882e-01
 -9.40684887e-01 -9.35455334e-01
 -8.44312191e-01 -9.30657477e-01
 -9.04898450e-01 -9.26465639e-01
 -8.44798344e-01 -9.22865304e-01
 -9.04338914e-01 -9.19843990e-01
 -8.03993460e-01 -9.17391153e-01
 -8.87296105e-01 -9.15498095e-01
 -8.35702506e-01 -9.14157901e-01
 -9.03615513e-01 -9.13365375e-01
 -8.03907444e-01 -9.13117006e-01
 -7.99536787e-01 -9.13410931e-01
 -8.27485661e-01 -9.14246922e-01
 -8.34635909e-01 -9.15626377e-01
 -8.75078568e-01 -9.17552330e-01
 -9.18785032e-01 -9.20029467e-01
 -9.08180072e-01 -9.23064153e-01
 -8.68246432e-01 -9.26664483e-01
 -8.48989147e-01 -9.30840330e-01
 -8.95018435e-01 -9.35603419e-01
 -8.86877569e-01 -9.40967412e-01
 -9.34362025e-01 -9.46948005e-01
 -8.07695784e-01 -9.53563049e-01
 -8.53058538e-01 -9.60832685e-01
 -8.62461066e-01 -9.68779503e-01
 -9.17311575e-01 -9.77428722e-01
 -9.19974668e-01 -9.86808398e-01
 -9.26220812e-01 -9.96949660e-01
 -9.66951020e-01 -1.00788698e+00
 -9.02793354e-01 -1.01965849e+00
 -9.07379280e-01 -1.03230630e+00
 -9.48737243e-01 -1.04587695e+00
 -1.09498833e+00 -1.06042182e+00
 -9.85840671e-01 -1.07599769e+00
 -9.36360911e-01 -1.09266730e+00
 -9.98470970e-01 -1.11050007e+00
 -1.04354128e+00 -1.12957286e+00
 -1.01838474e+00 -1.14997094e+00
 -1.01538094e+00 -1.17178895e+00
 -1.09506849e+00 -1.19513219e+00
 -1.13282256e+00 -1.22011804e+00
 -1.17722898e+00 -1.24687757e+00
 -1.09932524e+00 -1.27555751e+00
 -1.15772636e+00 -1.30632250e+00
 -1.16556044e+00 -1.33935782e+00
 -1.23807788e+00 -1.37487248e+00
 -1.20429659e+00 -1.41310305e+00
 -1.39203258e+00 -1.45431812e+00
 -1.38240190e+00 -1.49882366e+00
 -1.46365994e+00 -1.54696947e+00
 -1.41971666e+00 -1.59915695e+00
 -1.52403011e+00 -1.65584853e+00
 -1.62578591e+00 -1.71757902e+00
 -1.67856908e+00 -1.78496953e+00
 -1.83422803e+00 -1.85874429e+00
 -1.85522221e+00 -1.93975122e+00
 -1.98858958e+00 -2.02898664e+00
 -2.13275536e+00 -2.12762502e+00
 -2.16546576e+00 -2.23705361e+00
 -2.30472406e+00 -2.35891139e+00
 -2.55764805e+00 -2.49512876e+00
 -2.74732595e+00 -2.64795877e+00
 -2.99153866e+00 -2.81997727e+00
 -3.25793751e+00 -3.01399909e+00
 -3.70165919e+00 -3.23278641e+00
 -4.20967203e+00 -3.47825557e+00
 -4.80196557e+00 -3.74946403e+00
 -5.63071379e+00 -4.03754935e+00
 -6.70414840e+00 -4.31274788e+00
 -8.36805175e+00 -4.48993493e+00
 -1.05815391e+01 -4.33453888e+00
 -1.36134456e+01 -3.21513168e+00
 -1.75300457e+01 3.40625218e-01
 -1.89804765e+01 7.81358209e+00
 -1.37783777e+01 1.50729192e+01
 -6.33207953e+00 1.61311820e+01
 -1.71308071e+00 1.37683956e+01
 3.27946971e-01 1.11904987e+01
 1.24098045e+00 9.16189163e+00
 1.62607736e+00 7.65329817e+00
 1.79784965e+00 6.52612083e+00
 1.71585632e+00 5.66678092e+00
 1.71309449e+00 4.99661903e+00
 1.58671821e+00 4.46272113e+00
 1.57607687e+00 4.02921930e+00
 1.54792192e+00 3.67133637e+00
 1.37521968e+00 3.37157935e+00
 1.36666113e+00 3.11732799e+00
 1.32059000e+00 2.89929064e+00
 1.16203471e+00 2.71049754e+00
 1.16572817e+00 2.54563109e+00
 1.17749532e+00 2.40057145e+00
 1.16144856e+00 2.27208198e+00
 1.09126512e+00 2.15758765e+00
 9.54020983e-01 2.05501616e+00
 9.15293730e-01 1.96268233e+00
 9.58473357e-01 1.87920267e+00
 9.40968761e-01 1.80343140e+00
 7.90173972e-01 1.73441203e+00
 8.71821298e-01 1.67134016e+00
 7.97274078e-01 1.61353471e+00
 8.06792371e-01 1.56041540e+00
 7.35621379e-01 1.51148495e+00
 7.49403597e-01 1.46631489e+00
 7.50988892e-01 1.42453426e+00
 7.28984476e-01 1.38582032e+00
 6.67431863e-01 1.34989115e+00
 6.45122733e-01 1.31649943e+00
 5.70067022e-01 1.28542746e+00
 6.03891977e-01 1.25648287e+00
 5.95074436e-01 1.22949520e+00
 6.09035622e-01 1.20431291e+00
 5.62726042e-01 1.18080093e+00
 6.31820511e-01 1.15883859e+00
 5.70139157e-01 1.13831778e+00
 5.29537207e-01 1.11914151e+00
 6.02606606e-01 1.10122255e+00
 4.19161152e-01 1.08448235e+00
 5.68956982e-01 1.06885009e+00
 5.77800892e-01 1.05426180e+00
 4.98491857e-01 1.04065969e+00
 4.96270062e-01 1.02799150e+00
 3.92315509e-01 1.01620998e+00
 4.92296107e-01 1.00527235e+00
 4.86243250e-01 9.95139986e-01
 5.41922848e-01 9.85777961e-01
 4.42277223e-01 9.77154783e-01
 4.85088353e-01 9.69242100e-01
 5.05220298e-01 9.62014456e-01
 4.75083755e-01 9.55449077e-01
 4.55287402e-01 9.49525690e-01
 4.68139730e-01 9.44226356e-01
 3.44909420e-01 9.39535334e-01
 3.84584591e-01 9.35438958e-01
 4.57740897e-01 9.31925535e-01
 4.34414316e-01 9.28985263e-01
 3.16673838e-01 9.26610155e-01
 3.92768045e-01 9.24793984e-01
 3.94885904e-01 9.23532244e-01
 4.22102488e-01 9.22822114e-01
 3.44566092e-01 9.22662446e-01
 3.04056026e-01 9.23053757e-01
 3.41054433e-01 9.23998238e-01
 3.80409327e-01 9.25499770e-01
 3.81707325e-01 9.27563962e-01
 4.22721779e-01 9.30198192e-01
 5.28566898e-01 9.33411668e-01
 3.12785916e-01 9.37215504e-01
 2.84214538e-01 9.41622806e-01
 3.40419512e-01 9.46648781e-01
 3.26272280e-01 9.52310866e-01
 3.77098191e-01 9.58628869e-01
 4.20409348e-01 9.65625142e-01
 3.60789673e-01 9.73324775e-01
 3.66613782e-01 9.81755822e-01
 3.67082203e-01 9.90949557e-01
 4.35569905e-01 1.00094077e+00
 4.41695861e-01 1.01176810e+00
 3.87603599e-01 1.02347442e+00
 4.04681192e-01 1.03610730e+00
 4.16775252e-01 1.04971949e+00
 4.75386748e-01 1.06436951e+00
 3.86346885e-01 1.08012234e+00
 3.63593702e-01 1.09705018e+00
 4.13528221e-01 1.11523338e+00
 4.81157799e-01 1.13476143e+00
 3.49408119e-01 1.15573426e+00
 4.05383051e-01 1.17826361e+00
 5.02535715e-01 1.20247470e+00
 6.20577571e-01 1.22850827e+00
 3.33508962e-01 1.25652282e+00
 4.43405938e-01 1.28669747e+00
 5.29415579e-01 1.31923521e+00
 5.06846131e-01 1.35436687e+00
 4.89343532e-01 1.39235597e+00
 4.89962720e-01 1.43350442e+00
 5.56955654e-01 1.47815968e+00
 5.45867064e-01 1.52672337e+00
 6.11468282e-01 1.57966204e+00
 6.82875191e-01 1.63752040e+00
 7.04878234e-01 1.70093803e+00
 6.14998154e-01 1.77067035e+00
 7.53896069e-01 1.84761529e+00
 7.18891387e-01 1.93284735e+00
 7.35971836e-01 2.02766165e+00
 8.14315919e-01 2.13363100e+00
 8.39116782e-01 2.25268058e+00
 9.59360421e-01 2.38718598e+00
 1.13598905e+00 2.54010214e+00
 1.14987089e+00 2.71513225e+00
 1.21429258e+00 2.91694506e+00
 1.40825923e+00 3.15144238e+00
 1.62554535e+00 3.42605143e+00
 1.89299784e+00 3.74992975e+00
 2.32983847e+00 4.13370636e+00
 2.76540623e+00 4.58757819e+00
 3.47932308e+00 5.11407669e+00
 4.68588343e+00 5.68384321e+00
 6.38112885e+00 6.15785907e+00
 9.02475058e+00 6.05834422e+00
 1.25688679e+01 4.13355109e+00
 1.48541878e+01 -9.32983730e-01
 1.24853257e+01 -6.41089570e+00
 8.26547521e+00 -8.43976601e+00
 5.05637650e+00 -8.09712286e+00
 3.18679992e+00 -7.12453670e+00
 1.96001760e+00 -6.16547053e+00
 1.41104119e+00 -5.35943139e+00
 9.43424189e-01 -4.70662502e+00
 7.45689985e-01 -4.17925489e+00
 5.94518494e-01 -3.74954536e+00
 4.41497612e-01 -3.39522095e+00
 3.12894048e-01 -3.09942668e+00
 2.68411296e-01 -2.84957903e+00
 2.17838137e-01 -2.63625635e+00
 2.01620998e-01 -2.45233832e+00
 1.43576206e-01 -2.29238016e+00
 7.82913188e-02 -2.15216647e+00
 1.00227248e-01 -2.02839348e+00
 1.53118482e-01 -1.91844155e+00
 5.09837240e-02 -1.82021059e+00
 1.39782965e-01 -1.73199976e+00
 8.78492286e-02 -1.65241841e+00
 4.04014035e-02 -1.58031952e+00
 1.67606133e-01 -1.51474931e+00
 1.01340005e-01 -1.45490868e+00
 1.08428811e-01 -1.40012345e+00
 9.34844671e-02 -1.34982116e+00
 5.28524561e-02 -1.30351279e+00
 5.49326276e-02 -1.26077824e+00
 9.67485249e-02 -1.22125479e+00
 6.55022865e-02 -1.18462771e+00
 9.21668848e-02 -1.15062268e+00
 1.24391006e-01 -1.11899962e+00
 5.93762226e-02 -1.08954754e+00
 -3.30770065e-02 -1.06208041e+00
 9.69463463e-02 -1.03643359e+00
 -2.46181206e-02 -1.01246092e+00
 8.66978481e-02 -9.90032282e-01
 1.06057308e-01 -9.69031494e-01
 1.31260887e-01 -9.49354578e-01
 1.20628486e-02 -9.30908245e-01
 2.27243551e-01 -9.13608626e-01
 9.79328320e-02 -8.97380171e-01
 6.08907630e-02 -8.82154706e-01
 9.24906008e-02 -8.67870619e-01
 1.19843041e-01 -8.54472152e-01
 1.58757277e-01 -8.41908794e-01
 7.22485043e-02 -8.30134743e-01
 1.15718409e-01 -8.19108441e-01
 1.50768294e-01 -8.08792171e-01
 8.30578837e-02 -7.99151700e-01
 1.53963197e-01 -7.90155964e-01
 1.04291255e-01 -7.81776797e-01
 7.72318923e-02 -7.73988691e-01
 1.19343450e-01 -7.66768582e-01
 1.16402538e-01 -7.60095667e-01
 1.05284788e-01 -7.53951241e-01
 1.08122519e-01 -7.48318556e-01
 3.85837191e-02 -7.43182695e-01
 1.40824682e-01 -7.38530468e-01
 1.61418872e-01 -7.34350315e-01
 2.05074392e-01 -7.30632233e-01
 1.44208975e-01 -7.27367708e-01
 1.34985459e-01 -7.24549658e-01
 8.17244921e-02 -7.22172396e-01
 1.83588629e-01 -7.20231593e-01
 1.74968454e-01 -7.18724257e-01
 1.87715845e-01 -7.17648723e-01
 1.35539893e-01 -7.17004647e-01
 8.04571216e-02 -7.16793018e-01
 2.06751503e-01 -7.17016172e-01
 6.79666990e-02 -7.17677825e-01
 1.48518212e-01 -7.18783106e-01
 8.67785218e-02 -7.20338615e-01
 2.20152232e-01 -7.22352479e-01
 1.78753074e-01 -7.24834434e-01
 2.00485560e-01 -7.27795916e-01
 6.04573455e-02 -7.31250167e-01
 1.30638098e-01 -7.35212359e-01
 2.14243749e-01 -7.39699745e-01
 2.09228957e-01 -7.44731824e-01
 2.18409330e-01 -7.50330536e-01
 2.23367903e-01 -7.56520486e-01
 2.26444389e-01 -7.63329204e-01
 1.94896017e-01 -7.70787441e-01
 1.95729502e-01 -7.78929509e-01
 2.04722649e-01 -7.87793679e-01
 2.24867819e-01 -7.97422635e-01
 3.04004728e-01 -8.07864006e-01
 2.68528791e-01 -8.19170972e-01
 3.80098776e-01 -8.31402987e-01
 2.69929329e-01 -8.44626605e-01
 2.60424407e-01 -8.58916464e-01
 2.32502517e-01 -8.74356427e-01
 2.97817025e-01 -8.91040946e-01
 3.12674684e-01 -9.09076665e-01
 3.15491646e-01 -9.28584334e-01
 3.90083057e-01 -9.49701108e-01
 4.14513739e-01 -9.72583294e-01
 4.08584080e-01 -9.97409695e-01
 3.70916652e-01 -1.02438566e+00
 3.27836841e-01 -1.05374806e+00
 4.28916213e-01 -1.08577138e+00
 4.63590598e-01 -1.12077538e+00
 4.85632576e-01 -1.15913451e+00
 4.25858009e-01 -1.20128996e+00
 4.84849389e-01 -1.24776486e+00
 5.09844075e-01 -1.29918385e+00
 6.01999307e-01 -1.35629841e+00
 5.86275856e-01 -1.42002013e+00
 6.18410774e-01 -1.49146472e+00
 5.84169459e-01 -1.57201117e+00
 7.72775508e-01 -1.66338221e+00
 6.12691605e-01 -1.76775530e+00
 7.50092759e-01 -1.88791825e+00
 8.12523310e-01 -2.02749083e+00
 8.07425455e-01 -2.19124581e+00
 8.38464789e-01 -2.38558212e+00
 9.22966763e-01 -2.61923370e+00
 9.47398169e-01 -2.90434523e+00
 1.02814478e+00 -3.25811231e+00
 9.28714245e-01 -3.70523880e+00
 9.92314064e-01 -4.28133376e+00
 7.07251614e-01 -5.03623012e+00
 3.88457184e-01 -6.03046192e+00
 -4.56650540e-01 -7.29322740e+00
 -2.31840230e+00 -8.62305079e+00
 -5.67631713e+00 -9.02246089e+00
 -9.20300448e+00 -6.74966944e+00
 -1.02179110e+01 -2.66340240e+00
 -8.86972786e+00 2.70120343e-01
 -7.10356223e+00 1.59397116e+00
 -5.57512047e+00 2.04798231e+00
 -4.54682687e+00 2.13278318e+00
 -3.83378982e+00 2.07306010e+00
 -3.27434670e+00 1.96185009e+00
 -2.82699112e+00 1.83734688e+00
 -2.55890154e+00 1.71505303e+00
 -2.27327346e+00 1.60088862e+00
 -1.96497294e+00 1.49666250e+00
 -1.84306604e+00 1.40243022e+00
 -1.80617127e+00 1.31753741e+00
 -1.64118861e+00 1.24108764e+00
 -1.45641247e+00 1.17215047e+00
 -1.38845528e+00 1.10984967e+00
 -1.26221479e+00 1.05339589e+00
 -1.24878108e+00 1.00209358e+00
 -1.22661110e+00 9.55336739e-01
 -1.14335318e+00 9.12600127e-01
 -1.06841284e+00 8.73429374e-01
 -9.86410492e-01 8.37431333e-01
 -1.02010442e+00 8.04265338e-01
 -9.87044511e-01 7.73635544e-01
 -9.08611318e-01 7.45284350e-01
 -9.32964287e-01 7.18986794e-01
 -8.48130643e-01 6.94545825e-01
 -9.09100737e-01 6.71788300e-01
 -7.92453505e-01 6.50561619e-01
 -8.59776798e-01 6.30730882e-01
 -9.33928905e-01 6.12176485e-01
 -7.85857226e-01 5.94792082e-01
 -6.54123557e-01 5.78482863e-01
 -8.02497709e-01 5.63164075e-01
 -7.53025585e-01 5.48759772e-01
 -8.18637206e-01 5.35201734e-01
 -7.76410324e-01 5.22428547e-01
 -7.06362334e-01 5.10384805e-01
 -7.22967205e-01 4.99020425e-01
 -6.99353124e-01 4.88290048e-01
 -6.31776091e-01 4.78152526e-01
 -6.46349779e-01 4.68570471e-01
 -5.70441339e-01 4.59509860e-01
 -6.52665084e-01 4.50939697e-01
 -7.03808265e-01 4.42831705e-01
 -6.37399032e-01 4.35160067e-01
 -7.06976694e-01 4.27901192e-01
 -7.02401990e-01 4.21033506e-01
 -8.49503042e-01 4.14537279e-01
 -6.43718815e-01 4.08394457e-01
 -6.50286408e-01 4.02588526e-01
 -6.06163005e-01 3.97104382e-01
 -6.32851646e-01 3.91928227e-01
 -5.69102016e-01 3.87047464e-01
 -6.76346659e-01 3.82450616e-01
 -6.91238336e-01 3.78127248e-01
 -5.91109665e-01 3.74067896e-01
 -6.78939664e-01 3.70264017e-01
 -6.34307336e-01 3.66707930e-01
 -7.15071329e-01 3.63392776e-01
 -6.02258772e-01 3.60312479e-01
 -7.46082292e-01 3.57461717e-01
 -6.82139509e-01 3.54835894e-01
 -6.16746612e-01 3.52431119e-01
 -5.51405849e-01 3.50244196e-01
 -7.80357595e-01 3.48272610e-01
 -6.66905239e-01 3.46514523e-01
 -7.53990033e-01 3.44968779e-01
 -7.32017199e-01 3.43634905e-01
 -5.63666717e-01 3.42513128e-01
 -6.59083974e-01 3.41604387e-01
 -6.78613487e-01 3.40910364e-01
 -6.91272035e-01 3.40433509e-01
 -7.57351012e-01 3.40177081e-01
 -7.02424400e-01 3.40145193e-01
 -7.20794672e-01 3.40342871e-01
 -6.74036785e-01 3.40776113e-01
 -8.21776553e-01 3.41451971e-01
 -7.08959537e-01 3.42378640e-01
 -8.37628718e-01 3.43565560e-01
 -8.22325782e-01 3.45023541e-01
 -8.42115465e-01 3.46764905e-01
 -7.91699471e-01 3.48803646e-01
 -8.44597528e-01 3.51155627e-01
 -8.32623577e-01 3.53838801e-01
 -8.27702414e-01 3.56873472e-01
 -8.83398847e-01 3.60282601e-01
 -8.23641165e-01 3.64092160e-01
 -8.82643200e-01 3.68331558e-01
 -1.00088408e+00 3.73034137e-01
 -1.02422970e+00 3.78237756e-01
 -9.73419845e-01 3.83985499e-01
 -1.03981344e+00 3.90326504e-01
 -1.02719789e+00 3.97316971e-01
 -1.02226491e+00 4.05021372e-01
 -1.09665594e+00 4.13513917e-01
 -1.16425380e+00 4.22880338e-01
 -1.26058488e+00 4.33220087e-01
 -1.19921520e+00 4.44649034e-01
 -1.20958578e+00 4.57302826e-01
 -1.29039439e+00 4.71341084e-01
 -1.22657462e+00 4.86952699e-01
 -1.42643920e+00 5.04362549e-01
 -1.45668401e+00 5.23840125e-01
 -1.43137067e+00 5.45710673e-01
 -1.48490523e+00 5.70369773e-01
 -1.65029038e+00 5.98302582e-01
 -1.65296858e+00 6.30109566e-01
 -1.75034456e+00 6.66541326e-01
 -1.85918012e+00 7.08546385e-01
 -1.92616702e+00 7.57337753e-01
 -2.15803494e+00 8.14487155e-01
 -2.22601052e+00 8.82060797e-01
 -2.43094378e+00 9.62818801e-01
 -2.52868433e+00 1.06051442e+00
 -2.70317722e+00 1.18035342e+00
 -2.92006563e+00 1.32971714e+00
 -3.15211835e+00 1.51933165e+00
 -3.55396891e+00 1.76521214e+00
 -3.80734956e+00 2.09198761e+00
 -4.27218185e+00 2.53872328e+00
 -4.64414832e+00 3.16921656e+00
 -5.23884397e+00 4.08961114e+00
 -5.63667976e+00 5.47330021e+00
 -5.70278782e+00 7.56373342e+00
 -4.83124519e+00 1.04744029e+01
 -1.62384070e+00 1.32868405e+01
 3.60921052e+00 1.33822070e+01
 7.03600706e+00 1.02677669e+01
 7.92101450e+00 6.79384126e+00
 7.41044455e+00 4.37721187e+00
 6.65977263e+00 2.89111235e+00
 5.83994948e+00 1.98211506e+00
 5.19958322e+00 1.40928550e+00
 4.66284716e+00 1.03473795e+00
 4.18754135e+00 7.81078955e-01
 3.78496111e+00 6.03873049e-01
 3.45782435e+00 4.76724721e-01
 3.21290393e+00 3.83390419e-01
 2.93411936e+00 3.13535695e-01
 2.70429123e+00 2.60383807e-01
 2.51293978e+00 2.19369055e-01
 2.55154139e+00 1.87340314e-01
 2.21343376e+00 1.62075544e-01
 2.21224059e+00 1.41977535e-01
 2.04898688e+00 1.25878350e-01
 1.98501482e+00 1.12910696e-01
 1.97346858e+00 1.02421540e-01
 1.94297099e+00 9.39129769e-02
 1.80242053e+00 8.70010412e-02
 1.73763238e+00 8.13865590e-02
 1.66291817e+00 7.68342209e-02
 1.59474760e+00 7.31573527e-02
 1.57737372e+00 7.02066958e-02
 1.49687914e+00 6.78620476e-02
 1.49166609e+00 6.60259660e-02
 1.38457641e+00 6.46189832e-02
 1.44862372e+00 6.35759322e-02
 1.36883428e+00 6.28431044e-02
 1.39330919e+00 6.23760332e-02
 1.33000508e+00 6.21377512e-02
 1.19799894e+00 6.20974126e-02
 1.36656073e+00 6.22291955e-02
 1.27890541e+00 6.25114222e-02
 1.08401019e+00 6.29258511e-02
 1.21506442e+00 6.34571027e-02
 1.16571359e+00 6.40921922e-02
 1.06298850e+00 6.48201471e-02
 1.13500600e+00 6.56316937e-02
 1.10261203e+00 6.65189973e-02
 1.16379435e+00 6.74754479e-02
 1.10057732e+00 6.84954819e-02
 1.04984704e+00 6.95744330e-02
 1.03171479e+00 7.07084079e-02
 1.10423898e+00 7.18941819e-02
 1.04563558e+00 7.31291109e-02
 1.07210304e+00 7.44110573e-02
 1.08270223e+00 7.57383276e-02
 9.90770345e-01 7.71096193e-02
 9.58820671e-01 7.85239763e-02
 1.01896580e+00 7.99807506e-02
 9.62459470e-01 8.14795700e-02
 1.02843884e+00 8.30203111e-02
 1.02288190e+00 8.46030758e-02
 1.02413677e+00 8.62281719e-02
 1.00345437e+00 8.78960959e-02
 1.10000710e+00 8.96075200e-02
 1.06831702e+00 9.13632793e-02
 1.01105082e+00 9.31643627e-02
 1.12451314e+00 9.50119042e-02
 1.02917716e+00 9.69071764e-02
 1.05389674e+00 9.88515848e-02
 9.84417505e-01 1.00846663e-01
 1.04129616e+00 1.02894070e-01
 9.55603953e-01 1.04995586e-01
 1.10463624e+00 1.07153108e-01
 1.01576415e+00 1.09368654e-01
 1.01896251e+00 1.11644353e-01
 1.08545567e+00 1.13982449e-01
 1.08295608e+00 1.16385297e-01
 1.05108996e+00 1.18855358e-01
 1.10435097e+00 1.21395202e-01
 1.12121519e+00 1.24007496e-01
 1.03174500e+00 1.26695008e-01
 1.07729558e+00 1.29460592e-01
 1.17194863e+00 1.32307183e-01
 1.21114521e+00 1.35237788e-01
 1.14979719e+00 1.38255464e-01
 1.08189446e+00 1.41363305e-01
 1.12861619e+00 1.44564414e-01
 1.24559637e+00 1.47861874e-01
 1.19197022e+00 1.51258701e-01
 1.21792211e+00 1.54757804e-01
 1.25722820e+00 1.58361908e-01
 1.21882020e+00 1.62073481e-01
 1.37918433e+00 1.65894630e-01
 1.35328125e+00 1.69826965e-01
 1.38596539e+00 1.73871443e-01
 1.38032897e+00 1.78028154e-01
 1.40527784e+00 1.82296063e-01
 1.40914333e+00 1.86672674e-01
 1.49510064e+00 1.91153610e-01
 1.53188693e+00 1.95732069e-01
 1.49540581e+00 2.00398141e-01
 1.55222713e+00 2.05137912e-01
 1.69140886e+00 2.09932327e-01
 1.71333386e+00 2.14755701e-01
 1.73977026e+00 2.19573786e-01
 1.77371475e+00 2.24341228e-01
 1.93722669e+00 2.28998211e-01
 1.85635851e+00 2.33465995e-01
 2.02842226e+00 2.37640920e-01
 2.12047342e+00 2.41386303e-01
 2.24775063e+00 2.44521360e-01
 2.22867040e+00 2.46805918e-01
 2.37529689e+00 2.47919059e-01
 2.56340987e+00 2.47428926e-01
 2.71387867e+00 2.44749444e-01
 2.76479210e+00 2.39077333e-01
 3.01373403e+00 2.29298921e-01
 3.20801177e+00 2.13849753e-01
 3.41127774e+00 1.90498784e-01
 3.73922309e+00 1.56009243e-01
 3.94404487e+00 1.05592524e-01
 4.40621328e+00 3.20049249e-02
 4.78544859e+00 -7.59906110e-02
 5.36467174e+00 -2.36327392e-01
 5.99787727e+00 -4.78539827e-01
 6.66579047e+00 -8.52936123e-01
 7.50492801e+00 -1.44809882e+00
 8.76362246e+00 -2.42385650e+00
 1.00430687e+01 -4.06620302e+00
 1.10875480e+01 -6.82857075e+00
 1.09661883e+01 -1.10724520e+01
 7.64093821e+00 -1.57235330e+01
 1.42570022e+00 -1.73655210e+01
 -3.56331735e+00 -1.50264884e+01
 -5.90837526e+00 -1.15508307e+01
 -6.39010042e+00 -8.70402246e+00
 -6.27797759e+00 -6.68980862e+00
 -5.72062000e+00 -5.29524847e+00
 -5.40901148e+00 -4.31310872e+00
 -4.89935493e+00 -3.60221245e+00
 -4.49803408e+00 -3.07292547e+00
 -4.14564352e+00 -2.66847448e+00
 -3.86280741e+00 -2.35221455e+00
 -3.59794081e+00 -2.09988844e+00
 -3.38869483e+00 -1.89501405e+00
 -3.18160817e+00 -1.72610951e+00
 -2.90130498e+00 -1.58498972e+00
 -2.87052237e+00 -1.46569604e+00
 -2.72219081e+00 -1.36380739e+00
 -2.66807504e+00 -1.27598668e+00
 -2.46550140e+00 -1.19967557e+00
 -2.37466907e+00 -1.13288494e+00
 -2.26131875e+00 -1.07404833e+00
 -2.17549297e+00 -1.02191769e+00
 -2.02329375e+00 -9.75488007e-01
 -1.97756938e+00 -9.33942108e-01
 -1.99966206e+00 -8.96609562e-01
 -1.81034662e+00 -8.62935803e-01
 -1.76351152e+00 -8.32458618e-01
 -1.82861513e+00 -8.04790064e-01
 -1.70727106e+00 -7.79602424e-01
 -1.65386798e+00 -7.56617186e-01
 -1.60529046e+00 -7.35596343e-01
 -1.57218528e+00 -7.16335445e-01
 -1.57305564e+00 -6.98658024e-01
 -1.38320133e+00 -6.82411088e-01
 -1.50733465e+00 -6.67461444e-01
 -1.48911104e+00 -6.53692697e-01
 -1.47852400e+00 -6.41002766e-01
 -1.39206614e+00 -6.29301831e-01
 -1.32070613e+00 -6.18510625e-01
 -1.43049904e+00 -6.08558999e-01
 -1.36085416e+00 -5.99384721e-01
 -1.31151281e+00 -5.90932459e-01
 -1.24559929e+00 -5.83152918e-01
 -1.29049778e+00 -5.76002105e-01
 -1.23374348e+00 -5.69440707e-01
 -1.30817758e+00 -5.63433551e-01
 -1.27329492e+00 -5.57949141e-01
 -1.30080883e+00 -5.52959265e-01
 -1.19504563e+00 -5.48438645e-01
 -1.20820872e+00 -5.44364645e-01
 -1.08105433e+00 -5.40717010e-01
 -1.21785621e+00 -5.37477641e-01
 -1.30031697e+00 -5.34630403e-01
 -1.10713155e+00 -5.32160950e-01
 -1.25010315e+00 -5.30056582e-01
 -1.25175017e+00 -5.28306112e-01
 -1.20512037e+00 -5.26899760e-01
 -1.16425525e+00 -5.25829049e-01
 -1.19216435e+00 -5.25086726e-01
 -1.14311309e+00 -5.24666689e-01
 -1.04503079e+00 -5.24563926e-01
 -1.22370969e+00 -5.24774464e-01
 -1.12417541e+00 -5.25295321e-01
 -1.13027916e+00 -5.26124480e-01
 -1.15913546e+00 -5.27260854e-01
 -1.19361057e+00 -5.28704269e-01
 -1.14484114e+00 -5.30455449e-01
 -1.18374823e+00 -5.32516009e-01
 -1.22914001e+00 -5.34888455e-01
 -1.12189785e+00 -5.37576185e-01
 -1.19724859e+00 -5.40583505e-01
 -1.16259105e+00 -5.43915641e-01
 -1.14086603e+00 -5.47578762e-01
 -1.21894623e+00 -5.51580013e-01
 -1.29412613e+00 -5.55927547e-01
 -1.18686376e+00 -5.60630567e-01
 -1.23159133e+00 -5.65699378e-01
 -1.30094664e+00 -5.71145439e-01
 -1.25100237e+00 -5.76981432e-01
 -1.22738098e+00 -5.83221336e-01
 -1.32086629e+00 -5.89880503e-01
 -1.30613157e+00 -5.96975757e-01
 -1.20845941e+00 -6.04525495e-01
 -1.33198472e+00 -6.12549801e-01
 -1.37890824e+00 -6.21070572e-01
 -1.39950057e+00 -6.30111664e-01
 -1.32167943e+00 -6.39699040e-01
 -1.47038820e+00 -6.49860946e-01
 -1.38560091e+00 -6.60628095e-01
 -1.46731313e+00 -6.72033876e-01
 -1.57246277e+00 -6.84114567e-01
 -1.58818076e+00 -6.96909585e-01
 -1.62467162e+00 -7.10461732e-01
 -1.57280513e+00 -7.24817476e-01
 -1.73265571e+00 -7.40027225e-01
 -1.66912031e+00 -7.56145616e-01
 -1.65002464e+00 -7.73231799e-01
 -1.73392961e+00 -7.91349694e-01
 -1.85954705e+00 -8.10568207e-01
 -1.89921575e+00 -8.30961359e-01
 -1.91759855e+00 -8.52608280e-01
 -1.96571105e+00 -8.75592982e-01
 -2.08141461e+00 -9.00003790e-01
 -2.17073723e+00 -9.25932244e-01
 -2.24761852e+00 -9.53471194e-01
 -2.37501114e+00 -9.82711681e-01
 -2.39704230e+00 -1.01373795e+00
 -2.52184270e+00 -1.04661962e+00
 -2.59988593e+00 -1.08139951e+00
 -2.86291269e+00 -1.11807467e+00
 -3.01996513e+00 -1.15656684e+00
 -3.12455286e+00 -1.19667610e+00
 -3.35582495e+00 -1.23800741e+00
 -3.56937362e+00 -1.27985276e+00
 -3.79100614e+00 -1.32099916e+00
 -4.11035161e+00 -1.35940972e+00
 -4.50978553e+00 -1.39168266e+00
 -4.94446813e+00 -1.41211022e+00
 -5.58703576e+00 -1.41099599e+00
 -5.98115340e+00 -1.37155281e+00
 -6.83922730e+00 -1.26400001e+00
 -7.85702317e+00 -1.03399062e+00
 -9.05999339e+00 -5.79475183e-01
 -1.05623105e+01 2.94892491e-01
 -1.24417888e+01 1.95680228e+00
 -1.42399469e+01 5.00848422e+00
 -1.45245173e+01 9.92898493e+00
 -1.14721824e+01 1.54146502e+01
 -5.33029772e+00 1.78182723e+01
 8.14949387e-02 1.62842173e+01
 2.96523953e+00 1.33595808e+01
 4.04956373e+00 1.07058556e+01
 4.46531680e+00 8.67059326e+00
 4.53362810e+00 7.16535122e+00
 4.25867112e+00 6.04610694e+00
 4.08198043e+00 5.19848889e+00
 3.70550535e+00 4.54281402e+00
 3.52486400e+00 4.02508569e+00
 3.29637752e+00 3.60855110e+00
 3.11882229e+00 3.26779757e+00
 2.91783260e+00 2.98490974e+00
 2.83533866e+00 2.74700377e+00
 2.57986351e+00 2.54463515e+00
 2.55519933e+00 2.37075559e+00
 2.45905610e+00 2.22001770e+00
 2.21542910e+00 2.08830282e+00
 2.15919540e+00 1.97239469e+00
 2.07113953e+00 1.86974992e+00
 2.00672604e+00 1.77833399e+00
 1.95695591e+00 1.69650222e+00
 1.87558636e+00 1.62291223e+00
 1.80455012e+00 1.55645858e+00
 1.76824363e+00 1.49622354e+00
 1.72294975e+00 1.44143947e+00
 1.61757268e+00 1.39145977e+00
 1.60670132e+00 1.34573632e+00
 1.47199634e+00 1.30380170e+00
 1.54070317e+00 1.26525506e+00
 1.43228050e+00 1.22975094e+00
 1.45555974e+00 1.19699014e+00
 1.30989664e+00 1.16671238e+00
 1.55158085e+00 1.13869034e+00
 1.32051798e+00 1.11272467e+00
 1.34060734e+00 1.08863996e+00
 1.23715767e+00 1.06628134e+00
 1.34072072e+00 1.04551168e+00
 1.23985273e+00 1.02620918e+00
 1.17661006e+00 1.00826541e+00
 1.15638631e+00 9.91583607e-01
 1.24916230e+00 9.76077222e-01
 1.14564935e+00 9.61668722e-01
 1.16933137e+00 9.48288521e-01
 1.07851097e+00 9.35874086e-01
 1.14529927e+00 9.24369153e-01
 1.11510691e+00 9.13723065e-01
 1.15968757e+00 9.03890181e-01
 1.13486734e+00 8.94829376e-01
 1.01971895e+00 8.86503598e-01
 1.10692559e+00 8.78879488e-01
 9.92201108e-01 8.71927045e-01
 9.56157719e-01 8.65619331e-01
 1.09285407e+00 8.59932218e-01
 9.33444715e-01 8.54844167e-01
 1.08237355e+00 8.50336028e-01
 1.09912753e+00 8.46390877e-01
 9.58313653e-01 8.42993863e-01
 9.68021707e-01 8.40132087e-01
 1.03313152e+00 8.37794485e-01
 1.05528514e+00 8.35971741e-01
 1.04884913e+00 8.34656207e-01
 1.06984422e+00 8.33841835e-01
 9.98211805e-01 8.33524130e-01
 9.95892624e-01 8.33700105e-01
 9.53141279e-01 8.34368257e-01
 1.02919999e+00 8.35528543e-01
 1.05565186e+00 8.37182378e-01
 1.00718082e+00 8.39332632e-01
 1.06687959e+00 8.41983649e-01
 1.04956936e+00 8.45141265e-01
 9.56457507e-01 8.48812848e-01
 1.05026528e+00 8.53007336e-01
 9.93244435e-01 8.57735300e-01
 1.06880075e+00 8.63009010e-01
 1.01523522e+00 8.68842517e-01
 1.09207807e+00 8.75251752e-01
 1.08870555e+00 8.82254634e-01
 1.05000231e+00 8.89871199e-01
 1.11377659e+00 8.98123748e-01
 1.08782009e+00 9.07037014e-01
 1.16715556e+00 9.16638353e-01
 1.10083295e+00 9.26957956e-01
 1.22628406e+00 9.38029095e-01
 1.15365895e+00 9.49888400e-01
 1.16882915e+00 9.62576172e-01
 1.11502377e+00 9.76136731e-01
 1.26124373e+00 9.90618825e-01
 1.24203678e+00 1.00607608e+00
 1.20466323e+00 1.02256750e+00
 1.28034790e+00 1.04015808e+00
 1.23304825e+00 1.05891945e+00
 1.35596700e+00 1.07893063e+00
 1.23480697e+00 1.10027888e+00
 1.34596515e+00 1.12306069e+00
 1.37823443e+00 1.14738290e+00
 1.50595044e+00 1.17336393e+00
 1.50803266e+00 1.20113527e+00
 1.48064869e+00 1.23084308e+00
 1.48935612e+00 1.26265007e+00
 1.71568243e+00 1.29673760e+00
 1.69555790e+00 1.33330803e+00
 1.75717047e+00 1.37258734e+00
 1.81263071e+00 1.41482801e+00
 1.91157006e+00 1.46031206e+00
 2.06880604e+00 1.50935416e+00
 1.99081083e+00 1.56230461e+00
 2.18478335e+00 1.61955164e+00
 2.21904231e+00 1.68152234e+00
 2.46652476e+00 1.74868074e+00
 2.54403581e+00 1.82152065e+00
 2.62222999e+00 1.90054892e+00
 2.84399089e+00 1.98625155e+00
 3.15392215e+00 2.07902889e+00
 3.28107713e+00 2.17907530e+00
 3.57239024e+00 2.28615683e+00
 3.92155620e+00 2.39919950e+00
 4.29683233e+00 2.51551676e+00
 4.83840114e+00 2.62933245e+00
 5.46196993e+00 2.72888818e+00
 6.23846994e+00 2.79062315e+00
 7.33430248e+00 2.76715623e+00
 8.57765072e+00 2.56208660e+00
 1.02587997e+01 1.97825667e+00
 1.23400499e+01 6.25729945e-01
 1.44722267e+01 -2.14753206e+00
 1.53892675e+01 -6.83448949e+00
 1.28438676e+01 -1.21047275e+01
 7.80867816e+00 -1.47529405e+01
 3.12640561e+00 -1.41498457e+01
 1.97339217e-01 -1.22039791e+01
 -1.10831020e+00 -1.02241384e+01
 -1.91575999e+00 -8.58758638e+00
 -2.15983362e+00 -7.30652396e+00
 -2.36479433e+00 -6.31045533e+00
 -2.22508324e+00 -5.52850123e+00
 -2.22288819e+00 -4.90550681e+00
 -2.08011153e+00 -4.40131915e+00
 -2.10122257e+00 -3.98712850e+00
 -1.94518201e+00 -3.64217306e+00
 -1.91494983e+00 -3.35131360e+00
 -1.83584793e+00 -3.10335013e+00
 -1.71475927e+00 -2.88987130e+00
 -1.61476352e+00 -2.70446647e+00
 -1.58268028e+00 -2.54218127e+00
 -1.46462469e+00 -2.39913657e+00
 -1.46211527e+00 -2.27225826e+00
 -1.42288303e+00 -2.15908289e+00
 -1.40483577e+00 -2.05761599e+00
 -1.35300771e+00 -1.96622741e+00
 -1.22403093e+00 -1.88357309e+00
 -1.13183465e+00 -1.80853590e+00
 -1.17146551e+00 -1.74018038e+00
 -1.09688168e+00 -1.67771775e+00
 -1.14082167e+00 -1.62047866e+00
 -1.09660226e+00 -1.56789174e+00
 -1.08035989e+00 -1.51946656e+00
 -1.00037170e+00 -1.47477997e+00
 -9.58446136e-01 -1.43346517e+00
 -9.01902352e-01 -1.39520273e+00
 -9.22494206e-01 -1.35971339e+00
 -9.35063178e-01 -1.32675202e+00
 -8.22207192e-01 -1.29610267e+00
 -9.61116014e-01 -1.26757449e+00
 -9.53916682e-01 -1.24099828e+00
 -8.27554905e-01 -1.21622358e+00
 -7.94366942e-01 -1.19311629e+00
 -8.47128758e-01 -1.17155655e+00
 -7.45417578e-01 -1.15143704e+00
 -7.64057312e-01 -1.13266141e+00
 -7.34484503e-01 -1.11514310e+00
 -7.69893338e-01 -1.09880415e+00
 -7.68090753e-01 -1.08357426e+00
 -6.66745671e-01 -1.06939002e+00
 -6.90150847e-01 -1.05619415e+00
 -7.32703619e-01 -1.04393487e+00
 -6.76032277e-01 -1.03256542e+00
 -6.39596568e-01 -1.02204351e+00
 -6.08476432e-01 -1.01233096e+00
 -7.02268218e-01 -1.00339334e+00
 -6.50494741e-01 -9.95199611e-01
 -6.65848935e-01 -9.87721904e-01
 -6.86734871e-01 -9.80935235e-01
 -6.58889308e-01 -9.74817315e-01
 -6.22180917e-01 -9.69348361e-01
 -6.56385277e-01 -9.64510933e-01
 -6.45179373e-01 -9.60289798e-01
 -6.71657599e-01 -9.56671813e-01
 -5.69382469e-01 -9.53645819e-01
 -7.15264940e-01 -9.51202560e-01
 -6.63985887e-01 -9.49334614e-01
 -6.95182683e-01 -9.48036335e-01
 -7.45988528e-01 -9.47303814e-01
 -6.37963332e-01 -9.47134847e-01
 -6.66411819e-01 -9.47528925e-01
 -6.54316510e-01 -9.48487222e-01
 -6.71679410e-01 -9.50012611e-01
 -6.42657956e-01 -9.52109678e-01
 -5.80775284e-01 -9.54784760e-01
 -6.07799800e-01 -9.58045989e-01
 -6.20833825e-01 -9.61903355e-01
 -5.60832040e-01 -9.66368774e-01
 -5.82495258e-01 -9.71456187e-01
 -6.72143429e-01 -9.77181660e-01
 -6.50510351e-01 -9.83563511e-01
 -6.09614448e-01 -9.90622457e-01
 -6.50350971e-01 -9.98381779e-01
 -6.67388480e-01 -1.00686752e+00
 -7.07272626e-01 -1.01610869e+00
 -4.67216764e-01 -1.02613754e+00
 -6.60323806e-01 -1.03698984e+00
 -7.31871192e-01 -1.04870520e+00
 -7.20213332e-01 -1.06132743e+00
 -7.17836171e-01 -1.07490502e+00
 -7.14692737e-01 -1.08949157e+00
 -7.67223533e-01 -1.10514636e+00
 -7.22465666e-01 -1.12193503e+00
 -7.36791878e-01 -1.13993024e+00
 -7.51054534e-01 -1.15921260e+00
 -7.73856297e-01 -1.17987158e+00
 -8.19335013e-01 -1.20200665e+00
 -8.01844033e-01 -1.22572859e+00
 -7.75391948e-01 -1.25116103e+00
 -8.81360852e-01 -1.27844217e+00
 -7.59134333e-01 -1.30772690e+00
 -8.73304770e-01 -1.33918918e+00
 -8.02404193e-01 -1.37302493e+00
 -8.55989058e-01 -1.40945537e+00
 -9.42011817e-01 -1.44873105e+00
 -9.93561051e-01 -1.49113654e+00
 -1.01692462e+00 -1.53699609e+00
 -9.90584700e-01 -1.58668038e+00
 -1.20086701e+00 -1.64061451e+00
 -1.16148141e+00 -1.69928767e+00
 -1.23040930e+00 -1.76326459e+00
 -1.22002788e+00 -1.83319922e+00
 -1.27322234e+00 -1.90985087e+00
 -1.37390084e+00 -1.99410306e+00
 -1.52123408e+00 -2.08698486e+00
 -1.60370002e+00 -2.18969398e+00
 -1.73946325e+00 -2.30361925e+00
 -1.81058051e+00 -2.43035692e+00
 -1.97133780e+00 -2.57170875e+00
 -2.13324547e+00 -2.72963570e+00
 -2.46770374e+00 -2.90611191e+00
 -2.80883795e+00 -3.10275986e+00
 -3.10653033e+00 -3.32000682e+00
 -3.55376416e+00 -3.55518243e+00
 -4.27103554e+00 -3.79823370e+00
 -5.05165336e+00 -4.02198974e+00
 -6.02641179e+00 -4.15995381e+00
 -7.70151494e+00 -4.05708282e+00
 -9.51717453e+00 -3.37551335e+00
 -1.17348422e+01 -1.50966361e+00
 -1.31407586e+01 2.05133024e+00
 -1.21503693e+01 6.33879420e+00
 -8.92485700e+00 8.98981212e+00
 -5.52179712e+00 9.39266244e+00
 -3.21979545e+00 8.63993364e+00
 -1.70389331e+00 7.60858135e+00
