 NaN NaN
 4.16212842e+01 1.46742359e+01
 2.15233417e+01 7.49302737e+00
 1.45571942e+01 5.16936557e+00
 1.10109169e+01 4.02649036e+00
 8.97392212e+00 3.34815544e+00
 7.46662923e+00 2.89942393e+00
 6.39134457e+00 2.58076095e+00
 5.70719209e+00 2.34283869e+00
 4.99273394e+00 2.15844825e+00
 4.53606867e+00 2.01136118e+00
 4.24374439e+00 1.89130246e+00
 3.86915080e+00 1.79145202e+00
 3.63857733e+00 1.70710643e+00
 3.23637929e+00 1.63491757e+00
 3.05854325e+00 1.57243765e+00
 2.89004411e+00 1.51783592e+00
 2.72464059e+00 1.46971592e+00
 2.59930488e+00 1.42699405e+00
 2.45491151e+00 1.38881668e+00
 2.33890234e+00 1.35450225e+00
 2.25032781e+00 1.32350007e+00
 2.04485284e+00 1.29536039e+00
 2.11662557e+00 1.26971230e+00
 2.06693794e+00 1.24624721e+00
 1.93191084e+00 1.22470632e+00
 1.80760288e+00 1.20487101e+00
 1.72483215e+00 1.18655531e+00
 1.72676350e+00 1.16960009e+00
 1.47966407e+00 1.15386839e+00
 1.55201710e+00 1.13924170e+00
 1.53570095e+00 1.12561699e+00
 1.49115925e+00 1.11290427e+00
 1.48186001e+00 1.10102463e+00
 1.36253528e+00 1.08990857e+00
 1.29347802e+00 1.07949470e+00
 1.27342720e+00 1.06972858e+00
 1.25323670e+00 1.06056180e+00
 1.21135899e+00 1.05195118e+00
 1.19980182e+00 1.04385811e+00
 1.16074227e+00 1.03624799e+00
 1.10306596e+00 1.02908973e+00
 1.08582883e+00 1.02235534e+00
 1.02067880e+00 1.01601961e+00
 1.00860705e+00 1.01005973e+00
 1.06643701e+00 1.00445512e+00
 1.02791064e+00 9.99187132e-01
 1.05245491e+00 9.94238875e-01
 9.66922212e-01 9.89595045e-01
 9.01023039e-01 9.85241771e-01
 9.46361486e-01 9.81166483e-01
 7.75069369e-01 9.77357796e-01
 8.03955068e-01 9.73805410e-01
 8.46484888e-01 9.70500024e-01
 8.02959077e-01 9.67433254e-01
 7.14684328e-01 9.64597570e-01
 7.31129610e-01 9.61986235e-01
 6.71073078e-01 9.59593252e-01
 6.95957378e-01 9.57413323e-01
 7.65963607e-01 9.55441812e-01
 7.88476191e-01 9.53674705e-01
 6.08537623e-01 9.52108594e-01
 5.77543737e-01 9.50740645e-01
 6.16027700e-01 9.49568587e-01
 5.58807093e-01 9.48590695e-01
 5.74030940e-01 9.47805786e-01
 5.78911148e-01 9.47213206e-01
 4.49661297e-01 9.46812837e-01
 5.22660975e-01 9.46605099e-01
 5.78674843e-01 9.46590952e-01
 5.64546290e-01 9.46771915e-01
 4.08892910e-01 9.47150079e-01
 3.65147108e-01 9.47728129e-01
 4.60132398e-01 9.48509368e-01
 4.08404041e-01 9.49497755e-01
 4.06302979e-01 9.50697935e-01
 4.06605767e-01 9.52115291e-01
 2.33125497e-01 9.53755994e-01
 2.72106239e-01 9.55627063e-01
 2.72923661e-01 9.57736438e-01
 2.36051819e-01 9.60093061e-01
 2.72666030e-01 9.62706968e-01
 1.96957568e-01 9.65589404e-01
 2.09951015e-01 9.68752943e-01
 8.54906815e-02 9.72211636e-01
 1.56278973e-01 9.75981182e-01
 1.24060414e-01 9.80079116e-01
 2.85475929e-02 9.84525044e-01
 1.19808913e-01 9.89340904e-01
 -2.21775033e-03 9.94551272e-01
 4.95727160e-02 1.00018373e+00
 -5.97482537e-02 1.00626930e+00
 -1.14523902e-01 1.01284292e+00
 -2.15095734e-01 1.01994408e+00
 -1.58044176e-01 1.02761752e+00
 -2.26499252e-01 1.03591408e+00
 -2.35750593e-01 1.04489174e+00
 -2.86854137e-01 1.05461688e+00
 -3.96441094e-01 1.06516579e+00
 -3.68359787e-01 1.07662657e+00
 -3.40399431e-01 1.08910141e+00
 -3.97611307e-01 1.10270949e+00
 -5.20416614e-01 1.11759062e+00
 -5.20264558e-01 1.13390980e+00
 -5.74242279e-01 1.15186308e+00
 -6.27023981e-01 1.17168516e+00
 -6.64438265e-01 1.19365923e+00
 -8.10261739e-01 1.21813006e+00
 -9.84091760e-01 1.24552149e+00
 -1.04455062e+00 1.27636018e+00
 -1.09080306e+00 1.31130838e+00
 -1.21715246e+00 1.35121006e+00
 -1.39229209e+00 1.39715685e+00
 -1.52923672e+00 1.45058477e+00
 -1.70334088e+00 1.51341934e+00
 -1.86149259e+00 1.58829984e+00
 -2.23320237e+00 1.67893696e+00
 -2.43072633e+00 1.79070538e+00
 -2.66817312e+00 1.93166953e+00
 -3.15890610e+00 2.11445475e+00
 -3.65246093e+00 2.35988317e+00
 -4.34610526e+00 2.70461127e+00
 -5.29989548e+00 3.21882956e+00
 -6.58200116e+00 4.05286850e+00
 -8.53505469e+00 5.58291816e+00
 -1.16854589e+01 8.98865722e+00
 -1.61745149e+01 1.92921573e+01
 5.18323547e+00 4.50152273e+01
 2.66192887e+01 1.31602189e+01
 1.69407236e+01 2.82036861e+00
 1.18238395e+01 8.00829679e-01
 9.04442785e+00 2.66009637e-01
 7.41406901e+00 1.12859499e-01
 6.21092832e+00 8.24241266e-02
 5.44688734e+00 9.60455634e-02
 4.78780241e+00 1.25673030e-01
 4.35829441e+00 1.60278331e-01
 3.89788861e+00 1.95309415e-01
 3.59445522e+00 2.28894229e-01
 3.29803349e+00 2.60331521e-01
 3.25505340e+00 2.89445377e-01
 3.07135128e+00 3.16294253e-01
 2.77327055e+00 3.41035163e-01
 2.60520921e+00 3.63859202e-01
 2.54602835e+00 3.84961099e-01
 2.53915042e+00 4.04525400e-01
 2.33898816e+00 4.22720885e-01
 2.22887379e+00 4.39699038e-01
 2.20153737e+00 4.55594460e-01
 2.09697681e+00 4.70526148e-01
 2.10795549e+00 4.84599085e-01
 1.93024504e+00 4.97905878e-01
 1.96519476e+00 5.10528297e-01
 1.85322793e+00 5.22538678e-01
 1.86507594e+00 5.34001162e-01
 1.79244630e+00 5.44972779e-01
 1.66903821e+00 5.55504388e-01
 1.64936608e+00 5.65641487e-01
 1.67548915e+00 5.75424910e-01
 1.57886338e+00 5.84891435e-01
 1.60525760e+00 5.94074293e-01
 1.43438182e+00 6.03003624e-01
 1.50226589e+00 6.11706859e-01
 1.47740222e+00 6.20209053e-01
 1.46319152e+00 6.28533182e-01
 1.42785370e+00 6.36700391e-01
 1.43181376e+00 6.44730218e-01
 1.38146585e+00 6.52640788e-01
 1.33930219e+00 6.60448984e-01
 1.32630790e+00 6.68170597e-01
 1.32234470e+00 6.75820461e-01
 1.35585514e+00 6.83412570e-01
 1.28664594e+00 6.90960189e-01
 1.25868068e+00 6.98475945e-01
 1.20685020e+00 7.05971918e-01
 1.19319521e+00 7.13459717e-01
 1.19182267e+00 7.20950551e-01
 1.15369049e+00 7.28455301e-01
 1.19426974e+00 7.35984574e-01
 1.08941969e+00 7.43548768e-01
 1.20045968e+00 7.51158120e-01
 1.18450594e+00 7.58822761e-01
 1.06649192e+00 7.66552764e-01
 1.20286917e+00 7.74358193e-01
 1.07932488e+00 7.82249149e-01
 1.01942134e+00 7.90235817e-01
 1.23269564e+00 7.98328510e-01
 1.06750672e+00 8.06537717e-01
 9.85398718e-01 8.14874150e-01
 1.10878469e+00 8.23348792e-01
 1.02266468e+00 8.31972947e-01
 9.42380772e-01 8.40758291e-01
 9.39293685e-01 8.49716927e-01
 1.04071816e+00 8.58861446e-01
 8.95976733e-01 8.68204981e-01
 1.00269403e+00 8.77761283e-01
 9.90737824e-01 8.87544781e-01
 9.70169335e-01 8.97570669e-01
 9.30259870e-01 9.07854982e-01
 9.38576753e-01 9.18414692e-01
 9.84192537e-01 9.29267804e-01
 9.62610404e-01 9.40433472e-01
 8.95604031e-01 9.51932113e-01
 8.92456372e-01 9.63785551e-01
 9.25396629e-01 9.76017159e-01
 9.31120338e-01 9.88652032e-01
 9.11380141e-01 1.00171717e+00
 8.17147785e-01 1.01524169e+00
 8.23848792e-01 1.02925708e+00
 8.31993681e-01 1.04379742e+00
 8.56382114e-01 1.05889973e+00
 7.55184226e-01 1.07460432e+00
 8.60765666e-01 1.09095513e+00
 8.26852020e-01 1.10800023e+00
 9.20993528e-01 1.12579230e+00
 8.01535631e-01 1.14438927e+00
 7.90716456e-01 1.16385492e+00
 8.34537417e-01 1.18425979e+00
 7.64161906e-01 1.20568198e+00
 6.62710756e-01 1.22820834e+00
 7.53769182e-01 1.25193566e+00
 7.35267050e-01 1.27697220e+00
 7.30822570e-01 1.30343945e+00
 7.09976297e-01 1.33147424e+00
 7.15204510e-01 1.36123127e+00
 6.46483442e-01 1.39288613e+00
 7.05280392e-01 1.42663897e+00
 6.38307529e-01 1.46271899e+00
 6.52184798e-01 1.50138990e+00
 5.65451789e-01 1.54295670e+00
 5.61845214e-01 1.58777413e+00
 6.87014914e-01 1.63625720e+00
 6.39283644e-01 1.68889461e+00
 5.29039504e-01 1.74626581e+00
 5.26009677e-01 1.80906313e+00
 4.80768615e-01 1.87812061e+00
 4.29636628e-01 1.95445209e+00
 5.08182114e-01 2.03930238e+00
 3.95735627e-01 2.13421669e+00
 4.94618164e-01 2.24113678e+00
 4.81453853e-01 2.36253618e+00
 4.07874113e-01 2.50161462e+00
 3.24337545e-01 2.66258374e+00
 3.25494043e-01 2.85109803e+00
 2.71852663e-01 3.07492432e+00
 1.22008091e-01 3.34501715e+00
 1.36757251e-01 3.67731486e+00
 8.10740439e-02 4.09587792e+00
 5.21559759e-02 4.63867009e+00
 -2.39418172e-02 5.36888239e+00
 -2.95913863e-02 6.39870693e+00
 2.94042353e-01 7.94276550e+00
 9.65221005e-01 1.04394958e+01
 3.61526211e+00 1.46911510e+01
 1.45817598e+01 1.88975057e+01
 2.65451613e+01 2.07870123e+00
 1.52607572e+01 -7.86657267e+00
 8.90502284e+00 -7.14054569e+00
 5.95021641e+00 -5.70918565e+00
 4.50905316e+00 -4.60495774e+00
 3.68538593e+00 -3.79639443e+00
 3.16233267e+00 -3.19258585e+00
 2.85023703e+00 -2.72856913e+00
 2.52707452e+00 -2.36226681e+00
 2.39936502e+00 -2.06629171e+00
 2.18450203e+00 -1.82235484e+00
 2.05130042e+00 -1.61788405e+00
 2.03133446e+00 -1.44399549e+00
 1.85750352e+00 -1.29425285e+00
 1.79963811e+00 -1.16388808e+00
 1.76408937e+00 -1.04929858e+00
 1.66761865e+00 -9.47714161e-01
 1.57021377e+00 -8.56971185e-01
 1.50443946e+00 -7.75355954e-01
 1.49130637e+00 -7.01493993e-01
 1.52959387e+00 -6.34270319e-01
 1.44948095e+00 -5.72771103e-01
 1.43923913e+00 -5.16240320e-01
 1.39708947e+00 -4.64047111e-01
 1.26598032e+00 -4.15660894e-01
 1.34223451e+00 -3.70632170e-01
 1.36071628e+00 -3.28577552e-01
 1.43417489e+00 -2.89167993e-01
 1.27821308e+00 -2.52119422e-01
 1.32288152e+00 -2.17185252e-01
 1.30041489e+00 -1.84150328e-01
 1.27484355e+00 -1.52826001e-01
 1.28715660e+00 -1.23046102e-01
 1.29725340e+00 -9.46636139e-02
 1.30982561e+00 -6.75479213e-02
 1.24478039e+00 -4.15825076e-02
 1.22868117e+00 -1.66630298e-02
 1.30188237e+00 7.30430663e-03
 1.25364007e+00 3.04041249e-02
 1.25392654e+00 5.27130483e-02
 1.18639666e+00 7.43007023e-02
 1.15642119e+00 9.52305752e-02
 1.19770187e+00 1.15560761e-01
 1.12213732e+00 1.35344601e-01
 1.13552147e+00 1.54631245e-01
 1.29058670e+00 1.73466138e-01
 1.07775180e+00 1.91891452e-01
 1.21732397e+00 2.09946457e-01
 1.04711573e+00 2.27667863e-01
 1.19605699e+00 2.45090108e-01
 1.14383783e+00 2.62245629e-01
 1.08836359e+00 2.79165096e-01
 1.20057327e+00 2.95877627e-01
 1.19092333e+00 3.12410978e-01
 1.14946978e+00 3.28791726e-01
 1.10535875e+00 3.45045423e-01
 1.16060456e+00 3.61196754e-01
 1.11614961e+00 3.77269665e-01
 1.21582500e+00 3.93287503e-01
 1.21716183e+00 4.09273132e-01
 1.15124862e+00 4.25249053e-01
 1.17692804e+00 4.41237516e-01
 1.15765362e+00 4.57260626e-01
 1.21044891e+00 4.73340455e-01
 1.27641688e+00 4.89499144e-01
 1.15167821e+00 5.05759010e-01
 1.17940183e+00 5.22142651e-01
 1.12032505e+00 5.38673060e-01
 1.13933548e+00 5.55373730e-01
 1.23660198e+00 5.72268779e-01
 1.11331426e+00 5.89383066e-01
 1.23470710e+00 6.06742322e-01
 1.16533174e+00 6.24373291e-01
 1.18131019e+00 6.42303872e-01
 1.26547219e+00 6.60563286e-01
 1.20532311e+00 6.79182245e-01
 1.21326823e+00 6.98193140e-01
 1.18567916e+00 7.17630254e-01
 1.22917176e+00 7.37529989e-01
 1.19536743e+00 7.57931122e-01
 1.28244946e+00 7.78875086e-01
 1.23343592e+00 8.00406291e-01
 1.29518495e+00 8.22572475e-01
 1.30874531e+00 8.45425108e-01
 1.28149518e+00 8.69019844e-01
 1.32585431e+00 8.93417032e-01
 1.25331428e+00 9.18682304e-01
 1.30319235e+00 9.44887240e-01
 1.35218986e+00 9.72110136e-01
 1.28844338e+00 1.00043689e+00
 1.25331309e+00 1.02996200e+00
 1.22424851e+00 1.06078978e+00
 1.38978714e+00 1.09303570e+00
 1.30261717e+00 1.12682804e+00
 1.38322350e+00 1.16230971e+00
 1.41595182e+00 1.19964057e+00
 1.46868108e+00 1.23899997e+00
 1.40853392e+00 1.28059002e+00
 1.30165671e+00 1.32463923e+00
 1.58744231e+00 1.37140719e+00
 1.47006584e+00 1.42118996e+00
 1.47570063e+00 1.47432686e+00
 1.59085124e+00 1.53120867e+00
 1.49969040e+00 1.59228786e+00
 1.64826928e+00 1.65809123e+00
 1.61318203e+00 1.72923589e+00
 1.65129824e+00 1.80644942e+00
 1.82251213e+00 1.89059574e+00
 1.70919971e+00 1.98270839e+00
 1.84883823e+00 2.08403411e+00
 1.90686295e+00 2.19609042e+00
 1.98138310e+00 2.32074255e+00
 1.94127931e+00 2.46030792e+00
 2.11326108e+00 2.61769995e+00
 2.20550581e+00 2.79662926e+00
 2.42155111e+00 3.00188998e+00
 2.50262626e+00 3.23977445e+00
 2.74167633e+00 3.51868501e+00
 3.05227731e+00 3.85005161e+00
 3.33968634e+00 4.24972488e+00
 3.79449625e+00 4.74008699e+00
 4.34562583e+00 5.35311475e+00
 5.12273180e+00 6.13400197e+00
 6.47983071e+00 7.14077469e+00
 8.63801863e+00 8.41056182e+00
 1.27589722e+01 9.70550320e+00
 2.09860082e+01 8.80056680e+00
 3.05733708e+01 -4.72209402e+00
 1.78892010e+01 -2.06952363e+01
 5.67546134e+00 -1.76278771e+01
 1.71577953e+00 -1.29468473e+01
 4.37174920e-01 -9.85133520e+00
 -5.08775821e-02 -7.83653967e+00
 -1.98624593e-01 -6.45738079e+00
 -2.03276483e-01 -5.46483767e+00
 -1.88575384e-01 -4.72017755e+00
 -9.77430987e-02 -4.14237355e+00
 -8.89716203e-02 -3.68162202e+00
 -3.98612625e-02 -3.30587019e+00
 2.02097063e-02 -2.99365416e+00
 7.28390098e-03 -2.73010422e+00
 1.05067230e-02 -2.50461457e+00
 1.64670780e-01 -2.30942816e+00
 1.33695566e-01 -2.13874629e+00
 2.86242095e-01 -1.98815065e+00
 1.67861212e-01 -1.85421751e+00
 2.36668146e-01 -1.73425392e+00
 3.25742685e-01 -1.62611327e+00
 3.00874944e-01 -1.52806385e+00
 3.48116274e-01 -1.43869343e+00
 3.60238674e-01 -1.35683899e+00
 4.83265896e-01 -1.28153411e+00
 5.40943509e-01 -1.21196914e+00
 5.26782009e-01 -1.14746065e+00
 5.31175403e-01 -1.08742772e+00
 5.03713308e-01 -1.03137335e+00
 5.43305256e-01 -9.78869831e-01
 5.74786634e-01 -9.29546965e-01
 5.68194603e-01 -8.83082686e-01
 5.96611299e-01 -8.39195404e-01
 5.74108098e-01 -7.97637778e-01
 5.96428691e-01 -7.58191585e-01
 6.76815227e-01 -7.20663496e-01
 5.94019405e-01 -6.84881544e-01
 6.67611723e-01 -6.50692183e-01
 6.40261936e-01 -6.17957812e-01
 6.78657438e-01 -5.86554679e-01
 6.53827320e-01 -5.56371105e-01
 7.80858327e-01 -5.27305970e-01
 7.17432154e-01 -4.99267415e-01
 6.99139672e-01 -4.72171723e-01
 7.19847486e-01 -4.45942356e-01
 7.28871728e-01 -4.20509119e-01
 7.52369936e-01 -3.95807430e-01
 7.31031758e-01 -3.71777685e-01
 7.27731901e-01 -3.48364698e-01
 8.07422036e-01 -3.25517210e-01
 8.86425025e-01 -3.03187456e-01
 7.81334897e-01 -2.81330775e-01
 7.95300754e-01 -2.59905268e-01
 8.91078634e-01 -2.38871491e-01
 8.62022272e-01 -2.18192177e-01
 8.64807664e-01 -1.97831986e-01
 8.58595111e-01 -1.77757279e-01
 8.87938740e-01 -1.57935908e-01
 9.35115371e-01 -1.38337029e-01
 9.33635764e-01 -1.18930925e-01
 9.12923934e-01 -9.96888418e-02
 9.61482336e-01 -8.05828371e-02
 9.01569890e-01 -6.15856335e-02
 1.02020585e+00 -4.26704825e-02
 9.98881830e-01 -2.38110319e-02
 9.92260177e-01 -4.98119823e-03
 9.93341021e-01 1.38449591e-02
 1.02482109e+00 3.26933613e-02
 1.06412881e+00 5.15900334e-02
 1.05721176e+00 7.05612295e-02
 1.14195573e+00 8.96335591e-02
 1.15588077e+00 1.08834118e-01
 1.08403497e+00 1.28190622e-01
 1.10314351e+00 1.47731553e-01
 1.12223805e+00 1.67486302e-01
 1.17841601e+00 1.87485333e-01
 1.07352961e+00 2.07760356e-01
 1.16821027e+00 2.28344503e-01
 1.14694524e+00 2.49272537e-01
 1.18218758e+00 2.70581066e-01
 1.28750200e+00 2.92308786e-01
 1.29819184e+00 3.14496745e-01
 1.34728774e+00 3.37188638e-01
 1.28817295e+00 3.60431136e-01
 1.30971000e+00 3.84274256e-01
 1.41687911e+00 4.08771769e-01
 1.27331460e+00 4.33981671e-01
 1.43415185e+00 4.59966711e-01
 1.38441206e+00 4.86794987e-01
 1.44711648e+00 5.14540635e-01
 1.46143690e+00 5.43284613e-01
 1.49221604e+00 5.73115600e-01
 1.45897107e+00 6.04131037e-01
 1.61414790e+00 6.36438333e-01
 1.57133321e+00 6.70156264e-01
 1.61633786e+00 7.05416607e-01
 1.67708579e+00 7.42366056e-01
 1.70316050e+00 7.81168481e-01
 1.71057005e+00 8.22007592e-01
 1.78892704e+00 8.65090110e-01
 1.79333898e+00 9.10649550e-01
 1.91605176e+00 9.58950761e-01
 2.01422851e+00 1.01029540e+00
 2.04414096e+00 1.06502858e+00
 2.08868331e+00 1.12354695e+00
 2.20217359e+00 1.18630864e+00
 2.35202106e+00 1.25384555e+00
 2.30678345e+00 1.32677851e+00
 2.48452890e+00 1.40583639e+00
 2.64229395e+00 1.49187996e+00
 2.68696662e+00 1.58593217e+00
 2.79770486e+00 1.68921660e+00
 2.95226846e+00 1.80320651e+00
 3.19927410e+00 1.92968753e+00
 3.39700978e+00 2.07083744e+00
 3.58179726e+00 2.22932660e+00
 3.83177239e+00 2.40844062e+00
 4.20630420e+00 2.61221996e+00
 4.59750668e+00 2.84558992e+00
 5.03572277e+00 3.11439409e+00
 5.70527158e+00 3.42507281e+00
 6.57035839e+00 3.78322469e+00
 7.63210817e+00 4.18872463e+00
 9.20852090e+00 4.61981306e+00
 1.16239200e+01 4.97905243e+00
 1.52943697e+01 4.89347889e+00
 2.12952021e+01 2.91495271e+00
 2.90331952e+01 -6.07419872e+00
 2.44657735e+01 -2.50488387e+01
 5.69511997e+00 -2.77333049e+01
 -2.20138547e+00 -2.01223527e+01
 -4.04689326e+00 -1.44881736e+01
 -4.18837356e+00 -1.10130741e+01
 -3.87494351e+00 -8.78757238e+00
 -3.56322379e+00 -7.27585920e+00
 -3.15195868e+00 -6.19427978e+00
 -2.83434609e+00 -5.38706542e+00
 -2.47199661e+00 -4.76376293e+00
 -2.32810696e+00 -4.26897800e+00
 -2.05483570e+00 -3.86717257e+00
 -1.85038448e+00 -3.53462196e+00
 -1.62080774e+00 -3.25494058e+00
 -1.42561082e+00 -3.01647694e+00
 -1.36930156e+00 -2.81073463e+00
 -1.31733947e+00 -2.63138082e+00
 -1.05497179e+00 -2.47360379e+00
 -1.11775717e+00 -2.33368516e+00
 -1.00984329e+00 -2.20870786e+00
 -9.91601799e-01 -2.09635249e+00
 -8.11849119e-01 -1.99475243e+00
 -7.07119587e-01 -1.90238899e+00
 -7.12634659e-01 -1.81801423e+00
 -6.50753624e-01 -1.74059341e+00
 -6.46946221e-01 -1.66926144e+00
 -5.12028993e-01 -1.60328955e+00
 -5.03798653e-01 -1.54205947e+00
 -4.54670954e-01 -1.48504329e+00
 -3.80388454e-01 -1.43178752e+00
 -3.88054478e-01 -1.38190040e+00
 -2.98491107e-01 -1.33504171e+00
 -2.89110625e-01 -1.29091455e+00
 -2.88071709e-01 -1.24925861e+00
 -2.00726690e-01 -1.20984466e+00
 -1.56842593e-01 -1.17247001e+00
 -1.17692818e-01 -1.13695472e+00
 -1.15651806e-01 -1.10313846e+00
 -1.59043411e-01 -1.07087785e+00
 -4.71524333e-02 -1.04004427e+00
 -5.69258870e-02 -1.01052187e+00
 -6.60591889e-02 -9.82206073e-01
 -2.36174867e-02 -9.55002113e-01
 -3.74617865e-02 -9.28823888e-01
 6.49439044e-02 -9.03592928e-01
 5.89362993e-02 -8.79237518e-01
 7.20427297e-02 -8.55691923e-01
 1.69941064e-01 -8.32895724e-01
 2.12925782e-01 -8.10793228e-01
 1.84965658e-01 -7.89332959e-01
 2.09386404e-01 -7.68467199e-01
 2.54317594e-01 -7.48151591e-01
 2.70560338e-01 -7.28344783e-01
 4.50453566e-01 -7.09008107e-01
 2.83966580e-01 -6.90105302e-01
 2.76053105e-01 -6.71602256e-01
 3.81847973e-01 -6.53466776e-01
 4.63346140e-01 -6.35668385e-01
 3.94101708e-01 -6.18178131e-01
 3.92670163e-01 -6.00968413e-01
 4.12550908e-01 -5.84012827e-01
 4.42213236e-01 -5.67286020e-01
 4.34185238e-01 -5.50763552e-01
 4.40849337e-01 -5.34421770e-01
 4.86088584e-01 -5.18237692e-01
 4.86978993e-01 -5.02188892e-01
 6.27856590e-01 -4.86253391e-01
 5.61853571e-01 -4.70409555e-01
 5.59185856e-01 -4.54635994e-01
 5.70631426e-01 -4.38911461e-01
 6.23945379e-01 -4.23214754e-01
 6.84428813e-01 -4.07524620e-01
 6.62469246e-01 -3.91819653e-01
 8.12988771e-01 -3.76078192e-01
 5.83194945e-01 -3.60278220e-01
 6.92618486e-01 -3.44397251e-01
 7.50749400e-01 -3.28412221e-01
 8.20175034e-01 -3.12299365e-01
 8.04782176e-01 -2.96034089e-01
 9.60318974e-01 -2.79590834e-01
 9.68099169e-01 -2.62942929e-01
 1.00977519e+00 -2.46062429e-01
 1.00157503e+00 -2.28919939e-01
 9.16933398e-01 -2.11484422e-01
 1.06045972e+00 -1.93722991e-01
 1.03575927e+00 -1.75600665e-01
 1.10477097e+00 -1.57080116e-01
 1.08966843e+00 -1.38121372e-01
 1.13685341e+00 -1.18681493e-01
 1.13930396e+00 -9.87141990e-02
 1.17219493e+00 -7.81694591e-02
 1.20748677e+00 -5.69930200e-02
 1.32934127e+00 -3.51258737e-02
 1.29839062e+00 -1.25036520e-02
 1.44131136e+00 1.09440642e-02
 1.40800027e+00 3.52945347e-02
 1.49843025e+00 6.06327638e-02
 1.63574938e+00 8.70525379e-02
 1.58846823e+00 1.14657617e-01
 1.71941526e+00 1.43563104e-01
 1.73699554e+00 1.73897024e-01
 1.81216723e+00 2.05802129e-01
 2.04875953e+00 2.39437981e-01
 1.99439197e+00 2.74983316e-01
 2.05149211e+00 3.12638737e-01
 2.20710087e+00 3.52629721e-01
 2.34343388e+00 3.95209930e-01
 2.35373434e+00 4.40664720e-01
 2.47453999e+00 4.89314659e-01
 2.66401815e+00 5.41518617e-01
 2.87072257e+00 5.97675620e-01
 3.00269486e+00 6.58223940e-01
 3.16649719e+00 7.23634595e-01
 3.41062741e+00 7.94393929e-01
 3.65580761e+00 8.70965309e-01
 3.90368456e+00 9.53710747e-01
 4.22922365e+00 1.04273480e+00
 4.68645879e+00 1.13757446e+00
 5.24057560e+00 1.23657511e+00
 5.87573983e+00 1.33560101e+00
 6.59315541e+00 1.42526819e+00
 7.60326708e+00 1.48470027e+00
 8.91673669e+00 1.46651779e+00
 1.07960213e+01 1.25787290e+00
 1.33683409e+01 5.70176934e-01
 1.72254615e+01 -1.39608827e+00
 2.20261361e+01 -6.89164655e+00
 2.30599950e+01 -1.97094430e+01
 9.09753899e+00 -3.03275527e+01
 -4.20061016e+00 -2.47278016e+01
 -7.68781942e+00 -1.70546531e+01
 -7.73297488e+00 -1.22037836e+01
 -7.00225216e+00 -9.27910799e+00
 -6.27484225e+00 -7.41940391e+00
 -5.51242227e+00 -6.16365997e+00
 -5.01772582e+00 -5.27094539e+00
 -4.43556523e+00 -4.60913201e+00
 -4.15245863e+00 -4.10152562e+00
 -3.75040123e+00 -3.70121735e+00
 -3.40733573e+00 -3.37817950e+00
 -3.22192910e+00 -3.11242483e+00
 -2.88810032e+00 -2.89019613e+00
 -2.76974950e+00 -2.70174714e+00
 -2.50029271e+00 -2.53999823e+00
 -2.37720271e+00 -2.39969325e+00
 -2.22685453e+00 -2.27685419e+00
 -2.11453860e+00 -2.16841881e+00
 -2.01458599e+00 -2.07199392e+00
 -1.84281584e+00 -1.98568367e+00
 -1.78064623e+00 -1.90796784e+00
 -1.68802652e+00 -1.83761385e+00
 -1.55562414e+00 -1.77361234e+00
 -1.55506890e+00 -1.71512912e+00
 -1.38551624e+00 -1.66146903e+00
 -1.36767107e+00 -1.61204826e+00
 -1.26331333e+00 -1.56637305e+00
 -1.27870466e+00 -1.52402305e+00
 -1.21986664e+00 -1.48463824e+00
 -1.15956782e+00 -1.44790851e+00
 -1.02945226e+00 -1.41356532e+00
 -1.02551585e+00 -1.38137501e+00
 -1.01879502e+00 -1.35113330e+00
 -9.56506359e-01 -1.32266084e+00
 -8.56753186e-01 -1.29579950e+00
 -8.03415635e-01 -1.27040934e+00
 -7.98574739e-01 -1.24636608e+00
 -8.32445701e-01 -1.22355892e+00
 -7.78338590e-01 -1.20188881e+00
 -7.03774703e-01 -1.18126688e+00
 -6.99362503e-01 -1.16161319e+00
 -6.09327646e-01 -1.14285561e+00
 -6.65407623e-01 -1.12492890e+00
 -6.75762740e-01 -1.10777387e+00
 -5.21630161e-01 -1.09133672e+00
 -4.71578360e-01 -1.07556840e+00
 -5.46319446e-01 -1.06042411e+00
 -4.51287871e-01 -1.04586283e+00
 -3.85115671e-01 -1.03184692e+00
 -4.04859419e-01 -1.01834176e+00
 -3.72430190e-01 -1.00531548e+00
 -2.67987799e-01 -9.92738640e-01
 -3.65233225e-01 -9.80584005e-01
 -4.10233918e-01 -9.68826342e-01
 -2.80793038e-01 -9.57442223e-01
 -3.14311190e-01 -9.46409854e-01
 -2.11052774e-01 -9.35708927e-01
 -2.59811952e-01 -9.25320483e-01
 -1.93444955e-01 -9.15226790e-01
 -2.68381398e-01 -9.05411239e-01
 -1.70742797e-01 -8.95858240e-01
 -1.63770903e-01 -8.86553137e-01
 -1.47273656e-01 -8.77482128e-01
 -1.20784506e-01 -8.68632191e-01
 -5.08774805e-02 -8.59991023e-01
 -1.14752777e-01 -8.51546973e-01
 1.91231300e-02 -8.43288995e-01
 -3.64847048e-02 -8.35206598e-01
 1.24271880e-01 -8.27289799e-01
 6.67475452e-02 -8.19529084e-01
 3.55760709e-02 -8.11915373e-01
 5.57286533e-02 -8.04439986e-01
 8.27877964e-02 -7.97094616e-01
 2.10948384e-01 -7.89871299e-01
 1.51014572e-01 -7.82762396e-01
 1.95300670e-01 -7.75760568e-01
 2.60914637e-01 -7.68858768e-01
 1.81672282e-01 -7.62050221e-01
 3.05248738e-01 -7.55328418e-01
 3.23676498e-01 -7.48687113e-01
 3.36805837e-01 -7.42120320e-01
 3.76098673e-01 -7.35622324e-01
 3.89647875e-01 -7.29187685e-01
 3.69785310e-01 -7.22811263e-01
 3.91980050e-01 -7.16488245e-01
 5.30807999e-01 -7.10214184e-01
 5.43814204e-01 -7.03985048e-01
 5.31457001e-01 -6.97797292e-01
 5.76099870e-01 -6.91647945e-01
 6.48090101e-01 -6.85534723e-01
 6.61970704e-01 -6.79456173e-01
 7.02137274e-01 -6.73411859e-01
 7.34354946e-01 -6.67402598e-01
 7.98629023e-01 -6.61430756e-01
 8.28711047e-01 -6.55500635e-01
 7.87421256e-01 -6.49618957e-01
 9.40840428e-01 -6.43795499e-01
 1.05510256e+00 -6.38043902e-01
 1.07434655e+00 -6.32382719e-01
 1.10970758e+00 -6.26836795e-01
 1.18352955e+00 -6.21439061e-01
 1.23305865e+00 -6.16232916e-01
 1.33823377e+00 -6.11275396e-01
 1.52078057e+00 -6.06641430e-01
 1.52221713e+00 -6.02429612e-01
 1.54777777e+00 -5.98770105e-01
 1.68818540e+00 -5.95835599e-01
 1.77833762e+00 -5.93856669e-01
 1.94664354e+00 -5.93143617e-01
 2.07222782e+00 -5.94117996e-01
 2.18819650e+00 -5.97358866e-01
 2.35799545e+00 -6.03671930e-01
 2.69287717e+00 -6.14194999e-01
 2.82264660e+00 -6.30562637e-01
 3.12266278e+00 -6.55169861e-01
 3.43145188e+00 -6.91607037e-01
 3.84269735e+00 -7.45401213e-01
 4.22120010e+00 -8.25328543e-01
 4.78608421e+00 -9.45840699e-01
 5.44951709e+00 -1.13177999e+00
 6.24223615e+00 -1.42807904e+00
 7.42615409e+00 -1.92102730e+00
 8.77167472e+00 -2.78808426e+00
 1.06756910e+01 -4.42043369e+00
 1.28621329e+01 -7.70799850e+00
 1.38628276e+01 -1.42881410e+01
 7.94627479e+00 -2.31326764e+01
 -4.37364977e+00 -2.31375099e+01
 -9.81623854e+00 -1.58453441e+01
 -1.00986078e+01 -1.03465151e+01
 -8.93323473e+00 -7.20736654e+00
 -7.82486105e+00 -5.38941202e+00
 -6.89923381e+00 -4.26780545e+00
 -6.13171059e+00 -3.53140551e+00
 -5.44479621e+00 -3.02182832e+00
 -4.90690957e+00 -2.65370064e+00
 -4.58090162e+00 -2.37822609e+00
 -4.14521617e+00 -2.16600916e+00
 -3.89849596e+00 -1.99851699e+00
 -3.56247245e+00 -1.86359935e+00
 -3.31550183e+00 -1.75301786e+00
 -3.21332166e+00 -1.66102152e+00
 -2.88022866e+00 -1.58349268e+00
 -2.83846636e+00 -1.51741689e+00
 -2.62483616e+00 -1.46054365e+00
 -2.53759353e+00 -1.41116331e+00
 -2.39347748e+00 -1.36795675e+00
 -2.27027975e+00 -1.32989190e+00
 -2.20179284e+00 -1.29615103e+00
 -2.12355256e+00 -1.26607885e+00
 -2.02977921e+00 -1.23914475e+00
 -1.89987203e+00 -1.21491503e+00
 -1.91576614e+00 -1.19303210e+00
 -1.83934116e+00 -1.17319875e+00
 -1.71526236e+00 -1.15516622e+00
 -1.65080897e+00 -1.13872482e+00
 -1.60805572e+00 -1.12369672e+00
 -1.53041905e+00 -1.10993024e+00
 -1.57404351e+00 -1.09729533e+00
 -1.48866552e+00 -1.08567990e+00
 -1.43324218e+00 -1.07498692e+00
 -1.39972536e+00 -1.06513203e+00
 -1.42682493e+00 -1.05604163e+00
 -1.39035424e+00 -1.04765123e+00
 -1.31769482e+00 -1.03990416e+00
 -1.32867704e+00 -1.03275050e+00
 -1.23038945e+00 -1.02614609e+00
 -1.24908958e+00 -1.02005183e+00
 -1.26382643e+00 -1.01443300e+00
 -1.24677285e+00 -1.00925872e+00
 -1.18043917e+00 -1.00450147e+00
 -1.08145499e+00 -1.00013672e+00
 -1.04288930e+00 -9.96142561e-01
 -1.01959217e+00 -9.92499429e-01
 -1.11696920e+00 -9.89189856e-01
 -1.06419768e+00 -9.86198245e-01
 -1.00006475e+00 -9.83510693e-01
 -9.36302325e-01 -9.81114825e-01
 -9.32510590e-01 -9.78999653e-01
 -8.94790501e-01 -9.77155464e-01
 -8.93176701e-01 -9.75573706e-01
 -7.94305810e-01 -9.74246906e-01
 -8.01833470e-01 -9.73168589e-01
 -7.83972264e-01 -9.72333214e-01
 -7.90757055e-01 -9.71736117e-01
 -7.84324616e-01 -9.71373465e-01
 -7.48239313e-01 -9.71242216e-01
 -7.08632646e-01 -9.71340089e-01
 -7.37555876e-01 -9.71665538e-01
 -7.64489063e-01 -9.72217735e-01
 -7.31750661e-01 -9.72996558e-01
 -6.99864885e-01 -9.74002585e-01
 -7.30975553e-01 -9.75237092e-01
 -7.04517727e-01 -9.76702062e-01
 -6.02156310e-01 -9.78400195e-01
 -6.49164759e-01 -9.80334923e-01
 -5.05652627e-01 -9.82510437e-01
 -6.20360208e-01 -9.84931715e-01
 -6.51089341e-01 -9.87604562e-01
 -5.07043904e-01 -9.90535649e-01
 -5.58248686e-01 -9.93732573e-01
 -5.17153664e-01 -9.97203911e-01
 -5.07030391e-01 -1.00095930e+00
 -4.44775024e-01 -1.00500951e+00
 -4.34160055e-01 -1.00936656e+00
 -4.90310405e-01 -1.01404379e+00
 -3.49318836e-01 -1.01905603e+00
 -3.32797238e-01 -1.02441973e+00
 -3.64150862e-01 -1.03015310e+00
 -3.83069819e-01 -1.03627634e+00
 -3.81103328e-01 -1.04281184e+00
 -2.93934930e-01 -1.04978444e+00
 -3.46395836e-01 -1.05722171e+00
 -3.80762789e-01 -1.06515433e+00
 -1.80311562e-01 -1.07361642e+00
 -3.04201129e-01 -1.08264606e+00
 -2.24213340e-01 -1.09228578e+00
 -2.32530274e-01 -1.10258325e+00
 -2.35381698e-01 -1.11359195e+00
 -1.25470271e-01 -1.12537211e+00
 -8.95493593e-02 -1.13799171e+00
 -7.33365433e-02 -1.15152778e+00
 2.22369922e-02 -1.16606781e+00
 4.52490434e-02 -1.18171164e+00
 -2.13813980e-02 -1.19857359e+00
 5.96882701e-02 -1.21678516e+00
 1.72627190e-01 -1.23649827e+00
 1.67878677e-01 -1.25788933e+00
 2.26446723e-01 -1.28116429e+00
 2.61034756e-01 -1.30656496e+00
 2.43129458e-01 -1.33437702e+00
 2.37068665e-01 -1.36494029e+00
 4.16440664e-01 -1.39866192e+00
 4.69158046e-01 -1.43603362e+00
 5.36376578e-01 -1.47765443e+00
 5.10827497e-01 -1.52426102e+00
 6.14044647e-01 -1.57676882e+00
 8.10453939e-01 -1.63632847e+00
 8.56739964e-01 -1.70440465e+00
 9.61647355e-01 -1.78288816e+00
 1.06884076e+00 -1.87425840e+00
 1.16184477e+00 -1.98182421e+00
 1.27426485e+00 -2.11008951e+00
 1.59587017e+00 -2.26532382e+00
 1.68904471e+00 -2.45647957e+00
 1.90099525e+00 -2.69671760e+00
 2.07447401e+00 -3.00603961e+00
 2.48950848e+00 -3.41601546e+00
 2.85280492e+00 -3.97861751e+00
 3.19695663e+00 -4.78325831e+00
 3.65257517e+00 -5.98946017e+00
 3.96757231e+00 -7.87956659e+00
 3.29945716e+00 -1.08488370e+01
 1.53698150e-01 -1.46119853e+01
 -6.78100938e+00 -1.52221139e+01
 -1.15439486e+01 -9.81848921e+00
 -1.11364662e+01 -4.77051143e+00
 -9.28939094e+00 -2.22226223e+00
 -7.72489363e+00 -1.06676901e+00
 -6.56382658e+00 -5.32114526e-01
 -5.67379065e+00 -2.78274438e-01
 -4.95784892e+00 -1.58750286e-01
 -4.44666596e+00 -1.06967300e-01
 -3.99979468e+00 -9.07429249e-02
 -3.79642153e+00 -9.36411071e-02
 -3.40460082e+00 -1.06880648e-01
 -3.24491321e+00 -1.25602165e-01
 -3.11833747e+00 -1.47046754e-01
 -2.89054158e+00 -1.69622753e-01
 -2.68138775e+00 -1.92406951e-01
 -2.66811686e+00 -2.14868200e-01
 -2.49926315e+00 -2.36709505e-01
 -2.30915399e+00 -2.57775427e-01
 -2.22566623e+00 -2.77996609e-01
 -2.12465396e+00 -2.97355944e-01
 -1.99718031e+00 -3.15867668e-01
 -2.03788874e+00 -3.33564303e-01
 -1.97481917e+00 -3.50488459e-01
 -1.90952494e+00 -3.66687683e-01
 -1.88005423e+00 -3.82211246e-01
 -1.75698452e+00 -3.97108157e-01
 -1.77465481e+00 -4.11425976e-01
 -1.77733229e+00 -4.25210138e-01
 -1.65225955e+00 -4.38503608e-01
 -1.64808593e+00 -4.51346741e-01
 -1.51887946e+00 -4.63777284e-01
 -1.69943892e+00 -4.75830448e-01
 -1.56648968e+00 -4.87539036e-01
 -1.47712047e+00 -4.98933596e-01
 -1.44910545e+00 -5.10042584e-01
 -1.46722651e+00 -5.20892527e-01
 -1.44771163e+00 -5.31508190e-01
 -1.40991908e+00 -5.41912728e-01
 -1.36834967e+00 -5.52127838e-01
 -1.37013766e+00 -5.62173896e-01
 -1.41277502e+00 -5.72070087e-01
 -1.31416848e+00 -5.81834522e-01
 -1.30620469e+00 -5.91484354e-01
 -1.31040004e+00 -6.01035875e-01
 -1.29507287e+00 -6.10504615e-01
 -1.27560853e+00 -6.19905429e-01
 -1.23785384e+00 -6.29252578e-01
 -1.30595894e+00 -6.38559804e-01
 -1.21912618e+00 -6.47840405e-01
 -1.24833165e+00 -6.57107296e-01
 -1.12567661e+00 -6.66373078e-01
 -1.11889339e+00 -6.75650092e-01
 -1.02820709e+00 -6.84950480e-01
 -1.13530364e+00 -6.94286238e-01
 -1.21409071e+00 -7.03669271e-01
 -1.15466617e+00 -7.13111440e-01
 -1.13924109e+00 -7.22624620e-01
 -1.11284635e+00 -7.32220744e-01
 -1.13450799e+00 -7.41911858e-01
 -1.11801876e+00 -7.51710169e-01
 -1.17875487e+00 -7.61628100e-01
 -1.07953363e+00 -7.71678340e-01
 -1.09701537e+00 -7.81873902e-01
 -1.10353146e+00 -7.92228176e-01
 -1.07089449e+00 -8.02754997e-01
 -1.16037154e+00 -8.13468699e-01
 -1.00956449e+00 -8.24384191e-01
 -1.00288912e+00 -8.35517022e-01
 -1.00986332e+00 -8.46883464e-01
 -1.10035326e+00 -8.58500593e-01
 -1.14145854e+00 -8.70386383e-01
 -1.08746956e+00 -8.82559799e-01
 -1.00195514e+00 -8.95040914e-01
 -1.09761056e+00 -9.07851022e-01
 -9.44925561e-01 -9.21012770e-01
 -1.09749350e+00 -9.34550307e-01
 -1.10813173e+00 -9.48489442e-01
 -9.13876946e-01 -9.62857827e-01
 -9.42251223e-01 -9.77685155e-01
 -9.95170605e-01 -9.93003386e-01
 -9.77813461e-01 -1.00884700e+00
 -1.05481104e+00 -1.02525329e+00
 -9.99524677e-01 -1.04226265e+00
 -1.03260747e+00 -1.05991901e+00
 -9.32130669e-01 -1.07827018e+00
 -9.78218436e-01 -1.09736834e+00
 -9.72393630e-01 -1.11727063e+00
 -1.00608461e+00 -1.13803971e+00
 -8.84768074e-01 -1.15974453e+00
 -9.78273927e-01 -1.18246111e+00
 -9.17967142e-01 -1.20627356e+00
 -9.51408596e-01 -1.23127515e+00
 -9.09398739e-01 -1.25756966e+00
 -8.86716689e-01 -1.28527293e+00
 -8.36774893e-01 -1.31451462e+00
 -9.15499896e-01 -1.34544046e+00
 -8.36436725e-01 -1.37821475e+00
 -8.65954885e-01 -1.41302347e+00
 -9.16642272e-01 -1.45007801e+00
 -8.49291954e-01 -1.48961960e+00
 -8.37351863e-01 -1.53192487e+00
 -8.99892676e-01 -1.57731247e+00
 -8.69474152e-01 -1.62615143e+00
 -8.72338406e-01 -1.67887141e+00
 -8.30709902e-01 -1.73597569e+00
 -9.25865660e-01 -1.79805743e+00
 -8.39473688e-01 -1.86582055e+00
 -8.83801290e-01 -1.94010656e+00
 -8.83579231e-01 -2.02192944e+00
 -9.63062671e-01 -2.11252159e+00
 -8.92357711e-01 -2.21339490e+00
 -9.27102361e-01 -2.32642315e+00
 -9.37524749e-01 -2.45395442e+00
 -9.49636403e-01 -2.59896691e+00
 -8.52109971e-01 -2.76528777e+00
 -9.51403788e-01 -2.95790514e+00
 -1.03026086e+00 -3.18341904e+00
 -1.00022534e+00 -3.45069962e+00
 -1.18802915e+00 -3.77185081e+00
 -1.36745539e+00 -4.16359762e+00
 -1.53941618e+00 -4.64914835e+00
 -1.79573668e+00 -5.26008758e+00
 -2.31758273e+00 -6.03549043e+00
 -3.23143582e+00 -7.00503012e+00
 -4.94201006e+00 -8.09845090e+00
 -7.96872784e+00 -8.76608290e+00
 -1.25411373e+01 -7.05472811e+00
 -1.49738500e+01 -1.26102401e+00
 -1.23493989e+01 3.83745250e+00
 -8.61439985e+00 5.33338542e+00
 -6.08079561e+00 5.14771975e+00
 -4.64645711e+00 4.56339592e+00
 -3.73222737e+00 3.97015059e+00
 -3.13032665e+00 3.45535618e+00
 -2.64374340e+00 3.02541315e+00
 -2.36728608e+00 2.66823328e+00
 -2.19819105e+00 2.36980235e+00
 -1.99828500e+00 2.11810625e+00
 -1.83227669e+00 1.90363037e+00
 -1.78340647e+00 1.71901427e+00
 -1.67310943e+00 1.55858303e+00
 -1.55581750e+00 1.41793971e+00
 -1.52904694e+00 1.29364883e+00
 -1.39327870e+00 1.18299973e+00
 -1.43178616e+00 1.08383202e+00
 -1.37432661e+00 9.94406663e-01
 -1.37247610e+00 9.13310439e-01
 -1.33894355e+00 8.39384488e-01
 -1.30378722e+00 7.71670460e-01
 -1.29253890e+00 7.09369511e-01
 -1.22136515e+00 6.51810793e-01
 -1.27625501e+00 5.98427028e-01
 -1.23169507e+00 5.48735393e-01
 -1.32034358e+00 5.02322432e-01
 -1.30631518e+00 4.58832064e-01
 -1.26436419e+00 4.17955963e-01
 -1.22934605e+00 3.79425796e-01
 -1.12400192e+00 3.43006909e-01
 -1.21132250e+00 3.08493163e-01
 -1.17989147e+00 2.75702680e-01
 -1.10605984e+00 2.44474318e-01
 -1.15435613e+00 2.14664745e-01
 -1.07302892e+00 1.86145975e-01
 -1.19089166e+00 1.58803308e-01
 -1.12765485e+00 1.32533577e-01
 -1.15881842e+00 1.07243667e-01
 -1.08712092e+00 8.28492465e-02
 -1.20337736e+00 5.92736851e-02
 -1.13622430e+00 3.64471161e-02
 -1.10593146e+00 1.43056312e-02
 -1.26864521e+00 -7.20941947e-03
 -1.12917149e+00 -2.81520372e-02
 -1.19841763e+00 -4.85721073e-02
 -1.09104033e+00 -6.85158668e-02
 -1.09817236e+00 -8.80263164e-02
 -1.05050181e+00 -1.07143585e-01
 -1.24588431e+00 -1.25905252e-01
 -1.21917710e+00 -1.44346638e-01
 -1.15713425e+00 -1.62501063e-01
 -1.14163052e+00 -1.80400075e-01
 -1.18873784e+00 -1.98073666e-01
 -1.11754214e+00 -2.15550461e-01
 -1.16514023e+00 -2.32857889e-01
 -1.11167279e+00 -2.50022350e-01
 -1.13317166e+00 -2.67069359e-01
 -1.19486587e+00 -2.84023686e-01
 -1.22355397e+00 -3.00909488e-01
 -1.12461086e+00 -3.17750428e-01
 -1.02629245e+00 -3.34569795e-01
 -1.09574408e+00 -3.51390619e-01
 -1.20807909e+00 -3.68235778e-01
 -1.21646612e+00 -3.85128106e-01
 -1.15587848e+00 -4.02090502e-01
 -1.18479749e+00 -4.19146037e-01
 -1.11891334e+00 -4.36318060e-01
 -1.16509853e+00 -4.53630311e-01
 -1.22174494e+00 -4.71107034e-01
 -1.21294262e+00 -4.88773092e-01
 -1.24778380e+00 -5.06654098e-01
 -1.26241819e+00 -5.24776540e-01
 -1.27826840e+00 -5.43167923e-01
 -1.28288744e+00 -5.61856916e-01
 -1.18241324e+00 -5.80873516e-01
 -1.28054590e+00 -6.00249223e-01
 -1.21118770e+00 -6.20017227e-01
 -1.30080608e+00 -6.40212623e-01
 -1.28779609e+00 -6.60872634e-01
 -1.30785219e+00 -6.82036875e-01
 -1.26901929e+00 -7.03747630e-01
 -1.29873846e+00 -7.26050169e-01
 -1.28694548e+00 -7.48993106e-01
 -1.32002427e+00 -7.72628793e-01
 -1.29958222e+00 -7.97013770e-01
 -1.37333942e+00 -8.22209276e-01
 -1.44624778e+00 -8.48281820e-01
 -1.35164392e+00 -8.75303845e-01
 -1.42983127e+00 -9.03354474e-01
 -1.44569653e+00 -9.32520378e-01
 -1.43602745e+00 -9.62896762e-01
 -1.38803174e+00 -9.94588518e-01
 -1.39716830e+00 -1.02771155e+00
 -1.50546989e+00 -1.06239434e+00
 -1.51004482e+00 -1.09877971e+00
 -1.57931055e+00 -1.13702702e+00
 -1.60478593e+00 -1.17731459e+00
 -1.53474606e+00 -1.21984271e+00
 -1.69697560e+00 -1.26483715e+00
 -1.64687123e+00 -1.31255334e+00
 -1.71193845e+00 -1.36328140e+00
 -1.81012273e+00 -1.41735225e+00
 -1.75739993e+00 -1.47514490e+00
 -1.80669213e+00 -1.53709546e+00
 -1.85397102e+00 -1.60370804e+00
 -1.98248428e+00 -1.67556826e+00
 -1.85941108e+00 -1.75335987e+00
 -2.16173438e+00 -1.83788540e+00
 -2.08760165e+00 -1.93009194e+00
 -2.21871826e+00 -2.03110325e+00
 -2.39964492e+00 -2.14225993e+00
 -2.38869856e+00 -2.26516934e+00
 -2.50669508e+00 -2.40176710e+00
 -2.69498318e+00 -2.55439091e+00
 -2.91657083e+00 -2.72586473e+00
 -3.18336813e+00 -2.91958325e+00
 -3.42302616e+00 -3.13956623e+00
 -3.62139227e+00 -3.39040131e+00
 -4.13307193e+00 -3.67686290e+00
 -4.64794964e+00 -4.00265334e+00
 -5.32497852e+00 -4.36678171e+00
 -6.33388385e+00 -4.75344274e+00
 -7.75251569e+00 -5.10337859e+00
 -9.85938726e+00 -5.23121098e+00
 -1.28466193e+01 -4.59409871e+00
 -1.67858098e+01 -1.81963315e+00
 -1.89322392e+01 4.78026148e+00
 -1.50418357e+01 1.19623030e+01
 -8.41562728e+00 1.37873746e+01
 -3.93062758e+00 1.21695287e+01
 -1.82558148e+00 1.00693428e+01
 -8.01776746e-01 8.32698679e+00
 -2.00616299e-01 6.99367874e+00
 -3.32083428e-03 5.97808118e+00
 1.02485073e-01 5.19237894e+00
 1.56028976e-01 4.57221633e+00
 1.56002009e-01 4.07294409e+00
 1.69989285e-01 3.66367820e+00
 1.58913325e-01 3.32276940e+00
 1.53747941e-01 3.03475932e+00
 4.78908459e-02 2.78839367e+00
 5.45587617e-02 2.57532358e+00
 2.95441031e-02 2.38924603e+00
 -4.91375110e-02 2.22532518e+00
 -2.04869805e-02 2.07979587e+00
 -1.19636376e-01 1.94968697e+00
 -1.93945886e-01 1.83262512e+00
 -1.96950976e-01 1.72669321e+00
 -1.95163166e-01 1.63032683e+00
 -2.74841361e-01 1.54223737e+00
 -1.63307343e-01 1.46135425e+00
 -3.42907710e-01 1.38678098e+00
 -2.76785772e-01 1.31776132e+00
 -3.06746412e-01 1.25365297e+00
 -4.13268470e-01 1.19390700e+00
 -4.17657116e-01 1.13805147e+00
 -3.87387768e-01 1.08567839e+00
 -3.28939322e-01 1.03643324e+00
 -4.37870930e-01 9.90006455e-01
 -4.95075755e-01 9.46126475e-01
 -4.06067999e-01 9.04554052e-01
 -5.54953796e-01 8.65077524e-01
 -5.52974101e-01 8.27508899e-01
 -5.50617272e-01 7.91680580e-01
 -4.95395557e-01 7.57442609e-01
 -5.29972972e-01 7.24660345e-01
 -4.25659201e-01 6.93212492e-01
 -6.30356940e-01 6.62989420e-01
 -6.52310265e-01 6.33891726e-01
 -5.85245705e-01 6.05828999e-01
 -5.82333906e-01 5.78718756e-01
 -6.97091804e-01 5.52485515e-01
 -6.47346424e-01 5.27059998e-01
 -6.17734423e-01 5.02378427e-01
 -7.37129276e-01 4.78381912e-01
 -7.04489319e-01 4.55015912e-01
 -8.28070296e-01 4.32229759e-01
 -7.93598974e-01 4.09976238e-01
 -7.77137442e-01 3.88211213e-01
 -7.11911711e-01 3.66893292e-01
 -8.97475014e-01 3.45983529e-01
 -7.61830272e-01 3.25445155e-01
 -7.91831077e-01 3.05243333e-01
 -9.09891059e-01 2.85344943e-01
 -8.22531630e-01 2.65718375e-01
 -8.46220158e-01 2.46333346e-01
 -8.72091369e-01 2.27160732e-01
 -8.16824440e-01 2.08172410e-01
 -9.62789142e-01 1.89341108e-01
 -8.90326239e-01 1.70640267e-01
 -8.83862527e-01 1.52043912e-01
 -9.09719573e-01 1.33526521e-01
 -1.00396131e+00 1.15062910e-01
 -8.57309615e-01 9.66281081e-02
 -9.74212876e-01 7.81972480e-02
 -1.03926038e+00 5.97454458e-02
 -9.23293060e-01 4.12476880e-02
 -1.03056272e+00 2.26787148e-02
 -1.10894212e+00 4.01290110e-03
 -1.07718378e+00 -1.47758663e-02
 -1.07947164e+00 -3.37143155e-02
 -1.17340106e+00 -5.28299233e-02
 -1.12084238e+00 -7.21510556e-02
 -1.20219537e+00 -9.17071177e-02
 -1.12629158e+00 -1.11528715e-01
 -1.18459148e+00 -1.31647825e-01
 -1.22259131e+00 -1.52097987e-01
 -1.26220163e+00 -1.72914505e-01
 -1.29972899e+00 -1.94134675e-01
 -1.20304616e+00 -2.15798028e-01
 -1.27835121e+00 -2.37946607e-01
 -1.33125761e+00 -2.60625268e-01
 -1.35300013e+00 -2.83882019e-01
 -1.38292460e+00 -3.07768399e-01
 -1.39266867e+00 -3.32339900e-01
 -1.42065265e+00 -3.57656445e-01
 -1.44803292e+00 -3.83782927e-01
 -1.49595297e+00 -4.10789817e-01
 -1.59449000e+00 -4.38753858e-01
 -1.55246678e+00 -4.67758852e-01
 -1.63604550e+00 -4.97896556e-01
 -1.60075111e+00 -5.29267712e-01
 -1.60789527e+00 -5.61983222e-01
 -1.76501056e+00 -5.96165502e-01
 -1.85185957e+00 -6.31950034e-01
 -1.86576312e+00 -6.69487158e-01
 -1.99233644e+00 -7.08944134e-01
 -2.09725185e+00 -7.50507524e-01
 -2.01633559e+00 -7.94385927e-01
 -2.05228167e+00 -8.40813131e-01
 -2.18829535e+00 -8.90051707e-01
 -2.30822176e+00 -9.42397101e-01
 -2.30171209e+00 -9.98182213e-01
 -2.52562980e+00 -1.05778242e+00
 -2.63057738e+00 -1.12162092e+00
 -2.72605112e+00 -1.19017398e+00
 -2.71489802e+00 -1.26397552e+00
 -2.99585979e+00 -1.34361953e+00
 -3.13073782e+00 -1.42975795e+00
 -3.33349793e+00 -1.52308916e+00
 -3.49649412e+00 -1.62432842e+00
 -3.89789131e+00 -1.73414351e+00
 -4.01986450e+00 -1.85302362e+00
 -4.36486545e+00 -1.98101900e+00
 -4.77436751e+00 -2.11722458e+00
 -5.31278689e+00 -2.25874408e+00
 -6.01320999e+00 -2.39856340e+00
 -6.77677268e+00 -2.52104388e+00
 -7.78229130e+00 -2.59199113e+00
 -9.26233103e+00 -2.53582231e+00
 -1.10546130e+01 -2.18117080e+00
 -1.36625032e+01 -1.13181760e+00
 -1.67168893e+01 1.49075777e+00
 -1.91238673e+01 7.10250948e+00
 -1.70221016e+01 1.52043373e+01
 -9.27693837e+00 1.96281089e+01
 -2.25216356e+00 1.80183112e+01
 1.27362400e+00 1.45937842e+01
 2.59133244e+00 1.16440316e+01
 3.06004586e+00 9.46339281e+00
 3.04338782e+00 7.88033009e+00
 2.88269465e+00 6.71133802e+00
 2.68360510e+00 5.82611336e+00
 2.50872244e+00 5.13867323e+00
 2.33732171e+00 4.59246665e+00
 2.14369490e+00 4.14964860e+00
 2.05587224e+00 3.78429574e+00
 1.90635364e+00 3.47821913e+00
 1.66384020e+00 3.21836119e+00
 1.53888870e+00 2.99514828e+00
 1.52549547e+00 2.80142514e+00
 1.43269383e+00 2.63175038e+00
 1.18058595e+00 2.48192060e+00
 1.17037005e+00 2.34864233e+00
 1.12147682e+00 2.22930173e+00
 1.04687882e+00 2.12179993e+00
 9.01756835e-01 2.02443361e+00
 9.18388408e-01 1.93580688e+00
 8.79829329e-01 1.85476561e+00
 7.66059159e-01 1.78034764e+00
 7.81728836e-01 1.71174479e+00
 5.97824755e-01 1.64827344e+00
 6.15216438e-01 1.58935155e+00
 5.91028484e-01 1.53448056e+00
 5.73449570e-01 1.48323103e+00
 4.28329629e-01 1.43523104e+00
 4.76200286e-01 1.39015695e+00
 3.93288661e-01 1.34772578e+00
 4.07736679e-01 1.30768902e+00
 2.90011678e-01 1.26982751e+00
 2.85614881e-01 1.23394724e+00
 3.27844154e-01 1.19987580e+00
 2.09932221e-01 1.16745943e+00
 1.06357799e-01 1.13656054e+00
 1.76271522e-01 1.10705560e+00
 4.97044421e-02 1.07883336e+00
 1.43193700e-01 1.05179332e+00
 7.64451595e-02 1.02584443e+00
 -1.27449494e-02 1.00090396e+00
 3.66694063e-02 9.76896528e-01
 -3.18291729e-02 9.53753286e-01
 4.23925048e-02 9.31411150e-01
 -8.64858890e-02 9.09812188e-01
 3.59865443e-02 8.88903053e-01
 -9.20563495e-02 8.68634494e-01
 -1.52596309e-01 8.48960922e-01
 -1.55137246e-01 8.29840032e-01
 -1.40707998e-01 8.11232460e-01
 -1.77497432e-01 7.93101481e-01
 -2.90069757e-01 7.75412743e-01
 -2.39355422e-01 7.58134026e-01
 -3.24297172e-01 7.41235019e-01
 -3.05244552e-01 7.24687132e-01
 -3.47593061e-01 7.08463314e-01
 -3.01252239e-01 6.92537897e-01
 -4.03673571e-01 6.76886443e-01
 -2.76391433e-01 6.61485615e-01
 -3.46925492e-01 6.46313048e-01
 -3.99442488e-01 6.31347241e-01
 -4.46791471e-01 6.16567443e-01
 -4.80158015e-01 6.01953559e-01
 -4.43129386e-01 5.87486052e-01
 -4.45742192e-01 5.73145856e-01
 -4.72053912e-01 5.58914292e-01
 -5.44181939e-01 5.44772982e-01
 -5.31154372e-01 5.30703774e-01
 -6.17918855e-01 5.16688663e-01
 -5.98923481e-01 5.02709713e-01
 -5.73853322e-01 4.88748987e-01
 -6.61050315e-01 4.74788466e-01
 -6.66472353e-01 4.60809973e-01
 -7.12066538e-01 4.46795102e-01
 -7.26789834e-01 4.32725130e-01
 -7.84886810e-01 4.18580943e-01
 -8.40917794e-01 4.04342948e-01
 -7.57136298e-01 3.89990989e-01
 -9.39360065e-01 3.75504250e-01
 -9.57560298e-01 3.60861163e-01
 -8.47038865e-01 3.46039306e-01
 -8.72233310e-01 3.31015295e-01
 -8.07192617e-01 3.15764673e-01
 -1.01720343e+00 3.00261788e-01
 -1.06092310e+00 2.84479673e-01
 -1.15779244e+00 2.68389908e-01
 -1.20648852e+00 2.51962488e-01
 -1.16477917e+00 2.35165681e-01
 -1.27178683e+00 2.17965881e-01
 -1.33734991e+00 2.00327467e-01
 -1.27104063e+00 1.82212666e-01
 -1.40192190e+00 1.63581427e-01
 -1.36190293e+00 1.44391319e-01
 -1.50259774e+00 1.24597471e-01
 -1.45852952e+00 1.04152565e-01
 -1.59870454e+00 8.30069376e-02
 -1.63835429e+00 6.11088032e-02
 -1.72536178e+00 3.84047031e-02
 -1.85708397e+00 1.48402514e-02
 -1.85627691e+00 -9.63866368e-03
 -1.91084270e+00 -3.50840166e-02
 -2.10577718e+00 -6.15428054e-02
 -2.18892147e+00 -8.90527690e-02
 -2.23721582e+00 -1.17635956e-01
 -2.44360817e+00 -1.47289070e-01
 -2.52954976e+00 -1.77968925e-01
 -2.60060502e+00 -2.09570406e-01
 -2.80290376e+00 -2.41892774e-01
 -3.08556693e+00 -2.74587574e-01
 -3.34968996e+00 -3.07076979e-01
 -3.53576707e+00 -3.38423673e-01
 -3.74403528e+00 -3.67119535e-01
 -4.03681257e+00 -3.90734797e-01
 -4.47674028e+00 -4.05320609e-01
 -4.97138391e+00 -4.04362099e-01
 -5.45529706e+00 -3.76883128e-01
 -6.04491102e+00 -3.03889314e-01
 -6.92336848e+00 -1.51426263e-01
 -8.13136010e+00 1.43514395e-01
 -9.40968179e+00 7.02560496e-01
 -1.10977854e+01 1.76820916e+00
 -1.30805402e+01 3.82190902e+00
 -1.49305772e+01 7.68900157e+00
 -1.45289845e+01 1.38853772e+01
 -9.09990974e+00 1.96671159e+01
 -1.11352568e+00 2.00186248e+01
 3.66249191e+00 1.64326178e+01
 5.56810490e+00 1.26859888e+01
 5.88298405e+00 9.89315976e+00
 5.70841893e+00 7.94349228e+00
 5.24832758e+00 6.57222815e+00
 4.89163155e+00 5.58158322e+00
 4.36570270e+00 4.84428490e+00
 3.99844291e+00 4.28006397e+00
 3.72779274e+00 3.83752319e+00
 3.50044340e+00 3.48290409e+00
 3.21785532e+00 3.19341690e+00
 3.00225454e+00 2.95326457e+00
 2.76596336e+00 2.75122640e+00
 2.65414677e+00 2.57915355e+00
 2.44778246e+00 2.43100857e+00
 2.31792657e+00 2.30223707e+00
 2.22320537e+00 2.18934728e+00
 2.10421078e+00 2.08962266e+00
 1.94042390e+00 2.00092163e+00
 1.88558213e+00 1.92153544e+00
 1.82489747e+00 1.85008567e+00
 1.72268614e+00 1.78544924e+00
 1.71283583e+00 1.72670265e+00
 1.60135752e+00 1.67308010e+00
 1.57156441e+00 1.62394159e+00
 1.37046321e+00 1.57874844e+00
 1.38523893e+00 1.53704418e+00
 1.26558132e+00 1.49843964e+00
 1.23744257e+00 1.46260109e+00
 1.19359213e+00 1.42924083e+00
 1.13549313e+00 1.39810956e+00
 1.07597454e+00 1.36899025e+00
 1.02529722e+00 1.34169315e+00
 1.00634942e+00 1.31605165e+00
 1.02822260e+00 1.29191887e+00
 9.78390627e-01 1.26916488e+00
 9.46423180e-01 1.24767433e+00
 8.93160560e-01 1.22734449e+00
 8.81942802e-01 1.20808356e+00
 7.58061018e-01 1.18980928e+00
 7.86349845e-01 1.17244774e+00
 7.49561985e-01 1.15593237e+00
 7.54710799e-01 1.14020301e+00
 6.43270567e-01 1.12520522e+00
 6.85544366e-01 1.11088962e+00
 6.89350110e-01 1.09721127e+00
 5.74289256e-01 1.08412927e+00
 5.51481277e-01 1.07160627e+00
 5.55354271e-01 1.05960812e+00
 5.23076112e-01 1.04810355e+00
 4.18617042e-01 1.03706388e+00
 5.32304387e-01 1.02646275e+00
 3.73646591e-01 1.01627594e+00
 3.73604538e-01 1.00648113e+00
 4.12863084e-01 9.97057764e-01
 4.42093406e-01 9.87986875e-01
 3.54733517e-01 9.79250951e-01
 3.61855259e-01 9.70833821e-01
 2.84639009e-01 9.62720548e-01
 3.25089130e-01 9.54897330e-01
 3.41806438e-01 9.47351418e-01
 3.00189140e-01 9.40071045e-01
 3.27113351e-01 9.33045357e-01
 2.33549536e-01 9.26264360e-01
 2.17201263e-01 9.19718865e-01
 1.80397717e-01 9.13400451e-01
 1.60456635e-01 9.07301427e-01
 1.01010397e-01 9.01414800e-01
 1.08910894e-01 8.95734256e-01
 4.73263030e-02 8.90254137e-01
 2.92424715e-02 8.84969434e-01
 6.06597127e-02 8.79875778e-01
 2.75314633e-02 8.74969439e-01
 -1.04077633e-01 8.70247339e-01
 -1.25806600e-01 8.65707057e-01
 -9.00941315e-02 8.61346859e-01
 -3.80415544e-02 8.57165722e-01
 -1.20423954e-01 8.53163374e-01
 -2.06585954e-01 8.49340346e-01
 -1.58478379e-01 8.45698029e-01
 -2.08686372e-01 8.42238753e-01
 -2.56206601e-01 8.38965878e-01
 -2.89946704e-01 8.35883902e-01
 -2.61013905e-01 8.32998595e-01
 -2.82997564e-01 8.30317159e-01
 -3.56220207e-01 8.27848415e-01
 -3.42727133e-01 8.25603035e-01
 -4.18584271e-01 8.23593815e-01
 -4.36436550e-01 8.21836006e-01
 -5.39504122e-01 8.20347712e-01
 -5.13243141e-01 8.19150373e-01
 -5.52557589e-01 8.18269350e-01
 -5.82503292e-01 8.17734643e-01
 -7.31921061e-01 8.17581765e-01
 -6.10617992e-01 8.17852826e-01
 -6.60821926e-01 8.18597865e-01
 -8.01708665e-01 8.19876523e-01
 -8.09919699e-01 8.21760122e-01
 -9.67409359e-01 8.24334310e-01
 -8.55060170e-01 8.27702400e-01
 -1.04797797e+00 8.31989663e-01
 -1.03336180e+00 8.37348861e-01
 -1.08927042e+00 8.43967459e-01
 -1.24057908e+00 8.52077104e-01
 -1.34792518e+00 8.61966229e-01
 -1.40314665e+00 8.73996966e-01
 -1.54611823e+00 8.88628154e-01
 -1.69952592e+00 9.06447013e-01
 -1.81067659e+00 9.28213374e-01
 -1.92065647e+00 9.54922408e-01
 -2.14072676e+00 9.87895059e-01
 -2.28791711e+00 1.02891084e+00
 -2.58452729e+00 1.08040680e+00
 -2.66113705e+00 1.14578215e+00
 -2.83624989e+00 1.22987627e+00
 -3.21298166e+00 1.33973860e+00
 -3.55177067e+00 1.48590524e+00
 -4.00412881e+00 1.68458183e+00
 -4.47445360e+00 1.96149824e+00
 -5.09459218e+00 2.35892682e+00
 -5.74145647e+00 2.94874929e+00
 -6.64394129e+00 3.85665897e+00
 -7.50435408e+00 5.30279789e+00
 -8.17504034e+00 7.63907704e+00
 -7.91342467e+00 1.11942680e+01
 -4.99387241e+00 1.52501381e+01
 9.08718835e-01 1.67273563e+01
 5.65140223e+00 1.41544218e+01
 7.56599336e+00 1.04414227e+01
 7.73930055e+00 7.56716812e+00
 7.14298637e+00 5.66088036e+00
 6.46080351e+00 4.41752391e+00
 5.96694632e+00 3.58628515e+00
 5.18601560e+00 3.01113587e+00
 4.77196966e+00 2.59944735e+00
 4.52656190e+00 2.29561357e+00
 4.02604546e+00 2.06530573e+00
 3.73468414e+00 1.88664595e+00
 3.60921156e+00 1.74525196e+00
 3.29663652e+00 1.63139344e+00
 3.08936088e+00 1.53831372e+00
 3.08514566e+00 1.46120994e+00
 2.72683453e+00 1.39659565e+00
 2.66895109e+00 1.34189190e+00
 2.57807166e+00 1.29515842e+00
 2.46884480e+00 1.25491300e+00
 2.39926494e+00 1.22000755e+00
 2.26062770e+00 1.18954160e+00
 2.20500615e+00 1.16280074e+00
 2.05158656e+00 1.13921224e+00
 1.95155506e+00 1.11831256e+00
 1.88428477e+00 1.09972318e+00
 1.80848520e+00 1.08313255e+00
 1.77999809e+00 1.06828230e+00
 1.80627686e+00 1.05495669e+00
 1.76257481e+00 1.04297443e+00
 1.62264030e+00 1.03218227e+00
 1.57178283e+00 1.02244999e+00
 1.50617563e+00 1.01366635e+00
 1.50658018e+00 1.00573590e+00
 1.42765485e+00 9.98576363e-01
 1.47984482e+00 9.92116593e-01
 1.35325400e+00 9.86294798e-01
 1.38938026e+00 9.81057161e-01
 1.30777811e+00 9.76356671e-01
 1.30228470e+00 9.72152158e-01
 1.37341800e+00 9.68407485e-01
 1.24644882e+00 9.65090880e-01
 1.18587922e+00 9.62174365e-01
 1.20762624e+00 9.59633280e-01
 1.41183969e+00 9.57445877e-01
 1.12325694e+00 9.55592976e-01
 1.12263249e+00 9.54057676e-01
 1.15427949e+00 9.52825097e-01
 1.06184594e+00 9.51882175e-01
 9.49071929e-01 9.51217473e-01
 1.04006996e+00 9.50821025e-01
 9.71108099e-01 9.50684204e-01
 9.89028137e-01 9.50799603e-01
 9.82354176e-01 9.51160941e-01
 1.00119246e+00 9.51762976e-01
 9.00996820e-01 9.52601432e-01
 9.23518976e-01 9.53672946e-01
 9.67977086e-01 9.54975012e-01
 8.47054546e-01 9.56505944e-01
 8.69144955e-01 9.58264844e-01
 7.90707681e-01 9.60251573e-01
 8.57244673e-01 9.62466741e-01
 9.17366724e-01 9.64911690e-01
 8.48849267e-01 9.67588492e-01
 8.05149143e-01 9.70499952e-01
 7.29851708e-01 9.73649614e-01
 7.97853990e-01 9.77041778e-01
 7.78761632e-01 9.80681518e-01
 6.90268732e-01 9.84574709e-01
 7.10965805e-01 9.88728063e-01
 7.10564598e-01 9.93149172e-01
 6.41908991e-01 9.97846550e-01
 6.65330440e-01 1.00282970e+00
 6.76816340e-01 1.00810917e+00
 6.40931271e-01 1.01369663e+00
 6.75759654e-01 1.01960499e+00
 5.90570683e-01 1.02584846e+00
 6.22238467e-01 1.03244267e+00
 6.57718866e-01 1.03940484e+00
 5.51805556e-01 1.04675389e+00
 5.55553215e-01 1.05451064e+00
 5.71298587e-01 1.06269796e+00
 5.11524423e-01 1.07134106e+00
 4.77061373e-01 1.08046771e+00
 3.99919513e-01 1.09010853e+00
 4.67184908e-01 1.10029732e+00
 4.40656970e-01 1.11107150e+00
 3.87963525e-01 1.12247252e+00
 4.22822522e-01 1.13454639e+00
 3.83742384e-01 1.14734430e+00
 3.16583602e-01 1.16092333e+00
 3.97364871e-01 1.17534729e+00
 3.07790411e-01 1.19068768e+00
 3.18284543e-01 1.20702491e+00
 2.46387862e-01 1.22444962e+00
 3.08086361e-01 1.24306434e+00
 2.90751694e-01 1.26298549e+00
 1.70160792e-01 1.28434573e+00
 2.40848265e-01 1.30729687e+00
 1.49548870e-01 1.33201332e+00
 5.69989524e-02 1.35869646e+00
 4.58268673e-02 1.38757995e+00
 1.18202756e-01 1.41893630e+00
 -7.48574535e-02 1.45308519e+00
 1.73867700e-02 1.49040395e+00
 -3.14449005e-02 1.53134089e+00
 -1.19463814e-01 1.57643247e+00
 -1.47102843e-01 1.62632567e+00
 -1.26166311e-01 1.68180726e+00
 -2.99639789e-01 1.74384280e+00
 -3.92311325e-01 1.81362914e+00
 -3.16780357e-01 1.89266593e+00
 -5.21771834e-01 1.98285474e+00
 -5.39627496e-01 2.08663834e+00
 -5.89913316e-01 2.20719994e+00
 -6.59589175e-01 2.34875308e+00
 -8.75370251e-01 2.51697175e+00
 -9.07849424e-01 2.71964044e+00
 -1.01539240e+00 2.96765480e+00
 -1.09815141e+00 3.27658469e+00
 -1.29829088e+00 3.66912856e+00
 -1.41054315e+00 4.17889367e+00
 -1.54061128e+00 4.85570972e+00
 -1.46630419e+00 5.77055661e+00
 -1.26811289e+00 7.00737956e+00
 -1.77994828e-01 8.58518983e+00
 1.74737280e+00 1.01417124e+01
 5.32523240e+00 1.03839338e+01
 8.39884098e+00 8.09713572e+00
 9.27411388e+00 4.77152810e+00
 8.50913968e+00 2.34771653e+00
 7.32083642e+00 1.00673077e+00
 6.21697751e+00 3.28780916e-01
 5.44000458e+00 -2.59081648e-03
 4.76160296e+00 -1.57125198e-01
 4.28006619e+00 -2.20232199e-01
 3.81449415e+00 -2.35230623e-01
 3.52221904e+00 -2.24698908e-01
 3.34542766e+00 -2.00755661e-01
 3.17033464e+00 -1.70069996e-01
 2.83829478e+00 -1.36377878e-01
 2.65943922e+00 -1.01789712e-01
 2.61331949e+00 -6.74926169e-02
 2.44827780e+00 -3.41390735e-02
 2.34048560e+00 -2.06775831e-03
 2.33841934e+00 2.85681265e-02
 2.11861325e+00 5.77248757e-02
 2.10135162e+00 8.54226346e-02
 2.03238211e+00 1.11717689e-01
 1.94790066e+00 1.36685545e-01
 1.87420630e+00 1.60410594e-01
 1.83104407e+00 1.82979850e-01
 1.81884922e+00 2.04479214e-01
 1.77988283e+00 2.24991331e-01
 1.71083151e+00 2.44594435e-01
 1.77455166e+00 2.63361816e-01
 1.56359742e+00 2.81361676e-01
 1.60447700e+00 2.98657205e-01
 1.56155305e+00 3.15306802e-01
 1.51159669e+00 3.31364366e-01
 1.51168436e+00 3.46879619e-01
 1.52828195e+00 3.61898440e-01
 1.51662851e+00 3.76463199e-01
 1.44342478e+00 3.90613066e-01
 1.41973902e+00 4.04384310e-01
 1.45744498e+00 4.17810574e-01
 1.32911717e+00 4.30923131e-01
 1.44812241e+00 4.43751114e-01
 1.35786181e+00 4.56321729e-01
 1.40867346e+00 4.68660453e-01
 1.26237812e+00 4.80791205e-01
 1.31597192e+00 4.92736514e-01
 1.38710227e+00 5.04517660e-01
 1.22474810e+00 5.16154812e-01
 1.20954141e+00 5.27667153e-01
 1.35614071e+00 5.39072988e-01
 1.34754127e+00 5.50389853e-01
 1.28354117e+00 5.61634610e-01
 1.25316342e+00 5.72823533e-01
 1.19474048e+00 5.83972399e-01
 1.23762704e+00 5.95096560e-01
 1.16978383e+00 6.06211022e-01
 1.16436009e+00 6.17330511e-01
 1.09951377e+00 6.28469545e-01
 1.17964946e+00 6.39642495e-01
 1.13119112e+00 6.50863653e-01
 1.14132057e+00 6.62147290e-01
 1.20019012e+00 6.73507722e-01
 1.11924333e+00 6.84959366e-01
 1.17525525e+00 6.96516808e-01
 1.19146716e+00 7.08194861e-01
 1.14195057e+00 7.20008631e-01
 1.22096130e+00 7.31973583e-01
 1.13503820e+00 7.44105614e-01
 1.17874627e+00 7.56421117e-01
 1.13896164e+00 7.68937067e-01
 1.10817340e+00 7.81671096e-01
 1.19806212e+00 7.94641580e-01
 1.19274335e+00 8.07867737e-01
 1.09922259e+00 8.21369722e-01
 1.14275655e+00 8.35168741e-01
 1.09304856e+00 8.49287167e-01
 1.16915412e+00 8.63748673e-01
 1.17251560e+00 8.78578374e-01
 1.08933803e+00 8.93802990e-01
 1.07846673e+00 9.09451012e-01
 1.04091072e+00 9.25552910e-01
 1.14082193e+00 9.42141339e-01
 1.02551468e+00 9.59251390e-01
 9.87061517e-01 9.76920859e-01
 1.04974780e+00 9.95190556e-01
 1.08948926e+00 1.01410465e+00
 1.03225387e+00 1.03371106e+00
 1.09774253e+00 1.05406191e+00
 1.14057816e+00 1.07521403e+00
 1.08691983e+00 1.09722951e+00
 1.01374522e+00 1.12017642e+00
 1.11866847e+00 1.14412952e+00
 9.53276111e-01 1.16917119e+00
 1.10120818e+00 1.19539240e+00
 1.13148437e+00 1.22289394e+00
 1.15472785e+00 1.25178776e+00
 1.13454660e+00 1.28219867e+00
 1.09124235e+00 1.31426615e+00
 1.02417582e+00 1.34814667e+00
 1.11433491e+00 1.38401634e+00
 1.13639597e+00 1.42207412e+00
 1.01425483e+00 1.46254560e+00
 1.12527965e+00 1.50568763e+00
 1.12024796e+00 1.55179390e+00
 1.20811632e+00 1.60120167e+00
 1.17908243e+00 1.65430013e+00
 1.16785308e+00 1.71154058e+00
 1.10251439e+00 1.77344918e+00
 1.15463255e+00 1.84064270e+00
 1.26460486e+00 1.91384849e+00
 1.27210190e+00 1.99392960e+00
 1.19161976e+00 2.08191684e+00
 1.31426981e+00 2.17904982e+00
 1.34759806e+00 2.28682981e+00
 1.39150408e+00 2.40708815e+00
 1.46801101e+00 2.54207476e+00
 1.50646126e+00 2.69457225e+00
 1.53189090e+00 2.86804103e+00
 1.58966012e+00 3.06679759e+00
 1.78102034e+00 3.29621599e+00
 1.96009104e+00 3.56290600e+00
 2.11484782e+00 3.87471787e+00
 2.46865098e+00 4.24013603e+00
 2.91907276e+00 4.66582012e+00
 3.51499523e+00 5.14878313e+00
 4.47762082e+00 5.65338144e+00
 5.93359676e+00 6.04757177e+00
 8.01294748e+00 5.95215320e+00
 1.05756843e+01 4.56524966e+00
 1.24087182e+01 1.24196841e+00
 1.15498590e+01 -2.63568835e+00
 9.10325080e+00 -4.84667707e+00
 6.60053121e+00 -5.35623200e+00
 4.91073356e+00 -5.08027573e+00
 3.82351965e+00 -4.57765627e+00
 3.03706858e+00 -4.06272151e+00
 2.63997600e+00 -3.59993346e+00
 2.22873738e+00 -3.20090046e+00
 1.92036678e+00 -2.86077283e+00
 1.79679949e+00 -2.57077283e+00
 1.70449750e+00 -2.32223659e+00
 1.55399792e+00 -2.10772543e+00
 1.46594557e+00 -1.92115955e+00
 1.33467365e+00 -1.75765776e+00
 1.33112420e+00 -1.61331837e+00
 1.25888546e+00 -1.48501638e+00
 1.32563422e+00 -1.37023607e+00
 1.17517141e+00 -1.26693880e+00
 1.25746538e+00 -1.17346058e+00
 1.20717088e+00 -1.08843306e+00
 1.22520410e+00 -1.01072281e+00
 1.15925165e+00 -9.39384252e-01
 1.13978155e+00 -8.73623184e-01
 1.09642325e+00 -8.12768172e-01
 1.29244512e+00 -7.56248092e-01
 1.11907218e+00 -7.03574295e-01
 1.14561400e+00 -6.54326387e-01
 1.08061127e+00 -6.08140796e-01
 1.04094115e+00 -5.64701531e-01
 1.14275730e+00 -5.23732657e-01
 1.04007829e+00 -4.84992140e-01
 1.15677468e+00 -4.48266766e-01
 9.92666088e-01 -4.13367950e-01
 1.13507599e+00 -3.80128230e-01
 1.11830067e+00 -3.48398345e-01
 1.10502048e+00 -3.18044772e-01
 1.02683209e+00 -2.88947647e-01
 1.09813879e+00 -2.60998999e-01
 1.05071090e+00 -2.34101247e-01
 1.15292692e+00 -2.08165912e-01
 1.07210338e+00 -1.83112512e-01
 9.69498799e-01 -1.58867604e-01
 1.08495965e+00 -1.35363961e-01
 1.09420306e+00 -1.12539848e-01
 1.12835165e+00 -9.03384021e-02
 1.08558046e+00 -6.87070765e-02
 1.10470988e+00 -4.75971613e-02
 1.21374112e+00 -2.69633560e-02
 1.09817401e+00 -6.76339292e-03
 1.15470514e+00 1.30422987e-02
 1.23873713e+00 3.24908918e-02
 1.02443671e+00 5.16174301e-02
 1.05924771e+00 7.04550693e-02
 1.13330695e+00 8.90352959e-02
 1.11078428e+00 1.07388126e-01
 1.02310573e+00 1.25542284e-01
 1.09601117e+00 1.43525375e-01
 1.07090965e+00 1.61364034e-01
 1.17825269e+00 1.79084068e-01
 1.20731309e+00 1.96710596e-01
 1.11403352e+00 2.14268172e-01
 1.05668239e+00 2.31780905e-01
 1.18103383e+00 2.49272578e-01
 1.17837947e+00 2.66766758e-01
 1.12627983e+00 2.84286906e-01
 1.15678439e+00 3.01856484e-01
 1.14862476e+00 3.19499067e-01
 1.14376034e+00 3.37238446e-01
 1.18479840e+00 3.55098743e-01
 1.20561403e+00 3.73104518e-01
 1.18702427e+00 3.91280895e-01
 1.26450892e+00 4.09653671e-01
 1.25124933e+00 4.28249457e-01
 1.25625521e+00 4.47095805e-01
 1.22475537e+00 4.66221353e-01
 1.20034381e+00 4.85655984e-01
 1.34666916e+00 5.05430993e-01
 1.29976638e+00 5.25579265e-01
 1.25845542e+00 5.46135477e-01
 1.35200203e+00 5.67136317e-01
 1.32279941e+00 5.88620722e-01
 1.35753692e+00 6.10630143e-01
 1.33617044e+00 6.33208843e-01
 1.40628610e+00 6.56404224e-01
 1.39593735e+00 6.80267194e-01
 1.41553906e+00 7.04852584e-01
 1.39880063e+00 7.30219604e-01
 1.40600806e+00 7.56432379e-01
 1.52857964e+00 7.83560532e-01
 1.47751577e+00 8.11679868e-01
 1.48967196e+00 8.40873137e-01
 1.48625116e+00 8.71230914e-01
 1.48998055e+00 9.02852606e-01
 1.51823082e+00 9.35847611e-01
 1.58321288e+00 9.70336646e-01
 1.61203571e+00 1.00645329e+00
 1.63307109e+00 1.04434577e+00
 1.68762991e+00 1.08417903e+00
 1.66301007e+00 1.12613715e+00
 1.73849735e+00 1.17042616e+00
 1.73363051e+00 1.21727731e+00
 1.92491795e+00 1.26695098e+00
 1.99179546e+00 1.31974114e+00
 1.95288156e+00 1.37598066e+00
 2.03271120e+00 1.43604749e+00
 1.94113124e+00 1.50037185e+00
 2.14331998e+00 1.56944452e+00
 2.24659502e+00 1.64382631e+00
 2.31161981e+00 1.72415859e+00
 2.43287887e+00 1.81117445e+00
 2.53109117e+00 1.90570975e+00
 2.79513667e+00 2.00871189e+00
 2.80427149e+00 2.12124235e+00
 2.95299277e+00 2.24446505e+00
 3.18913284e+00 2.37960464e+00
 3.34235044e+00 2.52784344e+00
 3.64086647e+00 2.69009416e+00
 4.04679420e+00 2.86651956e+00
 4.56193682e+00 3.05552888e+00
 5.03324593e+00 3.25166850e+00
 5.74438573e+00 3.44111561e+00
 6.52589255e+00 3.59184986e+00
 7.75290322e+00 3.63188493e+00
 9.37643720e+00 3.40162331e+00
 1.14535354e+01 2.56009007e+00
 1.37102473e+01 4.77403035e-01
 1.53461803e+01 -3.49261694e+00
 1.41215623e+01 -8.50414990e+00
 9.83867646e+00 -1.16566439e+01
 5.74123781e+00 -1.18818042e+01
 2.99888034e+00 -1.06304466e+01
 1.34005722e+00 -9.12149757e+00
 5.07463303e-01 -7.78738320e+00
 8.47115993e-02 -6.70108095e+00
 -2.47506248e-01 -5.83293734e+00
 -3.57689034e-01 -5.13687396e+00
 -4.77555767e-01 -4.57262459e+00
 -4.36081563e-01 -4.10912923e+00
 -3.84356202e-01 -3.72327901e+00
 -3.67939323e-01 -3.39798781e+00
 -2.70626118e-01 -3.12055128e+00
 -2.30958107e-01 -2.88142321e+00
 -2.90596217e-01 -2.67334132e+00
 -1.88859613e-01 -2.49070990e+00
 -1.46774415e-01 -2.32916323e+00
 -5.74641869e-02 -2.18525449e+00
 -2.72794941e-02 -2.05623167e+00
 -5.67061915e-02 -1.93987452e+00
 2.67984119e-02 -1.83437434e+00
 3.82282035e-02 -1.73824430e+00
 2.25849339e-03 -1.65025194e+00
 8.53448428e-02 -1.56936767e+00
 8.73348759e-02 -1.49472512e+00
 2.26560137e-01 -1.42559037e+00
 2.68185629e-01 -1.36133772e+00
 2.28657923e-01 -1.30143065e+00
 1.54580568e-01 -1.24540651e+00
 2.32215977e-01 -1.19286432e+00
 2.51665579e-01 -1.14345480e+00
 2.92165438e-01 -1.09687235e+00
 3.27356950e-01 -1.05284837e+00
 3.52495997e-01 -1.01114584e+00
 3.53890513e-01 -9.71554752e-01
 4.12548814e-01 -9.33888349e-01
 3.45303503e-01 -8.97979937e-01
 4.61952475e-01 -8.63680222e-01
 4.37543575e-01 -8.30855048e-01
 4.00689691e-01 -7.99383465e-01
 5.31346553e-01 -7.69156096e-01
 5.26540341e-01 -7.40073721e-01
 4.71815897e-01 -7.12046069e-01
 4.79399298e-01 -6.84990768e-01
 5.56639062e-01 -6.58832435e-01
 6.06473851e-01 -6.33501890e-01
 6.09475780e-01 -6.08935457e-01
 5.42448448e-01 -5.85074366e-01
 5.33499741e-01 -5.61864215e-01
 6.02848458e-01 -5.39254504e-01
 6.40773523e-01 -5.17198212e-01
 7.04368769e-01 -4.95651434e-01
 6.62577430e-01 -4.74573047e-01
 6.16949782e-01 -4.53924412e-01
 7.26892822e-01 -4.33669115e-01
 7.35509334e-01 -4.13772721e-01
 7.81314278e-01 -3.94202560e-01
 7.51733327e-01 -3.74927527e-01
 7.74593015e-01 -3.55917905e-01
 8.68880943e-01 -3.37145194e-01
 7.65805687e-01 -3.18581961e-01
 7.23692698e-01 -3.00201695e-01
 7.62139027e-01 -2.81978673e-01
 8.83044429e-01 -2.63887837e-01
 8.38012092e-01 -2.45904669e-01
 7.49309543e-01 -2.28005084e-01
 9.15625482e-01 -2.10165310e-01
 7.99955549e-01 -1.92361791e-01
 9.55206691e-01 -1.74571073e-01
 8.87076194e-01 -1.56769703e-01
 9.75767987e-01 -1.38934128e-01
 8.65845094e-01 -1.21040582e-01
 8.78491040e-01 -1.03064987e-01
 1.05483459e+00 -8.49828393e-02
 1.13362233e+00 -6.67690958e-02
 1.10979687e+00 -4.83980572e-02
 1.08792970e+00 -2.98432428e-02
 1.18268988e+00 -1.10772600e-02
 1.22158795e+00 7.92833611e-03
 1.21973905e+00 2.72031920e-02
 1.22408328e+00 4.67783162e-02
 1.14524531e+00 6.66862533e-02
 1.18823966e+00 8.69612722e-02
 1.26074261e+00 1.07639571e-01
 1.21905853e+00 1.28759503e-01
 1.36896630e+00 1.50361818e-01
 1.31494372e+00 1.72489937e-01
 1.29420612e+00 1.95190244e-01
 1.42706506e+00 2.18512417e-01
 1.44522709e+00 2.42509784e-01
 1.44027733e+00 2.67239719e-01
 1.68978620e+00 2.92764084e-01
 1.57803011e+00 3.19149704e-01
 1.61687848e+00 3.46468896e-01
 1.73214584e+00 3.74800043e-01
 1.70738835e+00 4.04228222e-01
 1.77965858e+00 4.34845868e-01
 1.77225699e+00 4.66753492e-01
 1.91105522e+00 5.00060413e-01
 1.86667407e+00 5.34885501e-01
 2.05380936e+00 5.71357876e-01
 2.10401449e+00 6.09617502e-01
 2.16774052e+00 6.49815572e-01
 2.37335922e+00 6.92114509e-01
 2.40726442e+00 7.36687315e-01
 2.42665303e+00 7.83715867e-01
 2.55037990e+00 8.33387474e-01
 2.63860296e+00 8.85888677e-01
 2.82901917e+00 9.41394607e-01
 3.00058512e+00 1.00005121e+00
 3.05143819e+00 1.06194592e+00
 3.24905149e+00 1.12705951e+00
 3.46825878e+00 1.19518671e+00
 3.84109143e+00 1.26580445e+00
 4.12427101e+00 1.33785037e+00
 4.42516603e+00 1.40934468e+00
 4.82712255e+00 1.47673164e+00
 5.24995391e+00 1.53370644e+00
 5.73885629e+00 1.56907112e+00
 6.54884219e+00 1.56270698e+00
 7.39514758e+00 1.47780543e+00
 8.49812703e+00 1.24558231e+00
 9.84616367e+00 7.35277751e-01
 1.15500849e+01 -3.00744849e-01
 1.34955060e+01 -2.29904826e+00
 1.47577750e+01 -5.82610617e+00
 1.43306629e+01 -1.08233378e+01
 1.04662920e+01 -1.51616814e+01
 5.05709289e+00 -1.62458888e+01
 9.62861594e-01 -1.46600598e+01
 -1.31630835e+00 -1.23372328e+01
 -2.35555313e+00 -1.02461580e+01
