 NaN NaN
 4.13561765e+01 1.39959677e+01
 2.12981873e+01 6.81702441e+00
 1.43649542e+01 4.49563605e+00
 1.08825278e+01 3.35502272e+00
 8.72238062e+00 2.67893102e+00
 7.35969483e+00 2.23242082e+00
 6.32294101e+00 1.91595566e+00
 5.58271182e+00 1.68020702e+00
 4.99117859e+00 1.49796572e+00
 4.47022030e+00 1.35300333e+00
 4.10916316e+00 1.23504503e+00
 3.72684069e+00 1.13727111e+00
 3.45685202e+00 1.05497855e+00
 3.16500232e+00 9.84819721e-01
 3.00441474e+00 9.24347363e-01
 2.85026613e+00 8.71731300e-01
 2.68681224e+00 8.25575682e-01
 2.58290550e+00 7.84797524e-01
 2.47244448e+00 7.48543825e-01
 2.37602583e+00 7.16133695e-01
 2.29287844e+00 6.87017115e-01
 2.13047652e+00 6.60745006e-01
 1.96579923e+00 6.36947152e-01
 2.03463063e+00 6.15315673e-01
 1.90361424e+00 5.95592487e-01
 1.88936849e+00 5.77559685e-01
 1.79461911e+00 5.61032048e-01
 1.73944683e+00 5.45851187e-01
 1.59023316e+00 5.31880897e-01
 1.59533131e+00 5.19003447e-01
 1.63171746e+00 5.07116588e-01
 1.56635335e+00 4.96131134e-01
 1.53549008e+00 4.85968979e-01
 1.53711703e+00 4.76561469e-01
 1.43562891e+00 4.67848051e-01
 1.51640084e+00 4.59775157e-01
 1.39046258e+00 4.52295264e-01
 1.32908916e+00 4.45366104e-01
 1.43975216e+00 4.38950002e-01
 1.20760566e+00 4.33013308e-01
 1.28909294e+00 4.27525918e-01
 1.35480146e+00 4.22460863e-01
 1.24008831e+00 4.17793959e-01
 1.30461275e+00 4.13503499e-01
 1.27444936e+00 4.09569995e-01
 1.17967980e+00 4.05975953e-01
 1.24808787e+00 4.02705675e-01
 1.23506154e+00 3.99745088e-01
 1.13668325e+00 3.97081599e-01
 1.24510599e+00 3.94703967e-01
 1.22946998e+00 3.92602187e-01
 1.21786783e+00 3.90767396e-01
 1.18977149e+00 3.89191790e-01
 1.18718113e+00 3.87868544e-01
 1.06003499e+00 3.86791760e-01
 1.19555298e+00 3.85956401e-01
 1.14268113e+00 3.85358253e-01
 1.13714555e+00 3.84993885e-01
 1.21846447e+00 3.84860612e-01
 1.02650609e+00 3.84956475e-01
 1.14033433e+00 3.85280219e-01
 1.25354509e+00 3.85831276e-01
 1.09674436e+00 3.86609758e-01
 1.21150862e+00 3.87616451e-01
 1.21119101e+00 3.88852816e-01
 1.23812960e+00 3.90320995e-01
 1.14489222e+00 3.92023820e-01
 1.09164745e+00 3.93964828e-01
 1.20158975e+00 3.96148281e-01
 1.13800279e+00 3.98579194e-01
 1.13082902e+00 4.01263365e-01
 1.13158563e+00 4.04207410e-01
 1.24084150e+00 4.07418812e-01
 1.14755378e+00 4.10905969e-01
 1.19141932e+00 4.14678253e-01
 1.18128795e+00 4.18746080e-01
 1.24038335e+00 4.23120984e-01
 1.16173832e+00 4.27815711e-01
 1.12143713e+00 4.32844311e-01
 1.26395744e+00 4.38222258e-01
 1.28446529e+00 4.43966579e-01
 1.28413287e+00 4.50095999e-01
 1.24174667e+00 4.56631107e-01
 1.42054380e+00 4.63594551e-01
 1.41388422e+00 4.71011250e-01
 1.29801037e+00 4.78908642e-01
 1.29214455e+00 4.87316972e-01
 1.37550385e+00 4.96269612e-01
 1.38504305e+00 5.05803435e-01
 1.42716977e+00 5.15959248e-01
 1.51109725e+00 5.26782289e-01
 1.46439250e+00 5.38322801e-01
 1.54770806e+00 5.50636706e-01
 1.57430127e+00 5.63786392e-01
 1.65459923e+00 5.77841625e-01
 1.58498163e+00 5.92880635e-01
 1.67811319e+00 6.08991388e-01
 1.72620606e+00 6.26273108e-01
 1.81528112e+00 6.44838073e-01
 1.92709816e+00 6.64813783e-01
 1.90470336e+00 6.86345559e-01
 1.99916684e+00 7.09599689e-01
 2.05175410e+00 7.34767259e-01
 2.19982137e+00 7.62068829e-01
 2.21053578e+00 7.91760199e-01
 2.32983990e+00 8.24139530e-01
 2.39087802e+00 8.59556222e-01
 2.63102424e+00 8.98422015e-01
 2.59616906e+00 9.41224980e-01
 2.85121419e+00 9.88547192e-01
 3.11495405e+00 1.04108717e+00
 3.17316419e+00 1.09968833e+00
 3.43544040e+00 1.16537499e+00
 3.68508862e+00 1.23939720e+00
 3.95023129e+00 1.32328480e+00
 4.23054608e+00 1.41890768e+00
 4.79167402e+00 1.52852892e+00
 5.25624298e+00 1.65480917e+00
 5.85607588e+00 1.80064007e+00
 6.81216918e+00 1.96844624e+00
 7.91045081e+00 2.15784277e+00
 9.40888870e+00 2.35790192e+00
 1.17530709e+01 2.51971967e+00
 1.55982870e+01 2.44363243e+00
 2.24483225e+01 1.18774753e+00
 3.69579496e+01 -7.40187868e+00
 3.45350421e+01 -5.77199516e+01
 -2.03252995e+01 -3.84585156e+01
 -1.79459430e+01 -1.72172125e+01
 -1.35148831e+01 -1.01626508e+01
 -1.05965448e+01 -7.02075663e+00
 -8.66369969e+00 -5.30918527e+00
 -7.43450331e+00 -4.25063161e+00
 -6.41263132e+00 -3.53783658e+00
 -5.69788989e+00 -3.02801431e+00
 -5.08464509e+00 -2.64667241e+00
 -4.65765308e+00 -2.35144926e+00
 -4.17354275e+00 -2.11659866e+00
 -3.84290070e+00 -1.92562490e+00
 -3.60376620e+00 -1.76749644e+00
 -3.41131931e+00 -1.63456964e+00
 -3.14897917e+00 -1.52138808e+00
 -2.87958143e+00 -1.42395653e+00
 -2.73683187e+00 -1.33928495e+00
 -2.59573743e+00 -1.26509256e+00
 -2.44416551e+00 -1.19961026e+00
 -2.34600783e+00 -1.14144544e+00
 -2.37375282e+00 -1.08948731e+00
 -2.09018584e+00 -1.04283934e+00
 -2.09502699e+00 -1.00077027e+00
 -2.00543733e+00 -9.62677824e-01
 -1.93851276e+00 -9.28061665e-01
 -1.89789049e+00 -8.96502798e-01
 -1.94779175e+00 -8.67647794e-01
 -1.77981570e+00 -8.41196538e-01
 -1.68044632e+00 -8.16892618e-01
 -1.79345587e+00 -7.94515724e-01
 -1.60878542e+00 -7.73875577e-01
 -1.67164977e+00 -7.54807046e-01
 -1.56932170e+00 -7.37166186e-01
 -1.59360260e+00 -7.20827006e-01
 -1.53957332e+00 -7.05678814e-01
 -1.53658534e+00 -6.91624019e-01
 -1.37880569e+00 -6.78576307e-01
 -1.47489811e+00 -6.66459114e-01
 -1.36085186e+00 -6.55204343e-01
 -1.34485147e+00 -6.44751286e-01
 -1.35615690e+00 -6.35045703e-01
 -1.32745810e+00 -6.26039043e-01
 -1.29422670e+00 -6.17687781e-01
 -1.31933043e+00 -6.09952840e-01
 -1.31870388e+00 -6.02799106e-01
 -1.25120051e+00 -5.96195000e-01
 -1.29160796e+00 -5.90112114e-01
 -1.25129847e+00 -5.84524890e-01
 -1.24294121e+00 -5.79410349e-01
 -1.28713152e+00 -5.74747847e-01
 -1.20262067e+00 -5.70518868e-01
 -1.21619165e+00 -5.66706841e-01
 -1.17504523e+00 -5.63296980e-01
 -1.13096396e+00 -5.60276150e-01
 -1.20073163e+00 -5.57632744e-01
 -1.14210424e+00 -5.55356577e-01
 -1.15673110e+00 -5.53438799e-01
 -1.20392195e+00 -5.51871817e-01
 -1.17105019e+00 -5.50649230e-01
 -1.17724437e+00 -5.49765769e-01
 -1.24018570e+00 -5.49217260e-01
 -1.18208033e+00 -5.49000577e-01
 -1.15136481e+00 -5.49113620e-01
 -1.09377839e+00 -5.49555294e-01
 -1.06906341e+00 -5.50325493e-01
 -1.12709643e+00 -5.51425094e-01
 -1.12731520e+00 -5.52855962e-01
 -1.10429268e+00 -5.54620956e-01
 -1.22464022e+00 -5.56723943e-01
 -1.11537225e+00 -5.59169826e-01
 -1.21524404e+00 -5.61964569e-01
 -1.26197643e+00 -5.65115243e-01
 -1.22807471e+00 -5.68630065e-01
 -1.26140355e+00 -5.72518463e-01
 -1.10699666e+00 -5.76791137e-01
 -1.24575237e+00 -5.81460141e-01
 -1.19513391e+00 -5.86538968e-01
 -1.13902782e+00 -5.92042656e-01
 -1.17788857e+00 -5.97987905e-01
 -1.21845462e+00 -6.04393213e-01
 -1.34645169e+00 -6.11279024e-01
 -1.32191500e+00 -6.18667907e-01
 -1.23674543e+00 -6.26584752e-01
 -1.39861786e+00 -6.35056996e-01
 -1.31428494e+00 -6.44114880e-01
 -1.31104144e+00 -6.53791744e-01
 -1.48303069e+00 -6.64124359e-01
 -1.45057592e+00 -6.75153315e-01
 -1.37806645e+00 -6.86923458e-01
 -1.49212265e+00 -6.99484400e-01
 -1.38751552e+00 -7.12891101e-01
 -1.40984997e+00 -7.27204545e-01
 -1.55283166e+00 -7.42492527e-01
 -1.61205531e+00 -7.58830558e-01
 -1.57443786e+00 -7.76302936e-01
 -1.62989648e+00 -7.95003988e-01
 -1.60317069e+00 -8.15039541e-01
 -1.73689216e+00 -8.36528645e-01
 -1.80904095e+00 -8.59605635e-01
 -1.88969826e+00 -8.84422565e-01
 -1.95748332e+00 -9.11152132e-01
 -1.98658766e+00 -9.39991187e-01
 -2.01716617e+00 -9.71164964e-01
 -2.19182751e+00 -1.00493222e+00
 -2.31840270e+00 -1.04159150e+00
 -2.30349367e+00 -1.08148877e+00
 -2.46059419e+00 -1.12502690e+00
 -2.53759004e+00 -1.17267722e+00
 -2.65061665e+00 -1.22499403e+00
 -2.74949036e+00 -1.28263241e+00
 -2.97214179e+00 -1.34637050e+00
 -3.17527942e+00 -1.41713682e+00
 -3.31540771e+00 -1.49604373e+00
 -3.70923785e+00 -1.58442696e+00
 -3.80199596e+00 -1.68388977e+00
 -4.19147595e+00 -1.79634522e+00
 -4.69811549e+00 -1.92403776e+00
 -5.07917991e+00 -2.06949431e+00
 -5.71588603e+00 -2.23527394e+00
 -6.43619423e+00 -2.42316573e+00
 -7.42645262e+00 -2.63184884e+00
 -8.82342903e+00 -2.85002908e+00
 -1.06655229e+01 -3.03503555e+00
 -1.35684540e+01 -3.03834128e+00
 -1.82548759e+01 -2.30074438e+00
 -2.67847955e+01 1.67786645e+00
 -3.72380385e+01 2.07056829e+01
 -8.98069446e+00 4.69642854e+01
 1.21986716e+01 2.84994127e+01
 1.23882271e+01 1.64400412e+01
 1.04702781e+01 1.09173725e+01
 8.74759357e+00 8.00692421e+00
 7.44763454e+00 6.26667142e+00
 6.44876234e+00 5.12695313e+00
 5.73397426e+00 4.32969075e+00
 5.09213940e+00 3.74390574e+00
 4.50399694e+00 3.29695933e+00
 4.24894860e+00 2.94565860e+00
 3.83451267e+00 2.66284731e+00
 3.63587169e+00 2.43065877e+00
 3.28469725e+00 2.23688781e+00
 3.11497595e+00 2.07292924e+00
 3.04233603e+00 1.93255081e+00
 2.80043784e+00 1.81113321e+00
 2.66484773e+00 1.70518318e+00
 2.54489716e+00 1.61201207e+00
 2.37883681e+00 1.52951807e+00
 2.22485079e+00 1.45603525e+00
 2.17821477e+00 1.39022675e+00
 2.00924963e+00 1.33100776e+00
 2.02589395e+00 1.27748914e+00
 1.94355288e+00 1.22893541e+00
 1.89077821e+00 1.18473317e+00
 1.73099438e+00 1.14436689e+00
 1.69669357e+00 1.10740032e+00
 1.74056849e+00 1.07346188e+00
 1.64556778e+00 1.04223326e+00
 1.74118367e+00 1.01344025e+00
 1.61372532e+00 9.86845462e-01
 1.61979464e+00 9.62242441e-01
 1.52918656e+00 9.39450846e-01
 1.51296120e+00 9.18312528e-01
 1.43041631e+00 8.98688293e-01
 1.44354593e+00 8.80455210e-01
 1.46197423e+00 8.63504378e-01
 1.44687023e+00 8.47739046e-01
 1.46448428e+00 8.33073038e-01
 1.29728323e+00 8.19429415e-01
 1.34739621e+00 8.06739341e-01
 1.25608530e+00 7.94941118e-01
 1.31016567e+00 7.83979355e-01
 1.21925372e+00 7.73804260e-01
 1.18851395e+00 7.64371027e-01
 1.21685006e+00 7.55639304e-01
 1.15696688e+00 7.47572742e-01
 1.12094796e+00 7.40138591e-01
 1.20148677e+00 7.33307356e-01
 1.26399932e+00 7.27052498e-01
 1.20970869e+00 7.21350167e-01
 1.12085582e+00 7.16178977e-01
 1.14136346e+00 7.11519805e-01
 1.21116334e+00 7.07355615e-01
 1.12795807e+00 7.03671308e-01
 1.13186428e+00 7.00453588e-01
 1.09104783e+00 6.97690850e-01
 1.07292179e+00 6.95373081e-01
 1.16697763e+00 6.93491778e-01
 1.10711972e+00 6.92039873e-01
 1.07648131e+00 6.91011679e-01
 1.20162353e+00 6.90402840e-01
 1.11691053e+00 6.90210296e-01
 1.10703858e+00 6.90432255e-01
 1.11693377e+00 6.91068173e-01
 1.15115658e+00 6.92118750e-01
 1.15792435e+00 6.93585928e-01
 1.10602852e+00 6.95472902e-01
 1.05033369e+00 6.97784139e-01
 1.05817925e+00 7.00525406e-01
 1.19054027e+00 7.03703805e-01
 1.15433646e+00 7.07327829e-01
 1.12266127e+00 7.11407413e-01
 1.21832444e+00 7.15954010e-01
 1.13974542e+00 7.20980672e-01
 1.20002478e+00 7.26502148e-01
 1.23048785e+00 7.32534997e-01
 1.24073143e+00 7.39097714e-01
 1.19926003e+00 7.46210884e-01
 1.16510010e+00 7.53897343e-01
 1.22986976e+00 7.62182379e-01
 1.22077832e+00 7.71093944e-01
 1.26976924e+00 7.80662910e-01
 1.29068547e+00 7.90923351e-01
 1.30120511e+00 8.01912869e-01
 1.29934961e+00 8.13672967e-01
 1.33758803e+00 8.26249472e-01
 1.30932547e+00 8.39693024e-01
 1.31112591e+00 8.54059636e-01
 1.42137106e+00 8.69411337e-01
 1.40092267e+00 8.85816918e-01
 1.50872196e+00 9.03352790e-01
 1.50053737e+00 9.22103990e-01
 1.53393857e+00 9.42165339e-01
 1.59246150e+00 9.63642809e-01
 1.62923004e+00 9.86655117e-01
 1.66810797e+00 1.01133561e+00
 1.70914835e+00 1.03783447e+00
 1.86855763e+00 1.06632138e+00
 1.83955510e+00 1.09698866e+00
 1.88280746e+00 1.13005501e+00
 1.93546890e+00 1.16577007e+00
 1.97521834e+00 1.20441985e+00
 2.05466012e+00 1.24633344e+00
 2.16365806e+00 1.29189103e+00
 2.32362584e+00 1.34153390e+00
 2.38449177e+00 1.39577657e+00
 2.49257946e+00 1.45522193e+00
 2.59315378e+00 1.52057981e+00
 2.74592093e+00 1.59269007e+00
 2.93969225e+00 1.67255103e+00
 3.16720777e+00 1.76135422e+00
 3.18102992e+00 1.86052603e+00
 3.61215709e+00 1.97177540e+00
 3.86848816e+00 2.09714342e+00
 4.29827668e+00 2.23904141e+00
 4.63460866e+00 2.40024227e+00
 5.13593099e+00 2.58373346e+00
 5.87602766e+00 2.79219528e+00
 6.59610596e+00 3.02646980e+00
 7.76704649e+00 3.28122312e+00
 9.16762667e+00 3.53228752e+00
 1.14598393e+01 3.69692875e+00
 1.48710660e+01 3.49443722e+00
 2.03351542e+01 1.88442923e+00
 2.91241450e+01 -5.33542298e+00
 2.97373300e+01 -2.77619801e+01
 3.54065709e+00 -3.62280625e+01
 -7.86158877e+00 -2.37105135e+01
 -8.91793539e+00 -1.54772208e+01
 -7.97254089e+00 -1.10350516e+01
 -7.12558166e+00 -8.43803377e+00
 -6.30285067e+00 -6.78083665e+00
 -5.48556248e+00 -5.64747638e+00
 -4.99577471e+00 -4.83011765e+00
 -4.46187825e+00 -4.21593404e+00
 -3.98242891e+00 -3.73922515e+00
 -3.77375705e+00 -3.35945838e+00
 -3.41744580e+00 -3.05040803e+00
 -3.13786923e+00 -2.79441896e+00
 -3.03474231e+00 -2.57920222e+00
 -2.78574696e+00 -2.39595745e+00
 -2.61360585e+00 -2.23822664e+00
 -2.49370348e+00 -2.10116912e+00
 -2.35349046e+00 -1.98108852e+00
 -2.33968627e+00 -1.87511571e+00
 -2.07781373e+00 -1.78099103e+00
 -2.09874435e+00 -1.69691165e+00
 -1.99461093e+00 -1.62142228e+00
 -1.94082577e+00 -1.55333583e+00
 -1.80860112e+00 -1.49167465e+00
 -1.78492729e+00 -1.43562662e+00
 -1.74722137e+00 -1.38451171e+00
 -1.59963307e+00 -1.33775640e+00
 -1.58857004e+00 -1.29487374e+00
 -1.61828979e+00 -1.25544774e+00
 -1.57394584e+00 -1.21912103e+00
 -1.51543681e+00 -1.18558498e+00
 -1.43531189e+00 -1.15457177e+00
 -1.47128453e+00 -1.12584794e+00
 -1.42359135e+00 -1.09920916e+00
 -1.41660224e+00 -1.07447587e+00
 -1.31165047e+00 -1.05148978e+00
 -1.40305379e+00 -1.03011083e+00
 -1.35757309e+00 -1.01021475e+00
 -1.30568563e+00 -9.91690987e-01
 -1.26767161e+00 -9.74440905e-01
 -1.26550758e+00 -9.58376338e-01
 -1.16716648e+00 -9.43418302e-01
 -1.17512090e+00 -9.29495915e-01
 -1.22337770e+00 -9.16545468e-01
 -1.14931619e+00 -9.04509631e-01
 -1.19249875e+00 -8.93336755e-01
 -1.17799726e+00 -8.82980284e-01
 -1.09786588e+00 -8.73398234e-01
 -1.04058982e+00 -8.64552745e-01
 -1.08184967e+00 -8.56409687e-01
 -1.04105360e+00 -8.48938322e-01
 -1.01229297e+00 -8.42111003e-01
 -1.11618481e+00 -8.35902918e-01
 -1.08962849e+00 -8.30291858e-01
 -1.08367132e+00 -8.25258021e-01
 -1.08425729e+00 -8.20783840e-01
 -1.14079834e+00 -8.16853832e-01
 -1.08451759e+00 -8.13454467e-01
 -1.03738856e+00 -8.10574058e-01
 -1.14076794e+00 -8.08202666e-01
 -1.01078723e+00 -8.06332018e-01
 -1.09821381e+00 -8.04955443e-01
 -1.07590366e+00 -8.04067814e-01
 -9.15816306e-01 -8.03665512e-01
 -1.01965498e+00 -8.03746393e-01
 -1.06092031e+00 -8.04309768e-01
 -1.09584813e+00 -8.05356397e-01
 -1.01270601e+00 -8.06888489e-01
 -1.09833556e+00 -8.08909715e-01
 -1.05836051e+00 -8.11425233e-01
 -9.99688482e-01 -8.14441722e-01
 -1.07909401e+00 -8.17967425e-01
 -1.02437874e+00 -8.22012213e-01
 -1.09360388e+00 -8.26587649e-01
 -1.00896173e+00 -8.31707078e-01
 -1.09356090e+00 -8.37385721e-01
 -1.14577449e+00 -8.43640798e-01
 -1.11153779e+00 -8.50491656e-01
 -1.20835369e+00 -8.57959926e-01
 -1.14362100e+00 -8.66069698e-01
 -1.20021895e+00 -8.74847726e-01
 -1.08543499e+00 -8.84323653e-01
 -1.11102920e+00 -8.94530278e-01
 -1.19496791e+00 -9.05503854e-01
 -1.18560044e+00 -9.17284429e-01
 -1.17734022e+00 -9.29916237e-01
 -1.28076775e+00 -9.43448143e-01
 -1.24715196e+00 -9.57934155e-01
 -1.28468262e+00 -9.73434012e-01
 -1.37878647e+00 -9.90013856e-01
 -1.28998440e+00 -1.00774701e+00
 -1.28030239e+00 -1.02671487e+00
 -1.39715033e+00 -1.04700798e+00
 -1.41771448e+00 -1.06872718e+00
 -1.34879198e+00 -1.09198510e+00
 -1.52310411e+00 -1.11690775e+00
 -1.53755295e+00 -1.14363651e+00
 -1.63191906e+00 -1.17233038e+00
 -1.56413829e+00 -1.20316877e+00
 -1.64736137e+00 -1.23635466e+00
 -1.66966170e+00 -1.27211853e+00
 -1.79366033e+00 -1.31072295e+00
 -1.78316901e+00 -1.35246822e+00
 -1.87741685e+00 -1.39769911e+00
 -1.93187702e+00 -1.44681314e+00
 -2.09954115e+00 -1.50027069e+00
 -2.18374008e+00 -1.55860736e+00
 -2.26790482e+00 -1.62244933e+00
 -2.30266913e+00 -1.69253231e+00
 -2.50434894e+00 -1.76972504e+00
 -2.62834567e+00 -1.85505856e+00
 -2.85289443e+00 -1.94976224e+00
 -3.08717479e+00 -2.05530808e+00
 -3.22711780e+00 -2.17346358e+00
 -3.42445058e+00 -2.30635212e+00
 -3.80553304e+00 -2.45651431e+00
 -4.18621468e+00 -2.62695082e+00
 -4.57962512e+00 -2.82109448e+00
 -5.00869556e+00 -3.04257581e+00
 -5.74720628e+00 -3.29442576e+00
 -6.62667445e+00 -3.57674755e+00
 -7.78507172e+00 -3.88006855e+00
 -9.36391360e+00 -4.16568240e+00
 -1.17965855e+01 -4.30311681e+00
 -1.56425105e+01 -3.85051556e+00
 -2.17089280e+01 -1.21913005e+00
 -2.88702808e+01 8.80912054e+00
 -2.21177640e+01 2.79173928e+01
 -2.65148490e+00 2.88866707e+01
 4.84912546e+00 2.02769461e+01
 6.17915509e+00 1.43022480e+01
 5.95414785e+00 1.07155443e+01
 5.41226282e+00 8.45718139e+00
 4.94702532e+00 6.94219698e+00
 4.49183777e+00 5.86918976e+00
 3.93753853e+00 5.07533959e+00
 3.77432045e+00 4.46718736e+00
 3.40252741e+00 3.98800277e+00
 3.13928284e+00 3.60164891e+00
 2.94769494e+00 3.28414369e+00
 2.77592931e+00 3.01900698e+00
 2.67802238e+00 2.79457124e+00
 2.41355594e+00 2.60236114e+00
 2.37756470e+00 2.43608131e+00
 2.16516638e+00 2.29096350e+00
 2.08861823e+00 2.16333343e+00
 1.98371089e+00 2.05031636e+00
 1.81582923e+00 1.94963225e+00
 1.91447432e+00 1.85945055e+00
 1.79723462e+00 1.77828535e+00
 1.66398385e+00 1.70491842e+00
 1.71006598e+00 1.63834189e+00
 1.66033509e+00 1.57771505e+00
 1.47788936e+00 1.52233128e+00
 1.58606137e+00 1.47159257e+00
 1.41103415e+00 1.42498954e+00
 1.42073558e+00 1.38208578e+00
 1.41716928e+00 1.34250535e+00
 1.26068649e+00 1.30592278e+00
 1.26821187e+00 1.27205495e+00
 1.25240233e+00 1.24065457e+00
 1.19154431e+00 1.21150473e+00
 1.23604162e+00 1.18441450e+00
 1.18813007e+00 1.15921521e+00
 1.21302770e+00 1.13575742e+00
 1.22658449e+00 1.11390833e+00
 1.17468054e+00 1.09354959e+00
 1.22621463e+00 1.07457550e+00
 1.10362068e+00 1.05689145e+00
 1.00972786e+00 1.04041258e+00
 1.11371367e+00 1.02506266e+00
 9.93549196e-01 1.01077309e+00
 9.91134277e-01 9.97482091e-01
 1.04243565e+00 9.85133943e-01
 9.73971751e-01 9.73678389e-01
 1.04916671e+00 9.63070071e-01
 1.00147087e+00 9.53268058e-01
 9.56648797e-01 9.44235429e-01
 9.99745141e-01 9.35938915e-01
 9.10125264e-01 9.28348580e-01
 9.85579324e-01 9.21437545e-01
 9.01248042e-01 9.15181748e-01
 9.33779345e-01 9.09559730e-01
 9.87334565e-01 9.04552458e-01
 9.91579113e-01 9.00143157e-01
 1.00938970e+00 8.96317177e-01
 1.01098202e+00 8.93061876e-01
 8.75718669e-01 8.90366513e-01
 1.00727009e+00 8.88222170e-01
 9.03217261e-01 8.86621679e-01
 9.22428726e-01 8.85559565e-01
 8.77216861e-01 8.85032004e-01
 9.31571686e-01 8.85036795e-01
 8.60860112e-01 8.85573338e-01
 9.67208024e-01 8.86642629e-01
 9.24251414e-01 8.88247265e-01
 9.42351670e-01 8.90391461e-01
 8.27839288e-01 8.93081077e-01
 9.31505581e-01 8.96323661e-01
 9.55427343e-01 9.00128501e-01
 9.16514903e-01 9.04506692e-01
 8.88575193e-01 9.09471220e-01
 9.81941235e-01 9.15037058e-01
 9.65494365e-01 9.21221278e-01
 9.30649482e-01 9.28043186e-01
 9.48324543e-01 9.35524477e-01
 9.68600182e-01 9.43689407e-01
 1.02809055e+00 9.52565000e-01
 9.38327906e-01 9.62181273e-01
 1.03574692e+00 9.72571506e-01
 9.93816751e-01 9.83772539e-01
 1.00673263e+00 9.95825114e-01
 9.82900146e-01 1.00877427e+00
 1.07657417e+00 1.02266980e+00
 1.07748685e+00 1.03756673e+00
 1.18328617e+00 1.05352597e+00
 1.14743331e+00 1.07061491e+00
 1.15945853e+00 1.08890828e+00
 1.14780120e+00 1.10848898e+00
 1.12606787e+00 1.12944918e+00
 1.24760659e+00 1.15189150e+00
 1.20547129e+00 1.17593040e+00
 1.27991629e+00 1.20169390e+00
 1.32102148e+00 1.22932543e+00
 1.23797150e+00 1.25898617e+00
 1.32021771e+00 1.29085772e+00
 1.39988888e+00 1.32514533e+00
 1.46715351e+00 1.36208170e+00
 1.52438674e+00 1.40193154e+00
 1.51806461e+00 1.44499715e+00
 1.68372396e+00 1.49162504e+00
 1.70643579e+00 1.54221407e+00
 1.80339133e+00 1.59722539e+00
 1.83556520e+00 1.65719463e+00
 1.93154872e+00 1.72274697e+00
 2.12611271e+00 1.79461582e+00
 2.13879321e+00 1.87366613e+00
 2.16266139e+00 1.96092350e+00
 2.34646293e+00 2.05761052e+00
 2.49943186e+00 2.16519223e+00
 2.73481903e+00 2.28543223e+00
 2.83003239e+00 2.42046077e+00
 3.17244090e+00 2.57285371e+00
 3.42351095e+00 2.74571504e+00
 3.71079054e+00 2.94273890e+00
 4.29336052e+00 3.16818471e+00
 4.69971309e+00 3.42658706e+00
 5.42907993e+00 3.72172241e+00
 6.30258458e+00 4.05350403e+00
 7.47166016e+00 4.40890083e+00
 9.24972980e+00 4.73452161e+00
 1.18531094e+01 4.84825183e+00
 1.59066360e+01 4.13297593e+00
 2.18012202e+01 5.00079823e-01
 2.64808313e+01 -1.09331959e+01
 1.67754657e+01 -2.46276096e+01
 2.98041613e+00 -2.33111236e+01
 -2.44704526e+00 -1.73237958e+01
 -3.92383064e+00 -1.29156999e+01
 -4.08674832e+00 -1.00502217e+01
 -3.86059981e+00 -8.13779430e+00
 -3.62613152e+00 -6.80094710e+00
 -3.35799348e+00 -5.82540040e+00
 -3.12822275e+00 -5.08731960e+00
 -2.81737342e+00 -4.51203806e+00
 -2.60314281e+00 -4.05251053e+00
 -2.49056907e+00 -3.67788295e+00
 -2.36137965e+00 -3.36719498e+00
 -2.28733905e+00 -3.10576478e+00
 -2.05768201e+00 -2.88303095e+00
 -2.06639010e+00 -2.69121764e+00
 -1.77725252e+00 -2.52448205e+00
 -1.78177507e+00 -2.37835435e+00
 -1.71968549e+00 -2.24936006e+00
 -1.58113660e+00 -2.13475981e+00
 -1.58444823e+00 -2.03236610e+00
 -1.51439995e+00 -1.94041195e+00
 -1.52453979e+00 -1.85745522e+00
 -1.37825948e+00 -1.78230768e+00
 -1.37309542e+00 -1.71398193e+00
 -1.31492482e+00 -1.65165093e+00
 -1.26602703e+00 -1.59461700e+00
 -1.20292338e+00 -1.54228762e+00
 -1.18681969e+00 -1.49415655e+00
 -1.16543867e+00 -1.44978879e+00
 -1.16122811e+00 -1.40880861e+00
 -1.09985440e+00 -1.37088991e+00
 -1.15341853e+00 -1.33574838e+00
 -1.02341212e+00 -1.30313513e+00
 -1.03002748e+00 -1.27283144e+00
 -1.00540052e+00 -1.24464441e+00
 -1.10641263e+00 -1.21840335e+00
 -1.03884017e+00 -1.19395675e+00
 -8.80117036e-01 -1.17116980e+00
 -9.30911448e-01 -1.14992218e+00
 -9.18090843e-01 -1.13010629e+00
 -9.85681487e-01 -1.11162569e+00
 -9.53729671e-01 -1.09439379e+00
 -9.44918255e-01 -1.07833273e+00
 -8.73946489e-01 -1.06337235e+00
 -8.98520326e-01 -1.04944944e+00
 -7.94031428e-01 -1.03650694e+00
 -8.00143142e-01 -1.02449333e+00
 -8.13217466e-01 -1.01336209e+00
 -7.96462352e-01 -1.00307123e+00
 -8.57079430e-01 -9.93582852e-01
 -7.75195764e-01 -9.84862786e-01
 -8.75116902e-01 -9.76880292e-01
 -7.20572745e-01 -9.69607765e-01
 -7.28981137e-01 -9.63020497e-01
 -7.80555874e-01 -9.57096462e-01
 -8.70805217e-01 -9.51816135e-01
 -8.29486299e-01 -9.47162326e-01
 -8.04415986e-01 -9.43120048e-01
 -8.21123457e-01 -9.39676390e-01
 -7.39085923e-01 -9.36820423e-01
 -7.61501755e-01 -9.34543111e-01
 -7.24750098e-01 -9.32837246e-01
 -7.78478221e-01 -9.31697388e-01
 -8.27922176e-01 -9.31119829e-01
 -7.94920530e-01 -9.31102560e-01
 -7.65937238e-01 -9.31645259e-01
 -7.61688619e-01 -9.32749285e-01
 -8.03283344e-01 -9.34417688e-01
 -7.45227455e-01 -9.36655231e-01
 -7.30057785e-01 -9.39468423e-01
 -7.70004254e-01 -9.42865563e-01
 -8.10614701e-01 -9.46856808e-01
 -7.97317124e-01 -9.51454243e-01
 -8.17632736e-01 -9.56671971e-01
 -8.25970453e-01 -9.62526227e-01
 -8.27980065e-01 -9.69035497e-01
 -7.40049156e-01 -9.76220672e-01
 -7.58754647e-01 -9.84105213e-01
 -9.52122740e-01 -9.92715345e-01
 -8.17689724e-01 -1.00208028e+00
 -8.59208370e-01 -1.01223249e+00
 -8.18895233e-01 -1.02320796e+00
 -7.55327666e-01 -1.03504654e+00
 -8.76802128e-01 -1.04779236e+00
 -9.47295083e-01 -1.06149419e+00
 -9.03590324e-01 -1.07620602e+00
 -8.77978210e-01 -1.09198754e+00
 -8.96378568e-01 -1.10890489e+00
 -9.67695347e-01 -1.12703134e+00
 -9.77377593e-01 -1.14644819e+00
 -1.03654045e+00 -1.16724578e+00
 -9.63458814e-01 -1.18952462e+00
 -1.11604390e+00 -1.21339682e+00
 -1.09394954e+00 -1.23898761e+00
 -1.00168612e+00 -1.26643723e+00
 -1.10094463e+00 -1.29590311e+00
 -1.16473811e+00 -1.32756247e+00
 -1.17737666e+00 -1.36161537e+00
 -1.07937839e+00 -1.39828839e+00
 -1.21074781e+00 -1.43783899e+00
 -1.34127478e+00 -1.48056078e+00
 -1.37476527e+00 -1.52678990e+00
 -1.26997709e+00 -1.57691274e+00
 -1.37072976e+00 -1.63137543e+00
 -1.53113039e+00 -1.69069546e+00
 -1.50938080e+00 -1.75547607e+00
 -1.60190371e+00 -1.82642409e+00
 -1.71720147e+00 -1.90437234e+00
 -1.83141940e+00 -1.99030762e+00
 -1.92985740e+00 -2.08540618e+00
 -2.02346238e+00 -2.19107843e+00
 -2.17712819e+00 -2.30902560e+00
 -2.33925941e+00 -2.44131092e+00
 -2.46748711e+00 -2.59044800e+00
 -2.66324617e+00 -2.75950670e+00
 -2.96518658e+00 -2.95223058e+00
 -3.38297945e+00 -3.17314132e+00
 -3.74949516e+00 -3.42755536e+00
 -4.19048751e+00 -3.72130326e+00
 -4.87480865e+00 -4.05956715e+00
 -5.66217286e+00 -4.44316270e+00
 -6.85162373e+00 -4.85722428e+00
 -8.70623651e+00 -5.23607445e+00
 -1.13714854e+01 -5.34858634e+00
 -1.54570533e+01 -4.41273419e+00
 -2.09900008e+01 -2.63693343e-02
 -2.29957233e+01 1.11480065e+01
 -1.34800121e+01 2.02133928e+01
 -3.82837296e+00 1.86743854e+01
 3.60399574e-01 1.45638503e+01
 1.89910949e+00 1.13422747e+01
 2.28193862e+00 9.10472042e+00
 2.38145841e+00 7.53556899e+00
 2.37895376e+00 6.39836188e+00
 2.17437636e+00 5.54590747e+00
 2.16454038e+00 4.88757533e+00
 1.92500492e+00 4.36612139e+00
 1.93574283e+00 3.94417548e+00
 1.79173869e+00 3.59653417e+00
 1.73010546e+00 3.30568502e+00
 1.59928133e+00 3.05913106e+00
 1.49413569e+00 2.84774145e+00
 1.51142598e+00 2.66470404e+00
 1.39172803e+00 2.50484161e+00
 1.33947568e+00 2.36415409e+00
 1.21335088e+00 2.23950516e+00
 1.12676134e+00 2.12840302e+00
 1.21519151e+00 2.02884427e+00
 1.15809222e+00 1.93920074e+00
 1.08741251e+00 1.85813626e+00
 1.12784561e+00 1.78454444e+00
 1.06893510e+00 1.71750171e+00
 9.60928134e-01 1.65623132e+00
 9.28056767e-01 1.60007551e+00
 9.11542878e-01 1.54847377e+00
 9.11772534e-01 1.50094563e+00
 8.98475499e-01 1.45707703e+00
 7.87979883e-01 1.41650937e+00
 8.72181597e-01 1.37893060e+00
 8.54773539e-01 1.34406804e+00
 8.36799184e-01 1.31168245e+00
 8.72594705e-01 1.28156317e+00
 7.84153055e-01 1.25352402e+00
 7.36537670e-01 1.22740002e+00
 7.43001020e-01 1.20304446e+00
 7.15433437e-01 1.18032658e+00
 7.42407750e-01 1.15912954e+00
 7.55649449e-01 1.13934869e+00
 6.32195279e-01 1.12089015e+00
 7.14809509e-01 1.10366951e+00
 6.60043835e-01 1.08761078e+00
 7.05209779e-01 1.07264545e+00
 5.30369099e-01 1.05871173e+00
 6.95613677e-01 1.04575379e+00
 6.87640564e-01 1.03372121e+00
 6.46030757e-01 1.02256843e+00
 6.85443916e-01 1.01225431e+00
 5.97645380e-01 1.00274169e+00
 6.39889544e-01 9.93997099e-01
 5.78813963e-01 9.85990395e-01
 6.80547701e-01 9.78694532e-01
 6.13700859e-01 9.72085309e-01
 5.51447223e-01 9.66141172e-01
 6.82047176e-01 9.60843033e-01
 6.18202717e-01 9.56174120e-01
 6.23816376e-01 9.52119840e-01
 5.42945530e-01 9.48667666e-01
 5.69131946e-01 9.45807044e-01
 5.53726388e-01 9.43529312e-01
 6.47595370e-01 9.41827630e-01
 6.55343627e-01 9.40696939e-01
 5.99108276e-01 9.40133914e-01
 5.94859157e-01 9.40136948e-01
 4.79861268e-01 9.40706135e-01
 5.30527333e-01 9.41843274e-01
 5.53123211e-01 9.43551878e-01
 4.60874492e-01 9.45837207e-01
 6.09297172e-01 9.48706302e-01
 6.13270569e-01 9.52168036e-01
 5.30596618e-01 9.56233187e-01
 5.81868382e-01 9.60914515e-01
 5.94312908e-01 9.66226862e-01
 6.07003764e-01 9.72187268e-01
 6.62292325e-01 9.78815107e-01
 6.38984137e-01 9.86132244e-01
 5.47697524e-01 9.94163217e-01
 5.80425516e-01 1.00293544e+00
 5.85231409e-01 1.01247946e+00
 6.65051077e-01 1.02282920e+00
 6.68814409e-01 1.03402229e+00
 6.60212856e-01 1.04610042e+00
 7.12747208e-01 1.05910974e+00
 6.18617228e-01 1.07310135e+00
 6.90879370e-01 1.08813181e+00
 6.98945738e-01 1.10426373e+00
 6.17338567e-01 1.12156655e+00
 6.71423445e-01 1.14011727e+00
 7.15562536e-01 1.16000146e+00
 7.96653436e-01 1.18131430e+00
 7.57943300e-01 1.20416187e+00
 7.84075298e-01 1.22866265e+00
 7.26763058e-01 1.25494921e+00
 7.27411905e-01 1.28317030e+00
 8.67863310e-01 1.31349320e+00
 8.04535073e-01 1.34610665e+00
 9.57346790e-01 1.38122415e+00
 8.90157809e-01 1.41908812e+00
 8.85792871e-01 1.45997472e+00
 9.90325183e-01 1.50419980e+00
 1.02157233e+00 1.55212603e+00
 1.01007714e+00 1.60417171e+00
 9.85927727e-01 1.66082154e+00
 1.14938376e+00 1.72263995e+00
 1.24806537e+00 1.79028770e+00
 1.30063399e+00 1.86454273e+00
 1.41529758e+00 1.94632635e+00
 1.41451123e+00 2.03673657e+00
 1.48485944e+00 2.13709066e+00
 1.62437450e+00 2.24897961e+00
 1.76625260e+00 2.37433841e+00
 1.82005338e+00 2.51553620e+00
 1.93364628e+00 2.67549154e+00
 2.21205877e+00 2.85781651e+00
 2.36647424e+00 3.06698850e+00
 2.72835882e+00 3.30853063e+00
 3.04542250e+00 3.58912995e+00
 3.51743473e+00 3.91647405e+00
 4.08249718e+00 4.29815581e+00
 4.83651651e+00 4.73770048e+00
 6.01020304e+00 5.22165607e+00
 7.73923093e+00 5.67786540e+00
 1.02994793e+01 5.83732797e+00
 1.42487737e+01 4.79137636e+00
 1.91880256e+01 9.46636657e-02
 1.94127426e+01 -9.65491362e+00
 1.15801931e+01 -1.56470272e+01
 4.59717058e+00 -1.45979961e+01
 1.29929547e+00 -1.18975301e+01
 -8.93615697e-02 -9.62015665e+00
 -7.49781229e-01 -7.93709042e+00
 -1.03021275e+00 -6.70121252e+00
 -1.20734465e+00 -5.77455682e+00
 -1.06536724e+00 -5.06185631e+00
 -1.26823542e+00 -4.50038638e+00
 -1.09758072e+00 -4.04857623e+00
 -9.98407750e-01 -3.67827874e+00
 -1.01070029e+00 -3.36995774e+00
 -9.93266732e-01 -3.10971991e+00
 -1.04005637e+00 -2.88745915e+00
 -9.49722694e-01 -2.69567181e+00
 -9.33546202e-01 -2.52868251e+00
 -8.14547601e-01 -2.38212675e+00
 -8.37131535e-01 -2.25259761e+00
 -7.36060776e-01 -2.13739956e+00
 -7.21477147e-01 -2.03437387e+00
 -6.46956677e-01 -1.94177249e+00
 -7.47912381e-01 -1.85816570e+00
 -7.43267585e-01 -1.78237338e+00
 -6.92516568e-01 -1.71341325e+00
 -6.53351576e-01 -1.65046146e+00
 -7.08147986e-01 -1.59282209e+00
 -6.76212327e-01 -1.53990350e+00
 -5.84270283e-01 -1.49119965e+00
 -5.43117771e-01 -1.44627533e+00
 -5.47368177e-01 -1.40475430e+00
 -5.57234449e-01 -1.36630976e+00
 -5.48282679e-01 -1.33065658e+00
 -5.52258118e-01 -1.29754501e+00
 -5.26777236e-01 -1.26675537e+00
 -5.33961373e-01 -1.23809384e+00
 -5.20890956e-01 -1.21138878e+00
 -5.47534919e-01 -1.18648779e+00
 -4.95333551e-01 -1.16325512e+00
 -5.22957308e-01 -1.14156960e+00
 -4.79668154e-01 -1.12132278e+00
 -5.78261100e-01 -1.10241739e+00
 -4.11562951e-01 -1.08476605e+00
 -4.54598606e-01 -1.06829013e+00
 -4.65156403e-01 -1.05291874e+00
 -4.63617724e-01 -1.03858793e+00
 -4.15479798e-01 -1.02523996e+00
 -4.57448444e-01 -1.01282262e+00
 -3.68664556e-01 -1.00128875e+00
 -5.04129555e-01 -9.90595691e-01
 -4.27642175e-01 -9.80704914e-01
 -4.83293608e-01 -9.71581636e-01
 -3.65810852e-01 -9.63194495e-01
 -4.52823685e-01 -9.55515279e-01
 -3.38805224e-01 -9.48518675e-01
 -4.62130614e-01 -9.42182053e-01
 -4.09364114e-01 -9.36485283e-01
 -4.45848038e-01 -9.31410570e-01
 -3.67075519e-01 -9.26942313e-01
 -3.93133892e-01 -9.23066986e-01
 -4.50799814e-01 -9.19773029e-01
 -3.62407771e-01 -9.17050770e-01
 -3.97900302e-01 -9.14892344e-01
 -4.12663136e-01 -9.13291645e-01
 -3.83775728e-01 -9.12244274e-01
 -4.20649009e-01 -9.11747515e-01
 -3.40784825e-01 -9.11800312e-01
 -4.29155780e-01 -9.12403263e-01
 -4.24412012e-01 -9.13558629e-01
 -3.72854676e-01 -9.15270348e-01
 -3.78993921e-01 -9.17544070e-01
 -4.09861307e-01 -9.20387195e-01
 -3.08082535e-01 -9.23808935e-01
 -4.19214203e-01 -9.27820383e-01
 -3.43013377e-01 -9.32434599e-01
 -4.30772381e-01 -9.37666715e-01
 -3.44216951e-01 -9.43534054e-01
 -3.76139162e-01 -9.50056273e-01
 -3.48412363e-01 -9.57255526e-01
 -4.63989467e-01 -9.65156652e-01
 -3.31520548e-01 -9.73787391e-01
 -4.38428439e-01 -9.83178632e-01
 -4.15671475e-01 -9.93364691e-01
 -3.56752361e-01 -1.00438364e+00
 -3.53924988e-01 -1.01627768e+00
 -3.82409583e-01 -1.02909356e+00
 -4.18859483e-01 -1.04288304e+00
 -4.95790798e-01 -1.05770350e+00
 -4.86475361e-01 -1.07361854e+00
 -4.58823537e-01 -1.09069873e+00
 -3.52308717e-01 -1.10902245e+00
 -3.62495683e-01 -1.12867693e+00
 -4.91149929e-01 -1.14975934e+00
 -5.03784795e-01 -1.17237817e+00
 -5.60476260e-01 -1.19665478e+00
 -5.76196526e-01 -1.22272527e+00
 -5.36146252e-01 -1.25074263e+00
 -5.16986740e-01 -1.28087936e+00
 -5.84332530e-01 -1.31333051e+00
 -4.68065580e-01 -1.34831734e+00
 -5.52383216e-01 -1.38609177e+00
 -6.68480741e-01 -1.42694168e+00
 -6.30013261e-01 -1.47119743e+00
 -6.35561525e-01 -1.51923970e+00
 -6.39789397e-01 -1.57150928e+00
 -6.11152645e-01 -1.62851913e+00
 -6.93028218e-01 -1.69086935e+00
 -7.93819507e-01 -1.75926608e+00
 -8.23012095e-01 -1.83454530e+00
 -8.56340663e-01 -1.91770329e+00
 -9.90542207e-01 -2.00993564e+00
 -9.31062988e-01 -2.11268783e+00
 -1.01158501e+00 -2.22772114e+00
 -1.15276036e+00 -2.35719921e+00
 -1.26316077e+00 -2.50380204e+00
 -1.45209917e+00 -2.67087646e+00
 -1.51785431e+00 -2.86263292e+00
 -1.60620613e+00 -3.08439725e+00
 -2.03603400e+00 -3.34291327e+00
 -2.26794007e+00 -3.64664724e+00
 -2.54481423e+00 -4.00590064e+00
 -3.03026539e+00 -4.43208681e+00
 -3.76289766e+00 -4.93409500e+00
 -4.75782713e+00 -5.50493922e+00
 -6.30136833e+00 -6.07569056e+00
 -8.83417568e+00 -6.35925532e+00
 -1.27009496e+01 -5.37830339e+00
 -1.68186931e+01 -8.79714441e-01
 -1.62638975e+01 7.03066131e+00
 -1.04816104e+01 1.12826885e+01
 -5.39603506e+00 1.09095734e+01
 -2.72051509e+00 9.30115966e+00
 -1.27456416e+00 7.79509317e+00
 -6.59382524e-01 6.60305386e+00
 -1.92596351e-01 5.68437135e+00
 -7.32055758e-03 4.97071972e+00
 1.48332168e-01 4.40693858e+00
 2.14854548e-01 3.95342800e+00
 2.26341653e-01 3.58237188e+00
 3.42325724e-01 3.27411504e+00
 3.72299249e-01 3.01455812e+00
 3.49575676e-01 2.79340634e+00
 3.42579158e-01 2.60300766e+00
 2.83326457e-01 2.43757686e+00
 3.88877769e-01 2.29267069e+00
 2.83517449e-01 2.16482676e+00
 3.13478588e-01 2.05131110e+00
 2.91058559e-01 1.94993876e+00
 3.73249279e-01 1.85894416e+00
 3.52560608e-01 1.77688625e+00
 3.92399637e-01 1.70257795e+00
 2.21728030e-01 1.63503309e+00
 2.72183754e-01 1.57342608e+00
 2.60621752e-01 1.51706075e+00
 1.65032466e-01 1.46534622e+00
 2.17355623e-01 1.41777788e+00
 3.13802985e-01 1.37392240e+00
 2.21910791e-01 1.33340568e+00
 2.23140048e-01 1.29590317e+00
 2.64189089e-01 1.26113210e+00
 2.86092216e-01 1.22884497e+00
 2.65559609e-01 1.19882441e+00
 1.45859031e-01 1.17087874e+00
 1.63816447e-01 1.14483841e+00
 2.01264500e-01 1.12055296e+00
 2.70491149e-01 1.09788851e+00
 1.40226857e-01 1.07672557e+00
 2.38345791e-01 1.05695731e+00
 1.84382881e-01 1.03848792e+00
 1.42698686e-01 1.02123139e+00
 1.36001781e-01 1.00511030e+00
 1.74283360e-01 9.90054918e-01
 1.65497072e-01 9.76002295e-01
 1.43010371e-01 9.62895592e-01
 1.37431468e-01 9.50683428e-01
 1.21655495e-01 9.39319338e-01
 1.28635081e-01 9.28761292e-01
 1.40202614e-01 9.18971282e-01
 1.87596181e-01 9.09914960e-01
 2.33880757e-01 9.01561311e-01
 1.40391549e-01 8.93882386e-01
 1.89739788e-01 8.86853046e-01
 5.92707986e-02 8.80450757e-01
 1.70437284e-01 8.74655398e-01
 1.12392470e-01 8.69449100e-01
 1.17643319e-01 8.64816106e-01
 1.36971515e-01 8.60742648e-01
 1.44458069e-01 8.57216839e-01
 1.16846774e-01 8.54228593e-01
 1.81717537e-01 8.51769542e-01
 1.85026590e-01 8.49832981e-01
 3.69092799e-02 8.48413821e-01
 2.30039234e-01 8.47508552e-01
 8.46719478e-02 8.47115221e-01
 2.52879742e-01 8.47233420e-01
 1.54482059e-01 8.47864285e-01
 1.45122986e-01 8.49010509e-01
 2.27333737e-01 8.50676362e-01
 1.70292684e-01 8.52867729e-01
 2.18679683e-01 8.55592152e-01
 1.97792740e-01 8.58858893e-01
 1.32761120e-01 8.62679009e-01
 1.09817043e-01 8.67065435e-01
 1.35168544e-01 8.72033097e-01
 1.68104886e-01 8.77599026e-01
 2.27387241e-01 8.83782508e-01
 2.08632714e-01 8.90605244e-01
 2.07873601e-01 8.98091543e-01
 1.17010693e-01 9.06268534e-01
 2.00363043e-01 9.15166420e-01
 1.89396183e-01 9.24818760e-01
 1.05934621e-01 9.35262796e-01
 1.80064461e-01 9.46539824e-01
 2.04829123e-01 9.58695625e-01
 1.84591884e-01 9.71780954e-01
 2.47944583e-01 9.85852108e-01
 1.18962438e-01 1.00097157e+00
 1.54765231e-01 1.01720879e+00
 1.07464503e-01 1.03464100e+00
 2.24216801e-01 1.05335429e+00
 1.21409945e-01 1.07344476e+00
 1.40307644e-01 1.09501991e+00
 1.84242330e-01 1.11820026e+00
 1.31970227e-01 1.14312128e+00
 1.09472829e-01 1.16993565e+00
 1.61663511e-01 1.19881597e+00
 1.99149416e-01 1.22995797e+00
 1.10047356e-01 1.26358442e+00
 2.21519033e-01 1.29994981e+00
 1.54702619e-01 1.33934600e+00
 3.12383839e-01 1.38210925e+00
 2.24387181e-01 1.42862875e+00
 2.55013414e-01 1.47935722e+00
 3.20796769e-01 1.53482416e+00
 3.35238870e-01 1.59565250e+00
 2.70203173e-01 1.66257967e+00
 3.65272060e-01 1.73648458e+00
 4.74550010e-01 1.81842244e+00
 4.00294540e-01 1.90967001e+00
 4.19929365e-01 2.01178518e+00
 5.20058163e-01 2.12668608e+00
 5.84234243e-01 2.25675714e+00
 5.89525064e-01 2.40499256e+00
 6.52243693e-01 2.57519188e+00
 7.82047834e-01 2.77222731e+00
 8.67794064e-01 3.00240763e+00
 9.67217857e-01 3.27396231e+00
 1.21697780e+00 3.59764395e+00
 1.55593556e+00 3.98733267e+00
 1.85438642e+00 4.46010831e+00
 2.36497756e+00 5.03379537e+00
 3.22547109e+00 5.71483092e+00
 4.66918678e+00 6.45094632e+00
 6.90263565e+00 6.96248493e+00
 1.04578742e+01 6.25928626e+00
 1.41278933e+01 2.36979743e+00
 1.37293141e+01 -3.85304574e+00
 9.74427120e+00 -7.24750867e+00
 6.13146540e+00 -7.53583129e+00
 3.84973593e+00 -6.78598251e+00
 2.67552740e+00 -5.91674885e+00
 1.82761879e+00 -5.15735895e+00
 1.44235177e+00 -4.53462866e+00
 1.03342509e+00 -4.02942827e+00
 8.23418497e-01 -3.61729212e+00
 6.44121982e-01 -3.27746223e+00
 4.39699446e-01 -2.99391022e+00
 4.30591248e-01 -2.75456861e+00
 3.65185208e-01 -2.55036986e+00
 2.28130244e-01 -2.37445196e+00
 3.82087868e-01 -2.22156623e+00
 3.03188977e-01 -2.08765006e+00
 2.86824861e-01 -1.96952111e+00
 1.32466744e-01 -1.86465755e+00
 2.55929417e-01 -1.77103907e+00
 8.89834449e-02 -1.68703051e+00
 8.16352707e-02 -1.61129584e+00
 1.59818264e-01 -1.54273372e+00
 1.00996989e-01 -1.48042893e+00
 1.50641765e-01 -1.42361507e+00
 1.73685379e-01 -1.37164594e+00
 1.70498530e-01 -1.32397306e+00
 -2.26106788e-03 -1.28012817e+00
 1.35630397e-01 -1.23970918e+00
 8.94471617e-02 -1.20236908e+00
 6.07144680e-02 -1.16780691e+00
 8.99775183e-02 -1.13576050e+00
 4.75933886e-02 -1.10600046e+00
 1.22933487e-01 -1.07832538e+00
 4.28084954e-02 -1.05255769e+00
 1.27632214e-01 -1.02854037e+00
 -2.09180835e-03 -1.00613409e+00
 5.82576861e-02 -9.85214913e-01
 1.07902030e-01 -9.65672238e-01
 4.64994908e-02 -9.47407167e-01
 1.48297488e-01 -9.30331050e-01
 1.82944207e-01 -9.14364264e-01
 6.51560762e-02 -8.99435163e-01
 9.84934713e-02 -8.85479179e-01
 1.27887967e-01 -8.72438042e-01
 7.98726027e-02 -8.60259102e-01
 5.68834182e-02 -8.48894753e-01
 4.68178085e-02 -8.38301917e-01
 5.82883665e-02 -8.28441603e-01
 1.37107523e-01 -8.19278524e-01
 1.13647461e-01 -8.10780753e-01
 6.66302156e-02 -8.02919429e-01
 8.14630122e-02 -7.95668500e-01
 1.01939501e-01 -7.89004491e-01
 1.36126631e-01 -7.82906310e-01
 1.23936413e-01 -7.77355067e-01
 1.19842743e-01 -7.72333929e-01
 9.31877049e-02 -7.67827983e-01
 3.07305169e-02 -7.63824124e-01
 1.02063595e-01 -7.60310954e-01
 8.15407904e-02 -7.57278701e-01
 1.02447940e-01 -7.54719145e-01
 1.69988167e-01 -7.52625562e-01
 3.31598205e-02 -7.50992679e-01
 1.01705294e-01 -7.49816637e-01
 7.32001749e-02 -7.49094964e-01
 9.58630814e-02 -7.48826567e-01
 4.48317336e-02 -7.49011720e-01
 9.53824298e-02 -7.49652077e-01
 -5.40164262e-02 -7.50750682e-01
 8.28718352e-02 -7.52311998e-01
 8.66461104e-02 -7.54341947e-01
 -2.46996879e-03 -7.56847954e-01
 -1.73647589e-02 -7.59839009e-01
 1.14874298e-01 -7.63325743e-01
 1.06394576e-01 -7.67320514e-01
 6.76889534e-02 -7.71837510e-01
 6.75346886e-02 -7.76892871e-01
 1.38012614e-01 -7.82504826e-01
 2.75250667e-02 -7.88693858e-01
 5.62535632e-02 -7.95482882e-01
 1.84904304e-01 -8.02897461e-01
 3.00272626e-02 -8.10966050e-01
 1.58535513e-01 -8.19720269e-01
 1.19543529e-01 -8.29195224e-01
 8.17970762e-02 -8.39429873e-01
 3.26249035e-02 -8.50467445e-01
 4.32429923e-02 -8.62355920e-01
 4.36889702e-02 -8.75148591e-01
 1.53207896e-01 -8.88904703e-01
 4.90609340e-02 -9.03690201e-01
 9.10820180e-02 -9.19578596e-01
 1.22766365e-01 -9.36651977e-01
 1.62001030e-01 -9.55002194e-01
 1.49991097e-01 -9.74732249e-01
 1.22547527e-01 -9.95957935e-01
 1.12305116e-01 -1.01880978e+00
 2.37333329e-01 -1.04343534e+00
 1.35043470e-01 -1.07000200e+00
 1.54932448e-01 -1.09870027e+00
 1.54305699e-01 -1.12974777e+00
 2.13444883e-02 -1.16339416e+00
 2.34709610e-01 -1.19992708e+00
 2.38642761e-01 -1.23967948e+00
 1.71324709e-01 -1.28303874e+00
 1.21282258e-01 -1.33045802e+00
 1.37455386e-01 -1.38247059e+00
 1.91916983e-01 -1.43970798e+00
 1.81192673e-01 -1.50292328e+00
 1.88991284e-01 -1.57302125e+00
 1.94061532e-01 -1.65109767e+00
 1.92007524e-01 -1.73849140e+00
 1.97758357e-01 -1.83685389e+00
 1.60445551e-01 -1.94824334e+00
 1.73656265e-01 -2.07525376e+00
 6.06200394e-02 -2.22119413e+00
 2.21109257e-01 -2.39034058e+00
 1.83460072e-01 -2.58829499e+00
 3.01304052e-02 -2.82249949e+00
 1.04343344e-02 -3.10297444e+00
 -4.53948830e-02 -3.44335793e+00
 -1.60748164e-01 -3.86227420e+00
 -5.10163928e-01 -4.38474470e+00
 -9.00123866e-01 -5.04199361e+00
 -1.47950434e+00 -5.86256846e+00
 -2.64763178e+00 -6.82684996e+00
 -4.72522770e+00 -7.68727538e+00
 -8.04624447e+00 -7.46507011e+00
 -1.15123337e+01 -4.38966182e+00
 -1.18023815e+01 5.52029960e-01
 -9.07088450e+00 3.59164530e+00
 -6.68322228e+00 4.45339020e+00
 -4.81667662e+00 4.37995110e+00
 -3.68743060e+00 4.03608379e+00
 -2.86652560e+00 3.65364694e+00
 -2.35357439e+00 3.30129549e+00
 -1.96342492e+00 2.99414736e+00
 -1.73052400e+00 2.73082365e+00
 -1.50190313e+00 2.50559376e+00
 -1.30820859e+00 2.31227796e+00
 -1.18272332e+00 2.14539349e+00
 -9.95428398e-01 2.00038002e+00
 -8.79976201e-01 1.87353421e+00
 -8.98193970e-01 1.76187068e+00
 -9.31886072e-01 1.66298221e+00
 -8.45944328e-01 1.57491993e+00
 -8.21289484e-01 1.49609687e+00
 -6.42922603e-01 1.42521220e+00
 -5.64514942e-01 1.36119227e+00
 -6.92156241e-01 1.30314480e+00
 -5.61862823e-01 1.25032329e+00
 -5.59815998e-01 1.20209919e+00
 -4.74961747e-01 1.15794001e+00
 -4.50435655e-01 1.11739203e+00
 -4.34584279e-01 1.08006656e+00
 -4.60202153e-01 1.04562885e+00
 -4.07491865e-01 1.01378930e+00
 -4.34687801e-01 9.84296159e-01
 -3.57326128e-01 9.56929676e-01
 -4.35687606e-01 9.31497284e-01
 -4.50135211e-01 9.07829588e-01
 -3.19154830e-01 8.85777070e-01
 -4.57685836e-01 8.65207321e-01
 -4.11830689e-01 8.46002732e-01
 -3.40020525e-01 8.28058544e-01
 -3.88448330e-01 8.11281202e-01
 -4.10834368e-01 7.95586955e-01
 -2.71959702e-01 7.80900664e-01
 -2.33665002e-01 7.67154781e-01
 -3.89226258e-01 7.54288474e-01
 -3.15869327e-01 7.42246873e-01
 -3.44223773e-01 7.30980415e-01
 -2.62638427e-01 7.20444283e-01
 -2.66941797e-01 7.10597910e-01
 -3.60010882e-01 7.01404558e-01
 -3.36831972e-01 6.92830940e-01
 -2.98909146e-01 6.84846894e-01
 -2.56898718e-01 6.77425103e-01
 -3.84025785e-01 6.70540837e-01
 -1.92381371e-01 6.64171740e-01
 -3.15470712e-01 6.58297635e-01
 -3.69308004e-01 6.52900356e-01
 -3.60328359e-01 6.47963597e-01
 -2.71605205e-01 6.43472787e-01
 -2.90277216e-01 6.39414976e-01
 -2.80030520e-01 6.35778737e-01
 -3.22432111e-01 6.32554079e-01
 -3.66527974e-01 6.29732381e-01
 -4.19449962e-01 6.27306326e-01
 -3.13652363e-01 6.25269851e-01
 -3.25764087e-01 6.23618113e-01
 -2.76252410e-01 6.22347447e-01
 -2.89734029e-01 6.21455355e-01
 -3.19946225e-01 6.20940484e-01
 -2.38069151e-01 6.20802623e-01
 -2.97894037e-01 6.21042710e-01
 -2.36762226e-01 6.21662838e-01
 -2.84273359e-01 6.22666279e-01
 -2.70944328e-01 6.24057511e-01
 -3.09302201e-01 6.25842258e-01
 -2.48008868e-01 6.28027540e-01
 -3.62808576e-01 6.30621731e-01
 -3.32855988e-01 6.33634628e-01
 -2.97941862e-01 6.37077541e-01
 -3.37524553e-01 6.40963386e-01
 -3.20030257e-01 6.45306799e-01
 -3.52941092e-01 6.50124271e-01
 -2.41674740e-01 6.55434296e-01
 -3.76660485e-01 6.61257545e-01
 -3.45968165e-01 6.67617066e-01
 -3.21610540e-01 6.74538510e-01
 -4.59743521e-01 6.82050396e-01
 -3.42396062e-01 6.90184410e-01
 -3.78057485e-01 6.98975748e-01
 -3.54806925e-01 7.08463518e-01
 -3.47650931e-01 7.18691197e-01
 -2.81656726e-01 7.29707160e-01
 -4.87940395e-01 7.41565299e-01
 -4.83200497e-01 7.54325739e-01
 -3.69037514e-01 7.68055669e-01
 -4.71316989e-01 7.82830328e-01
 -4.04287566e-01 7.98734150e-01
 -3.89697915e-01 8.15862125e-01
 -4.10405734e-01 8.34321407e-01
 -4.43967716e-01 8.54233229e-01
 -4.28511847e-01 8.75735202e-01
 -5.70975915e-01 8.98984064e-01
 -4.42271039e-01 9.24159026e-01
 -5.96318972e-01 9.51465822e-01
 -4.78320819e-01 9.81141679e-01
 -4.28652842e-01 1.01346144e+00
 -5.39459400e-01 1.04874517e+00
 -4.89058705e-01 1.08736763e+00
 -4.88854212e-01 1.12977030e+00
 -5.87809974e-01 1.17647656e+00
 -5.86156304e-01 1.22811131e+00
 -6.14015665e-01 1.28542627e+00
 -6.76569021e-01 1.34933324e+00
 -6.98052204e-01 1.42094812e+00
 -7.10021710e-01 1.50165011e+00
 -7.43582646e-01 1.59316209e+00
 -7.82908663e-01 1.69766170e+00
 -7.37216000e-01 1.81793689e+00
 -9.39623391e-01 1.95760754e+00
 -8.80834373e-01 2.12144656e+00
 -9.52921975e-01 2.31585298e+00
 -1.11096237e+00 2.54956082e+00
 -1.01755646e+00 2.83471487e+00
 -1.07584359e+00 3.18851078e+00
 -1.02873759e+00 3.63565246e+00
 -1.06224941e+00 4.21174902e+00
 -9.55015630e-01 4.96663344e+00
 -4.73085600e-01 5.96083976e+00
 3.06437802e-01 7.22356624e+00
 2.26451382e+00 8.55333711e+00
 5.56509417e+00 8.95268115e+00
 9.08507724e+00 6.67981009e+00
 1.01074238e+01 2.59344985e+00
 8.70986953e+00 -3.40179735e-01
 6.96689022e+00 -1.66415109e+00
 5.42410970e+00 -2.11829654e+00
 4.48987720e+00 -2.20324556e+00
 3.77692359e+00 -2.14368457e+00
 3.19942030e+00 -2.03265069e+00
 2.69885464e+00 -1.90833777e+00
 2.49430763e+00 -1.78624849e+00
 2.24974846e+00 -1.67230308e+00
 1.95743768e+00 -1.56831055e+00
 1.76695230e+00 -1.47432658e+00
 1.64075023e+00 -1.38969702e+00
 1.42507174e+00 -1.31352563e+00
 1.37597972e+00 -1.24488214e+00
 1.23761197e+00 -1.18289057e+00
 1.33130136e+00 -1.12676180e+00
 1.21095993e+00 -1.07580054e+00
 1.14087738e+00 -1.02940103e+00
 1.06583529e+00 -9.87038320e-01
 9.75586494e-01 -9.48258346e-01
 1.01056036e+00 -9.12668270e-01
 9.42113976e-01 -8.79927758e-01
 8.60888030e-01 -8.49741315e-01
 8.56699936e-01 -8.21851711e-01
 8.49777164e-01 -7.96034372e-01
 7.31223042e-01 -7.72092655e-01
 7.79147193e-01 -7.49853849e-01
 7.55193763e-01 -7.29165808e-01
 6.97153599e-01 -7.09894106e-01
 7.52891585e-01 -6.91919641e-01
 7.36062639e-01 -6.75136593e-01
 7.15691148e-01 -6.59450703e-01
 6.00481286e-01 -6.44777799e-01
 6.35517261e-01 -6.31042543e-01
 5.83446415e-01 -6.18177355e-01
 6.43206673e-01 -6.06121493e-01
 6.33016003e-01 -5.94820255e-01
 6.43695292e-01 -5.84224299e-01
 5.79770136e-01 -5.74289044e-01
 6.38561029e-01 -5.64974159e-01
 5.59101917e-01 -5.56243113e-01
 5.14391705e-01 -5.48062787e-01
 5.54082160e-01 -5.40403130e-01
 5.58990549e-01 -5.33236863e-01
 6.67178715e-01 -5.26539216e-01
 5.61770253e-01 -5.20287700e-01
 5.70153113e-01 -5.14461901e-01
 4.67955649e-01 -5.09043309e-01
 5.56932298e-01 -5.04015156e-01
 5.81688951e-01 -4.99362279e-01
 4.44759623e-01 -4.95071005e-01
 4.96303917e-01 -4.91129038e-01
 4.92674696e-01 -4.87525368e-01
 5.15074937e-01 -4.84250194e-01
 5.60616975e-01 -4.81294846e-01
 6.14155091e-01 -4.78651733e-01
 5.26137130e-01 -4.76314284e-01
 5.18975691e-01 -4.74276908e-01
 4.84357319e-01 -4.72534957e-01
 4.41044621e-01 -4.71084697e-01
 5.00975629e-01 -4.69923288e-01
 4.85103352e-01 -4.69048765e-01
 5.37383673e-01 -4.68460033e-01
 5.28019622e-01 -4.68156859e-01
 5.66828559e-01 -4.68139884e-01
 5.64267846e-01 -4.68410624e-01
 5.74087918e-01 -4.68971493e-01
 4.17363143e-01 -4.69825824e-01
 5.64502056e-01 -4.70977901e-01
 6.04948108e-01 -4.72432997e-01
 5.66736079e-01 -4.74197420e-01
 5.70199986e-01 -4.76278572e-01
 4.99159944e-01 -4.78685012e-01
 5.53007743e-01 -4.81426532e-01
 5.30951779e-01 -4.84514251e-01
 6.43976047e-01 -4.87960715e-01
 6.26041794e-01 -4.91780013e-01
 5.98702481e-01 -4.95987918e-01
 6.40607504e-01 -5.00602041e-01
 5.55227891e-01 -5.05642009e-01
 6.82676429e-01 -5.11129672e-01
 5.20286730e-01 -5.17089342e-01
 6.69136584e-01 -5.23548060e-01
 6.38213476e-01 -5.30535915e-01
 6.74943935e-01 -5.38086403e-01
 5.93466855e-01 -5.46236848e-01
 7.48294506e-01 -5.55028891e-01
 6.56953316e-01 -5.64509056e-01
 7.14096522e-01 -5.74729415e-01
 6.27691510e-01 -5.85748365e-01
 7.27776361e-01 -5.97631545e-01
 7.13541408e-01 -6.10452922e-01
 6.55500444e-01 -6.24296072e-01
 8.53598063e-01 -6.39255716e-01
 7.64326726e-01 -6.55439560e-01
 8.14062168e-01 -6.72970503e-01
 7.76426356e-01 -6.91989329e-01
 8.07973310e-01 -7.12657967e-01
 8.65283999e-01 -7.35163505e-01
 8.27614486e-01 -7.59723138e-01
 8.34519432e-01 -7.86590322e-01
 8.95708048e-01 -8.16062485e-01
 9.64719099e-01 -8.48490765e-01
 1.01638633e+00 -8.84292421e-01
 1.07775610e+00 -9.23966801e-01
 1.12072247e+00 -9.68116078e-01
 1.22426606e+00 -1.01747250e+00
 1.14134144e+00 -1.07293458e+00
 1.25996411e+00 -1.13561588e+00
 1.33374025e+00 -1.20691141e+00
 1.31899908e+00 -1.28858981e+00
 1.36311122e+00 -1.38292282e+00
 1.47601373e+00 -1.49287090e+00
 1.52650162e+00 -1.62235378e+00
 1.70361546e+00 -1.77665329e+00
 1.85297170e+00 -1.96302551e+00
 1.99292642e+00 -2.19165116e+00
 2.14501449e+00 -2.47714156e+00
 2.34020184e+00 -2.84096220e+00
 2.46206633e+00 -3.31534329e+00
 2.60729229e+00 -3.94937948e+00
 2.70437248e+00 -4.81716610e+00
 2.47867192e+00 -6.02131767e+00
 1.94561879e+00 -7.65264054e+00
 2.22790786e-01 -9.54858079e+00
 -3.13413087e+00 -1.06084975e+01
 -7.01061098e+00 -8.97708090e+00
 -8.78481511e+00 -5.41493882e+00
 -8.18501466e+00 -2.49045279e+00
 -7.06759325e+00 -8.18127131e-01
 -5.92270136e+00 3.79888901e-02
 -5.03623445e+00 4.65775658e-01
 -4.42040635e+00 6.76331734e-01
 -3.78521870e+00 7.74933637e-01
 -3.36733362e+00 8.14387747e-01
 -2.99919078e+00 8.21998746e-01
 -2.71482602e+00 8.12372032e-01
 -2.55948763e+00 7.93560068e-01
 -2.21208820e+00 7.70109951e-01
 -2.05848950e+00 7.44631314e-01
 -1.99060559e+00 7.18632364e-01
 -1.88087829e+00 6.92980485e-01
 -1.77356643e+00 6.68163440e-01
 -1.64393963e+00 6.44441258e-01
 -1.62463678e+00 6.21936452e-01
 -1.45190395e+00 6.00688565e-01
 -1.40820630e+00 5.80687609e-01
 -1.32868535e+00 5.61894782e-01
 -1.28191120e+00 5.44255368e-01
 -1.22975627e+00 5.27706795e-01
 -1.17713617e+00 5.12183636e-01
 -1.12751624e+00 4.97620670e-01
 -1.14113799e+00 4.83954716e-01
 -1.17902437e+00 4.71125670e-01
 -9.50687314e-01 4.59077040e-01
 -1.08485507e+00 4.47756163e-01
 -9.50950028e-01 4.37114224e-01
 -9.65535101e-01 4.27106145e-01
 -9.72799453e-01 4.17690418e-01
 -9.93632136e-01 4.08828887e-01
 -8.90361964e-01 4.00486519e-01
 -8.97346820e-01 3.92631177e-01
 -8.95590355e-01 3.85233392e-01
 -8.93723513e-01 3.78266150e-01
 -8.24653767e-01 3.71704690e-01
 -8.50808246e-01 3.65526316e-01
 -8.26525323e-01 3.59710230e-01
 -7.41372733e-01 3.54237373e-01
 -7.57559644e-01 3.49090280e-01
 -7.78495533e-01 3.44252956e-01
 -8.00143641e-01 3.39710756e-01
 -7.43367952e-01 3.35450279e-01
 -8.17672920e-01 3.31459277e-01
 -7.50475839e-01 3.27726565e-01
 -7.12952378e-01 3.24241949e-01
 -8.63831820e-01 3.20996154e-01
 -8.13181417e-01 3.17980765e-01
 -7.18149364e-01 3.15188175e-01
 -7.26765821e-01 3.12611533e-01
 -6.45429778e-01 3.10244702e-01
 -6.44642112e-01 3.08082228e-01
 -7.19729766e-01 3.06119300e-01
 -7.01387405e-01 3.04351728e-01
 -7.17390943e-01 3.02775919e-01
 -6.53833657e-01 3.01388858e-01
 -7.08825438e-01 3.00188090e-01
 -7.46562727e-01 2.99171715e-01
 -7.37352591e-01 2.98338377e-01
 -7.01773882e-01 2.97687259e-01
 -6.61152139e-01 2.97218088e-01
 -6.82962597e-01 2.96931134e-01
 -7.28691362e-01 2.96827221e-01
 -6.71765076e-01 2.96907739e-01
 -7.38060820e-01 2.97174659e-01
 -7.18955788e-01 2.97630553e-01
 -6.68892594e-01 2.98278622e-01
 -7.30119102e-01 2.99122724e-01
 -7.30330291e-01 3.00167415e-01
 -6.76166746e-01 3.01417987e-01
 -7.25820412e-01 3.02880520e-01
 -7.82875462e-01 3.04561941e-01
 -7.80136251e-01 3.06470088e-01
 -7.06200877e-01 3.08613791e-01
 -7.91729309e-01 3.11002955e-01
 -8.48810267e-01 3.13648664e-01
 -8.07792437e-01 3.16563296e-01
 -7.63277606e-01 3.19760657e-01
 -8.21045393e-01 3.23256132e-01
 -7.67269546e-01 3.27066861e-01
 -8.56158999e-01 3.31211943e-01
 -7.44233202e-01 3.35712669e-01
 -9.00845097e-01 3.40592793e-01
 -8.92787988e-01 3.45878844e-01
 -9.17003464e-01 3.51600495e-01
 -8.82059552e-01 3.57790990e-01
 -8.83213481e-01 3.64487643e-01
 -9.60047196e-01 3.71732426e-01
 -9.38666061e-01 3.79572667e-01
 -9.22398571e-01 3.88061871e-01
 -1.04491651e+00 3.97260701e-01
 -1.02902090e+00 4.07238153e-01
 -1.04381929e+00 4.18072967e-01
 -9.83769651e-01 4.29855327e-01
 -1.09980493e+00 4.42688940e-01
 -1.08871455e+00 4.56693559e-01
 -1.18590721e+00 4.72008104e-01
 -1.14863930e+00 4.88794518e-01
 -1.23350663e+00 5.07242577e-01
 -1.31074094e+00 5.27575931e-01
 -1.25568315e+00 5.50059769e-01
 -1.48000964e+00 5.75010602e-01
 -1.44706320e+00 6.02808887e-01
 -1.44555495e+00 6.33915474e-01
 -1.53986433e+00 6.68893264e-01
 -1.51428436e+00 7.08436063e-01
 -1.64236489e+00 7.53407501e-01
 -1.71195289e+00 8.04894257e-01
 -1.83993137e+00 8.64279910e-01
 -2.04175752e+00 9.33349058e-01
 -2.12578318e+00 1.01443668e+00
 -2.15065123e+00 1.11064648e+00
 -2.35478139e+00 1.22617657e+00
 -2.54764147e+00 1.36681621e+00
 -2.79718724e+00 1.54072113e+00
 -2.99100832e+00 1.75965380e+00
 -3.11363067e+00 2.04101543e+00
 -3.50470657e+00 2.41124551e+00
 -3.75712188e+00 2.91156871e+00
 -4.09287000e+00 3.60752811e+00
 -4.47080941e+00 4.60311391e+00
 -4.53052531e+00 6.05193846e+00
 -4.23649338e+00 8.11154405e+00
 -2.67117329e+00 1.06229857e+01
 9.78639976e-01 1.22721605e+01
 5.29233017e+00 1.10643077e+01
 7.59262676e+00 7.81591494e+00
 7.63611987e+00 4.88835600e+00
 6.93780566e+00 2.97570926e+00
 6.18746687e+00 1.82584708e+00
 5.43834473e+00 1.13293846e+00
 4.73902509e+00 7.03563959e-01
 4.23190354e+00 4.28743580e-01
 3.78316937e+00 2.47508625e-01
 3.47398879e+00 1.24905081e-01
 3.14967121e+00 4.02217776e-02
 2.95393756e+00 -1.92316673e-02
 2.65496944e+00 -6.14787028e-02
 2.55449737e+00 -9.17380779e-02
 2.39591327e+00 -1.13491267e-01
 2.24795772e+00 -1.29113540e-01
 2.07097930e+00 -1.40258010e-01
 1.93046907e+00 -1.48095652e-01
 1.87479543e+00 -1.53468980e-01
 1.78993115e+00 -1.56992645e-01
 1.74794938e+00 -1.59120618e-01
 1.62965330e+00 -1.60191870e-01
 1.59426335e+00 -1.60461967e-01
 1.52525903e+00 -1.60125247e-01
 1.41823700e+00 -1.59330599e-01
 1.36481411e+00 -1.58192846e-01
 1.42991398e+00 -1.56801043e-01
 1.41068781e+00 -1.55224590e-01
 1.33018630e+00 -1.53517787e-01
 1.36060831e+00 -1.51723254e-01
 1.23501422e+00 -1.49874525e-01
 1.20485559e+00 -1.47998022e-01
 1.16461152e+00 -1.46114579e-01
 1.08172902e+00 -1.44240620e-01
 1.11414237e+00 -1.42389073e-01
 1.10020929e+00 -1.40570094e-01
 1.08830131e+00 -1.38791628e-01
 1.11057594e+00 -1.37059860e-01
 1.04213967e+00 -1.35379572e-01
 1.02261288e+00 -1.33754424e-01
 1.02992784e+00 -1.32187187e-01
 1.06636511e+00 -1.30679924e-01
 9.80005980e-01 -1.29234139e-01
 1.06779606e+00 -1.27850899e-01
 9.47791185e-01 -1.26530931e-01
 9.34587588e-01 -1.25274703e-01
 8.96957340e-01 -1.24082489e-01
 9.58913399e-01 -1.22954427e-01
 8.90861664e-01 -1.21890559e-01
 9.79863330e-01 -1.20890874e-01
 8.93385829e-01 -1.19955334e-01
 1.03734461e+00 -1.19083907e-01
 8.42124974e-01 -1.18276586e-01
 9.15853943e-01 -1.17533410e-01
 8.94769231e-01 -1.16854484e-01
 9.82736287e-01 -1.16239991e-01
 9.10719097e-01 -1.15690209e-01
 8.69262478e-01 -1.15205526e-01
 9.18304277e-01 -1.14786451e-01
 7.26298070e-01 -1.14433628e-01
 7.90641998e-01 -1.14147849e-01
 8.75715948e-01 -1.13930067e-01
 8.70103825e-01 -1.13781411e-01
 8.78054032e-01 -1.13703198e-01
 8.11082080e-01 -1.13696956e-01
 8.92961586e-01 -1.13764432e-01
 8.39680068e-01 -1.13907617e-01
 8.88670024e-01 -1.14128768e-01
 8.72746073e-01 -1.14430425e-01
 8.89174577e-01 -1.14815444e-01
 8.78154012e-01 -1.15287022e-01
 9.27435297e-01 -1.15848731e-01
 8.55535904e-01 -1.16504553e-01
 9.22078513e-01 -1.17258925e-01
 8.22858702e-01 -1.18116784e-01
 8.80736068e-01 -1.19083618e-01
 9.86654179e-01 -1.20165532e-01
 1.00019712e+00 -1.21369312e-01
 9.13380470e-01 -1.22702508e-01
 9.63380480e-01 -1.24173520e-01
 1.01455080e+00 -1.25791709e-01
 9.37816013e-01 -1.27567509e-01
 1.04339598e+00 -1.29512572e-01
 9.92458356e-01 -1.31639924e-01
 1.09549963e+00 -1.33964152e-01
 1.04725818e+00 -1.36501622e-01
 9.85269570e-01 -1.39270733e-01
 1.14652717e+00 -1.42292212e-01
 1.06149846e+00 -1.45589469e-01
 1.12060641e+00 -1.49189006e-01
 1.10707054e+00 -1.53120913e-01
 1.20286788e+00 -1.57419452e-01
 1.17264692e+00 -1.62123759e-01
 1.21597503e+00 -1.67278690e-01
 1.21390123e+00 -1.72935839e-01
 1.35792360e+00 -1.79154780e-01
 1.28070226e+00 -1.86004582e-01
 1.24494321e+00 -1.93565671e-01
 1.38919496e+00 -2.01932134e-01
 1.43288646e+00 -2.11214590e-01
 1.42205325e+00 -2.21543780e-01
 1.44229270e+00 -2.33075113e-01
 1.55124044e+00 -2.45994443e-01
 1.62700139e+00 -2.60525492e-01
 1.69300631e+00 -2.76939464e-01
 1.80162251e+00 -2.95567624e-01
 1.78298746e+00 -3.16817914e-01
 1.88280311e+00 -3.41197183e-01
 2.01056240e+00 -3.69341245e-01
 2.08503681e+00 -4.02056087e-01
 2.18660153e+00 -4.40375167e-01
 2.33074128e+00 -4.85640294e-01
 2.50084600e+00 -5.39617748e-01
 2.63310519e+00 -6.04668024e-01
 2.75143071e+00 -6.83998925e-01
 2.92201004e+00 -7.82051113e-01
 3.28204365e+00 -9.05099192e-01
 3.46365845e+00 -1.06221233e+00
 3.80674854e+00 -1.26682972e+00
 4.14517495e+00 -1.53941191e+00
 4.53789221e+00 -1.91200515e+00
 5.14069548e+00 -2.43619743e+00
 5.60228629e+00 -3.19675325e+00
 6.17892781e+00 -4.33254849e+00
 6.70704351e+00 -6.05422772e+00
 6.63301984e+00 -8.57948406e+00
 4.80827395e+00 -1.16905845e+01
 7.98920663e-01 -1.37709090e+01
 -3.82669033e+00 -1.27874447e+01
 -6.51621889e+00 -9.74546745e+00
 -7.03856403e+00 -6.84611974e+00
 -6.60382998e+00 -4.79178260e+00
 -6.13795685e+00 -3.44239775e+00
 -5.49464961e+00 -2.55498024e+00
 -4.87653214e+00 -1.95623099e+00
 -4.48253943e+00 -1.53945943e+00
 -4.01519987e+00 -1.24044266e+00
 -3.72648501e+00 -1.01995086e+00
 -3.40299226e+00 -8.53383032e-01
 -3.20436497e+00 -7.24859688e-01
 -2.96719975e+00 -6.23838494e-01
 -2.77849866e+00 -5.43134900e-01
 -2.67611079e+00 -4.77734429e-01
 -2.55647352e+00 -4.24060838e-01
 -2.41940741e+00 -3.79513439e-01
 -2.18039630e+00 -3.42167423e-01
 -2.12965804e+00 -3.10575386e-01
 -2.04108639e+00 -2.83633111e-01
 -1.93738881e+00 -2.60487088e-01
 -1.83990830e+00 -2.40469660e-01
 -1.74028562e+00 -2.23052813e-01
 -1.72485435e+00 -2.07814757e-01
 -1.64561358e+00 -1.94415435e-01
 -1.71900199e+00 -1.82578336e-01
 -1.53249478e+00 -1.72076843e-01
 -1.56135406e+00 -1.62723870e-01
 -1.56150075e+00 -1.54363906e-01
 -1.42575564e+00 -1.46866871e-01
 -1.36833975e+00 -1.40123310e-01
 -1.30777553e+00 -1.34040607e-01
 -1.34074963e+00 -1.28539994e-01
 -1.30558022e+00 -1.23554147e-01
 -1.24330173e+00 -1.19025263e-01
 -1.22064348e+00 -1.14903493e-01
 -1.14754790e+00 -1.11145680e-01
 -1.13588247e+00 -1.07714307e-01
 -1.18378131e+00 -1.04576649e-01
 -1.19177591e+00 -1.01704054e-01
 -1.22075989e+00 -9.90713597e-02
 -1.09900557e+00 -9.66563954e-02
 -1.13409885e+00 -9.44395688e-02
 -1.03442500e+00 -9.24035166e-02
 -1.07925618e+00 -9.05328083e-02
 -1.15478761e+00 -8.88136949e-02
 -1.01764710e+00 -8.72338945e-02
 -1.09756950e+00 -8.57824081e-02
 -1.06369399e+00 -8.44493621e-02
 -1.00096745e+00 -8.32258718e-02
 -1.06470529e+00 -8.21039235e-02
 -1.11330965e+00 -8.10762720e-02
 -9.35281882e-01 -8.01363512e-02
 -1.04228148e+00 -7.92781959e-02
 -1.14360819e+00 -7.84963727e-02
 -1.08231094e+00 -7.77859198e-02
 -1.01033981e+00 -7.71422928e-02
 -9.84620131e-01 -7.65613168e-02
 -1.03655555e+00 -7.60391432e-02
 -1.06433082e+00 -7.55722111e-02
 -9.83152220e-01 -7.51572120e-02
 -1.00461365e+00 -7.47910574e-02
 -1.10577089e+00 -7.44708490e-02
 -9.49631092e-01 -7.41938508e-02
 -1.07065066e+00 -7.39574626e-02
 -1.10994708e+00 -7.37591949e-02
 -1.02689368e+00 -7.35966444e-02
 -1.15494426e+00 -7.34674694e-02
 -9.45789507e-01 -7.33693664e-02
 -1.10081191e+00 -7.33000445e-02
 -1.07023828e+00 -7.32572009e-02
 -1.03445758e+00 -7.32384933e-02
 -1.07177913e+00 -7.32415119e-02
 -1.00384785e+00 -7.32637488e-02
 -1.11656567e+00 -7.33025637e-02
 -9.90339658e-01 -7.33551475e-02
 -1.18119908e+00 -7.34184799e-02
 -1.09122627e+00 -7.34892834e-02
 -1.03531364e+00 -7.35639691e-02
 -1.02992035e+00 -7.36385765e-02
 -1.03852135e+00 -7.37087031e-02
 -1.09125268e+00 -7.37694229e-02
 -1.18024398e+00 -7.38151919e-02
 -1.11464441e+00 -7.38397375e-02
 -1.23138834e+00 -7.38359284e-02
 -1.05261703e+00 -7.37956208e-02
 -1.21697608e+00 -7.37094769e-02
 -1.20581024e+00 -7.35667476e-02
 -1.20159605e+00 -7.33550144e-02
 -1.18511365e+00 -7.30598779e-02
 -1.29108211e+00 -7.26645836e-02
 -1.36406658e+00 -7.21495680e-02
 -1.29429423e+00 -7.14919067e-02
 -1.36055093e+00 -7.06646398e-02
 -1.46780254e+00 -6.96359425e-02
 -1.47667193e+00 -6.83681022e-02
 -1.46921008e+00 -6.68162462e-02
 -1.51972900e+00 -6.49267538e-02
 -1.57223847e+00 -6.26352595e-02
 -1.56253612e+00 -5.98641270e-02
 -1.64246052e+00 -5.65192296e-02
 -1.74901825e+00 -5.24858181e-02
 -1.77756820e+00 -4.76231732e-02
 -1.84968420e+00 -4.17576269e-02
 -1.98428398e+00 -3.46733716e-02
 -2.01098370e+00 -2.61002360e-02
 -2.14337678e+00 -1.56972563e-02
 -2.19596497e+00 -3.03034158e-03
 -2.30051149e+00 1.24584616e-02
 -2.37901333e+00 3.14938340e-02
 -2.62758224e+00 5.50278302e-02
 -2.70521371e+00 8.43270394e-02
 -2.81550070e+00 1.21100008e-01
 -3.07443767e+00 1.67687010e-01
 -3.28697589e+00 2.27348461e-01
 -3.48480218e+00 3.04712977e-01
 -3.85634435e+00 4.06490209e-01
 -4.19030950e+00 5.42634060e-01
 -4.51418653e+00 7.28291794e-01
 -5.02451547e+00 9.87156553e-01
 -5.49187759e+00 1.35736546e+00
 -6.23447624e+00 1.90199029e+00
 -6.99088042e+00 2.72728710e+00
 -7.82956916e+00 4.01063360e+00
 -8.54608780e+00 6.02109026e+00
 -8.60536750e+00 9.01577331e+00
 -6.68057130e+00 1.26402850e+01
 -2.37483027e+00 1.49513250e+01
 2.52420589e+00 1.40525988e+01
 5.51535474e+00 1.11824250e+01
 6.43615352e+00 8.36186536e+00
 6.27813215e+00 6.25360053e+00
 5.88300084e+00 4.78689488e+00
 5.56914132e+00 3.76898227e+00
 4.87542101e+00 3.04791993e+00
 4.56216327e+00 2.52344908e+00
 4.18377105e+00 2.13179032e+00
 3.88871650e+00 1.83214668e+00
 3.59827591e+00 1.59790171e+00
 3.33581020e+00 1.41126818e+00
 3.14365387e+00 1.26006540e+00
 2.85022333e+00 1.13575568e+00
 2.76712088e+00 1.03222442e+00
 2.66294643e+00 9.45005186e-01
 2.61192604e+00 8.70776374e-01
 2.40578169e+00 8.07027201e-01
 2.33559909e+00 7.51831440e-01
 2.16786360e+00 7.03691270e-01
 2.14868146e+00 6.61427588e-01
 1.95441583e+00 6.24101692e-01
 1.98178656e+00 5.90958526e-01
 1.86728393e+00 5.61384979e-01
 1.86956937e+00 5.34878831e-01
 1.70299647e+00 5.11025378e-01
 1.77171741e+00 4.89479613e-01
 1.52842926e+00 4.69952527e-01
 1.62132553e+00 4.52200457e-01
 1.62938167e+00 4.36016742e-01
 1.53131975e+00 4.21225121e-01
 1.57328034e+00 4.07674482e-01
 1.44996575e+00 3.95234638e-01
 1.47231550e+00 3.83792922e-01
 1.43796401e+00 3.73251410e-01
 1.45585684e+00 3.63524654e-01
 1.34753631e+00 3.54537812e-01
 1.34009443e+00 3.46225103e-01
 1.28515337e+00 3.38528520e-01
 1.30647556e+00 3.31396755e-01
 1.29669807e+00 3.24784294e-01
 1.28749445e+00 3.18650656e-01
 1.30288637e+00 3.12959750e-01
 1.19635337e+00 3.07679320e-01
 1.24235298e+00 3.02780480e-01
 1.16651931e+00 2.98237314e-01
 1.15165930e+00 2.94026527e-01
 1.13258981e+00 2.90127146e-01
 1.16628348e+00 2.86520270e-01
 1.15781115e+00 2.83188838e-01
 1.06231670e+00 2.80117438e-01
 9.54491325e-01 2.77292139e-01
 1.06983476e+00 2.74700338e-01
 1.19486746e+00 2.72330636e-01
 1.08674702e+00 2.70172719e-01
 1.14103280e+00 2.68217258e-01
 1.07676285e+00 2.66455823e-01
 1.03108050e+00 2.64880803e-01
 1.08126042e+00 2.63485336e-01
 1.16428285e+00 2.62263249e-01
 1.06545343e+00 2.61209001e-01
 1.17587739e+00 2.60317638e-01
 1.11222116e+00 2.59584746e-01
 1.10604692e+00 2.59006415e-01
 1.13655251e+00 2.58579202e-01
 1.11592117e+00 2.58300103e-01
 1.01154714e+00 2.58166519e-01
 1.06108454e+00 2.58176239e-01
 1.06134567e+00 2.58327409e-01
 1.18523478e+00 2.58618514e-01
 1.14905069e+00 2.59048358e-01
 1.18866296e+00 2.59616044e-01
 1.07557412e+00 2.60320956e-01
 1.17899672e+00 2.61162744e-01
 1.12814489e+00 2.62141299e-01
 1.23803990e+00 2.63256742e-01
 1.18254991e+00 2.64509401e-01
 1.07146871e+00 2.65899786e-01
 1.21068308e+00 2.67428571e-01
 1.21765553e+00 2.69096562e-01
 1.20859346e+00 2.70904667e-01
 1.32374086e+00 2.72853854e-01
 1.25496120e+00 2.74945113e-01
 1.21712690e+00 2.77179392e-01
 1.29028261e+00 2.79557536e-01
 1.34901584e+00 2.82080205e-01
 1.28865323e+00 2.84747769e-01
 1.33714557e+00 2.87560187e-01
 1.40680727e+00 2.90516852e-01
 1.37891021e+00 2.93616400e-01
 1.38528259e+00 2.96856466e-01
 1.47429116e+00 3.00233390e-01
 1.53615732e+00 3.03741838e-01
 1.55882477e+00 3.07374325e-01
 1.45154299e+00 3.11120618e-01
 1.60744946e+00 3.14966970e-01
 1.71870895e+00 3.18895147e-01
 1.68633006e+00 3.22881178e-01
 1.72430633e+00 3.26893743e-01
 1.81169538e+00 3.30892087e-01
 1.86493924e+00 3.34823294e-01
 1.84445860e+00 3.38618710e-01
 1.97344995e+00 3.42189207e-01
 2.04575665e+00 3.45418877e-01
 2.15844259e+00 3.48156542e-01
 2.23034059e+00 3.50204239e-01
 2.34908896e+00 3.51301422e-01
 2.43349244e+00 3.51103081e-01
 2.58231241e+00 3.49149020e-01
 2.67986466e+00 3.44820220e-01
 2.81746410e+00 3.37275908e-01
 2.99812370e+00 3.25361423e-01
 3.21309036e+00 3.07471000e-01
 3.45046222e+00 2.81339570e-01
 3.64002598e+00 2.43720402e-01
 4.02864748e+00 1.89874825e-01
 4.29706571e+00 1.12744974e-01
 4.71211935e+00 1.57806974e-03
 5.21510899e+00 -1.60422528e-01
 5.82431779e+00 -4.00212133e-01
 6.49571005e+00 -7.62266178e-01
 7.42548961e+00 -1.32184237e+00
 8.15610755e+00 -2.20810621e+00
 9.33085092e+00 -3.63841945e+00
 1.01596615e+01 -5.93555387e+00
 1.02208435e+01 -9.36182276e+00
 8.17938497e+00 -1.33532226e+01
 3.38674770e+00 -1.56999618e+01
 -1.48555847e+00 -1.48150629e+01
 -4.36704672e+00 -1.21262399e+01
 -5.46866864e+00 -9.44033781e+00
 -5.70079932e+00 -7.35449304e+00
