 NaN NaN
 4.15192523e+01 1.44646933e+01
 2.14052441e+01 7.28466352e+00
 1.45583388e+01 4.96222491e+00
 1.10361778e+01 3.82060738e+00
 8.95564518e+00 3.14356105e+00
 7.44125668e+00 2.69614738e+00
 6.41665735e+00 2.37883072e+00
 5.59385451e+00 2.14228296e+00
 5.01601001e+00 1.95929514e+00
 4.45917082e+00 1.81363894e+00
 4.14324279e+00 1.69503960e+00
 3.84179564e+00 1.59667742e+00
 3.54771246e+00 1.51384941e+00
 3.32711957e+00 1.44320794e+00
 3.09643652e+00 1.38230578e+00
 2.91727483e+00 1.32931279e+00
 2.80364363e+00 1.28283320e+00
 2.60187340e+00 1.24178411e+00
 2.52856357e+00 1.20531263e+00
 2.39608019e+00 1.17273803e+00
 2.29610429e+00 1.14351047e+00
 2.13998687e+00 1.11718107e+00
 2.04891344e+00 1.09337988e+00
 1.99735139e+00 1.07179931e+00
 1.97662151e+00 1.05218160e+00
 1.80439908e+00 1.03430920e+00
 1.78295518e+00 1.01799730e+00
 1.75374457e+00 1.00308797e+00
 1.75619815e+00 9.89445495e-01
 1.64050810e+00 9.76952684e-01
 1.64532177e+00 9.65507879e-01
 1.64257985e+00 9.55022532e-01
 1.56744804e+00 9.45419228e-01
 1.33467480e+00 9.36630056e-01
 1.46601655e+00 9.28595264e-01
 1.37619642e+00 9.21262143e-01
 1.36969854e+00 9.14584089e-01
 1.32712082e+00 9.08519817e-01
 1.37082750e+00 9.03032703e-01
 1.30875904e+00 8.98090217e-01
 1.25351709e+00 8.93663448e-01
 1.19124777e+00 8.89726698e-01
 1.18489057e+00 8.86257134e-01
 1.12690671e+00 8.83234486e-01
 1.13511850e+00 8.80640794e-01
 1.10096420e+00 8.78460184e-01
 1.12839883e+00 8.76678680e-01
 1.14874659e+00 8.75284040e-01
 1.08905620e+00 8.74265610e-01
 1.01392515e+00 8.73614210e-01
 1.10980889e+00 8.73322021e-01
 1.00973583e+00 8.73382503e-01
 1.06075242e+00 8.73790316e-01
 1.04098095e+00 8.74541257e-01
 1.04163836e+00 8.75632204e-01
 8.44435355e-01 8.77061081e-01
 9.66530379e-01 8.78826814e-01
 9.02726012e-01 8.80929315e-01
 9.63581200e-01 8.83369456e-01
 9.53625704e-01 8.86149066e-01
 8.87838730e-01 8.89270924e-01
 9.79587145e-01 8.92738763e-01
 9.55317728e-01 8.96557285e-01
 8.89930998e-01 9.00732176e-01
 9.77176667e-01 9.05270132e-01
 8.37471674e-01 9.10178894e-01
 9.74552183e-01 9.15467285e-01
 8.16925862e-01 9.21145266e-01
 7.97992413e-01 9.27223985e-01
 8.76125474e-01 9.33715851e-01
 8.11281065e-01 9.40634610e-01
 8.55833725e-01 9.47995433e-01
 7.70872742e-01 9.55815018e-01
 8.69834514e-01 9.64111707e-01
 7.64478502e-01 9.72905614e-01
 8.25779427e-01 9.82218777e-01
 8.79702609e-01 9.92075325e-01
 8.22390380e-01 1.00250167e+00
 7.42737642e-01 1.01352671e+00
 7.64253957e-01 1.02518211e+00
 8.21159000e-01 1.03750252e+00
 8.10809232e-01 1.05052597e+00
 7.67078960e-01 1.06429415e+00
 7.17852429e-01 1.07885289e+00
 8.67710248e-01 1.09425258e+00
 6.76468304e-01 1.11054875e+00
 6.88513802e-01 1.12780268e+00
 6.72323415e-01 1.14608211e+00
 8.22679046e-01 1.16546210e+00
 7.19664394e-01 1.18602595e+00
 7.72185714e-01 1.20786642e+00
 7.98289794e-01 1.23108695e+00
 7.09842692e-01 1.25580330e+00
 7.45682470e-01 1.28214536e+00
 8.26146927e-01 1.31025933e+00
 6.70883222e-01 1.34031033e+00
 7.07848829e-01 1.37248554e+00
 7.73202737e-01 1.40699795e+00
 7.20077163e-01 1.44409093e+00
 7.80111197e-01 1.48404381e+00
 6.50651379e-01 1.52717874e+00
 6.62843250e-01 1.57386916e+00
 7.10093727e-01 1.62455039e+00
 6.60437514e-01 1.67973298e+00
 7.62333893e-01 1.74001957e+00
 7.16700939e-01 1.80612662e+00
 7.71789292e-01 1.87891253e+00
 6.30337472e-01 1.95941447e+00
 7.93762338e-01 2.04889747e+00
 6.40730732e-01 2.14892032e+00
 6.15327889e-01 2.26142594e+00
 6.78140155e-01 2.38886712e+00
 6.20475840e-01 2.53438491e+00
 7.70974024e-01 2.70206739e+00
 7.23316091e-01 2.89733408e+00
 7.27102325e-01 3.12752326e+00
 8.06102133e-01 3.40281824e+00
 7.94713974e-01 3.73776320e+00
 8.55210353e-01 4.15385364e+00
 1.00874263e+00 4.68419594e+00
 9.73317086e-01 5.38241851e+00
 1.35067821e+00 6.34101875e+00
 1.78094055e+00 7.73260254e+00
 2.69583462e+00 9.91181629e+00
 4.82369037e+00 1.36750036e+01
 1.29580720e+01 2.02681551e+01
 4.17776805e+01 7.85329999e+00
 1.87124946e+01 -1.98223463e+01
 6.76843082e+00 -1.38159426e+01
 3.60470083e+00 -9.73647012e+00
 2.37959040e+00 -7.38197844e+00
 1.88486714e+00 -5.89544555e+00
 1.48324784e+00 -4.88113154e+00
 1.29253577e+00 -4.14767791e+00
 1.20009699e+00 -3.59363054e+00
 1.08243627e+00 -3.16074637e+00
 1.14894797e+00 -2.81337057e+00
 9.48019873e-01 -2.52851482e+00
 9.25272865e-01 -2.29071618e+00
 1.03974653e+00 -2.08920175e+00
 9.07015687e-01 -1.91624119e+00
 8.41802898e-01 -1.76614618e+00
 8.64274131e-01 -1.63463935e+00
 8.46912213e-01 -1.51844318e+00
 7.83469246e-01 -1.41500437e+00
 8.79596962e-01 -1.32230459e+00
 7.76886067e-01 -1.23872741e+00
 7.80986720e-01 -1.16296312e+00
 8.02119821e-01 -1.09393928e+00
 7.35562326e-01 -1.03076931e+00
 7.84594404e-01 -9.72713867e-01
 7.97036799e-01 -9.19151501e-01
 7.59229026e-01 -8.69555987e-01
 7.20370544e-01 -8.23478731e-01
 8.73146231e-01 -7.80534914e-01
 8.12608467e-01 -7.40392500e-01
 7.51293527e-01 -7.02763433e-01
 7.81508949e-01 -6.67396541e-01
 8.31622628e-01 -6.34071762e-01
 7.38904072e-01 -6.02595419e-01
 7.16764581e-01 -5.72796323e-01
 8.00120854e-01 -5.44522553e-01
 7.34783639e-01 -5.17638759e-01
 7.89199770e-01 -4.92023908e-01
 7.79902079e-01 -4.67569381e-01
 8.28152612e-01 -4.44177365e-01
 7.87540440e-01 -4.21759484e-01
 7.94141459e-01 -4.00235622e-01
 8.39172542e-01 -3.79532928e-01
 8.51374105e-01 -3.59584940e-01
 8.38006512e-01 -3.40330841e-01
 8.35442725e-01 -3.21714806e-01
 7.70577439e-01 -3.03685437e-01
 7.69867230e-01 -2.86195259e-01
 8.62534874e-01 -2.69200290e-01
 8.54189574e-01 -2.52659651e-01
 8.95543127e-01 -2.36535227e-01
 7.92697975e-01 -2.20791362e-01
 7.49115651e-01 -2.05394589e-01
 8.31084207e-01 -1.90313386e-01
 9.04394559e-01 -1.75517959e-01
 8.01008925e-01 -1.60980042e-01
 9.14157414e-01 -1.46672717e-01
 1.03164474e+00 -1.32570252e-01
 9.40784106e-01 -1.18647946e-01
 9.10859390e-01 -1.04881993e-01
 9.61586797e-01 -9.12493483e-02
 9.54570695e-01 -7.77276061e-02
 9.10130529e-01 -6.42948859e-02
 8.91705687e-01 -5.09297203e-02
 8.82414145e-01 -3.76109491e-02
 9.38400459e-01 -2.43176156e-02
 1.04615286e+00 -1.10288660e-02
 1.03215561e+00 2.27615135e-03
 9.55895057e-01 1.56183865e-02
 1.03558995e+00 2.90189888e-02
 9.70231760e-01 4.24994107e-02
 1.06753157e+00 5.60815143e-02
 1.04527851e+00 6.97876821e-02
 1.09978829e+00 8.36409330e-02
 1.10523106e+00 9.76650460e-02
 1.10468095e+00 1.11884690e-01
 1.08598429e+00 1.26325567e-01
 1.16132019e+00 1.41014560e-01
 1.05678605e+00 1.55979904e-01
 1.23775481e+00 1.71251363e-01
 1.21990489e+00 1.86860429e-01
 1.18773369e+00 2.02840548e-01
 1.27761615e+00 2.19227356e-01
 1.25417245e+00 2.36058961e-01
 1.25227338e+00 2.53376242e-01
 1.31104965e+00 2.71223197e-01
 1.16871880e+00 2.89647330e-01
 1.28065760e+00 3.08700093e-01
 1.36633294e+00 3.28437387e-01
 1.42474729e+00 3.48920134e-01
 1.36508927e+00 3.70214935e-01
 1.50472338e+00 3.92394824e-01
 1.57539461e+00 4.15540140e-01
 1.49511163e+00 4.39739544e-01
 1.63592209e+00 4.65091188e-01
 1.59663668e+00 4.91704102e-01
 1.70831289e+00 5.19699803e-01
 1.73149554e+00 5.49214207e-01
 1.74232442e+00 5.80399884e-01
 1.77908626e+00 6.13428745e-01
 1.84459885e+00 6.48495261e-01
 1.99167361e+00 6.85820327e-01
 1.93165148e+00 7.25655933e-01
 2.02674465e+00 7.68290853e-01
 2.05596848e+00 8.14057590e-01
 2.26163990e+00 8.63340934e-01
 2.28800930e+00 9.16588555e-01
 2.49251960e+00 9.74324211e-01
 2.53697892e+00 1.03716433e+00
 2.58253086e+00 1.10583895e+00
 2.72790924e+00 1.18121840e+00
 3.05855179e+00 1.26434733e+00
 3.16760029e+00 1.35648862e+00
 3.38138883e+00 1.45917991e+00
 3.59341727e+00 1.57430644e+00
 3.98636560e+00 1.70419411e+00
 4.19927974e+00 1.85172549e+00
 4.60168751e+00 2.02047601e+00
 5.04687855e+00 2.21484909e+00
 5.63468785e+00 2.44013323e+00
 6.43560002e+00 2.70223700e+00
 7.30693732e+00 3.00633853e+00
 8.78640857e+00 3.35196022e+00
 1.07383388e+01 3.71563423e+00
 1.36325868e+01 3.98556746e+00
 1.84404454e+01 3.67759796e+00
 2.74182282e+01 4.28921334e-01
 3.96930209e+01 -1.78767614e+01
 1.35754111e+01 -4.70117328e+01
 -9.58326325e+00 -3.02468692e+01
 -1.08041412e+01 -1.80611573e+01
 -9.33641875e+00 -1.22914732e+01
 -7.83399350e+00 -9.19003988e+00
 -6.73670003e+00 -7.30944575e+00
 -5.84361593e+00 -6.06446954e+00
 -5.08881018e+00 -5.18591327e+00
 -4.65623730e+00 -4.53559587e+00
 -4.08583903e+00 -4.03619031e+00
 -3.68006830e+00 -3.64137258e+00
 -3.35446202e+00 -3.32183381e+00
 -3.15101012e+00 -3.05818596e+00
 -2.90331352e+00 -2.83712139e+00
 -2.82366354e+00 -2.64921804e+00
 -2.51428961e+00 -2.48762621e+00
 -2.32141067e+00 -2.34725168e+00
 -2.24044696e+00 -2.22423006e+00
 -2.11694649e+00 -2.11557860e+00
 -2.03422570e+00 -2.01895948e+00
 -1.83164461e+00 -1.93251518e+00
 -1.73772798e+00 -1.85475165e+00
 -1.82300477e+00 -1.78445397e+00
 -1.69040549e+00 -1.72062426e+00
 -1.61719543e+00 -1.66243551e+00
 -1.56189914e+00 -1.60919665e+00
 -1.35565262e+00 -1.56032584e+00
 -1.42249392e+00 -1.51532976e+00
 -1.29528997e+00 -1.47378753e+00
 -1.33107967e+00 -1.43533791e+00
 -1.24297622e+00 -1.39966917e+00
 -1.16324894e+00 -1.36651092e+00
 -1.19550003e+00 -1.33562756e+00
 -1.07276559e+00 -1.30681289e+00
 -1.08273071e+00 -1.27988570e+00
 -1.03546723e+00 -1.25468614e+00
 -9.97844078e-01 -1.23107270e+00
 -9.78971785e-01 -1.20891973e+00
 -9.31103067e-01 -1.18811525e+00
 -8.58326914e-01 -1.16855924e+00
 -8.58826020e-01 -1.15016213e+00
 -9.09957515e-01 -1.13284345e+00
 -7.48498368e-01 -1.11653082e+00
 -7.50538719e-01 -1.10115893e+00
 -7.54191488e-01 -1.08666881e+00
 -7.85534206e-01 -1.07300708e+00
 -7.00699683e-01 -1.06012536e+00
 -6.78923018e-01 -1.04797975e+00
 -6.14698464e-01 -1.03653038e+00
 -6.31488023e-01 -1.02574099e+00
 -6.06956851e-01 -1.01557860e+00
 -6.58768815e-01 -1.00601322e+00
 -4.87555785e-01 -9.97017524e-01
 -4.96844069e-01 -9.88566694e-01
 -4.95845002e-01 -9.80638153e-01
 -5.72403703e-01 -9.73211409e-01
 -4.38850235e-01 -9.66267894e-01
 -5.18602759e-01 -9.59790817e-01
 -4.46805703e-01 -9.53765050e-01
 -4.73055411e-01 -9.48177013e-01
 -4.86677675e-01 -9.43014587e-01
 -4.27911935e-01 -9.38267032e-01
 -3.46693198e-01 -9.33924917e-01
 -4.23298657e-01 -9.29980064e-01
 -3.89809674e-01 -9.26425497e-01
 -4.03664145e-01 -9.23255410e-01
 -2.61398760e-01 -9.20465132e-01
 -3.40188256e-01 -9.18051106e-01
 -3.70002371e-01 -9.16010883e-01
 -2.70227187e-01 -9.14343111e-01
 -3.03432628e-01 -9.13047546e-01
 -1.89623143e-01 -9.12125061e-01
 -2.56187059e-01 -9.11577671e-01
 -1.83429384e-01 -9.11408565e-01
 -2.49620375e-01 -9.11622145e-01
 -2.30043479e-01 -9.12224085e-01
 -5.70077470e-02 -9.13221390e-01
 -2.10788583e-01 -9.14622478e-01
 -2.13314239e-01 -9.16437267e-01
 -1.79088808e-01 -9.18677290e-01
 -1.49954620e-01 -9.21355817e-01
 -6.25553325e-02 -9.24488005e-01
 -6.22510185e-02 -9.28091067e-01
 -4.29067793e-02 -9.32184473e-01
 -5.56109308e-02 -9.36790177e-01
 3.42237669e-02 -9.41932889e-01
 -2.83251764e-02 -9.47640378e-01
 6.98959717e-02 -9.53943840e-01
 -1.02280897e-02 -9.60878311e-01
 6.14242739e-02 -9.68483163e-01
 1.39339494e-01 -9.76802677e-01
 1.79087895e-01 -9.85886717e-01
 4.46326543e-02 -9.95791532e-01
 1.32100486e-01 -1.00658070e+00
 1.03451342e-01 -1.01832624e+00
 1.40760530e-01 -1.03110998e+00
 1.80106702e-01 -1.04502516e+00
 2.59886861e-01 -1.06017838e+00
 2.49801449e-01 -1.07669197e+00
 3.50191451e-01 -1.09470689e+00
 3.30764747e-01 -1.11438630e+00
 3.94241700e-01 -1.13591999e+00
 4.30798917e-01 -1.15952990e+00
 4.01517717e-01 -1.18547708e+00
 4.96495966e-01 -1.21407051e+00
 5.27748882e-01 -1.24567854e+00
 6.03015820e-01 -1.28074349e+00
 6.69460017e-01 -1.31980109e+00
 7.06479448e-01 -1.36350607e+00
 7.76386541e-01 -1.41266671e+00
 8.46486658e-01 -1.46829206e+00
 9.89651363e-01 -1.53165753e+00
 1.15644080e+00 -1.60439769e+00
 1.20106720e+00 -1.68864027e+00
 1.28504699e+00 -1.78720415e+00
 1.45429477e+00 -1.90389946e+00
 1.55202527e+00 -2.04399594e+00
 1.67953455e+00 -2.21497881e+00
 1.95332962e+00 -2.42781636e+00
 2.21417075e+00 -2.69918313e+00
 2.61684620e+00 -3.05556891e+00
 3.03107231e+00 -3.54135739e+00
 3.43275535e+00 -4.23590802e+00
 4.12459147e+00 -5.29281880e+00
 4.85550938e+00 -7.03814155e+00
 5.39449982e+00 -1.02217593e+01
 4.03795255e+00 -1.63285745e+01
 -7.13856110e+00 -2.22321730e+01
 -1.77777026e+01 -1.11825829e+01
 -1.43913196e+01 -2.40349087e+00
 -1.05475873e+01 1.20532828e-01
 -7.97626601e+00 7.89779067e-01
 -6.45455268e+00 9.33711298e-01
 -5.47311866e+00 9.14088695e-01
 -4.71408645e+00 8.42769796e-01
 -4.18162277e+00 7.58158922e-01
 -3.82316604e+00 6.74127485e-01
 -3.35249532e+00 5.95553607e-01
 -3.17234006e+00 5.23826716e-01
 -2.84408646e+00 4.58961456e-01
 -2.69686042e+00 4.00455400e-01
 -2.48592607e+00 3.47647394e-01
 -2.36446608e+00 2.99866864e-01
 -2.32586995e+00 2.56492646e-01
 -2.07009943e+00 2.16972087e-01
 -2.09226343e+00 1.80822943e-01
 -2.13525040e+00 1.47628250e-01
 -2.00690256e+00 1.17028814e-01
 -1.91757397e+00 8.87153789e-02
 -1.80732758e+00 6.24213340e-02
 -1.70957062e+00 3.79162875e-02
 -1.76731057e+00 1.50005345e-02
 -1.69883279e+00 -6.49962620e-03
 -1.63630307e+00 -2.67358326e-02
 -1.49016103e+00 -4.58409617e-02
 -1.51713411e+00 -6.39318951e-02
 -1.56167148e+00 -8.11118376e-02
 -1.54296317e+00 -9.74722639e-02
 -1.46718918e+00 -1.13094556e-01
 -1.52553457e+00 -1.28051389e-01
 -1.42148095e+00 -1.42407899e-01
 -1.34744421e+00 -1.56222681e-01
 -1.42828715e+00 -1.69548638e-01
 -1.43591422e+00 -1.82433706e-01
 -1.27850035e+00 -1.94921477e-01
 -1.38577503e+00 -2.07051741e-01
 -1.30719289e+00 -2.18860948e-01
 -1.44780032e+00 -2.30382612e-01
 -1.25389008e+00 -2.41647664e-01
 -1.18930247e+00 -2.52684762e-01
 -1.28046571e+00 -2.63520557e-01
 -1.23410303e+00 -2.74179938e-01
 -1.27710654e+00 -2.84686238e-01
 -1.15823901e+00 -2.95061427e-01
 -1.13260138e+00 -3.05326274e-01
 -1.15657003e+00 -3.15500505e-01
 -1.17296918e+00 -3.25602935e-01
 -1.21532439e+00 -3.35651592e-01
 -1.17569104e+00 -3.45663830e-01
 -1.22868093e+00 -3.55656434e-01
 -1.26585591e+00 -3.65645718e-01
 -1.09966115e+00 -3.75647608e-01
 -1.11961299e+00 -3.85677734e-01
 -1.21728550e+00 -3.95751502e-01
 -1.13949557e+00 -4.05884178e-01
 -1.10536709e+00 -4.16090954e-01
 -1.13607223e+00 -4.26387027e-01
 -1.09015999e+00 -4.36787662e-01
 -1.15078640e+00 -4.47308268e-01
 -1.23502440e+00 -4.57964462e-01
 -1.11953861e+00 -4.68772145e-01
 -1.15151540e+00 -4.79747573e-01
 -1.16419720e+00 -4.90907429e-01
 -1.19115985e+00 -5.02268901e-01
 -1.08385436e+00 -5.13849765e-01
 -1.17564819e+00 -5.25668468e-01
 -1.24769679e+00 -5.37744219e-01
 -1.16405826e+00 -5.50097088e-01
 -1.13567595e+00 -5.62748104e-01
 -1.21807849e+00 -5.75719375e-01
 -1.27530462e+00 -5.89034202e-01
 -1.21730005e+00 -6.02717217e-01
 -1.16781356e+00 -6.16794527e-01
 -1.20823515e+00 -6.31293873e-01
 -1.17695804e+00 -6.46244806e-01
 -1.31551406e+00 -6.61678884e-01
 -1.28743724e+00 -6.77629887e-01
 -1.15002302e+00 -6.94134060e-01
 -1.31894404e+00 -7.11230379e-01
 -1.25097044e+00 -7.28960862e-01
 -1.28365975e+00 -7.47370900e-01
 -1.35394517e+00 -7.66509648e-01
 -1.26269480e+00 -7.86430455e-01
 -1.33655992e+00 -8.07191362e-01
 -1.29355176e+00 -8.28855657e-01
 -1.35729896e+00 -8.51492522e-01
 -1.37910771e+00 -8.75177764e-01
 -1.42318349e+00 -8.99994659e-01
 -1.40690874e+00 -9.26034927e-01
 -1.44252908e+00 -9.53399859e-01
 -1.53347911e+00 -9.82201624e-01
 -1.36551818e+00 -1.01256480e+00
 -1.61981105e+00 -1.04462814e+00
 -1.56344284e+00 -1.07854673e+00
 -1.57047414e+00 -1.11449440e+00
 -1.59849282e+00 -1.15266670e+00
 -1.68135138e+00 -1.19328444e+00
 -1.66217390e+00 -1.23659783e+00
 -1.82148581e+00 -1.28289163e+00
 -1.73155460e+00 -1.33249119e+00
 -1.88778914e+00 -1.38577001e+00
 -1.94558235e+00 -1.44315887e+00
 -1.88353193e+00 -1.50515715e+00
 -1.90711336e+00 -1.57234686e+00
 -2.04303107e+00 -1.64541028e+00
 -2.12440605e+00 -1.72515211e+00
 -2.15167738e+00 -1.81252765e+00
 -2.35790195e+00 -1.90867886e+00
 -2.39253334e+00 -2.01498096e+00
 -2.56341266e+00 -2.13310297e+00
 -2.85526610e+00 -2.26508699e+00
 -2.94087892e+00 -2.41345252e+00
 -3.18381643e+00 -2.58133400e+00
 -3.33861344e+00 -2.77266124e+00
 -3.68969690e+00 -2.99239167e+00
 -4.11588912e+00 -3.24679432e+00
 -4.41575776e+00 -3.54375034e+00
 -5.03383235e+00 -3.89291655e+00
 -5.75263599e+00 -4.30521870e+00
 -6.70810507e+00 -4.78987873e+00
 -8.22896102e+00 -5.34271712e+00
 -1.03377934e+01 -5.90218114e+00
 -1.37779468e+01 -6.17512025e+00
 -1.96994955e+01 -4.89641897e+00
 -2.78337333e+01 2.80128253e+00
 -2.53028752e+01 2.10974175e+01
 -7.92758511e+00 2.54293567e+01
 2.41595016e-01 1.90510227e+01
 2.33685228e+00 1.39332920e+01
 2.90583259e+00 1.06824738e+01
 2.82393580e+00 8.56590266e+00
 2.57578617e+00 7.11262141e+00
 2.36259627e+00 6.06503468e+00
 2.33206432e+00 5.27899197e+00
 1.97139848e+00 4.66969960e+00
 1.71224133e+00 4.18472585e+00
 1.66898684e+00 3.79017650e+00
 1.47795530e+00 3.46328332e+00
 1.43841523e+00 3.18823933e+00
 1.22775486e+00 2.95375452e+00
 1.15144410e+00 2.75156450e+00
 1.00519381e+00 2.57548869e+00
 1.01750240e+00 2.42081720e+00
 1.01994263e+00 2.28390081e+00
 8.57658030e-01 2.16187005e+00
 8.27545973e-01 2.05243861e+00
 8.07918469e-01 1.95376311e+00
 7.48347284e-01 1.86434126e+00
 6.72077969e-01 1.78293680e+00
 5.35897559e-01 1.70852333e+00
 4.89832058e-01 1.64024174e+00
 4.19351649e-01 1.57736760e+00
 4.32321579e-01 1.51928581e+00
 4.69070664e-01 1.46547080e+00
 4.34617433e-01 1.41547084e+00
 4.51254028e-01 1.36889555e+00
 3.05518617e-01 1.32540585e+00
 2.99267302e-01 1.28470581e+00
 2.92442310e-01 1.24653598e+00
 2.61881737e-01 1.21066800e+00
 2.16646887e-01 1.17690002e+00
 1.78959009e-01 1.14505302e+00
 1.65210228e-01 1.11496762e+00
 1.89299430e-01 1.08650148e+00
 1.12250890e-01 1.05952709e+00
 2.36382184e-02 1.03392987e+00
 5.20880567e-02 1.00960657e+00
 1.32061957e-01 9.86463877e-01
 7.55645839e-02 9.64417298e-01
 6.01878628e-02 9.43390085e-01
 -8.77233277e-02 9.23312384e-01
 -3.61298470e-02 9.04120469e-01
 -1.04421405e-01 8.85756078e-01
 -3.33202829e-02 8.68165835e-01
 -1.60986416e-01 8.51300740e-01
 -3.38802233e-02 8.35115724e-01
 -3.42122770e-03 8.19569256e-01
 -1.07117567e-01 8.04622998e-01
 -1.28535436e-01 7.90241491e-01
 -1.00593131e-01 7.76391890e-01
 -2.26459578e-01 7.63043715e-01
 -9.97550077e-02 7.50168639e-01
 -1.92643419e-01 7.37740288e-01
 -2.28945057e-01 7.25734076e-01
 -1.66277728e-01 7.14127042e-01
 -2.61603607e-01 7.02897712e-01
 -1.94776799e-01 6.92025975e-01
 -2.47688549e-01 6.81492969e-01
 -2.31204050e-01 6.71280973e-01
 -3.02458249e-01 6.61373322e-01
 -3.84642308e-01 6.51754315e-01
 -2.52946443e-01 6.42409144e-01
 -2.64812666e-01 6.33323823e-01
 -3.80559036e-01 6.24485121e-01
 -3.55941953e-01 6.15880513e-01
 -3.61460137e-01 6.07498118e-01
 -3.51192262e-01 5.99326663e-01
 -3.69470084e-01 5.91355429e-01
 -3.90708197e-01 5.83574222e-01
 -4.22301296e-01 5.75973335e-01
 -4.79193517e-01 5.68543518e-01
 -4.74486131e-01 5.61275949e-01
 -4.11046448e-01 5.54162219e-01
 -5.53890364e-01 5.47194304e-01
 -5.17151136e-01 5.40364558e-01
 -5.23591745e-01 5.33665698e-01
 -6.30297457e-01 5.27090803e-01
 -5.67077585e-01 5.20633308e-01
 -5.83357364e-01 5.14287019e-01
 -7.31333040e-01 5.08046118e-01
 -6.70306909e-01 5.01905188e-01
 -7.80339764e-01 4.95859246e-01
 -8.08298120e-01 4.89903787e-01
 -6.68578857e-01 4.84034839e-01
 -7.80826543e-01 4.78249042e-01
 -8.42410650e-01 4.72543747e-01
 -8.03769083e-01 4.66917142e-01
 -9.08235190e-01 4.61368416e-01
 -9.34002054e-01 4.55897961e-01
 -1.02450127e+00 4.50507637e-01
 -1.02770289e+00 4.45201106e-01
 -1.03991111e+00 4.39984259e-01
 -1.20896794e+00 4.34865760e-01
 -1.23167523e+00 4.29857753e-01
 -1.19121313e+00 4.24976769e-01
 -1.28590839e+00 4.20244906e-01
 -1.31940830e+00 4.15691374e-01
 -1.43296481e+00 4.11354526e-01
 -1.38080251e+00 4.07284556e-01
 -1.53068830e+00 4.03547106e-01
 -1.56372841e+00 4.00228135e-01
 -1.75933876e+00 3.97440562e-01
 -1.75678455e+00 3.95333433e-01
 -1.88128424e+00 3.94104701e-01
 -2.15548043e+00 3.94019333e-01
 -2.18839888e+00 3.95435285e-01
 -2.32408125e+00 3.98841426e-01
 -2.54266719e+00 4.04913895e-01
 -2.75410027e+00 4.14601552e-01
 -2.93842232e+00 4.29258513e-01
 -3.13446015e+00 4.50854983e-01
 -3.47883317e+00 4.82322407e-01
 -3.77251869e+00 5.28137274e-01
 -4.19304696e+00 5.95346244e-01
 -4.62816629e+00 6.95445563e-01
 -5.28471091e+00 8.48003555e-01
 -6.03516264e+00 1.08806134e+00
 -7.09110913e+00 1.48230730e+00
 -8.44825684e+00 2.16722076e+00
 -1.02395395e+01 3.44624278e+00
 -1.26449073e+01 6.04745591e+00
 -1.48322575e+01 1.16691080e+01
 -1.18517961e+01 2.18100999e+01
 1.84315750e+00 2.59889700e+01
 1.05776693e+01 1.78920826e+01
 1.10183649e+01 1.09775426e+01
 9.61244732e+00 7.23228954e+00
 8.38210231e+00 5.18527121e+00
 7.28609736e+00 3.97704520e+00
 6.31521303e+00 3.20943036e+00
 5.46772743e+00 2.69134194e+00
 4.98157869e+00 2.32431133e+00
 4.58763248e+00 2.05396998e+00
 4.21797177e+00 1.84844203e+00
 3.84742545e+00 1.68806318e+00
 3.65055360e+00 1.56016859e+00
 3.35043323e+00 1.45629709e+00
 3.22611725e+00 1.37061554e+00
 3.05856732e+00 1.29899195e+00
 2.87522434e+00 1.23842936e+00
 2.68052091e+00 1.18670842e+00
 2.51446950e+00 1.14215530e+00
 2.42095580e+00 1.10348680e+00
 2.36247898e+00 1.06970476e+00
 2.18453043e+00 1.04002255e+00
 2.11762340e+00 1.01381284e+00
 2.02175385e+00 9.90569984e-01
 1.97793140e+00 9.69882426e-01
 1.97026104e+00 9.51412225e-01
 1.95657408e+00 9.34879624e-01
 1.80494366e+00 9.20051322e-01
 1.85968759e+00 9.06731431e-01
 1.70325179e+00 8.94754461e-01
 1.78570918e+00 8.83979800e-01
 1.69249049e+00 8.74287358e-01
 1.60851773e+00 8.65574085e-01
 1.45845749e+00 8.57751173e-01
 1.42618778e+00 8.50741792e-01
 1.44621931e+00 8.44479242e-01
 1.36404783e+00 8.38905447e-01
 1.38725170e+00 8.33969701e-01
 1.38271811e+00 8.29627641e-01
 1.35496840e+00 8.25840382e-01
 1.40718056e+00 8.22573800e-01
 1.30221590e+00 8.19797925e-01
 1.38239127e+00 8.17486433e-01
 1.27250724e+00 8.15616216e-01
 1.17544770e+00 8.14167012e-01
 1.33960542e+00 8.13121096e-01
 1.18399881e+00 8.12463017e-01
 1.12730143e+00 8.12179366e-01
 1.17119282e+00 8.12258587e-01
 1.12049789e+00 8.12690809e-01
 1.23804486e+00 8.13467708e-01
 1.08901469e+00 8.14582384e-01
 1.11425848e+00 8.16029259e-01
 1.14407409e+00 8.17803993e-01
 1.15841800e+00 8.19903413e-01
 1.12956157e+00 8.22325449e-01
 1.14053793e+00 8.25069092e-01
 1.00639994e+00 8.28134350e-01
 9.73637942e-01 8.31522227e-01
 1.10792401e+00 8.35234696e-01
 1.07765923e+00 8.39274692e-01
 1.04351302e+00 8.43646108e-01
 1.09602090e+00 8.48353797e-01
 1.06581101e+00 8.53403584e-01
 1.09131659e+00 8.58802288e-01
 9.95266396e-01 8.64557743e-01
 9.90043766e-01 8.70678836e-01
 9.57915818e-01 8.77175548e-01
 1.00170771e+00 8.84059003e-01
 1.00174725e+00 8.91341530e-01
 1.06221765e+00 8.99036729e-01
 9.85625454e-01 9.07159552e-01
 8.57475975e-01 9.15726396e-01
 8.71177228e-01 9.24755202e-01
 8.96251911e-01 9.34265575e-01
 9.49108233e-01 9.44278915e-01
 9.32809649e-01 9.54818568e-01
 9.83625778e-01 9.65909997e-01
 8.97495858e-01 9.77580970e-01
 9.44141280e-01 9.89861780e-01
 8.06484492e-01 1.00278549e+00
 8.66957621e-01 1.01638820e+00
 8.79494683e-01 1.03070938e+00
 9.00572931e-01 1.04579222e+00
 9.02783820e-01 1.06168403e+00
 9.02470773e-01 1.07843671e+00
 9.13698447e-01 1.09610730e+00
 9.22546927e-01 1.11475855e+00
 9.31534793e-01 1.13445967e+00
 9.63317075e-01 1.15528711e+00
 9.30658580e-01 1.17732550e+00
 9.64604778e-01 1.20066876e+00
 9.95148118e-01 1.22542136e+00
 9.53651299e-01 1.25169981e+00
 1.04638466e+00 1.27963438e+00
 9.78044035e-01 1.30937123e+00
 8.69730512e-01 1.34107480e+00
 9.89482766e-01 1.37493073e+00
 9.55711240e-01 1.41114938e+00
 9.49759994e-01 1.44996999e+00
 9.89777467e-01 1.49166580e+00
 9.77874231e-01 1.53655019e+00
 1.04533094e+00 1.58498433e+00
 9.85865169e-01 1.63738648e+00
 9.91545578e-01 1.69424366e+00
 1.12355874e+00 1.75612619e+00
 1.12565930e+00 1.82370615e+00
 1.05922113e+00 1.89778075e+00
 1.28850658e+00 1.97930255e+00
 1.15560145e+00 2.06941860e+00
 1.21171901e+00 2.16952188e+00
 1.44392068e+00 2.28131959e+00
 1.28126410e+00 2.40692491e+00
 1.37314387e+00 2.54898187e+00
 1.42785263e+00 2.71083737e+00
 1.52428392e+00 2.89678119e+00
 1.65880195e+00 3.11238454e+00
 1.67958550e+00 3.36498139e+00
 1.90843656e+00 3.66435243e+00
 2.20036436e+00 4.02367805e+00
 2.46788053e+00 4.46077320e+00
 2.93859675e+00 4.99930100e+00
 3.54295201e+00 5.66827058e+00
 4.68148351e+00 6.49223342e+00
 6.30467541e+00 7.43895687e+00
 9.24047548e+00 8.17888661e+00
 1.44307022e+01 7.14237100e+00
 1.93757230e+01 4.69147009e-01
 1.61039883e+01 -8.58951195e+00
 9.32297231e+00 -1.07538330e+01
 5.12788681e+00 -9.43482000e+00
 3.15806352e+00 -7.80500826e+00
 2.11365262e+00 -6.48746209e+00
 1.56436345e+00 -5.48425564e+00
 1.15897364e+00 -4.71712395e+00
 1.05060883e+00 -4.11940153e+00
 7.79660095e-01 -3.64386271e+00
 7.98970950e-01 -3.25807114e+00
 6.70427903e-01 -2.93960027e+00
 6.21922841e-01 -2.67266725e+00
 6.21950130e-01 -2.44593505e+00
 5.30902869e-01 -2.25109312e+00
 5.88678040e-01 -2.08193236e+00
 4.86505476e-01 -1.93373182e+00
 5.60473843e-01 -1.80284455e+00
 6.05786404e-01 -1.68641230e+00
 6.49899517e-01 -1.58216550e+00
 5.66572895e-01 -1.48828048e+00
 5.03643581e-01 -1.40327598e+00
 6.31096119e-01 -1.32593692e+00
 4.96167652e-01 -1.25525755e+00
 6.41008027e-01 -1.19039847e+00
 5.33432151e-01 -1.13065370e+00
 5.34040020e-01 -1.07542535e+00
 5.81499499e-01 -1.02420370e+00
 5.57938831e-01 -9.76551540e-01
 5.67558992e-01 -9.32091782e-01
 6.56883351e-01 -8.90497419e-01
 5.73298427e-01 -8.51483482e-01
 6.41000480e-01 -8.14800472e-01
 5.85027844e-01 -7.80228980e-01
 6.19041479e-01 -7.47575258e-01
 6.14830893e-01 -7.16667535e-01
 6.02866296e-01 -6.87352956e-01
 6.46873748e-01 -6.59495008e-01
 5.73282603e-01 -6.32971355e-01
 5.90865680e-01 -6.07672001e-01
 6.22352032e-01 -5.83497732e-01
 6.92014849e-01 -5.60358782e-01
 6.46875027e-01 -5.38173691e-01
 6.56997665e-01 -5.16868318e-01
 6.27777651e-01 -4.96374990e-01
 6.15348530e-01 -4.76631765e-01
 6.85309056e-01 -4.57581788e-01
 6.57100597e-01 -4.39172726e-01
 7.96758170e-01 -4.21356279e-01
 7.06965877e-01 -4.04087742e-01
 7.11377326e-01 -3.87325622e-01
 6.62676955e-01 -3.71031300e-01
 7.05065879e-01 -3.55168728e-01
 7.57667660e-01 -3.39704159e-01
 7.16242837e-01 -3.24605905e-01
 7.72328425e-01 -3.09844119e-01
 7.94016469e-01 -2.95390603e-01
 7.80708549e-01 -2.81218623e-01
 7.53874157e-01 -2.67302755e-01
 8.45555955e-01 -2.53618732e-01
 7.92061629e-01 -2.40143307e-01
 9.02818141e-01 -2.26854131e-01
 8.91314084e-01 -2.13729634e-01
 8.63385961e-01 -2.00748913e-01
 9.16199090e-01 -1.87891633e-01
 9.14351652e-01 -1.75137924e-01
 7.68125434e-01 -1.62468292e-01
 8.54961854e-01 -1.49863524e-01
 8.53757888e-01 -1.37304602e-01
 8.71084170e-01 -1.24772615e-01
 9.30802157e-01 -1.12248677e-01
 9.25096993e-01 -9.97138332e-02
 9.30727741e-01 -8.71489826e-02
 9.01569670e-01 -7.45347827e-02
 9.80942017e-01 -6.18515620e-02
 9.75167614e-01 -4.90792245e-02
 1.00945615e+00 -3.61971524e-02
 9.62752724e-01 -2.31841014e-02
 1.10559406e+00 -1.00180916e-02
 9.40157204e-01 3.32371030e-03
 1.06370392e+00 1.68651169e-02
 1.14409423e+00 3.06310566e-02
 1.25291627e+00 4.46477214e-02
 1.08424044e+00 5.89427286e-02
 1.22239337e+00 7.35452979e-02
 1.24454798e+00 8.84864460e-02
 1.29263225e+00 1.03799202e-01
 1.26575715e+00 1.19518846e-01
 1.30738661e+00 1.35683172e-01
 1.28708130e+00 1.52332787e-01
 1.36677269e+00 1.69511436e-01
 1.32398278e+00 1.87266373e-01
 1.40192176e+00 2.05648772e-01
 1.47928204e+00 2.24714194e-01
 1.48995689e+00 2.44523101e-01
 1.47474147e+00 2.65141449e-01
 1.58270067e+00 2.86641336e-01
 1.64612540e+00 3.09101745e-01
 1.65341825e+00 3.32609364e-01
 1.74229887e+00 3.57259506e-01
 1.77542767e+00 3.83157128e-01
 1.92294839e+00 4.10417943e-01
 1.97483061e+00 4.39169630e-01
 2.06754696e+00 4.69553107e-01
 2.15587613e+00 5.01723827e-01
 2.19193274e+00 5.35853004e-01
 2.18221506e+00 5.72128627e-01
 2.44182956e+00 6.10755985e-01
 2.54053403e+00 6.51957269e-01
 2.53949651e+00 6.95969486e-01
 2.80273956e+00 7.43039427e-01
 2.96986117e+00 7.93413495e-01
 3.00261620e+00 8.47318680e-01
 3.38482305e+00 9.04928141e-01
 3.58590218e+00 9.66299781e-01
 3.82880062e+00 1.03126670e+00
 4.22830783e+00 1.09924004e+00
 4.63673132e+00 1.16884832e+00
 5.03389511e+00 1.23726166e+00
 5.58624446e+00 1.29888626e+00
 6.20506616e+00 1.34274391e+00
 7.19695539e+00 1.34696475e+00
 8.29361092e+00 1.26656888e+00
 9.87538011e+00 1.00465489e+00
 1.19130835e+01 3.40180268e-01
 1.46870983e+01 -1.25937409e+00
 1.82813845e+01 -5.07158265e+00
 2.02493746e+01 -1.32755225e+01
 1.38091506e+01 -2.35895188e+01
 1.58193069e+00 -2.45332190e+01
 -5.00101260e+00 -1.87677218e+01
 -6.58285750e+00 -1.36838806e+01
 -6.62455579e+00 -1.03230447e+01
 -6.07974133e+00 -8.13596938e+00
 -5.56536658e+00 -6.65817705e+00
 -4.92201419e+00 -5.61496730e+00
 -4.57774431e+00 -4.84893435e+00
 -4.18640814e+00 -4.26731428e+00
 -3.86107522e+00 -3.81319374e+00
 -3.49418608e+00 -3.45022755e+00
 -3.30392094e+00 -3.15434187e+00
 -3.01619263e+00 -2.90906613e+00
 -2.91838781e+00 -2.70280639e+00
 -2.62429059e+00 -2.52719503e+00
 -2.50063014e+00 -2.37605858e+00
 -2.37788730e+00 -2.24475300e+00
 -2.24631807e+00 -2.12972387e+00
 -2.10543175e+00 -2.02820852e+00
 -2.08068732e+00 -1.93802978e+00
 -1.85590096e+00 -1.85745036e+00
 -1.89330031e+00 -1.78506835e+00
 -1.69561010e+00 -1.71974076e+00
 -1.70547977e+00 -1.66052707e+00
 -1.64423487e+00 -1.60664666e+00
 -1.49631390e+00 -1.55744657e+00
 -1.54971384e+00 -1.51237671e+00
 -1.42992019e+00 -1.47097051e+00
 -1.41603269e+00 -1.43282986e+00
 -1.40118641e+00 -1.39761311e+00
 -1.30947222e+00 -1.36502551e+00
 -1.27890257e+00 -1.33481155e+00
 -1.25725341e+00 -1.30674870e+00
 -1.14070266e+00 -1.28064235e+00
 -1.08549831e+00 -1.25632162e+00
 -1.16670754e+00 -1.23363596e+00
 -1.08009517e+00 -1.21245223e+00
 -1.06863453e+00 -1.19265233e+00
 -1.07646388e+00 -1.17413123e+00
 -1.04401378e+00 -1.15679522e+00
 -1.05915287e+00 -1.14056051e+00
 -9.29237141e-01 -1.12535203e+00
 -8.43041150e-01 -1.11110236e+00
 -8.40328623e-01 -1.09775083e+00
 -7.66656432e-01 -1.08524280e+00
 -8.99956816e-01 -1.07352895e+00
 -7.85534667e-01 -1.06256475e+00
 -7.03359697e-01 -1.05230995e+00
 -7.18524127e-01 -1.04272812e+00
 -8.19536257e-01 -1.03378633e+00
 -7.35000151e-01 -1.02545477e+00
 -6.13408292e-01 -1.01770652e+00
 -6.59213484e-01 -1.01051724e+00
 -6.64862878e-01 -1.00386500e+00
 -6.38901689e-01 -9.97730062e-01
 -6.49423919e-01 -9.92094719e-01
 -7.01239759e-01 -9.86943160e-01
 -6.04863210e-01 -9.82261331e-01
 -5.71376722e-01 -9.78036831e-01
 -6.11684718e-01 -9.74258820e-01
 -5.41331683e-01 -9.70917933e-01
 -5.30165222e-01 -9.68006217e-01
 -4.58014859e-01 -9.65517076e-01
 -5.87140273e-01 -9.63445224e-01
 -5.11407504e-01 -9.61786653e-01
 -4.95067728e-01 -9.60538611e-01
 -4.99837135e-01 -9.59699582e-01
 -4.56411661e-01 -9.59269289e-01
 -5.04637952e-01 -9.59248695e-01
 -4.00870407e-01 -9.59640020e-01
 -4.74872748e-01 -9.60446763e-01
 -3.86583782e-01 -9.61673743e-01
 -3.81996072e-01 -9.63327139e-01
 -4.09603747e-01 -9.65414555e-01
 -4.34748869e-01 -9.67945088e-01
 -2.62650851e-01 -9.70929411e-01
 -3.39230422e-01 -9.74379879e-01
 -3.54053744e-01 -9.78310643e-01
 -3.11099628e-01 -9.82737789e-01
 -3.17142636e-01 -9.87679496e-01
 -3.28568320e-01 -9.93156220e-01
 -2.97470808e-01 -9.99190907e-01
 -2.29549919e-01 -1.00580923e+00
 -2.42966108e-01 -1.01303990e+00
 -2.58861296e-01 -1.02091493e+00
 -2.10282801e-01 -1.02947008e+00
 -2.28128923e-01 -1.03874525e+00
 -1.39072307e-01 -1.04878500e+00
 -1.91508114e-01 -1.05963914e+00
 -2.86287517e-01 -1.07136340e+00
 -9.61826001e-02 -1.08402027e+00
 -1.89492576e-01 -1.09767987e+00
 -7.41704412e-02 -1.11242117e+00
 -1.32756839e-01 -1.12833321e+00
 -8.16058245e-02 -1.14551672e+00
 -2.60434300e-02 -1.16408598e+00
 -8.74460362e-02 -1.18417108e+00
 1.88079184e-02 -1.20592060e+00
 6.62313426e-02 -1.22950499e+00
 4.26742209e-02 -1.25512051e+00
 2.62080863e-02 -1.28299428e+00
 9.33267780e-02 -1.31339038e+00
 1.04261173e-01 -1.34661757e+00
 8.51941177e-02 -1.38303892e+00
 8.19021558e-02 -1.42308414e+00
 2.54892128e-01 -1.46726529e+00
 2.69577506e-01 -1.51619716e+00
 2.64725779e-01 -1.57062399e+00
 3.27068602e-01 -1.63145476e+00
 3.57418077e-01 -1.69981067e+00
 5.26242193e-01 -1.77708966e+00
 4.91453168e-01 -1.86505558e+00
 5.08037278e-01 -1.96596354e+00
 5.99477358e-01 -2.08273927e+00
 7.33045239e-01 -2.21924094e+00
 7.54931937e-01 -2.38065015e+00
 8.11331465e-01 -2.57406940e+00
 9.56467220e-01 -2.80945957e+00
 1.06607356e+00 -3.10115055e+00
 1.19044022e+00 -3.47034176e+00
 1.33939720e+00 -3.94933333e+00
 1.40250044e+00 -4.58872776e+00
 1.49161264e+00 -5.46911279e+00
 1.25922312e+00 -6.71530877e+00
 6.54256342e-01 -8.48206587e+00
 -1.29259038e+00 -1.07113037e+01
 -5.73211363e+00 -1.19769219e+01
 -1.08388924e+01 -8.96446209e+00
 -1.16890515e+01 -3.60325312e+00
 -9.71329610e+00 -4.02975971e-01
 -7.68387794e+00 8.64991359e-01
 -6.21317367e+00 1.27966705e+00
 -5.23072617e+00 1.36351716e+00
 -4.50559332e+00 1.32179798e+00
 -3.88359368e+00 1.23489539e+00
 -3.51637748e+00 1.13520287e+00
 -3.20002562e+00 1.03592539e+00
 -2.85125777e+00 9.42251778e-01
 -2.67563058e+00 8.55918199e-01
 -2.51747868e+00 7.77162845e-01
 -2.33944423e+00 7.05594305e-01
 -2.22495348e+00 6.40585884e-01
 -2.06432574e+00 5.81455058e-01
 -2.03332719e+00 5.27542869e-01
 -1.92020974e+00 4.78245995e-01
 -1.87347149e+00 4.33026478e-01
 -1.81510276e+00 3.91411149e-01
 -1.62593656e+00 3.52986649e-01
 -1.72887286e+00 3.17392895e-01
 -1.58244405e+00 2.84316363e-01
 -1.50150145e+00 2.53483801e-01
 -1.51035810e+00 2.24656597e-01
 -1.48706428e+00 1.97625875e-01
 -1.48874056e+00 1.72208264e-01
 -1.45093767e+00 1.48242293e-01
 -1.45727085e+00 1.25585322e-01
 -1.42195932e+00 1.04110934e-01
 -1.36271966e+00 8.37067221e-02
 -1.27056873e+00 6.42724123e-02
 -1.31545159e+00 4.57182583e-02
 -1.37556249e+00 2.79636765e-02
 -1.27430152e+00 1.09360770e-02
 -1.20420636e+00 -5.43013975e-03
 -1.24537267e+00 -2.11944455e-02
 -1.18142423e+00 -3.64109289e-02
 -1.28033177e+00 -5.11289397e-02
 -1.16566867e+00 -6.53936489e-02
 -1.24169681e+00 -7.92465360e-02
 -1.30425103e+00 -9.27258153e-02
 -1.21931971e+00 -1.05866810e-01
 -1.18566298e+00 -1.18702279e-01
 -1.15710897e+00 -1.31262711e-01
 -1.13753978e+00 -1.43576579e-01
 -1.07468747e+00 -1.55670569e-01
 -1.08580919e+00 -1.67569784e-01
 -1.21589717e+00 -1.79297932e-01
 -1.12203811e+00 -1.90877485e-01
 -1.12602983e+00 -2.02329830e-01
 -1.10641056e+00 -2.13675407e-01
 -1.17112933e+00 -2.24933830e-01
 -1.12241150e+00 -2.36124004e-01
 -1.14086416e+00 -2.47264228e-01
 -1.17792376e+00 -2.58372296e-01
 -1.22091045e+00 -2.69465584e-01
 -1.16363289e+00 -2.80561143e-01
 -1.26773982e+00 -2.91675781e-01
 -1.15248624e+00 -3.02826137e-01
 -1.21607404e+00 -3.14028765e-01
 -1.04265020e+00 -3.25300207e-01
 -1.17044989e+00 -3.36657067e-01
 -1.12186932e+00 -3.48116084e-01
 -1.19421733e+00 -3.59694211e-01
 -1.16219619e+00 -3.71408685e-01
 -1.08392125e+00 -3.83277110e-01
 -1.21774163e+00 -3.95317533e-01
 -1.16740073e+00 -4.07548530e-01
 -1.18088271e+00 -4.19989291e-01
 -1.27257849e+00 -4.32659713e-01
 -1.19764324e+00 -4.45580499e-01
 -1.27928464e+00 -4.58773263e-01
 -1.23329148e+00 -4.72260639e-01
 -1.22647904e+00 -4.86066408e-01
 -1.20860181e+00 -5.00215627e-01
 -1.21782178e+00 -5.14734775e-01
 -1.19430605e+00 -5.29651909e-01
 -1.24594235e+00 -5.44996844e-01
 -1.39025117e+00 -5.60801335e-01
 -1.17773778e+00 -5.77099301e-01
 -1.31237643e+00 -5.93927052e-01
 -1.28765354e+00 -6.11323559e-01
 -1.26786252e+00 -6.29330747e-01
 -1.37890357e+00 -6.47993821e-01
 -1.47099368e+00 -6.67361644e-01
 -1.34470026e+00 -6.87487151e-01
 -1.45735354e+00 -7.08427824e-01
 -1.33988958e+00 -7.30246231e-01
 -1.38316681e+00 -7.53010631e-01
 -1.46678105e+00 -7.76795677e-01
 -1.53627651e+00 -8.01683207e-01
 -1.57865013e+00 -8.27763159e-01
 -1.58415805e+00 -8.55134620e-01
 -1.68015644e+00 -8.83907041e-01
 -1.65910736e+00 -9.14201634e-01
 -1.52940685e+00 -9.46153002e-01
 -1.66809041e+00 -9.79911027e-01
 -1.73298546e+00 -1.01564309e+00
 -1.75057249e+00 -1.05353664e+00
 -1.89159977e+00 -1.09380224e+00
 -2.03038978e+00 -1.13667715e+00
 -2.03669170e+00 -1.18242950e+00
 -2.03696704e+00 -1.23136329e+00
 -2.07302026e+00 -1.28382425e+00
 -2.14917530e+00 -1.34020677e+00
 -2.23044784e+00 -1.40096204e+00
 -2.34538559e+00 -1.46660765e+00
 -2.40109352e+00 -1.53773867e+00
 -2.54855011e+00 -1.61504023e+00
 -2.67131041e+00 -1.69930150e+00
 -2.87565242e+00 -1.79143004e+00
 -3.03072615e+00 -1.89246468e+00
 -3.06820005e+00 -2.00358279e+00
 -3.36257229e+00 -2.12609274e+00
 -3.62721920e+00 -2.26139344e+00
 -3.92287647e+00 -2.41086256e+00
 -4.33614305e+00 -2.57559284e+00
 -4.75776600e+00 -2.75580251e+00
 -5.38186673e+00 -2.94953078e+00
 -6.00392483e+00 -3.14971437e+00
 -7.03242467e+00 -3.33744416e+00
 -8.27437710e+00 -3.46577467e+00
 -9.94224601e+00 -3.41909751e+00
 -1.22249750e+01 -2.90816498e+00
 -1.56510919e+01 -1.21258224e+00
 -1.91064165e+01 3.20581001e+00
 -1.95947997e+01 1.14853157e+01
 -1.28184497e+01 1.85039465e+01
 -4.57187093e+00 1.84821186e+01
 3.53296127e-03 1.52237539e+01
 1.69293604e+00 1.21150032e+01
 2.53755394e+00 9.78488449e+00
 2.64251640e+00 8.09852919e+00
 2.64002817e+00 6.86085913e+00
 2.43160220e+00 5.92923068e+00
 2.30088835e+00 5.20955429e+00
 2.13520104e+00 4.64033697e+00
 1.92586646e+00 4.18071510e+00
 1.86120586e+00 3.80287698e+00
 1.69609088e+00 3.48741616e+00
 1.60933277e+00 3.22046564e+00
 1.52804827e+00 2.99189777e+00
 1.41747550e+00 2.79416777e+00
 1.37113778e+00 2.62155366e+00
 1.24043209e+00 2.46964544e+00
 1.09959528e+00 2.33499452e+00
 1.08531771e+00 2.21486848e+00
 1.02297698e+00 2.10707647e+00
 9.66066250e-01 2.00984274e+00
 8.68409161e-01 1.92171371e+00
 8.77185064e-01 1.84148876e+00
 7.02604774e-01 1.76816791e+00
 7.47446430e-01 1.70091199e+00
 6.90450269e-01 1.63901174e+00
 7.13980403e-01 1.58186382e+00
 5.38867922e-01 1.52895186e+00
 5.80347528e-01 1.47983147e+00
 5.39421336e-01 1.43411816e+00
 5.35874719e-01 1.39147767e+00
 5.18876869e-01 1.35161806e+00
 4.97899112e-01 1.31428325e+00
 4.11205400e-01 1.27924773e+00
 4.17095662e-01 1.24631214e+00
 4.82644278e-01 1.21529965e+00
 3.46341636e-01 1.18605281e+00
 2.99875492e-01 1.15843107e+00
 2.35253549e-01 1.13230852e+00
 2.66079492e-01 1.10757210e+00
 3.25584050e-01 1.08411997e+00
 1.95576460e-01 1.06186021e+00
 1.35636206e-01 1.04070961e+00
 1.84896577e-01 1.02059272e+00
 2.16206839e-01 1.00144094e+00
 2.03054212e-01 9.83191804e-01
 1.26460430e-01 9.65788306e-01
 1.29823579e-01 9.49178331e-01
 8.86431332e-02 9.33314163e-01
 8.64127972e-02 9.18152038e-01
 9.13810415e-02 9.03651765e-01
 1.01193874e-01 8.89776379e-01
 5.54700590e-02 8.76491843e-01
 1.64016942e-02 8.63766785e-01
 -2.97345433e-02 8.51572254e-01
 7.44753452e-02 8.39881517e-01
 -4.66664752e-02 8.28669871e-01
 -1.70053574e-02 8.17914474e-01
 -1.63246204e-01 8.07594201e-01
 -1.27199492e-01 7.97689509e-01
 -5.27967663e-02 7.88182323e-01
 -1.33200539e-01 7.79055932e-01
 -1.02449674e-01 7.70294895e-01
 -7.47117797e-02 7.61884959e-01
 -1.65470948e-02 7.53812991e-01
 -2.16390033e-01 7.46066909e-01
 -1.26513183e-01 7.38635637e-01
 -2.33870760e-01 7.31509048e-01
 -2.41718722e-01 7.24677934e-01
 -1.99539178e-01 7.18133970e-01
 -2.39244521e-01 7.11869691e-01
 -2.22671548e-01 7.05878474e-01
 -3.11929300e-01 7.00154529e-01
 -2.94626706e-01 6.94692895e-01
 -3.19574019e-01 6.89489447e-01
 -3.63601552e-01 6.84540905e-01
 -4.03167975e-01 6.79844862e-01
 -3.56958016e-01 6.75399810e-01
 -4.37498519e-01 6.71205185e-01
 -4.48164664e-01 6.67261420e-01
 -4.91249323e-01 6.63570015e-01
 -5.13334133e-01 6.60133617e-01
 -5.40721889e-01 6.56956125e-01
 -4.75433449e-01 6.54042813e-01
 -5.45546430e-01 6.51400473e-01
 -4.59009597e-01 6.49037599e-01
 -5.79733790e-01 6.46964592e-01
 -6.70078306e-01 6.45194023e-01
 -6.32101753e-01 6.43740929e-01
 -6.27622199e-01 6.42623190e-01
 -7.93780961e-01 6.41861962e-01
 -7.19030647e-01 6.41482219e-01
 -7.90871944e-01 6.41513400e-01
 -8.57904301e-01 6.41990200e-01
 -8.42946785e-01 6.42953537e-01
 -8.81373007e-01 6.44451750e-01
 -8.95078646e-01 6.46542069e-01
 -1.03897409e+00 6.49292454e-01
 -1.02608694e+00 6.52783897e-01
 -1.08740177e+00 6.57113326e-01
 -1.13140132e+00 6.62397297e-01
 -1.19148658e+00 6.68776720e-01
 -1.22559713e+00 6.76422982e-01
 -1.33299707e+00 6.85545914e-01
 -1.46674546e+00 6.96404303e-01
 -1.46893353e+00 7.09319886e-01
 -1.59684942e+00 7.24696212e-01
 -1.65167262e+00 7.43044368e-01
 -1.84855757e+00 7.65018579e-01
 -1.89418597e+00 7.91466193e-01
 -2.10983982e+00 8.23499022e-01
 -2.26750652e+00 8.62597016e-01
 -2.37220596e+00 9.10761900e-01
 -2.57724736e+00 9.70749867e-01
 -2.72416609e+00 1.04643255e+00
 -3.03806000e+00 1.14337209e+00
 -3.43597428e+00 1.26976454e+00
 -3.72864115e+00 1.43803863e+00
 -4.16322974e+00 1.66766191e+00
 -4.78663959e+00 1.99025375e+00
 -5.29802612e+00 2.45924734e+00
 -6.04215371e+00 3.16866541e+00
 -7.03750722e+00 4.28943409e+00
 -7.90207475e+00 6.13112680e+00
 -8.42464721e+00 9.17608413e+00
 -7.00083517e+00 1.36219508e+01
 -1.84688745e+00 1.72834893e+01
 4.73700323e+00 1.60229518e+01
 8.04806913e+00 1.16516693e+01
 8.33861243e+00 7.95057712e+00
 7.65691827e+00 5.57917964e+00
 6.99884302e+00 4.11726927e+00
 6.15208977e+00 3.19047115e+00
 5.53333946e+00 2.57767093e+00
 4.91187540e+00 2.15549333e+00
 4.55334611e+00 1.85388266e+00
 4.11272963e+00 1.63158787e+00
 3.84813429e+00 1.46334856e+00
 3.69928537e+00 1.33311235e+00
 3.32416457e+00 1.23033045e+00
 3.23635392e+00 1.14786047e+00
 3.00797573e+00 1.08073662e+00
 2.90225885e+00 1.02542438e+00
 2.73879982e+00 9.79354879e-01
 2.55457818e+00 9.40625951e-01
 2.37596224e+00 9.07805428e-01
 2.29999287e+00 8.79798705e-01
 2.25489840e+00 8.55757772e-01
 2.14102634e+00 8.35017557e-01
 2.07264907e+00 8.17050618e-01
 1.95878292e+00 8.01434398e-01
 1.95617339e+00 7.87827215e-01
 1.84279544e+00 7.75950435e-01
 1.89316304e+00 7.65575069e-01
 1.74538634e+00 7.56511586e-01
 1.66032422e+00 7.48602094e-01
 1.68645998e+00 7.41714272e-01
 1.62451453e+00 7.35736629e-01
 1.59921486e+00 7.30574762e-01
 1.60814549e+00 7.26148384e-01
 1.59049491e+00 7.22388940e-01
 1.53737822e+00 7.19237694e-01
 1.41192906e+00 7.16644169e-01
 1.49831402e+00 7.14564878e-01
 1.55745971e+00 7.12962287e-01
 1.41296005e+00 7.11803950e-01
 1.37506279e+00 7.11061802e-01
 1.31393597e+00 7.10711570e-01
 1.31008105e+00 7.10732272e-01
 1.33731589e+00 7.11105811e-01
 1.27542673e+00 7.11816620e-01
 1.35570702e+00 7.12851373e-01
 1.26063282e+00 7.14198738e-01
 1.23703426e+00 7.15849164e-01
 1.19939708e+00 7.17794708e-01
 1.31725389e+00 7.20028881e-01
 1.15758083e+00 7.22546525e-01
 1.11213072e+00 7.25343705e-01
 1.18142084e+00 7.28417620e-01
 1.15761266e+00 7.31766527e-01
 1.19832341e+00 7.35389685e-01
 1.14560153e+00 7.39287297e-01
 1.19449624e+00 7.43460480e-01
 1.13614824e+00 7.47911230e-01
 1.01710463e+00 7.52642400e-01
 1.20173676e+00 7.57657690e-01
 1.12101974e+00 7.62961639e-01
 1.12470999e+00 7.68559629e-01
 1.04480149e+00 7.74457889e-01
 1.17109011e+00 7.80663510e-01
 1.06890164e+00 7.87184473e-01
 1.05366933e+00 7.94029666e-01
 1.00970529e+00 8.01208930e-01
 1.03761960e+00 8.08733092e-01
 1.08997710e+00 8.16614023e-01
 1.06378043e+00 8.24864688e-01
 9.55196036e-01 8.33499217e-01
 1.08742347e+00 8.42532979e-01
 1.10491047e+00 8.51982667e-01
 1.09011028e+00 8.61866396e-01
 9.46380392e-01 8.72203810e-01
 9.43332316e-01 8.83016208e-01
 1.09182907e+00 8.94326679e-01
 1.04490289e+00 9.06160258e-01
 1.05546427e+00 9.18544098e-01
 1.04711288e+00 9.31507672e-01
 1.01344327e+00 9.45082986e-01
 9.65555581e-01 9.59304834e-01
 1.09077552e+00 9.74211075e-01
 1.09336385e+00 9.89842952e-01
 1.03946828e+00 1.00624545e+00
 1.06224496e+00 1.02346772e+00
 1.06770971e+00 1.04156350e+00
 1.14713230e+00 1.06059170e+00
 1.14263872e+00 1.08061699e+00
 1.02984973e+00 1.10171045e+00
 1.10350640e+00 1.12395044e+00
 1.10252077e+00 1.14742349e+00
 1.14548592e+00 1.17222534e+00
 1.13852985e+00 1.19846222e+00
 1.16863374e+00 1.22625228e+00
 1.15128224e+00 1.25572725e+00
 1.09216089e+00 1.28703444e+00
 1.18620272e+00 1.32033910e+00
 1.21090737e+00 1.35582710e+00
 1.25959374e+00 1.39370829e+00
 1.17293410e+00 1.43422037e+00
 1.27863162e+00 1.47763358e+00
 1.29209487e+00 1.52425638e+00
 1.30863236e+00 1.57444229e+00
 1.43811652e+00 1.62859827e+00
 1.32704141e+00 1.68719488e+00
 1.33500660e+00 1.75077894e+00
 1.48603416e+00 1.81998906e+00
 1.50904352e+00 1.89557506e+00
 1.60560149e+00 1.97842220e+00
 1.64560057e+00 2.06958161e+00
 1.60672054e+00 2.17030857e+00
 1.75365047e+00 2.28211086e+00
 1.96024590e+00 2.40680919e+00
 1.92661892e+00 2.54661250e+00
 2.12259747e+00 2.70420886e+00
 2.14702331e+00 2.88286979e+00
 2.44804529e+00 3.08655413e+00
 2.66846056e+00 3.31996980e+00
 2.93355405e+00 3.58847833e+00
 3.29845359e+00 3.89753658e+00
 3.88924784e+00 4.25086388e+00
 4.54957210e+00 4.64512846e+00
 5.48386430e+00 5.05499361e+00
 6.91387368e+00 5.39112238e+00
 9.01278863e+00 5.38516190e+00
 1.19774489e+01 4.32554784e+00
 1.51178740e+01 8.95971733e-01
 1.53330243e+01 -4.94951836e+00
 1.14123949e+01 -9.25238892e+00
 6.98077218e+00 -9.96896747e+00
 4.09002066e+00 -8.97657463e+00
 2.49882529e+00 -7.70379265e+00
 1.45449449e+00 -6.58287198e+00
 1.00502912e+00 -5.67486872e+00
 7.34200948e-01 -4.95058188e+00
 5.49166214e-01 -4.36954573e+00
 4.30205460e-01 -3.89765297e+00
 2.82207891e-01 -3.50905771e+00
 2.91055359e-01 -3.18470413e+00
 2.69713982e-01 -2.91056214e+00
 1.62636325e-01 -2.67621342e+00
 2.99481095e-01 -2.47382592e+00
 3.08786646e-01 -2.29743203e+00
 3.80223973e-01 -2.14242328e+00
 2.31522520e-01 -2.00519458e+00
 4.00217861e-01 -1.88289137e+00
 3.96634855e-01 -1.77322770e+00
 3.28676436e-01 -1.67435371e+00
 2.16136643e-01 -1.58475784e+00
 2.81033213e-01 -1.50319391e+00
 2.66481327e-01 -1.42862595e+00
 2.88398410e-01 -1.36018612e+00
 3.03272462e-01 -1.29714224e+00
 3.66037691e-01 -1.23887248e+00
 4.51279390e-01 -1.18484547e+00
 3.83401331e-01 -1.13460449e+00
 3.77365825e-01 -1.08775492e+00
 4.46639224e-01 -1.04395403e+00
 4.39789464e-01 -1.00290276e+00
 4.11831491e-01 -9.64338982e-01
 4.88177206e-01 -9.28031976e-01
 4.96724033e-01 -8.93777848e-01
 4.60927927e-01 -8.61395730e-01
 4.43050729e-01 -8.30724604e-01
 4.76950514e-01 -8.01620631e-01
 4.94513619e-01 -7.73954895e-01
 5.08690791e-01 -7.47611490e-01
 5.35362053e-01 -7.22485897e-01
 4.28300294e-01 -6.98483585e-01
 5.60334343e-01 -6.75518820e-01
 5.22968127e-01 -6.53513630e-01
 5.92692469e-01 -6.32396916e-01
 5.79396076e-01 -6.12103676e-01
 5.82640115e-01 -5.92574332e-01
 5.81795396e-01 -5.73754138e-01
 5.69738656e-01 -5.55592664e-01
 5.88731206e-01 -5.38043340e-01
 5.43326420e-01 -5.21063058e-01
 4.61154023e-01 -5.04611811e-01
 5.94624394e-01 -4.88652381e-01
 7.09716970e-01 -4.73150059e-01
 5.95560588e-01 -4.58072389e-01
 6.73116418e-01 -4.43388947e-01
 6.51723506e-01 -4.29071138e-01
 5.82692248e-01 -4.15092012e-01
 6.68465145e-01 -4.01426099e-01
 6.67976992e-01 -3.88049262e-01
 7.66503303e-01 -3.74938555e-01
 8.16822481e-01 -3.62072099e-01
 7.37128747e-01 -3.49428970e-01
 6.87448170e-01 -3.36989089e-01
 7.48119530e-01 -3.24733124e-01
 7.26866269e-01 -3.12642399e-01
 8.31880112e-01 -3.00698805e-01
 8.24339452e-01 -2.88884721e-01
 8.52097176e-01 -2.77182933e-01
 8.38638988e-01 -2.65576565e-01
 7.88180913e-01 -2.54049001e-01
 7.95113481e-01 -2.42583821e-01
 8.23750243e-01 -2.31164732e-01
 8.67698381e-01 -2.19775501e-01
 8.67682080e-01 -2.08399888e-01
 1.03672445e+00 -1.97021584e-01
 8.50552850e-01 -1.85624141e-01
 9.69639933e-01 -1.74190908e-01
 9.66516718e-01 -1.62704962e-01
 9.36860674e-01 -1.51149041e-01
 1.01167952e+00 -1.39505468e-01
 1.03465564e+00 -1.27756082e-01
 1.09846489e+00 -1.15882162e-01
 1.04329419e+00 -1.03864345e-01
 1.13416058e+00 -9.16825490e-02
 1.17785573e+00 -7.93158852e-02
 1.20035763e+00 -6.67425731e-02
 1.08298888e+00 -5.39398506e-02
 1.26037293e+00 -4.08838835e-02
 1.32931448e+00 -2.75496744e-02
 1.37462999e+00 -1.39109731e-02
 1.37941347e+00 5.98082624e-05
 1.34835819e+00 1.43916724e-02
 1.38857687e+00 2.91150998e-02
 1.38163779e+00 4.42620896e-02
 1.49814923e+00 5.98661666e-02
 1.48064218e+00 7.59623400e-02
 1.58903529e+00 9.25869884e-02
 1.60046753e+00 1.09777643e-01
 1.71390787e+00 1.27572619e-01
 1.78770926e+00 1.46010440e-01
 1.79874068e+00 1.65128956e-01
 1.97884220e+00 1.84964033e-01
 1.95107229e+00 2.05547622e-01
 2.03712070e+00 2.26904943e-01
 2.15353823e+00 2.49050383e-01
 2.32313339e+00 2.71981526e-01
 2.46566346e+00 2.95670422e-01
 2.56056924e+00 3.20050776e-01
 2.57216127e+00 3.44998999e-01
 2.77377635e+00 3.70305899e-01
 2.98772669e+00 3.95633947e-01
 3.19635680e+00 4.20451856e-01
 3.27547028e+00 4.43932883e-01
 3.52907666e+00 4.64793889e-01
 3.92383499e+00 4.81035407e-01
 4.24067666e+00 4.89512053e-01
 4.60919563e+00 4.85203825e-01
 5.08768028e+00 4.59943465e-01
 5.56688590e+00 4.00120784e-01
 6.40208390e+00 2.82393414e-01
 7.21422155e+00 6.53751146e-02
 8.28414404e+00 -3.27020366e-01
 9.62150597e+00 -1.03959112e+00
 1.13113992e+01 -2.35309773e+00
 1.30749770e+01 -4.78958352e+00
 1.42488658e+01 -9.08415501e+00
 1.25864454e+01 -1.50866560e+01
 6.47482216e+00 -1.92897648e+01
 -4.46602877e-01 -1.83702660e+01
 -4.26473729e+00 -1.48276731e+01
 -5.55089618e+00 -1.14935616e+01
 -5.83394579e+00 -9.02892144e+00
 -5.51773708e+00 -7.29041533e+00
 -5.13560335e+00 -6.05235131e+00
 -4.80013164e+00 -5.14828331e+00
 -4.43738206e+00 -4.46970491e+00
 -4.01233705e+00 -3.94708267e+00
 -3.76309464e+00 -3.53523795e+00
 -3.47646346e+00 -3.20412237e+00
 -3.28028443e+00 -2.93323568e+00
 -3.04925461e+00 -2.70824151e+00
 -2.94177154e+00 -2.51888061e+00
 -2.71000881e+00 -2.35765542e+00
 -2.53638015e+00 -2.21898130e+00
 -2.46480981e+00 -2.09862621e+00
 -2.39443223e+00 -1.99333284e+00
 -2.20088269e+00 -1.90055857e+00
 -2.14655853e+00 -1.81829315e+00
 -1.98990084e+00 -1.74492862e+00
 -1.96726531e+00 -1.67916517e+00
 -1.88979514e+00 -1.61994181e+00
 -1.72065294e+00 -1.56638477e+00
 -1.74299150e+00 -1.51776860e+00
 -1.69988383e+00 -1.47348640e+00
 -1.62468998e+00 -1.43302693e+00
 -1.55296401e+00 -1.39595679e+00
 -1.47008055e+00 -1.36190631e+00
 -1.41585022e+00 -1.33055850e+00
 -1.38570964e+00 -1.30164010e+00
 -1.28432721e+00 -1.27491445e+00
 -1.32666939e+00 -1.25017567e+00
 -1.24414314e+00 -1.22724391e+00
 -1.17506251e+00 -1.20596149e+00
 -1.26500560e+00 -1.18618963e+00
 -1.14297946e+00 -1.16780583e+00
 -1.22724735e+00 -1.15070159e+00
 -1.21512441e+00 -1.13478059e+00
 -1.06612927e+00 -1.11995706e+00
 -1.03425183e+00 -1.10615447e+00
 -9.80788396e-01 -1.09330441e+00
 -1.02063105e+00 -1.08134558e+00
 -1.06372161e+00 -1.07022302e+00
 -9.98937906e-01 -1.05988732e+00
 -8.99703622e-01 -1.05029409e+00
 -8.88922911e-01 -1.04140336e+00
 -9.12355083e-01 -1.03317917e+00
 -9.27066259e-01 -1.02558915e+00
 -8.93742685e-01 -1.01860418e+00
 -9.02720364e-01 -1.01219808e+00
 -8.89107304e-01 -1.00634737e+00
 -8.71508647e-01 -1.00103102e+00
 -7.69038643e-01 -9.96230247e-01
 -8.00991922e-01 -9.91928380e-01
 -7.23798651e-01 -9.88110666e-01
 -7.69499655e-01 -9.84764161e-01
 -7.03173983e-01 -9.81877618e-01
 -6.31807147e-01 -9.79441388e-01
 -7.74199757e-01 -9.77447340e-01
 -6.43521811e-01 -9.75888796e-01
 -7.30179301e-01 -9.74760474e-01
 -7.28611403e-01 -9.74058444e-01
 -6.19576928e-01 -9.73780099e-01
 -6.46168971e-01 -9.73924131e-01
 -6.55883708e-01 -9.74490523e-01
 -5.54714780e-01 -9.75480542e-01
 -5.78698885e-01 -9.76896756e-01
 -6.68873962e-01 -9.78743045e-01
 -7.28979448e-01 -9.81024634e-01
 -6.50228211e-01 -9.83748135e-01
 -5.22438680e-01 -9.86921597e-01
 -6.28945272e-01 -9.90554567e-01
 -5.50983913e-01 -9.94658172e-01
 -5.98130855e-01 -9.99245211e-01
 -5.47677548e-01 -1.00433026e+00
 -5.85715779e-01 -1.00992978e+00
 -4.90967986e-01 -1.01606231e+00
 -4.62063848e-01 -1.02274858e+00
 -4.93379018e-01 -1.03001172e+00
 -4.73709417e-01 -1.03787751e+00
 -4.88229371e-01 -1.04637458e+00
 -4.50533404e-01 -1.05553473e+00
 -4.30606634e-01 -1.06539328e+00
 -3.89600017e-01 -1.07598942e+00
 -3.61745263e-01 -1.08736664e+00
 -4.85270919e-01 -1.09957330e+00
 -3.96956621e-01 -1.11266316e+00
 -4.19775914e-01 -1.12669609e+00
 -4.37457518e-01 -1.14173886e+00
 -3.70101266e-01 -1.15786607e+00
 -3.77376788e-01 -1.17516125e+00
 -4.09484256e-01 -1.19371809e+00
 -3.07678055e-01 -1.21364204e+00
 -4.38845568e-01 -1.23505202e+00
 -4.13853959e-01 -1.25808260e+00
 -2.50293240e-01 -1.28288652e+00
 -2.85236528e-01 -1.30963781e+00
 -2.07374037e-01 -1.33853549e+00
 -1.80992783e-01 -1.36980808e+00
 -2.72191118e-01 -1.40371916e+00
 -2.43951625e-01 -1.44057423e+00
 -2.78959233e-01 -1.48072915e+00
 -1.04717525e-01 -1.52460078e+00
 -1.29700136e-01 -1.57268035e+00
 -1.68893506e-01 -1.62555049e+00
 -2.14598013e-01 -1.68390701e+00
 -7.99981031e-02 -1.74858723e+00
 2.66397755e-02 -1.82060696e+00
 -4.65791633e-02 -1.90120948e+00
 -2.86243176e-02 -1.99193110e+00
 8.37105586e-02 -2.09469007e+00
 -6.81186598e-02 -2.21190856e+00
 1.40765443e-02 -2.34668238e+00
 1.18076325e-01 -2.50302009e+00
 9.19614436e-02 -2.68618412e+00
 7.31971231e-02 -2.90318169e+00
 5.83097438e-02 -3.16347395e+00
 1.21303621e-01 -3.47998875e+00
 -3.81471314e-03 -3.87050235e+00
 -2.73579025e-02 -4.35925647e+00
 -3.38658629e-01 -4.97777608e+00
 -7.05053586e-01 -5.76034014e+00
 -1.43411609e+00 -6.71686226e+00
 -2.89160384e+00 -7.72683312e+00
 -5.28805552e+00 -8.24347585e+00
 -8.41686220e+00 -7.06207125e+00
 -1.01874628e+01 -3.81107803e+00
 -9.62586605e+00 -5.76971845e-01
 -7.99138937e+00 1.22127658e+00
 -6.45060935e+00 1.92509683e+00
 -5.26747074e+00 2.10012338e+00
 -4.33554217e+00 2.05699406e+00
 -3.82188986e+00 1.93294997e+00
 -3.38659664e+00 1.78539328e+00
 -2.85771750e+00 1.63774287e+00
 -2.70212683e+00 1.49902963e+00
 -2.47657328e+00 1.37215131e+00
 -2.28440255e+00 1.25741072e+00
 -2.13540344e+00 1.15406381e+00
 -1.98764398e+00 1.06100463e+00
 -1.87839440e+00 9.77065938e-01
 -1.77599734e+00 9.01145274e-01
 -1.71887284e+00 8.32251061e-01
 -1.70675550e+00 7.69512599e-01
 -1.57461002e+00 7.12174391e-01
 -1.55821899e+00 6.59584468e-01
 -1.46491926e+00 6.11181194e-01
 -1.42121067e+00 5.66480546e-01
 -1.46011892e+00 5.25064651e-01
 -1.33387960e+00 4.86571823e-01
 -1.41964726e+00 4.50688053e-01
 -1.24944235e+00 4.17139813e-01
 -1.27306293e+00 3.85688010e-01
 -1.33872976e+00 3.56122911e-01
 -1.29372698e+00 3.28259882e-01
 -1.34354768e+00 3.01935815e-01
 -1.23831348e+00 2.77006116e-01
 -1.16318652e+00 2.53342166e-01
 -1.28228257e+00 2.30829174e-01
 -1.08579742e+00 2.09364352e-01
 -1.14906313e+00 1.88855366e-01
 -1.23503599e+00 1.69219008e-01
 -1.18575329e+00 1.50380060e-01
 -1.11325771e+00 1.32270319e-01
 -1.13446588e+00 1.14827754e-01
 -1.20732557e+00 9.79957728e-02
 -1.12913124e+00 8.17225957e-02
 -1.06413455e+00 6.59606977e-02
 -1.08563481e+00 5.06663283e-02
 -1.05780158e+00 3.57990883e-02
 -1.08785319e+00 2.13215574e-02
 -1.13737083e+00 7.19896530e-03
 -1.12741558e+00 -6.60109939e-03
 -1.13575889e+00 -2.01089483e-02
 -1.01306738e+00 -3.33530241e-02
 -1.11560830e+00 -4.63601080e-02
 -1.10848518e+00 -5.91555055e-02
 -1.13372973e+00 -7.17632147e-02
 -1.08067945e+00 -8.42060787e-02
 -1.14676172e+00 -9.65059250e-02
 -1.21849251e+00 -1.08683692e-01
 -9.93965488e-01 -1.20759549e-01
 -1.08952825e+00 -1.32753000e-01
 -1.09182000e+00 -1.44682990e-01
 -1.02510669e+00 -1.56567999e-01
 -1.06854490e+00 -1.68426129e-01
 -1.10863403e+00 -1.80275196e-01
 -1.08074742e+00 -1.92132806e-01
 -1.06066715e+00 -2.04016439e-01
 -1.07053356e+00 -2.15943527e-01
 -1.16254315e+00 -2.27931528e-01
 -1.12923685e+00 -2.39998006e-01
 -1.09773340e+00 -2.52160709e-01
 -1.18078024e+00 -2.64437642e-01
 -1.18210059e+00 -2.76847152e-01
 -1.18041569e+00 -2.89408008e-01
 -1.11085141e+00 -3.02139485e-01
 -1.16899871e+00 -3.15061457e-01
 -1.12227978e+00 -3.28194487e-01
 -1.22278619e+00 -3.41559929e-01
 -1.21144104e+00 -3.55180036e-01
 -1.31122661e+00 -3.69078070e-01
 -1.20929292e+00 -3.83278430e-01
 -1.28358922e+00 -3.97806780e-01
 -1.23367092e+00 -4.12690200e-01
 -1.26898833e+00 -4.27957340e-01
 -1.33121579e+00 -4.43638596e-01
 -1.24176835e+00 -4.59766301e-01
 -1.35170326e+00 -4.76374936e-01
 -1.30812313e+00 -4.93501361e-01
 -1.34224480e+00 -5.11185076e-01
 -1.43320989e+00 -5.29468509e-01
 -1.44190236e+00 -5.48397336e-01
 -1.41428059e+00 -5.68020838e-01
 -1.50572129e+00 -5.88392304e-01
 -1.45643693e+00 -6.09569479e-01
 -1.51903864e+00 -6.31615070e-01
 -1.49122965e+00 -6.54597311e-01
 -1.52066630e+00 -6.78590606e-01
 -1.62652384e+00 -7.03676244e-01
 -1.62479963e+00 -7.29943214e-01
 -1.68373056e+00 -7.57489118e-01
 -1.75221455e+00 -7.86421199e-01
 -1.83761254e+00 -8.16857499e-01
 -1.81996971e+00 -8.48928154e-01
 -1.78856944e+00 -8.82776840e-01
 -1.86335912e+00 -9.18562366e-01
 -2.09759914e+00 -9.56460422e-01
 -2.01173923e+00 -9.96665455e-01
 -2.11370724e+00 -1.03939262e+00
 -2.16125951e+00 -1.08487970e+00
 -2.31493673e+00 -1.13338888e+00
 -2.36517436e+00 -1.18520798e+00
 -2.46285551e+00 -1.24065068e+00
 -2.63997716e+00 -1.30005491e+00
 -2.80524439e+00 -1.36377773e+00
 -2.90245643e+00 -1.43218447e+00
 -3.02823582e+00 -1.50562746e+00
 -3.26225645e+00 -1.58440714e+00
 -3.42367434e+00 -1.66870224e+00
 -3.67628236e+00 -1.75844550e+00
 -4.08651776e+00 -1.85310198e+00
 -4.42872929e+00 -1.95126913e+00
 -4.85626524e+00 -2.04994374e+00
 -5.31411504e+00 -2.14314749e+00
 -5.88288991e+00 -2.21928106e+00
 -6.72624136e+00 -2.25587532e+00
 -7.69586819e+00 -2.20885939e+00
 -8.99606815e+00 -1.99009586e+00
 -1.06482542e+01 -1.42047033e+00
 -1.27238693e+01 -1.40275426e-01
 -1.48888240e+01 2.49625777e+00
 -1.61279620e+01 7.17662430e+00
 -1.41475991e+01 1.30122157e+01
 -8.62977246e+00 1.64098969e+01
 -3.15203314e+00 1.58676387e+01
 2.08142932e-01 1.35473382e+01
 1.78530956e+00 1.11853503e+01
 2.38145304e+00 9.27249392e+00
 2.62844080e+00 7.80775969e+00
 2.60481517e+00 6.69062020e+00
 2.53843004e+00 5.82749073e+00
 2.49324160e+00 5.14867501e+00
 2.35631452e+00 4.60503562e+00
 2.16473668e+00 4.16219255e+00
 2.18858287e+00 3.79587042e+00
 2.00742893e+00 3.48866509e+00
 1.78262196e+00 3.22788339e+00
 1.72458828e+00 3.00410797e+00
 1.67385541e+00 2.81023659e+00
 1.58931575e+00 2.64083045e+00
 1.40870376e+00 2.49166527e+00
 1.26509511e+00 2.35941713e+00
 1.28955605e+00 2.24143919e+00
 1.18950151e+00 2.13560053e+00
 1.13804831e+00 2.04016825e+00
 1.01103274e+00 1.95372005e+00
 1.00044137e+00 1.87507855e+00
 1.02381413e+00 1.80326142e+00
 9.73438553e-01 1.73744308e+00
 8.76239995e-01 1.67692499e+00
 8.50134088e-01 1.62111240e+00
 8.61495174e-01 1.56949596e+00
 7.36586953e-01 1.52163709e+00
 7.35173708e-01 1.47715620e+00
 6.32955070e-01 1.43572325e+00
 6.68415441e-01 1.39704993e+00
 5.71732881e-01 1.36088342e+00
 6.88173484e-01 1.32700108e+00
 6.12076123e-01 1.29520615e+00
 4.95036592e-01 1.26532418e+00
 4.81442539e-01 1.23719993e+00
 4.78311219e-01 1.21069488e+00
 4.59057487e-01 1.18568507e+00
 4.03588842e-01 1.16205924e+00
 4.58125363e-01 1.13971732e+00
 4.16552922e-01 1.11856904e+00
 3.79569106e-01 1.09853284e+00
 2.98229851e-01 1.07953483e+00
 3.12619415e-01 1.06150798e+00
 3.20021485e-01 1.04439134e+00
 2.79334538e-01 1.02812941e+00
 3.14044233e-01 1.01267160e+00
 2.74224832e-01 9.97971681e-01
 1.71221222e-01 9.83987415e-01
 2.70656753e-01 9.70680135e-01
 2.32069732e-01 9.58014424e-01
 2.16070353e-01 9.45957822e-01
 1.15805992e-01 9.34480562e-01
 1.34499959e-01 9.23555344e-01
 1.95796204e-01 9.13157128e-01
 1.59802566e-01 9.03262959e-01
 1.13999751e-02 8.93851804e-01
 1.84648305e-01 8.84904415e-01
 9.80890231e-02 8.76403201e-01
 -7.34380724e-02 8.68332128e-01
 -1.46975840e-02 8.60676613e-01
 -5.11410233e-02 8.53423451e-01
 -1.38895766e-02 8.46560739e-01
 -4.59094504e-02 8.40077818e-01
 -8.97418519e-02 8.33965221e-01
 -1.98281075e-02 8.28214634e-01
 -9.23668606e-02 8.22818860e-01
 2.53309380e-02 8.17771806e-01
 -1.17294362e-01 8.13068458e-01
 -9.59581223e-02 8.08704884e-01
 -1.26138315e-01 8.04678237e-01
 -1.02221231e-01 8.00986766e-01
 -9.91487708e-02 7.97629845e-01
 -1.48938428e-01 7.94608003e-01
 -2.54380108e-01 7.91922974e-01
 -2.11849092e-01 7.89577757e-01
 -2.81594415e-01 7.87576684e-01
 -2.36241187e-01 7.85925516e-01
 -3.18139934e-01 7.84631550e-01
 -3.16960465e-01 7.83703742e-01
 -2.01232167e-01 7.83152866e-01
 -3.31964870e-01 7.82991691e-01
 -3.11420095e-01 7.83235192e-01
 -3.94859619e-01 7.83900803e-01
 -3.78003275e-01 7.85008709e-01
 -3.84523110e-01 7.86582197e-01
 -4.15447574e-01 7.88648065e-01
 -4.81941277e-01 7.91237107e-01
 -4.32021763e-01 7.94384700e-01
 -5.18381193e-01 7.98131484e-01
 -4.92873060e-01 8.02524197e-01
 -6.26799858e-01 8.07616661e-01
 -6.56635946e-01 8.13470982e-01
 -6.45354536e-01 8.20159000e-01
 -6.50535220e-01 8.27764063e-01
 -7.06021193e-01 8.36383192e-01
 -6.95937230e-01 8.46129755e-01
 -8.38219509e-01 8.57136795e-01
 -7.55325456e-01 8.69561169e-01
 -8.39730906e-01 8.83588778e-01
 -9.54254307e-01 8.99441189e-01
 -9.66198142e-01 9.17384116e-01
 -1.07352034e+00 9.37738358e-01
 -1.21942555e+00 9.60894072e-01
 -1.24632714e+00 9.87329554e-01
 -1.30637697e+00 1.01763626e+00
 -1.35792217e+00 1.05255254e+00
 -1.46697924e+00 1.09300968e+00
 -1.60194989e+00 1.14019566e+00
 -1.73858877e+00 1.19564486e+00
 -1.78468428e+00 1.26136615e+00
 -2.04225534e+00 1.34002937e+00
 -2.12550409e+00 1.43524188e+00
 -2.33076709e+00 1.55196725e+00
 -2.58696476e+00 1.69717342e+00
 -2.76370653e+00 1.88085921e+00
 -3.04700871e+00 2.11771774e+00
 -3.31259442e+00 2.42988861e+00
 -3.75659452e+00 2.85157333e+00
 -4.16697577e+00 3.43672858e+00
 -4.67722751e+00 4.27111986e+00
 -5.05275666e+00 5.48669765e+00
 -5.14901405e+00 7.25546986e+00
 -4.47675834e+00 9.65526861e+00
 -2.17311561e+00 1.21477735e+01
 1.87068639e+00 1.30304289e+01
 5.60544189e+00 1.12325226e+01
 7.12373940e+00 8.29644086e+00
 7.33410175e+00 5.83029966e+00
 6.73641610e+00 4.14983624e+00
 6.08638444e+00 3.06123314e+00
 5.54142478e+00 2.35095214e+00
 5.01480308e+00 1.87549024e+00
 4.54665867e+00 1.54770352e+00
 4.12712917e+00 1.31527314e+00
 3.84953985e+00 1.14624238e+00
 3.61985191e+00 1.02057197e+00
 3.30917255e+00 9.25337633e-01
 3.12507271e+00 8.51974505e-01
 3.00836586e+00 7.94661877e-01
 2.66096881e+00 7.49352088e-01
 2.70266204e+00 7.13171330e-01
 2.55660678e+00 6.84040599e-01
 2.38474530e+00 6.60430202e-01
 2.28674033e+00 6.41197281e-01
 2.28416517e+00 6.25476083e-01
 2.22451302e+00 6.12602487e-01
 2.05919069e+00 6.02061199e-01
 1.98981315e+00 5.93448228e-01
 1.96187506e+00 5.86443835e-01
 1.93991112e+00 5.80792767e-01
 1.74632032e+00 5.76289647e-01
 1.80870974e+00 5.72768041e-01
 1.73241235e+00 5.70092195e-01
 1.62703184e+00 5.68150728e-01
 1.61021888e+00 5.66851777e-01
 1.68525996e+00 5.66119220e-01
 1.55019267e+00 5.65889725e-01
 1.55745176e+00 5.66110415e-01
 1.56023913e+00 5.66737021e-01
 1.49618121e+00 5.67732400e-01
 1.38732148e+00 5.69065347e-01
 1.49577285e+00 5.70709633e-01
 1.39903985e+00 5.72643222e-01
 1.46679893e+00 5.74847632e-01
 1.28065775e+00 5.77307416e-01
 1.24972288e+00 5.80009724e-01
 1.38419906e+00 5.82943952e-01
 1.26859808e+00 5.86101447e-01
 1.33868801e+00 5.89475258e-01
 1.36441221e+00 5.93059939e-01
 1.34323197e+00 5.96851372e-01
 1.25487079e+00 6.00846632e-01
 1.27233030e+00 6.05043867e-01
 1.22534882e+00 6.09442201e-01
 1.26276155e+00 6.14041656e-01
 1.19251700e+00 6.18843083e-01
 1.20067770e+00 6.23848114e-01
 1.09092809e+00 6.29059116e-01
 1.22913200e+00 6.34479159e-01
 1.23250782e+00 6.40111995e-01
 1.12708103e+00 6.45962039e-01
 1.27626025e+00 6.52034362e-01
 1.23507514e+00 6.58334685e-01
 1.08955359e+00 6.64869385e-01
 1.18052588e+00 6.71645503e-01
 1.18191400e+00 6.78670756e-01
 1.21450512e+00 6.85953562e-01
 1.01816125e+00 6.93503058e-01
 1.15089482e+00 7.01329136e-01
 1.05041904e+00 7.09442479e-01
 1.10098524e+00 7.17854599e-01
 1.05667946e+00 7.26577889e-01
 1.19560051e+00 7.35625677e-01
 1.11433246e+00 7.45012286e-01
 1.09332468e+00 7.54753107e-01
 1.10604468e+00 7.64864673e-01
 1.22933359e+00 7.75364752e-01
 1.13945935e+00 7.86272435e-01
 1.13065615e+00 7.97608257e-01
 1.16033818e+00 8.09394305e-01
 1.18200746e+00 8.21654363e-01
 1.12125941e+00 8.34414059e-01
 1.11883785e+00 8.47701034e-01
 1.18214273e+00 8.61545129e-01
 1.13345188e+00 8.75978600e-01
 1.08218004e+00 8.91036351e-01
 1.13914242e+00 9.06756202e-01
 1.20059591e+00 9.23179188e-01
 1.10206374e+00 9.40349897e-01
 1.21325803e+00 9.58316851e-01
 1.18456789e+00 9.77132939e-01
 1.15354064e+00 9.96855906e-01
 1.25015060e+00 1.01754891e+00
 1.23001884e+00 1.03928116e+00
 1.23597820e+00 1.06212863e+00
 1.29706458e+00 1.08617493e+00
 1.30952379e+00 1.11151219e+00
 1.28505088e+00 1.13824225e+00
 1.18925241e+00 1.16647787e+00
 1.28430693e+00 1.19634422e+00
 1.37379043e+00 1.22798061e+00
 1.37434739e+00 1.26154246e+00
 1.42446900e+00 1.29720369e+00
 1.45304366e+00 1.33515939e+00
 1.42178917e+00 1.37562910e+00
 1.43809171e+00 1.41886057e+00
 1.50697102e+00 1.46513427e+00
 1.57856544e+00 1.51476871e+00
 1.58456637e+00 1.56812671e+00
 1.64835104e+00 1.62562293e+00
 1.65384602e+00 1.68773267e+00
 1.79087678e+00 1.75500239e+00
 1.84334491e+00 1.82806194e+00
 1.97042796e+00 1.90763882e+00
 2.04485928e+00 1.99457430e+00
 2.04283156e+00 2.08984091e+00
 2.17989950e+00 2.19456003e+00
 2.29998315e+00 2.31001623e+00
 2.47760537e+00 2.43766138e+00
 2.68028027e+00 2.57909420e+00
 2.87088072e+00 2.73598493e+00
 3.10805993e+00 2.90988311e+00
 3.34361969e+00 3.10177694e+00
 3.88163298e+00 3.31112252e+00
 4.27577409e+00 3.53372292e+00
 4.91704787e+00 3.75706068e+00
 5.77131899e+00 3.94989345e+00
 6.97243158e+00 4.03893079e+00
 8.49827692e+00 3.85812028e+00
 1.05504622e+01 3.05430835e+00
 1.26909618e+01 1.01274411e+00
 1.40063093e+01 -2.73987874e+00
 1.26083404e+01 -7.11696368e+00
 9.09445798e+00 -9.68731133e+00
 5.64637230e+00 -9.92756179e+00
 3.37418651e+00 -9.02376318e+00
 1.82763292e+00 -7.87868136e+00
