 NaN NaN
 4.13579431e+01 1.43194142e+01
 2.13187139e+01 7.13994293e+00
 1.43523446e+01 4.81806729e+00
 1.09051681e+01 3.67701238e+00
 8.87484120e+00 3.00052661e+00
 7.46124474e+00 2.55367070e+00
 6.35675804e+00 2.23690865e+00
 5.59180308e+00 2.00091222e+00
 5.01647996e+00 1.81847246e+00
 4.54142370e+00 1.67336109e+00
 4.06541187e+00 1.55530348e+00
 3.80774943e+00 1.45748009e+00
 3.56953857e+00 1.37518810e+00
 3.30364113e+00 1.30508007e+00
 3.02959820e+00 1.24470900e+00
 2.90833881e+00 1.19224498e+00
 2.69752717e+00 1.14629248e+00
 2.56140831e+00 1.10576885e+00
 2.51355308e+00 1.06982147e+00
 2.36632339e+00 1.03776989e+00
 2.34038668e+00 1.00906453e+00
 2.25688409e+00 9.83256839e-01
 2.03181037e+00 9.59977146e-01
 1.99572970e+00 9.38918175e-01
 1.91878412e+00 9.19822493e-01
 1.90276683e+00 9.02472887e-01
 1.80496369e+00 8.86684893e-01
 1.82638673e+00 8.72300928e-01
 1.66568044e+00 8.59185648e-01
 1.69879059e+00 8.47222243e-01
 1.60887287e+00 8.36309447e-01
 1.57792297e+00 8.26359118e-01
 1.61808997e+00 8.17294264e-01
 1.61071943e+00 8.09047409e-01
 1.59146323e+00 8.01559256e-01
 1.48782671e+00 7.94777566e-01
 1.38982522e+00 7.88656224e-01
 1.31699634e+00 7.83154454e-01
 1.31083774e+00 7.78236160e-01
 1.23150051e+00 7.73869364e-01
 1.35969833e+00 7.70025729e-01
 1.29740264e+00 7.66680157e-01
 1.26054304e+00 7.63810439e-01
 1.32264953e+00 7.61396959e-01
 1.28992083e+00 7.59422440e-01
 1.13992629e+00 7.57871725e-01
 1.16855600e+00 7.56731585e-01
 1.20100260e+00 7.55990562e-01
 1.29281298e+00 7.55638826e-01
 1.20142323e+00 7.55668061e-01
 1.15892335e+00 7.56071355e-01
 1.13773555e+00 7.56843124e-01
 1.15561422e+00 7.57979029e-01
 1.11734856e+00 7.59475924e-01
 1.11620833e+00 7.61331805e-01
 1.06272720e+00 7.63545766e-01
 1.05986129e+00 7.66117977e-01
 1.10683826e+00 7.69049657e-01
 1.11539640e+00 7.72343066e-01
 9.60483172e-01 7.76001497e-01
 1.03426610e+00 7.80029281e-01
 1.03868921e+00 7.84431799e-01
 1.12843390e+00 7.89215496e-01
 1.05302764e+00 7.94387913e-01
 1.04447574e+00 7.99957717e-01
 9.74499614e-01 8.05934744e-01
 1.10480057e+00 8.12330051e-01
 1.06794193e+00 8.19155975e-01
 1.03309209e+00 8.26426206e-01
 1.01844656e+00 8.34155862e-01
 1.02316591e+00 8.42361589e-01
 1.04466555e+00 8.51061659e-01
 1.21514435e+00 8.60276095e-01
 9.95286469e-01 8.70026805e-01
 1.03801089e+00 8.80337732e-01
 9.60418202e-01 8.91235032e-01
 1.15697977e+00 9.02747267e-01
 1.08462103e+00 9.14905624e-01
 1.00297121e+00 9.27744168e-01
 1.01432612e+00 9.41300122e-01
 9.72582301e-01 9.55614192e-01
 1.03665279e+00 9.70730926e-01
 1.07135300e+00 9.86699129e-01
 1.21575693e+00 1.00357234e+00
 1.13441371e+00 1.02140936e+00
 1.16977480e+00 1.04027490e+00
 1.10749921e+00 1.06024025e+00
 1.15180283e+00 1.08138413e+00
 1.14942092e+00 1.10379363e+00
 1.20535840e+00 1.12756530e+00
 1.20229174e+00 1.15280644e+00
 1.13059737e+00 1.17963661e+00
 1.13901247e+00 1.20818934e+00
 1.23086134e+00 1.23861425e+00
 1.22858430e+00 1.27107948e+00
 1.24978172e+00 1.30577458e+00
 1.23633719e+00 1.34291404e+00
 1.22548294e+00 1.38274143e+00
 1.31737518e+00 1.42553450e+00
 1.33185888e+00 1.47161132e+00
 1.39627156e+00 1.52133782e+00
 1.45021001e+00 1.57513709e+00
 1.48716947e+00 1.63350095e+00
 1.54229172e+00 1.69700441e+00
 1.43857497e+00 1.76632394e+00
 1.55104745e+00 1.84226084e+00
 1.65874129e+00 1.92577121e+00
 1.71823907e+00 2.01800521e+00
 1.81891255e+00 2.12035858e+00
 1.77389639e+00 2.23454172e+00
 1.86009243e+00 2.36267314e+00
 2.00731222e+00 2.50740838e+00
 2.10501839e+00 2.67212058e+00
 2.24922672e+00 2.86115892e+00
 2.55332075e+00 3.08022624e+00
 2.71041704e+00 3.33694496e+00
 2.76125651e+00 3.64172901e+00
 3.16579867e+00 4.00916991e+00
 3.62293701e+00 4.46031959e+00
 3.93149036e+00 5.02660000e+00
 4.71587529e+00 5.75678266e+00
 5.71348891e+00 6.72992237e+00
 7.23730059e+00 8.07946850e+00
 9.94236802e+00 1.00306636e+01
 1.52947661e+01 1.28456891e+01
 2.98872301e+01 1.46248724e+01
 5.49532206e+01 -2.15447194e+01
 6.84106506e+00 -3.73066461e+01
 -2.89712894e+00 -2.13403763e+01
 -3.50936571e+00 -1.41351584e+01
 -3.29624056e+00 -1.04359148e+01
 -2.78970677e+00 -8.23505620e+00
 -2.48931462e+00 -6.78764627e+00
 -2.07458790e+00 -5.76733311e+00
 -1.81906515e+00 -5.01102053e+00
 -1.63038549e+00 -4.42876900e+00
 -1.40185601e+00 -3.96711957e+00
 -1.37043627e+00 -3.59237807e+00
 -1.16842808e+00 -3.28228635e+00
 -1.04319358e+00 -3.02156502e+00
 -1.01533944e+00 -2.79938464e+00
 -8.65146742e-01 -2.60785956e+00
 -7.90950187e-01 -2.44111351e+00
 -8.14901672e-01 -2.29467918e+00
 -6.99573811e-01 -2.16510057e+00
 -6.78764795e-01 -2.04966265e+00
 -5.11423089e-01 -1.94620317e+00
 -5.58612335e-01 -1.85297903e+00
 -4.56165798e-01 -1.76856954e+00
 -4.94676670e-01 -1.69180529e+00
 -4.30026373e-01 -1.62171503e+00
 -3.85211708e-01 -1.55748547e+00
 -3.37857442e-01 -1.49843044e+00
 -3.48447657e-01 -1.44396707e+00
 -3.31410762e-01 -1.39359707e+00
 -2.09106111e-01 -1.34689196e+00
 -2.39429439e-01 -1.30348128e+00
 -2.51251255e-01 -1.26304313e+00
 -2.41945136e-01 -1.22529647e+00
 -2.78158230e-01 -1.18999488e+00
 -2.06046155e-01 -1.15692139e+00
 -1.72634990e-01 -1.12588424e+00
 -2.11104326e-01 -1.09671333e+00
 -1.77956958e-01 -1.06925728e+00
 -1.87282605e-01 -1.04338094e+00
 -1.86133021e-01 -1.01896327e+00
 -8.90867367e-02 -9.95895606e-01
 -1.17903485e-01 -9.74080089e-01
 -6.04084409e-02 -9.53428406e-01
 3.66881928e-02 -9.33860665e-01
 -4.25715986e-02 -9.15304431e-01
 -3.35182763e-02 -8.97693901e-01
 -4.52868857e-02 -8.80969180e-01
 2.60311133e-02 -8.65075654e-01
 7.88949739e-02 -8.49963444e-01
 9.13958711e-02 -8.35586926e-01
 8.85082469e-02 -8.21904310e-01
 7.32510975e-02 -8.08877269e-01
 1.23231436e-02 -7.96470617e-01
 1.52738907e-01 -7.84652014e-01
 9.26538651e-02 -7.73391719e-01
 5.47455901e-02 -7.62662357e-01
 1.12781960e-01 -7.52438724e-01
 7.37408778e-02 -7.42697604e-01
 2.10046331e-01 -7.33417615e-01
 1.10072445e-01 -7.24579066e-01
 2.28965573e-01 -7.16163832e-01
 1.13906586e-01 -7.08155245e-01
 2.64008735e-01 -7.00537992e-01
 2.02005127e-01 -6.93298030e-01
 2.17107420e-01 -6.86422511e-01
 2.17295667e-01 -6.79899709e-01
 1.88873948e-01 -6.73718969e-01
 2.61456413e-01 -6.67870649e-01
 2.47761531e-01 -6.62346084e-01
 2.72328581e-01 -6.57137546e-01
 2.33621351e-01 -6.52238214e-01
 3.18128191e-01 -6.47642160e-01
 2.89961604e-01 -6.43344323e-01
 4.05939415e-01 -6.39340512e-01
 3.34426197e-01 -6.35627393e-01
 2.91985078e-01 -6.32202503e-01
 2.84964496e-01 -6.29064260e-01
 3.45937952e-01 -6.26211984e-01
 4.62998758e-01 -6.23645922e-01
 3.76042256e-01 -6.21367295e-01
 4.15794613e-01 -6.19378338e-01
 4.77301920e-01 -6.17682366e-01
 4.41113567e-01 -6.16283843e-01
 3.43848303e-01 -6.15188471e-01
 5.21078706e-01 -6.14403296e-01
 5.10605770e-01 -6.13936832e-01
 5.28263573e-01 -6.13799203e-01
 5.28857401e-01 -6.14002325e-01
 6.24454829e-01 -6.14560104e-01
 6.06183185e-01 -6.15488682e-01
 5.75786274e-01 -6.16806726e-01
 7.36877028e-01 -6.18535768e-01
 6.91378631e-01 -6.20700613e-01
 6.66945963e-01 -6.23329824e-01
 6.60574773e-01 -6.26456310e-01
 7.78260907e-01 -6.30118024e-01
 7.43532440e-01 -6.34358823e-01
 8.19213524e-01 -6.39229496e-01
 8.73168182e-01 -6.44789045e-01
 9.05971255e-01 -6.51106245e-01
 1.00550921e+00 -6.58261588e-01
 9.75693284e-01 -6.66349714e-01
 1.06686286e+00 -6.75482466e-01
 1.00454874e+00 -6.85792781e-01
 1.24459366e+00 -6.97439671e-01
 1.21838854e+00 -7.10614673e-01
 1.33670958e+00 -7.25550300e-01
 1.35849391e+00 -7.42531225e-01
 1.52345857e+00 -7.61909288e-01
 1.64675568e+00 -7.84123908e-01
 1.72828525e+00 -8.09730281e-01
 1.80516171e+00 -8.39439000e-01
 1.90430225e+00 -8.74172771e-01
 2.11761766e+00 -9.15149326e-01
 2.23887853e+00 -9.64005508e-01
 2.31345577e+00 -1.02298796e+00
 2.64756761e+00 -1.09525510e+00
 2.94885278e+00 -1.18537216e+00
 3.32567736e+00 -1.30015578e+00
 3.55101940e+00 -1.45018405e+00
 4.07016660e+00 -1.65265027e+00
 4.72577231e+00 -1.93712856e+00
 5.48020258e+00 -2.35821258e+00
 6.63017913e+00 -3.02617558e+00
 8.19601394e+00 -4.19143676e+00
 1.04060785e+01 -6.51646430e+00
 1.34435526e+01 -1.20847304e+01
 1.13513804e+01 -2.64969398e+01
 -1.44817065e+01 -2.92267237e+01
 -1.82823083e+01 -1.07857491e+01
 -1.36300870e+01 -4.21825139e+00
 -1.03033876e+01 -2.04212506e+00
 -8.24759401e+00 -1.15896501e+00
 -6.86254215e+00 -7.41917279e-01
 -5.89601565e+00 -5.23867416e-01
 -5.09159418e+00 -4.01837207e-01
 -4.59203675e+00 -3.30471712e-01
 -4.23291486e+00 -2.87690492e-01
 -3.80390507e+00 -2.61883407e-01
 -3.38678679e+00 -2.46564747e-01
 -3.20891567e+00 -2.37931486e-01
 -3.00588226e+00 -2.33664102e-01
 -2.89466051e+00 -2.32301450e-01
 -2.66733124e+00 -2.32898270e-01
 -2.46434667e+00 -2.34829465e-01
 -2.41432219e+00 -2.37674168e-01
 -2.32428255e+00 -2.41144896e-01
 -2.14613301e+00 -2.45043070e-01
 -2.02699049e+00 -2.49230431e-01
 -2.01411612e+00 -2.53610266e-01
 -1.94626897e+00 -2.58114870e-01
 -1.77872233e+00 -2.62697015e-01
 -1.78634865e+00 -2.67324075e-01
 -1.76466241e+00 -2.71973921e-01
 -1.85197662e+00 -2.76632023e-01
 -1.69544150e+00 -2.81289382e-01
 -1.66506574e+00 -2.85941040e-01
 -1.56709061e+00 -2.90585005e-01
 -1.52213562e+00 -2.95221461e-01
 -1.55083873e+00 -2.99852193e-01
 -1.55566854e+00 -3.04480159e-01
 -1.41134726e+00 -3.09109185e-01
 -1.38625125e+00 -3.13743725e-01
 -1.38416679e+00 -3.18388697e-01
 -1.46569906e+00 -3.23049357e-01
 -1.36125982e+00 -3.27731209e-01
 -1.35412973e+00 -3.32439938e-01
 -1.33327587e+00 -3.37181368e-01
 -1.28755391e+00 -3.41961430e-01
 -1.27279628e+00 -3.46786143e-01
 -1.25512863e+00 -3.51661601e-01
 -1.30567283e+00 -3.56593976e-01
 -1.28299596e+00 -3.61589513e-01
 -1.36063094e+00 -3.66654536e-01
 -1.35216874e+00 -3.71795463e-01
 -1.11693848e+00 -3.77018812e-01
 -1.24367942e+00 -3.82331218e-01
 -1.21594070e+00 -3.87739447e-01
 -1.21724252e+00 -3.93250416e-01
 -1.19393049e+00 -3.98871213e-01
 -1.25826835e+00 -4.04609115e-01
 -1.32095421e+00 -4.10471613e-01
 -1.09651319e+00 -4.16466436e-01
 -1.14607568e+00 -4.22601575e-01
 -1.16496496e+00 -4.28885314e-01
 -1.15426711e+00 -4.35326257e-01
 -1.19336328e+00 -4.41933356e-01
 -1.08898053e+00 -4.48715954e-01
 -1.10592471e+00 -4.55683812e-01
 -1.12784936e+00 -4.62847152e-01
 -1.20299932e+00 -4.70216697e-01
 -1.18289888e+00 -4.77803721e-01
 -1.10486531e+00 -4.85620090e-01
 -1.10815132e+00 -4.93678322e-01
 -1.08604273e+00 -5.01991640e-01
 -1.14695105e+00 -5.10574041e-01
 -1.09379004e+00 -5.19440355e-01
 -1.12077356e+00 -5.28606332e-01
 -1.28063155e+00 -5.38088713e-01
 -1.23314931e+00 -5.47905331e-01
 -1.10787348e+00 -5.58075202e-01
 -1.25806403e+00 -5.68618643e-01
 -1.12760990e+00 -5.79557388e-01
 -1.20357056e+00 -5.90914728e-01
 -1.15341430e+00 -6.02715656e-01
 -1.29550590e+00 -6.14987042e-01
 -1.25524203e+00 -6.27757811e-01
 -1.20828309e+00 -6.41059158e-01
 -1.26318107e+00 -6.54924780e-01
 -1.26165800e+00 -6.69391139e-01
 -1.33867208e+00 -6.84497759e-01
 -1.32531535e+00 -7.00287557e-01
 -1.30013702e+00 -7.16807227e-01
 -1.34549866e+00 -7.34107664e-01
 -1.27109689e+00 -7.52244458e-01
 -1.41851767e+00 -7.71278446e-01
 -1.40810333e+00 -7.91276355e-01
 -1.44303341e+00 -8.12311535e-01
 -1.39534516e+00 -8.34464800e-01
 -1.47374823e+00 -8.57825408e-01
 -1.44252377e+00 -8.82492190e-01
 -1.54598360e+00 -9.08574871e-01
 -1.49043928e+00 -9.36195606e-01
 -1.56013955e+00 -9.65490789e-01
 -1.75829561e+00 -9.96613181e-01
 -1.62702924e+00 -1.02973443e+00
 -1.74330696e+00 -1.06504806e+00
 -1.75394641e+00 -1.10277305e+00
 -1.81776284e+00 -1.14315814e+00
 -1.85478014e+00 -1.18648701e+00
 -1.91659345e+00 -1.23308454e+00
 -2.01474108e+00 -1.28332457e+00
 -2.06042153e+00 -1.33763928e+00
 -2.10590599e+00 -1.39653090e+00
 -2.07295904e+00 -1.46058629e+00
 -2.25288291e+00 -1.53049511e+00
 -2.42420333e+00 -1.60707295e+00
 -2.46405474e+00 -1.69129060e+00
 -2.73039189e+00 -1.78431168e+00
 -2.86193941e+00 -1.88754107e+00
 -2.97565711e+00 -2.00268796e+00
 -3.16278173e+00 -2.13184782e+00
 -3.44197904e+00 -2.27760950e+00
 -3.63749554e+00 -2.44319377e+00
 -4.00910141e+00 -2.63262925e+00
 -4.31325558e+00 -2.85096356e+00
 -4.80950260e+00 -3.10448069e+00
 -5.39017696e+00 -3.40080934e+00
 -6.07828568e+00 -3.74853749e+00
 -7.15910353e+00 -4.15508248e+00
 -8.58285599e+00 -4.61858447e+00
 -1.07801922e+01 -5.09827822e+00
 -1.39874561e+01 -5.39901779e+00
 -1.96829597e+01 -4.66396116e+00
 -2.90060577e+01 1.01763982e+00
 -3.30431360e+01 2.24753286e+01
 -8.96652976e+00 3.44427525e+01
 3.85687052e+00 2.40612317e+01
 6.06694315e+00 1.62856108e+01
 5.76851589e+00 1.18880297e+01
 5.36089423e+00 9.24450942e+00
 4.68311469e+00 7.52472862e+00
 4.25040049e+00 6.33133220e+00
 3.72235922e+00 5.46069913e+00
 3.45047256e+00 4.80025811e+00
 3.04255875e+00 4.28352506e+00
 2.80487679e+00 3.86901176e+00
 2.72938981e+00 3.52961643e+00
 2.43813581e+00 3.24694473e+00
 2.27077827e+00 3.00810232e+00
 2.03486263e+00 2.80379776e+00
 1.91005061e+00 2.62717497e+00
 1.85159701e+00 2.47306942e+00
 1.69803172e+00 2.33751980e+00
 1.54140224e+00 2.21743882e+00
 1.54232605e+00 2.11038598e+00
 1.51710083e+00 2.01440745e+00
 1.37717869e+00 1.92792109e+00
 1.32603345e+00 1.84963248e+00
 1.21075782e+00 1.77847265e+00
 1.23596772e+00 1.71355127e+00
 1.16827593e+00 1.65412102e+00
 1.11053837e+00 1.59955009e+00
 9.85034593e-01 1.54930085e+00
 1.03434467e+00 1.50291301e+00
 9.73097879e-01 1.45999027e+00
 1.02402592e+00 1.42018969e+00
 9.38996131e-01 1.38321303e+00
 8.55706008e-01 1.34879979e+00
 9.03910538e-01 1.31672149e+00
 7.86777245e-01 1.28677693e+00
 7.58616533e-01 1.25878834e+00
 7.80184144e-01 1.23259808e+00
 7.46173363e-01 1.20806594e+00
 5.98555412e-01 1.18506688e+00
 7.09733525e-01 1.16348905e+00
 5.55121168e-01 1.14323219e+00
 6.23782954e-01 1.12420618e+00
 6.38765611e-01 1.10632991e+00
 5.66870770e-01 1.08953018e+00
 5.75252193e-01 1.07374087e+00
 5.77337938e-01 1.05890214e+00
 5.35803436e-01 1.04495977e+00
 5.54729174e-01 1.03186461e+00
 5.41644349e-01 1.01957203e+00
 4.48669598e-01 1.00804152e+00
 4.51092757e-01 9.97236277e-01
 5.15006425e-01 9.87122896e-01
 4.41851300e-01 9.77671050e-01
 4.51691702e-01 9.68853243e-01
 4.43483114e-01 9.60644580e-01
 4.81035793e-01 9.53022564e-01
 4.16513346e-01 9.45966926e-01
 4.20415982e-01 9.39459466e-01
 3.23909728e-01 9.33483926e-01
 3.53499570e-01 9.28025867e-01
 3.44556147e-01 9.23072575e-01
 3.92900774e-01 9.18612971e-01
 2.90994203e-01 9.14637544e-01
 2.75287940e-01 9.11138286e-01
 3.49744144e-01 9.08108652e-01
 2.32570035e-01 9.05543518e-01
 3.13552162e-01 9.03439156e-01
 2.73807049e-01 9.01793223e-01
 2.88109778e-01 9.00604753e-01
 2.76285745e-01 8.99874168e-01
 2.42667303e-01 8.99603288e-01
 2.76241606e-01 8.99795365e-01
 2.44915284e-01 9.00455119e-01
 2.30701233e-01 9.01588794e-01
 2.43443896e-01 9.03204217e-01
 1.42563287e-01 9.05310882e-01
 1.16468849e-01 9.07920043e-01
 9.86053426e-02 9.11044827e-01
 1.24521346e-01 9.14700364e-01
 1.39509888e-01 9.18903941e-01
 2.27706738e-01 9.23675179e-01
 1.09774375e-01 9.29036238e-01
 1.44057790e-01 9.35012057e-01
 1.38649713e-01 9.41630623e-01
 -1.38783363e-02 9.48923291e-01
 1.99725341e-02 9.56925149e-01
 7.89765695e-02 9.65675443e-01
 1.07765879e-01 9.75218063e-01
 -7.27897764e-02 9.85602120e-01
 9.21071865e-02 9.96882609e-01
 3.05608231e-02 1.00912119e+00
 6.61099573e-03 1.02238709e+00
 -6.59916961e-02 1.03675819e+00
 6.00325253e-02 1.05232231e+00
 -8.28126141e-02 1.06917868e+00
 -7.28345724e-02 1.08743977e+00
 -1.48297958e-01 1.10723345e+00
 -1.42074856e-01 1.12870556e+00
 -1.10136990e-01 1.15202312e+00
 -1.51439804e-01 1.17737813e+00
 -2.49840706e-01 1.20499229e+00
 -2.14914017e-01 1.23512289e+00
 -2.62707632e-01 1.26807005e+00
 -1.72413535e-01 1.30418584e+00
 -3.47511799e-01 1.34388592e+00
 -3.23360435e-01 1.38766428e+00
 -4.02007138e-01 1.43611243e+00
 -3.57879122e-01 1.48994439e+00
 -4.11700233e-01 1.55002975e+00
 -3.94732029e-01 1.61743803e+00
 -4.67807722e-01 1.69349894e+00
 -5.77607164e-01 1.77988566e+00
 -5.55841162e-01 1.87873203e+00
 -5.97368449e-01 1.99280046e+00
 -7.12187423e-01 2.12572827e+00
 -8.76630136e-01 2.28239756e+00
 -9.56492370e-01 2.46950652e+00
 -9.64938299e-01 2.69647950e+00
 -1.11464011e+00 2.97696907e+00
 -1.30917203e+00 3.33143608e+00
 -1.42372220e+00 3.79178451e+00
 -1.48345184e+00 4.41010215e+00
 -1.61344289e+00 5.27594222e+00
 -1.82426273e+00 6.55138194e+00
 -1.50549507e+00 8.53585257e+00
 -1.21658336e-01 1.16843508e+01
 5.17808689e+00 1.53934642e+01
 1.51837347e+01 1.17826393e+01
 1.55803532e+01 1.56373912e+00
 1.10400799e+01 -2.31890462e+00
 7.94225743e+00 -2.97954423e+00
 6.03613573e+00 -2.85419842e+00
 4.96422039e+00 -2.57368660e+00
 4.05779802e+00 -2.29036114e+00
 3.61833520e+00 -2.03873321e+00
 3.06853636e+00 -1.82273636e+00
 2.75080222e+00 -1.63858941e+00
 2.46638083e+00 -1.48116724e+00
 2.26937916e+00 -1.34574753e+00
 2.12544089e+00 -1.22838945e+00
 1.94499775e+00 -1.12591219e+00
 1.87741426e+00 -1.03577357e+00
 1.82956185e+00 -9.55941787e-01
 1.68621797e+00 -8.84785514e-01
 1.55783738e+00 -8.20986291e-01
 1.64294196e+00 -7.63470529e-01
 1.56404427e+00 -7.11357268e-01
 1.38568178e+00 -6.63918079e-01
 1.38123553e+00 -6.20546199e-01
 1.35959746e+00 -5.80732629e-01
 1.34025909e+00 -5.44047521e-01
 1.31668599e+00 -5.10125557e-01
 1.24191648e+00 -4.78654409e-01
 1.19848930e+00 -4.49365539e-01
 1.11418205e+00 -4.22026829e-01
 1.15590854e+00 -3.96436631e-01
 1.12691291e+00 -3.72418930e-01
 1.19015242e+00 -3.49819390e-01
 1.12565799e+00 -3.28502101e-01
 1.08829983e+00 -3.08346892e-01
 1.11063205e+00 -2.89247087e-01
 1.09817760e+00 -2.71107637e-01
 1.04758984e+00 -2.53843544e-01
 1.02106816e+00 -2.37378535e-01
 9.91825065e-01 -2.21643933e-01
 1.03943290e+00 -2.06577697e-01
 9.64372345e-01 -1.92123602e-01
 1.02844122e+00 -1.78230529e-01
 1.07232186e+00 -1.64851861e-01
 9.63192727e-01 -1.51944951e-01
 1.06083597e+00 -1.39470669e-01
 1.08959562e+00 -1.27392995e-01
 9.54471935e-01 -1.15678675e-01
 1.00518659e+00 -1.04296910e-01
 1.00011395e+00 -9.32190861e-02
 9.69555694e-01 -8.24185328e-02
 9.05413716e-01 -7.18703107e-02
 9.74276880e-01 -6.15510200e-02
 1.04541337e+00 -5.14386307e-02
 1.04502809e+00 -4.15123282e-02
 9.90130325e-01 -3.17523753e-02
 1.00865943e+00 -2.21399858e-02
 1.02274383e+00 -1.26572099e-02
 8.65079157e-01 -3.28682856e-03
 9.53996749e-01 5.98774340e-03
 9.76867777e-01 1.51825480e-02
 1.01713823e+00 2.43131681e-02
 1.04269904e+00 3.33948072e-02
 9.35503970e-01 4.24423646e-02
 1.04807002e+00 5.14705075e-02
 1.03967198e+00 6.04937406e-02
 1.09179841e+00 6.95264738e-02
 1.03101323e+00 7.85830883e-02
 1.00278139e+00 8.76780031e-02
 1.05445122e+00 9.68257400e-02
 1.07484569e+00 1.06040991e-01
 1.10544992e+00 1.15338686e-01
 1.08537493e+00 1.24734061e-01
 1.08791029e+00 1.34242734e-01
 1.01196407e+00 1.43880775e-01
 1.05661950e+00 1.53664792e-01
 1.11108152e+00 1.63612009e-01
 1.19937810e+00 1.73740361e-01
 1.16593333e+00 1.84068589e-01
 1.21582762e+00 1.94616344e-01
 1.10590865e+00 2.05404301e-01
 1.17692727e+00 2.16454283e-01
 1.10389347e+00 2.27789397e-01
 1.19893922e+00 2.39434181e-01
 1.35880715e+00 2.51414773e-01
 1.27098596e+00 2.63759090e-01
 1.32826701e+00 2.76497035e-01
 1.25191002e+00 2.89660719e-01
 1.34172224e+00 3.03284719e-01
 1.42575969e+00 3.17406361e-01
 1.31371806e+00 3.32066042e-01
 1.45242836e+00 3.47307587e-01
 1.43410829e+00 3.63178665e-01
 1.53301271e+00 3.79731248e-01
 1.58031153e+00 3.97022140e-01
 1.60940117e+00 4.15113576e-01
 1.53637885e+00 4.34073914e-01
 1.62229316e+00 4.53978412e-01
 1.61789355e+00 4.74910134e-01
 1.70130295e+00 4.96960982e-01
 1.74523283e+00 5.20232884e-01
 1.75751289e+00 5.44839159e-01
 1.88011788e+00 5.70906094e-01
 1.94171691e+00 5.98574747e-01
 2.03208923e+00 6.28003022e-01
 2.06747591e+00 6.59368039e-01
 2.08919374e+00 6.92868816e-01
 2.32490236e+00 7.28729278e-01
 2.37164362e+00 7.67201563e-01
 2.40728003e+00 8.08569534e-01
 2.47315472e+00 8.53152288e-01
 2.76845255e+00 9.01307246e-01
 2.87092537e+00 9.53432008e-01
 3.08474397e+00 1.00996344e+00
 3.24668775e+00 1.07137117e+00
 3.43987676e+00 1.13814016e+00
 3.70797505e+00 1.21073242e+00
 3.88591536e+00 1.28950861e+00
 4.25114405e+00 1.37457194e+00
 4.69780840e+00 1.46545810e+00
 5.19552014e+00 1.56051111e+00
 5.85766268e+00 1.65559393e+00
 6.54726957e+00 1.74132126e+00
 7.67946724e+00 1.79681542e+00
 8.90638664e+00 1.77469563e+00
 1.06766638e+01 1.56211271e+00
 1.32739144e+01 8.70476702e-01
 1.71542993e+01 -1.09973189e+00
 2.20144392e+01 -6.59923825e+00
 2.29295304e+01 -1.94209888e+01
 9.10812181e+00 -3.00430599e+01
 -4.28374888e+00 -2.44472789e+01
 -7.83145968e+00 -1.67781107e+01
 -7.81451844e+00 -1.19312329e+01
 -7.15639103e+00 -9.01056185e+00
 -6.31449774e+00 -7.15487659e+00
 -5.72006509e+00 -5.90316717e+00
 -5.15719075e+00 -5.01450425e+00
 -4.68851615e+00 -4.35676117e+00
 -4.16615356e+00 -3.85324520e+00
 -3.98564228e+00 -3.45704900e+00
 -3.56105941e+00 -3.13814643e+00
 -3.28087661e+00 -2.87655181e+00
 -3.10252431e+00 -2.65850955e+00
 -2.88333563e+00 -2.47427506e+00
 -2.69226231e+00 -2.31677036e+00
 -2.45430338e+00 -2.18074104e+00
 -2.47637238e+00 -2.06221085e+00
 -2.38671425e+00 -1.95811936e+00
 -2.16507049e+00 -1.86607522e+00
 -2.08461731e+00 -1.78418450e+00
 -1.95413021e+00 -1.71092891e+00
 -1.88581988e+00 -1.64507790e+00
 -1.80728981e+00 -1.58562416e+00
 -1.76583527e+00 -1.53173564e+00
 -1.71358347e+00 -1.48271936e+00
 -1.58106876e+00 -1.43799376e+00
 -1.60004769e+00 -1.39706743e+00
 -1.53138665e+00 -1.35952243e+00
 -1.52767580e+00 -1.32500121e+00
 -1.51619799e+00 -1.29319624e+00
 -1.30771513e+00 -1.26384165e+00
 -1.37299434e+00 -1.23670653e+00
 -1.29335456e+00 -1.21158945e+00
 -1.27415910e+00 -1.18831403e+00
 -1.25555642e+00 -1.16672521e+00
 -1.26628475e+00 -1.14668626e+00
 -1.10943825e+00 -1.12807620e+00
 -1.15643476e+00 -1.11078768e+00
 -1.20066115e+00 -1.09472524e+00
 -1.09443861e+00 -1.07980375e+00
 -1.12683564e+00 -1.06594716e+00
 -1.01664195e+00 -1.05308740e+00
 -1.08653454e+00 -1.04116347e+00
 -1.05330085e+00 -1.03012059e+00
 -9.83114651e-01 -1.01990959e+00
 -9.93898386e-01 -1.01048624e+00
 -9.90356834e-01 -1.00181079e+00
 -9.34579888e-01 -9.93847506e-01
 -1.00824342e+00 -9.86564290e-01
 -9.36067727e-01 -9.79932338e-01
 -9.07725104e-01 -9.73925854e-01
 -8.99758059e-01 -9.68521794e-01
 -8.77714709e-01 -9.63699647e-01
 -8.93386953e-01 -9.59441239e-01
 -7.49929030e-01 -9.55730572e-01
 -7.72107292e-01 -9.52553674e-01
 -8.66517658e-01 -9.49898480e-01
 -8.44994046e-01 -9.47754724e-01
 -8.77776361e-01 -9.46113850e-01
 -7.50774585e-01 -9.44968938e-01
 -8.13139284e-01 -9.44314645e-01
 -8.04386216e-01 -9.44147152e-01
 -7.95568979e-01 -9.44464138e-01
 -7.19988301e-01 -9.45264747e-01
 -7.51452101e-01 -9.46549582e-01
 -7.67378425e-01 -9.48320699e-01
 -7.13772639e-01 -9.50581622e-01
 -6.81933111e-01 -9.53337358e-01
 -7.53470956e-01 -9.56594432e-01
 -7.52082363e-01 -9.60360930e-01
 -7.87518594e-01 -9.64646556e-01
 -6.90556620e-01 -9.69462699e-01
 -7.38431118e-01 -9.74822517e-01
 -6.85977247e-01 -9.80741035e-01
 -7.19216831e-01 -9.87235264e-01
 -6.49126936e-01 -9.94324324e-01
 -7.34074482e-01 -1.00202961e+00
 -6.56193831e-01 -1.01037496e+00
 -6.69792563e-01 -1.01938686e+00
 -7.89978545e-01 -1.02909467e+00
 -6.27699260e-01 -1.03953090e+00
 -6.51348067e-01 -1.05073150e+00
 -6.82077165e-01 -1.06273621e+00
 -6.60316192e-01 -1.07558895e+00
 -6.01433877e-01 -1.08933829e+00
 -7.29390825e-01 -1.10403794e+00
 -6.84647934e-01 -1.11974738e+00
 -6.81209823e-01 -1.13653251e+00
 -6.63727811e-01 -1.15446651e+00
 -7.30598807e-01 -1.17363069e+00
 -6.59989644e-01 -1.19411562e+00
 -6.33671394e-01 -1.21602237e+00
 -6.77732130e-01 -1.23946400e+00
 -6.52044752e-01 -1.26456724e+00
 -7.39876772e-01 -1.29147461e+00
 -7.48604996e-01 -1.32034681e+00
 -6.79912046e-01 -1.35136562e+00
 -6.41304582e-01 -1.38473740e+00
 -5.78260909e-01 -1.42069724e+00
 -6.97494538e-01 -1.45951408e+00
 -7.30501060e-01 -1.50149685e+00
 -7.15424489e-01 -1.54700213e+00
 -6.31996322e-01 -1.59644346e+00
 -7.40755817e-01 -1.65030312e+00
 -6.96255342e-01 -1.70914673e+00
 -8.20839603e-01 -1.77364181e+00
 -7.48825212e-01 -1.84458154e+00
 -7.01516643e-01 -1.92291527e+00
 -8.98137069e-01 -2.00978834e+00
 -8.75634937e-01 -2.10659452e+00
 -8.64598141e-01 -2.21504588e+00
 -9.39506541e-01 -2.33726713e+00
 -9.56787757e-01 -2.47592462e+00
 -1.00552346e+00 -2.63440519e+00
 -1.07756759e+00 -2.81706781e+00
 -1.26526532e+00 -3.02960211e+00
 -1.41778196e+00 -3.27954550e+00
 -1.47633288e+00 -3.57703319e+00
 -1.62292710e+00 -3.93587858e+00
 -1.90107280e+00 -4.37506584e+00
 -2.25122457e+00 -4.92051594e+00
 -2.95882407e+00 -5.60584814e+00
 -3.77149480e+00 -6.46567981e+00
 -5.37444830e+00 -7.49140461e+00
 -8.22000950e+00 -8.41148072e+00
 -1.31329094e+01 -7.77902022e+00
 -1.83291440e+01 -1.73729049e+00
 -1.59220323e+01 7.17198024e+00
 -9.52888357e+00 9.73234386e+00
 -5.45766120e+00 8.76147129e+00
 -3.39589710e+00 7.34568730e+00
 -2.28682132e+00 6.15899087e+00
 -1.69442058e+00 5.24030584e+00
 -1.30833704e+00 4.53103614e+00
 -1.11123246e+00 3.97497521e+00
 -9.31832704e-01 3.53072323e+00
 -8.44649386e-01 3.16926461e+00
 -6.99626854e-01 2.87028180e+00
 -7.17796108e-01 2.61934927e+00
 -6.33594664e-01 2.40603656e+00
 -5.56987195e-01 2.22265848e+00
 -5.84728124e-01 2.06344947e+00
 -5.16719485e-01 1.92401103e+00
 -4.76413281e-01 1.80093559e+00
 -5.96152606e-01 1.69154616e+00
 -5.27785993e-01 1.59371268e+00
 -5.90146435e-01 1.50572056e+00
 -4.24540490e-01 1.42617500e+00
 -4.72819774e-01 1.35393029e+00
 -4.48684873e-01 1.28803704e+00
 -4.70254342e-01 1.22770205e+00
 -4.33570961e-01 1.17225770e+00
 -4.83712192e-01 1.12113813e+00
 -4.48201356e-01 1.07386066e+00
 -4.79076057e-01 1.03001112e+00
 -4.86655395e-01 9.89232146e-01
 -4.27616780e-01 9.51213782e-01
 -5.30095004e-01 9.15685910e-01
 -5.19413943e-01 8.82412050e-01
 -5.65080564e-01 8.51184290e-01
 -5.64117030e-01 8.21819103e-01
 -4.81297585e-01 7.94153871e-01
 -5.07696599e-01 7.68043990e-01
 -4.85517173e-01 7.43360439e-01
 -5.04792325e-01 7.19987726e-01
 -4.75678360e-01 6.97822155e-01
 -5.27237308e-01 6.76770350e-01
 -5.81797852e-01 6.56747992e-01
 -5.30475166e-01 6.37678737e-01
 -4.97721600e-01 6.19493283e-01
 -5.99173207e-01 6.02128569e-01
 -5.76880197e-01 5.85527069e-01
 -4.94017460e-01 5.69636195e-01
 -4.79079183e-01 5.54407756e-01
 -5.91783961e-01 5.39797501e-01
 -5.09435924e-01 5.25764706e-01
 -6.32985935e-01 5.12271819e-01
 -5.51264799e-01 4.99284139e-01
 -5.70971914e-01 4.86769538e-01
 -6.61903359e-01 4.74698210e-01
 -6.64249322e-01 4.63042447e-01
 -6.44225218e-01 4.51776443e-01
 -6.95884049e-01 4.40876115e-01
 -6.21125117e-01 4.30318946e-01
 -5.95802243e-01 4.20083839e-01
 -6.61482179e-01 4.10150989e-01
 -6.17972291e-01 4.00501765e-01
 -6.44844754e-01 3.91118607e-01
 -6.59211130e-01 3.81984929e-01
 -6.09735710e-01 3.73085028e-01
 -7.35558988e-01 3.64404011e-01
 -6.02255958e-01 3.55927714e-01
 -6.44939420e-01 3.47642641e-01
 -6.64947465e-01 3.39535900e-01
 -6.92326692e-01 3.31595148e-01
 -7.74269419e-01 3.23808534e-01
 -8.05896154e-01 3.16164654e-01
 -7.32728685e-01 3.08652507e-01
 -7.66751286e-01 3.01261447e-01
 -7.52860970e-01 2.93981151e-01
 -7.63482636e-01 2.86801578e-01
 -7.90200002e-01 2.79712934e-01
 -7.18196247e-01 2.72705645e-01
 -8.56358990e-01 2.65770322e-01
 -9.12001495e-01 2.58897738e-01
 -8.28024421e-01 2.52078799e-01
 -9.30100244e-01 2.45304528e-01
 -8.72076906e-01 2.38566035e-01
 -9.65223765e-01 2.31854512e-01
 -9.20149673e-01 2.25161209e-01
 -9.63713519e-01 2.18477433e-01
 -1.08383498e+00 2.11794538e-01
 -9.57238922e-01 2.05103930e-01
 -1.07539019e+00 1.98397079e-01
 -1.09755488e+00 1.91665534e-01
 -1.06061824e+00 1.84900961e-01
 -1.17287068e+00 1.78095184e-01
 -1.23300017e+00 1.71240264e-01
 -1.10486956e+00 1.64328585e-01
 -1.17812479e+00 1.57352989e-01
 -1.20909127e+00 1.50306950e-01
 -1.32117831e+00 1.43184803e-01
 -1.29801455e+00 1.35982057e-01
 -1.40351762e+00 1.28695800e-01
 -1.40457787e+00 1.21325244e-01
 -1.47392750e+00 1.13872443e-01
 -1.48984070e+00 1.06343250e-01
 -1.56164162e+00 9.87485959e-02
 -1.64179950e+00 9.11062010e-02
 -1.72102537e+00 8.34428893e-02
 -1.78458171e+00 7.57977256e-02
 -1.82817715e+00 6.82263085e-02
 -1.87722483e+00 6.08066923e-02
 -2.02167093e+00 5.36476323e-02
 -2.21811689e+00 4.69001906e-02
 -2.32272484e+00 4.07742630e-02
 -2.39612561e+00 3.55624270e-02
 -2.45725127e+00 3.16748628e-02
 -2.75651465e+00 2.96913280e-02
 -2.85284755e+00 3.04399421e-02
 -3.08961336e+00 3.51190721e-02
 -3.41880894e+00 4.54902769e-02
 -3.59281636e+00 6.41917465e-02
 -3.98305459e+00 9.52626147e-02
 -4.40539122e+00 1.45049692e-01
 -4.79567357e+00 2.23836146e-01
 -5.44200095e+00 3.48896298e-01
 -6.13463410e+00 5.50514025e-01
 -7.13543871e+00 8.84510201e-01
 -8.29270772e+00 1.45989016e+00
 -9.91878228e+00 2.50313818e+00
 -1.19115260e+01 4.50901511e+00
 -1.40713305e+01 8.52376903e+00
 -1.36475750e+01 1.58532707e+01
 -5.89064175e+00 2.30121352e+01
 4.57782376e+00 2.09434881e+01
 8.60631267e+00 1.45934008e+01
 8.97651104e+00 9.94338808e+00
 8.13195024e+00 7.13327994e+00
 7.17055351e+00 5.41296398e+00
 6.39099618e+00 4.30412364e+00
 5.64927876e+00 3.55111148e+00
 5.13369915e+00 3.01610483e+00
 4.63579189e+00 2.62139877e+00
 4.18662478e+00 2.32096979e+00
 3.91981754e+00 2.08628266e+00
 3.68684381e+00 1.89891404e+00
 3.37146312e+00 1.74654151e+00
 3.23046426e+00 1.62066597e+00
 3.08518794e+00 1.51526593e+00
 2.81114496e+00 1.42597375e+00
 2.81115644e+00 1.34955503e+00
 2.54557009e+00 1.28357017e+00
 2.35749471e+00 1.22614869e+00
 2.41583238e+00 1.17583531e+00
 2.27884558e+00 1.13148275e+00
 2.18110413e+00 1.09217573e+00
 2.03488242e+00 1.05717613e+00
 2.03309359e+00 1.02588281e+00
 2.05197776e+00 9.97801798e-01
 1.88340475e+00 9.72523861e-01
 1.89681329e+00 9.49707386e-01
 1.78761799e+00 9.29065251e-01
 1.71941209e+00 9.10354596e-01
 1.70916456e+00 8.93368799e-01
 1.64253348e+00 8.77931127e-01
 1.54879381e+00 8.63889665e-01
 1.58376174e+00 8.51113242e-01
 1.49716508e+00 8.39488130e-01
 1.46869874e+00 8.28915354e-01
 1.45390199e+00 8.19308489e-01
 1.42886531e+00 8.10591832e-01
 1.34215509e+00 8.02698903e-01
 1.39327359e+00 7.95571177e-01
 1.30306720e+00 7.89157039e-01
 1.47672588e+00 7.83410892e-01
 1.27482181e+00 7.78292409e-01
 1.31216755e+00 7.73765903e-01
 1.26844474e+00 7.69799784e-01
 1.25731271e+00 7.66366098e-01
 1.21390638e+00 7.63440138e-01
 1.22856019e+00 7.61000103e-01
 1.18210215e+00 7.59026808e-01
 1.27287533e+00 7.57503440e-01
 1.14325235e+00 7.56415337e-01
 1.20128755e+00 7.55749811e-01
 1.12988963e+00 7.55495987e-01
 1.22088852e+00 7.55644666e-01
 1.12656062e+00 7.56188213e-01
 1.20684655e+00 7.57120457e-01
 1.11488770e+00 7.58436608e-01
 1.15212687e+00 7.60133193e-01
 1.15762645e+00 7.62207994e-01
 1.10303024e+00 7.64660008e-01
 1.12795401e+00 7.67489410e-01
 1.07090699e+00 7.70697535e-01
 1.11210054e+00 7.74286857e-01
 1.06973973e+00 7.78260986e-01
 1.03010383e+00 7.82624675e-01
 1.15138876e+00 7.87383826e-01
 1.09716197e+00 7.92545514e-01
 1.11082661e+00 7.98118016e-01
 1.01898055e+00 8.04110849e-01
 1.09788433e+00 8.10534816e-01
 1.05204414e+00 8.17402067e-01
 1.02871996e+00 8.24726163e-01
 1.13282861e+00 8.32522157e-01
 1.06026284e+00 8.40806684e-01
 1.10275912e+00 8.49598068e-01
 1.14446658e+00 8.58916436e-01
 1.10088894e+00 8.68783860e-01
 1.03864255e+00 8.79224506e-01
 1.12933841e+00 8.90264806e-01
 1.15679180e+00 9.01933659e-01
 1.12262962e+00 9.14262651e-01
 1.09663319e+00 9.27286302e-01
 1.14729580e+00 9.41042358e-01
 1.17411774e+00 9.55572105e-01
 1.18929977e+00 9.70920740e-01
 1.15143912e+00 9.87137784e-01
 1.19516632e+00 1.00427756e+00
 1.13113587e+00 1.02239971e+00
 1.10687711e+00 1.04156986e+00
 1.21312205e+00 1.06186027e+00
 1.15063788e+00 1.08335071e+00
 1.21601652e+00 1.10612933e+00
 1.22313931e+00 1.13029381e+00
 1.24432554e+00 1.15595259e+00
 1.28977577e+00 1.18322633e+00
 1.24613707e+00 1.21224964e+00
 1.29620472e+00 1.24317310e+00
 1.41717200e+00 1.27616559e+00
 1.34548765e+00 1.31141714e+00
 1.42911704e+00 1.34914220e+00
 1.41154492e+00 1.38958363e+00
 1.40134254e+00 1.43301745e+00
 1.58812957e+00 1.47975853e+00
 1.51328799e+00 1.53016749e+00
 1.57024497e+00 1.58465913e+00
 1.60351773e+00 1.64371264e+00
 1.64260966e+00 1.70788418e+00
 1.70533805e+00 1.77782243e+00
 1.89824653e+00 1.85428780e+00
 1.83733091e+00 1.93817635e+00
 2.06203372e+00 2.03054958e+00
 2.06753978e+00 2.13267169e+00
 2.17021636e+00 2.24605581e+00
 2.42055208e+00 2.37252110e+00
 2.48815043e+00 2.51426164e+00
 2.67109200e+00 2.67392601e+00
 2.83265571e+00 2.85470002e+00
 3.22051572e+00 3.06036899e+00
 3.52351217e+00 3.29529524e+00
 3.87932496e+00 3.56414265e+00
 4.48801538e+00 3.87091096e+00
 5.26549658e+00 4.21610922e+00
 6.11402131e+00 4.58880925e+00
 7.48750669e+00 4.94403549e+00
 9.49709773e+00 5.13635013e+00
 1.23593862e+01 4.72249951e+00
 1.65658668e+01 2.45385968e+00
 1.99870918e+01 -3.97301181e+00
 1.70429482e+01 -1.29449268e+01
 9.03735932e+00 -1.61008428e+01
 3.36371069e+00 -1.41871301e+01
 7.52498074e-01 -1.15225186e+01
 -3.09232672e-01 -9.37111191e+00
 -9.12521689e-01 -7.77641518e+00
 -1.03456823e+00 -6.59403845e+00
 -1.12325103e+00 -5.69910356e+00
 -9.95591935e-01 -5.00526043e+00
 -1.01291559e+00 -4.45499056e+00
 -1.02709391e+00 -4.00970965e+00
 -9.69696859e-01 -3.64301224e+00
 -8.55896770e-01 -3.33640442e+00
 -9.28782481e-01 -3.07663389e+00
 -7.75309977e-01 -2.85399912e+00
 -7.64728863e-01 -2.66125793e+00
 -7.84664315e-01 -2.49290745e+00
 -7.00408391e-01 -2.34469914e+00
 -6.39772536e-01 -2.21330521e+00
 -6.02900278e-01 -2.09608485e+00
 -4.08294588e-01 -1.99091753e+00
 -5.08099114e-01 -1.89608208e+00
 -4.40195165e-01 -1.81016773e+00
 -4.24434772e-01 -1.73200776e+00
 -3.97100551e-01 -1.66062928e+00
 -3.32961314e-01 -1.59521489e+00
 -3.77647992e-01 -1.53507306e+00
 -2.62925961e-01 -1.47961493e+00
 -4.05598776e-01 -1.42833608e+00
 -2.28768762e-01 -1.38080201e+00
 -2.42592267e-01 -1.33663655e+00
 -1.77726399e-01 -1.29551241e+00
 -1.81177723e-01 -1.25714358e+00
 -1.97429300e-01 -1.22127905e+00
 -1.63838161e-01 -1.18769767e+00
 -2.31274081e-01 -1.15620391e+00
 -2.13193963e-01 -1.12662422e+00
 -1.76803391e-01 -1.09880413e+00
 -1.95679882e-01 -1.07260569e+00
 -1.54793212e-01 -1.04790536e+00
 -1.46083664e-01 -1.02459222e+00
 -1.03855987e-02 -1.00256642e+00
 -9.00191997e-02 -9.81737856e-01
 -9.32268084e-02 -9.62025048e-01
 -1.74466509e-02 -9.43354161e-01
 -4.71288619e-03 -9.25658160e-01
 1.54648061e-02 -9.08876075e-01
 -5.51184089e-02 -8.92952362e-01
 -1.10243371e-03 -8.77836347e-01
 5.04682303e-02 -8.63481736e-01
 7.79656660e-02 -8.49846190e-01
 3.20068860e-02 -8.36890943e-01
 4.78451537e-02 -8.24580477e-01
 4.30758752e-02 -8.12882224e-01
 -6.06504598e-03 -8.01766311e-01
 4.21173876e-02 -7.91205329e-01
 8.48219980e-02 -7.81174133e-01
 6.59546886e-02 -7.71649661e-01
 1.55181952e-01 -7.62610775e-01
 1.95345835e-01 -7.54038124e-01
 2.10840800e-01 -7.45914016e-01
 2.20684328e-01 -7.38222312e-01
 1.59006993e-01 -7.30948330e-01
 2.15290263e-01 -7.24078759e-01
 1.60092627e-01 -7.17601591e-01
 1.40784268e-01 -7.11506053e-01
 2.57475658e-01 -7.05782564e-01
 1.37148712e-01 -7.00422682e-01
 2.91282875e-01 -6.95419078e-01
 3.76535893e-01 -6.90765507e-01
 2.57459215e-01 -6.86456789e-01
 2.19772557e-01 -6.82488806e-01
 2.22713102e-01 -6.78858498e-01
 2.41477221e-01 -6.75563873e-01
 3.19129935e-01 -6.72604024e-01
 3.65226953e-01 -6.69979158e-01
 3.60738163e-01 -6.67690634e-01
 4.02131997e-01 -6.65741015e-01
 3.97253871e-01 -6.64134124e-01
 3.94309494e-01 -6.62875128e-01
 3.81299027e-01 -6.61970626e-01
 4.31846677e-01 -6.61428759e-01
 4.34671224e-01 -6.61259341e-01
 4.90089088e-01 -6.61474017e-01
 5.23779381e-01 -6.62086439e-01
 5.33596838e-01 -6.63112481e-01
 5.30609565e-01 -6.64570493e-01
 5.24544414e-01 -6.66481595e-01
 6.02986626e-01 -6.68870023e-01
 5.93274233e-01 -6.71763544e-01
 5.63571554e-01 -6.75193938e-01
 5.94767108e-01 -6.79197579e-01
 6.81889704e-01 -6.83816122e-01
 7.50672954e-01 -6.89097325e-01
 7.18713186e-01 -6.95096037e-01
 7.12684053e-01 -7.01875392e-01
 7.40324620e-01 -7.09508252e-01
 6.77765991e-01 -7.18078973e-01
 8.78338233e-01 -7.27685568e-01
 8.28612930e-01 -7.38442377e-01
 8.37254209e-01 -7.50483383e-01
 9.70286799e-01 -7.63966369e-01
 1.04878595e+00 -7.79078158e-01
 1.07303767e+00 -7.96041278e-01
 1.11652157e+00 -8.15122519e-01
 1.17576112e+00 -8.36644026e-01
 1.22318899e+00 -8.60997821e-01
 1.31264233e+00 -8.88665036e-01
 1.40927018e+00 -9.20241702e-01
 1.42376816e+00 -9.56473775e-01
 1.61240873e+00 -9.98305422e-01
 1.73266208e+00 -1.04694661e+00
 1.84092184e+00 -1.10396939e+00
 1.92788184e+00 -1.17144769e+00
 2.07335580e+00 -1.25216451e+00
 2.27919923e+00 -1.34992632e+00
 2.46508852e+00 -1.47005230e+00
 2.79831026e+00 -1.62015770e+00
 2.83948746e+00 -1.81144786e+00
 3.27686567e+00 -2.06093000e+00
 3.64067446e+00 -2.39533365e+00
 4.10276875e+00 -2.85831764e+00
 4.66992367e+00 -3.52412148e+00
 5.26753385e+00 -4.52352422e+00
 5.85230622e+00 -6.08873331e+00
 6.01553003e+00 -8.59040399e+00
 4.75524826e+00 -1.22738697e+01
 2.12443548e-01 -1.55995994e+01
 -6.29946855e+00 -1.43547944e+01
 -9.28813229e+00 -9.61998608e+00
 -9.19152784e+00 -5.78984071e+00
 -8.13125179e+00 -3.55976808e+00
 -7.00711162e+00 -2.31616481e+00
 -6.11241956e+00 -1.59842786e+00
 -5.35783902e+00 -1.16372021e+00
 -4.69774415e+00 -8.88296534e-01
 -4.22174132e+00 -7.06993698e-01
 -3.88196733e+00 -5.83849261e-01
 -3.59966706e+00 -4.98070199e-01
 -3.30152773e+00 -4.37115302e-01
 -3.09581458e+00 -3.93133371e-01
 -2.99214362e+00 -3.61046839e-01
 -2.71065152e+00 -3.37477450e-01
 -2.50139534e+00 -3.20121142e-01
 -2.43007527e+00 -3.07371950e-01
 -2.36000059e+00 -2.98088869e-01
 -2.21926846e+00 -2.91447424e-01
 -2.10792925e+00 -2.86842876e-01
 -2.07125475e+00 -2.83825727e-01
 -1.94617405e+00 -2.82057903e-01
 -1.93009173e+00 -2.81282460e-01
 -1.88948412e+00 -2.81302294e-01
 -1.90548923e+00 -2.81964967e-01
 -1.77005576e+00 -2.83151743e-01
 -1.75185323e+00 -2.84769570e-01
 -1.71245251e+00 -2.86745151e-01
 -1.66094865e+00 -2.89020512e-01
 -1.58505849e+00 -2.91549660e-01
 -1.51423267e+00 -2.94296041e-01
 -1.45993373e+00 -2.97230584e-01
 -1.45896224e+00 -3.00330198e-01
 -1.44148125e+00 -3.03576596e-01
 -1.42126579e+00 -3.06955375e-01
 -1.37981875e+00 -3.10455293e-01
 -1.31433849e+00 -3.14067696e-01
 -1.46555038e+00 -3.17786062e-01
 -1.26810992e+00 -3.21605636e-01
 -1.34272740e+00 -3.25523138e-01
 -1.31898891e+00 -3.29536530e-01
 -1.30274979e+00 -3.33644824e-01
 -1.29690219e+00 -3.37847935e-01
 -1.25363125e+00 -3.42146551e-01
 -1.26696068e+00 -3.46542040e-01
 -1.35524544e+00 -3.51036369e-01
 -1.18631282e+00 -3.55632039e-01
 -1.14096682e+00 -3.60332037e-01
 -1.21116750e+00 -3.65139796e-01
 -1.23685023e+00 -3.70059165e-01
 -1.21528768e+00 -3.75094389e-01
 -1.17798950e+00 -3.80250090e-01
 -1.14627033e+00 -3.85531264e-01
 -1.20690822e+00 -3.90943269e-01
 -1.17297996e+00 -3.96491831e-01
 -1.09855416e+00 -4.02183047e-01
 -1.10723004e+00 -4.08023393e-01
 -1.16772647e+00 -4.14019734e-01
 -1.17262465e+00 -4.20179344e-01
 -1.17361999e+00 -4.26509920e-01
 -1.11164986e+00 -4.33019606e-01
 -1.18378506e+00 -4.39717017e-01
 -1.19138820e+00 -4.46611271e-01
 -1.15607108e+00 -4.53712016e-01
 -1.11670100e+00 -4.61029472e-01
 -1.15168222e+00 -4.68574466e-01
 -1.19859021e+00 -4.76358480e-01
 -1.14184020e+00 -4.84393697e-01
 -1.17758121e+00 -4.92693059e-01
 -1.20364475e+00 -5.01270323e-01
 -1.22402657e+00 -5.10140128e-01
 -1.15258995e+00 -5.19318070e-01
 -1.25277422e+00 -5.28820779e-01
 -1.10737873e+00 -5.38666008e-01
 -1.22418989e+00 -5.48872733e-01
 -1.11510326e+00 -5.59461258e-01
 -1.22811307e+00 -5.70453338e-01
 -1.23708223e+00 -5.81872310e-01
 -1.23186257e+00 -5.93743241e-01
 -1.25253144e+00 -6.06093091e-01
 -1.32729017e+00 -6.18950898e-01
 -1.28884168e+00 -6.32347983e-01
 -1.33212578e+00 -6.46318175e-01
 -1.24657127e+00 -6.60898072e-01
 -1.39812942e+00 -6.76127322e-01
 -1.31538265e+00 -6.92048952e-01
 -1.33009056e+00 -7.08709728e-01
 -1.47095841e+00 -7.26160569e-01
 -1.34413402e+00 -7.44457011e-01
 -1.45955209e+00 -7.63659732e-01
 -1.46383645e+00 -7.83835156e-01
 -1.61351142e+00 -8.05056129e-01
 -1.50605472e+00 -8.27402703e-01
 -1.48221043e+00 -8.50963022e-01
 -1.55777924e+00 -8.75834343e-01
 -1.53486526e+00 -9.02124203e-01
 -1.67227477e+00 -9.29951766e-01
 -1.74422630e+00 -9.59449371e-01
 -1.80852565e+00 -9.90764314e-01
 -1.81332662e+00 -1.02406091e+00
 -1.84468056e+00 -1.05952285e+00
 -1.95897665e+00 -1.09735597e+00
 -2.00726450e+00 -1.13779135e+00
 -2.05388866e+00 -1.18108894e+00
 -2.07765349e+00 -1.22754163e+00
 -2.21388256e+00 -1.27747984e+00
 -2.30067100e+00 -1.33127650e+00
 -2.44415635e+00 -1.38935245e+00
 -2.58542654e+00 -1.45218164e+00
 -2.65259372e+00 -1.52029571e+00
 -2.77431664e+00 -1.59428643e+00
 -2.96213732e+00 -1.67480357e+00
 -3.13995453e+00 -1.76254336e+00
 -3.31382804e+00 -1.85821896e+00
 -3.53270843e+00 -1.96249607e+00
 -3.82671059e+00 -2.07586186e+00
 -4.18519549e+00 -2.19836456e+00
 -4.57542618e+00 -2.32909712e+00
 -5.21427566e+00 -2.46516128e+00
 -5.83776915e+00 -2.59954102e+00
 -6.58532941e+00 -2.71659576e+00
 -7.68189055e+00 -2.78212918e+00
 -9.01420757e+00 -2.72055657e+00
 -1.08563494e+01 -2.36050940e+00
 -1.33717450e+01 -1.30576682e+00
 -1.63772523e+01 1.32219352e+00
 -1.88730091e+01 6.93932766e+00
 -1.66875701e+01 1.50465372e+01
 -8.94488714e+00 1.94756918e+01
 -1.89524684e+00 1.78712800e+01
 1.52687622e+00 1.44521439e+01
 2.89752758e+00 1.15077891e+01
 3.34214549e+00 9.33255658e+00
 3.32462535e+00 7.75491078e+00
 3.29177346e+00 6.59134810e+00
 2.93241896e+00 5.71156723e+00
 2.87964285e+00 5.02958724e+00
 2.69399494e+00 4.48885911e+00
 2.56573618e+00 4.05153978e+00
 2.27358401e+00 3.69170796e+00
 2.18930273e+00 3.39117672e+00
 2.06472404e+00 3.13689056e+00
 1.98261321e+00 2.91927795e+00
 1.78362827e+00 2.73118575e+00
 1.66330793e+00 2.56717477e+00
 1.54525854e+00 2.42304381e+00
 1.58367752e+00 2.29550168e+00
 1.50893302e+00 2.18193684e+00
 1.34702723e+00 2.08025278e+00
 1.41000487e+00 1.98874861e+00
 1.28850082e+00 1.90603091e+00
 1.23749751e+00 1.83094809e+00
 1.17266637e+00 1.76254059e+00
 1.14953725e+00 1.70000291e+00
 1.10011293e+00 1.64265417e+00
 9.32458746e-01 1.58991516e+00
 1.02754795e+00 1.54129024e+00
 9.88283539e-01 1.49635296e+00
 8.98987853e-01 1.45473451e+00
 8.44938798e-01 1.41611444e+00
 9.50850528e-01 1.38021305e+00
 9.02370978e-01 1.34678525e+00
 7.86120659e-01 1.31561542e+00
 7.96646559e-01 1.28651319e+00
 7.64711004e-01 1.25930996e+00
 7.88659069e-01 1.23385588e+00
 6.70263935e-01 1.21001743e+00
 7.12390170e-01 1.18767533e+00
 6.30579039e-01 1.16672273e+00
 7.11095035e-01 1.14706370e+00
 6.23937948e-01 1.12861197e+00
 5.80732451e-01 1.11128976e+00
 5.44496140e-01 1.09502689e+00
 5.43960306e-01 1.07975990e+00
 4.46463843e-01 1.06543135e+00
 4.64611919e-01 1.05198920e+00
 5.72649968e-01 1.03938628e+00
 4.45408814e-01 1.02757978e+00
 5.27371797e-01 1.01653088e+00
 4.91444774e-01 1.00620436e+00
 3.73146219e-01 9.96568281e-01
 4.88190972e-01 9.87593726e-01
 4.73822166e-01 9.79254539e-01
 4.55023036e-01 9.71527120e-01
 3.35870383e-01 9.64390232e-01
 4.69440090e-01 9.57824838e-01
 4.07134610e-01 9.51813961e-01
 4.52288730e-01 9.46342557e-01
 3.43093822e-01 9.41397412e-01
 3.15181386e-01 9.36967045e-01
 3.77469589e-01 9.33041638e-01
 4.14083974e-01 9.29612972e-01
 3.62539724e-01 9.26674374e-01
 2.54585573e-01 9.24220679e-01
 3.12662427e-01 9.22248210e-01
 2.54393361e-01 9.20754753e-01
 2.65559465e-01 9.19739560e-01
 2.33215536e-01 9.19203356e-01
 2.89055377e-01 9.19148355e-01
 2.61030079e-01 9.19578291e-01
 2.71926752e-01 9.20498465e-01
 3.27642702e-01 9.21915795e-01
 2.07888761e-01 9.23838892e-01
 1.33808336e-01 9.26278143e-01
 2.50410288e-01 9.29245813e-01
 9.09033627e-02 9.32756166e-01
 1.92042297e-01 9.36825608e-01
 9.41010573e-02 9.41472850e-01
 1.76996805e-01 9.46719100e-01
 1.83385653e-01 9.52588284e-01
 1.43008101e-01 9.59107297e-01
 1.08417936e-01 9.66306305e-01
 1.01863009e-01 9.74219077e-01
 9.90649856e-02 9.82883381e-01
 2.29833420e-01 9.92341438e-01
 8.66791620e-02 1.00264045e+00
 1.39211151e-02 1.01383320e+00
 1.11746676e-01 1.02597879e+00
 1.56595897e-01 1.03914344e+00
 5.98791276e-02 1.05340150e+00
 9.88332657e-03 1.06883655e+00
 5.49910786e-02 1.08554281e+00
 -4.45143003e-03 1.10362671e+00
 -2.66284454e-02 1.12320881e+00
 -2.61754244e-02 1.14442609e+00
 6.45538873e-02 1.16743474e+00
 -1.92603698e-01 1.19241342e+00
 -1.80601823e-02 1.21956740e+00
 -4.73941994e-02 1.24913348e+00
 -7.91491342e-02 1.28138609e+00
 -5.36578171e-02 1.31664494e+00
 -1.87593654e-01 1.35528450e+00
 -2.13916013e-01 1.39774595e+00
 -2.38014555e-01 1.44455246e+00
 -1.35907536e-01 1.49632871e+00
 -3.00061024e-01 1.55382626e+00
 -1.90748782e-01 1.61795677e+00
 -2.69833883e-01 1.68983606e+00
 -3.95202615e-01 1.77084326e+00
 -4.20738622e-01 1.86270122e+00
 -3.76531158e-01 1.96758758e+00
 -3.96553723e-01 2.08829032e+00
 -4.76285900e-01 2.22842942e+00
 -5.22120522e-01 2.39277784e+00
 -5.84204639e-01 2.58773479e+00
 -5.66295777e-01 2.82203442e+00
 -6.11868552e-01 3.10782173e+00
 -6.54515776e-01 3.46229258e+00
 -6.86415133e-01 3.91015116e+00
 -6.21228022e-01 4.48700685e+00
 -4.38399595e-01 5.24269296e+00
 -6.22996698e-02 6.23774388e+00
 7.48145989e-01 7.50135826e+00
 2.67224577e+00 8.83206075e+00
 5.92164902e+00 9.23238058e+00
 9.55561580e+00 6.96052996e+00
 1.05535687e+01 2.87523533e+00
 9.18207230e+00 -5.72828988e-02
 7.32309444e+00 -1.38009658e+00
 5.90891235e+00 -1.83303740e+00
 4.89471584e+00 -1.91673418e+00
 4.12886528e+00 -1.85587262e+00
 3.50672102e+00 -1.74348910e+00
 3.20270163e+00 -1.61777669e+00
 2.73163634e+00 -1.49423725e+00
 2.46450574e+00 -1.37879014e+00
 2.25613587e+00 -1.27324343e+00
 2.15677451e+00 -1.17765189e+00
 2.04702402e+00 -1.09136033e+00
 1.95527634e+00 -1.01347146e+00
 1.72978847e+00 -9.43053918e-01
 1.66740495e+00 -8.79230566e-01
 1.61507163e+00 -8.21211063e-01
 1.60734764e+00 -7.68298855e-01
 1.39141362e+00 -7.19886868e-01
 1.46671104e+00 -6.75448765e-01
 1.40080831e+00 -6.34529025e-01
 1.38358754e+00 -5.96733301e-01
 1.28550092e+00 -5.61719675e-01
 1.31302992e+00 -5.29191001e-01
 1.31110653e+00 -4.98888317e-01
 1.18318483e+00 -4.70585246e-01
 1.25334791e+00 -4.44083256e-01
 1.17189631e+00 -4.19207663e-01
 1.12140908e+00 -3.95804260e-01
 1.13995719e+00 -3.73736465e-01
 1.09020169e+00 -3.52882923e-01
 1.01098274e+00 -3.33135457e-01
 1.07477321e+00 -3.14397346e-01
 1.05539215e+00 -2.96581839e-01
 1.01196973e+00 -2.79610903e-01
 1.02200996e+00 -2.63414136e-01
 1.11338021e+00 -2.47927842e-01
 1.09095171e+00 -2.33094229e-01
 9.26697092e-01 -2.18860714e-01
 1.02649592e+00 -2.05179324e-01
 9.89232889e-01 -1.92006171e-01
 1.07853383e+00 -1.79300996e-01
 9.76878127e-01 -1.67026770e-01
 9.85228378e-01 -1.55149339e-01
 8.97281903e-01 -1.43637117e-01
 9.07984120e-01 -1.32460813e-01
 9.45164664e-01 -1.21593184e-01
 9.88968060e-01 -1.11008825e-01
 9.10076317e-01 -1.00683973e-01
 9.61290194e-01 -9.05963342e-02
 9.74095385e-01 -8.07249311e-02
 9.89745763e-01 -7.10499624e-02
 9.94262134e-01 -6.15526765e-02
 9.68603713e-01 -5.22152573e-02
 1.04054285e+00 -4.30207191e-02
 1.01283662e+00 -3.39528112e-02
 1.08307742e+00 -2.49959298e-02
 9.34008161e-01 -1.61350359e-02
 1.02981205e+00 -7.35557996e-03
 9.00628581e-01 1.35656965e-03
 1.03052398e+00 1.00151933e-02
 9.94949558e-01 1.86337837e-02
 1.06482138e+00 2.72256066e-02
 1.02873384e+00 3.58037586e-02
 1.06440997e+00 4.43812245e-02
 1.02285500e+00 5.29709319e-02
 9.36134139e-01 6.15858058e-02
 1.04684380e+00 7.02388226e-02
 1.02384727e+00 7.89430643e-02
 1.10618797e+00 8.77117731e-02
 1.10527274e+00 9.65584069e-02
 1.11659420e+00 1.05496696e-01
 1.18032408e+00 1.14540703e-01
 1.10781234e+00 1.23704882e-01
 1.07640982e+00 1.33004143e-01
 1.04897517e+00 1.42453920e-01
 1.10385148e+00 1.52070240e-01
 1.09946461e+00 1.61869802e-01
 1.15899746e+00 1.71870052e-01
 1.22910602e+00 1.82089270e-01
 1.12720971e+00 1.92546667e-01
 1.35004779e+00 2.03262477e-01
 1.29046264e+00 2.14258067e-01
 1.26000463e+00 2.25556051e-01
 1.35388423e+00 2.37180417e-01
 1.36243266e+00 2.49156655e-01
 1.36578856e+00 2.61511905e-01
 1.34332542e+00 2.74275115e-01
 1.41354998e+00 2.87477202e-01
 1.39899910e+00 3.01151235e-01
 1.61919701e+00 3.15332622e-01
 1.47760354e+00 3.30059311e-01
 1.51458181e+00 3.45371996e-01
 1.62599578e+00 3.61314329e-01
 1.66649328e+00 3.77933124e-01
 1.63780673e+00 3.95278560e-01
 1.69399452e+00 4.13404349e-01
 1.73320302e+00 4.32367856e-01
 1.81662074e+00 4.52230146e-01
 1.82542788e+00 4.73055897e-01
 1.93412636e+00 4.94913126e-01
 2.09455173e+00 5.17872608e-01
 2.09512542e+00 5.42006854e-01
 2.12047090e+00 5.67388412e-01
 2.28760732e+00 5.94087162e-01
 2.32359113e+00 6.22166090e-01
 2.44299157e+00 6.51674784e-01
 2.55557879e+00 6.82639446e-01
 2.75365275e+00 7.15047579e-01
 2.81475197e+00 7.48824406e-01
 3.04850675e+00 7.83796327e-01
 3.19364360e+00 8.19633679e-01
 3.45626135e+00 8.55759960e-01
 3.70284246e+00 8.91205567e-01
 3.96878885e+00 9.24367716e-01
 4.33088316e+00 9.52607741e-01
 4.61143437e+00 9.71558529e-01
 5.09955659e+00 9.73899220e-01
 5.78683398e+00 9.47117141e-01
 6.49263007e+00 8.69274291e-01
 7.40526990e+00 7.00699031e-01
 8.51342624e+00 3.67105537e-01
 9.89824191e+00 -2.75451248e-01
 1.16963334e+01 -1.51154232e+00
 1.36599073e+01 -3.88360607e+00
 1.52218543e+01 -8.19412674e+00
 1.38076974e+01 -1.44301157e+01
 7.86106127e+00 -1.91129885e+01
 7.32388845e-01 -1.86115094e+01
 -3.27156272e+00 -1.52388291e+01
 -4.95209483e+00 -1.19209085e+01
 -5.35624374e+00 -9.41789637e+00
 -5.12427581e+00 -7.62916927e+00
 -4.85797388e+00 -6.34309288e+00
 -4.52463808e+00 -5.39687881e+00
 -4.14867888e+00 -4.68229889e+00
 -3.90796482e+00 -4.12912827e+00
 -3.57677669e+00 -3.69132181e+00
 -3.30123079e+00 -3.33803379e+00
 -3.10209447e+00 -3.04809409e+00
 -2.99570148e+00 -2.80662205e+00
 -2.80440198e+00 -2.60292127e+00
 -2.72504884e+00 -2.42914353e+00
 -2.42367608e+00 -2.27942199e+00
 -2.34169012e+00 -2.14929629e+00
 -2.18471580e+00 -2.03532315e+00
 -2.28667321e+00 -1.93480738e+00
 -2.13212431e+00 -1.84561268e+00
 -2.07308402e+00 -1.76602629e+00
 -1.83789447e+00 -1.69466058e+00
 -1.82615673e+00 -1.63038061e+00
 -1.79206191e+00 -1.57224993e+00
 -1.72611536e+00 -1.51948961e+00
 -1.67831517e+00 -1.47144699e+00
 -1.51663974e+00 -1.42757141e+00
 -1.51964431e+00 -1.38739535e+00
 -1.54655439e+00 -1.35051953e+00
 -1.38996863e+00 -1.31660113e+00
 -1.48323742e+00 -1.28534430e+00
 -1.37851609e+00 -1.25649251e+00
 -1.35949546e+00 -1.22982242e+00
 -1.37102067e+00 -1.20513875e+00
 -1.30453502e+00 -1.18227013e+00
 -1.23999788e+00 -1.16106567e+00
 -1.17190679e+00 -1.14139209e+00
 -1.16266114e+00 -1.12313129e+00
 -1.16019583e+00 -1.10617838e+00
 -1.19736280e+00 -1.09043997e+00
 -1.16938884e+00 -1.07583271e+00
 -1.07294381e+00 -1.06228208e+00
 -1.07303759e+00 -1.04972136e+00
 -1.03503204e+00 -1.03809072e+00
 -1.02621155e+00 -1.02733643e+00
 -1.06284982e+00 -1.01741024e+00
 -8.83069212e-01 -1.00826879e+00
 -1.01352725e+00 -9.99873078e-01
 -8.90749618e-01 -9.92188093e-01
 -8.95304256e-01 -9.85182394e-01
 -9.07259841e-01 -9.78827799e-01
 -9.25331670e-01 -9.73099105e-01
 -8.49537011e-01 -9.67973834e-01
 -8.95114027e-01 -9.63432024e-01
 -9.52173670e-01 -9.59456041e-01
 -8.12436822e-01 -9.56030413e-01
 -9.36887149e-01 -9.53141699e-01
 -7.93772293e-01 -9.50778362e-01
 -8.77172017e-01 -9.48930668e-01
 -8.44766346e-01 -9.47590606e-01
 -7.54047549e-01 -9.46751810e-01
 -7.81875549e-01 -9.46409508e-01
 -8.18196533e-01 -9.46560475e-01
 -8.77409415e-01 -9.47203002e-01
 -7.39463955e-01 -9.48336875e-01
 -8.20202238e-01 -9.49963370e-01
 -7.58639233e-01 -9.52085251e-01
 -8.21354578e-01 -9.54706787e-01
 -8.58267445e-01 -9.57833776e-01
 -7.48018441e-01 -9.61473585e-01
 -7.12546912e-01 -9.65635193e-01
 -7.24834990e-01 -9.70329259e-01
 -7.44268476e-01 -9.75568194e-01
 -7.56595955e-01 -9.81366253e-01
 -6.52183984e-01 -9.87739641e-01
 -7.03265216e-01 -9.94706635e-01
 -6.67062155e-01 -1.00228773e+00
 -7.36873593e-01 -1.01050580e+00
 -7.92310194e-01 -1.01938629e+00
 -6.77168454e-01 -1.02895744e+00
 -7.12665968e-01 -1.03925050e+00
 -7.00112393e-01 -1.05030005e+00
 -7.82361214e-01 -1.06214430e+00
 -7.03153686e-01 -1.07482547e+00
 -6.93270899e-01 -1.08839019e+00
 -7.22455078e-01 -1.10289000e+00
 -7.20031433e-01 -1.11838189e+00
 -6.68680857e-01 -1.13492894e+00
 -7.01037936e-01 -1.15260106e+00
 -7.38744511e-01 -1.17147583e+00
 -6.29552677e-01 -1.19163945e+00
 -7.60145296e-01 -1.21318793e+00
 -7.36125878e-01 -1.23622840e+00
 -7.39964468e-01 -1.26088064e+00
 -6.97533105e-01 -1.28727892e+00
 -8.54331101e-01 -1.31557419e+00
 -7.47414312e-01 -1.34593657e+00
 -7.54290668e-01 -1.37855844e+00
 -7.16035909e-01 -1.41365802e+00
 -7.78272111e-01 -1.45148375e+00
 -7.19461412e-01 -1.49231955e+00
 -8.83375403e-01 -1.53649117e+00
 -8.04893088e-01 -1.58437399e+00
 -8.08995422e-01 -1.63640256e+00
 -9.82562175e-01 -1.69308236e+00
 -9.10005880e-01 -1.75500444e+00
 -1.02753249e+00 -1.82286373e+00
 -8.63288090e-01 -1.89748195e+00
 -9.65688613e-01 -1.97983671e+00
 -9.44792696e-01 -2.07109843e+00
 -1.08841671e+00 -2.17267751e+00
 -1.11096414e+00 -2.28628470e+00
 -1.11296631e+00 -2.41400827e+00
 -1.31894149e+00 -2.55841214e+00
 -1.43285760e+00 -2.72265803e+00
 -1.53503714e+00 -2.91065155e+00
 -1.68389374e+00 -3.12719904e+00
 -1.82725880e+00 -3.37812793e+00
 -2.08904803e+00 -3.67022878e+00
 -2.47362002e+00 -4.01062276e+00
 -2.83712664e+00 -4.40446102e+00
 -3.52251845e+00 -4.84791483e+00
 -4.53808821e+00 -5.30795237e+00
 -5.95610459e+00 -5.66602796e+00
 -8.08115057e+00 -5.57673256e+00
 -1.08412696e+01 -4.24374368e+00
 -1.28322295e+01 -7.62921832e-01
 -1.22953079e+01 3.74224167e+00
 -9.27234711e+00 6.41826043e+00
 -6.35925374e+00 6.91797557e+00
 -4.33216091e+00 6.43856400e+00
 -2.95044985e+00 5.72643786e+00
 -2.24490318e+00 5.04385586e+00
 -1.74992340e+00 4.45524841e+00
 -1.48118243e+00 3.96279033e+00
 -1.22173754e+00 3.55280626e+00
 -9.95692806e-01 3.20992783e+00
 -8.62970555e-01 2.92084738e+00
 -7.66754088e-01 2.67488897e+00
 -6.71094096e-01 2.46370098e+00
 -5.92476555e-01 2.28078646e+00
 -6.25730178e-01 2.12107627e+00
 -5.64350507e-01 1.98058821e+00
 -5.08593091e-01 1.85616725e+00
 -5.48888058e-01 1.74529084e+00
 -4.68418581e-01 1.64592360e+00
 -5.15605910e-01 1.55640861e+00
 -5.31836784e-01 1.47538552e+00
 -4.34679277e-01 1.40172846e+00
 -5.34273636e-01 1.33449854e+00
 -6.01635568e-01 1.27290723e+00
 -5.58067197e-01 1.21628787e+00
 -4.14069307e-01 1.16407327e+00
 -4.50746730e-01 1.11577810e+00
 -5.43137517e-01 1.07098475e+00
 -5.71024248e-01 1.02933205e+00
 -4.99743899e-01 9.90506130e-01
 -4.14725103e-01 9.54232991e-01
 -4.43955465e-01 9.20272401e-01
 -5.11888842e-01 8.88412891e-01
 -4.84320378e-01 8.58467599e-01
 -5.12318414e-01 8.30270813e-01
 -4.70882330e-01 8.03675071e-01
 -5.53495580e-01 7.78548728e-01
 -4.98089172e-01 7.54773895e-01
 -4.49515156e-01 7.32244694e-01
 -5.34266779e-01 7.10865767e-01
 -4.69385178e-01 6.90551005e-01
 -5.34528315e-01 6.71222448e-01
 -4.38009535e-01 6.52809345e-01
 -5.08980593e-01 6.35247336e-01
 -5.18318940e-01 6.18477745e-01
 -5.57974592e-01 6.02446960e-01
 -5.16870410e-01 5.87105897e-01
 -5.16761402e-01 5.72409526e-01
 -5.19197836e-01 5.58316459e-01
 -4.95678515e-01 5.44788581e-01
 -5.94031124e-01 5.31790729e-01
 -5.37211418e-01 5.19290408e-01
 -5.85584333e-01 5.07257537e-01
 -5.88485235e-01 4.95664223e-01
 -5.63878317e-01 4.84484561e-01
 -6.39579717e-01 4.73694456e-01
 -5.33891125e-01 4.63271461e-01
 -5.27837352e-01 4.53194634e-01
 -5.56881135e-01 4.43444410e-01
 -6.54329251e-01 4.34002486e-01
 -6.43371098e-01 4.24851714e-01
 -6.17967657e-01 4.15976010e-01
 -6.90459518e-01 4.07360270e-01
 -7.01643668e-01 3.98990291e-01
 -7.03532292e-01 3.90852707e-01
 -6.73422179e-01 3.82934921e-01
 -5.88945367e-01 3.75225058e-01
 -6.57006435e-01 3.67711910e-01
 -7.42921029e-01 3.60384892e-01
 -6.85028131e-01 3.53234006e-01
 -6.74386627e-01 3.46249806e-01
 -6.42077554e-01 3.39423368e-01
 -7.15103681e-01 3.32746266e-01
 -8.50993022e-01 3.26210552e-01
 -6.79597774e-01 3.19808741e-01
 -7.58764331e-01 3.13533800e-01
 -7.98508431e-01 3.07379144e-01
 -8.68442823e-01 3.01338636e-01
 -8.12109282e-01 2.95406595e-01
 -7.35780720e-01 2.89577809e-01
 -9.03107002e-01 2.83847556e-01
 -9.54080747e-01 2.78211640e-01
 -9.80348988e-01 2.72666425e-01
 -9.72572104e-01 2.67208898e-01
 -9.94789237e-01 2.61836734e-01
 -9.95878106e-01 2.56548384e-01
 -8.82922327e-01 2.51343190e-01
 -1.02752880e+00 2.46221514e-01
 -1.01081060e+00 2.41184913e-01
 -1.10235745e+00 2.36236346e-01
 -1.01738953e+00 2.31380433e-01
 -1.18747900e+00 2.26623777e-01
 -1.23335128e+00 2.21975359e-01
 -1.18328011e+00 2.17447035e-01
 -1.26481775e+00 2.13054154e-01
 -1.36156981e+00 2.08816327e-01
 -1.40592239e+00 2.04758403e-01
 -1.37039712e+00 2.00911699e-01
 -1.49743455e+00 1.97315559e-01
 -1.53677072e+00 1.94019354e-01
 -1.51975446e+00 1.91085051e-01
 -1.64642262e+00 1.88590542e-01
 -1.72444907e+00 1.86633983e-01
 -1.72522035e+00 1.85339515e-01
 -1.88338955e+00 1.84864840e-01
 -1.90030183e+00 1.85411385e-01
 -1.97708596e+00 1.87238044e-01
 -2.14012593e+00 1.90679987e-01
 -2.28485850e+00 1.96174713e-01
 -2.36729869e+00 2.04298585e-01
 -2.45405710e+00 2.15818834e-01
 -2.68081017e+00 2.31768696e-01
 -2.69816278e+00 2.53557862e-01
 -3.02810016e+00 2.83137830e-01
 -3.23031063e+00 3.23254556e-01
 -3.47746934e+00 3.77843129e-01
 -3.81527941e+00 4.52659465e-01
 -4.11331241e+00 5.56318298e-01
 -4.50374513e+00 7.02047536e-01
 -5.04370039e+00 9.10741321e-01
 -5.62771844e+00 1.21642569e+00
 -6.39848271e+00 1.67626430e+00
 -7.24862417e+00 2.38893712e+00
 -8.28381354e+00 3.52661355e+00
 -9.28146829e+00 5.37705142e+00
 -9.84021130e+00 8.32048418e+00
 -8.82227137e+00 1.23797334e+01
 -4.74707998e+00 1.59123330e+01
 9.28834413e-01 1.61042993e+01
 4.80906533e+00 1.33558083e+01
 6.25265050e+00 1.01910125e+01
 6.51755559e+00 7.73175472e+00
 6.20169854e+00 6.00740347e+00
 5.71283537e+00 4.81116430e+00
 5.24857383e+00 3.96537457e+00
 4.83672715e+00 3.35107488e+00
 4.40544259e+00 2.89261738e+00
 4.04971199e+00 2.54180908e+00
 3.79417604e+00 2.26735030e+00
 3.61403404e+00 2.04840795e+00
 3.31707218e+00 1.87076191e+00
 3.15000090e+00 1.72446986e+00
 2.93581442e+00 1.60242403e+00
 2.77886702e+00 1.49943886e+00
 2.65699231e+00 1.41166078e+00
 2.54283168e+00 1.33617783e+00
 2.35992848e+00 1.27075599e+00
 2.24554333e+00 1.21365765e+00
 2.30957339e+00 1.16351431e+00
 2.12717520e+00 1.11923576e+00
 2.11604238e+00 1.07994446e+00
 1.96984911e+00 1.04492721e+00
 1.91528519e+00 1.01359935e+00
 1.79437393e+00 9.85477635e-01
 1.75694063e+00 9.60159727e-01
 1.76357866e+00 9.37308319e-01
 1.75331989e+00 9.16638837e-01
 1.69695520e+00 8.97909792e-01
 1.62588099e+00 8.80915144e-01
 1.51391629e+00 8.65478224e-01
 1.49661561e+00 8.51446847e-01
 1.46273557e+00 8.38689366e-01
 1.54202622e+00 8.27091460e-01
 1.44996499e+00 8.16553498e-01
 1.45995762e+00 8.06988379e-01
 1.44368783e+00 7.98319733e-01
 1.35051677e+00 7.90480432e-01
 1.34014437e+00 7.83411340e-01
 1.26523739e+00 7.77060268e-01
 1.25117422e+00 7.71381087e-01
 1.25402561e+00 7.66332984e-01
 1.30697608e+00 7.61879823e-01
 1.32237482e+00 7.57989609e-01
 1.22647582e+00 7.54634021e-01
 1.26642444e+00 7.51788018e-01
 1.17230849e+00 7.49429501e-01
 1.24808552e+00 7.47539018e-01
 1.26314092e+00 7.46099512e-01
 1.21356775e+00 7.45096111e-01
 1.18328359e+00 7.44515932e-01
 1.17110095e+00 7.44347929e-01
 1.10992819e+00 7.44582752e-01
 1.11162614e+00 7.45212631e-01
 1.11858017e+00 7.46231274e-01
 1.16670190e+00 7.47633785e-01
 1.07638833e+00 7.49416595e-01
 1.08997715e+00 7.51577400e-01
 1.10556347e+00 7.54115122e-01
 1.20187622e+00 7.57029869e-01
 1.10871585e+00 7.60322910e-01
 1.06930785e+00 7.63996663e-01
 1.13549885e+00 7.68054685e-01
 9.99168721e-01 7.72501674e-01
 1.06158616e+00 7.77343483e-01
 1.07878611e+00 7.82587136e-01
 1.03982219e+00 7.88240856e-01
 1.10871050e+00 7.94314103e-01
 1.06924595e+00 8.00817621e-01
 1.16044029e+00 8.07763489e-01
 1.12323626e+00 8.15165191e-01
 1.06456548e+00 8.23037692e-01
 1.07891493e+00 8.31397524e-01
 1.09558759e+00 8.40262889e-01
 1.04469442e+00 8.49653777e-01
 1.06245438e+00 8.59592091e-01
 1.11550503e+00 8.70101802e-01
 1.17762099e+00 8.81209110e-01
 1.07442531e+00 8.92942641e-01
 1.08799324e+00 9.05333653e-01
 1.18339121e+00 9.18416282e-01
 1.15919526e+00 9.32227813e-01
 1.17951843e+00 9.46808988e-01
 1.21304013e+00 9.62204352e-01
 1.17010769e+00 9.78462651e-01
 1.18462175e+00 9.95637277e-01
 1.21520230e+00 1.01378678e+00
 1.16914743e+00 1.03297544e+00
 1.11772986e+00 1.05327393e+00
 1.23958724e+00 1.07476009e+00
 1.31659112e+00 1.09751977e+00
 1.20294128e+00 1.12164783e+00
 1.34712227e+00 1.14724929e+00
 1.30568755e+00 1.17444067e+00
 1.43893080e+00 1.20335148e+00
 1.36130290e+00 1.23412602e+00
 1.40102839e+00 1.26692548e+00
 1.43477967e+00 1.30193026e+00
 1.55159061e+00 1.33934287e+00
 1.48637508e+00 1.37939115e+00
 1.49991033e+00 1.42233216e+00
 1.61230211e+00 1.46845664e+00
 1.69712305e+00 1.51809437e+00
 1.66014739e+00 1.57162026e+00
 1.80792256e+00 1.62946159e+00
 1.88603743e+00 1.69210627e+00
 1.91897724e+00 1.76011233e+00
 2.03712437e+00 1.83411840e+00
 2.07192072e+00 1.91485493e+00
 2.28274389e+00 2.00315519e+00
 2.26750491e+00 2.09996402e+00
 2.56896253e+00 2.20634045e+00
 2.64829413e+00 2.32344595e+00
 2.85113906e+00 2.45250279e+00
 3.12826804e+00 2.59469095e+00
 3.37126686e+00 2.75092083e+00
 3.62878677e+00 2.92135293e+00
 4.11856000e+00 3.10439424e+00
 4.74815944e+00 3.29458898e+00
 5.27352692e+00 3.47811213e+00
 6.20029295e+00 3.62294122e+00
 7.39907431e+00 3.65708779e+00
 9.07799571e+00 3.42095222e+00
 1.10855279e+01 2.57355752e+00
 1.34022812e+01 4.85019425e-01
 1.49021341e+01 -3.49084327e+00
 1.36713680e+01 -8.50821265e+00
 9.61782856e+00 -1.16665388e+01
 5.31405256e+00 -1.18975291e+01
 2.54712731e+00 -1.06520012e+01
 9.68541906e-01 -9.14888383e+00
 5.81673983e-02 -7.82060497e+00
 -4.51262207e-01 -6.74014415e+00
 -6.18057287e-01 -5.87784995e+00
 -8.04131919e-01 -5.18764601e+00
 -8.00010483e-01 -4.62926818e+00
 -7.24781897e-01 -4.17165855e+00
 -8.42077993e-01 -3.79171034e+00
 -7.99197391e-01 -3.47233956e+00
 -6.67985082e-01 -3.20084401e+00
 -6.15805688e-01 -2.96767962e+00
 -6.44287840e-01 -2.76558633e+00
 -6.29720221e-01 -2.58897064e+00
 -6.61309468e-01 -2.43346912e+00
 -4.80692307e-01 -2.29563720e+00
 -5.53551166e-01 -2.17272524e+00
 -5.29954639e-01 -2.06251537e+00
 -5.18139889e-01 -1.96320129e+00
 -5.05659583e-01 -1.87329867e+00
 -4.12902056e-01 -1.79157757e+00
 -3.65014467e-01 -1.71701098e+00
 -3.86863664e-01 -1.64873519e+00
 -3.43336028e-01 -1.58601897e+00
 -2.61643500e-01 -1.52823943e+00
 -3.30162530e-01 -1.47486288e+00
 -2.87201322e-01 -1.42542962e+00
 -2.78392822e-01 -1.37954168e+00
 -1.60870952e-01 -1.33685290e+00
 -2.81518029e-01 -1.29706087e+00
 -3.07432649e-01 -1.25990029e+00
 -2.51767200e-01 -1.22513757e+00
 -1.44839038e-01 -1.19256620e+00
 -2.08738859e-01 -1.16200308e+00
 -1.21126530e-01 -1.13328529e+00
 -2.16409305e-01 -1.10626743e+00
 -2.38376556e-01 -1.08081941e+00
 -5.16191425e-02 -1.05682446e+00
 -9.51403525e-02 -1.03417759e+00
 -8.04992562e-02 -1.01278410e+00
 -6.91086646e-02 -9.92558437e-01
 2.42308408e-02 -9.73423151e-01
 -9.34327920e-02 -9.55307975e-01
 3.01570005e-02 -9.38149063e-01
 -6.28295923e-03 -9.21888313e-01
 -7.73177650e-02 -9.06472773e-01
 1.60200757e-02 -8.91854123e-01
 5.80416223e-02 -8.77988226e-01
 -9.24374209e-03 -8.64834727e-01
 3.32830386e-02 -8.52356703e-01
 8.05726313e-03 -8.40520357e-01
 5.06725847e-02 -8.29294741e-01
 8.63258698e-02 -8.18651517e-01
 5.98822481e-02 -8.08564748e-01
 7.51028902e-02 -7.99010703e-01
 9.62329792e-02 -7.89967699e-01
 1.51086815e-01 -7.81415948e-01
 1.58115339e-01 -7.73337432e-01
 1.94433038e-01 -7.65715786e-01
 1.90224953e-01 -7.58536205e-01
 1.54024537e-01 -7.51785354e-01
 1.83101003e-01 -7.45451295e-01
 1.93177883e-01 -7.39523427e-01
 1.87886265e-01 -7.33992432e-01
 1.83037153e-01 -7.28850234e-01
 1.95389154e-01 -7.24089970e-01
 1.90418160e-01 -7.19705963e-01
 2.37479779e-01 -7.15693712e-01
 2.18544320e-01 -7.12049887e-01
 2.56280803e-01 -7.08772339e-01
 2.83656117e-01 -7.05860109e-01
 2.29648561e-01 -7.03313462e-01
 3.59398616e-01 -7.01133919e-01
 3.00509120e-01 -6.99324309e-01
 3.30925577e-01 -6.97888833e-01
 3.21769772e-01 -6.96833140e-01
 3.05994362e-01 -6.96164423e-01
 3.88162834e-01 -6.95891526e-01
 3.96189703e-01 -6.96025083e-01
 3.84009003e-01 -6.96577671e-01
 3.95003427e-01 -6.97563995e-01
 4.05308486e-01 -6.99001105e-01
 4.29613824e-01 -7.00908649e-01
 3.99524891e-01 -7.03309168e-01
 3.96799799e-01 -7.06228445e-01
 5.14654925e-01 -7.09695916e-01
 4.85335465e-01 -7.13745150e-01
 5.14264911e-01 -7.18414417e-01
 5.63732962e-01 -7.23747362e-01
 6.20659689e-01 -7.29793806e-01
 5.94442570e-01 -7.36610698e-01
 6.81077541e-01 -7.44263261e-01
 6.47288460e-01 -7.52826363e-01
 7.32518796e-01 -7.62386180e-01
 5.91075718e-01 -7.73042220e-01
 6.65545065e-01 -7.84909786e-01
 7.99850267e-01 -7.98123014e-01
 8.43025220e-01 -8.12838627e-01
 9.37673635e-01 -8.29240617e-01
 1.02526076e+00 -8.47546112e-01
 9.65524460e-01 -8.68012805e-01
 1.05748924e+00 -8.90948426e-01
 1.07663170e+00 -9.16722926e-01
 1.15743831e+00 -9.45784317e-01
 1.27497115e+00 -9.78679448e-01
 1.33766738e+00 -1.01608159e+00
 1.31808047e+00 -1.05882749e+00
 1.38777522e+00 -1.10796773e+00
 1.48532974e+00 -1.16483625e+00
 1.69034501e+00 -1.23114762e+00
 1.67675727e+00 -1.30913540e+00
 1.88976902e+00 -1.40175241e+00
 2.03176571e+00 -1.51296587e+00
 2.11360756e+00 -1.64820112e+00
 2.43132328e+00 -1.81502200e+00
 2.56326483e+00 -2.02419596e+00
 2.80142556e+00 -2.29139185e+00
 3.11055610e+00 -2.63992232e+00
 3.40772835e+00 -3.10516844e+00
 3.75669356e+00 -3.74144998e+00
 4.04317397e+00 -4.63114746e+00
 4.18289515e+00 -5.88932854e+00
 3.96125262e+00 -7.62807470e+00
 2.79412477e+00 -9.75767911e+00
 4.07504947e-02 -1.14807964e+01
 -3.69099472e+00 -1.12957492e+01
 -6.31526501e+00 -9.03475337e+00
 -7.27431244e+00 -6.34398047e+00
 -6.94368594e+00 -4.28712369e+00
 -6.34585343e+00 -2.93394964e+00
