 NaN NaN
 4.15019672e+01 1.44969542e+01
 2.14715113e+01 7.31677212e+00
 1.45691564e+01 4.99417754e+00
 1.09331230e+01 3.85240168e+00
 8.81233336e+00 3.17519512e+00
 7.35508946e+00 2.72761954e+00
 6.43276237e+00 2.41013936e+00
 5.69624282e+00 2.17342651e+00
 5.10182736e+00 1.99027204e+00
 4.64397897e+00 1.84444760e+00
 4.19854671e+00 1.72567840e+00
 3.83636440e+00 1.62714469e+00
 3.56683252e+00 1.54414342e+00
 3.29439643e+00 1.47332688e+00
 3.24986589e+00 1.41224778e+00
 2.86916802e+00 1.35907592e+00
 2.76095400e+00 1.31241542e+00
 2.65456222e+00 1.27118329e+00
 2.50288528e+00 1.23452656e+00
 2.35333256e+00 1.20176440e+00
 2.20733326e+00 1.17234686e+00
 2.17013368e+00 1.14582497e+00
 2.08792465e+00 1.12182865e+00
 2.03543491e+00 1.10005019e+00
 1.92497628e+00 1.08023171e+00
 1.81429774e+00 1.06215555e+00
 1.87688119e+00 1.04563675e+00
 1.78666283e+00 1.03051724e+00
 1.67372490e+00 1.01666116e+00
 1.65952791e+00 1.00395117e+00
 1.65983655e+00 9.92285450e-01
 1.57519469e+00 9.81575295e-01
 1.57941825e+00 9.71743112e-01
 1.55909536e+00 9.62720812e-01
 1.51869628e+00 9.54448455e-01
 1.41944305e+00 9.46873137e-01
 1.33744150e+00 9.39948047e-01
 1.31804919e+00 9.33631688e-01
 1.31255109e+00 9.27887212e-01
 1.28714404e+00 9.22681853e-01
 1.26764771e+00 9.17986457e-01
 1.22027957e+00 9.13775068e-01
 1.10752490e+00 9.10024585e-01
 1.16802436e+00 9.06714455e-01
 1.12566261e+00 9.03826423e-01
 1.14091184e+00 9.01344304e-01
 1.11636978e+00 8.99253798e-01
 1.05265583e+00 8.97542317e-01
 1.06521099e+00 8.96198851e-01
 1.03739081e+00 8.95213839e-01
 1.01437454e+00 8.94579065e-01
 1.03367277e+00 8.94287569e-01
 9.69902242e-01 8.94333568e-01
 1.02896472e+00 8.94712393e-01
 1.01074691e+00 8.95420431e-01
 8.17814204e-01 8.96455084e-01
 1.01611814e+00 8.97814731e-01
 9.58366487e-01 8.99498700e-01
 8.92544634e-01 9.01507252e-01
 9.22731807e-01 9.03841563e-01
 9.07841977e-01 9.06503721e-01
 8.90916206e-01 9.09496727e-01
 8.30699723e-01 9.12824506e-01
 8.08513009e-01 9.16491917e-01
 8.89701170e-01 9.20504776e-01
 8.31401735e-01 9.24869888e-01
 8.17165055e-01 9.29595081e-01
 7.56092073e-01 9.34689247e-01
 8.36802951e-01 9.40162402e-01
 7.76216962e-01 9.46025738e-01
 6.48621481e-01 9.52291700e-01
 7.83958890e-01 9.58974068e-01
 7.23445307e-01 9.66088046e-01
 7.08645253e-01 9.73650370e-01
 7.38103605e-01 9.81679431e-01
 7.06126324e-01 9.90195410e-01
 7.43170979e-01 9.99220432e-01
 6.80564518e-01 1.00877875e+00
 7.86409738e-01 1.01889693e+00
 6.88092815e-01 1.02960410e+00
 6.56104423e-01 1.04093217e+00
 6.13664783e-01 1.05291620e+00
 6.53992958e-01 1.06559463e+00
 6.74108432e-01 1.07900976e+00
 7.77902506e-01 1.09320813e+00
 7.42983987e-01 1.10824106e+00
 6.71224285e-01 1.12416519e+00
 5.62284638e-01 1.14104320e+00
 5.68911966e-01 1.15894454e+00
 6.46494132e-01 1.17794639e+00
 6.57089556e-01 1.19813465e+00
 6.37348429e-01 1.21960522e+00
 5.99255425e-01 1.24246547e+00
 5.92775396e-01 1.26683592e+00
 5.58887981e-01 1.29285230e+00
 6.32688618e-01 1.32066799e+00
 5.52246200e-01 1.35045698e+00
 5.82218046e-01 1.38241733e+00
 6.17782151e-01 1.41677553e+00
 5.40729227e-01 1.45379171e+00
 5.95825747e-01 1.49376604e+00
 5.56582595e-01 1.53704681e+00
 5.10898536e-01 1.58404033e+00
 4.57987278e-01 1.63522350e+00
 5.64907200e-01 1.69115984e+00
 4.48031726e-01 1.75251997e+00
 5.58823778e-01 1.82010825e+00
 4.14063352e-01 1.89489784e+00
 4.35429522e-01 1.97807723e+00
 4.18333958e-01 2.07111317e+00
 4.09218945e-01 2.17583696e+00
 4.40905388e-01 2.29456486e+00
 3.83419032e-01 2.43026950e+00
 3.00882742e-01 2.58682923e+00
 4.23710074e-01 2.76940016e+00
 2.69034892e-01 2.98498696e+00
 3.40794495e-01 3.24334791e+00
 3.31802209e-01 3.55848560e+00
 2.70431144e-01 3.95121411e+00
 1.77547283e-01 4.45382251e+00
 2.95899329e-01 5.11910864e+00
 1.66938106e-01 6.03931161e+00
 4.02203993e-01 7.38981745e+00
 8.21661908e-01 9.54233242e+00
 2.20339195e+00 1.33879755e+01
 8.61805949e+00 2.08564960e+01
 3.71490748e+01 1.44012147e+01
 2.07235995e+01 -1.50266321e+01
 8.83770233e+00 -1.15482623e+01
 5.16866004e+00 -8.34227086e+00
 3.65380876e+00 -6.38546907e+00
 2.73343768e+00 -5.11881979e+00
 2.36840280e+00 -4.24196953e+00
 2.07411070e+00 -3.60183445e+00
 1.85923299e+00 -3.11495127e+00
 1.76271373e+00 -2.73254951e+00
 1.59034536e+00 -2.42440240e+00
 1.45987631e+00 -2.17084215e+00
 1.45161232e+00 -1.95854518e+00
 1.30603032e+00 -1.77817635e+00
 1.28911052e+00 -1.62300585e+00
 1.19531684e+00 -1.48806230e+00
 1.21654365e+00 -1.36959512e+00
 1.11888046e+00 -1.26472220e+00
 1.15003359e+00 -1.17119276e+00
 1.11064489e+00 -1.08722368e+00
 1.15296281e+00 -1.01138411e+00
 1.10489788e+00 -9.42512668e-01
 1.03036010e+00 -8.79656856e-01
 1.05658112e+00 -8.22028090e-01
 1.00942063e+00 -7.68967870e-01
 1.01265951e+00 -7.19921975e-01
 1.03976002e+00 -6.74420559e-01
 1.00909067e+00 -6.32062628e-01
 9.43480374e-01 -5.92503817e-01
 1.07295699e+00 -5.55446673e-01
 1.00771210e+00 -5.20632873e-01
 1.06526643e+00 -4.87836928e-01
 9.86783032e-01 -4.56861070e-01
 9.79064737e-01 -4.27531048e-01
 9.08434754e-01 -3.99692675e-01
 1.04565067e+00 -3.73208953e-01
 9.44038124e-01 -3.47957679e-01
 9.49624455e-01 -3.23829430e-01
 9.63023804e-01 -3.00725871e-01
 9.56097504e-01 -2.78558313e-01
 9.88232871e-01 -2.57246495e-01
 9.48942547e-01 -2.36717527e-01
 1.00313145e+00 -2.16905001e-01
 9.28949457e-01 -1.97748205e-01
 9.83852638e-01 -1.79191454e-01
 9.44202429e-01 -1.61183506e-01
 9.61731720e-01 -1.43677050e-01
 1.01051050e+00 -1.26628254e-01
 9.96436140e-01 -1.09996377e-01
 1.04288679e+00 -9.37434132e-02
 9.61506549e-01 -7.78337875e-02
 9.98041394e-01 -6.22340768e-02
 9.76069437e-01 -4.69127633e-02
 9.06869864e-01 -3.18400119e-02
 9.40528530e-01 -1.69874691e-02
 1.05292457e+00 -2.32807998e-03
 9.52806503e-01 1.21640792e-02
 1.09450060e+00 2.65139547e-02
 1.07795332e+00 4.07456583e-02
 1.01966950e+00 5.48825998e-02
 1.05516587e+00 6.89476125e-02
 1.08785319e+00 8.29630718e-02
 1.00814734e+00 9.69510081e-02
 1.00385907e+00 1.10933217e-01
 1.01661150e+00 1.24931365e-01
 1.00901089e+00 1.38967096e-01
 1.05614769e+00 1.53062132e-01
 9.99281645e-01 1.67238384e-01
 1.14720069e+00 1.81518052e-01
 1.10890864e+00 1.95923736e-01
 1.09105010e+00 2.10478551e-01
 1.11499676e+00 2.25206238e-01
 1.11770750e+00 2.40131296e-01
 1.09713053e+00 2.55279103e-01
 1.13893176e+00 2.70676063e-01
 1.24876549e+00 2.86349755e-01
 1.13834409e+00 3.02329092e-01
 1.15206906e+00 3.18644504e-01
 1.25923246e+00 3.35328125e-01
 1.25226510e+00 3.52414015e-01
 1.22578875e+00 3.69938389e-01
 1.25924951e+00 3.87939884e-01
 1.31057290e+00 4.06459851e-01
 1.27123256e+00 4.25542683e-01
 1.29878250e+00 4.45236185e-01
 1.36582117e+00 4.65591986e-01
 1.38919393e+00 4.86666020e-01
 1.37825329e+00 5.08519053e-01
 1.52303197e+00 5.31217303e-01
 1.35158742e+00 5.54833138e-01
 1.46084624e+00 5.79445880e-01
 1.50847989e+00 6.05142741e-01
 1.48373884e+00 6.32019897e-01
 1.56927487e+00 6.60183744e-01
 1.64846431e+00 6.89752359e-01
 1.66637367e+00 7.20857217e-01
 1.61172244e+00 7.53645213e-01
 1.73971364e+00 7.88281058e-01
 1.75261875e+00 8.24950117e-01
 1.84098917e+00 8.63861813e-01
 1.83511928e+00 9.05253715e-01
 1.94005859e+00 9.49396467e-01
 2.00581352e+00 9.96599796e-01
 2.01072772e+00 1.04721985e+00
 1.99587875e+00 1.10166822e+00
 2.20942480e+00 1.16042319e+00
 2.33625448e+00 1.22404369e+00
 2.39236883e+00 1.29318693e+00
 2.48089882e+00 1.36863084e+00
 2.63248437e+00 1.45130265e+00
 2.71010375e+00 1.54231601e+00
 2.87275825e+00 1.64301929e+00
 3.05640551e+00 1.75505933e+00
 3.18860935e+00 1.88046610e+00
 3.54709869e+00 2.02176651e+00
 3.75406454e+00 2.18213812e+00
 3.99549869e+00 2.36561787e+00
 4.44357575e+00 2.57738432e+00
 4.78132112e+00 2.82413102e+00
 5.38278448e+00 3.11452937e+00
 6.14084809e+00 3.45968908e+00
 7.04797720e+00 3.87318327e+00
 8.34003925e+00 4.36892124e+00
 1.00594278e+01 4.95000627e+00
 1.30008493e+01 5.55851542e+00
 1.78718031e+01 5.83195829e+00
 2.70369834e+01 3.69727759e+00
 4.12267921e+01 -1.28204844e+01
 1.89343686e+01 -4.44550914e+01
 -5.70231914e+00 -3.07130710e+01
 -8.39220094e+00 -1.89161992e+01
 -7.65097921e+00 -1.30834508e+01
 -6.47279053e+00 -9.87206617e+00
 -5.63463818e+00 -7.89325316e+00
 -4.75485740e+00 -6.56771750e+00
 -4.22759318e+00 -5.62372603e+00
 -3.75919537e+00 -4.91981136e+00
 -3.51796503e+00 -4.37593439e+00
 -3.12001588e+00 -3.94371847e+00
 -2.85078184e+00 -3.59232852e+00
 -2.60429271e+00 -3.30123791e+00
 -2.34773949e+00 -3.05628054e+00
 -2.29696279e+00 -2.84737851e+00
 -1.99726254e+00 -2.66717436e+00
 -1.97875217e+00 -2.51017555e+00
 -1.72868274e+00 -2.37220137e+00
 -1.63388625e+00 -2.25001498e+00
 -1.68283394e+00 -2.14107225e+00
 -1.57724545e+00 -2.04334653e+00
 -1.39754779e+00 -1.95520384e+00
 -1.32602537e+00 -1.87531249e+00
 -1.34495238e+00 -1.80257646e+00
 -1.22812419e+00 -1.73608559e+00
 -1.14512438e+00 -1.67507793e+00
 -1.03598401e+00 -1.61891079e+00
 -1.04123398e+00 -1.56703836e+00
 -8.48938067e-01 -1.51899417e+00
 -8.59376502e-01 -1.47437720e+00
 -8.88656255e-01 -1.43284082e+00
 -8.99110721e-01 -1.39408391e+00
 -6.74750621e-01 -1.35784362e+00
 -7.39857080e-01 -1.32388954e+00
 -6.00569837e-01 -1.29201880e+00
 -5.96360987e-01 -1.26205215e+00
 -6.80764722e-01 -1.23383059e+00
 -5.99501666e-01 -1.20721263e+00
 -5.44340464e-01 -1.18207193e+00
 -5.12570344e-01 -1.15829536e+00
 -4.75616963e-01 -1.13578133e+00
 -5.00867261e-01 -1.11443834e+00
 -4.85494059e-01 -1.09418381e+00
 -4.19772518e-01 -1.07494300e+00
 -4.36424403e-01 -1.05664811e+00
 -3.90079436e-01 -1.03923755e+00
 -2.86456719e-01 -1.02265519e+00
 -3.02808283e-01 -1.00684986e+00
 -2.74460851e-01 -9.91774752e-01
 -3.51604736e-01 -9.77387040e-01
 -2.81730262e-01 -9.63647445e-01
 -2.51979620e-01 -9.50519904e-01
 -2.64443148e-01 -9.37971263e-01
 -6.95628436e-02 -9.25971008e-01
 -2.03943205e-01 -9.14491023e-01
 -2.44055181e-01 -9.03505382e-01
 -1.54046401e-01 -8.92990157e-01
 -1.37177818e-01 -8.82923255e-01
 -1.55278175e-01 -8.73284264e-01
 -1.50758513e-01 -8.64054327e-01
 -9.32183229e-02 -8.55216017e-01
 -1.03708019e-01 -8.46753238e-01
 -1.44223828e-01 -8.38651127e-01
 -6.15603630e-02 -8.30895975e-01
 -8.79448210e-03 -8.23475149e-01
 6.21747205e-02 -8.16377031e-01
 -1.26833641e-02 -8.09590960e-01
 4.68390212e-02 -8.03107182e-01
 8.96052707e-02 -7.96916809e-01
 2.68399829e-02 -7.91011780e-01
 1.02229932e-01 -7.85384836e-01
 1.62468142e-01 -7.80029493e-01
 1.89090817e-01 -7.74940023e-01
 4.13459424e-02 -7.70111447e-01
 1.55906770e-01 -7.65539527e-01
 1.72190653e-01 -7.61220765e-01
 8.15148295e-02 -7.57152415e-01
 1.64801700e-01 -7.53332491e-01
 1.77443251e-01 -7.49759792e-01
 1.91839452e-01 -7.46433934e-01
 3.29807573e-01 -7.43355385e-01
 2.59846219e-01 -7.40525517e-01
 3.32142212e-01 -7.37946664e-01
 2.65963694e-01 -7.35622200e-01
 3.72354843e-01 -7.33556628e-01
 3.04760250e-01 -7.31755684e-01
 4.04882585e-01 -7.30226469e-01
 3.77732273e-01 -7.28977604e-01
 5.23370755e-01 -7.28019408e-01
 4.57720359e-01 -7.27364124e-01
 4.95681963e-01 -7.27026174e-01
 5.74199830e-01 -7.27022476e-01
 6.47999822e-01 -7.27372825e-01
 5.09199209e-01 -7.28100338e-01
 6.60119819e-01 -7.29232017e-01
 7.17770458e-01 -7.30799410e-01
 7.46240409e-01 -7.32839436e-01
 8.01341522e-01 -7.35395394e-01
 8.65855251e-01 -7.38518209e-01
 8.11242448e-01 -7.42267987e-01
 8.53171833e-01 -7.46715968e-01
 9.81699857e-01 -7.51946985e-01
 1.01702113e+00 -7.58062611e-01
 1.10426973e+00 -7.65185189e-01
 1.13886790e+00 -7.73463083e-01
 1.24720006e+00 -7.83077546e-01
 1.33473778e+00 -7.94251841e-01
 1.26796553e+00 -8.07263490e-01
 1.58197764e+00 -8.22460930e-01
 1.67335690e+00 -8.40286527e-01
 1.63284351e+00 -8.61308854e-01
 1.81361594e+00 -8.86268788e-01
 2.00618475e+00 -9.16146640e-01
 2.22118082e+00 -9.52262073e-01
 2.33789133e+00 -9.96426486e-01
 2.48923858e+00 -1.05118194e+00
 2.84413872e+00 -1.12018767e+00
 3.13998726e+00 -1.20886825e+00
 3.54186738e+00 -1.32554652e+00
 3.87531042e+00 -1.48352247e+00
 4.55476939e+00 -1.70511222e+00
 5.31887976e+00 -2.03005054e+00
 6.30940498e+00 -2.53446852e+00
 7.54850864e+00 -3.37821062e+00
 9.31738302e+00 -4.93710223e+00
 1.17315449e+01 -8.21267389e+00
 1.36029786e+01 -1.59324684e+01
 4.23347618e+00 -2.87626221e+01
 -1.38626209e+01 -2.22722591e+01
 -1.49924605e+01 -1.04287363e+01
 -1.20080299e+01 -5.41263250e+00
 -9.60300148e+00 -3.29689784e+00
 -7.78117375e+00 -2.27066156e+00
 -6.74484682e+00 -1.71058677e+00
 -5.84831362e+00 -1.37666061e+00
 -5.26654159e+00 -1.16388859e+00
 -4.68368563e+00 -1.02122761e+00
 -4.18390357e+00 -9.21685078e-01
 -3.87700940e+00 -8.49990979e-01
 -3.67873519e+00 -7.97019842e-01
 -3.45709029e+00 -7.57065484e-01
 -3.16093445e+00 -7.26421763e-01
 -2.96299926e+00 -7.02602738e-01
 -2.78141817e+00 -6.83894189e-01
 -2.74388020e+00 -6.69085379e-01
 -2.57167142e+00 -6.57303086e-01
 -2.38005315e+00 -6.47905796e-01
 -2.31004988e+00 -6.40414470e-01
 -2.22364023e+00 -6.34466160e-01
 -2.17055366e+00 -6.29782289e-01
 -2.07554271e+00 -6.26146538e-01
 -1.99212833e+00 -6.23389176e-01
 -1.91592896e+00 -6.21375779e-01
 -1.93374934e+00 -6.19998992e-01
 -1.87402875e+00 -6.19172440e-01
 -1.79503218e+00 -6.18826170e-01
 -1.78847248e+00 -6.18903207e-01
 -1.68817720e+00 -6.19356918e-01
 -1.66624120e+00 -6.20148984e-01
 -1.58024617e+00 -6.21247822e-01
 -1.59140186e+00 -6.22627342e-01
 -1.58601196e+00 -6.24265976e-01
 -1.54755079e+00 -6.26145901e-01
 -1.48049680e+00 -6.28252414e-01
 -1.38582799e+00 -6.30573434e-01
 -1.43645049e+00 -6.33099102e-01
 -1.50729103e+00 -6.35821447e-01
 -1.34056878e+00 -6.38734126e-01
 -1.28697055e+00 -6.41832198e-01
 -1.35089885e+00 -6.45111951e-01
 -1.36358087e+00 -6.48570753e-01
 -1.28661159e+00 -6.52206933e-01
 -1.30445289e+00 -6.56019678e-01
 -1.25712160e+00 -6.60008957e-01
 -1.22699537e+00 -6.64175454e-01
 -1.25080872e+00 -6.68520513e-01
 -1.29437298e+00 -6.73046098e-01
 -1.19092500e+00 -6.77754761e-01
 -1.19187073e+00 -6.82649613e-01
 -1.23228687e+00 -6.87734311e-01
 -1.21860065e+00 -6.93013046e-01
 -1.18531095e+00 -6.98490534e-01
 -1.09810046e+00 -7.04172018e-01
 -1.12785093e+00 -7.10063273e-01
 -1.20524357e+00 -7.16170614e-01
 -1.29927580e+00 -7.22500908e-01
 -1.06716913e+00 -7.29061595e-01
 -1.08924419e+00 -7.35860708e-01
 -1.11809295e+00 -7.42906899e-01
 -1.05112085e+00 -7.50209470e-01
 -1.01927697e+00 -7.57778412e-01
 -1.04837597e+00 -7.65624441e-01
 -1.10761727e+00 -7.73759046e-01
 -1.07391778e+00 -7.82194542e-01
 -1.01237029e+00 -7.90944125e-01
 -1.11600801e+00 -8.00021939e-01
 -1.03427942e+00 -8.09443145e-01
 -9.51513529e-01 -8.19224004e-01
 -1.00010718e+00 -8.29381966e-01
 -1.09238814e+00 -8.39935766e-01
 -1.01516326e+00 -8.50905537e-01
 -9.87666735e-01 -8.62312934e-01
 -1.02592420e+00 -8.74181268e-01
 -1.06902469e+00 -8.86535662e-01
 -1.04474074e+00 -8.99403221e-01
 -1.12986831e+00 -9.12813226e-01
 -1.11981987e+00 -9.26797346e-01
 -1.11887041e+00 -9.41389887e-01
 -1.10005772e+00 -9.56628056e-01
 -9.46809959e-01 -9.72552276e-01
 -1.00813392e+00 -9.89206536e-01
 -1.06249973e+00 -1.00663878e+00
 -1.07048612e+00 -1.02490137e+00
 -1.05035282e+00 -1.04405157e+00
 -1.09329672e+00 -1.06415219e+00
 -1.12301276e+00 -1.08527219e+00
 -1.20698976e+00 -1.10748752e+00
 -1.17081270e+00 -1.13088197e+00
 -1.05786814e+00 -1.15554822e+00
 -1.10011577e+00 -1.18158908e+00
 -1.13240844e+00 -1.20911883e+00
 -1.11649486e+00 -1.23826494e+00
 -1.10122005e+00 -1.26916998e+00
 -1.12572773e+00 -1.30199391e+00
 -1.11325490e+00 -1.33691683e+00
 -1.15411090e+00 -1.37414222e+00
 -1.19415352e+00 -1.41390085e+00
 -1.30510185e+00 -1.45645551e+00
 -1.23525196e+00 -1.50210673e+00
 -1.25246579e+00 -1.55119974e+00
 -1.27290927e+00 -1.60413312e+00
 -1.31384486e+00 -1.66136943e+00
 -1.23224211e+00 -1.72344851e+00
 -1.40004200e+00 -1.79100419e+00
 -1.35145716e+00 -1.86478557e+00
 -1.40147231e+00 -1.94568420e+00
 -1.45272100e+00 -2.03476933e+00
 -1.49626207e+00 -2.13333398e+00
 -1.54863045e+00 -2.24295598e+00
 -1.64923620e+00 -2.36557977e+00
 -1.70120194e+00 -2.50362751e+00
 -1.67724586e+00 -2.66015223e+00
 -1.86164124e+00 -2.83905210e+00
 -1.97349027e+00 -3.04537485e+00
 -2.06526871e+00 -3.28575715e+00
 -2.36149434e+00 -3.56906739e+00
 -2.62322777e+00 -3.90735466e+00
 -2.83390846e+00 -4.31724461e+00
 -3.25282932e+00 -4.82191494e+00
 -3.84016737e+00 -5.45348016e+00
 -4.67799418e+00 -6.25383886e+00
 -6.07427411e+00 -7.26294035e+00
 -8.64621353e+00 -8.43533879e+00
 -1.31918316e+01 -9.15723782e+00
 -2.13592066e+01 -5.89281226e+00
 -2.43567651e+01 8.06695460e+00
 -1.32092354e+01 1.60428552e+01
 -5.46240557e+00 1.37398151e+01
 -2.45006576e+00 1.06671799e+01
 -1.24845383e+00 8.44316386e+00
 -6.99553079e-01 6.89554420e+00
 -4.19979456e-01 5.78733186e+00
 -3.13378629e-01 4.96454781e+00
 -2.54951853e-01 4.33335301e+00
 -1.43223923e-01 3.83550765e+00
 -1.77854536e-01 3.43360890e+00
 -1.84269831e-01 3.10277471e+00
 -2.06951757e-01 2.82590712e+00
 -2.15946112e-01 2.59091368e+00
 -2.12077799e-01 2.38902246e+00
 -2.15123159e-01 2.21372695e+00
 -3.19233405e-01 2.06010528e+00
 -3.09054971e-01 1.92436908e+00
 -2.06680873e-01 1.80355703e+00
 -2.73448438e-01 1.69532211e+00
 -2.47643394e-01 1.59778094e+00
 -2.79326126e-01 1.50940521e+00
 -3.46586219e-01 1.42894203e+00
 -3.11966699e-01 1.35535481e+00
 -4.37994785e-01 1.28777859e+00
 -4.28492026e-01 1.22548603e+00
 -3.72926089e-01 1.16786109e+00
 -4.01613965e-01 1.11437858e+00
 -4.93657849e-01 1.06458797e+00
 -4.46322582e-01 1.01810059e+00
 -4.12408670e-01 9.74579331e-01
 -4.79539181e-01 9.33730334e-01
 -5.75092762e-01 8.95296255e-01
 -4.32747392e-01 8.59050719e-01
 -4.36453956e-01 8.24793762e-01
 -5.71626094e-01 7.92348048e-01
 -4.73177627e-01 7.61555714e-01
 -4.95334784e-01 7.32275728e-01
 -5.65091575e-01 7.04381657e-01
 -5.69908447e-01 6.77759782e-01
 -6.16988659e-01 6.52307494e-01
 -5.16467303e-01 6.27931917e-01
 -4.77042499e-01 6.04548736e-01
 -5.77989396e-01 5.82081182e-01
 -6.55547001e-01 5.60459156e-01
 -5.17449791e-01 5.39618466e-01
 -5.71450282e-01 5.19500165e-01
 -6.61766993e-01 5.00049971e-01
 -7.02407452e-01 4.81217762e-01
 -6.07332900e-01 4.62957120e-01
 -6.46493125e-01 4.45224945e-01
 -5.68113350e-01 4.27981096e-01
 -5.41193122e-01 4.11188083e-01
 -6.31104688e-01 3.94810788e-01
 -6.44329333e-01 3.78816213e-01
 -8.15841501e-01 3.63173259e-01
 -7.01500390e-01 3.47852516e-01
 -6.95588490e-01 3.32826087e-01
 -6.61961592e-01 3.18067411e-01
 -7.70732331e-01 3.03551116e-01
 -7.32920684e-01 2.89252874e-01
 -8.60290420e-01 2.75149268e-01
 -7.44559952e-01 2.61217673e-01
 -7.42931209e-01 2.47436137e-01
 -7.00872389e-01 2.33783274e-01
 -7.27760310e-01 2.20238160e-01
 -9.23763381e-01 2.06780233e-01
 -9.09728370e-01 1.93389199e-01
 -8.17320263e-01 1.80044930e-01
 -9.35608693e-01 1.66727381e-01
 -8.96923979e-01 1.53416489e-01
 -9.32618385e-01 1.40092084e-01
 -8.09258778e-01 1.26733789e-01
 -8.98205295e-01 1.13320931e-01
 -9.52329602e-01 9.98324329e-02
 -8.72868781e-01 8.62467101e-02
 -9.74608719e-01 7.25415623e-02
 -9.52824699e-01 5.86940545e-02
 -1.07497653e+00 4.46803918e-02
 -1.08039224e+00 3.04757854e-02
 -1.10860349e+00 1.60543065e-02
 -1.16926260e+00 1.38872786e-03
 -1.10113038e+00 -1.35496494e-02
 -1.16211838e+00 -2.87911869e-02
 -1.17822121e+00 -4.43681193e-02
 -1.21698497e+00 -6.03147881e-02
 -1.12966013e+00 -7.66679016e-02
 -1.33635472e+00 -9.34668258e-02
 -1.25899644e+00 -1.10753910e-01
 -1.35477714e+00 -1.28574855e-01
 -1.29062778e+00 -1.46979123e-01
 -1.38184167e+00 -1.66020413e-01
 -1.41950427e+00 -1.85757183e-01
 -1.50911526e+00 -2.06253266e-01
 -1.46215150e+00 -2.27578548e-01
 -1.56397628e+00 -2.49809766e-01
 -1.55939775e+00 -2.73031408e-01
 -1.67215081e+00 -2.97336747e-01
 -1.85778766e+00 -3.22829038e-01
 -1.66951212e+00 -3.49622880e-01
 -1.82906989e+00 -3.77845797e-01
 -1.86114571e+00 -4.07640047e-01
 -1.99333807e+00 -4.39164695e-01
 -2.09261103e+00 -4.72597986e-01
 -2.07475623e+00 -5.08140030e-01
 -2.15705567e+00 -5.46015814e-01
 -2.31905699e+00 -5.86478506e-01
 -2.37789516e+00 -6.29812971e-01
 -2.61140297e+00 -6.76339284e-01
 -2.64593927e+00 -7.26415820e-01
 -2.87871318e+00 -7.80441105e-01
 -2.95807031e+00 -8.38852914e-01
 -3.19167835e+00 -9.02121759e-01
 -3.49063406e+00 -9.70733479e-01
 -3.69880085e+00 -1.04515093e+00
 -3.90425026e+00 -1.12573560e+00
 -4.21567150e+00 -1.21259153e+00
 -4.72012047e+00 -1.30525520e+00
 -5.30862487e+00 -1.40207143e+00
 -5.66139176e+00 -1.49890396e+00
 -6.54673202e+00 -1.58636825e+00
 -7.57188599e+00 -1.64358740e+00
 -8.86161063e+00 -1.62318136e+00
 -1.07084628e+01 -1.41230169e+00
 -1.33349262e+01 -7.22359177e-01
 -1.71343363e+01 1.24616495e+00
 -2.20231629e+01 6.74399515e+00
 -2.30760637e+01 1.95640771e+01
 -9.03590104e+00 3.01844866e+01
 4.20428943e+00 2.45870500e+01
 7.65027547e+00 1.69162317e+01
 7.75978331e+00 1.20677085e+01
 7.02330588e+00 9.14539615e+00
 6.33949416e+00 7.28807287e+00
 5.69820400e+00 6.03472803e+00
 5.02815714e+00 5.14443157e+00
 4.53225621e+00 4.48505612e+00
 4.16405698e+00 3.97990821e+00
 3.76280284e+00 3.58207978e+00
 3.59029025e+00 3.26154394e+00
 3.19294808e+00 2.99831429e+00
 3.03736306e+00 2.77863447e+00
 2.75918422e+00 2.59275912e+00
 2.60689249e+00 2.43360952e+00
 2.38276254e+00 2.29593044e+00
 2.23457623e+00 2.17574485e+00
 2.13652930e+00 2.06999151e+00
 2.08891223e+00 1.97627824e+00
 2.01560069e+00 1.89271027e+00
 1.99292382e+00 1.81776846e+00
 1.76991231e+00 1.75022137e+00
 1.77855658e+00 1.68906081e+00
 1.66010093e+00 1.63345379e+00
 1.58945682e+00 1.58270640e+00
 1.59185110e+00 1.53623613e+00
 1.50292405e+00 1.49355056e+00
 1.45379786e+00 1.45423073e+00
 1.37353021e+00 1.41791804e+00
 1.34281524e+00 1.38430390e+00
 1.24449483e+00 1.35312130e+00
 1.11409130e+00 1.32413820e+00
 1.23773460e+00 1.29715198e+00
 1.08052081e+00 1.27198503e+00
 1.08801430e+00 1.24848103e+00
 9.97128513e-01 1.22650193e+00
 1.01430696e+00 1.20592538e+00
 9.25689011e-01 1.18664264e+00
 9.54143317e-01 1.16855677e+00
 9.86758535e-01 1.15158113e+00
 8.89225731e-01 1.13563807e+00
 8.69435968e-01 1.12065790e+00
 8.33746681e-01 1.10657787e+00
 9.35039373e-01 1.09334144e+00
 8.50261928e-01 1.08089756e+00
 7.68647264e-01 1.06920007e+00
 7.74208869e-01 1.05820718e+00
 7.95281235e-01 1.04788104e+00
 7.06530039e-01 1.03818731e+00
 6.94425472e-01 1.02909488e+00
 6.70263513e-01 1.02057550e+00
 6.93602837e-01 1.01260357e+00
 6.39274065e-01 1.00515591e+00
 6.71868298e-01 9.98211505e-01
 6.73192268e-01 9.91751409e-01
 6.02979229e-01 9.85758529e-01
 4.99152373e-01 9.80217518e-01
 5.30983085e-01 9.75114651e-01
 5.86358400e-01 9.70437727e-01
 4.65412893e-01 9.66175975e-01
 5.34411821e-01 9.62319988e-01
 4.53158131e-01 9.58861649e-01
 5.13265675e-01 9.55794088e-01
 4.61561193e-01 9.53111634e-01
 3.88159287e-01 9.50809783e-01
 4.37667355e-01 9.48885176e-01
 3.23038563e-01 9.47335583e-01
 3.55073088e-01 9.46159896e-01
 3.15346449e-01 9.45358134e-01
 3.51352386e-01 9.44931453e-01
 4.28369098e-01 9.44882169e-01
 3.23828841e-01 9.45213786e-01
 3.25169275e-01 9.45931036e-01
 3.57069411e-01 9.47039935e-01
 2.47027637e-01 9.48547841e-01
 2.30855666e-01 9.50463533e-01
 1.93281938e-01 9.52797300e-01
 2.65853006e-01 9.55561048e-01
 2.13029754e-01 9.58768424e-01
 1.58249262e-01 9.62434959e-01
 2.71012607e-01 9.66578235e-01
 1.81285626e-01 9.71218081e-01
 2.12620165e-01 9.76376793e-01
 3.82404041e-02 9.82079398e-01
 1.02907867e-01 9.88353947e-01
 5.29229663e-02 9.95231871e-01
 1.00003342e-01 1.00274838e+00
 1.36643195e-01 1.01094293e+00
 9.54625117e-02 1.01985978e+00
 -1.67257406e-02 1.02954864e+00
 -6.38957908e-02 1.04006542e+00
 6.18356426e-02 1.05147311e+00
 -6.62353422e-02 1.06384287e+00
 -4.06349429e-02 1.07725526e+00
 2.17293710e-02 1.09180176e+00
 -1.76644546e-01 1.10758656e+00
 -1.46555359e-01 1.12472877e+00
 -2.14881931e-01 1.14336504e+00
 -2.02662932e-01 1.16365281e+00
 -1.89845141e-01 1.18577432e+00
 -2.35623321e-01 1.20994152e+00
 -3.34041624e-01 1.23640223e+00
 -3.63819566e-01 1.26544794e+00
 -3.84008468e-01 1.29742363e+00
 -3.92000258e-01 1.33274044e+00
 -4.71843645e-01 1.37189198e+00
 -5.14828568e-01 1.41547579e+00
 -5.37003778e-01 1.46422171e+00
 -6.78940519e-01 1.51902996e+00
 -7.16450046e-01 1.58102308e+00
 -7.56088611e-01 1.65161766e+00
 -9.37112261e-01 1.73262538e+00
 -9.96257623e-01 1.82639792e+00
 -1.09156362e+00 1.93603929e+00
 -1.25155944e+00 2.06572424e+00
 -1.36007948e+00 2.22118875e+00
 -1.54487011e+00 2.41050766e+00
 -1.69277659e+00 2.64536945e+00
 -1.82233475e+00 2.94324348e+00
 -2.07024023e+00 3.33121662e+00
 -2.45958463e+00 3.85307940e+00
 -2.64942789e+00 4.58294009e+00
 -3.02791591e+00 5.65187001e+00
 -3.16116927e+00 7.29631566e+00
 -2.83188196e+00 9.89845818e+00
 -3.54496481e-01 1.35760179e+01
 6.42197144e+00 1.53099504e+01
 1.26072896e+01 9.80842284e+00
 1.20335246e+01 3.72095674e+00
 9.72874753e+00 9.24273015e-01
 7.73408144e+00 -1.39061599e-01
 6.36619369e+00 -5.27420586e-01
 5.46054575e+00 -6.51035588e-01
 4.67176965e+00 -6.65987414e-01
 4.21007976e+00 -6.35424371e-01
 3.63739944e+00 -5.86522755e-01
 3.38244036e+00 -5.31506967e-01
 3.17363442e+00 -4.75986706e-01
 2.82882200e+00 -4.22499599e-01
 2.82372776e+00 -3.72107679e-01
 2.46119452e+00 -3.25151969e-01
 2.44229331e+00 -2.81622566e-01
 2.36908514e+00 -2.41344970e-01
 2.13011132e+00 -2.04075292e-01
 2.09422114e+00 -1.69548957e-01
 1.87082731e+00 -1.37505143e-01
 2.05917628e+00 -1.07698401e-01
 1.80611392e+00 -7.99034818e-02
 1.84304606e+00 -5.39165899e-02
 1.79792613e+00 -2.95548169e-02
 1.86292441e+00 -6.65470784e-03
 1.63326234e+00 1.49295209e-02
 1.73279497e+00 3.53278365e-02
 1.63028230e+00 5.46561761e-02
 1.63105146e+00 7.30180972e-02
 1.57722135e+00 9.05062664e-02
 1.46186966e+00 1.07203783e-01
 1.53058682e+00 1.23185346e-01
 1.42454858e+00 1.38518278e-01
 1.38976404e+00 1.53263417e-01
 1.36219875e+00 1.67475897e-01
 1.37115073e+00 1.81205830e-01
 1.42419989e+00 1.94498901e-01
 1.29501172e+00 2.07396886e-01
 1.29112617e+00 2.19938105e-01
 1.20762071e+00 2.32157826e-01
 1.28808625e+00 2.44088613e-01
 1.29326380e+00 2.55760635e-01
 1.29192744e+00 2.67201939e-01
 1.26299977e+00 2.78438695e-01
 1.26889120e+00 2.89495411e-01
 1.31261861e+00 3.00395123e-01
 1.28693759e+00 3.11159570e-01
 1.24632014e+00 3.21809348e-01
 1.23164451e+00 3.32364053e-01
 1.26214687e+00 3.42842404e-01
 1.08249051e+00 3.53262362e-01
 1.15340747e+00 3.63641237e-01
 1.14947516e+00 3.73995785e-01
 1.18972773e+00 3.84342300e-01
 1.27572151e+00 3.94696702e-01
 1.18899133e+00 4.05074612e-01
 1.15126046e+00 4.15491434e-01
 1.19686255e+00 4.25962429e-01
 1.24221693e+00 4.36502781e-01
 1.15886985e+00 4.47127669e-01
 1.20262967e+00 4.57852337e-01
 1.20865840e+00 4.68692159e-01
 1.27636948e+00 4.79662710e-01
 1.17321195e+00 4.90779829e-01
 1.11272393e+00 5.02059698e-01
 1.25196741e+00 5.13518905e-01
 1.18632588e+00 5.25174525e-01
 1.13760215e+00 5.37044197e-01
 1.12566471e+00 5.49146205e-01
 1.19359043e+00 5.61499568e-01
 1.14650674e+00 5.74124133e-01
 1.18776238e+00 5.87040673e-01
 1.22444521e+00 6.00270998e-01
 1.06693648e+00 6.13838071e-01
 1.25759639e+00 6.27766135e-01
 1.23512573e+00 6.42080856e-01
 1.19569293e+00 6.56809471e-01
 1.26120340e+00 6.71980960e-01
 1.23485832e+00 6.87626233e-01
 1.20838596e+00 7.03778336e-01
 1.25413757e+00 7.20472680e-01
 1.29672360e+00 7.37747298e-01
 1.33018074e+00 7.55643137e-01
 1.37525587e+00 7.74204372e-01
 1.35319154e+00 7.93478778e-01
 1.27176111e+00 8.13518133e-01
 1.25602065e+00 8.34378687e-01
 1.29339327e+00 8.56121685e-01
 1.35701515e+00 8.78813973e-01
 1.40364777e+00 9.02528677e-01
 1.43786718e+00 9.27345995e-01
 1.41228393e+00 9.53354100e-01
 1.37884594e+00 9.80650181e-01
 1.29244327e+00 1.00934165e+00
 1.39772916e+00 1.03954756e+00
 1.37589249e+00 1.07140020e+00
 1.55609815e+00 1.10504707e+00
 1.53377820e+00 1.14065308e+00
 1.55709163e+00 1.17840323e+00
 1.61216371e+00 1.21850576e+00
 1.66130692e+00 1.26119588e+00
 1.60368521e+00 1.30674027e+00
 1.73058980e+00 1.35544245e+00
 1.75075369e+00 1.40764931e+00
 1.84556972e+00 1.46375895e+00
 1.96355169e+00 1.52423037e+00
 1.95661442e+00 1.58959522e+00
 2.02014567e+00 1.66047235e+00
 2.06283230e+00 1.73758583e+00
 2.17954634e+00 1.82178732e+00
 2.26175015e+00 1.91408394e+00
 2.39303014e+00 2.01567313e+00
 2.61166576e+00 2.12798615e+00
 2.71019899e+00 2.25274187e+00
 2.79630820e+00 2.39201254e+00
 2.98934732e+00 2.54830121e+00
 3.25019802e+00 2.72462625e+00
 3.51366393e+00 2.92459605e+00
 3.89308175e+00 3.15242620e+00
 4.41152248e+00 3.41277250e+00
 4.86040482e+00 3.71004762e+00
 5.42693311e+00 4.04633200e+00
 6.47219975e+00 4.41539836e+00
 7.72972082e+00 4.78554462e+00
 9.74971731e+00 5.04842384e+00
 1.24936013e+01 4.86033733e+00
 1.66848895e+01 3.16796319e+00
 2.13885244e+01 -2.60324477e+00
 2.03171900e+01 -1.32000295e+01
 1.08956230e+01 -1.85968250e+01
 3.54783560e+00 -1.64906367e+01
 4.08376975e-01 -1.30905621e+01
 -1.11663189e+00 -1.04139699e+01
 -1.35221373e+00 -8.49614127e+00
 -1.51856123e+00 -7.11331453e+00
 -1.53145851e+00 -6.08888291e+00
 -1.42420847e+00 -5.30756480e+00
 -1.39773942e+00 -4.69570331e+00
 -1.20763709e+00 -4.20542482e+00
 -1.03742559e+00 -3.80476645e+00
 -1.07097394e+00 -3.47178104e+00
 -9.89603670e-01 -3.19099429e+00
 -9.07526750e-01 -2.95122944e+00
 -8.24799224e-01 -2.74423702e+00
 -6.18650093e-01 -2.56380915e+00
 -7.01059091e-01 -2.40519264e+00
 -5.78498390e-01 -2.26469127e+00
 -6.30591639e-01 -2.13939035e+00
 -4.63420659e-01 -2.02696241e+00
 -5.12660945e-01 -1.92552760e+00
 -4.28917425e-01 -1.83355184e+00
 -3.64154546e-01 -1.74977130e+00
 -2.79384074e-01 -1.67313582e+00
 -2.89153316e-01 -1.60276578e+00
 -2.41915013e-01 -1.53791906e+00
 -3.37695333e-01 -1.47796525e+00
 -2.00940469e-01 -1.42236552e+00
 -1.64119400e-01 -1.37065659e+00
 -1.34344766e-01 -1.32243800e+00
 -2.01117587e-01 -1.27736182e+00
 -3.53562155e-02 -1.23512435e+00
 -1.19562740e-01 -1.19545927e+00
 -8.63179199e-02 -1.15813209e+00
 -1.16193036e-01 -1.12293552e+00
 -5.29964390e-02 -1.08968564e+00
 -4.22345216e-02 -1.05821867e+00
 -1.58801443e-02 -1.02838827e+00
 2.25017402e-02 -1.00006330e+00
 1.03503141e-01 -9.73125849e-01
 1.67371274e-01 -9.47469588e-01
 7.04543437e-02 -9.22998387e-01
 1.49802413e-01 -8.99625090e-01
 1.21354461e-01 -8.77270472e-01
 1.73412111e-01 -8.55862341e-01
 1.18483440e-01 -8.35334752e-01
 2.05920786e-01 -8.15627322e-01
 2.44542226e-01 -7.96684639e-01
 1.58758982e-01 -7.78455735e-01
 2.00786295e-01 -7.60893626e-01
 2.71824752e-01 -7.43954907e-01
 2.56635905e-01 -7.27599394e-01
 3.08221359e-01 -7.11789805e-01
 1.94179285e-01 -6.96491476e-01
 3.85909145e-01 -6.81672108e-01
 3.07418772e-01 -6.67301545e-01
 2.74913547e-01 -6.53351566e-01
 4.03387176e-01 -6.39795707e-01
 3.58728351e-01 -6.26609096e-01
 4.38475427e-01 -6.13768301e-01
 3.74223761e-01 -6.01251202e-01
 3.70658637e-01 -5.89036862e-01
 4.96340414e-01 -5.77105419e-01
 4.43956633e-01 -5.65437981e-01
 5.05499738e-01 -5.54016536e-01
 4.94169730e-01 -5.42823861e-01
 5.78614965e-01 -5.31843446e-01
 5.29888414e-01 -5.21059415e-01
 4.87935732e-01 -5.10456460e-01
 6.39920198e-01 -5.00019777e-01
 6.11362195e-01 -4.89735001e-01
 7.00539489e-01 -4.79588153e-01
 5.62771189e-01 -4.69565580e-01
 6.89181001e-01 -4.59653909e-01
 6.52842812e-01 -4.49839992e-01
 7.04266473e-01 -4.40110862e-01
 6.39583966e-01 -4.30453686e-01
 7.90420049e-01 -4.20855718e-01
 6.97826630e-01 -4.11304260e-01
 7.62268614e-01 -4.01786619e-01
 7.27612807e-01 -3.92290064e-01
 8.35324667e-01 -3.82801794e-01
 7.62957840e-01 -3.73308893e-01
 8.69364169e-01 -3.63798304e-01
 8.93917759e-01 -3.54256789e-01
 9.02836109e-01 -3.44670909e-01
 9.50993301e-01 -3.35026993e-01
 8.99238238e-01 -3.25311128e-01
 9.73772894e-01 -3.15509146e-01
 1.13584265e+00 -3.05606630e-01
 1.10222900e+00 -2.95588932e-01
 1.08322818e+00 -2.85441216e-01
 1.06794911e+00 -2.75148521e-01
 1.18706436e+00 -2.64695872e-01
 1.23470062e+00 -2.54068437e-01
 1.30933373e+00 -2.43251749e-01
 1.23537961e+00 -2.32232028e-01
 1.44429617e+00 -2.20996624e-01
 1.32761156e+00 -2.09534632e-01
 1.51864801e+00 -1.97837740e-01
 1.53378517e+00 -1.85901394e-01
 1.68152489e+00 -1.73726413e-01
 1.61923395e+00 -1.61321213e-01
 1.80462535e+00 -1.48704901e-01
 1.85038891e+00 -1.35911586e-01
 1.99049062e+00 -1.22996447e-01
 2.12191483e+00 -1.10044326e-01
 2.34294957e+00 -9.71820194e-02
 2.33827974e+00 -8.45960622e-02
 2.40893058e+00 -7.25587611e-02
 2.55973263e+00 -6.14668648e-02
 2.91922892e+00 -5.18999143e-02
 2.93825013e+00 -4.47098856e-02
 3.24998688e+00 -4.11617196e-02
 3.53407592e+00 -4.31587185e-02
 3.86738558e+00 -5.36135202e-02
 4.18950595e+00 -7.70768341e-02
 4.54636984e+00 -1.20839091e-01
 5.17398013e+00 -1.96935102e-01
 5.76825974e+00 -3.25951499e-01
 6.66865082e+00 -5.44613162e-01
 7.72555472e+00 -9.21703959e-01
 8.96769388e+00 -1.59321758e+00
 1.07737311e+01 -2.84248653e+00
 1.28237271e+01 -5.27303101e+00
 1.45383848e+01 -1.00157794e+01
 1.27059730e+01 -1.76374362e+01
 4.06700876e+00 -2.27717068e+01
 -4.62636224e+00 -1.96204187e+01
 -7.95948256e+00 -1.40953581e+01
 -7.97312983e+00 -1.00762191e+01
 -7.46218862e+00 -7.53252061e+00
 -6.79109899e+00 -5.90404515e+00
 -6.02266739e+00 -4.81579052e+00
 -5.39176917e+00 -4.05534058e+00
 -4.92622542e+00 -3.50253423e+00
 -4.59658655e+00 -3.08697727e+00
 -4.16199263e+00 -2.76567533e+00
 -3.93094503e+00 -2.51129555e+00
 -3.55512943e+00 -2.30582076e+00
 -3.39188742e+00 -2.13698757e+00
 -3.11501977e+00 -1.99621008e+00
 -2.85500723e+00 -1.87732597e+00
 -2.82026756e+00 -1.77581438e+00
 -2.55485826e+00 -1.68829363e+00
 -2.41375547e+00 -1.61219002e+00
 -2.32924289e+00 -1.54551423e+00
 -2.27698777e+00 -1.48670712e+00
 -2.32320504e+00 -1.43453128e+00
 -2.08482979e+00 -1.38799340e+00
 -2.02805134e+00 -1.34628785e+00
 -2.07266106e+00 -1.30875503e+00
 -1.81639411e+00 -1.27485022e+00
 -1.82917606e+00 -1.24412002e+00
 -1.76847257e+00 -1.21618426e+00
 -1.74528516e+00 -1.19072204e+00
 -1.70789697e+00 -1.16746083e+00
 -1.57801557e+00 -1.14616781e+00
 -1.51422089e+00 -1.12664310e+00
 -1.54888222e+00 -1.10871420e+00
 -1.45685759e+00 -1.09223161e+00
 -1.42797261e+00 -1.07706519e+00
 -1.35027673e+00 -1.06310125e+00
 -1.37988963e+00 -1.05024012e+00
 -1.33634414e+00 -1.03839412e+00
 -1.27852817e+00 -1.02748590e+00
 -1.28885746e+00 -1.01744707e+00
 -1.24537866e+00 -1.00821699e+00
 -1.22281956e+00 -9.99741811e-01
 -1.20076804e+00 -9.91973609e-01
 -1.20625847e+00 -9.84869695e-01
 -1.12976478e+00 -9.78391996e-01
 -1.12447425e+00 -9.72506540e-01
 -1.05323321e+00 -9.67183002e-01
 -1.04938903e+00 -9.62394328e-01
 -1.08567979e+00 -9.58116397e-01
 -1.05220231e+00 -9.54327739e-01
 -1.10776827e+00 -9.51009286e-01
 -9.68374172e-01 -9.48144160e-01
 -9.54077770e-01 -9.45717483e-01
 -9.79312010e-01 -9.43716224e-01
 -8.84212096e-01 -9.42129055e-01
 -9.20038840e-01 -9.40946238e-01
 -9.11762713e-01 -9.40159519e-01
 -8.55025797e-01 -9.39762043e-01
 -9.12296354e-01 -9.39748285e-01
 -9.47046187e-01 -9.40113986e-01
 -9.25373924e-01 -9.40856107e-01
 -8.32127139e-01 -9.41972792e-01
 -8.71310931e-01 -9.43463339e-01
 -7.97372798e-01 -9.45328180e-01
 -7.99774854e-01 -9.47568878e-01
 -7.58785328e-01 -9.50188119e-01
 -8.05145954e-01 -9.53189725e-01
 -7.47741314e-01 -9.56578671e-01
 -8.12266940e-01 -9.60361111e-01
 -8.03091617e-01 -9.64544411e-01
 -7.81682568e-01 -9.69137200e-01
 -7.25168093e-01 -9.74149418e-01
 -7.40836983e-01 -9.79592390e-01
 -7.59158149e-01 -9.85478896e-01
 -7.22386648e-01 -9.91823272e-01
 -7.66098871e-01 -9.98641508e-01
 -7.03413166e-01 -1.00595137e+00
 -7.09610385e-01 -1.01377255e+00
 -7.22971468e-01 -1.02212681e+00
 -7.06801002e-01 -1.03103817e+00
 -6.73392218e-01 -1.04053313e+00
 -5.94239680e-01 -1.05064086e+00
 -6.37292550e-01 -1.06139353e+00
 -5.93156456e-01 -1.07282660e+00
 -6.84707967e-01 -1.08497913e+00
 -6.36786212e-01 -1.09789424e+00
 -5.84857562e-01 -1.11161955e+00
 -6.30231200e-01 -1.12620772e+00
 -5.72955755e-01 -1.14171707e+00
 -5.97407353e-01 -1.15821227e+00
 -5.92388528e-01 -1.17576520e+00
 -6.61901997e-01 -1.19445593e+00
 -5.19789843e-01 -1.21437379e+00
 -6.31147772e-01 -1.23561876e+00
 -5.46887736e-01 -1.25830301e+00
 -5.69320223e-01 -1.28255275e+00
 -6.15975018e-01 -1.30851044e+00
 -5.48869349e-01 -1.33633741e+00
 -3.93420391e-01 -1.36621706e+00
 -4.90781188e-01 -1.39835862e+00
 -4.21301631e-01 -1.43300186e+00
 -4.60039923e-01 -1.47042271e+00
 -4.52650836e-01 -1.51094030e+00
 -4.96923236e-01 -1.55492557e+00
 -4.30079115e-01 -1.60281213e+00
 -4.53149561e-01 -1.65510986e+00
 -3.79358414e-01 -1.71242220e+00
 -3.85204021e-01 -1.77546836e+00
 -4.93362019e-01 -1.84511198e+00
 -4.20854753e-01 -1.92239871e+00
 -3.13834424e-01 -2.00860594e+00
 -4.57175422e-01 -2.10530931e+00
 -3.95785904e-01 -2.21447318e+00
 -3.59932418e-01 -2.33857494e+00
 -3.71721761e-01 -2.48077874e+00
 -3.84701255e-01 -2.64518181e+00
 -3.34614128e-01 -2.83716900e+00
 -3.82513773e-01 -3.06393059e+00
 -3.95530874e-01 -3.33522659e+00
 -5.39597515e-01 -3.66451822e+00
 -5.54533259e-01 -4.07061287e+00
 -8.30607523e-01 -4.57988020e+00
 -1.01356240e+00 -5.22843402e+00
 -1.51255541e+00 -6.06047636e+00
 -2.46301669e+00 -7.10494869e+00
 -4.18952037e+00 -8.25543374e+00
 -7.32005425e+00 -8.81536020e+00
 -1.14560465e+01 -6.78995688e+00
 -1.32182025e+01 -1.58002910e+00
 -1.08125699e+01 2.47604242e+00
 -8.10957993e+00 3.84515455e+00
 -6.01495332e+00 3.92725841e+00
 -4.68719308e+00 3.62083578e+00
 -3.82580522e+00 3.24220999e+00
 -3.22067687e+00 2.88501337e+00
 -2.89010776e+00 2.57145248e+00
 -2.57941561e+00 2.30202683e+00
 -2.24654427e+00 2.07136816e+00
 -2.11896178e+00 1.87324036e+00
 -1.84908725e+00 1.70201485e+00
 -1.76358113e+00 1.55299061e+00
 -1.66889593e+00 1.42235072e+00
 -1.69395757e+00 1.30702365e+00
 -1.53210820e+00 1.20453842e+00
 -1.40582804e+00 1.11289935e+00
 -1.38131757e+00 1.03048513e+00
 -1.38799785e+00 9.55969569e-01
 -1.33671359e+00 8.88260110e-01
 -1.29689127e+00 8.26450250e-01
 -1.34795453e+00 7.69782594e-01
 -1.16076132e+00 7.17620081e-01
 -1.28492278e+00 6.69423424e-01
 -1.17890581e+00 6.24733328e-01
 -1.26802903e+00 5.83156356e-01
 -1.14820077e+00 5.44353644e-01
 -1.10963476e+00 5.08031819e-01
 -1.13157642e+00 4.73935635e-01
 -1.18173096e+00 4.41841987e-01
 -1.00009760e+00 4.11554993e-01
 -1.05474194e+00 3.82901943e-01
 -1.07552113e+00 3.55729941e-01
 -1.04756128e+00 3.29903106e-01
 -1.09856416e+00 3.05300225e-01
 -8.91381547e-01 2.81812783e-01
 -1.02411708e+00 2.59343287e-01
 -1.12734638e+00 2.37803857e-01
 -1.09554925e+00 2.17115008e-01
 -1.05361715e+00 1.97204616e-01
 -1.03391390e+00 1.78007030e-01
 -1.06937585e+00 1.59462296e-01
 -9.33982256e-01 1.41515496e-01
 -1.09011573e+00 1.24116162e-01
 -1.09393024e+00 1.07217770e-01
 -1.03284862e+00 9.07772979e-02
 -9.89556685e-01 7.47548317e-02
 -1.03955774e+00 5.91132209e-02
 -1.15525883e+00 4.38177721e-02
 -1.02288856e+00 2.88359767e-02
 -9.98197655e-01 1.41372673e-02
 -1.02829808e+00 -3.07201125e-04
 -1.06516061e+00 -1.45247475e-02
 -1.01389469e+00 -2.85413434e-02
 -1.01145108e+00 -4.23817750e-02
 -1.03792856e+00 -5.60697917e-02
 -9.88974342e-01 -6.96282423e-02
 -1.08396049e+00 -8.30792018e-02
 -1.10041704e+00 -9.64440885e-02
 -1.01393127e+00 -1.09743775e-01
 -1.00875339e+00 -1.22998693e-01
 -1.05506516e+00 -1.36228932e-01
 -1.02891629e+00 -1.49454335e-01
 -1.08167870e+00 -1.62694592e-01
 -1.14626063e+00 -1.75969331e-01
 -1.15172342e+00 -1.89298208e-01
 -1.13021171e+00 -2.02700992e-01
 -1.18377461e+00 -2.16197664e-01
 -1.18378118e+00 -2.29808499e-01
 -1.13365787e+00 -2.43554166e-01
 -1.13388245e+00 -2.57455822e-01
 -1.21696917e+00 -2.71535214e-01
 -1.18383955e+00 -2.85814784e-01
 -1.17574830e+00 -3.00317785e-01
 -1.25017074e+00 -3.15068394e-01
 -1.23557298e+00 -3.30091847e-01
 -1.13948298e+00 -3.45414573e-01
 -1.25486058e+00 -3.61064347e-01
 -1.21930987e+00 -3.77070449e-01
 -1.20740861e+00 -3.93463848e-01
 -1.36298209e+00 -4.10277394e-01
 -1.28397773e+00 -4.27546040e-01
 -1.37160630e+00 -4.45307074e-01
 -1.34409870e+00 -4.63600394e-01
 -1.39705788e+00 -4.82468801e-01
 -1.34374306e+00 -5.01958330e-01
 -1.38102854e+00 -5.22118626e-01
 -1.45524450e+00 -5.43003362e-01
 -1.47037449e+00 -5.64670710e-01
 -1.55400137e+00 -5.87183877e-01
 -1.49558524e+00 -6.10611709e-01
 -1.47114216e+00 -6.35029381e-01
 -1.64472402e+00 -6.60519180e-01
 -1.64293442e+00 -6.87171398e-01
 -1.73116222e+00 -7.15085360e-01
 -1.66664768e+00 -7.44370595e-01
 -1.72158486e+00 -7.75148186e-01
 -1.76539414e+00 -8.07552322e-01
 -1.77806264e+00 -8.41732086e-01
 -1.80500447e+00 -8.77853516e-01
 -1.91274718e+00 -9.16101982e-01
 -1.92343881e+00 -9.56684924e-01
 -2.07762032e+00 -9.99834993e-01
 -2.17681370e+00 -1.04581366e+00
 -2.23768129e+00 -1.09491528e+00
 -2.22091931e+00 -1.14747169e+00
 -2.41956235e+00 -1.20385724e+00
 -2.51719124e+00 -1.26449410e+00
 -2.64019358e+00 -1.32985754e+00
 -2.76136958e+00 -1.40048048e+00
 -2.86737555e+00 -1.47695596e+00
 -3.00577741e+00 -1.55993494e+00
 -3.30955452e+00 -1.65011488e+00
 -3.50421458e+00 -1.74821010e+00
 -3.77766714e+00 -1.85488744e+00
 -4.02237238e+00 -1.97063520e+00
 -4.38684491e+00 -2.09550271e+00
 -4.73339118e+00 -2.22858401e+00
 -5.28373368e+00 -2.36698190e+00
 -5.88684908e+00 -2.50368143e+00
 -6.78681988e+00 -2.62304303e+00
 -7.72377593e+00 -2.69087144e+00
 -9.04022723e+00 -2.63158293e+00
 -1.09522793e+01 -2.27381000e+00
 -1.35194214e+01 -1.22133277e+00
 -1.66156640e+01 1.40437011e+00
 -1.89909535e+01 7.01925371e+00
 -1.69024457e+01 1.51242186e+01
 -9.07189019e+00 1.95511336e+01
 -2.03709699e+00 1.79444862e+01
 1.50093786e+00 1.45231175e+01
 2.68023896e+00 1.15765322e+01
 3.22090695e+00 9.39907035e+00
 3.24149012e+00 7.81919533e+00
 3.03855906e+00 6.65340262e+00
 2.92357003e+00 5.77138992e+00
 2.72564597e+00 5.08717533e+00
 2.43366510e+00 4.54420885e+00
 2.37855583e+00 4.10464643e+00
 2.20431828e+00 3.74256577e+00
 2.00667650e+00 3.43977894e+00
 1.87992593e+00 3.18322941e+00
 1.79066806e+00 2.96334459e+00
 1.60798268e+00 2.77297033e+00
 1.59373810e+00 2.60666634e+00
 1.45746935e+00 2.46023035e+00
 1.45504979e+00 2.33037007e+00
 1.19782597e+00 2.21447282e+00
 1.23120135e+00 2.11044097e+00
 1.11723008e+00 2.01657243e+00
 1.13589384e+00 1.93147261e+00
 1.07689894e+00 1.85398868e+00
 9.63757244e-01 1.78315983e+00
 8.83990319e-01 1.71817929e+00
 9.10669473e-01 1.65836485e+00
 8.60347044e-01 1.60313596e+00
 8.25371931e-01 1.55199558e+00
 7.59169624e-01 1.50451582e+00
 7.25554683e-01 1.46032642e+00
 6.94419911e-01 1.41910539e+00
 6.45114564e-01 1.38057148e+00
 6.75331592e-01 1.34447798e+00
 5.33639650e-01 1.31060759e+00
 6.36845008e-01 1.27876822e+00
 5.08601994e-01 1.24878946e+00
 4.01077121e-01 1.22051962e+00
 4.89660183e-01 1.19382325e+00
 5.06058404e-01 1.16857908e+00
 4.88021182e-01 1.14467817e+00
 4.19360598e-01 1.12202244e+00
 3.91433183e-01 1.10052337e+00
 2.14417817e-01 1.08010086e+00
 3.29914215e-01 1.06068228e+00
 3.00744323e-01 1.04220162e+00
 2.62568018e-01 1.02459880e+00
 2.41416850e-01 1.00781902e+00
 2.65509589e-01 9.91812196e-01
 2.31733176e-01 9.76532502e-01
 1.70903359e-01 9.61937940e-01
 2.09661693e-01 9.47989966e-01
 2.99921898e-01 9.34653163e-01
 9.61547597e-02 9.21894953e-01
 9.66415233e-02 9.09685342e-01
 8.34228278e-02 8.97996692e-01
 1.70800685e-01 8.86803518e-01
 8.28309578e-02 8.76082315e-01
 1.07211416e-02 8.65811392e-01
 5.43349121e-03 8.55970740e-01
 -1.69776685e-02 8.46541897e-01
 -4.13097537e-02 8.37507846e-01
 -1.19672046e-02 8.28852911e-01
 5.24939978e-02 8.20562674e-01
 -2.01077205e-02 8.12623897e-01
 -2.11806823e-01 8.05024457e-01
 -6.69992851e-02 7.97753289e-01
 -7.89367245e-02 7.90800334e-01
 -1.88196913e-02 7.84156504e-01
 -2.17275983e-01 7.77813644e-01
 -1.79727543e-01 7.71764510e-01
 -2.49215265e-01 7.66002750e-01
 -1.96872064e-01 7.60522892e-01
 -1.73017090e-01 7.55320345e-01
 -1.73167009e-01 7.50391398e-01
 -2.19640200e-01 7.45733243e-01
 -3.01606864e-01 7.41343987e-01
 -2.76902418e-01 7.37222694e-01
 -3.04642954e-01 7.33369421e-01
 -3.37861200e-01 7.29785279e-01
 -3.34008483e-01 7.26472498e-01
 -3.93231567e-01 7.23434514e-01
 -4.18612590e-01 7.20676070e-01
 -4.01118938e-01 7.18203342e-01
 -4.28212550e-01 7.16024082e-01
 -4.89337550e-01 7.14147801e-01
 -5.12740367e-01 7.12585974e-01
 -5.47995656e-01 7.11352293e-01
 -4.97577845e-01 7.10462968e-01
 -6.69676784e-01 7.09937082e-01
 -6.22699671e-01 7.09797025e-01
 -6.03299517e-01 7.10069006e-01
 -7.22124600e-01 7.10783677e-01
 -7.42598611e-01 7.11976892e-01
 -7.83074525e-01 7.13690618e-01
 -9.02154652e-01 7.15974062e-01
 -7.07858427e-01 7.18885047e-01
 -8.58909242e-01 7.22491719e-01
 -8.73598021e-01 7.26874665e-01
 -1.01533952e+00 7.32129564e-01
 -1.05964316e+00 7.38370534e-01
 -1.04260751e+00 7.45734376e-01
 -1.06611147e+00 7.54386014e-01
 -1.26636983e+00 7.64525519e-01
 -1.29965128e+00 7.76397268e-01
 -1.32464761e+00 7.90302006e-01
 -1.52662478e+00 8.06612909e-01
 -1.61713500e+00 8.25797223e-01
 -1.57764727e+00 8.48445788e-01
 -1.73723237e+00 8.75313886e-01
 -1.81070056e+00 9.07378619e-01
 -1.96163686e+00 9.45920818e-01
 -2.11664199e+00 9.92644136e-01
 -2.26471157e+00 1.04985162e+00
 -2.44650209e+00 1.12071327e+00
 -2.79881454e+00 1.20968132e+00
 -3.08727079e+00 1.32315186e+00
 -3.23134252e+00 1.47055001e+00
 -3.65298757e+00 1.66616606e+00
 -4.10774142e+00 1.93236751e+00
 -4.60038324e+00 2.30540802e+00
 -5.19416278e+00 2.84623739e+00
 -5.96203586e+00 3.66082512e+00
 -6.77184865e+00 4.93645567e+00
 -7.53448024e+00 6.98872709e+00
 -7.41065863e+00 1.02032106e+01
 -5.18998465e+00 1.42822738e+01
 4.15791858e-01 1.64535976e+01
 5.90285050e+00 1.41480978e+01
 8.07457518e+00 1.01215482e+01
 8.10908173e+00 6.99059557e+00
 7.33437637e+00 4.98675005e+00
 6.66328166e+00 3.73222850e+00
 5.84662232e+00 2.92453870e+00
 5.32475418e+00 2.38394449e+00
 4.82141377e+00 2.00818327e+00
 4.43358595e+00 1.73806605e+00
 4.07122754e+00 1.53817007e+00
 3.61674005e+00 1.38651483e+00
 3.47686930e+00 1.26898252e+00
 3.33119199e+00 1.17621582e+00
 3.14207120e+00 1.10183543e+00
 2.87961763e+00 1.04138163e+00
 2.73279021e+00 9.91666121e-01
 2.64728072e+00 9.50363573e-01
 2.49677360e+00 9.15747451e-01
 2.38744928e+00 8.86515067e-01
 2.25016416e+00 8.61669198e-01
 2.10822340e+00 8.40436396e-01
 2.10016174e+00 8.22209608e-01
 2.07997083e+00 8.06507196e-01
 2.02670990e+00 7.92943247e-01
 1.92298961e+00 7.81205745e-01
 1.91277352e+00 7.71040337e-01
 1.85440755e+00 7.62238105e-01
 1.84910235e+00 7.54626260e-01
 1.70163615e+00 7.48060989e-01
 1.68951401e+00 7.42421906e-01
 1.55845597e+00 7.37607703e-01
 1.55960040e+00 7.33532726e-01
 1.61353325e+00 7.30124247e-01
 1.58299238e+00 7.27320278e-01
 1.48250660e+00 7.25067820e-01
 1.48689034e+00 7.23321427e-01
 1.39980322e+00 7.22042049e-01
 1.42486628e+00 7.21196076e-01
 1.33871404e+00 7.20754549e-01
 1.39368227e+00 7.20692513e-01
 1.33563722e+00 7.20988473e-01
 1.32401682e+00 7.21623943e-01
 1.31725078e+00 7.22583070e-01
 1.36964045e+00 7.23852313e-01
 1.36224414e+00 7.25420180e-01
 1.21994816e+00 7.27276998e-01
 1.29311233e+00 7.29414729e-01
 1.27878297e+00 7.31826803e-01
 1.24874880e+00 7.34507988e-01
 1.11786256e+00 7.37454274e-01
 1.17663763e+00 7.40662778e-01
 1.15765791e+00 7.44131662e-01
 1.09105976e+00 7.47860072e-01
 1.16165450e+00 7.51848081e-01
 1.13504926e+00 7.56096647e-01
 1.21127437e+00 7.60607580e-01
 1.22794917e+00 7.65383518e-01
 1.12563579e+00 7.70427910e-01
 1.13677783e+00 7.75745007e-01
 1.06926501e+00 7.81339860e-01
 1.06230076e+00 7.87218327e-01
 1.09358363e+00 7.93387081e-01
 1.09831977e+00 7.99853629e-01
 1.04331311e+00 8.06626338e-01
 1.01552951e+00 8.13714463e-01
 1.07220361e+00 8.21128186e-01
 1.11058143e+00 8.28878660e-01
 1.10955570e+00 8.36978062e-01
 1.03945886e+00 8.45439650e-01
 1.09130038e+00 8.54277838e-01
 9.82765121e-01 8.63508265e-01
 9.52558567e-01 8.73147890e-01
 1.04896553e+00 8.83215090e-01
 1.01152219e+00 8.93729769e-01
 9.62028232e-01 9.04713487e-01
 1.04568757e+00 9.16189597e-01
 1.03736787e+00 9.28183408e-01
 9.36560388e-01 9.40722364e-01
 9.71438551e-01 9.53836238e-01
 1.04009516e+00 9.67557365e-01
 9.85716887e-01 9.81920895e-01
 9.55965678e-01 9.96965076e-01
 9.64971450e-01 1.01273159e+00
 1.10896960e+00 1.02926591e+00
 9.72653988e-01 1.04661773e+00
 1.01860454e+00 1.06484144e+00
 1.05325897e+00 1.08399668e+00
 1.05915760e+00 1.10414893e+00
 1.07693754e+00 1.12537029e+00
 1.03698334e+00 1.14774024e+00
 1.07705091e+00 1.17134664e+00
 1.09152518e+00 1.19628684e+00
 1.09812047e+00 1.22266890e+00
 1.08211025e+00 1.25061320e+00
 1.06644608e+00 1.28025409e+00
 1.14207358e+00 1.31174203e+00
 1.03575180e+00 1.34524601e+00
 1.10505456e+00 1.38095643e+00
 1.14579900e+00 1.41908857e+00
 1.21910933e+00 1.45988673e+00
 1.14999033e+00 1.50362916e+00
 1.15814587e+00 1.55063410e+00
 1.17087672e+00 1.60126708e+00
 1.20749675e+00 1.65594982e+00
 1.20119314e+00 1.71517119e+00
 1.24662249e+00 1.77950081e+00
 1.34766505e+00 1.84960584e+00
 1.38212411e+00 1.92627209e+00
 1.42242108e+00 2.01043046e+00
 1.39709980e+00 2.10319038e+00
 1.54244936e+00 2.20588217e+00
 1.63641839e+00 2.32011074e+00
 1.67920479e+00 2.44782361e+00
 1.76731563e+00 2.59139612e+00
 1.86155397e+00 2.75373597e+00
 1.90858997e+00 2.93840499e+00
 2.12304639e+00 3.14974430e+00
 2.39813026e+00 3.39295729e+00
 2.67935276e+00 3.67402033e+00
 3.13782930e+00 3.99906985e+00
 3.50869288e+00 4.37231494e+00
 4.18276145e+00 4.78986673e+00
 5.14986668e+00 5.22219440e+00
 6.55894574e+00 5.56505080e+00
 8.80576881e+00 5.51015720e+00
 1.16966550e+01 4.29103158e+00
 1.41665853e+01 7.66566404e-01
 1.37547148e+01 -4.41723206e+00
 1.03331814e+01 -7.76583747e+00
 6.72656460e+00 -8.31338377e+00
 4.38253991e+00 -7.59239375e+00
 2.87254295e+00 -6.62372628e+00
 2.09754586e+00 -5.73812589e+00
 1.60377925e+00 -4.99898465e+00
 1.23376715e+00 -4.39536302e+00
 1.00047466e+00 -3.90201912e+00
 8.87760954e-01 -3.49529773e+00
 7.61193489e-01 -3.15624000e+00
 6.92174568e-01 -2.87033409e+00
 5.99312120e-01 -2.62659550e+00
 6.46264924e-01 -2.41668922e+00
 6.22139089e-01 -2.23423895e+00
 6.05621662e-01 -2.07431553e+00
 5.96864850e-01 -1.93306565e+00
 5.15204411e-01 -1.80744335e+00
 5.68428289e-01 -1.69501483e+00
 5.45934666e-01 -1.59381557e+00
 5.82287135e-01 -1.50224461e+00
 6.11578048e-01 -1.41898561e+00
 6.14911870e-01 -1.34294721e+00
 6.15833907e-01 -1.27321752e+00
 5.51060822e-01 -1.20902913e+00
 6.16483798e-01 -1.14973185e+00
 5.54954957e-01 -1.09477132e+00
 6.71888744e-01 -1.04367213e+00
 5.70435748e-01 -9.96024308e-01
 5.61587460e-01 -9.51472473e-01
 5.64205403e-01 -9.09707088e-01
 5.89630215e-01 -8.70457294e-01
 6.46475035e-01 -8.33485047e-01
 5.55529100e-01 -7.98580284e-01
 6.14049663e-01 -7.65556908e-01
 6.11448610e-01 -7.34249439e-01
 6.03141735e-01 -7.04510209e-01
 6.55071804e-01 -6.76206992e-01
 5.90302762e-01 -6.49221002e-01
 7.04158028e-01 -6.23445194e-01
 6.88657654e-01 -5.98782804e-01
 6.98594555e-01 -5.75146102e-01
 6.20251572e-01 -5.52455322e-01
 7.04885567e-01 -5.30637733e-01
 6.30053443e-01 -5.09626831e-01
 7.10574266e-01 -4.89361644e-01
 7.03123498e-01 -4.69786116e-01
 7.09946162e-01 -4.50848572e-01
 7.07693829e-01 -4.32501251e-01
 7.93351056e-01 -4.14699883e-01
 7.92633624e-01 -3.97403326e-01
 7.56834900e-01 -3.80573239e-01
 6.73950380e-01 -3.64173789e-01
 7.90095265e-01 -3.48171392e-01
 7.29462887e-01 -3.32534479e-01
 8.17314183e-01 -3.17233286e-01
 8.19022407e-01 -3.02239662e-01
 7.96845897e-01 -2.87526902e-01
 7.68212821e-01 -2.73069580e-01
 8.24979503e-01 -2.58843417e-01
 7.99170242e-01 -2.44825138e-01
 7.51309718e-01 -2.30992354e-01
 8.36898882e-01 -2.17323449e-01
 8.94352622e-01 -2.03797472e-01
 8.49092475e-01 -1.90394036e-01
 9.37008442e-01 -1.77093222e-01
 8.82426957e-01 -1.63875492e-01
 9.62714597e-01 -1.50721594e-01
 9.52311384e-01 -1.37612487e-01
 9.43023026e-01 -1.24529247e-01
 1.02893033e+00 -1.11452995e-01
 9.49162304e-01 -9.83648072e-02
 9.98171742e-01 -8.52456377e-02
 9.78373026e-01 -7.20762345e-02
 1.01002261e+00 -5.88370543e-02
 1.03406050e+00 -4.55081764e-02
 1.09755889e+00 -3.20692118e-02
 1.02243878e+00 -1.84992099e-02
 1.03818067e+00 -4.77655957e-03
 1.16100966e+00 9.12111508e-03
 1.04315408e+00 2.32170649e-02
 1.19844204e+00 3.75355337e-02
 1.09669955e+00 5.21018843e-02
 1.30139339e+00 6.69427344e-02
 1.34725045e+00 8.20861019e-02
 1.25804715e+00 9.75615633e-02
 1.18148617e+00 1.13400424e-01
 1.28287319e+00 1.29635902e-01
 1.26836152e+00 1.46303328e-01
 1.41711414e+00 1.63440363e-01
 1.48927482e+00 1.81087228e-01
 1.40873628e+00 1.99286955e-01
 1.51003937e+00 2.18085658e-01
 1.52522094e+00 2.37532810e-01
 1.53573726e+00 2.57681547e-01
 1.64805855e+00 2.78588966e-01
 1.61057169e+00 3.00316439e-01
 1.60764746e+00 3.22929899e-01
 1.69302100e+00 3.46500105e-01
 1.63779815e+00 3.71102840e-01
 1.93166657e+00 3.96818994e-01
 1.98011211e+00 4.23734480e-01
 1.97849616e+00 4.51939846e-01
 2.02876445e+00 4.81529469e-01
 2.21249443e+00 5.12600049e-01
 2.30905600e+00 5.45248080e-01
 2.36941445e+00 5.79565734e-01
 2.58837931e+00 6.15634316e-01
 2.62253160e+00 6.53513998e-01
 2.74889606e+00 6.93227760e-01
 2.96913349e+00 7.34736272e-01
 3.13076010e+00 7.77898401e-01
 3.33460808e+00 8.22408591e-01
 3.50701135e+00 8.67696380e-01
 3.83477744e+00 9.12762768e-01
 4.13251921e+00 9.55908849e-01
 4.47673570e+00 9.94276171e-01
 4.92019935e+00 1.02304880e+00
 5.35271903e+00 1.03402895e+00
 6.00159177e+00 1.01301410e+00
 6.69886228e+00 9.34802288e-01
 7.66279018e+00 7.53353137e-01
 8.86811819e+00 3.81847989e-01
 1.04312892e+01 -3.48005173e-01
 1.22040989e+01 -1.76384110e+00
 1.41649731e+01 -4.45530184e+00
 1.53106732e+01 -9.12468853e+00
 1.31107909e+01 -1.51427878e+01
 6.78706604e+00 -1.87262944e+01
 6.37648395e-01 -1.76693786e+01
 -2.81315235e+00 -1.45502892e+01
 -4.22875964e+00 -1.15990091e+01
 -4.57634150e+00 -9.34402212e+00
 -4.64994842e+00 -7.69763014e+00
 -4.30530822e+00 -6.48943526e+00
 -4.02103905e+00 -5.58475809e+00
 -3.71201306e+00 -4.89137802e+00
 -3.50978614e+00 -4.34789373e+00
 -3.21648305e+00 -3.91316258e+00
 -3.06922279e+00 -3.55911759e+00
 -2.77593263e+00 -3.26619857e+00
 -2.74566049e+00 -3.02047642e+00
 -2.55231588e+00 -2.81182623e+00
 -2.39720577e+00 -2.63274685e+00
 -2.32534799e+00 -2.47758323e+00
 -2.03356106e+00 -2.34200379e+00
 -2.03715499e+00 -2.22264240e+00
 -1.99822251e+00 -2.11684855e+00
 -1.83258964e+00 -2.02251005e+00
 -1.76302457e+00 -1.93792520e+00
 -1.68180695e+00 -1.86170918e+00
 -1.61209536e+00 -1.79272469e+00
 -1.53394751e+00 -1.73002975e+00
 -1.47972132e+00 -1.67283806e+00
 -1.39100266e+00 -1.62048856e+00
 -1.40877751e+00 -1.57242176e+00
 -1.22958352e+00 -1.52816119e+00
 -1.19948055e+00 -1.48729875e+00
 -1.19739522e+00 -1.44948305e+00
 -1.09115176e+00 -1.41441001e+00
 -1.12450480e+00 -1.38181525e+00
 -1.11600778e+00 -1.35146792e+00
 -1.08315382e+00 -1.32316566e+00
 -9.78944425e-01 -1.29673034e+00
 -9.74306561e-01 -1.27200470e+00
 -8.89770305e-01 -1.24884935e+00
 -9.44446313e-01 -1.22714042e+00
 -8.01152448e-01 -1.20676751e+00
 -8.47969933e-01 -1.18763194e+00
 -8.77465098e-01 -1.16964528e+00
 -7.78600851e-01 -1.15272816e+00
 -7.93750505e-01 -1.13680913e+00
 -7.39326593e-01 -1.12182378e+00
 -7.15632159e-01 -1.10771395e+00
 -6.91119095e-01 -1.09442704e+00
 -6.83183152e-01 -1.08191539e+00
 -6.22335861e-01 -1.07013583e+00
 -6.56182324e-01 -1.05904916e+00
 -5.75992907e-01 -1.04861982e+00
 -6.22766186e-01 -1.03881549e+00
 -6.38530393e-01 -1.02960685e+00
 -6.24692623e-01 -1.02096726e+00
 -5.84040341e-01 -1.01287257e+00
 -5.71703073e-01 -1.00530091e+00
 -5.59305782e-01 -9.98232502e-01
 -4.56185721e-01 -9.91649504e-01
 -4.26034317e-01 -9.85535892e-01
 -4.93800100e-01 -9.79877324e-01
 -5.38077540e-01 -9.74661048e-01
 -4.21679838e-01 -9.69875811e-01
 -4.79023396e-01 -9.65511783e-01
 -3.43187076e-01 -9.61560497e-01
 -3.95877427e-01 -9.58014795e-01
 -3.75599753e-01 -9.54868791e-01
 -3.99980726e-01 -9.52117836e-01
 -2.97292926e-01 -9.49758503e-01
 -3.34371713e-01 -9.47788568e-01
 -4.05340769e-01 -9.46207019e-01
 -3.33190356e-01 -9.45014057e-01
 -1.86081106e-01 -9.44211114e-01
 -2.30897417e-01 -9.43800890e-01
 -2.71885374e-01 -9.43787382e-01
 -2.00216084e-01 -9.44175944e-01
 -2.10843234e-01 -9.44973349e-01
 -2.53887198e-01 -9.46187865e-01
 -2.20858935e-01 -9.47829350e-01
 -1.52618209e-01 -9.49909364e-01
 -1.50181515e-01 -9.52441299e-01
 -1.00230134e-01 -9.55440528e-01
 -5.25651918e-02 -9.58924585e-01
 -1.14500944e-01 -9.62913370e-01
 -9.30342650e-02 -9.67429385e-01
 -2.28603340e-04 -9.72498015e-01
 7.80846664e-03 -9.78147844e-01
 -4.86261636e-02 -9.84411034e-01
 -3.06073149e-02 -9.91323759e-01
 -4.77974930e-02 -9.98926710e-01
 3.65009277e-03 -1.00726570e+00
 2.87895527e-02 -1.01639234e+00
 1.09890638e-01 -1.02636490e+00
 1.14863979e-01 -1.03724926e+00
 2.17879772e-01 -1.04912006e+00
 1.30846716e-01 -1.06206208e+00
 1.69450286e-01 -1.07617193e+00
 1.79337237e-01 -1.09155999e+00
 2.23682955e-01 -1.10835284e+00
 3.70874507e-01 -1.12669622e+00
 3.05581928e-01 -1.14675857e+00
 2.33081249e-01 -1.16873549e+00
 2.54089452e-01 -1.19285522e+00
 3.55119652e-01 -1.21938554e+00
 4.16658536e-01 -1.24864239e+00
 4.98917650e-01 -1.28100092e+00
 5.85094046e-01 -1.31690958e+00
 5.78964078e-01 -1.35690838e+00
 6.58551567e-01 -1.40165286e+00
 7.31898825e-01 -1.45194570e+00
 7.99783958e-01 -1.50877912e+00
 7.87004082e-01 -1.57339235e+00
 9.33759064e-01 -1.64735083e+00
 1.02468779e+00 -1.73265662e+00
 9.86597724e-01 -1.83190538e+00
 1.13117255e+00 -1.94851303e+00
 1.28926817e+00 -2.08704933e+00
 1.37700517e+00 -2.25373848e+00
 1.63458320e+00 -2.45722517e+00
 1.61266306e+00 -2.70976892e+00
 1.82644433e+00 -3.02913390e+00
 2.00918010e+00 -3.44159222e+00
 2.17147511e+00 -3.98658807e+00
 2.30912145e+00 -4.72326216e+00
 2.46754332e+00 -5.73599131e+00
 2.12875721e+00 -7.12101165e+00
 1.30690480e+00 -8.87896058e+00
 -1.07200676e+00 -1.05283552e+01
 -4.70284998e+00 -1.06555294e+01
 -7.66417030e+00 -8.37546911e+00
 -8.46780249e+00 -5.30817655e+00
 -7.79113090e+00 -3.03514937e+00
 -7.07242372e+00 -1.68365265e+00
 -6.04620510e+00 -9.26449401e-01
 -5.28639811e+00 -5.03258671e-01
 -4.68798981e+00 -2.64438529e-01
 -4.21061374e+00 -1.29293032e-01
 -3.86668122e+00 -5.40658512e-02
 -3.51427888e+00 -1.43963858e-02
 -3.28200641e+00 3.70572139e-03
 -3.09505456e+00 8.51930298e-03
 -2.82469014e+00 5.07598806e-03
 -2.60000592e+00 -3.49561300e-03
 -2.55460270e+00 -1.52134126e-02
 -2.40743472e+00 -2.88032706e-02
 -2.30536603e+00 -4.34377002e-02
 -2.16874540e+00 -5.85763046e-02
 -2.13311900e+00 -7.38661591e-02
 -2.05044599e+00 -8.90783793e-02
 -2.02647229e+00 -1.04067021e-01
 -1.93272387e+00 -1.18742039e-01
 -1.81808045e+00 -1.33051250e-01
 -1.84992536e+00 -1.46968172e-01
 -1.77714950e+00 -1.60483733e-01
 -1.73779053e+00 -1.73600587e-01
 -1.64432522e+00 -1.86329179e-01
 -1.59333953e+00 -1.98685022e-01
 -1.61436639e+00 -2.10686799e-01
 -1.55900114e+00 -2.22355051e-01
 -1.52005064e+00 -2.33711262e-01
 -1.57322393e+00 -2.44777238e-01
 -1.49319646e+00 -2.55574682e-01
 -1.45433252e+00 -2.66124912e-01
 -1.38749754e+00 -2.76448687e-01
 -1.29172506e+00 -2.86566099e-01
 -1.39061322e+00 -2.96496515e-01
 -1.27839708e+00 -3.06258563e-01
 -1.44096825e+00 -3.15870131e-01
 -1.29633172e+00 -3.25348396e-01
 -1.32377626e+00 -3.34709855e-01
 -1.26698876e+00 -3.43970366e-01
 -1.28115186e+00 -3.53145198e-01
 -1.30113764e+00 -3.62249080e-01
 -1.41340614e+00 -3.71296247e-01
 -1.25536983e+00 -3.80300498e-01
 -1.33895140e+00 -3.89275243e-01
 -1.28561548e+00 -3.98233554e-01
 -1.24588750e+00 -4.07188214e-01
 -1.27445034e+00 -4.16151766e-01
 -1.21697243e+00 -4.25136563e-01
 -1.18630476e+00 -4.34154809e-01
 -1.17551344e+00 -4.43218612e-01
 -1.11884230e+00 -4.52340022e-01
 -1.22240883e+00 -4.61531084e-01
 -1.17755353e+00 -4.70803879e-01
 -1.17518065e+00 -4.80170567e-01
 -1.15819809e+00 -4.89643439e-01
 -1.24043323e+00 -4.99234959e-01
 -1.16836851e+00 -5.08957810e-01
 -1.31462072e+00 -5.18824950e-01
 -1.19598162e+00 -5.28849655e-01
 -1.17467686e+00 -5.39045575e-01
 -1.18033993e+00 -5.49426790e-01
 -1.19525720e+00 -5.60007866e-01
 -1.26788137e+00 -5.70803917e-01
 -1.16355898e+00 -5.81830673e-01
 -1.21947909e+00 -5.93104546e-01
 -1.28627567e+00 -6.04642705e-01
 -1.21795074e+00 -6.16463164e-01
 -1.17081853e+00 -6.28584858e-01
 -1.23000937e+00 -6.41027749e-01
 -1.22918159e+00 -6.53812922e-01
 -1.16266245e+00 -6.66962702e-01
 -1.22018246e+00 -6.80500775e-01
 -1.24698483e+00 -6.94452329e-01
 -1.24079208e+00 -7.08844199e-01
 -1.27880192e+00 -7.23705036e-01
 -1.24617598e+00 -7.39065490e-01
 -1.24657475e+00 -7.54958418e-01
 -1.26606851e+00 -7.71419103e-01
 -1.27402735e+00 -7.88485518e-01
 -1.24683579e+00 -8.06198603e-01
 -1.34092587e+00 -8.24602589e-01
 -1.28248199e+00 -8.43745353e-01
 -1.32289283e+00 -8.63678824e-01
 -1.25671432e+00 -8.84459437e-01
 -1.33622982e+00 -9.06148654e-01
 -1.25782238e+00 -9.28813549e-01
 -1.31894282e+00 -9.52527476e-01
 -1.38237128e+00 -9.77370832e-01
 -1.46510674e+00 -1.00343193e+00
 -1.37166367e+00 -1.03080801e+00
 -1.48833322e+00 -1.05960636e+00
 -1.45459108e+00 -1.08994568e+00
 -1.53756094e+00 -1.12195761e+00
 -1.56733019e+00 -1.15578849e+00
 -1.54409372e+00 -1.19160145e+00
 -1.54064888e+00 -1.22957881e+00
 -1.64505736e+00 -1.26992489e+00
 -1.65793761e+00 -1.31286932e+00
 -1.70286671e+00 -1.35867086e+00
 -1.76999068e+00 -1.40762193e+00
 -1.83779187e+00 -1.46005391e+00
 -1.78599436e+00 -1.51634327e+00
 -1.98591340e+00 -1.57691882e+00
 -1.94918993e+00 -1.64226994e+00
 -2.06912128e+00 -1.71295611e+00
 -2.22514386e+00 -1.78961736e+00
 -2.36023453e+00 -1.87298551e+00
 -2.40430900e+00 -1.96389515e+00
 -2.51944893e+00 -2.06329245e+00
 -2.59309307e+00 -2.17223768e+00
 -2.74719169e+00 -2.29189360e+00
 -3.09948100e+00 -2.42348367e+00
 -3.23131492e+00 -2.56818909e+00
 -3.53632991e+00 -2.72692145e+00
 -3.85257551e+00 -2.89984240e+00
 -4.31196192e+00 -3.08536008e+00
 -4.82984884e+00 -3.27801983e+00
 -5.50879009e+00 -3.46399774e+00
 -6.45383341e+00 -3.61127245e+00
 -7.58395399e+00 -3.64785659e+00
 -9.23291628e+00 -3.41415162e+00
 -1.11874250e+01 -2.56918160e+00
 -1.35470893e+01 -4.83063344e-01
 -1.50844112e+01 3.49038330e+00
 -1.38379477e+01 8.50533938e+00
 -9.78053596e+00 1.16612540e+01
 -5.55758280e+00 1.18898333e+01
 -2.72642161e+00 1.06418941e+01
 -1.19536693e+00 9.13636391e+00
 -2.55162242e-01 7.80566980e+00
 1.17584585e-01 6.72279023e+00
 3.67823780e-01 5.85807269e+00
 5.48711071e-01 5.16543979e+00
 6.11459688e-01 4.60462631e+00
 6.06115221e-01 4.14457326e+00
 5.87062750e-01 3.76217279e+00
 5.23136222e-01 3.44033983e+00
 4.94867679e-01 3.16637105e+00
 5.06062711e-01 2.93072128e+00
 4.36103901e-01 2.72612932e+00
 3.95933947e-01 2.54700054e+00
 3.92150481e-01 2.38897032e+00
 3.09291195e-01 2.24859292e+00
 3.10655495e-01 2.12311748e+00
 2.25762154e-01 2.01032490e+00
 2.37380246e-01 1.90840763e+00
 2.11987938e-01 1.81588005e+00
 2.45804251e-01 1.73151091e+00
 7.11104226e-02 1.65427186e+00
 1.02448299e-01 1.58329780e+00
 9.75156318e-02 1.51785611e+00
 7.50092718e-02 1.45732244e+00
 4.43365205e-02 1.40116161e+00
 3.82757623e-02 1.34891240e+00
 1.64725514e-02 1.30017524e+00
 2.12887921e-02 1.25460236e+00
 -2.52246091e-02 1.21188968e+00
 -1.27458239e-02 1.17177017e+00
 -1.37514761e-01 1.13400844e+00
 -1.75629559e-01 1.09839615e+00
 -1.62651096e-01 1.06474827e+00
 -1.40443678e-01 1.03289992e+00
 -1.37050581e-01 1.00270363e+00
 -1.13957471e-01 9.74027179e-01
 -9.05266056e-02 9.46751608e-01
 -2.57760497e-01 9.20769602e-01
 -1.79383583e-01 8.95984088e-01
 -2.37107105e-01 8.72307027e-01
 -2.76860038e-01 8.49658366e-01
 -1.83507411e-01 8.27965141e-01
 -2.05863636e-01 8.07160690e-01
 -2.95574252e-01 7.87183966e-01
 -2.38774259e-01 7.67978942e-01
 -3.93646240e-01 7.49494084e-01
 -3.21111720e-01 7.31681890e-01
 -4.08692229e-01 7.14498479e-01
 -3.45955499e-01 6.97903234e-01
 -3.39354602e-01 6.81858481e-01
 -4.06873533e-01 6.66329202e-01
 -3.69611507e-01 6.51282785e-01
 -3.95306029e-01 6.36688794e-01
 -4.30752652e-01 6.22518768e-01
 -5.51369396e-01 6.08746036e-01
 -5.04208365e-01 5.95345555e-01
 -4.71771897e-01 5.82293761e-01
 -5.73079549e-01 5.69568433e-01
 -4.80452795e-01 5.57148575e-01
 -4.33533741e-01 5.45014303e-01
 -5.36439410e-01 5.33146742e-01
 -4.72718876e-01 5.21527942e-01
 -5.93530195e-01 5.10140784e-01
 -6.41589367e-01 4.98968912e-01
 -5.56135362e-01 4.87996654e-01
 -6.20532697e-01 4.77208968e-01
 -5.70918633e-01 4.66591369e-01
 -5.46350573e-01 4.56129887e-01
 -6.33831977e-01 4.45811008e-01
 -6.76084448e-01 4.35621631e-01
 -7.16224164e-01 4.25549026e-01
 -7.94169959e-01 4.15580794e-01
 -8.13089737e-01 4.05704834e-01
 -7.60497153e-01 3.95909312e-01
 -7.88725438e-01 3.86182632e-01
 -6.95569949e-01 3.76513418e-01
 -8.35599801e-01 3.66890493e-01
 -9.20268473e-01 3.57302867e-01
 -9.81789835e-01 3.47739736e-01
 -9.15896823e-01 3.38190476e-01
 -9.42730040e-01 3.28644661e-01
 -9.32645981e-01 3.19092083e-01
 -9.45105058e-01 3.09522784e-01
 -9.73023331e-01 2.99927111e-01
 -1.04589168e+00 2.90295789e-01
 -1.06121492e+00 2.80620019e-01
 -1.05629570e+00 2.70891610e-01
 -1.06843385e+00 2.61103152e-01
 -1.11979667e+00 2.51248244e-01
 -1.16840698e+00 2.41321787e-01
 -1.31977620e+00 2.31320372e-01
 -1.23889176e+00 2.21242768e-01
 -1.37796905e+00 2.11090575e-01
 -1.42276992e+00 2.00869049e-01
 -1.47597703e+00 1.90588201e-01
 -1.51633956e+00 1.80264208e-01
 -1.54238963e+00 1.69921289e-01
 -1.69460927e+00 1.59594156e-01
 -1.71766074e+00 1.49331282e-01
 -1.85888513e+00 1.39199253e-01
 -1.82271353e+00 1.29288624e-01
 -1.89798276e+00 1.19721849e-01
 -2.06276892e+00 1.10664131e-01
 -2.23170937e+00 1.02338385e-01
 -2.23050974e+00 9.50461239e-02
 -2.48132360e+00 8.91969312e-02
 -2.61791886e+00 8.53505862e-02
 -2.63881540e+00 8.42781348e-02
 -2.86450599e+00 8.70517824e-02
 -3.10218424e+00 9.51794635e-02
 -3.40865308e+00 1.10810044e-01
 -3.64356251e+00 1.37052619e-01
 -3.91399984e+00 1.78484435e-01
 -4.28378111e+00 2.41978427e-01
 -4.72801068e+00 3.38086440e-01
 -5.20474248e+00 4.83413712e-01
 -5.83616412e+00 7.04802930e-01
 -6.47618789e+00 1.04687038e+00
 -7.34516777e+00 1.58569909e+00
 -8.35916316e+00 2.45301771e+00
 -9.57321304e+00 3.87299042e+00
 -1.06092152e+01 6.18469865e+00
 -1.07271544e+01 9.68280115e+00
 -8.74829102e+00 1.38383071e+01
 -3.98492515e+00 1.64072970e+01
 1.05719063e+00 1.56821236e+01
 4.07606222e+00 1.30411711e+01
 5.34371149e+00 1.03365219e+01
 5.58476066e+00 8.21001573e+00
