 NaN NaN
 4.15142360e+01 1.44808248e+01
 2.14516718e+01 7.30072019e+00
 1.45091916e+01 4.97820502e+00
 1.09329480e+01 3.83650988e+00
 8.81094880e+00 3.15938511e+00
 7.45116385e+00 2.71189226e+00
 6.41831733e+00 2.39449574e+00
 5.65191776e+00 2.15786745e+00
 5.06236710e+00 1.97479843e+00
 4.58978703e+00 1.82906036e+00
 4.20730939e+00 1.71037845e+00
 3.89388597e+00 1.61193298e+00
 3.57360062e+00 1.52902092e+00
 3.38926933e+00 1.45829462e+00
 3.17651226e+00 1.39730681e+00
 2.93624710e+00 1.34422733e+00
 2.72728723e+00 1.29766035e+00
 2.63989723e+00 1.25652292e+00
 2.53907011e+00 1.21996212e+00
 2.35324646e+00 1.18729717e+00
 2.36095196e+00 1.15797817e+00
 2.27583427e+00 1.13155621e+00
 2.12439759e+00 1.10766127e+00
 1.89943428e+00 1.08598570e+00
 1.87091627e+00 1.06627168e+00
 1.90925299e+00 1.04830161e+00
 1.85287073e+00 1.03189062e+00
 1.62568998e+00 1.01688069e+00
 1.65735681e+00 1.00313604e+00
 1.70906522e+00 9.90539426e-01
 1.66636699e+00 9.78989097e-01
 1.56895597e+00 9.68396429e-01
 1.55816131e+00 9.58683924e-01
 1.35023348e+00 9.49783586e-01
 1.41021023e+00 9.41635572e-01
 1.48403837e+00 9.34187079e-01
 1.37899949e+00 9.27391405e-01
 1.35995003e+00 9.21207163e-01
 1.35294113e+00 9.15597619e-01
 1.31879522e+00 9.10530133e-01
 1.19192039e+00 9.05975675e-01
 1.22896622e+00 9.01908426e-01
 1.28569427e+00 8.98305421e-01
 1.14420411e+00 8.95146257e-01
 1.19548431e+00 8.92412830e-01
 1.21582740e+00 8.90089120e-01
 1.03877339e+00 8.88160994e-01
 1.09055118e+00 8.86616044e-01
 1.12699068e+00 8.85443446e-01
 1.10153299e+00 8.84633836e-01
 1.07425425e+00 8.84179206e-01
 1.09778001e+00 8.84072816e-01
 1.07630786e+00 8.84309111e-01
 9.26714750e-01 8.84883665e-01
 1.01391862e+00 8.85793124e-01
 9.21818735e-01 8.87035158e-01
 9.74591960e-01 8.88608433e-01
 9.31413568e-01 8.90512581e-01
 1.00162749e+00 8.92748181e-01
 9.77949640e-01 8.95316749e-01
 9.13252688e-01 8.98220733e-01
 8.93569160e-01 9.01463517e-01
 9.06687133e-01 9.05049428e-01
 8.83595912e-01 9.08983758e-01
 9.86802826e-01 9.13272780e-01
 9.15377210e-01 9.17923788e-01
 9.45586859e-01 9.22945128e-01
 8.02397201e-01 9.28346248e-01
 8.48925623e-01 9.34137755e-01
 8.23147118e-01 9.40331474e-01
 8.73122604e-01 9.46940530e-01
 7.97761416e-01 9.53979425e-01
 7.88204759e-01 9.61464143e-01
 7.64767388e-01 9.69412257e-01
 8.15650280e-01 9.77843056e-01
 7.50437396e-01 9.86777687e-01
 7.89864417e-01 9.96239322e-01
 7.45059156e-01 1.00625334e+00
 7.66116564e-01 1.01684751e+00
 7.02354204e-01 1.02805230e+00
 6.83797268e-01 1.03990105e+00
 7.30146892e-01 1.05243034e+00
 7.24012696e-01 1.06568034e+00
 7.35499838e-01 1.07969517e+00
 7.75774597e-01 1.09452338e+00
 6.80503316e-01 1.11021848e+00
 6.80488288e-01 1.12683955e+00
 6.46056253e-01 1.14445189e+00
 7.34647304e-01 1.16312788e+00
 6.95616270e-01 1.18294790e+00
 6.47608518e-01 1.20400142e+00
 6.35927960e-01 1.22638829e+00
 5.55169340e-01 1.25022025e+00
 6.49412445e-01 1.27562270e+00
 6.90660367e-01 1.30273686e+00
 6.39407927e-01 1.33172224e+00
 5.99810792e-01 1.36275971e+00
 6.58381041e-01 1.39605515e+00
 5.62611822e-01 1.43184386e+00
 5.92300090e-01 1.47039602e+00
 6.73944441e-01 1.51202330e+00
 5.87284332e-01 1.55708716e+00
 6.20652142e-01 1.60600911e+00
 5.45360411e-01 1.65928367e+00
 5.83354985e-01 1.71749488e+00
 5.47306007e-01 1.78133742e+00
 5.35856360e-01 1.85164403e+00
 6.17947927e-01 1.92942152e+00
 6.30103751e-01 2.01589865e+00
 6.57029483e-01 2.11259067e+00
 5.37389759e-01 2.22138778e+00
 5.32203913e-01 2.34467839e+00
 6.08339321e-01 2.48552434e+00
 6.32172060e-01 2.64791536e+00
 5.90977924e-01 2.83714790e+00
 5.49996301e-01 3.06040516e+00
 5.48691457e-01 3.32767423e+00
 5.35404908e-01 3.65325179e+00
 6.00511956e-01 4.05832722e+00
 8.03643942e-01 4.57565164e+00
 7.10027178e-01 5.25852512e+00
 8.34715595e-01 6.19946679e+00
 9.75799523e-01 7.57275686e+00
 1.75674610e+00 9.74216493e+00
 3.43711006e+00 1.35528006e+01
 1.08108015e+01 2.05951276e+01
 3.95225058e+01 1.11446526e+01
 1.97091976e+01 -1.74537291e+01
 7.88299309e+00 -1.27035893e+01
 4.50724743e+00 -9.05490058e+00
 3.06433021e+00 -6.89572625e+00
 2.34102720e+00 -5.51688011e+00
 1.90907604e+00 -4.56974689e+00
 1.73200941e+00 -3.88182409e+00
 1.55408920e+00 -3.36050198e+00
 1.36985137e+00 -2.95218636e+00
 1.32310880e+00 -2.62388262e+00
 1.27540993e+00 -2.35422787e+00
 1.23572494e+00 -2.12880533e+00
 1.13707125e+00 -1.93754453e+00
 1.13601772e+00 -1.77320361e+00
 1.11101376e+00 -1.63044399e+00
 1.00411500e+00 -1.50524513e+00
 1.02650934e+00 -1.39452219e+00
 9.85958067e-01 -1.29586921e+00
 9.71828170e-01 -1.20738232e+00
 9.83367332e-01 -1.12753541e+00
 1.00284634e+00 -1.05509091e+00
 9.09493043e-01 -9.89034681e-01
 9.28121170e-01 -9.28527766e-01
 9.13640088e-01 -8.72870102e-01
 9.18714093e-01 -8.21472880e-01
 9.31487693e-01 -7.73837246e-01
 8.72886216e-01 -7.29537703e-01
 1.05233178e+00 -6.88209055e-01
 9.28723972e-01 -6.49536036e-01
 8.70038440e-01 -6.13245000e-01
 8.80236045e-01 -5.79097219e-01
 8.90237519e-01 -5.46883426e-01
 8.22927613e-01 -5.16419346e-01
 8.89219547e-01 -4.87542017e-01
 8.83110775e-01 -4.60106731e-01
 9.79838421e-01 -4.33984489e-01
 8.53369855e-01 -4.09059864e-01
 9.31572290e-01 -3.85229196e-01
 8.21656113e-01 -3.62399072e-01
 8.38434291e-01 -3.40485018e-01
 8.61961993e-01 -3.19410396e-01
 8.68483610e-01 -2.99105444e-01
 9.68367998e-01 -2.79506457e-01
 9.08217502e-01 -2.60555073e-01
 9.53445989e-01 -2.42197654e-01
 9.69352310e-01 -2.24384745e-01
 7.95067964e-01 -2.07070602e-01
 8.41387890e-01 -1.90212772e-01
 8.64539694e-01 -1.73771729e-01
 9.37743033e-01 -1.57710545e-01
 9.49385837e-01 -1.41994601e-01
 8.98238604e-01 -1.26591328e-01
 8.87391061e-01 -1.11469972e-01
 9.06716126e-01 -9.66013833e-02
 9.75595904e-01 -8.19578289e-02
 9.44089243e-01 -6.75128150e-02
 9.49913725e-01 -5.32409292e-02
 9.80309539e-01 -3.91176922e-02
 1.03783116e+00 -2.51194217e-02
 9.56148450e-01 -1.12231037e-02
 1.06588277e+00 2.59372793e-03
 1.06992390e+00 1.63531069e-02
 1.00178329e+00 3.00767446e-02
 1.00642374e+00 4.37861369e-02
 9.38460377e-01 5.75026687e-02
 1.07132734e+00 7.12477171e-02
 1.04245269e+00 8.50427545e-02
 1.05468472e+00 9.89094523e-02
 1.08028022e+00 1.12869786e-01
 9.96695569e-01 1.26946144e-01
 1.13414250e+00 1.41161441e-01
 1.14776264e+00 1.55539234e-01
 1.04761628e+00 1.70103847e-01
 1.13673196e+00 1.84880502e-01
 1.07692861e+00 1.99895465e-01
 1.16976139e+00 2.15176194e-01
 1.18326310e+00 2.30751503e-01
 1.23182511e+00 2.46651752e-01
 1.18261981e+00 2.62909034e-01
 1.17707944e+00 2.79557403e-01
 1.22233324e+00 2.96633113e-01
 1.21501099e+00 3.14174889e-01
 1.25640425e+00 3.32224231e-01
 1.30228318e+00 3.50825752e-01
 1.29794219e+00 3.70027562e-01
 1.32541818e+00 3.89881699e-01
 1.34486292e+00 4.10444624e-01
 1.38124146e+00 4.31777781e-01
 1.33871129e+00 4.53948235e-01
 1.39803770e+00 4.77029411e-01
 1.38429319e+00 5.01101945e-01
 1.45432520e+00 5.26254658e-01
 1.60101799e+00 5.52585705e-01
 1.66264427e+00 5.80203897e-01
 1.53780734e+00 6.09230262e-01
 1.69522350e+00 6.39799876e-01
 1.75141331e+00 6.72064027e-01
 1.80984824e+00 7.06192777e-01
 1.82643140e+00 7.42378037e-01
 1.83906280e+00 7.80837232e-01
 2.07827751e+00 8.21817733e-01
 2.04213020e+00 8.65602233e-01
 2.05642211e+00 9.12515296e-01
 2.10083480e+00 9.62931408e-01
 2.18466552e+00 1.01728492e+00
 2.34514366e+00 1.07608243e+00
 2.39710796e+00 1.13991829e+00
 2.51893167e+00 1.20949423e+00
 2.63917141e+00 1.28564433e+00
 2.69128794e+00 1.36936707e+00
 2.92884065e+00 1.46186682e+00
 3.12569335e+00 1.56460795e+00
 3.24247517e+00 1.67938599e+00
 3.66775913e+00 1.80842146e+00
 3.89567890e+00 1.95448414e+00
 4.19911355e+00 2.12105649e+00
 4.49590610e+00 2.31254420e+00
 4.98297180e+00 2.53453216e+00
 5.54966091e+00 2.79404612e+00
 6.32989602e+00 3.09965102e+00
 7.26467516e+00 3.46078401e+00
 8.53531772e+00 3.88420499e+00
 1.04953077e+01 4.35966486e+00
 1.33551783e+01 4.80174886e+00
 1.82878487e+01 4.78435333e+00
 2.73831343e+01 2.07499552e+00
 4.07641182e+01 -1.54509847e+01
 1.63582543e+01 -4.60351484e+01
 -7.70044337e+00 -3.06816472e+01
 -9.66242446e+00 -1.86116991e+01
 -8.50481547e+00 -1.27724400e+01
 -7.24325638e+00 -9.59534095e+00
 -6.15290261e+00 -7.65299576e+00
 -5.47159157e+00 -6.35932650e+00
 -4.77453789e+00 -5.44209309e+00
 -4.29424693e+00 -4.76055389e+00
 -3.83644608e+00 -4.23550963e+00
 -3.53932208e+00 -3.81929930e+00
 -3.24936858e+00 -3.48165362e+00
 -2.94228902e+00 -3.20248434e+00
 -2.74580590e+00 -2.96796445e+00
 -2.48173047e+00 -2.76828002e+00
 -2.31483707e+00 -2.59628087e+00
 -2.12077665e+00 -2.44663888e+00
 -2.03375111e+00 -2.31530512e+00
 -1.94707215e+00 -2.19914942e+00
 -1.83398657e+00 -2.09571477e+00
 -1.71083653e+00 -2.00304635e+00
 -1.60019815e+00 -1.91956991e+00
 -1.46604987e+00 -1.84400378e+00
 -1.48816913e+00 -1.77529415e+00
 -1.27374600e+00 -1.71256676e+00
 -1.31299332e+00 -1.65509032e+00
 -1.30359745e+00 -1.60224856e+00
 -1.22438768e+00 -1.55351852e+00
 -1.17550246e+00 -1.50845362e+00
 -1.15816459e+00 -1.46667023e+00
 -1.05361630e+00 -1.42783703e+00
 -1.04316848e+00 -1.39166639e+00
 -9.68153999e-01 -1.35790747e+00
 -8.97270390e-01 -1.32634052e+00
 -8.95525793e-01 -1.29677226e+00
 -7.61127096e-01 -1.26903205e+00
 -7.35274991e-01 -1.24296864e+00
 -7.76905819e-01 -1.21844759e+00
 -7.14220689e-01 -1.19534900e+00
 -7.44146213e-01 -1.17356558e+00
 -7.33717474e-01 -1.15300113e+00
 -5.81762334e-01 -1.13356914e+00
 -6.33137568e-01 -1.11519159e+00
 -5.76358050e-01 -1.09779805e+00
 -6.15728512e-01 -1.08132472e+00
 -5.96651011e-01 -1.06571373e+00
 -6.10394173e-01 -1.05091252e+00
 -5.36523150e-01 -1.03687325e+00
 -4.85931115e-01 -1.02355231e+00
 -3.73195281e-01 -1.01090992e+00
 -4.80992224e-01 -9.98909717e-01
 -3.76267284e-01 -9.87518481e-01
 -3.25468785e-01 -9.76705798e-01
 -3.48008026e-01 -9.66443833e-01
 -3.45141045e-01 -9.56707093e-01
 -3.96061781e-01 -9.47472239e-01
 -2.39834039e-01 -9.38717904e-01
 -3.49693279e-01 -9.30424543e-01
 -3.14577338e-01 -9.22574292e-01
 -2.71169211e-01 -9.15150852e-01
 -2.67249853e-01 -9.08139381e-01
 -2.64903126e-01 -9.01526400e-01
 -2.43554064e-01 -8.95299713e-01
 -3.09975006e-01 -8.89448335e-01
 -2.06312804e-01 -8.83962434e-01
 -2.27467507e-01 -8.78833274e-01
 -1.91933598e-01 -8.74053178e-01
 -1.33791591e-01 -8.69615487e-01
 -2.07446763e-01 -8.65514539e-01
 -7.32640917e-02 -8.61745643e-01
 -1.22323861e-01 -8.58305072e-01
 -5.04623935e-02 -8.55190054e-01
 -1.52161168e-02 -8.52398779e-01
 -2.22385972e-02 -8.49930405e-01
 -9.66698438e-02 -8.47785082e-01
 -2.79387672e-02 -8.45963975e-01
 7.15048136e-02 -8.44469303e-01
 6.77927010e-02 -8.43304386e-01
 8.57436321e-02 -8.42473700e-01
 8.20824802e-02 -8.41982954e-01
 3.65884139e-02 -8.41839166e-01
 7.21262731e-02 -8.42050769e-01
 1.11863593e-01 -8.42627727e-01
 1.66652678e-01 -8.43581674e-01
 1.08518606e-01 -8.44926074e-01
 1.34818467e-01 -8.46676415e-01
 2.34352625e-01 -8.48850430e-01
 2.44901338e-01 -8.51468356e-01
 2.70688900e-01 -8.54553245e-01
 2.49550961e-01 -8.58131319e-01
 2.78756270e-01 -8.62232398e-01
 2.79457279e-01 -8.66890399e-01
 3.67304387e-01 -8.72143939e-01
 3.83097530e-01 -8.78037038e-01
 4.07126394e-01 -8.84619973e-01
 5.36420815e-01 -8.91950298e-01
 5.19160458e-01 -9.00094086e-01
 5.79659356e-01 -9.09127423e-01
 5.78612565e-01 -9.19138250e-01
 5.03247350e-01 -9.30228619e-01
 6.56835427e-01 -9.42517497e-01
 6.83513392e-01 -9.56144257e-01
 6.89394295e-01 -9.71273078e-01
 7.79599252e-01 -9.88098528e-01
 8.98095396e-01 -1.00685271e+00
 8.04780407e-01 -1.02781450e+00
 9.39144467e-01 -1.05132170e+00
 9.88957382e-01 -1.07778696e+00
 1.18213914e+00 -1.10771936e+00
 1.20265888e+00 -1.14175353e+00
 1.27792871e+00 -1.18069002e+00
 1.41420600e+00 -1.22555198e+00
 1.49998810e+00 -1.27766631e+00
 1.63438009e+00 -1.33878233e+00
 1.77724393e+00 -1.41124962e+00
 2.00193136e+00 -1.49829150e+00
 2.26114827e+00 -1.60443882e+00
 2.42911327e+00 -1.73624246e+00
 2.78932667e+00 -1.90349136e+00
 3.11265914e+00 -2.12139558e+00
 3.68249625e+00 -2.41472079e+00
 4.18400357e+00 -2.82615143e+00
 4.90485716e+00 -3.43458836e+00
 5.90225555e+00 -4.39908232e+00
 7.21633988e+00 -6.07578822e+00
 8.74191192e+00 -9.35342926e+00
 8.82307607e+00 -1.63695347e+01
 -1.45366720e+00 -2.58756810e+01
 -1.60987939e+01 -1.69753910e+01
 -1.48841233e+01 -6.51086024e+00
 -1.13697292e+01 -2.68480138e+00
 -8.96164924e+00 -1.27165590e+00
 -7.26828178e+00 -6.77917951e-01
 -6.22893151e+00 -4.03718364e-01
 -5.35418357e+00 -2.70506366e-01
 -4.72173218e+00 -2.05516841e-01
 -4.25236228e+00 -1.75810109e-01
 -3.86821079e+00 -1.65213975e-01
 -3.59141306e+00 -1.65274920e-01
 -3.31855270e+00 -1.71354977e-01
 -3.00398955e+00 -1.80813614e-01
 -2.89616102e+00 -1.92105724e-01
 -2.66293322e+00 -2.04310153e-01
 -2.52455285e+00 -2.16872270e-01
 -2.49966165e+00 -2.29458162e-01
 -2.35162877e+00 -2.41869455e-01
 -2.23259103e+00 -2.53992226e-01
 -2.16145930e+00 -2.65765685e-01
 -2.11042310e+00 -2.77162609e-01
 -2.11603447e+00 -2.88176950e-01
 -1.95250506e+00 -2.98815871e-01
 -1.86747353e+00 -3.09094607e-01
 -1.88604343e+00 -3.19033114e-01
 -1.80170986e+00 -3.28653888e-01
 -1.77500794e+00 -3.37980552e-01
 -1.66770139e+00 -3.47036947e-01
 -1.68077421e+00 -3.55846559e-01
 -1.59137122e+00 -3.64432173e-01
 -1.55966059e+00 -3.72815671e-01
 -1.60962899e+00 -3.81017933e-01
 -1.57235391e+00 -3.89058807e-01
 -1.48678257e+00 -3.96957116e-01
 -1.41127364e+00 -4.04730693e-01
 -1.45022834e+00 -4.12396439e-01
 -1.38732652e+00 -4.19970382e-01
 -1.23771674e+00 -4.27467748e-01
 -1.35190769e+00 -4.34903029e-01
 -1.33003408e+00 -4.42290055e-01
 -1.30142851e+00 -4.49642057e-01
 -1.28106159e+00 -4.56971741e-01
 -1.27405148e+00 -4.64291342e-01
 -1.31450873e+00 -4.71612691e-01
 -1.22680045e+00 -4.78947268e-01
 -1.37807698e+00 -4.86306259e-01
 -1.21816481e+00 -4.93700609e-01
 -1.19177381e+00 -5.01141067e-01
 -1.26987455e+00 -5.08638241e-01
 -1.24525437e+00 -5.16202638e-01
 -1.23569728e+00 -5.23844712e-01
 -1.25400814e+00 -5.31574908e-01
 -1.19247093e+00 -5.39403706e-01
 -1.15441281e+00 -5.47341661e-01
 -1.23595380e+00 -5.55399447e-01
 -1.22295529e+00 -5.63587902e-01
 -1.19217502e+00 -5.71918067e-01
 -1.14848680e+00 -5.80401237e-01
 -1.25015235e+00 -5.89048999e-01
 -1.14150745e+00 -5.97873286e-01
 -1.10163127e+00 -6.06886422e-01
 -1.07488389e+00 -6.16101175e-01
 -1.17204462e+00 -6.25530813e-01
 -1.16005053e+00 -6.35189160e-01
 -1.10041824e+00 -6.45090656e-01
 -1.15223323e+00 -6.55250428e-01
 -1.14928373e+00 -6.65684356e-01
 -1.13422309e+00 -6.76409154e-01
 -1.12051740e+00 -6.87442450e-01
 -1.04032429e+00 -6.98802878e-01
 -1.13949941e+00 -7.10510177e-01
 -1.20731540e+00 -7.22585300e-01
 -1.19496101e+00 -7.35050531e-01
 -1.13783172e+00 -7.47929619e-01
 -1.12937104e+00 -7.61247921e-01
 -1.15676540e+00 -7.75032563e-01
 -1.11375464e+00 -7.89312622e-01
 -1.07464000e+00 -8.04119316e-01
 -1.16778042e+00 -8.19486237e-01
 -1.11000174e+00 -8.35449591e-01
 -1.17088664e+00 -8.52048480e-01
 -1.13428714e+00 -8.69325216e-01
 -1.22956484e+00 -8.87325674e-01
 -1.19585782e+00 -9.06099695e-01
 -1.23037885e+00 -9.25701533e-01
 -1.29558341e+00 -9.46190383e-01
 -1.24275367e+00 -9.67630960e-01
 -1.17760574e+00 -9.90094182e-01
 -1.33643521e+00 -1.01365794e+00
 -1.29389320e+00 -1.03840799e+00
 -1.27872904e+00 -1.06443901e+00
 -1.38687735e+00 -1.09185573e+00
 -1.28929705e+00 -1.12077443e+00
 -1.27593488e+00 -1.15132447e+00
 -1.33868873e+00 -1.18365027e+00
 -1.34213242e+00 -1.21791356e+00
 -1.36558660e+00 -1.25429600e+00
 -1.43283634e+00 -1.29300246e+00
 -1.35971431e+00 -1.33426472e+00
 -1.38021846e+00 -1.37834615e+00
 -1.48945436e+00 -1.42554717e+00
 -1.58512861e+00 -1.47621205e+00
 -1.55668770e+00 -1.53073710e+00
 -1.65375898e+00 -1.58958093e+00
 -1.67848726e+00 -1.65327698e+00
 -1.68286933e+00 -1.72244942e+00
 -1.69799509e+00 -1.79783303e+00
 -1.93047904e+00 -1.88029856e+00
 -1.89540777e+00 -1.97088528e+00
 -1.95632850e+00 -2.07084318e+00
 -1.96455355e+00 -2.18168819e+00
 -2.12226698e+00 -2.30527522e+00
 -2.23866816e+00 -2.44389597e+00
 -2.34759890e+00 -2.60041105e+00
 -2.50669158e+00 -2.77843058e+00
 -2.82354317e+00 -2.98256311e+00
 -2.97981254e+00 -3.21876035e+00
 -3.23450808e+00 -3.49479296e+00
 -3.53991040e+00 -3.82089194e+00
 -4.02751192e+00 -4.21054917e+00
 -4.66649108e+00 -4.68127132e+00
 -5.45171506e+00 -5.25427810e+00
 -6.61934026e+00 -5.94893222e+00
 -8.35139381e+00 -6.75414379e+00
 -1.15594099e+01 -7.49609748e+00
 -1.68482173e+01 -7.21027131e+00
 -2.51753665e+01 -1.58296803e+00
 -2.54826879e+01 1.49752973e+01
 -1.09296556e+01 2.12934096e+01
 -2.63487747e+00 1.68369033e+01
 6.38048093e-03 1.26324513e+01
 9.24922340e-01 9.82199233e+00
 1.10210057e+00 7.94101031e+00
 1.15859918e+00 6.62608761e+00
 1.06047494e+00 5.66594633e+00
 1.05009329e+00 4.93841673e+00
 9.61275510e-01 4.37007387e+00
 8.19994268e-01 3.91480205e+00
 7.46772042e-01 3.54242898e+00
 6.99358434e-01 3.23248973e+00
 6.40317125e-01 2.97066237e+00
 5.67185856e-01 2.74664830e+00
 4.33548306e-01 2.55286499e+00
 3.83979971e-01 2.38361310e+00
 3.67480942e-01 2.23453014e+00
 3.10573763e-01 2.10222263e+00
 2.60248521e-01 1.98401272e+00
 2.59492934e-01 1.87775994e+00
 1.57323059e-01 1.78173345e+00
 1.38704279e-01 1.69451892e+00
 2.23040394e-01 1.61494956e+00
 8.24962032e-02 1.54205448e+00
 1.79826314e-01 1.47501926e+00
 2.81023692e-02 1.41315579e+00
 8.72697871e-02 1.35587870e+00
 1.00724162e-02 1.30268690e+00
 3.40821556e-02 1.25314898e+00
 -1.16053293e-01 1.20689147e+00
 -8.57095017e-02 1.16358944e+00
 -1.56387747e-01 1.12295888e+00
 -8.36701363e-02 1.08475037e+00
 -1.49189356e-01 1.04874403e+00
 -1.67098943e-01 1.01474519e+00
 -1.96246278e-01 9.82580899e-01
 -1.57063365e-01 9.52096932e-01
 -1.98777632e-01 9.23155304e-01
 -2.91704464e-01 8.95632163e-01
 -1.64481434e-01 8.69415999e-01
 -2.84307355e-01 8.44406113e-01
 -3.19172215e-01 8.20511315e-01
 -2.49320838e-01 7.97648793e-01
 -3.63254629e-01 7.75743148e-01
 -2.73250467e-01 7.54725547e-01
 -3.07877060e-01 7.34532995e-01
 -3.28305483e-01 7.15107697e-01
 -3.08334585e-01 6.96396496e-01
 -3.48477696e-01 6.78350388e-01
 -4.12029526e-01 6.60924082e-01
 -3.94248683e-01 6.44075627e-01
 -2.82121600e-01 6.27766066e-01
 -3.95591162e-01 6.11959138e-01
 -5.31810493e-01 5.96621010e-01
 -4.28161912e-01 5.81720036e-01
 -4.36906336e-01 5.67226541e-01
 -5.26112060e-01 5.53112627e-01
 -5.92824166e-01 5.39351996e-01
 -4.98419563e-01 5.25919795e-01
 -4.28165313e-01 5.12792465e-01
 -5.02291338e-01 4.99947615e-01
 -5.06565040e-01 4.87363894e-01
 -5.16578530e-01 4.75020884e-01
 -5.07148700e-01 4.62898994e-01
 -6.56103022e-01 4.50979362e-01
 -6.08628206e-01 4.39243768e-01
 -5.89054921e-01 4.27674542e-01
 -6.72767646e-01 4.16254492e-01
 -6.79219146e-01 4.04966818e-01
 -7.03188529e-01 3.93795040e-01
 -7.65176494e-01 3.82722928e-01
 -7.05829509e-01 3.71734428e-01
 -6.64119977e-01 3.60813594e-01
 -7.20825765e-01 3.49944516e-01
 -7.86367801e-01 3.39111253e-01
 -7.74394355e-01 3.28297758e-01
 -7.49987655e-01 3.17487809e-01
 -8.52412910e-01 3.06664936e-01
 -8.90055742e-01 2.95812336e-01
 -8.51130985e-01 2.84912802e-01
 -8.73578481e-01 2.73948631e-01
 -8.54942673e-01 2.62901536e-01
 -9.13310535e-01 2.51752552e-01
 -9.39210762e-01 2.40481929e-01
 -9.47511622e-01 2.29069028e-01
 -1.00318251e+00 2.17492196e-01
 -1.00674799e+00 2.05728643e-01
 -1.11496220e+00 1.93754297e-01
 -1.10420057e+00 1.81543660e-01
 -1.14816665e+00 1.69069635e-01
 -1.25397638e+00 1.56303359e-01
 -1.20669270e+00 1.43214000e-01
 -1.25091264e+00 1.29768558e-01
 -1.38242947e+00 1.15931634e-01
 -1.34793315e+00 1.01665201e-01
 -1.40359678e+00 8.69283512e-02
 -1.37757657e+00 7.16770420e-02
 -1.50334373e+00 5.58638420e-02
 -1.56902365e+00 3.94376907e-02
 -1.52336259e+00 2.23436933e-02
 -1.56578579e+00 4.52298189e-03
 -1.68736976e+00 -1.40873069e-02
 -1.82048415e+00 -3.35538618e-02
 -1.95673285e+00 -5.39467174e-02
 -2.01547761e+00 -7.53382844e-02
 -2.09267458e+00 -9.78016111e-02
 -2.19417169e+00 -1.21407440e-01
 -2.29062878e+00 -1.46219374e-01
 -2.38036511e+00 -1.72286056e-01
 -2.58041094e+00 -1.99628594e-01
 -2.76409249e+00 -2.28220330e-01
 -3.07012711e+00 -2.57954079e-01
 -3.19125046e+00 -2.88588526e-01
 -3.44942452e+00 -3.19659196e-01
 -3.68976650e+00 -3.50327749e-01
 -4.06473734e+00 -3.79120763e-01
 -4.43941428e+00 -4.03463931e-01
 -4.92622140e+00 -4.18822626e-01
 -5.52063743e+00 -4.17050579e-01
 -6.12656326e+00 -3.83060189e-01
 -7.10468788e+00 -2.87712057e-01
 -8.31282851e+00 -7.15641275e-02
 -9.98206159e+00 3.95310455e-01
 -1.22661228e+01 1.42142377e+00
 -1.54719600e+01 3.80282196e+00
 -1.91582011e+01 9.59734833e+00
 -1.80961146e+01 2.15626294e+01
 -3.80476062e+00 2.92747296e+01
 7.59865882e+00 2.21385693e+01
 9.78091194e+00 1.45380834e+01
 9.14624436e+00 1.00598623e+01
 7.97634204e+00 7.47037086e+00
 6.97058793e+00 5.87295641e+00
 6.24603371e+00 4.81988674e+00
 5.56353998e+00 4.08603525e+00
 4.92296026e+00 3.55123643e+00
 4.53654650e+00 3.14719275e+00
 4.24896177e+00 2.83284929e+00
 3.85236332e+00 2.58231156e+00
 3.61310703e+00 2.37856474e+00
 3.29760449e+00 2.21003112e+00
 3.15436356e+00 2.06859263e+00
 2.89485606e+00 1.94840732e+00
 2.80082021e+00 1.84517491e+00
 2.58415942e+00 1.75566645e+00
 2.40772488e+00 1.67741449e+00
 2.25882048e+00 1.60850379e+00
 2.20691326e+00 1.54742684e+00
 2.16941957e+00 1.49298212e+00
 2.19463875e+00 1.44420105e+00
 2.10579387e+00 1.40029477e+00
 1.84852169e+00 1.36061478e+00
 1.89087873e+00 1.32462342e+00
 1.64470605e+00 1.29187137e+00
 1.66041389e+00 1.26198050e+00
 1.65459487e+00 1.23463045e+00
 1.59873307e+00 1.20954814e+00
 1.69137197e+00 1.18649952e+00
 1.50835605e+00 1.16528293e+00
 1.40070744e+00 1.14572377e+00
 1.40513994e+00 1.12767025e+00
 1.41747702e+00 1.11098979e+00
 1.36417047e+00 1.09556624e+00
 1.41488107e+00 1.08129743e+00
 1.29928069e+00 1.06809325e+00
 1.26634577e+00 1.05587395e+00
 1.13645888e+00 1.04456880e+00
 1.17884096e+00 1.03411494e+00
 1.18098367e+00 1.02445635e+00
 1.14395433e+00 1.01554303e+00
 1.17092921e+00 1.00733033e+00
 1.04421408e+00 9.99778284e-01
 9.48614522e-01 9.92851113e-01
 1.15451989e+00 9.86516786e-01
 1.01838831e+00 9.80746614e-01
 1.03211891e+00 9.75514924e-01
 1.00181497e+00 9.70798768e-01
 9.96287213e-01 9.66577670e-01
 9.22505031e-01 9.62833411e-01
 9.06895787e-01 9.59549837e-01
 9.13991385e-01 9.56712697e-01
 8.71083965e-01 9.54309501e-01
 8.95631182e-01 9.52329397e-01
 8.86527865e-01 9.50763069e-01
 8.47362656e-01 9.49602644e-01
 8.76571994e-01 9.48841621e-01
 9.15376121e-01 9.48474802e-01
 8.66861153e-01 9.48498247e-01
 7.09762285e-01 9.48909231e-01
 8.15650546e-01 9.49706212e-01
 7.64748452e-01 9.50888815e-01
 7.15991741e-01 9.52457814e-01
 8.09222564e-01 9.54415136e-01
 7.13018053e-01 9.56763862e-01
 7.45089388e-01 9.59508245e-01
 8.05831790e-01 9.62653734e-01
 6.62901883e-01 9.66207007e-01
 7.26767378e-01 9.70176014e-01
 7.20226188e-01 9.74570033e-01
 6.44342688e-01 9.79399732e-01
 5.97522489e-01 9.84677246e-01
 7.23463825e-01 9.90416269e-01
 6.91587056e-01 9.96632159e-01
 6.80828272e-01 1.00334205e+00
 6.57613028e-01 1.01056501e+00
 6.72039030e-01 1.01832217e+00
 5.05489783e-01 1.02663694e+00
 6.21261278e-01 1.03553517e+00
 6.09098918e-01 1.04504543e+00
 6.19164245e-01 1.05519927e+00
 4.92951047e-01 1.06603152e+00
 5.63884107e-01 1.07758062e+00
 5.81061693e-01 1.08988909e+00
 4.82528737e-01 1.10300394e+00
 5.15357850e-01 1.11697722e+00
 5.84686473e-01 1.13186669e+00
 4.74032957e-01 1.14773645e+00
 4.94404225e-01 1.16465788e+00
 5.64070603e-01 1.18271057e+00
 5.89105027e-01 1.20198344e+00
 4.72725732e-01 1.22257618e+00
 4.02112190e-01 1.24460075e+00
 4.80187252e-01 1.26818334e+00
 4.81788807e-01 1.29346660e+00
 3.81524790e-01 1.32061235e+00
 3.94699178e-01 1.34980484e+00
 3.88779441e-01 1.38125470e+00
 3.71361984e-01 1.41520376e+00
 3.81550319e-01 1.45193093e+00
 3.31163070e-01 1.49175954e+00
 4.30901805e-01 1.53506641e+00
 4.27228151e-01 1.58229327e+00
 3.60044744e-01 1.63396116e+00
 2.63633181e-01 1.69068895e+00
 3.24348779e-01 1.75321711e+00
 3.01921940e-01 1.82243880e+00
 3.24295052e-01 1.89944089e+00
 2.54538832e-01 1.98555884e+00
 1.90891557e-01 2.08245100e+00
 3.34087448e-01 2.19220101e+00
 2.44037676e-01 2.31746097e+00
 2.17125505e-01 2.46165554e+00
 1.94367621e-01 2.62927833e+00
 1.84482310e-01 2.82633204e+00
 2.26689473e-01 3.06099684e+00
 1.24269651e-01 3.34467015e+00
 1.20751106e-01 3.69362313e+00
 2.38192940e-01 4.13169298e+00
 2.90027584e-01 4.69468907e+00
 5.43973290e-01 5.43735369e+00
 8.49689247e-01 6.44230285e+00
 1.66418737e+00 7.81794825e+00
 3.43852339e+00 9.59222810e+00
 7.48278729e+00 1.09943509e+01
 1.37456478e+01 8.37227617e+00
 1.51999395e+01 6.42725499e-01
 1.12880001e+01 -3.73786444e+00
 7.90498251e+00 -4.52225683e+00
 5.73918946e+00 -4.22146562e+00
 4.51633146e+00 -3.72812113e+00
 3.72553531e+00 -3.26110547e+00
 3.12548819e+00 -2.86172896e+00
 2.76810280e+00 -2.52812440e+00
 2.44830876e+00 -2.24964809e+00
 2.17051080e+00 -2.01557002e+00
 1.99348517e+00 -1.81696253e+00
 1.80753807e+00 -1.64679407e+00
 1.71460118e+00 -1.49960988e+00
 1.70473829e+00 -1.37117914e+00
 1.62475569e+00 -1.25820029e+00
 1.57406652e+00 -1.15807446e+00
 1.44405741e+00 -1.06873606e+00
 1.45872704e+00 -9.88527237e-01
 1.37292202e+00 -9.16104639e-01
 1.38415223e+00 -8.50369798e-01
 1.35769582e+00 -7.90416735e-01
 1.20931322e+00 -7.35492173e-01
 1.22674530e+00 -6.84965047e-01
 1.26347147e+00 -6.38302923e-01
 1.20611025e+00 -5.95053596e-01
 1.22968715e+00 -5.54830616e-01
 1.11200735e+00 -5.17301794e-01
 1.10048788e+00 -4.82180020e-01
 1.23311152e+00 -4.49215861e-01
 1.13122810e+00 -4.18191559e-01
 1.11141007e+00 -3.88916127e-01
 1.08808189e+00 -3.61221324e-01
 1.00696583e+00 -3.34958325e-01
 1.06810761e+00 -3.09994950e-01
 1.03680561e+00 -2.86213354e-01
 1.02367408e+00 -2.63508080e-01
 1.06053523e+00 -2.41784421e-01
 1.07283529e+00 -2.20957026e-01
 1.11474210e+00 -2.00948715e-01
 1.01489440e+00 -1.81689465e-01
 1.05263385e+00 -1.63115535e-01
 1.04013913e+00 -1.45168720e-01
 1.13945422e+00 -1.27795690e-01
 1.11153096e+00 -1.10947433e-01
 1.01234764e+00 -9.45787525e-02
 8.88750521e-01 -7.86478399e-02
 1.02487319e+00 -6.31158895e-02
 1.04137325e+00 -4.79467634e-02
 1.00373926e+00 -3.31066928e-02
 1.08532461e+00 -1.85640127e-02
 9.67880877e-01 -4.28892411e-03
 1.07122574e+00 9.74671884e-03
 1.03144612e+00 2.35696009e-02
 1.10884245e+00 3.72051200e-02
 1.14221218e+00 5.06775457e-02
 1.11750631e+00 6.40101645e-02
 1.13770978e+00 7.72254141e-02
 1.07537729e+00 9.03450068e-02
 1.09816690e+00 1.03390046e-01
 1.11503408e+00 1.16381136e-01
 1.04750492e+00 1.29338484e-01
 1.02453796e+00 1.42282000e-01
 1.07929618e+00 1.55231392e-01
 1.06020058e+00 1.68206259e-01
 1.04520200e+00 1.81226184e-01
 1.10469865e+00 1.94310821e-01
 1.13133973e+00 2.07479990e-01
 1.08056718e+00 2.20753766e-01
 1.08919556e+00 2.34152574e-01
 1.00784097e+00 2.47697285e-01
 1.05141832e+00 2.61409318e-01
 1.14233653e+00 2.75310743e-01
 1.14808643e+00 2.89424395e-01
 1.21598225e+00 3.03773989e-01
 1.25402954e+00 3.18384246e-01
 1.19345782e+00 3.33281034e-01
 1.26059411e+00 3.48491511e-01
 1.24296010e+00 3.64044287e-01
 1.17007854e+00 3.79969598e-01
 1.24260193e+00 3.96299504e-01
 1.27067812e+00 4.13068095e-01
 1.35411309e+00 4.30311734e-01
 1.22979708e+00 4.48069313e-01
 1.30525886e+00 4.66382552e-01
 1.38084215e+00 4.85296324e-01
 1.39141459e+00 5.04859022e-01
 1.39809622e+00 5.25122979e-01
 1.36317994e+00 5.46144933e-01
 1.34275455e+00 5.67986561e-01
 1.40698676e+00 5.90715085e-01
 1.47895738e+00 6.14403964e-01
 1.56124242e+00 6.39133678e-01
 1.55896573e+00 6.64992645e-01
 1.67839428e+00 6.92078255e-01
 1.69842176e+00 7.20498082e-01
 1.69931734e+00 7.50371276e-01
 1.60961555e+00 7.81830186e-01
 1.82825321e+00 8.15022248e-01
 1.87080108e+00 8.50112195e-01
 1.77858203e+00 8.87284640e-01
 1.87354353e+00 9.26747114e-01
 1.93576795e+00 9.68733646e-01
 2.16722778e+00 1.01350899e+00
 2.16105715e+00 1.06137359e+00
 2.22461944e+00 1.11266950e+00
 2.35178525e+00 1.16778732e+00
 2.29558537e+00 1.22717439e+00
 2.46395682e+00 1.29134431e+00
 2.62253291e+00 1.36088801e+00
 2.72170442e+00 1.43648610e+00
 2.91949037e+00 1.51892229e+00
 3.01589038e+00 1.60909669e+00
 3.19911417e+00 1.70803628e+00
 3.49490720e+00 1.81689733e+00
 3.68600175e+00 1.93694791e+00
 4.05482142e+00 2.06950677e+00
 4.41327005e+00 2.21578812e+00
 4.82085831e+00 2.37654413e+00
 5.42207533e+00 2.55126561e+00
 6.08300816e+00 2.73638866e+00
 6.80818123e+00 2.92117127e+00
 7.96053981e+00 3.07781737e+00
 9.47985731e+00 3.13651901e+00
 1.16758013e+01 2.91847854e+00
 1.48261827e+01 1.94807152e+00
 1.89883060e+01 -1.03994824e+00
 2.26586464e+01 -8.62592014e+00
 1.85056854e+01 -1.99766597e+01
 6.72413949e+00 -2.34184256e+01
 -8.06954405e-01 -1.91456023e+01
 -3.48571404e+00 -1.45404510e+01
 -4.09559203e+00 -1.12632906e+01
 -4.05703860e+00 -9.03513387e+00
 -3.83627679e+00 -7.48239403e+00
 -3.47561820e+00 -6.36009466e+00
 -3.15977591e+00 -5.52021688e+00
 -2.91238201e+00 -4.87242497e+00
 -2.72147094e+00 -4.35983896e+00
 -2.50397531e+00 -3.94538021e+00
 -2.36579906e+00 -3.60406784e+00
 -2.17249987e+00 -3.31856169e+00
 -2.12202773e+00 -3.07650151e+00
 -1.87267995e+00 -2.86886728e+00
 -1.75224469e+00 -2.68893825e+00
 -1.70230307e+00 -2.53161347e+00
 -1.60422249e+00 -2.39295720e+00
 -1.45466560e+00 -2.26988770e+00
 -1.40649723e+00 -2.15995979e+00
 -1.36781842e+00 -2.06121006e+00
 -1.28429852e+00 -1.97204481e+00
 -1.15097753e+00 -1.89115762e+00
 -1.10736191e+00 -1.81746791e+00
 -1.02565207e+00 -1.75007452e+00
 -1.03970314e+00 -1.68822018e+00
 -9.47020388e-01 -1.63126412e+00
 -9.25420876e-01 -1.57866061e+00
 -9.01330400e-01 -1.52994209e+00
 -9.09073651e-01 -1.48470576e+00
 -7.49719283e-01 -1.44260278e+00
 -7.39484098e-01 -1.40332961e+00
 -6.95433489e-01 -1.36662092e+00
 -6.66414313e-01 -1.33224382e+00
 -6.96359807e-01 -1.29999305e+00
 -6.43106103e-01 -1.26968706e+00
 -6.22406335e-01 -1.24116472e+00
 -4.97999979e-01 -1.21428251e+00
 -5.82600683e-01 -1.18891224e+00
 -5.75435544e-01 -1.16493908e+00
 -4.94613330e-01 -1.14225985e+00
 -4.58114796e-01 -1.12078165e+00
 -4.44869216e-01 -1.10042059e+00
 -4.27129118e-01 -1.08110077e+00
 -3.81731308e-01 -1.06275337e+00
 -3.07657440e-01 -1.04531585e+00
 -3.02955168e-01 -1.02873131e+00
 -2.86345666e-01 -1.01294783e+00
 -2.79529690e-01 -9.97918022e-01
 -2.98390879e-01 -9.83598535e-01
 -3.31043886e-01 -9.69949672e-01
 -3.31245563e-01 -9.56935038e-01
 -1.77890552e-01 -9.44521230e-01
 -2.50009348e-01 -9.32677568e-01
 -2.36861612e-01 -9.21375852e-01
 -1.79595757e-01 -9.10590150e-01
 -1.25351339e-01 -9.00296611e-01
 -1.72961326e-01 -8.90473293e-01
 -9.55412809e-02 -8.81100021e-01
 -1.12576324e-01 -8.72158250e-01
 -1.20614896e-01 -8.63630951e-01
 -8.29650332e-02 -8.55502511e-01
 -7.48934694e-03 -8.47758636e-01
 -5.09567011e-02 -8.40386279e-01
 2.82650671e-02 -8.33373567e-01
 -2.57462880e-02 -8.26709741e-01
 -6.39880653e-02 -8.20385108e-01
 2.65181779e-02 -8.14390998e-01
 9.39279748e-02 -8.08719729e-01
 7.51024918e-02 -8.03364581e-01
 3.21068646e-02 -7.98319777e-01
 5.62159556e-02 -7.93580474e-01
 1.43631096e-01 -7.89142756e-01
 1.43876400e-01 -7.85003641e-01
 8.96893573e-02 -7.81161095e-01
 2.45687647e-01 -7.77614051e-01
 2.66516141e-01 -7.74362441e-01
 1.40595558e-01 -7.71407239e-01
 3.23718067e-01 -7.68750513e-01
 2.21985132e-01 -7.66395491e-01
 3.14926831e-01 -7.64346643e-01
 2.65396302e-01 -7.62609775e-01
 2.72845578e-01 -7.61192150e-01
 3.89604677e-01 -7.60102620e-01
 3.84733802e-01 -7.59351796e-01
 3.41987574e-01 -7.58952239e-01
 4.40835355e-01 -7.58918689e-01
 4.01226823e-01 -7.59268343e-01
 4.42347701e-01 -7.60021171e-01
 4.46028347e-01 -7.61200305e-01
 5.31636136e-01 -7.62832499e-01
 5.50450759e-01 -7.64948673e-01
 5.95071065e-01 -7.67584574e-01
 5.67322097e-01 -7.70781571e-01
 6.19038989e-01 -7.74587612e-01
 6.65299308e-01 -7.79058400e-01
 7.74737535e-01 -7.84258818e-01
 7.70105095e-01 -7.90264697e-01
 8.65177883e-01 -7.97164995e-01
 8.18254007e-01 -8.05064519e-01
 9.48005065e-01 -8.14087344e-01
 9.61267135e-01 -8.24381138e-01
 1.00004869e+00 -8.36122686e-01
 1.03275672e+00 -8.49525001e-01
 1.19462906e+00 -8.64846568e-01
 1.19560679e+00 -8.82403499e-01
 1.27398584e+00 -9.02585674e-01
 1.31537249e+00 -9.25878460e-01
 1.40808899e+00 -9.52892308e-01
 1.55130852e+00 -9.84403688e-01
 1.63669435e+00 -1.02141259e+00
 1.84025457e+00 -1.06522475e+00
 1.93855190e+00 -1.11757137e+00
 2.07956704e+00 -1.18078741e+00
 2.31343947e+00 -1.25808302e+00
 2.58806070e+00 -1.35396808e+00
 2.78206435e+00 -1.47493543e+00
 3.11135467e+00 -1.63059697e+00
 3.49563491e+00 -1.83564225e+00
 3.87303295e+00 -2.11335311e+00
 4.31816740e+00 -2.50218798e+00
 4.95840067e+00 -3.06866497e+00
 5.82681709e+00 -3.93345595e+00
 6.66333132e+00 -5.32396992e+00
 7.56907212e+00 -7.66268947e+00
 7.34645816e+00 -1.15473692e+01
 4.06859978e+00 -1.64991830e+01
 -3.73524379e+00 -1.76815093e+01
 -9.16312290e+00 -1.29387596e+01
 -9.79010804e+00 -8.07742244e+00
 -8.78076858e+00 -5.13175150e+00
 -7.60783377e+00 -3.48357143e+00
 -6.59530507e+00 -2.52964768e+00
 -5.93073785e+00 -1.94667993e+00
 -5.28718011e+00 -1.57152887e+00
 -4.65951056e+00 -1.31919630e+00
 -4.29773762e+00 -1.14310366e+00
 -3.92870820e+00 -1.01640495e+00
 -3.56097951e+00 -9.22903932e-01
 -3.30196817e+00 -8.52429404e-01
 -3.21849591e+00 -7.98366749e-01
 -3.06178460e+00 -7.56281420e-01
 -2.83854068e+00 -7.23120315e-01
 -2.62927434e+00 -6.96731772e-01
 -2.51202308e+00 -6.75567837e-01
 -2.43019964e+00 -6.58494320e-01
 -2.38169825e+00 -6.44666534e-01
 -2.29148990e+00 -6.33446148e-01
 -2.20104428e+00 -6.24344403e-01
 -2.08527791e+00 -6.16982610e-01
 -2.04314718e+00 -6.11064212e-01
 -1.95315916e+00 -6.06354713e-01
 -1.86572051e+00 -6.02667064e-01
 -1.80797640e+00 -5.99850875e-01
 -1.78999743e+00 -5.97784367e-01
 -1.80165097e+00 -5.96368297e-01
 -1.78822320e+00 -5.95521325e-01
 -1.66926334e+00 -5.95176449e-01
 -1.52576648e+00 -5.95278243e-01
 -1.55957607e+00 -5.95780687e-01
 -1.60248447e+00 -5.96645463e-01
 -1.67463283e+00 -5.97840602e-01
 -1.52238849e+00 -5.99339400e-01
 -1.42080671e+00 -6.01119549e-01
 -1.42895306e+00 -6.03162434e-01
 -1.40680030e+00 -6.05452561e-01
 -1.37816222e+00 -6.07977094e-01
 -1.35500812e+00 -6.10725470e-01
 -1.34396167e+00 -6.13689090e-01
 -1.42684601e+00 -6.16861055e-01
 -1.37965534e+00 -6.20235956e-01
 -1.41012689e+00 -6.23809697e-01
 -1.27572257e+00 -6.27579349e-01
 -1.29136397e+00 -6.31543025e-01
 -1.27573182e+00 -6.35699787e-01
 -1.26739491e+00 -6.40049558e-01
 -1.27785563e+00 -6.44593057e-01
 -1.16357120e+00 -6.49331747e-01
 -1.18542779e+00 -6.54267787e-01
 -1.14236500e+00 -6.59404004e-01
 -1.20359721e+00 -6.64743865e-01
 -1.14217159e+00 -6.70291460e-01
 -1.25367089e+00 -6.76051491e-01
 -1.16966352e+00 -6.82029269e-01
 -1.23080371e+00 -6.88230714e-01
 -1.14982113e+00 -6.94662363e-01
 -1.11901588e+00 -7.01331381e-01
 -1.14249180e+00 -7.08245578e-01
 -1.17441747e+00 -7.15413435e-01
 -1.09611236e+00 -7.22844123e-01
 -1.18015576e+00 -7.30547545e-01
 -1.12886422e+00 -7.38534367e-01
 -1.12133680e+00 -7.46816067e-01
 -1.09848019e+00 -7.55404978e-01
 -1.10224334e+00 -7.64314350e-01
 -1.12174298e+00 -7.73558411e-01
 -1.07460852e+00 -7.83152437e-01
 -1.05348858e+00 -7.93112834e-01
 -1.05764223e+00 -8.03457219e-01
 -1.12008168e+00 -8.14204530e-01
 -1.12118880e+00 -8.25375123e-01
 -1.03345464e+00 -8.36990905e-01
 -1.09944615e+00 -8.49075465e-01
 -1.10901275e+00 -8.61654229e-01
 -1.13780575e+00 -8.74754632e-01
 -1.07732024e+00 -8.88406304e-01
 -1.09713685e+00 -9.02641292e-01
 -1.09539196e+00 -9.17494297e-01
 -1.09581170e+00 -9.33002947e-01
 -1.08610097e+00 -9.49208102e-01
 -1.07500597e+00 -9.66154202e-01
 -1.08378238e+00 -9.83889659e-01
 -1.14126073e+00 -1.00246730e+00
 -1.17472866e+00 -1.02194488e+00
 -1.11406007e+00 -1.04238566e+00
 -1.07571002e+00 -1.06385905e+00
 -1.24317610e+00 -1.08644141e+00
 -1.19605095e+00 -1.11021690e+00
 -1.17729716e+00 -1.13527848e+00
 -1.24870048e+00 -1.16172911e+00
 -1.26748357e+00 -1.18968312e+00
 -1.18936024e+00 -1.21926777e+00
 -1.25771932e+00 -1.25062514e+00
 -1.17713132e+00 -1.28391435e+00
 -1.27079129e+00 -1.31931410e+00
 -1.39600582e+00 -1.35702583e+00
 -1.30481781e+00 -1.39727734e+00
 -1.36906045e+00 -1.44032722e+00
 -1.35249392e+00 -1.48647017e+00
 -1.31631353e+00 -1.53604342e+00
 -1.43346658e+00 -1.58943453e+00
 -1.33589397e+00 -1.64709104e+00
 -1.49278728e+00 -1.70953219e+00
 -1.58943658e+00 -1.77736361e+00
 -1.62785941e+00 -1.85129548e+00
 -1.76334972e+00 -1.93216543e+00
 -1.78944372e+00 -2.02096734e+00
 -1.72240052e+00 -2.11888786e+00
 -1.76616939e+00 -2.22735292e+00
 -1.79221074e+00 -2.34808701e+00
 -2.09581315e+00 -2.48318879e+00
 -2.23946888e+00 -2.63522647e+00
 -2.24286701e+00 -2.80735607e+00
 -2.43342188e+00 -3.00346076e+00
 -2.80987131e+00 -3.22829683e+00
 -3.04400215e+00 -3.48759402e+00
 -3.33651493e+00 -3.78795610e+00
 -3.81409825e+00 -4.13612679e+00
 -4.58326305e+00 -4.53639010e+00
 -5.29186056e+00 -4.98252628e+00
 -6.58091785e+00 -5.43353235e+00
 -8.38148674e+00 -5.73993524e+00
 -1.12422476e+01 -5.42696274e+00
 -1.51512538e+01 -3.21138735e+00
 -1.78114343e+01 2.70586594e+00
 -1.49002164e+01 9.72771765e+00
 -8.92549039e+00 1.20442280e+01
 -4.77140946e+00 1.09593469e+01
 -2.43771071e+00 9.22135088e+00
 -1.29959755e+00 7.70736119e+00
 -6.62518650e-01 6.52157278e+00
 -3.32464920e-01 5.60573339e+00
 -2.48888939e-01 4.89068560e+00
 -1.28180690e-01 4.32268811e+00
 -5.33855033e-02 3.86334780e+00
 -5.83205526e-02 3.48561906e+00
 -8.90367958e-02 3.17029976e+00
 -3.50569395e-02 2.90354691e+00
 -8.82037119e-03 2.67520602e+00
 -9.91962775e-02 2.47769782e+00
 -8.61230378e-02 2.30527105e+00
 -3.89206519e-02 2.15349406e+00
 -2.01390098e-01 2.01890352e+00
 -1.80394258e-01 1.89875762e+00
 -1.22579784e-01 1.79085997e+00
 -1.55787380e-01 1.69343199e+00
 -2.20018571e-01 1.60501906e+00
 -2.08038110e-01 1.52442067e+00
 -2.50346097e-01 1.45063770e+00
 -2.48712384e-01 1.38283219e+00
 -2.77742251e-01 1.32029632e+00
 -3.02400467e-01 1.26242819e+00
 -3.47096236e-01 1.20871288e+00
 -2.43930407e-01 1.15870727e+00
 -4.00852710e-01 1.11202803e+00
 -3.41387535e-01 1.06834189e+00
 -3.09908338e-01 1.02735768e+00
 -3.35922610e-01 9.88819926e-01
 -3.08897070e-01 9.52503534e-01
 -4.25109007e-01 9.18209363e-01
 -4.25198116e-01 8.85760587e-01
 -3.79579438e-01 8.54999629e-01
 -4.15879572e-01 8.25785584e-01
 -4.38535950e-01 7.97992046e-01
 -3.33673850e-01 7.71505259e-01
 -3.66558779e-01 7.46222544e-01
 -4.79214754e-01 7.22050952e-01
 -4.47249178e-01 6.98906100e-01
 -5.07582374e-01 6.76711177e-01
 -5.03491726e-01 6.55396078e-01
 -4.91909867e-01 6.34896648e-01
 -5.82879480e-01 6.15154027e-01
 -4.55490241e-01 5.96114080e-01
 -5.93851000e-01 5.77726889e-01
 -5.98239578e-01 5.59946308e-01
 -5.00612089e-01 5.42729576e-01
 -6.22519096e-01 5.26036966e-01
 -6.63828138e-01 5.09831477e-01
 -5.28155377e-01 4.94078559e-01
 -5.38109282e-01 4.78745866e-01
 -6.89114864e-01 4.63803035e-01
 -5.43665853e-01 4.49221487e-01
 -6.47532425e-01 4.34974248e-01
 -6.13000888e-01 4.21035782e-01
 -6.56150178e-01 4.07381848e-01
 -6.46875323e-01 3.93989361e-01
 -7.02295961e-01 3.80836264e-01
 -5.89497466e-01 3.67901420e-01
 -7.19855312e-01 3.55164499e-01
 -7.40815651e-01 3.42605882e-01
 -7.31037381e-01 3.30206566e-01
 -7.41730828e-01 3.17948076e-01
 -7.63275667e-01 3.05812384e-01
 -8.29202192e-01 2.93781825e-01
 -7.88636898e-01 2.81839024e-01
 -9.10222718e-01 2.69966817e-01
 -8.27672338e-01 2.58148182e-01
 -8.27909780e-01 2.46366166e-01
 -8.95224855e-01 2.34603814e-01
 -9.25488494e-01 2.22844093e-01
 -8.91735625e-01 2.11069827e-01
 -8.61390839e-01 1.99263618e-01
 -9.33201479e-01 1.87407774e-01
 -9.55795743e-01 1.75484229e-01
 -9.64778662e-01 1.63474465e-01
 -1.04104457e+00 1.51359426e-01
 -9.87941038e-01 1.39119433e-01
 -9.74623040e-01 1.26734088e-01
 -1.04217611e+00 1.14182179e-01
 -1.02918225e+00 1.01441577e-01
 -1.15658991e+00 8.84891264e-02
 -1.06285230e+00 7.53005281e-02
 -1.22749820e+00 6.18502186e-02
 -1.29379680e+00 4.81112401e-02
 -1.19287256e+00 3.40551053e-02
 -1.33544474e+00 1.96516557e-02
 -1.32947361e+00 4.86891644e-03
 -1.34091791e+00 -1.03270520e-02
 -1.50636858e+00 -2.59722988e-02
 -1.42097174e+00 -4.21051212e-02
 -1.52020689e+00 -5.87661861e-02
 -1.65305803e+00 -7.59986231e-02
 -1.59227414e+00 -9.38480694e-02
 -1.76198858e+00 -1.12362641e-01
 -1.63857641e+00 -1.31592788e-01
 -1.78276490e+00 -1.51590984e-01
 -1.83094355e+00 -1.72411156e-01
 -1.93614601e+00 -1.94107742e-01
 -1.87936550e+00 -2.16734198e-01
 -2.14754594e+00 -2.40340684e-01
 -2.22986505e+00 -2.64970536e-01
 -2.34609158e+00 -2.90654943e-01
 -2.43513455e+00 -3.17404897e-01
 -2.55140397e+00 -3.45199042e-01
 -2.64925655e+00 -3.73965211e-01
 -2.95242007e+00 -4.03552178e-01
 -3.05752371e+00 -4.33685976e-01
 -3.23177709e+00 -4.63901457e-01
 -3.47792062e+00 -4.93433387e-01
 -3.68534828e+00 -5.21039895e-01
 -4.01871207e+00 -5.44710031e-01
 -4.39188517e+00 -5.61167192e-01
 -4.79671058e+00 -5.65001512e-01
 -5.31453364e+00 -5.47103974e-01
 -5.95023881e+00 -4.91734586e-01
 -6.70753579e+00 -3.70804910e-01
 -7.64385251e+00 -1.32232806e-01
 -9.03128547e+00 3.24787567e-01
 -1.06116047e+01 1.20369888e+00
 -1.26415212e+01 2.92399025e+00
 -1.48944133e+01 6.29449156e+00
 -1.55574099e+01 1.22742478e+01
 -1.12080223e+01 1.92678202e+01
 -2.58653718e+00 2.11498979e+01
 3.53306393e+00 1.75970460e+01
 5.96618366e+00 1.33639409e+01
 6.28029214e+00 1.02033295e+01
 5.97266387e+00 8.04040234e+00
 5.59500199e+00 6.55069640e+00
 5.14462279e+00 5.49372602e+00
 4.72356654e+00 4.71871771e+00
 4.32213920e+00 4.13293037e+00
 3.99248835e+00 3.67823591e+00
 3.68460273e+00 3.31712818e+00
 3.51652681e+00 3.02465953e+00
 3.20768198e+00 2.78375030e+00
 2.99840288e+00 2.58239531e+00
 2.77527988e+00 2.41195372e+00
 2.60321894e+00 2.26607273e+00
 2.45036476e+00 2.13999218e+00
 2.42687342e+00 2.03008392e+00
 2.20731337e+00 1.93354003e+00
 2.20346628e+00 1.84815715e+00
 2.06174961e+00 1.77218458e+00
 1.91695170e+00 1.70421547e+00
 1.88261207e+00 1.64310751e+00
 1.83267073e+00 1.58792443e+00
 1.69492809e+00 1.53789217e+00
 1.71541899e+00 1.49236567e+00
 1.62101104e+00 1.45080344e+00
 1.66969197e+00 1.41274784e+00
 1.53364356e+00 1.37780969e+00
 1.49602883e+00 1.34565611e+00
 1.39228846e+00 1.31600082e+00
 1.45336512e+00 1.28859644e+00
 1.32226387e+00 1.26322816e+00
 1.38153211e+00 1.23970869e+00
 1.30761972e+00 1.21787404e+00
 1.07112959e+00 1.19758015e+00
 1.15117716e+00 1.17869996e+00
 1.16649976e+00 1.16112112e+00
 1.16169756e+00 1.14474393e+00
 1.10923077e+00 1.12947972e+00
 1.01687825e+00 1.11524945e+00
 1.04296355e+00 1.10198244e+00
 9.98078043e-01 1.08961545e+00
 1.03496202e+00 1.07809173e+00
 9.16133760e-01 1.06736033e+00
 9.13164003e-01 1.05737540e+00
 9.09259688e-01 1.04809569e+00
 8.83815196e-01 1.03948406e+00
 8.37528111e-01 1.03150702e+00
 8.41703488e-01 1.02413442e+00
 7.78428983e-01 1.01733914e+00
 8.72158473e-01 1.01109676e+00
 7.57512332e-01 1.00538537e+00
 7.50693084e-01 1.00018537e+00
 7.90204543e-01 9.95479234e-01
 7.34819550e-01 9.91251411e-01
 7.94956665e-01 9.87488157e-01
 7.09039592e-01 9.84177428e-01
 6.86993691e-01 9.81308772e-01
 7.66062250e-01 9.78873250e-01
 7.06472259e-01 9.76863357e-01
 6.71580045e-01 9.75272967e-01
 6.76491597e-01 9.74097281e-01
 6.67860561e-01 9.73332794e-01
 6.50709604e-01 9.72977262e-01
 6.71683910e-01 9.73029690e-01
 6.07498013e-01 9.73490324e-01
 6.57181164e-01 9.74360650e-01
 6.01264303e-01 9.75643411e-01
 6.02340469e-01 9.77342627e-01
 5.33973631e-01 9.79463627e-01
 4.83308749e-01 9.82013094e-01
 5.53388807e-01 9.84999116e-01
 4.46690950e-01 9.88431258e-01
 4.57640518e-01 9.92320637e-01
 4.68551880e-01 9.96680020e-01
 5.07398237e-01 1.00152393e+00
 4.31988127e-01 1.00686879e+00
 4.52006333e-01 1.01273304e+00
 4.49486195e-01 1.01913735e+00
 3.38727604e-01 1.02610477e+00
 4.07396019e-01 1.03366101e+00
 4.23758363e-01 1.04183465e+00
 3.63135799e-01 1.05065747e+00
 2.60848742e-01 1.06016479e+00
 3.36415717e-01 1.07039584e+00
 3.29730715e-01 1.08139427e+00
 3.77781655e-01 1.09320863e+00
 3.36131736e-01 1.10589300e+00
 4.14707312e-01 1.11950774e+00
 2.59304875e-01 1.13412027e+00
 2.31499224e-01 1.14980608e+00
 3.06344534e-01 1.16664988e+00
 3.00147240e-01 1.18474694e+00
 2.37740749e-01 1.20420472e+00
 2.48513483e-01 1.22514479e+00
 2.17902524e-01 1.24770509e+00
 2.49294987e-01 1.27204271e+00
 1.49703218e-01 1.29833725e+00
 6.84038191e-02 1.32679482e+00
 1.29603194e-01 1.35765306e+00
 9.96943265e-02 1.39118724e+00
 1.12584132e-01 1.42771786e+00
 8.00368466e-02 1.46762014e+00
 1.20976919e-01 1.51133604e+00
 6.43964930e-02 1.55938944e+00
 2.36695818e-02 1.61240574e+00
 -6.96262909e-02 1.67113719e+00
 -1.30404783e-01 1.73649615e+00
 -1.27346323e-01 1.80959910e+00
 -2.23430935e-01 1.89182580e+00
 -1.20928007e-01 1.98489977e+00
 -2.58169592e-01 2.09099926e+00
 -1.87505773e-01 2.21291288e+00
 -3.37190138e-01 2.35426120e+00
 -3.47550517e-01 2.51981779e+00
 -3.60079865e-01 2.71598244e+00
 -4.00896521e-01 2.95148990e+00
 -4.16698810e-01 3.23848572e+00
 -4.69833477e-01 3.59416635e+00
 -4.91711328e-01 4.04323654e+00
 -5.04036842e-01 4.62130623e+00
 -3.23893750e-01 5.37820928e+00
 1.06466631e-01 6.37448065e+00
 9.69943953e-01 7.63931952e+00
 2.73929799e+00 8.97125111e+00
 6.12922498e+00 9.37280519e+00
 9.60835610e+00 7.10219452e+00
 1.06998738e+01 3.01814610e+00
 9.32661027e+00 8.68808779e-02
 7.49128249e+00 -1.23467244e+00
 6.08521450e+00 -1.68634498e+00
 5.02271315e+00 -1.76876500e+00
 4.34513542e+00 -1.70661765e+00
 3.73120900e+00 -1.59293873e+00
 3.31760746e+00 -1.46592074e+00
 3.04071172e+00 -1.34106496e+00
 2.64983623e+00 -1.22429016e+00
 2.60404405e+00 -1.11740382e+00
 2.32729687e+00 -1.02046010e+00
 2.18790088e+00 -9.32803198e-01
 2.02906668e+00 -8.53535195e-01
 1.93986920e+00 -7.81724105e-01
 1.84093444e+00 -7.16492135e-01
 1.79626952e+00 -6.57048286e-01
 1.67584936e+00 -6.02695331e-01
 1.70636200e+00 -5.52825506e-01
 1.68530806e+00 -5.06911771e-01
 1.59027048e+00 -4.64497883e-01
 1.58307670e+00 -4.25188754e-01
 1.60302934e+00 -3.88641710e-01
 1.52610295e+00 -3.54558823e-01
 1.47991997e+00 -3.22680331e-01
 1.40760244e+00 -2.92779033e-01
 1.43191054e+00 -2.64655547e-01
 1.30455005e+00 -2.38134316e-01
 1.19738928e+00 -2.13060228e-01
 1.24250513e+00 -1.89295772e-01
 1.23215477e+00 -1.66718628e-01
 1.20547420e+00 -1.45219625e-01
 1.27501106e+00 -1.24701010e-01
 1.23324271e+00 -1.05074966e-01
 1.24148508e+00 -8.62623519e-02
 1.20054533e+00 -6.81916195e-02
 1.11814478e+00 -5.07978801e-02
 1.18302837e+00 -3.40221022e-02
 1.16897715e+00 -1.78104154e-02
 1.14599014e+00 -2.11350570e-03
 1.18024094e+00 1.31139106e-02
 1.11521749e+00 2.79135477e-02
 1.10264173e+00 4.23239541e-02
 1.19266222e+00 5.63808679e-02
 1.07881272e+00 7.01175310e-02
 1.12298212e+00 8.35649671e-02
 1.17029747e+00 9.67522295e-02
 1.09479107e+00 1.09706622e-01
 1.18900833e+00 1.22453897e-01
 1.20284818e+00 1.35018433e-01
 1.12032340e+00 1.47423399e-01
 1.02599309e+00 1.59690896e-01
 1.07121570e+00 1.71842097e-01
 1.16888553e+00 1.83897364e-01
 1.09207289e+00 1.95876365e-01
 1.17564797e+00 2.07798178e-01
 1.10512944e+00 2.19681393e-01
 1.18140491e+00 2.31544199e-01
 1.14466027e+00 2.43404478e-01
 1.12553241e+00 2.55279887e-01
 1.13500512e+00 2.67187941e-01
 1.14017569e+00 2.79146090e-01
 1.16355022e+00 2.91171802e-01
 1.15780417e+00 3.03282636e-01
 9.70520184e-01 3.15496325e-01
 1.11150432e+00 3.27830848e-01
 1.09476894e+00 3.40304516e-01
 1.14549872e+00 3.52936053e-01
 1.17745762e+00 3.65744680e-01
 1.22718275e+00 3.78750206e-01
 1.18787264e+00 3.91973121e-01
 1.23029499e+00 4.05434696e-01
 1.17812559e+00 4.19157090e-01
 1.19014686e+00 4.33163463e-01
 1.25846240e+00 4.47478100e-01
 1.22414292e+00 4.62126541e-01
 1.19485695e+00 4.77135732e-01
 1.21664149e+00 4.92534176e-01
 1.21470235e+00 5.08352113e-01
 1.34240648e+00 5.24621710e-01
 1.29335369e+00 5.41377268e-01
 1.24779628e+00 5.58655464e-01
 1.33771240e+00 5.76495606e-01
 1.34198243e+00 5.94939926e-01
 1.40371785e+00 6.14033907e-01
 1.39507303e+00 6.33826642e-01
 1.41809105e+00 6.54371253e-01
 1.49163561e+00 6.75725344e-01
 1.47813990e+00 6.97951529e-01
 1.47144383e+00 7.21118021e-01
 1.50452010e+00 7.45299304e-01
 1.54280380e+00 7.70576899e-01
 1.53758480e+00 7.97040231e-01
 1.56730719e+00 8.24787627e-01
 1.77886200e+00 8.53927458e-01
 1.74900895e+00 8.84579446e-01
 1.68167398e+00 9.16876167e-01
 1.76914040e+00 9.50964781e-01
 1.88764646e+00 9.87009023e-01
 1.88537070e+00 1.02519150e+00
 1.98577223e+00 1.06571633e+00
 2.02982093e+00 1.10881216e+00
 2.11523195e+00 1.15473567e+00
 2.08488169e+00 1.20377548e+00
 2.18516831e+00 1.25625658e+00
 2.27413198e+00 1.31254528e+00
 2.36611985e+00 1.37305438e+00
 2.47182691e+00 1.43824855e+00
 2.52904346e+00 1.50864919e+00
 2.73461575e+00 1.58483770e+00
 2.80630873e+00 1.66745525e+00
 3.00935267e+00 1.75719524e+00
 3.23243827e+00 1.85478151e+00
 3.44471511e+00 1.96091947e+00
 3.76446888e+00 2.07619568e+00
 3.95313494e+00 2.20087909e+00
 4.34233880e+00 2.33453119e+00
 4.79501687e+00 2.47523764e+00
 5.33029570e+00 2.61806794e+00
 5.99520672e+00 2.75190912e+00
 6.93016437e+00 2.85274930e+00
 8.14254695e+00 2.86893440e+00
 9.55923170e+00 2.68786941e+00
 1.14768943e+01 2.06088679e+00
 1.40367720e+01 4.51700896e-01
 1.67476184e+01 -3.10952931e+00
 1.73088483e+01 -9.26283621e+00
 1.30349976e+01 -1.53256822e+01
 6.41885555e+00 -1.68946470e+01
 1.60183241e+00 -1.49602777e+01
 -8.20698478e-01 -1.23412437e+01
 -1.82459070e+00 -1.01238118e+01
 -2.29678975e+00 -8.42902401e+00
 -2.31439908e+00 -7.15205462e+00
 -2.35891620e+00 -6.17833446e+00
 -2.20741187e+00 -5.42147864e+00
 -2.11328875e+00 -4.82129878e+00
 -1.91364276e+00 -4.33637000e+00
 -1.84526048e+00 -3.93791193e+00
 -1.70215634e+00 -3.60558931e+00
 -1.50756971e+00 -3.32475924e+00
 -1.40133156e+00 -3.08467724e+00
 -1.40364009e+00 -2.87731720e+00
 -1.26831414e+00 -2.69658337e+00
 -1.20824117e+00 -2.53777510e+00
 -1.10923306e+00 -2.39721664e+00
 -1.10123805e+00 -2.27199696e+00
 -9.60663756e-01 -2.15978368e+00
 -9.22818372e-01 -2.05868809e+00
 -9.55401276e-01 -1.96716580e+00
 -8.17717921e-01 -1.88394259e+00
 -8.05772315e-01 -1.80795849e+00
 -8.04897211e-01 -1.73832501e+00
 -8.30096204e-01 -1.67429216e+00
 -7.18037867e-01 -1.61522270e+00
 -6.53975155e-01 -1.56057191e+00
 -4.85798217e-01 -1.50987155e+00
 -5.56759828e-01 -1.46271697e+00
 -5.41303485e-01 -1.41875675e+00
 -5.38301873e-01 -1.37768432e+00
 -5.68259350e-01 -1.33923106e+00
 -4.76189414e-01 -1.30316062e+00
 -4.67077558e-01 -1.26926431e+00
 -3.60533773e-01 -1.23735714e+00
 -3.59416996e-01 -1.20727462e+00
 -3.22918210e-01 -1.17886996e+00
 -3.25326085e-01 -1.15201185e+00
 -2.85648149e-01 -1.12658242e+00
 -2.18191503e-01 -1.10247560e+00
 -1.85618117e-01 -1.07959571e+00
 -1.20116486e-01 -1.05785623e+00
 -2.09909746e-01 -1.03717871e+00
 -2.09582451e-01 -1.01749191e+00
 -1.94344123e-01 -9.98730981e-01
 -1.68388407e-01 -9.80836763e-01
 -8.32280495e-02 -9.63755216e-01
 -8.60267303e-02 -9.47436876e-01
 -5.86640823e-02 -9.31836401e-01
 -1.38973525e-01 -9.16912160e-01
 -2.36510558e-02 -9.02625881e-01
 1.23236237e-02 -8.88942334e-01
 2.09827654e-03 -8.75829051e-01
 -9.32890238e-02 -8.63256081e-01
 -5.14181552e-02 -8.51195767e-01
 -2.20402921e-02 -8.39622554e-01
 3.35389428e-02 -8.28512816e-01
 4.74462087e-03 -8.17844698e-01
 4.40218311e-02 -8.07597983e-01
 1.36349865e-01 -7.97753965e-01
 6.70228444e-02 -7.88295345e-01
 1.43247520e-01 -7.79206133e-01
 7.11640900e-02 -7.70471562e-01
 1.36886022e-01 -7.62078015e-01
 1.43684009e-01 -7.54012958e-01
 1.85092613e-01 -7.46264883e-01
 2.65058514e-01 -7.38823262e-01
 1.87545115e-01 -7.31678504e-01
 2.16337706e-01 -7.24821924e-01
 2.53011396e-01 -7.18245716e-01
 2.70028255e-01 -7.11942936e-01
 1.98225486e-01 -7.05907489e-01
 2.06718629e-01 -7.00134129e-01
 2.95468044e-01 -6.94618461e-01
 3.52497516e-01 -6.89356958e-01
 3.16223383e-01 -6.84346979e-01
 3.68176393e-01 -6.79586805e-01
 3.54080824e-01 -6.75075681e-01
 4.07918247e-01 -6.70813873e-01
 5.08822622e-01 -6.66802738e-01
 5.00543721e-01 -6.63044811e-01
 5.37046533e-01 -6.59543909e-01
 5.19228136e-01 -6.56305260e-01
 5.52435850e-01 -6.53335659e-01
 5.40992539e-01 -6.50643648e-01
 5.40548451e-01 -6.48239738e-01
 6.75450736e-01 -6.46136678e-01
 6.66033769e-01 -6.44349767e-01
 7.05859359e-01 -6.42897242e-01
 7.40547232e-01 -6.41800737e-01
 7.22004180e-01 -6.41085839e-01
 7.79431618e-01 -6.40782768e-01
 7.71398392e-01 -6.40927199e-01
 8.31526910e-01 -6.41561273e-01
 1.00105110e+00 -6.42734837e-01
 1.02302504e+00 -6.44506983e-01
 9.97516023e-01 -6.46947952e-01
 9.75113426e-01 -6.50141533e-01
 1.06484474e+00 -6.54188073e-01
 1.17635887e+00 -6.59208301e-01
 1.21177480e+00 -6.65348230e-01
 1.22853107e+00 -6.72785460e-01
 1.33132195e+00 -6.81737409e-01
 1.49585163e+00 -6.92472101e-01
 1.50157987e+00 -7.05322513e-01
 1.68413331e+00 -7.20705820e-01
 1.74030279e+00 -7.39149562e-01
 1.80854679e+00 -7.61327651e-01
 1.91891266e+00 -7.88110663e-01
 1.96427657e+00 -8.20637140e-01
 2.18408869e+00 -8.60416405e-01
 2.32292602e+00 -9.09479559e-01
 2.44968860e+00 -9.70605706e-01
 2.84357200e+00 -1.04766841e+00
 3.05182869e+00 -1.14617913e+00
 3.38002183e+00 -1.27416191e+00
 3.70835758e+00 -1.44360134e+00
 4.04816966e+00 -1.67290994e+00
 4.60220807e+00 -1.99125561e+00
 5.03606598e+00 -2.44633638e+00
 5.80273352e+00 -3.11846797e+00
 6.53438708e+00 -4.14512819e+00
 7.32377072e+00 -5.75539918e+00
 7.78020631e+00 -8.26766474e+00
 6.73048021e+00 -1.17874737e+01
 3.23204227e+00 -1.50702015e+01
 -2.25120464e+00 -1.52961015e+01
 -6.23368189e+00 -1.23841726e+01
 -7.42620296e+00 -9.04718551e+00
 -7.29061480e+00 -6.56683425e+00
 -6.68375472e+00 -4.91790609e+00
 -6.05254449e+00 -3.83006468e+00
 -5.43923004e+00 -3.09452648e+00
 -4.98881444e+00 -2.58093267e+00
 -4.50634887e+00 -2.21080290e+00
 -4.23849652e+00 -1.93633746e+00
 -3.86955351e+00 -1.72764778e+00
 -3.61887964e+00 -1.56548040e+00
 -3.43637498e+00 -1.43706557e+00
 -3.00102913e+00 -1.33370076e+00
 -3.09012876e+00 -1.24930683e+00
 -2.84402355e+00 -1.17954130e+00
 -2.74614344e+00 -1.12123936e+00
 -2.57580883e+00 -1.07205233e+00
 -2.62356389e+00 -1.03020856e+00
 -2.36355006e+00 -9.94351830e-01
 -2.19093537e+00 -9.63429940e-01
 -2.22914859e+00 -9.36616604e-01
 -2.08450351e+00 -9.13255711e-01
 -1.93625038e+00 -8.92820986e-01
 -1.90302707e+00 -8.74886367e-01
 -1.85436412e+00 -8.59103984e-01
 -1.85642132e+00 -8.45187585e-01
 -1.83062158e+00 -8.32899927e-01
 -1.83835983e+00 -8.22043086e-01
 -1.71769810e+00 -8.12450937e-01
 -1.61661040e+00 -8.03983270e-01
 -1.56461408e+00 -7.96521146e-01
 -1.64262161e+00 -7.89963197e-01
 -1.49205939e+00 -7.84222672e-01
 -1.55960337e+00 -7.79225045e-01
 -1.56098840e+00 -7.74906079e-01
 -1.50554088e+00 -7.71210247e-01
 -1.45823996e+00 -7.68089426e-01
 -1.41386706e+00 -7.65501832e-01
 -1.45047563e+00 -7.63411127e-01
 -1.32213605e+00 -7.61785681e-01
 -1.31207427e+00 -7.60597950e-01
 -1.27111152e+00 -7.59823959e-01
 -1.29610765e+00 -7.59442865e-01
 -1.19311807e+00 -7.59436584e-01
 -1.31787291e+00 -7.59789481e-01
 -1.28203577e+00 -7.60488100e-01
 -1.26572491e+00 -7.61520945e-01
 -1.19759461e+00 -7.62878284e-01
 -1.19925817e+00 -7.64551985e-01
 -1.22360718e+00 -7.66535381e-01
 -1.14825586e+00 -7.68823151e-01
 -1.08789684e+00 -7.71411218e-01
 -1.11448319e+00 -7.74296674e-01
 -1.11707230e+00 -7.77477704e-01
 -1.24168112e+00 -7.80953533e-01
 -1.12950121e+00 -7.84724379e-01
 -1.08175485e+00 -7.88791422e-01
 -1.12742624e+00 -7.93156772e-01
 -1.09279237e+00 -7.97823459e-01
 -1.11551435e+00 -8.02795417e-01
 -1.11262609e+00 -8.08077486e-01
 -9.82851767e-01 -8.13675418e-01
 -1.05859600e+00 -8.19595888e-01
 -1.10619908e+00 -8.25846516e-01
 -1.04335919e+00 -8.32435894e-01
 -1.08682386e+00 -8.39373618e-01
 -1.01760860e+00 -8.46670335e-01
 -1.07302664e+00 -8.54337788e-01
 -1.01157576e+00 -8.62388881e-01
 -9.53440482e-01 -8.70837744e-01
 -9.56311574e-01 -8.79699808e-01
 -9.64101168e-01 -8.88991901e-01
 -9.63657685e-01 -8.98732343e-01
 -9.33112033e-01 -9.08941063e-01
 -9.83623664e-01 -9.19639727e-01
 -9.59490962e-01 -9.30851881e-01
 -9.83010926e-01 -9.42603117e-01
 -9.68742838e-01 -9.54921256e-01
 -9.87390865e-01 -9.67836557e-01
 -1.02475076e+00 -9.81381947e-01
 -1.05804173e+00 -9.95593290e-01
 -9.99744028e-01 -1.01050968e+00
 -9.59463078e-01 -1.02617379e+00
 -1.00103714e+00 -1.04263224e+00
 -1.07985651e+00 -1.05993606e+00
 -1.04042361e+00 -1.07814115e+00
 -1.01150599e+00 -1.09730889e+00
 -1.11456321e+00 -1.11750678e+00
 -1.05263708e+00 -1.13880916e+00
 -9.92071113e-01 -1.16129812e+00
 -1.07572972e+00 -1.18506447e+00
 -1.00218335e+00 -1.21020890e+00
 -1.10253353e+00 -1.23684334e+00
 -1.04466265e+00 -1.26509252e+00
 -1.02813964e+00 -1.29509582e+00
 -1.08508991e+00 -1.32700940e+00
 -1.09058133e+00 -1.36100883e+00
 -1.10981147e+00 -1.39729207e+00
 -1.04776533e+00 -1.43608307e+00
 -1.12352278e+00 -1.47763616e+00
 -1.19955906e+00 -1.52224117e+00
 -1.32443581e+00 -1.57022974e+00
 -1.21033363e+00 -1.62198295e+00
 -1.19626331e+00 -1.67794057e+00
 -1.28402973e+00 -1.73861246e+00
 -1.23012615e+00 -1.80459258e+00
 -1.31538321e+00 -1.87657630e+00
 -1.33071164e+00 -1.95538197e+00
 -1.42732921e+00 -2.04197762e+00
 -1.49450936e+00 -2.13751447e+00
 -1.61172191e+00 -2.24336837e+00
 -1.65424117e+00 -2.36119126e+00
 -1.75168919e+00 -2.49297358e+00
 -1.77493529e+00 -2.64111778e+00
 -2.00273429e+00 -2.80851857e+00
 -2.17312875e+00 -2.99863517e+00
 -2.25143044e+00 -3.21551493e+00
 -2.70936772e+00 -3.46366419e+00
 -2.92282791e+00 -3.74750580e+00
 -3.42515665e+00 -4.06976814e+00
 -3.93901490e+00 -4.42713195e+00
 -4.71750004e+00 -4.79879433e+00
 -5.87162233e+00 -5.11678826e+00
 -7.52060905e+00 -5.19209309e+00
 -9.86042918e+00 -4.56187579e+00
 -1.22996938e+01 -2.38748311e+00
 -1.34491534e+01 1.70777407e+00
 -1.16957804e+01 5.78102363e+00
 -8.34893261e+00 7.59244418e+00
 -5.56231363e+00 7.55842839e+00
 -3.75200704e+00 6.83337643e+00
 -2.66072374e+00 6.00418146e+00
 -2.01530065e+00 5.25685130e+00
 -1.39987078e+00 4.62662181e+00
 -1.13878573e+00 4.10424622e+00
 -9.87598901e-01 3.67111456e+00
 -8.37537777e-01 3.30945129e+00
 -8.01354496e-01 3.00462832e+00
 -5.95718508e-01 2.74516930e+00
 -6.72842810e-01 2.52219783e+00
 -6.41077941e-01 2.32885202e+00
 -6.09319912e-01 2.15979759e+00
 -5.96681528e-01 2.01085326e+00
 -5.32875962e-01 1.87871071e+00
 -5.52759821e-01 1.76072699e+00
 -5.89623822e-01 1.65477057e+00
 -4.12508890e-01 1.55910669e+00
 -5.13601199e-01 1.47231123e+00
 -4.91680458e-01 1.39320551e+00
 -4.31502938e-01 1.32080650e+00
 -5.48893408e-01 1.25428848e+00
 -5.48290260e-01 1.19295312e+00
 -5.03268402e-01 1.13620617e+00
 -5.48060190e-01 1.08353892e+00
 -5.57582617e-01 1.03451348e+00
 -5.52475171e-01 9.88750945e-01
 -5.70601582e-01 9.45921861e-01
 -5.70233588e-01 9.05738414e-01
 -5.99052651e-01 8.67948086e-01
 -5.50745853e-01 8.32328401e-01
 -5.92754486e-01 7.98682578e-01
 -6.15480749e-01 7.66835913e-01
 -6.03296264e-01 7.36632747e-01
 -6.49456049e-01 7.07933915e-01
 -5.47836572e-01 6.80614592e-01
 -6.84375242e-01 6.54562457e-01
 -6.74701623e-01 6.29676141e-01
 -6.28957666e-01 6.05863881e-01
 -6.96142996e-01 5.83042379e-01
 -6.84771283e-01 5.61135803e-01
 -6.94638266e-01 5.40074938e-01
 -6.78519177e-01 5.19796429e-01
 -6.86550641e-01 5.00242140e-01
 -7.82127424e-01 4.81358581e-01
 -6.97567769e-01 4.63096405e-01
 -7.10224993e-01 4.45409975e-01
 -7.00795316e-01 4.28256969e-01
 -6.95643409e-01 4.11598040e-01
 -6.85869021e-01 3.95396508e-01
 -8.02804018e-01 3.79618083e-01
 -7.16270432e-01 3.64230630e-01
 -6.50972381e-01 3.49203938e-01
 -7.56934095e-01 3.34509530e-01
 -7.28496057e-01 3.20120484e-01
 -8.11070468e-01 3.06011265e-01
 -8.64548877e-01 2.92157583e-01
 -7.90832667e-01 2.78536253e-01
 -7.31020120e-01 2.65125073e-01
 -8.43042786e-01 2.51902710e-01
 -7.42549846e-01 2.38848590e-01
 -8.56487585e-01 2.25942799e-01
 -8.65431233e-01 2.13165992e-01
 -8.92734524e-01 2.00499299e-01
 -7.77037215e-01 1.87924248e-01
 -8.26669278e-01 1.75422675e-01
 -8.89280691e-01 1.62976655e-01
 -1.02635489e+00 1.50568419e-01
 -9.88721418e-01 1.38180284e-01
 -9.77545963e-01 1.25794578e-01
 -9.83505862e-01 1.13393563e-01
 -9.59469915e-01 1.00959371e-01
 -1.04056659e+00 8.84739171e-02
 -1.02054542e+00 7.59188353e-02
 -9.56471163e-01 6.32753940e-02
 -1.06433679e+00 5.05244184e-02
 -1.09780149e+00 3.76462076e-02
 -1.03719202e+00 2.46204480e-02
 -1.18113881e+00 1.14261234e-02
 -1.17885724e+00 -1.95858022e-03
 -1.18289697e+00 -1.55563743e-02
 -1.14348243e+00 -2.93909725e-02
 -1.28344884e+00 -4.34872019e-02
 -1.32404828e+00 -5.78711195e-02
 -1.24928109e+00 -7.25701349e-02
 -1.30396008e+00 -8.76131389e-02
 -1.32193632e+00 -1.03030637e-01
 -1.41124127e+00 -1.18854888e-01
 -1.44879619e+00 -1.35120041e-01
 -1.35963931e+00 -1.51862277e-01
 -1.50802451e+00 -1.69119944e-01
 -1.52799609e+00 -1.86933671e-01
 -1.54235660e+00 -2.05346476e-01
 -1.56606878e+00 -2.24403824e-01
 -1.66400074e+00 -2.44153639e-01
 -1.76707585e+00 -2.64646221e-01
 -1.75726295e+00 -2.85934050e-01
 -1.80558501e+00 -3.08071392e-01
 -1.88306915e+00 -3.31113648e-01
 -1.94229266e+00 -3.55116303e-01
 -2.00886004e+00 -3.80133312e-01
 -2.14052581e+00 -4.06214664e-01
 -2.20223812e+00 -4.33402740e-01
 -2.37993787e+00 -4.61726908e-01
 -2.39791789e+00 -4.91195518e-01
 -2.57197466e+00 -5.21784015e-01
 -2.72550166e+00 -5.53417214e-01
 -2.81275724e+00 -5.85942705e-01
 -2.99455180e+00 -6.19090545e-01
 -3.20510943e+00 -6.52411519e-01
 -3.26943919e+00 -6.85181243e-01
 -3.76500422e+00 -7.16248902e-01
 -3.90329356e+00 -7.43794265e-01
 -4.28303872e+00 -7.64929292e-01
 -4.62172455e+00 -7.75029729e-01
 -4.97484317e+00 -7.66584599e-01
 -5.46736117e+00 -7.27159880e-01
 -6.24360415e+00 -6.35686669e-01
 -7.19035644e+00 -4.55496460e-01
 -8.10881042e+00 -1.20943105e-01
 -9.39557890e+00 4.88421137e-01
 -1.08838911e+01 1.59520018e+00
 -1.25078109e+01 3.59106812e+00
 -1.38032271e+01 7.01638064e+00
 -1.30857651e+01 1.19534910e+01
 -9.10383705e+00 1.64566615e+01
 -3.16803528e+00 1.74937489e+01
 1.35223763e+00 1.54267330e+01
 3.55738018e+00 1.25911735e+01
 4.44467721e+00 1.01588196e+01
 4.53639582e+00 8.31185471e+00
 4.45651306e+00 6.94295865e+00
 4.19517640e+00 5.91992361e+00
 3.94966029e+00 5.14103235e+00
 3.65848318e+00 4.53559512e+00
 3.45980629e+00 4.05549815e+00
 3.15301789e+00 3.66779779e+00
 2.95300491e+00 3.34958135e+00
 2.90917662e+00 3.08461022e+00
 2.66711065e+00 2.86115230e+00
 2.57221553e+00 2.67057312e+00
 2.41395356e+00 2.50640694e+00
 2.32787807e+00 2.36373400e+00
 2.13466435e+00 2.23875555e+00
 2.06367253e+00 2.12849875e+00
 1.98847605e+00 2.03060834e+00
 1.84421732e+00 1.94319723e+00
 1.71888129e+00 1.86473778e+00
 1.69832135e+00 1.79398156e+00
 1.67152506e+00 1.72989936e+00
 1.66443075e+00 1.67163589e+00
 1.53702280e+00 1.61847505e+00
 1.56594827e+00 1.56981317e+00
 1.37970743e+00 1.52513810e+00
 1.31185907e+00 1.48401275e+00
 1.32810523e+00 1.44606202e+00
 1.34345136e+00 1.41096238e+00
 1.26101365e+00 1.37843341e+00
 1.18668793e+00 1.34823100e+00
 1.12218459e+00 1.32014174e+00
 1.09250785e+00 1.29397834e+00
 1.07184746e+00 1.26957584e+00
 9.90797553e-01 1.24678844e+00
 1.06505782e+00 1.22548691e+00
 1.01445923e+00 1.20555631e+00
 9.30742953e-01 1.18689417e+00
 1.01024544e+00 1.16940893e+00
 9.64948763e-01 1.15301853e+00
 8.96831547e-01 1.13764933e+00
 9.05665649e-01 1.12323508e+00
 8.68641071e-01 1.10971611e+00
 8.42407847e-01 1.09703857e+00
 7.06879838e-01 1.08515384e+00
 7.81424945e-01 1.07401793e+00
 7.11027350e-01 1.06359107e+00
 6.96832060e-01 1.05383723e+00
 7.40589893e-01 1.04472382e+00
 5.81426693e-01 1.03622134e+00
 5.93913583e-01 1.02830310e+00
 6.23613429e-01 1.02094500e+00
 5.78417119e-01 1.01412531e+00
 6.06350045e-01 1.00782449e+00
 5.74773083e-01 1.00202501e+00
 6.07300453e-01 9.96711242e-01
 5.03072921e-01 9.91869306e-01
 4.40001635e-01 9.87486987e-01
 5.00024820e-01 9.83553635e-01
 5.70606577e-01 9.80060091e-01
 5.55148428e-01 9.76998625e-01
 4.48773441e-01 9.74362885e-01
 3.98482203e-01 9.72147854e-01
 4.77820317e-01 9.70349824e-01
 4.23013707e-01 9.68966373e-01
 4.25473669e-01 9.67996363e-01
 3.95315087e-01 9.67439933e-01
 5.03219466e-01 9.67298518e-01
 4.58232716e-01 9.67574865e-01
 4.60185604e-01 9.68273071e-01
 3.42548560e-01 9.69398623e-01
 2.89671572e-01 9.70958460e-01
 2.57855736e-01 9.72961037e-01
 2.28503138e-01 9.75416412e-01
 2.52663627e-01 9.78336349e-01
 3.02402139e-01 9.81734431e-01
 2.65287978e-01 9.85626199e-01
 3.17196067e-01 9.90029315e-01
 2.75729499e-01 9.94963745e-01
 1.76191250e-01 1.00045197e+00
 2.48805759e-01 1.00651925e+00
 1.45039550e-01 1.01319389e+00
 2.16519014e-01 1.02050756e+00
 2.29545668e-01 1.02849574e+00
 8.96720350e-02 1.03719809e+00
 1.16589612e-01 1.04665901e+00
 1.47781211e-01 1.05692822e+00
 1.42137580e-01 1.06806151e+00
 1.32054060e-01 1.08012148e+00
 7.42266756e-02 1.09317860e+00
 4.93263039e-02 1.10731229e+00
 3.73371513e-02 1.12261231e+00
 -4.38623448e-02 1.13918036e+00
 -2.56906760e-02 1.15713201e+00
 -3.36021280e-03 1.17659904e+00
 -5.29039802e-02 1.19773222e+00
 -5.75265929e-02 1.22070475e+00
 -1.25082434e-01 1.24571638e+00
 -9.15724041e-02 1.27299858e+00
 -6.54292526e-02 1.30282084e+00
 -1.32050006e-01 1.33549866e+00
 -2.97379520e-01 1.37140342e+00
 -3.66815384e-01 1.41097505e+00
 -2.40805514e-01 1.45473817e+00
 -1.80809939e-01 1.50332288e+00
 -3.61718234e-01 1.55749193e+00
 -4.81065931e-01 1.61817652e+00
 -4.24531833e-01 1.68652394e+00
 -5.03883553e-01 1.76396200e+00
 -5.97049422e-01 1.85228694e+00
 -6.24303711e-01 1.95378539e+00
 -6.99049360e-01 2.07140578e+00
 -8.00554287e-01 2.20900299e+00
 -8.82340631e-01 2.37169262e+00
 -9.37780484e-01 2.56637113e+00
 -9.45103506e-01 2.80248765e+00
 -1.13800969e+00 3.09319337e+00
 -1.22020364e+00 3.45703081e+00
 -1.25190568e+00 3.92028268e+00
 -1.28187040e+00 4.51966477e+00
 -1.04914414e+00 5.30302653e+00
 -7.27155612e-01 6.31795014e+00
 -8.43552401e-02 7.55291340e+00
 1.70167791e+00 8.74582418e+00
 4.35355224e+00 9.07599923e+00
 7.17098719e+00 7.59581977e+00
 8.27058103e+00 4.89773213e+00
 8.07780671e+00 2.53888920e+00
 7.02066234e+00 1.06464177e+00
 6.11229184e+00 2.61342773e-01
