 NaN NaN
 4.15300457e+01 1.47064408e+01
 2.14713486e+01 7.52501070e+00
 1.44667988e+01 5.20111571e+00
 1.10423015e+01 4.05799757e+00
 8.94799306e+00 3.37941069e+00
 7.54881215e+00 2.93041849e+00
 6.41662762e+00 2.61148626e+00
 5.72077733e+00 2.37328627e+00
 5.07587027e+00 2.18860965e+00
 4.50963912e+00 2.04122794e+00
 4.09759987e+00 1.92086607e+00
 3.87910963e+00 1.82070395e+00
 3.56514732e+00 1.73603806e+00
 3.34948001e+00 1.66352021e+00
 3.14146700e+00 1.60070250e+00
 2.93396800e+00 1.54575409e+00
 2.70573750e+00 1.49727841e+00
 2.67852745e+00 1.45419173e+00
 2.48306665e+00 1.41564028e+00
 2.28949709e+00 1.38094236e+00
 2.26552189e+00 1.34954714e+00
 2.16940266e+00 1.32100468e+00
 2.07533558e+00 1.29494391e+00
 1.97869485e+00 1.27105607e+00
 1.94946849e+00 1.24908216e+00
 1.75106011e+00 1.22880335e+00
 1.74331347e+00 1.21003346e+00
 1.68543474e+00 1.19261314e+00
 1.64490144e+00 1.17640519e+00
 1.56196093e+00 1.16129084e+00
 1.55214400e+00 1.14716682e+00
 1.50642891e+00 1.13394286e+00
 1.37803006e+00 1.12153976e+00
 1.27888163e+00 1.10988772e+00
 1.41637739e+00 1.09892502e+00
 1.19492764e+00 1.08859691e+00
 1.23714121e+00 1.07885462e+00
 1.22803897e+00 1.06965461e+00
 1.19950259e+00 1.06095789e+00
 1.17521565e+00 1.05272945e+00
 1.14378876e+00 1.04493779e+00
 1.11687533e+00 1.03755446e+00
 1.04096076e+00 1.03055380e+00
 9.70734625e-01 1.02391251e+00
 9.54543336e-01 1.01760949e+00
 9.10570916e-01 1.01162557e+00
 8.95529543e-01 1.00594327e+00
 8.86631092e-01 1.00054671e+00
 8.88058748e-01 9.95421387e-01
 8.89300819e-01 9.90554068e-01
 8.32652685e-01 9.85932676e-01
 7.95745691e-01 9.81546179e-01
 6.35064381e-01 9.77384505e-01
 7.34386219e-01 9.73438455e-01
 6.75281809e-01 9.69699641e-01
 7.29177227e-01 9.66160416e-01
 6.24378692e-01 9.62813827e-01
 7.48829635e-01 9.59653560e-01
 7.06868472e-01 9.56673904e-01
 6.10179309e-01 9.53869711e-01
 6.09684715e-01 9.51236364e-01
 5.85838797e-01 9.48769752e-01
 6.44127901e-01 9.46466246e-01
 5.97218893e-01 9.44322679e-01
 5.75965306e-01 9.42336330e-01
 5.41785213e-01 9.40504915e-01
 4.41713397e-01 9.38826574e-01
 4.33058258e-01 9.37299868e-01
 4.96741215e-01 9.35923777e-01
 4.19934956e-01 9.34697698e-01
 4.09341531e-01 9.33621456e-01
 3.50596754e-01 9.32695303e-01
 3.17744473e-01 9.31919939e-01
 3.19741183e-01 9.31296520e-01
 2.85273167e-01 9.30826682e-01
 1.91652201e-01 9.30512567e-01
 2.20005247e-01 9.30356850e-01
 1.59057264e-01 9.30362774e-01
 2.29192445e-01 9.30534196e-01
 1.22723098e-01 9.30875636e-01
 8.58870899e-02 9.31392333e-01
 6.42862089e-02 9.32090313e-01
 7.66842000e-02 9.32976473e-01
 5.69467072e-02 9.34058670e-01
 -4.56409074e-02 9.35345830e-01
 -7.54442125e-04 9.36848074e-01
 -2.01754328e-02 9.38576869e-01
 -1.29182740e-01 9.40545198e-01
 -5.90574589e-02 9.42767768e-01
 -8.17046616e-02 9.45261251e-01
 -8.45146330e-02 9.48044570e-01
 -1.97986125e-01 9.51139237e-01
 -2.73653956e-01 9.54569765e-01
 -3.10465177e-01 9.58364155e-01
 -2.41016684e-01 9.62554482e-01
 -3.18668982e-01 9.67177614e-01
 -2.73405314e-01 9.72276082e-01
 -5.01220075e-01 9.77899153e-01
 -4.60887092e-01 9.84104150e-01
 -5.27652513e-01 9.90958106e-01
 -6.02104172e-01 9.98539827e-01
 -7.11920593e-01 1.00694251e+00
 -7.62315908e-01 1.01627708e+00
 -8.04097041e-01 1.02667650e+00
 -8.39736203e-01 1.03830139e+00
 -9.06330617e-01 1.05134738e+00
 -9.50209490e-01 1.06605500e+00
 -1.06725023e+00 1.08272302e+00
 -1.20428570e+00 1.10172671e+00
 -1.27362188e+00 1.12354337e+00
 -1.47387237e+00 1.14878863e+00
 -1.64320444e+00 1.17826901e+00
 -1.80762017e+00 1.21305986e+00
 -2.08129316e+00 1.25462403e+00
 -2.20532264e+00 1.30499764e+00
 -2.49204110e+00 1.36709086e+00
 -2.77293510e+00 1.44519403e+00
 -3.15276753e+00 1.54586863e+00
 -3.72529773e+00 1.67960189e+00
 -4.31932994e+00 1.86408508e+00
 -5.08230669e+00 2.13124760e+00
 -6.08950010e+00 2.54394665e+00
 -7.67593250e+00 3.24110561e+00
 -1.00146994e+01 4.58339855e+00
 -1.39539692e+01 7.75508304e+00
 -2.01144665e+01 1.81591934e+01
 -1.35994239e+00 4.90019199e+01
 2.66221344e+01 1.80632746e+01
 1.78299804e+01 5.49355050e+00
 1.25254196e+01 2.54814318e+00
 9.74732449e+00 1.55297778e+00
 7.88889744e+00 1.13071533e+00
 6.71238731e+00 9.25210832e-01
 5.74957321e+00 8.16289686e-01
 5.17773604e+00 7.55496417e-01
 4.64210364e+00 7.20686042e-01
 4.25509154e+00 7.00759844e-01
 3.94699387e+00 6.89749843e-01
 3.58217080e+00 6.84265285e-01
 3.39286656e+00 6.82293235e-01
 3.15819653e+00 6.82595631e-01
 3.02066803e+00 6.84388803e-01
 2.76864355e+00 6.87165033e-01
 2.62436911e+00 6.90589211e-01
 2.55443070e+00 6.94436937e-01
 2.41035004e+00 6.98556361e-01
 2.35181229e+00 7.02844054e-01
 2.31015885e+00 7.07229412e-01
 2.09967243e+00 7.11664383e-01
 2.10638191e+00 7.16116578e-01
 2.02471094e+00 7.20564585e-01
 1.99826512e+00 7.24994746e-01
 1.88529430e+00 7.29398902e-01
 1.86025760e+00 7.33772812e-01
 1.75630181e+00 7.38115024e-01
 1.66347514e+00 7.42426079e-01
 1.70213077e+00 7.46707926e-01
 1.57832265e+00 7.50963507e-01
 1.65004096e+00 7.55196460e-01
 1.53648829e+00 7.59410894e-01
 1.55943027e+00 7.63611238e-01
 1.51249527e+00 7.67802125e-01
 1.48246746e+00 7.71988312e-01
 1.50521053e+00 7.76174624e-01
 1.52895308e+00 7.80365916e-01
 1.31073313e+00 7.84567049e-01
 1.38316846e+00 7.88782873e-01
 1.35297014e+00 7.93018222e-01
 1.32784743e+00 7.97277908e-01
 1.22500149e+00 8.01566729e-01
 1.32436585e+00 8.05889469e-01
 1.33769979e+00 8.10250908e-01
 1.22280105e+00 8.14655834e-01
 1.18534497e+00 8.19109049e-01
 1.23252567e+00 8.23615388e-01
 1.06661111e+00 8.28179726e-01
 1.12144410e+00 8.32806999e-01
 1.12023226e+00 8.37502211e-01
 1.07930350e+00 8.42270459e-01
 1.04893022e+00 8.47116943e-01
 1.01863072e+00 8.52046989e-01
 1.08259849e+00 8.57066061e-01
 1.10694808e+00 8.62179787e-01
 9.94154816e-01 8.67393976e-01
 9.63493549e-01 8.72714643e-01
 9.31451451e-01 8.78148026e-01
 9.58928751e-01 8.83700619e-01
 9.68687385e-01 8.89379194e-01
 9.71799940e-01 8.95190827e-01
 1.00281838e+00 9.01142936e-01
 9.11796012e-01 9.07243307e-01
 8.45581797e-01 9.13500134e-01
 7.92415120e-01 9.19922056e-01
 8.37856514e-01 9.26518203e-01
 8.37810456e-01 9.33298237e-01
 8.27544036e-01 9.40272409e-01
 7.64179488e-01 9.47451609e-01
 8.67040372e-01 9.54847435e-01
 8.03360977e-01 9.62472253e-01
 7.52583180e-01 9.70339280e-01
 7.03988873e-01 9.78462663e-01
 7.61649881e-01 9.86857576e-01
 7.04098102e-01 9.95540319e-01
 7.62931346e-01 1.00452844e+00
 7.37288311e-01 1.01384086e+00
 6.59566134e-01 1.02349803e+00
 6.68418450e-01 1.03352208e+00
 6.39791987e-01 1.04393702e+00
 6.16355627e-01 1.05476893e+00
 5.71773807e-01 1.06604625e+00
 5.80414027e-01 1.07779999e+00
 5.53206609e-01 1.09006407e+00
 5.74159653e-01 1.10287570e+00
 5.45134383e-01 1.11627576e+00
 5.24271891e-01 1.13030929e+00
 5.26887642e-01 1.14502605e+00
 5.33436166e-01 1.16048112e+00
 5.46251116e-01 1.17673570e+00
 4.92727471e-01 1.19385795e+00
 4.15996871e-01 1.21192404e+00
 4.08538298e-01 1.23101934e+00
 4.33795092e-01 1.25123991e+00
 3.97581958e-01 1.27269417e+00
 3.45207720e-01 1.29550502e+00
 3.98414038e-01 1.31981232e+00
 2.77887456e-01 1.34577592e+00
 2.73831490e-01 1.37357940e+00
 2.93937032e-01 1.40343460e+00
 1.66106833e-01 1.43558731e+00
 1.70437670e-01 1.47032436e+00
 1.31911613e-01 1.50798251e+00
 1.07675619e-01 1.54895983e+00
 4.64775910e-02 1.59373024e+00
 2.11770453e-02 1.64286252e+00
 -3.72419668e-02 1.69704513e+00
 -7.50380721e-02 1.75711934e+00
 -1.12611067e-01 1.82412398e+00
 -2.12624095e-01 1.89935667e+00
 -3.69101353e-01 1.98445938e+00
 -4.11553492e-01 2.08153991e+00
 -4.24886821e-01 2.19334849e+00
 -5.02660359e-01 2.32354044e+00
 -5.67103990e-01 2.47707799e+00
 -7.93468047e-01 2.66086436e+00
 -9.39671538e-01 2.88478142e+00
 -1.11221381e+00 3.16346107e+00
 -1.34762187e+00 3.51946329e+00
 -1.69747531e+00 3.98932655e+00
 -1.90606799e+00 4.63593749e+00
 -2.42013788e+00 5.57608996e+00
 -2.82800911e+00 7.04841729e+00
 -3.28996872e+00 9.59855702e+00
 -2.60898922e+00 1.45606581e+01
 5.36105528e+00 2.29006646e+01
 2.32255013e+01 1.28147156e+01
 1.72495024e+01 -8.77066653e-01
 1.12083074e+01 -2.92630529e+00
 7.95485119e+00 -2.81626983e+00
 6.37617687e+00 -2.42466388e+00
 5.15390885e+00 -2.04926676e+00
 4.39271457e+00 -1.73280156e+00
 3.95923652e+00 -1.47192702e+00
 3.58204107e+00 -1.25625362e+00
 3.18761965e+00 -1.07615214e+00
 2.95848768e+00 -9.23984154e-01
 2.85628872e+00 -7.93922698e-01
 2.60285768e+00 -6.81549706e-01
 2.45376617e+00 -5.83496373e-01
 2.43291528e+00 -4.97167993e-01
 2.26170006e+00 -4.20542909e-01
 2.24236888e+00 -3.52027383e-01
 2.05120156e+00 -2.90350687e-01
 2.03026360e+00 -2.34488687e-01
 2.02604527e+00 -1.83607659e-01
 1.90122690e+00 -1.37022502e-01
 1.88307866e+00 -9.41653306e-02
 1.78332878e+00 -5.45616067e-02
 1.73880516e+00 -1.78118051e-02
 1.70446425e+00 1.64228023e-02
 1.68574954e+00 4.84312782e-02
 1.62251543e+00 7.84618138e-02
 1.52197316e+00 1.06728732e-01
 1.62924764e+00 1.33418112e-01
 1.52122579e+00 1.58692337e-01
 1.53996334e+00 1.82693795e-01
 1.53812322e+00 2.05547924e-01
 1.38968457e+00 2.27365710e-01
 1.43723809e+00 2.48245770e-01
 1.42913662e+00 2.68276085e-01
 1.31466615e+00 2.87535459e-01
 1.44216902e+00 3.06094747e-01
 1.38868913e+00 3.24017891e-01
 1.46295747e+00 3.41362810e-01
 1.30966096e+00 3.58182157e-01
 1.36720504e+00 3.74523967e-01
 1.34471810e+00 3.90432225e-01
 1.28561658e+00 4.05947345e-01
 1.38930226e+00 4.21106598e-01
 1.29207580e+00 4.35944479e-01
 1.20787674e+00 4.50493035e-01
 1.17092430e+00 4.64782148e-01
 1.26182542e+00 4.78839786e-01
 1.23862703e+00 4.92692234e-01
 1.30888516e+00 5.06364287e-01
 1.20266965e+00 5.19879437e-01
 1.25715906e+00 5.33260029e-01
 1.18739593e+00 5.46527416e-01
 1.13196369e+00 5.59702086e-01
 1.20851009e+00 5.72803788e-01
 1.23452565e+00 5.85851649e-01
 1.25907815e+00 5.98864278e-01
 1.13375668e+00 6.11859864e-01
 1.08294969e+00 6.24856274e-01
 1.17953714e+00 6.37871142e-01
 1.20620481e+00 6.50921955e-01
 1.17312801e+00 6.64026141e-01
 1.19782077e+00 6.77201148e-01
 1.20687039e+00 6.90464531e-01
 1.16626634e+00 7.03834033e-01
 1.09238661e+00 7.17327670e-01
 1.14538032e+00 7.30963817e-01
 1.22059096e+00 7.44761299e-01
 1.17506374e+00 7.58739480e-01
 1.13232621e+00 7.72918366e-01
 1.07653723e+00 7.87318703e-01
 1.10007409e+00 8.01962092e-01
 1.11584897e+00 8.16871107e-01
 1.11942899e+00 8.32069420e-01
 1.04916173e+00 8.47581945e-01
 1.05113392e+00 8.63434988e-01
 1.10053352e+00 8.79656415e-01
 1.04757013e+00 8.96275839e-01
 1.09906884e+00 9.13324822e-01
 1.10475778e+00 9.30837107e-01
 1.00022105e+00 9.48848869e-01
 1.01271576e+00 9.67399005e-01
 1.07049145e+00 9.86529454e-01
 1.08174595e+00 1.00628556e+00
 1.12079745e+00 1.02671649e+00
 1.04507493e+00 1.04787570e+00
 1.10163629e+00 1.06982146e+00
 1.10731030e+00 1.09261748e+00
 1.05085569e+00 1.11633363e+00
 9.05193282e-01 1.14104671e+00
 1.01578986e+00 1.16684144e+00
 9.98550250e-01 1.19381154e+00
 1.09207429e+00 1.22206098e+00
 1.12516773e+00 1.25170555e+00
 1.01802647e+00 1.28287455e+00
 1.05768398e+00 1.31571297e+00
 9.13880628e-01 1.35038391e+00
 1.01825977e+00 1.38707160e+00
 1.04946729e+00 1.42598498e+00
 1.08082066e+00 1.46736201e+00
 9.78083048e-01 1.51147499e+00
 1.05906914e+00 1.55863699e+00
 9.88557224e-01 1.60920981e+00
 1.03415760e+00 1.66361395e+00
 9.92286086e-01 1.72234098e+00
 1.01630740e+00 1.78596923e+00
 1.04394088e+00 1.85518388e+00
 1.06059938e+00 1.93080275e+00
 1.05838781e+00 2.01380996e+00
 1.04520773e+00 2.10540032e+00
 1.05300192e+00 2.20703867e+00
 1.16098004e+00 2.32054024e+00
 1.03699693e+00 2.44818137e+00
 1.08575850e+00 2.59285458e+00
 1.15544353e+00 2.75828987e+00
 1.28981242e+00 2.94937761e+00
 1.22231955e+00 3.17265042e+00
 1.22692218e+00 3.43702155e+00
 1.37444349e+00 3.75494928e+00
 1.51030333e+00 4.14433143e+00
 1.71207939e+00 4.63169011e+00
 1.82260739e+00 5.25769122e+00
 2.19649191e+00 6.08686622e+00
 2.80184513e+00 7.22401098e+00
 3.93879152e+00 8.83283661e+00
 6.60679809e+00 1.10691718e+01
 1.28789792e+01 1.30440909e+01
 2.40336349e+01 6.31849352e+00
 1.98889053e+01 -9.27429630e+00
 1.01378754e+01 -1.09044264e+01
 5.88221562e+00 -8.77851473e+00
 3.80489348e+00 -6.94797863e+00
 2.91366353e+00 -5.63235161e+00
 2.32620630e+00 -4.68128731e+00
 1.87449835e+00 -3.97224404e+00
 1.81569991e+00 -3.42680423e+00
 1.66919259e+00 -2.99553610e+00
 1.52918684e+00 -2.64650797e+00
 1.38105191e+00 -2.35842644e+00
 1.41196170e+00 -2.11664387e+00
 1.31708304e+00 -1.91079514e+00
 1.19999954e+00 -1.73335880e+00
 1.30924197e+00 -1.57875428e+00
 1.23632790e+00 -1.44275898e+00
 1.17520979e+00 -1.32212179e+00
 1.15812089e+00 -1.21430049e+00
 1.26158951e+00 -1.11727950e+00
 1.14601919e+00 -1.02944075e+00
 1.13590637e+00 -9.49470595e-01
 1.16395598e+00 -8.76291656e-01
 1.09650863e+00 -8.09012040e-01
 1.12731209e+00 -7.46887121e-01
 1.10875174e+00 -6.89290340e-01
 1.07518577e+00 -6.35690678e-01
 1.12171566e+00 -5.85635066e-01
 1.10781508e+00 -5.38734542e-01
 1.10453771e+00 -4.94653237e-01
 1.15661239e+00 -4.53099554e-01
 1.13905689e+00 -4.13819037e-01
 9.71786024e-01 -3.76588570e-01
 1.12228402e+00 -3.41211624e-01
 1.12588704e+00 -3.07514339e-01
 1.09978141e+00 -2.75342271e-01
 1.07164777e+00 -2.44557682e-01
 1.07468806e+00 -2.15037258e-01
 1.03677458e+00 -1.86670197e-01
 1.11025351e+00 -1.59356580e-01
 1.19901082e+00 -1.33005986e-01
 1.08366620e+00 -1.07536310e-01
 1.06613808e+00 -8.28727455e-02
 1.03767941e+00 -5.89469067e-02
 1.08900520e+00 -3.56960709e-02
 1.04378573e+00 -1.30625165e-02
 1.11785109e+00 9.00705296e-03
 1.11839533e+00 3.05620141e-02
 1.07686051e+00 5.16482691e-02
 1.08984988e+00 7.23086380e-02
 1.14789278e+00 9.25832082e-02
 9.70409130e-01 1.12509645e-01
 1.13975932e+00 1.32123469e-01
 1.12732378e+00 1.51458308e-01
 1.13326050e+00 1.70546122e-01
 1.17796942e+00 1.89417408e-01
 1.18567993e+00 2.08101392e-01
 1.12691688e+00 2.26626195e-01
 1.05611814e+00 2.45018999e-01
 1.23711142e+00 2.63306192e-01
 1.13635411e+00 2.81513513e-01
 1.10204784e+00 2.99666178e-01
 1.14847568e+00 3.17789015e-01
 1.18752974e+00 3.35906578e-01
 1.16479912e+00 3.54043273e-01
 1.12152467e+00 3.72223473e-01
 1.11035464e+00 3.90471632e-01
 1.12585571e+00 4.08812407e-01
 1.10764643e+00 4.27270771e-01
 1.26493545e+00 4.45872140e-01
 1.18880015e+00 4.64642492e-01
 1.22025678e+00 4.83608504e-01
 1.14444473e+00 5.02797685e-01
 1.17994515e+00 5.22238526e-01
 1.19345087e+00 5.41960650e-01
 1.16794217e+00 5.61994987e-01
 1.24470862e+00 5.82373950e-01
 1.27079152e+00 6.03131632e-01
 1.21075962e+00 6.24304031e-01
 1.22432640e+00 6.45929278e-01
 1.29290181e+00 6.68047908e-01
 1.33988211e+00 6.90703152e-01
 1.28617466e+00 7.13941264e-01
 1.22710531e+00 7.37811887e-01
 1.30127655e+00 7.62368468e-01
 1.32026468e+00 7.87668723e-01
 1.24647831e+00 8.13775168e-01
 1.38794805e+00 8.40755717e-01
 1.40060650e+00 8.68684373e-01
 1.38912842e+00 8.97642012e-01
 1.34577778e+00 9.27717291e-01
 1.40270436e+00 9.59007693e-01
 1.47046114e+00 9.91620740e-01
 1.46248260e+00 1.02567540e+00
 1.53805137e+00 1.06130376e+00
 1.41263209e+00 1.09865292e+00
 1.57733009e+00 1.13788731e+00
 1.57436777e+00 1.17919139e+00
 1.60798964e+00 1.22277288e+00
 1.58269109e+00 1.26886659e+00
 1.55992945e+00 1.31773909e+00
 1.57932215e+00 1.36969430e+00
 1.64589260e+00 1.42508035e+00
 1.67183818e+00 1.48429797e+00
 1.73332036e+00 1.54781083e+00
 1.82918338e+00 1.61615837e+00
 1.80591599e+00 1.68997200e+00
 1.80932740e+00 1.76999538e+00
 1.99478399e+00 1.85711042e+00
 2.02859856e+00 1.95237066e+00
 2.09879447e+00 2.05704462e+00
 2.16242763e+00 2.17267280e+00
 2.18620415e+00 2.30114330e+00
 2.27998717e+00 2.44479340e+00
 2.53242242e+00 2.60654771e+00
 2.62228465e+00 2.79010811e+00
 2.79632687e+00 3.00021786e+00
 3.03313708e+00 3.24303193e+00
 3.28768927e+00 3.52663723e+00
 3.52929660e+00 3.86177462e+00
 3.99149663e+00 4.26279349e+00
 4.50854927e+00 4.74871730e+00
 5.41134535e+00 5.34361740e+00
 6.42083522e+00 6.07263322e+00
 8.13170561e+00 6.93748598e+00
 1.10616827e+01 7.79586221e+00
 1.64008127e+01 7.76689705e+00
 2.46349863e+01 2.71173717e+00
 2.55660401e+01 -1.32687778e+01
 1.17748646e+01 -2.00315729e+01
 3.76025351e+00 -1.60916857e+01
 8.79156877e-01 -1.21475886e+01
 -1.05659532e-01 -9.46688277e+00
 -3.40311949e-01 -7.65643870e+00
 -5.25744290e-01 -6.38291632e+00
 -5.83530568e-01 -5.44843945e+00
 -5.16225910e-01 -4.73737700e+00
 -4.16780781e-01 -4.17976910e+00
 -3.28623023e-01 -3.73146811e+00
 -2.40738555e-01 -3.36348556e+00
 -1.49332453e-01 -3.05610333e+00
 -1.23017687e-01 -2.79548979e+00
 -9.67437363e-02 -2.57167928e+00
 -7.44000331e-02 -2.37732200e+00
 -1.53351446e-02 -2.20688530e+00
 7.00888719e-02 -2.05612872e+00
 1.02531281e-01 -1.92174976e+00
 1.99599498e-01 -1.80113952e+00
 1.68593385e-01 -1.69221053e+00
 2.75841619e-01 -1.59327317e+00
 3.65826760e-01 -1.50294551e+00
 2.95543393e-01 -1.42008650e+00
 2.75125072e-01 -1.34374580e+00
 3.67670135e-01 -1.27312552e+00
 3.37274144e-01 -1.20755089e+00
 4.28091552e-01 -1.14644736e+00
 4.26906294e-01 -1.08932264e+00
 4.40779821e-01 -1.03575240e+00
 4.90288961e-01 -9.85368939e-01
 4.58577236e-01 -9.37851935e-01
 4.77238866e-01 -8.92921019e-01
 5.70097365e-01 -8.50329657e-01
 6.25869245e-01 -8.09860124e-01
 5.39009125e-01 -7.71319353e-01
 5.42909916e-01 -7.34535460e-01
 5.36632597e-01 -6.99354847e-01
 6.86753245e-01 -6.65639756e-01
 6.68903148e-01 -6.33266205e-01
 6.19984066e-01 -6.02122228e-01
 6.12632515e-01 -5.72106375e-01
 7.16348666e-01 -5.43126426e-01
 6.62564145e-01 -5.15098286e-01
 6.96244360e-01 -4.87945022e-01
 6.89902583e-01 -4.61596037e-01
 7.67247529e-01 -4.35986340e-01
 8.00907228e-01 -4.11055918e-01
 7.15928842e-01 -3.86749176e-01
 7.98372115e-01 -3.63014448e-01
 7.13562617e-01 -3.39803563e-01
 8.00051996e-01 -3.17071458e-01
 7.38691570e-01 -2.94775839e-01
 8.13065468e-01 -2.72876865e-01
 8.58644691e-01 -2.51336879e-01
 8.24516333e-01 -2.30120153e-01
 9.25157813e-01 -2.09192663e-01
 8.78445629e-01 -1.88521877e-01
 8.77075453e-01 -1.68076569e-01
 9.31357246e-01 -1.47826641e-01
 8.32931178e-01 -1.27742956e-01
 8.89285692e-01 -1.07797188e-01
 8.64175525e-01 -8.79616722e-02
 8.54171869e-01 -6.82092715e-02
 9.48662768e-01 -4.85132385e-02
 1.03514195e+00 -2.88470885e-02
 1.01403126e+00 -9.18447230e-03
 9.30708615e-01 1.05009488e-02
 1.08933723e+00 3.02356283e-02
 9.69498696e-01 5.00462612e-02
 1.07040451e+00 6.99599119e-02
 1.07558330e+00 9.00041475e-02
 1.05671739e+00 1.10207175e-01
 1.12744092e+00 1.30597985e-01
 1.06134185e+00 1.51206504e-01
 1.14355714e+00 1.72063759e-01
 1.13061072e+00 1.93202048e-01
 1.19449806e+00 2.14655130e-01
 1.10293239e+00 2.36458428e-01
 1.18191640e+00 2.58649253e-01
 1.22486631e+00 2.81267051e-01
 1.24374409e+00 3.04353672e-01
 1.36203245e+00 3.27953669e-01
 1.27752002e+00 3.52114641e-01
 1.35780592e+00 3.76887598e-01
 1.43930625e+00 4.02327392e-01
 1.38365122e+00 4.28493187e-01
 1.50017007e+00 4.55449002e-01
 1.42285128e+00 4.83264322e-01
 1.45491981e+00 5.12014797e-01
 1.46931345e+00 5.41783042e-01
 1.50974169e+00 5.72659558e-01
 1.58738428e+00 6.04743790e-01
 1.58142332e+00 6.38145358e-01
 1.44784351e+00 6.72985483e-01
 1.63461717e+00 7.09398648e-01
 1.72485687e+00 7.47534556e-01
 1.72589340e+00 7.87560415e-01
 1.80432789e+00 8.29663653e-01
 1.86197034e+00 8.74055135e-01
 1.86857816e+00 9.20972992e-01
 1.97247837e+00 9.70687218e-01
 1.99272710e+00 1.02350519e+00
 2.05764146e+00 1.07977837e+00
 2.18466655e+00 1.13991041e+00
 2.34392917e+00 1.20436711e+00
 2.36105582e+00 1.27368862e+00
 2.40553579e+00 1.34850452e+00
 2.51686189e+00 1.42955250e+00
 2.70691590e+00 1.51770170e+00
 2.65627512e+00 1.61398178e+00
 2.88879188e+00 1.71961931e+00
 3.04574286e+00 1.83608322e+00
 3.11437537e+00 1.96514091e+00
 3.44598496e+00 2.10892636e+00
 3.66590568e+00 2.27001908e+00
 4.02415734e+00 2.45152662e+00
 4.31567996e+00 2.65714669e+00
 4.83756229e+00 2.89114214e+00
 5.24077072e+00 3.15805098e+00
 5.92485396e+00 3.46165303e+00
 6.92973572e+00 3.80186489e+00
 8.16786362e+00 4.16565872e+00
 9.85756556e+00 4.49964660e+00
 1.24441410e+01 4.62171717e+00
 1.65092110e+01 3.91475806e+00
 2.25304693e+01 2.90158362e-01
 2.71746952e+01 -1.11348382e+01
 1.74211850e+01 -2.48209869e+01
 3.61213428e+00 -2.34962468e+01
 -1.76169895e+00 -1.75006730e+01
 -3.21350116e+00 -1.30843357e+01
 -3.40131354e+00 -1.02106180e+01
 -3.29460204e+00 -8.28994961e+00
 -2.93233174e+00 -6.94485692e+00
 -2.72629802e+00 -5.96105710e+00
 -2.38007459e+00 -5.21471242e+00
 -2.26450908e+00 -4.63115307e+00
 -1.91776846e+00 -4.16333063e+00
 -1.78225663e+00 -3.78038785e+00
 -1.69480655e+00 -3.46136114e+00
 -1.50729987e+00 -3.19156538e+00
 -1.35170444e+00 -2.96043588e+00
 -1.27597932e+00 -2.76019342e+00
 -1.06713141e+00 -2.58499182e+00
 -9.79262721e-01 -2.43035778e+00
 -9.43270651e-01 -2.29281332e+00
 -9.08456751e-01 -2.16961550e+00
 -7.09049408e-01 -2.05857316e+00
 -6.61124898e-01 -1.95791563e+00
 -7.74945831e-01 -1.86619696e+00
 -6.34609178e-01 -1.78222507e+00
 -5.43383365e-01 -1.70500858e+00
 -4.47246284e-01 -1.63371640e+00
 -4.71715008e-01 -1.56764667e+00
 -3.58248091e-01 -1.50620261e+00
 -3.23074761e-01 -1.44887360e+00
 -3.21404430e-01 -1.39522012e+00
 -2.07941159e-01 -1.34486180e+00
 -1.87724511e-01 -1.29746775e+00
 -1.93779066e-01 -1.25274874e+00
 -1.31573316e-01 -1.21045078e+00
 -1.14734642e-01 -1.17034990e+00
 -6.78082814e-02 -1.13224776e+00
 2.44081511e-02 -1.09596804e+00
 2.40442331e-02 -1.06135343e+00
 -6.85273304e-02 -1.02826306e+00
 -2.60682595e-02 -9.96570346e-01
 2.80348698e-02 -9.66161194e-01
 1.53024370e-01 -9.36932409e-01
 1.77565942e-01 -9.08790373e-01
 1.32985417e-01 -8.81649898e-01
 2.26443321e-01 -8.55433231e-01
 1.74083623e-01 -8.30069199e-01
 1.82604905e-01 -8.05492457e-01
 1.72229366e-01 -7.81642839e-01
 1.91154883e-01 -7.58464788e-01
 2.90273954e-01 -7.35906845e-01
 2.44971620e-01 -7.13921214e-01
 4.38696354e-01 -6.92463363e-01
 3.74445327e-01 -6.71491677e-01
 3.05761213e-01 -6.50967144e-01
 4.43181639e-01 -6.30853076e-01
 4.77278052e-01 -6.11114861e-01
 4.82517377e-01 -5.91719727e-01
 4.69634986e-01 -5.72636546e-01
 3.79202995e-01 -5.53835637e-01
 4.78885601e-01 -5.35288601e-01
 5.35102307e-01 -5.16968154e-01
 5.46850842e-01 -4.98847987e-01
 5.19396354e-01 -4.80902623e-01
 5.37529612e-01 -4.63107289e-01
 6.14463119e-01 -4.45437793e-01
 7.06353822e-01 -4.27870406e-01
 7.29447774e-01 -4.10381751e-01
 6.48427150e-01 -3.92948690e-01
 6.30542674e-01 -3.75548217e-01
 6.82464891e-01 -3.58157353e-01
 7.44748465e-01 -3.40753034e-01
 8.09060527e-01 -3.23312010e-01
 8.25609483e-01 -3.05810726e-01
 7.47087528e-01 -2.88225216e-01
 8.39169322e-01 -2.70530980e-01
 8.81651365e-01 -2.52702862e-01
 8.62961077e-01 -2.34714919e-01
 8.50868545e-01 -2.16540281e-01
 9.57890239e-01 -1.98151003e-01
 9.75395563e-01 -1.79517902e-01
 1.05399223e+00 -1.60610383e-01
 9.77191925e-01 -1.41396247e-01
 1.02806778e+00 -1.21841483e-01
 1.01181981e+00 -1.01910034e-01
 1.15483353e+00 -8.15635408e-02
 1.12511322e+00 -6.07610587e-02
 1.09442012e+00 -3.94587370e-02
 1.22275816e+00 -1.76094623e-02
 1.22936235e+00 4.83754304e-03
 1.24222381e+00 2.79371742e-02
 1.32591449e+00 5.17489570e-02
 1.31438411e+00 7.63376302e-02
 1.42218937e+00 1.01773809e-01
 1.45410682e+00 1.28134741e-01
 1.52231723e+00 1.55505175e-01
 1.46205359e+00 1.83978354e-01
 1.65621454e+00 2.13657161e-01
 1.62889056e+00 2.44655434e-01
 1.78441743e+00 2.77099494e-01
 1.80300453e+00 3.11129906e-01
 1.91198419e+00 3.46903512e-01
 1.90736353e+00 3.84595799e-01
 1.96671646e+00 4.24403621e-01
 2.12337190e+00 4.66548353e-01
 2.18645627e+00 5.11279499e-01
 2.32749817e+00 5.58878806e-01
 2.34437902e+00 6.09664874e-01
 2.49088141e+00 6.63998203e-01
 2.67082705e+00 7.22286484e-01
 2.74620502e+00 7.84989695e-01
 2.91777583e+00 8.52624119e-01
 3.03617826e+00 9.25763535e-01
 3.26543712e+00 1.00503426e+00
 3.53273932e+00 1.09109768e+00
 3.82034283e+00 1.18460799e+00
 4.10894384e+00 1.28612125e+00
 4.53499563e+00 1.39590797e+00
 5.03030268e+00 1.51357090e+00
 5.47094564e+00 1.63725828e+00
 5.98951825e+00 1.76200549e+00
 6.96193087e+00 1.87610859e+00
 7.99548446e+00 1.95279575e+00
 9.47963732e+00 1.92989681e+00
 1.14350120e+01 1.65657568e+00
 1.44685799e+01 7.43815789e-01
 1.83369512e+01 -1.86108085e+00
 2.27188559e+01 -8.72546516e+00
 2.03542545e+01 -2.14088978e+01
 6.76184600e+00 -2.73396194e+01
 -3.02129708e+00 -2.18948359e+01
 -5.85348469e+00 -1.58568475e+01
 -6.14638780e+00 -1.18347904e+01
 -5.73662706e+00 -9.25973989e+00
 -5.33981970e+00 -7.54536534e+00
 -4.69922365e+00 -6.34780221e+00
 -4.16262121e+00 -5.47445108e+00
 -3.87299460e+00 -4.81410503e+00
 -3.50065879e+00 -4.29963866e+00
 -3.22116327e+00 -3.88872524e+00
 -2.92754178e+00 -3.55360312e+00
 -2.76112092e+00 -3.27542355e+00
 -2.52713788e+00 -3.04099788e+00
 -2.24735606e+00 -2.84085235e+00
 -2.13394467e+00 -2.66802341e+00
 -2.08668994e+00 -2.51728805e+00
 -1.86090026e+00 -2.38465797e+00
 -1.80810483e+00 -2.26703887e+00
 -1.67803869e+00 -2.16199558e+00
 -1.58674635e+00 -2.06758699e+00
 -1.53293644e+00 -1.98224782e+00
 -1.44400529e+00 -1.90470254e+00
 -1.33138986e+00 -1.83390176e+00
 -1.19120927e+00 -1.76897452e+00
 -1.12901071e+00 -1.70919218e+00
 -1.08096596e+00 -1.65394059e+00
 -1.03612076e+00 -1.60269860e+00
 -9.33791935e-01 -1.55502111e+00
 -9.61941150e-01 -1.51052576e+00
 -9.22465692e-01 -1.46888226e+00
 -9.59053144e-01 -1.42980385e+00
 -8.06075209e-01 -1.39304033e+00
 -7.72346684e-01 -1.35837240e+00
 -6.02364764e-01 -1.32560708e+00
 -6.02058650e-01 -1.29457377e+00
 -6.25881280e-01 -1.26512116e+00
 -6.02532065e-01 -1.23711451e+00
 -4.79140696e-01 -1.21043343e+00
 -5.32654736e-01 -1.18497000e+00
 -4.17348133e-01 -1.16062715e+00
 -4.98617924e-01 -1.13731734e+00
 -4.77771036e-01 -1.11496133e+00
 -3.96544068e-01 -1.09348726e+00
 -3.25758462e-01 -1.07282972e+00
 -3.10951756e-01 -1.05292905e+00
 -2.68515297e-01 -1.03373067e+00
 -3.29114302e-01 -1.01518451e+00
 -2.18222015e-01 -9.97244540e-01
 -2.10807234e-01 -9.79868338e-01
 -1.43858549e-01 -9.63016683e-01
 -2.26453343e-01 -9.46653243e-01
 -8.00521741e-02 -9.30744267e-01
 -1.50313484e-01 -9.15258328e-01
 -9.72902035e-02 -9.00166081e-01
 -5.00543728e-02 -8.85440059e-01
 -2.47275744e-02 -8.71054480e-01
 4.72853375e-02 -8.56985080e-01
 3.99820838e-02 -8.43208956e-01
 1.33255913e-01 -8.29704434e-01
 2.11470054e-02 -8.16450935e-01
 8.44583104e-02 -8.03428864e-01
 9.14177954e-02 -7.90619503e-01
 1.73082257e-01 -7.78004913e-01
 1.70561754e-01 -7.65567845e-01
 1.43845995e-01 -7.53291653e-01
 1.87589857e-01 -7.41160218e-01
 1.46203510e-01 -7.29157871e-01
 2.56561997e-01 -7.17269324e-01
 2.49271215e-01 -7.05479605e-01
 3.37087451e-01 -6.93773987e-01
 3.80118797e-01 -6.82137931e-01
 3.11472803e-01 -6.70557021e-01
 3.22731955e-01 -6.59016906e-01
 3.15206140e-01 -6.47503239e-01
 4.50549610e-01 -6.36001618e-01
 4.77433173e-01 -6.24497524e-01
 4.63417785e-01 -6.12976264e-01
 4.34692168e-01 -6.01422901e-01
 5.17954475e-01 -5.89822200e-01
 5.74462797e-01 -5.78158552e-01
 5.30263809e-01 -5.66415911e-01
 5.47537779e-01 -5.54577724e-01
 6.94483316e-01 -5.42626848e-01
 7.38415216e-01 -5.30545481e-01
 7.23581523e-01 -5.18315072e-01
 7.65165425e-01 -5.05916241e-01
 7.49207251e-01 -4.93328684e-01
 7.93164957e-01 -4.80531081e-01
 9.19395633e-01 -4.67501002e-01
 1.00598112e+00 -4.54214803e-01
 9.65546856e-01 -4.40647531e-01
 9.83234522e-01 -4.26772827e-01
 1.00560176e+00 -4.12562832e-01
 1.08034345e+00 -3.97988115e-01
 1.14005107e+00 -3.83017612e-01
 1.20021761e+00 -3.67618603e-01
 1.18047258e+00 -3.51756740e-01
 1.36284317e+00 -3.35396150e-01
 1.40074832e+00 -3.18499653e-01
 1.47315504e+00 -3.01029149e-01
 1.58355053e+00 -2.82946239e-01
 1.61553074e+00 -2.64213216e-01
 1.63941296e+00 -2.44794564e-01
 1.81917557e+00 -2.24659224e-01
 2.02150629e+00 -2.03783984e-01
 2.07663253e+00 -1.82158544e-01
 2.08173754e+00 -1.59793075e-01
 2.27284497e+00 -1.36729579e-01
 2.40041498e+00 -1.13059064e-01
 2.55466871e+00 -8.89477702e-02
 2.80042790e+00 -6.46777104e-02
 2.91801938e+00 -4.07102783e-02
 3.25025225e+00 -1.77878132e-02
 3.55517095e+00 2.90085889e-03
 3.73208769e+00 1.94440959e-02
 4.23598732e+00 2.87332526e-02
 4.59062273e+00 2.56225442e-02
 5.17925559e+00 1.38451670e-03
 5.68440633e+00 -5.92532675e-02
 6.57370671e+00 -1.84079606e-01
 7.63160814e+00 -4.26120919e-01
 8.93965849e+00 -8.92429950e-01
 1.09013262e+01 -1.81305095e+00
 1.32183932e+01 -3.70970940e+00
 1.58664446e+01 -7.74421886e+00
 1.65410427e+01 -1.55925804e+01
 9.07712810e+00 -2.41474564e+01
 -2.35007952e+00 -2.31888651e+01
 -7.52358815e+00 -1.69034727e+01
 -8.28457601e+00 -1.19670516e+01
 -7.68316659e+00 -8.87134489e+00
 -6.97128479e+00 -6.92511231e+00
 -6.21700233e+00 -5.64342361e+00
 -5.64739697e+00 -4.75687399e+00
 -5.10818378e+00 -4.11662493e+00
 -4.58164131e+00 -3.63720750e+00
 -4.21425843e+00 -3.26723766e+00
 -3.80855328e+00 -2.97444732e+00
 -3.61154454e+00 -2.73776764e+00
 -3.35705888e+00 -2.54296389e+00
 -3.07620088e+00 -2.38012732e+00
 -2.88100853e+00 -2.24217805e+00
 -2.75331823e+00 -2.12394021e+00
 -2.57036007e+00 -2.02155258e+00
 -2.42257437e+00 -1.93208253e+00
 -2.31522428e+00 -1.85326677e+00
 -2.19774218e+00 -1.78333336e+00
 -2.16473174e+00 -1.72087703e+00
 -1.99548836e+00 -1.66477015e+00
 -1.95734668e+00 -1.61409829e+00
 -1.90809857e+00 -1.56811264e+00
 -1.70629364e+00 -1.52619462e+00
 -1.73549506e+00 -1.48782898e+00
 -1.68352711e+00 -1.45258339e+00
 -1.49079896e+00 -1.42009250e+00
 -1.50450463e+00 -1.39004564e+00
 -1.44054746e+00 -1.36217701e+00
 -1.47364286e+00 -1.33625798e+00
 -1.38147223e+00 -1.31209082e+00
 -1.27180132e+00 -1.28950374e+00
 -1.26787910e+00 -1.26834679e+00
 -1.23474193e+00 -1.24848853e+00
 -1.11035081e+00 -1.22981328e+00
 -1.09750915e+00 -1.21221885e+00
 -1.03381949e+00 -1.19561465e+00
 -1.05941564e+00 -1.17992013e+00
 -1.04161795e+00 -1.16506338e+00
 -1.01919837e+00 -1.15098007e+00
 -9.33925493e-01 -1.13761248e+00
 -8.76063305e-01 -1.12490866e+00
 -8.79510239e-01 -1.11282177e+00
 -9.31774959e-01 -1.10130945e+00
 -8.38035937e-01 -1.09033333e+00
 -8.21482409e-01 -1.07985856e+00
 -5.75038884e-01 -1.06985344e+00
 -8.33885640e-01 -1.06028910e+00
 -7.01659998e-01 -1.05113917e+00
 -6.83436160e-01 -1.04237954e+00
 -6.59401987e-01 -1.03398816e+00
 -5.72998948e-01 -1.02594480e+00
 -6.27751738e-01 -1.01823091e+00
 -6.41279648e-01 -1.01082944e+00
 -6.00913885e-01 -1.00372473e+00
 -5.36570802e-01 -9.96902389e-01
 -4.06942498e-01 -9.90349165e-01
 -4.66417236e-01 -9.84052879e-01
 -4.66324300e-01 -9.78002326e-01
 -3.69624631e-01 -9.72187213e-01
 -3.75268160e-01 -9.66598087e-01
 -3.72375300e-01 -9.61226286e-01
 -3.14025926e-01 -9.56063885e-01
 -3.50707840e-01 -9.51103655e-01
 -4.35889744e-01 -9.46339029e-01
 -3.80022425e-01 -9.41764068e-01
 -2.53862051e-01 -9.37373440e-01
 -2.69872236e-01 -9.33162396e-01
 -2.46627068e-01 -9.29126757e-01
 -1.85143638e-01 -9.25262904e-01
 -1.86540540e-01 -9.21567772e-01
 -2.14056281e-01 -9.18038854e-01
 -1.06259058e-01 -9.14674202e-01
 -1.08560637e-01 -9.11472439e-01
 -9.90181463e-02 -9.08432780e-01
 -3.96883911e-02 -9.05555054e-01
 -4.67130412e-04 -9.02839733e-01
 -9.77095728e-03 -9.00287979e-01
 9.71889294e-02 -8.97901683e-01
 2.76374633e-02 -8.95683534e-01
 1.09773154e-01 -8.93637087e-01
 4.06997717e-02 -8.91766851e-01
 1.91110849e-01 -8.90078392e-01
 8.46192138e-02 -8.88578455e-01
 2.58120489e-01 -8.87275114e-01
 1.99022525e-01 -8.86177946e-01
 2.34685472e-01 -8.85298236e-01
 2.41201590e-01 -8.84649231e-01
 2.56794176e-01 -8.84246437e-01
 4.34130450e-01 -8.84107977e-01
 3.92010077e-01 -8.84255022e-01
 4.29260163e-01 -8.84712317e-01
 4.97162272e-01 -8.85508814e-01
 5.50937085e-01 -8.86678448e-01
 4.79913968e-01 -8.88261093e-01
 5.97442080e-01 -8.90303733e-01
 6.87951466e-01 -8.92861924e-01
 6.78113009e-01 -8.96001616e-01
 7.04172202e-01 -8.99801449e-01
 7.50990705e-01 -9.04355662e-01
 9.13116506e-01 -9.09777799e-01
 9.19441782e-01 -9.16205501e-01
 1.08721622e+00 -9.23806716e-01
 1.07488907e+00 -9.32787863e-01
 1.14626367e+00 -9.43404653e-01
 1.29296155e+00 -9.55976603e-01
 1.39359425e+00 -9.70906762e-01
 1.48971340e+00 -9.88708841e-01
 1.71221812e+00 -1.01004512e+00
 1.72597619e+00 -1.03578025e+00
 1.92913326e+00 -1.06705891e+00
 2.00523388e+00 -1.10542021e+00
 2.24611226e+00 -1.15296976e+00
 2.42328081e+00 -1.21264462e+00
 2.67630083e+00 -1.28863253e+00
 3.03218417e+00 -1.38705467e+00
 3.33150127e+00 -1.51711562e+00
 3.73370023e+00 -1.69311296e+00
 4.16890273e+00 -1.93809785e+00
 4.87530081e+00 -2.29084982e+00
 5.61266105e+00 -2.81980218e+00
 6.49250923e+00 -3.65199757e+00
 7.60922111e+00 -5.03383895e+00
 8.95653393e+00 -7.44302604e+00
 9.18476392e+00 -1.16270100e+01
 6.15372791e+00 -1.73675108e+01
 -1.90297805e+00 -1.95943828e+01
 -8.30302133e+00 -1.51678714e+01
 -9.61779546e+00 -1.00377367e+01
 -8.84193392e+00 -6.75567337e+00
 -7.88646912e+00 -4.84298252e+00
 -6.86725998e+00 -3.69548490e+00
 -6.16285769e+00 -2.97006013e+00
 -5.57814819e+00 -2.48757683e+00
 -4.97360006e+00 -2.15225311e+00
 -4.46989632e+00 -1.91042624e+00
 -4.22804544e+00 -1.73054140e+00
 -3.87953549e+00 -1.59320117e+00
 -3.69105111e+00 -1.48600370e+00
 -3.38788214e+00 -1.40074249e+00
 -3.05209256e+00 -1.33182150e+00
 -2.94891009e+00 -1.27532297e+00
 -2.77196275e+00 -1.22843977e+00
 -2.66732538e+00 -1.18911883e+00
 -2.49026238e+00 -1.15583095e+00
 -2.46782107e+00 -1.12741837e+00
 -2.34411153e+00 -1.10299161e+00
 -2.31684046e+00 -1.08185818e+00
 -2.18832113e+00 -1.06347247e+00
 -2.11641018e+00 -1.04739987e+00
 -2.06795932e+00 -1.03329073e+00
 -1.83432618e+00 -1.02086119e+00
 -1.91861793e+00 -1.00987884e+00
 -1.82061456e+00 -1.00015197e+00
 -1.73547141e+00 -9.91521294e-01
 -1.63390757e+00 -9.83853601e-01
 -1.63628959e+00 -9.77036838e-01
 -1.60528661e+00 -9.70976213e-01
 -1.61610310e+00 -9.65591136e-01
 -1.50633717e+00 -9.60812766e-01
 -1.50299682e+00 -9.56582054e-01
 -1.44019302e+00 -9.52848151e-01
 -1.42303157e+00 -9.49567117e-01
 -1.37681519e+00 -9.46700867e-01
 -1.32261375e+00 -9.44216300e-01
 -1.35461598e+00 -9.42084581e-01
 -1.19275427e+00 -9.40280545e-01
 -1.38804858e+00 -9.38782196e-01
 -1.18366250e+00 -9.37570295e-01
 -1.24309947e+00 -9.36628004e-01
 -1.20444532e+00 -9.35940592e-01
 -1.21554166e+00 -9.35495186e-01
 -1.15321284e+00 -9.35280556e-01
 -1.20250194e+00 -9.35286937e-01
 -1.11514337e+00 -9.35505872e-01
 -1.11364397e+00 -9.35930082e-01
 -1.00679178e+00 -9.36553357e-01
 -9.36855144e-01 -9.37370458e-01
 -1.02532741e+00 -9.38377036e-01
 -9.81957833e-01 -9.39569566e-01
 -9.16772185e-01 -9.40945286e-01
 -1.06438631e+00 -9.42502153e-01
 -1.05287667e+00 -9.44238801e-01
 -8.96598481e-01 -9.46154507e-01
 -8.90128263e-01 -9.48249170e-01
 -9.48934818e-01 -9.50523289e-01
 -8.35859235e-01 -9.52977951e-01
 -8.31875580e-01 -9.55614822e-01
 -1.00457532e+00 -9.58436147e-01
 -8.98703870e-01 -9.61444750e-01
 -7.64321010e-01 -9.64644043e-01
 -7.96327409e-01 -9.68038037e-01
 -7.75357975e-01 -9.71631362e-01
 -6.83650988e-01 -9.75429287e-01
 -7.61588178e-01 -9.79437750e-01
 -6.67875280e-01 -9.83663392e-01
 -7.01480625e-01 -9.88113596e-01
 -6.80771762e-01 -9.92796536e-01
 -5.95883341e-01 -9.97721229e-01
 -6.98496376e-01 -1.00289760e+00
 -6.00483710e-01 -1.00833654e+00
 -6.21232238e-01 -1.01405002e+00
 -6.31408107e-01 -1.02005115e+00
 -5.98448741e-01 -1.02635430e+00
 -4.95962037e-01 -1.03297521e+00
 -4.40326384e-01 -1.03993115e+00
 -4.90259581e-01 -1.04724106e+00
 -5.05263750e-01 -1.05492570e+00
 -5.39522035e-01 -1.06300792e+00
 -4.22925166e-01 -1.07151284e+00
 -4.33048945e-01 -1.08046812e+00
 -4.35259863e-01 -1.08990430e+00
 -4.52862455e-01 -1.09985512e+00
 -3.85685507e-01 -1.11035796e+00
 -3.32840011e-01 -1.12145430e+00
 -2.70916612e-01 -1.13319026e+00
 -3.57891080e-01 -1.14561729e+00
 -3.48140813e-01 -1.15879291e+00
 -3.16626181e-01 -1.17278159e+00
 -2.07301855e-01 -1.18765584e+00
 -2.52224314e-01 -1.20349747e+00
 -2.33800525e-01 -1.22039907e+00
 -1.64378924e-01 -1.23846588e+00
 -1.22310588e-01 -1.25781790e+00
 -8.62112698e-02 -1.27859262e+00
 -1.03711581e-01 -1.30094821e+00
 -1.13087204e-02 -1.32506754e+00
 -8.13685947e-03 -1.35116312e+00
 -7.39689936e-02 -1.37948325e+00
 1.35008736e-01 -1.41031978e+00
 2.37805952e-01 -1.44401799e+00
 2.51722901e-01 -1.48098912e+00
 1.96396142e-01 -1.52172669e+00
 2.87603874e-01 -1.56682781e+00
 3.51548645e-01 -1.61702126e+00
 4.66024117e-01 -1.67320523e+00
 4.91764664e-01 -1.73649839e+00
 6.03771394e-01 -1.80831036e+00
 6.59734721e-01 -1.89044030e+00
 7.43441689e-01 -1.98521736e+00
 7.38033829e-01 -2.09570493e+00
 8.98585379e-01 -2.22600370e+00
 1.04461337e+00 -2.38171229e+00
 1.27873451e+00 -2.57064563e+00
 1.44874056e+00 -2.80398644e+00
 1.56209619e+00 -3.09818596e+00
 1.78712667e+00 -3.47819431e+00
 2.14865694e+00 -3.98308727e+00
 2.32312748e+00 -4.67594795e+00
 2.47466669e+00 -5.66042037e+00
 2.54752877e+00 -7.10144056e+00
 2.10103032e+00 -9.20347476e+00
 2.18439017e-02 -1.18605832e+01
 -4.53384922e+00 -1.32845240e+01
 -9.52316222e+00 -1.04544117e+01
 -1.07541363e+01 -5.75759462e+00
 -9.43179038e+00 -2.69527555e+00
 -7.91896879e+00 -1.18854507e+00
 -6.74747852e+00 -4.84814744e-01
 -5.83141410e+00 -1.57151593e-01
 -5.03934493e+00 -8.65321247e-03
 -4.57084177e+00 5.11893201e-02
 -4.07818987e+00 6.57233462e-02
 -3.74709164e+00 5.66965427e-02
 -3.52432890e+00 3.54759988e-02
 -3.20482347e+00 8.19802195e-03
 -2.94049339e+00 -2.17496642e-02
 -2.82918994e+00 -5.24755343e-02
 -2.74308352e+00 -8.29261987e-02
 -2.69405503e+00 -1.12528256e-01
 -2.46780366e+00 -1.40987451e-01
 -2.42293857e+00 -1.68173190e-01
 -2.29975217e+00 -1.94050767e-01
 -2.17306018e+00 -2.18640955e-01
 -2.14309234e+00 -2.41995633e-01
 -2.04826649e+00 -2.64183000e-01
 -1.87810817e+00 -2.85278603e-01
 -2.00175079e+00 -3.05359925e-01
 -1.82345597e+00 -3.24503197e-01
 -1.87188740e+00 -3.42781574e-01
 -1.80242117e+00 -3.60264182e-01
 -1.75422582e+00 -3.77015685e-01
 -1.78969236e+00 -3.93096190e-01
 -1.65247521e+00 -4.08561340e-01
 -1.65567312e+00 -4.23462526e-01
 -1.64495488e+00 -4.37847153e-01
 -1.57238794e+00 -4.51758936e-01
 -1.57777649e+00 -4.65238204e-01
 -1.52894389e+00 -4.78322190e-01
 -1.52481181e+00 -4.91045316e-01
 -1.47371097e+00 -5.03439456e-01
 -1.41788915e+00 -5.15534179e-01
 -1.36724240e+00 -5.27356974e-01
 -1.37942347e+00 -5.38933456e-01
 -1.37479088e+00 -5.50287557e-01
 -1.34798388e+00 -5.61441693e-01
 -1.31400426e+00 -5.72416923e-01
 -1.39733743e+00 -5.83233089e-01
 -1.36006507e+00 -5.93908948e-01
 -1.25603934e+00 -6.04462292e-01
 -1.31668306e+00 -6.14910051e-01
 -1.22707236e+00 -6.25268400e-01
 -1.28215362e+00 -6.35552845e-01
 -1.21960267e+00 -6.45778311e-01
 -1.26874754e+00 -6.55959222e-01
 -1.22182040e+00 -6.66109574e-01
 -1.18598786e+00 -6.76243004e-01
 -1.22649174e+00 -6.86372859e-01
 -1.10569765e+00 -6.96512254e-01
 -1.19188647e+00 -7.06674136e-01
 -1.13805612e+00 -7.16871342e-01
 -1.05704024e+00 -7.27116655e-01
 -1.08801097e+00 -7.37422860e-01
 -1.11395955e+00 -7.47802800e-01
 -1.10905308e+00 -7.58269433e-01
 -1.08256781e+00 -7.68835885e-01
 -1.11443525e+00 -7.79515511e-01
 -1.18160334e+00 -7.90321951e-01
 -1.02955394e+00 -8.01269191e-01
 -1.07947560e+00 -8.12371632e-01
 -1.06223554e+00 -8.23644148e-01
 -1.07566911e+00 -8.35102164e-01
 -9.57620966e-01 -8.46761730e-01
 -1.04915895e+00 -8.58639601e-01
 -9.69596201e-01 -8.70753322e-01
 -1.06836782e+00 -8.83121329e-01
 -1.00261645e+00 -8.95763047e-01
 -9.18413865e-01 -9.08699005e-01
 -1.09371664e+00 -9.21950956e-01
 -9.19947590e-01 -9.35542021e-01
 -9.75735258e-01 -9.49496832e-01
 -9.63222630e-01 -9.63841705e-01
 -8.93508765e-01 -9.78604824e-01
 -9.87362961e-01 -9.93816450e-01
 -9.74464765e-01 -1.00950916e+00
 -9.78524919e-01 -1.02571810e+00
 -1.00083673e+00 -1.04248129e+00
 -8.78945441e-01 -1.05983998e+00
 -9.04104422e-01 -1.07783897e+00
 -8.70695269e-01 -1.09652712e+00
 -9.48681899e-01 -1.11595780e+00
 -9.78626137e-01 -1.13618949e+00
 -8.15602388e-01 -1.15728640e+00
 -8.66682076e-01 -1.17931926e+00
 -1.01425238e+00 -1.20236619e+00
 -9.56126541e-01 -1.22651372e+00
 -8.48509356e-01 -1.25185796e+00
 -8.29747084e-01 -1.27850607e+00
 -8.26385504e-01 -1.30657781e+00
 -8.71653285e-01 -1.33620757e+00
 -8.70301541e-01 -1.36754664e+00
 -9.01197729e-01 -1.40076603e+00
 -8.69011306e-01 -1.43605973e+00
 -6.80691566e-01 -1.47364879e+00
 -7.92920650e-01 -1.51378617e+00
 -8.42566416e-01 -1.55676272e+00
 -7.71886482e-01 -1.60291452e+00
 -8.25029674e-01 -1.65263199e+00
 -8.66251380e-01 -1.70637129e+00
 -8.49981334e-01 -1.76466857e+00
 -7.52486538e-01 -1.82815822e+00
 -8.33242620e-01 -1.89759610e+00
 -7.42742590e-01 -1.97388969e+00
 -7.48949192e-01 -2.05813746e+00
 -8.05905113e-01 -2.15168086e+00
 -7.72694089e-01 -2.25617394e+00
 -7.98752604e-01 -2.37367744e+00
 -8.64802859e-01 -2.50678785e+00
 -7.75111722e-01 -2.65881664e+00
 -7.31898571e-01 -2.83404235e+00
 -8.58839002e-01 -3.03806929e+00
 -8.68399987e-01 -3.27834195e+00
 -9.11628834e-01 -3.56488308e+00
 -1.08301609e+00 -3.91133310e+00
 -1.21144528e+00 -4.33631859e+00
 -1.40777884e+00 -4.86486329e+00
 -1.70858910e+00 -5.52819372e+00
 -2.40542911e+00 -6.35485971e+00
 -3.56191840e+00 -7.32524424e+00
 -5.53806789e+00 -8.19178691e+00
 -8.97992538e+00 -7.97571539e+00
 -1.24540126e+01 -4.90645967e+00
 -1.25843937e+01 2.90584213e-02
 -1.01168718e+01 3.06247662e+00
 -7.50889976e+00 3.91799859e+00
 -5.80166130e+00 3.83830843e+00
 -4.65586391e+00 3.48815955e+00
 -3.85736509e+00 3.09940822e+00
 -3.29884826e+00 2.74070696e+00
 -2.78010315e+00 2.42717125e+00
 -2.64433682e+00 2.15741972e+00
 -2.30628056e+00 1.92571924e+00
 -2.13545117e+00 1.72588754e+00
 -2.04983299e+00 1.55243926e+00
 -1.98613610e+00 1.40081145e+00
 -1.78605619e+00 1.26729806e+00
 -1.77255867e+00 1.14891101e+00
 -1.71843477e+00 1.04324026e+00
 -1.63578061e+00 9.48334091e-01
 -1.61045161e+00 8.62602641e-01
 -1.44977832e+00 7.84742092e-01
 -1.56754909e+00 7.13675728e-01
 -1.46396568e+00 6.48508147e-01
 -1.46912282e+00 5.88489641e-01
 -1.37714312e+00 5.32988357e-01
 -1.42511966e+00 4.81468416e-01
 -1.37230946e+00 4.33472618e-01
 -1.33875592e+00 3.88608664e-01
 -1.36692566e+00 3.46538134e-01
 -1.38273614e+00 3.06967581e-01
 -1.39666365e+00 2.69641326e-01
 -1.28835101e+00 2.34335554e-01
 -1.32573045e+00 2.00853488e-01
 -1.27362792e+00 1.69021381e-01
 -1.31749087e+00 1.38685207e-01
 -1.17926558e+00 1.09707890e-01
 -1.24364364e+00 8.19669769e-02
 -1.30567868e+00 5.53526841e-02
 -1.21428864e+00 2.97662369e-02
 -1.29309459e+00 5.11846015e-03
 -1.21079273e+00 -1.86714271e-02
 -1.18282946e+00 -4.16768446e-02
 -1.13839391e+00 -6.39647407e-02
 -1.23171709e+00 -8.55963623e-02
 -1.33073184e+00 -1.06627922e-01
 -1.19125679e+00 -1.27111182e-01
 -1.18530656e+00 -1.47093961e-01
 -1.18481541e+00 -1.66620580e-01
 -1.23174256e+00 -1.85732261e-01
 -1.24752592e+00 -2.04467470e-01
 -1.19108214e+00 -2.22862231e-01
 -1.27069620e+00 -2.40950397e-01
 -1.12197552e+00 -2.58763903e-01
 -1.28873185e+00 -2.76332984e-01
 -1.20139209e+00 -2.93686379e-01
 -1.14224014e+00 -3.10851513e-01
 -1.22991229e+00 -3.27854662e-01
 -1.16927787e+00 -3.44721111e-01
 -1.13607390e+00 -3.61475294e-01
 -1.17408500e+00 -3.78140924e-01
 -1.22363603e+00 -3.94741121e-01
 -1.14448169e+00 -4.11298530e-01
 -1.21721167e+00 -4.27835429e-01
 -1.13852737e+00 -4.44373842e-01
 -1.19413193e+00 -4.60935638e-01
 -1.28104184e+00 -4.77542641e-01
 -1.22334785e+00 -4.94216727e-01
 -1.14423695e+00 -5.10979927e-01
 -1.17840704e+00 -5.27854530e-01
 -1.09744813e+00 -5.44863189e-01
 -1.14942044e+00 -5.62029027e-01
 -1.22222597e+00 -5.79375752e-01
 -1.30023061e+00 -5.96927772e-01
 -1.13424102e+00 -6.14710318e-01
 -1.25637035e+00 -6.32749581e-01
 -1.13482921e+00 -6.51072847e-01
 -1.24133131e+00 -6.69708656e-01
 -1.11069247e+00 -6.88686959e-01
 -1.14875863e+00 -7.08039305e-01
 -1.30008602e+00 -7.27799037e-01
 -1.18910879e+00 -7.48001507e-01
 -1.20109610e+00 -7.68684316e-01
 -1.23229089e+00 -7.89887586e-01
 -1.31841540e+00 -8.11654252e-01
 -1.29331169e+00 -8.34030398e-01
 -1.37030706e+00 -8.57065632e-01
 -1.32535262e+00 -8.80813506e-01
 -1.26589813e+00 -9.05331993e-01
 -1.34310907e+00 -9.30684032e-01
 -1.33511265e+00 -9.56938141e-01
 -1.25797373e+00 -9.84169124e-01
 -1.34749522e+00 -1.01245888e+00
 -1.30558038e+00 -1.04189733e+00
 -1.30350159e+00 -1.07258350e+00
 -1.36569633e+00 -1.10462676e+00
 -1.41614595e+00 -1.13814826e+00
 -1.38760161e+00 -1.17328265e+00
 -1.45341686e+00 -1.21018004e+00
 -1.43542003e+00 -1.24900837e+00
 -1.42965493e+00 -1.28995612e+00
 -1.46169124e+00 -1.33323564e+00
 -1.44822104e+00 -1.37908705e+00
 -1.57739660e+00 -1.42778294e+00
 -1.54882021e+00 -1.47963404e+00
 -1.60089701e+00 -1.53499607e+00
 -1.54814671e+00 -1.59427809e+00
 -1.62648110e+00 -1.65795275e+00
 -1.71598626e+00 -1.72656885e+00
 -1.71982971e+00 -1.80076695e+00
 -1.80220672e+00 -1.88129875e+00
 -1.80344441e+00 -1.96905135e+00
 -1.90229934e+00 -2.06507766e+00
 -1.93668664e+00 -2.17063472e+00
 -2.10970511e+00 -2.28723197e+00
 -2.12736011e+00 -2.41669182e+00
 -2.21950004e+00 -2.56122479e+00
 -2.32267355e+00 -2.72352056e+00
 -2.48659445e+00 -2.90685218e+00
 -2.72150994e+00 -3.11518000e+00
 -2.88161116e+00 -3.35321345e+00
 -3.25505205e+00 -3.62631549e+00
 -3.66214152e+00 -3.93994442e+00
 -4.07724076e+00 -4.29782099e+00
 -4.88170184e+00 -4.69661480e+00
 -5.70442695e+00 -5.11099051e+00
 -7.34798598e+00 -5.45161251e+00
 -9.31290927e+00 -5.45012926e+00
 -1.23448851e+01 -4.39497774e+00
 -1.53967603e+01 -9.69850772e-01
 -1.55643557e+01 4.87120228e+00
 -1.17181554e+01 9.16964665e+00
 -7.25262285e+00 9.88180858e+00
 -4.43184769e+00 8.88500744e+00
 -2.84685860e+00 7.60782424e+00
 -1.83728269e+00 6.48250819e+00
 -1.25316440e+00 5.57011414e+00
 -1.13513090e+00 4.84143988e+00
 -8.16371998e-01 4.25601844e+00
 -7.24484970e-01 3.77974129e+00
 -6.71937689e-01 3.38676131e+00
 -5.51533889e-01 3.05802145e+00
 -6.25633432e-01 2.77949036e+00
 -5.85353569e-01 2.54074849e+00
 -6.28866707e-01 2.33396253e+00
 -6.12327985e-01 2.15316361e+00
 -6.08168050e-01 1.99374199e+00
 -6.68436834e-01 1.85209130e+00
 -5.25571753e-01 1.72535568e+00
 -6.38996473e-01 1.61124788e+00
 -6.97197762e-01 1.50791668e+00
 -7.32072985e-01 1.41384920e+00
 -7.18885445e-01 1.32779789e+00
 -6.56478711e-01 1.24872539e+00
 -7.18876130e-01 1.17576245e+00
 -6.33138227e-01 1.10817544e+00
 -6.84688437e-01 1.04534108e+00
 -6.51150216e-01 9.86726475e-01
 -7.16776214e-01 9.31873408e-01
 -7.86344773e-01 8.80385680e-01
 -7.06418016e-01 8.31918961e-01
 -7.49812807e-01 7.86172547e-01
 -7.78833713e-01 7.42882628e-01
 -6.98528636e-01 7.01816749e-01
 -8.22244746e-01 6.62769237e-01
 -7.97095542e-01 6.25557392e-01
 -8.28790008e-01 5.90018308e-01
 -7.09596355e-01 5.56006198e-01
 -7.36463922e-01 5.23390135e-01
 -8.89637912e-01 4.92052134e-01
 -8.15845232e-01 4.61885525e-01
 -7.39917400e-01 4.32793551e-01
 -7.82698044e-01 4.04688166e-01
 -9.26196234e-01 3.77489004e-01
 -8.73040587e-01 3.51122475e-01
 -9.24821301e-01 3.25520990e-01
 -9.15347992e-01 3.00622276e-01
 -9.67244227e-01 2.76368781e-01
 -9.25099325e-01 2.52707148e-01
 -9.84352617e-01 2.29587752e-01
 -9.03721167e-01 2.06964292e-01
 -9.57050854e-01 1.84793421e-01
 -9.43483013e-01 1.63034426e-01
 -9.53245318e-01 1.41648932e-01
 -8.54470908e-01 1.20600640e-01
 -1.01878271e+00 9.98550896e-02
 -9.46401748e-01 7.93794415e-02
 -9.47360344e-01 5.91422801e-02
 -1.04092813e+00 3.91134319e-02
 -1.04790152e+00 1.92637970e-02
 -1.01759670e+00 -4.34807123e-04
 -9.71494383e-01 -2.00097926e-02
 -9.27345512e-01 -3.94879399e-02
 -1.06033633e+00 -5.88955299e-02
 -1.06907354e+00 -7.82584705e-02
 -1.13495935e+00 -9.76024203e-02
 -1.04770651e+00 -1.16952908e-01
 -1.11396571e+00 -1.36335453e-01
 -1.14961759e+00 -1.55775681e-01
 -1.05557474e+00 -1.75299446e-01
 -1.15047695e+00 -1.94932954e-01
 -1.21753190e+00 -2.14702879e-01
 -1.25890592e+00 -2.34636504e-01
 -1.16556366e+00 -2.54761846e-01
 -1.11513434e+00 -2.75107802e-01
 -1.19020835e+00 -2.95704304e-01
 -1.25205086e+00 -3.16582472e-01
 -1.18888717e+00 -3.37774793e-01
 -1.27405436e+00 -3.59315308e-01
 -1.28293395e+00 -3.81239818e-01
 -1.36669674e+00 -4.03586103e-01
 -1.36682689e+00 -4.26394173e-01
 -1.29933133e+00 -4.49706540e-01
 -1.36658352e+00 -4.73568516e-01
 -1.33287117e+00 -4.98028552e-01
 -1.42262436e+00 -5.23138613e-01
 -1.31957431e+00 -5.48954599e-01
 -1.52198871e+00 -5.75536817e-01
 -1.47256318e+00 -6.02950522e-01
 -1.48943358e+00 -6.31266517e-01
 -1.49093699e+00 -6.60561844e-01
 -1.55018354e+00 -6.90920571e-01
 -1.64861789e+00 -7.22434688e-01
 -1.62801323e+00 -7.55205136e-01
 -1.62118993e+00 -7.89342989e-01
 -1.67933843e+00 -8.24970821e-01
 -1.71230073e+00 -8.62224284e-01
 -1.74086514e+00 -9.01253934e-01
 -1.81645892e+00 -9.42227365e-01
 -1.87167591e+00 -9.85331685e-01
 -1.93862884e+00 -1.03077642e+00
 -1.79017778e+00 -1.07879688e+00
 -1.97693521e+00 -1.12965820e+00
 -2.00859507e+00 -1.18365992e+00
 -2.10289976e+00 -1.24114152e+00
 -2.24269131e+00 -1.30248879e+00
 -2.26714456e+00 -1.36814128e+00
 -2.35898613e+00 -1.43860094e+00
 -2.42493702e+00 -1.51444193e+00
 -2.53784113e+00 -1.59632151e+00
 -2.76999616e+00 -1.68499163e+00
 -2.84427607e+00 -1.78131015e+00
 -3.00006046e+00 -1.88624942e+00
 -3.12236155e+00 -2.00089773e+00
 -3.36597115e+00 -2.12644427e+00
 -3.49930374e+00 -2.26412929e+00
 -3.79129108e+00 -2.41512250e+00
 -4.15822899e+00 -2.58025397e+00
 -4.57047840e+00 -2.75943959e+00
 -5.10043102e+00 -2.95046043e+00
 -5.76261927e+00 -3.14633809e+00
 -6.44271275e+00 -3.32955489e+00
 -7.59880363e+00 -3.45893883e+00
 -9.00505690e+00 -3.43907066e+00
 -1.08658050e+01 -3.04870088e+00
 -1.35359731e+01 -1.78819171e+00
 -1.63303990e+01 1.30231821e+00
 -1.73806831e+01 7.02740768e+00
 -1.41086150e+01 1.31292203e+01
 -7.95567939e+00 1.52457538e+01
 -3.33987157e+00 1.38862909e+01
 -8.60882438e-01 1.16532462e+01
 3.54543149e-01 9.66544681e+00
 1.00066841e+00 8.10601540e+00
 1.12889700e+00 6.91059734e+00
 1.12441624e+00 5.98724555e+00
 1.09950435e+00 5.26205412e+00
 1.13802657e+00 4.68189434e+00
 9.66203826e-01 4.20947838e+00
 9.60884273e-01 3.81853875e+00
 9.72596700e-01 3.49031844e+00
 8.44799240e-01 3.21119605e+00
 7.48502493e-01 2.97110615e+00
 6.28323180e-01 2.76248479e+00
 6.71096930e-01 2.57955736e+00
 5.83371212e-01 2.41785041e+00
 4.68320239e-01 2.27385156e+00
 3.51203106e-01 2.14476886e+00
 4.12069038e-01 2.02835775e+00
 2.08192986e-01 1.92279499e+00
 2.72241428e-01 1.82658535e+00
 2.68314666e-01 1.73849182e+00
 1.21492476e-01 1.65748269e+00
 2.03687195e-01 1.58269098e+00
 4.52526113e-02 1.51338310e+00
 2.65580116e-02 1.44893423e+00
 -4.71257683e-02 1.38880906e+00
 9.28875431e-02 1.33254629e+00
 -2.90738104e-02 1.27974633e+00
 -1.20394843e-01 1.23006133e+00
 -7.50315714e-02 1.18318702e+00
 -1.73851890e-01 1.13885610e+00
 -2.47673655e-01 1.09683275e+00
 -2.45685613e-01 1.05690807e+00
 -2.02575111e-01 1.01889634e+00
 -1.75320610e-01 9.82631805e-01
 -3.33011436e-01 9.47966038e-01
 -2.26073601e-01 9.14765664e-01
 -3.54784679e-01 8.82910449e-01
 -2.86269170e-01 8.52291660e-01
 -2.98255238e-01 8.22810661e-01
 -3.71751073e-01 7.94377708e-01
 -4.06643315e-01 7.66910901e-01
 -4.95633824e-01 7.40335282e-01
 -4.26490421e-01 7.14582048e-01
 -5.46402567e-01 6.89587862e-01
 -5.15093543e-01 6.65294251e-01
 -5.63385731e-01 6.41647076e-01
 -4.98198307e-01 6.18596062e-01
 -4.26939838e-01 5.96094388e-01
 -5.62747830e-01 5.74098314e-01
 -5.15377289e-01 5.52566854e-01
 -5.18783861e-01 5.31461483e-01
 -5.53948460e-01 5.10745871e-01
 -5.82053518e-01 4.90385643e-01
 -6.17726780e-01 4.70348165e-01
 -6.19374142e-01 4.50602345e-01
 -7.26543228e-01 4.31118452e-01
 -6.80221348e-01 4.11867951e-01
 -7.14229574e-01 3.92823348e-01
 -6.99454499e-01 3.73958048e-01
 -6.85978314e-01 3.55246218e-01
 -7.43538474e-01 3.36662662e-01
 -7.44935375e-01 3.18182700e-01
 -8.67161794e-01 2.99782053e-01
 -9.01789931e-01 2.81436728e-01
 -8.45547293e-01 2.63122909e-01
 -9.13012473e-01 2.44816853e-01
 -9.19088845e-01 2.26494777e-01
 -9.89649828e-01 2.08132756e-01
 -8.23697356e-01 1.89706610e-01
 -9.52960743e-01 1.71191794e-01
 -9.27278103e-01 1.52563282e-01
 -9.41569132e-01 1.33795450e-01
 -1.02646913e+00 1.14861951e-01
 -1.08100968e+00 9.57355800e-02
 -1.08067656e+00 7.63881356e-02
 -1.11132184e+00 5.67902710e-02
 -1.12643291e+00 3.69113316e-02
 -1.10095770e+00 1.67191805e-02
 -1.22521020e+00 -3.81999050e-03
 -1.14690019e+00 -2.47418680e-02
 -1.21097562e+00 -4.60842433e-02
 -1.17798648e+00 -6.78872620e-02
 -1.29551419e+00 -9.01936978e-02
 -1.24556179e+00 -1.13049257e-01
 -1.42048403e+00 -1.36502915e-01
 -1.40924330e+00 -1.60607290e-01
 -1.34979140e+00 -1.85419059e-01
 -1.48135263e+00 -2.10999420e-01
 -1.49111723e+00 -2.37414612e-01
 -1.56925856e+00 -2.64736486e-01
 -1.52691298e+00 -2.93043150e-01
 -1.66207097e+00 -3.22419680e-01
 -1.81620786e+00 -3.52958915e-01
 -1.74710300e+00 -3.84762329e-01
 -1.91311069e+00 -4.17940992e-01
 -1.87978456e+00 -4.52616615e-01
 -1.92319448e+00 -4.88922670e-01
 -2.06117965e+00 -5.27005558e-01
 -2.07348657e+00 -5.67025791e-01
 -2.10434494e+00 -6.09159111e-01
 -2.29498296e+00 -6.53597419e-01
 -2.35598685e+00 -7.00549297e-01
 -2.46457155e+00 -7.50239789e-01
 -2.56753513e+00 -8.02908869e-01
 -2.72663136e+00 -8.58807660e-01
 -2.72573545e+00 -9.18190904e-01
 -2.99805654e+00 -9.81303138e-01
 -3.11306064e+00 -1.04835437e+00
 -3.36454976e+00 -1.11947808e+00
 -3.55721828e+00 -1.19465911e+00
 -3.85678904e+00 -1.27360970e+00
 -4.12273442e+00 -1.35555426e+00
 -4.57656142e+00 -1.43885025e+00
 -4.95099102e+00 -1.52030710e+00
 -5.45928876e+00 -1.59393232e+00
 -6.06448948e+00 -1.64855603e+00
 -6.86672567e+00 -1.66318294e+00
 -7.71729939e+00 -1.59758534e+00
 -8.96204168e+00 -1.37267940e+00
 -1.06028080e+01 -8.29066337e-01
 -1.26721458e+01 3.56493129e-01
 -1.48754310e+01 2.79718270e+00
 -1.65337522e+01 7.31501271e+00
 -1.51018404e+01 1.35587499e+01
 -9.31169894e+00 1.78542718e+01
 -2.96503147e+00 1.75358415e+01
 8.94422295e-01 1.48422840e+01
 2.60811613e+00 1.20666275e+01
 3.17035017e+00 9.86248755e+00
 3.36019733e+00 8.21335562e+00
 3.26975649e+00 6.98114529e+00
 3.12270609e+00 6.04510541e+00
 2.84487476e+00 5.31894072e+00
 2.68702467e+00 4.74370304e+00
 2.57522104e+00 4.27917619e+00
 2.23201079e+00 3.89754429e+00
 2.14130037e+00 3.57920467e+00
 1.95502854e+00 3.31006664e+00
 1.81591585e+00 3.07980491e+00
 1.75347789e+00 2.88071548e+00
 1.62160405e+00 2.70695358e+00
 1.51405921e+00 2.55401670e+00
 1.45060504e+00 2.41838764e+00
 1.34060100e+00 2.29728364e+00
 1.22929972e+00 2.18847724e+00
 1.13663427e+00 2.09016639e+00
 1.14060743e+00 2.00087886e+00
 9.33706044e-01 1.91940103e+00
 9.96935438e-01 1.84472413e+00
 8.75977868e-01 1.77600324e+00
 8.52961884e-01 1.71252559e+00
 8.41601592e-01 1.65368595e+00
 7.38397886e-01 1.59896724e+00
 7.87164429e-01 1.54792512e+00
 7.14753450e-01 1.50017575e+00
 6.39473626e-01 1.45538583e+00
 6.47231944e-01 1.41326460e+00
 5.56201256e-01 1.37355728e+00
 4.81357852e-01 1.33603964e+00
 4.87171124e-01 1.30051359e+00
 3.77751597e-01 1.26680344e+00
 5.06455646e-01 1.23475279e+00
 3.58806753e-01 1.20422196e+00
 2.94583843e-01 1.17508579e+00
 3.40808245e-01 1.14723174e+00
 2.12358450e-01 1.12055833e+00
 1.75941350e-01 1.09497379e+00
 1.96837464e-01 1.07039489e+00
 1.72815395e-01 1.04674590e+00
 1.29364856e-01 1.02395778e+00
 7.30456588e-02 1.00196739e+00
 6.97657749e-02 9.80716844e-01
 -6.73866051e-02 9.60152924e-01
 5.71245732e-02 9.40226593e-01
 -4.64332089e-02 9.20892544e-01
 6.53270681e-04 9.02108810e-01
 5.71492588e-02 8.83836422e-01
 3.32541813e-02 8.66039096e-01
 -4.08811522e-02 8.48682965e-01
 -1.22937616e-01 8.31736332e-01
 -1.41762629e-01 8.15169451e-01
 -1.40688718e-01 7.98954334e-01
 -1.37142408e-01 7.83064567e-01
 -2.32987724e-01 7.67475157e-01
 -1.90363424e-01 7.52162379e-01
 -2.32943394e-01 7.37103647e-01
 -2.72105430e-01 7.22277389e-01
 -3.14498085e-01 7.07662938e-01
 -3.52667267e-01 6.93240426e-01
 -3.67874271e-01 6.78990687e-01
 -4.60895027e-01 6.64895172e-01
 -4.07283934e-01 6.50935856e-01
 -3.05143980e-01 6.37095167e-01
 -4.99669731e-01 6.23355905e-01
 -3.76424262e-01 6.09701172e-01
 -5.08370099e-01 5.96114301e-01
 -5.05943623e-01 5.82578792e-01
 -5.26527668e-01 5.69078240e-01
 -6.01265352e-01 5.55596279e-01
 -6.33730096e-01 5.42116513e-01
 -6.70696899e-01 5.28622452e-01
 -6.02394870e-01 5.15097456e-01
 -5.84482996e-01 5.01524666e-01
 -6.11820765e-01 4.87886942e-01
 -7.09280437e-01 4.74166801e-01
 -7.64862739e-01 4.60346351e-01
 -7.46933476e-01 4.46407226e-01
 -8.77448943e-01 4.32330524e-01
 -9.25737410e-01 4.18096733e-01
 -9.32444126e-01 4.03685675e-01
 -9.41897976e-01 3.89076437e-01
 -9.42687295e-01 3.74247307e-01
 -9.87189629e-01 3.59175723e-01
 -1.00640229e+00 3.43838219e-01
 -1.09646218e+00 3.28210385e-01
 -1.14582454e+00 3.12266842e-01
 -1.19705056e+00 2.95981244e-01
 -1.19578466e+00 2.79326306e-01
 -1.19386819e+00 2.62273880e-01
 -1.28011767e+00 2.44795090e-01
 -1.41751324e+00 2.26860563e-01
 -1.47127749e+00 2.08440772e-01
 -1.57037809e+00 1.89506555e-01
 -1.63074603e+00 1.70029860e-01
 -1.56071752e+00 1.49984824e-01
 -1.73755490e+00 1.29349300e-01
 -1.72645685e+00 1.08107029e-01
 -1.85066294e+00 8.62507115e-02
 -2.03926480e+00 6.37863589e-02
 -1.99136923e+00 4.07394900e-02
 -2.19551245e+00 1.71639830e-02
 -2.38003760e+00 -6.84518451e-03
 -2.49077202e+00 -3.11334509e-02
 -2.56843691e+00 -5.54595844e-02
 -2.81488249e+00 -7.94555365e-02
 -3.02556256e+00 -1.02566147e-01
 -3.17565168e+00 -1.23957227e-01
 -3.42468276e+00 -1.42373037e-01
 -3.68761198e+00 -1.55911076e-01
 -4.02632246e+00 -1.61658534e-01
 -4.33824612e+00 -1.55091349e-01
 -4.81748977e+00 -1.29054444e-01
 -5.23004697e+00 -7.19807872e-02
 -5.82463241e+00 3.53157956e-02
 -6.59180424e+00 2.25599447e-01
 -7.54151150e+00 5.56597466e-01
 -8.67281961e+00 1.13308078e+00
 -1.00755020e+01 2.14859910e+00
 -1.16524447e+01 3.95225165e+00
 -1.30423122e+01 7.07766402e+00
 -1.27869996e+01 1.18321594e+01
 -9.19799615e+00 1.67173190e+01
 -2.96063926e+00 1.82872301e+01
 1.98516721e+00 1.61776999e+01
 4.34030809e+00 1.30294121e+01
 5.20440693e+00 1.03450953e+01
 5.18656069e+00 8.35308153e+00
 4.96179423e+00 6.91176049e+00
 4.76377027e+00 5.85717934e+00
 4.40091636e+00 5.06840881e+00
 4.00880553e+00 4.46422612e+00
 3.77086523e+00 3.99087650e+00
 3.43828018e+00 3.61240083e+00
 3.14366062e+00 3.30427361e+00
 3.04689817e+00 3.04939993e+00
 2.82231993e+00 2.83560445e+00
 2.60584564e+00 2.65403714e+00
 2.61576304e+00 2.49814265e+00
 2.26091635e+00 2.36298089e+00
 2.24015121e+00 2.24476993e+00
 2.14630243e+00 2.14057274e+00
 2.14733604e+00 2.04807850e+00
 1.90920945e+00 1.96544721e+00
 1.81506300e+00 1.89119780e+00
 1.77734550e+00 1.82412610e+00
 1.61209227e+00 1.76324405e+00
 1.66430036e+00 1.70773403e+00
 1.51761408e+00 1.65691417e+00
 1.48584631e+00 1.61021166e+00
 1.43216951e+00 1.56714207e+00
 1.29286072e+00 1.52729317e+00
 1.28782069e+00 1.49031210e+00
 1.19267778e+00 1.45589516e+00
 1.18867503e+00 1.42377967e+00
 1.14201522e+00 1.39373729e+00
 1.12457434e+00 1.36556869e+00
 1.04426094e+00 1.33909908e+00
 9.57358733e-01 1.31417462e+00
 8.56973962e-01 1.29065935e+00
 8.94627295e-01 1.26843275e+00
 8.50153156e-01 1.24738756e+00
 8.22112967e-01 1.22742805e+00
 8.57160418e-01 1.20846854e+00
 7.51346926e-01 1.19043207e+00
 7.03920881e-01 1.17324937e+00
 6.77052946e-01 1.15685793e+00
 6.81534991e-01 1.14120115e+00
 7.10923148e-01 1.12622771e+00
 5.81288009e-01 1.11189097e+00
 5.36105829e-01 1.09814842e+00
 6.43031190e-01 1.08496126e+00
 5.69701916e-01 1.07229400e+00
 5.14007804e-01 1.06011413e+00
 4.47320435e-01 1.04839179e+00
 4.37812627e-01 1.03709954e+00
 5.03623376e-01 1.02621209e+00
 4.30805917e-01 1.01570615e+00
 4.57260265e-01 1.00556017e+00
 4.05321394e-01 9.95754249e-01
 2.98741894e-01 9.86269960e-01
 2.73514586e-01 9.77090222e-01
 1.86344922e-01 9.68199195e-01
 2.54420870e-01 9.59582174e-01
 2.10007005e-01 9.51225506e-01
 1.65005912e-01 9.43116502e-01
 1.93839699e-01 9.35243377e-01
 1.65172477e-01 9.27595177e-01
 1.72897937e-01 9.20161736e-01
 1.26734086e-01 9.12933619e-01
 1.50176003e-01 9.05902085e-01
 6.93198945e-02 8.99059054e-01
 1.75965324e-02 8.92397074e-01
 1.81444503e-02 8.85909299e-01
 -8.22824288e-02 8.79589475e-01
 8.51354670e-03 8.73431920e-01
 -7.55657815e-02 8.67431527e-01
 -6.23318421e-02 8.61583756e-01
 -1.79109085e-01 8.55884646e-01
 -1.22485928e-01 8.50330824e-01
 -9.28494654e-02 8.44919530e-01
 -1.38428025e-01 8.39648641e-01
 -2.36237205e-01 8.34516716e-01
 -2.04648964e-01 8.29523041e-01
 -2.66147426e-01 8.24667693e-01
 -3.81377865e-01 8.19951621e-01
 -3.62247139e-01 8.15376734e-01
 -2.31314660e-01 8.10946023e-01
 -3.26139005e-01 8.06663697e-01
 -4.02096301e-01 8.02535353e-01
 -4.65481047e-01 7.98568183e-01
 -4.91983025e-01 7.94771217e-01
 -4.90434850e-01 7.91155631e-01
 -5.59414795e-01 7.87735106e-01
 -5.73932119e-01 7.84526277e-01
 -6.39357772e-01 7.81549273e-01
 -6.20547271e-01 7.78828390e-01
 -7.23228351e-01 7.76392906e-01
 -7.59108709e-01 7.74278102e-01
 -8.92532911e-01 7.72526528e-01
 -9.13309135e-01 7.71189584e-01
 -9.55736435e-01 7.70329511e-01
 -1.01419463e+00 7.70021913e-01
 -9.87515381e-01 7.70358973e-01
 -1.13437467e+00 7.71453577e-01
 -1.13723693e+00 7.73444660e-01
 -1.27967453e+00 7.76504183e-01
 -1.34547249e+00 7.80846315e-01
 -1.41778675e+00 7.86739658e-01
 -1.54941983e+00 7.94523670e-01
 -1.71061159e+00 8.04630998e-01
 -1.74612906e+00 8.17618211e-01
 -1.93301009e+00 8.34208660e-01
 -2.08116495e+00 8.55353125e-01
 -2.21686616e+00 8.82316970e-01
 -2.30457937e+00 9.16807565e-01
 -2.58101983e+00 9.61164058e-01
 -2.84092300e+00 1.01864578e+00
 -3.06899531e+00 1.09388031e+00
 -3.36693800e+00 1.19357629e+00
 -3.73795416e+00 1.32768667e+00
 -4.15062828e+00 1.51135779e+00
 -4.53777812e+00 1.76828192e+00
 -5.16630232e+00 2.13659531e+00
 -5.85187968e+00 2.67936894e+00
 -6.62097542e+00 3.50285808e+00
 -7.50565003e+00 4.78443968e+00
 -8.25401362e+00 6.79317350e+00
 -8.18022766e+00 9.78617508e+00
 -6.36220177e+00 1.34090460e+01
 -1.98912562e+00 1.57184853e+01
 2.89225129e+00 1.48181979e+01
 5.81016594e+00 1.19465017e+01
 6.65062169e+00 9.12445804e+00
 6.55762463e+00 7.01474698e+00
 6.24599058e+00 5.54663239e+00
 5.71250161e+00 4.52734766e+00
 5.21533289e+00 3.80494954e+00
 4.80601991e+00 3.27917883e+00
 4.36660610e+00 2.88625572e+00
 4.19417616e+00 2.58538284e+00
 3.87465979e+00 2.34994337e+00
 3.57413444e+00 2.16214974e+00
 3.43190584e+00 2.00982092e+00
 3.07562647e+00 1.88441893e+00
 2.95547464e+00 1.77982887e+00
 2.89018091e+00 1.69158405e+00
 2.74563666e+00 1.61636263e+00
 2.48960711e+00 1.55165360e+00
 2.46338104e+00 1.49553054e+00
 2.31584450e+00 1.44649543e+00
 2.21882630e+00 1.40336903e+00
 2.20706389e+00 1.36521249e+00
 2.05718629e+00 1.33127065e+00
 2.00762570e+00 1.30093029e+00
 1.99353171e+00 1.27368913e+00
 1.79585396e+00 1.24913242e+00
 1.68077525e+00 1.22691513e+00
 1.72592752e+00 1.20674825e+00
 1.65471610e+00 1.18838814e+00
 1.61772685e+00 1.17162820e+00
 1.55419045e+00 1.15629225e+00
 1.54093657e+00 1.14222927e+00
 1.42016809e+00 1.12930921e+00
 1.47848529e+00 1.11741958e+00
 1.44208460e+00 1.10646265e+00
 1.35320088e+00 1.09635320e+00
 1.36565646e+00 1.08701664e+00
 1.33637967e+00 1.07838751e+00
 1.24128671e+00 1.07040812e+00
 1.14086649e+00 1.06302756e+00
 1.21367168e+00 1.05620073e+00
 1.21833232e+00 1.04988761e+00
 1.19118215e+00 1.04405264e+00
 1.13773264e+00 1.03866411e+00
 1.09580687e+00 1.03369376e+00
 1.13755153e+00 1.02911636e+00
 9.45465474e-01 1.02490936e+00
 1.08229025e+00 1.02105258e+00
 1.08809611e+00 1.01752801e+00
 8.95900790e-01 1.01431954e+00
 9.33419502e-01 1.01141280e+00
 1.01694933e+00 1.00879499e+00
 8.49543250e-01 1.00645473e+00
 9.53917265e-01 1.00438195e+00
 8.20196058e-01 1.00256779e+00
 9.29479334e-01 1.00100448e+00
 7.96558429e-01 9.99685286e-01
 8.52146025e-01 9.98604453e-01
 7.92852698e-01 9.97757120e-01
 8.12488854e-01 9.97139290e-01
 6.75584298e-01 9.96747789e-01
 7.41223992e-01 9.96580238e-01
 7.27110508e-01 9.96635022e-01
 7.17964274e-01 9.96911281e-01
 6.75353690e-01 9.97408896e-01
 6.67836177e-01 9.98128488e-01
 6.55581590e-01 9.99071419e-01
 4.97695503e-01 1.00023980e+00
 5.35317405e-01 1.00163652e+00
 5.00067330e-01 1.00326524e+00
 5.93305124e-01 1.00513046e+00
 6.30710793e-01 1.00723752e+00
 4.20927845e-01 1.00959269e+00
 4.79734768e-01 1.01220317e+00
 5.76121345e-01 1.01507720e+00
 4.31331104e-01 1.01822413e+00
 4.44827175e-01 1.02165448e+00
 3.99521302e-01 1.02538006e+00
 4.03166678e-01 1.02941410e+00
 2.06861189e-01 1.03377138e+00
 2.97702763e-01 1.03846837e+00
 3.21279438e-01 1.04352342e+00
 2.65500522e-01 1.04895701e+00
 2.50022914e-01 1.05479190e+00
 1.63056240e-01 1.06105352e+00
 1.58686640e-01 1.06777020e+00
 1.48253511e-01 1.07497361e+00
 1.72783167e-01 1.08269919e+00
 2.41403105e-01 1.09098663e+00
 7.71352700e-02 1.09988053e+00
 1.31473833e-01 1.10943108e+00
 1.02223464e-01 1.11969490e+00
 3.86756235e-02 1.13073609e+00
 -8.08637283e-02 1.14262737e+00
 -5.31799812e-02 1.15545156e+00
 -9.89655790e-02 1.16930330e+00
 -9.37178407e-02 1.18429112e+00
 -2.13505598e-01 1.20054006e+00
 -2.02985724e-01 1.21819473e+00
 -1.76050167e-01 1.23742326e+00
 -2.47748897e-01 1.25842201e+00
 -2.33014111e-01 1.28142166e+00
 -4.09462448e-01 1.30669474e+00
 -4.04568977e-01 1.33456528e+00
 -5.01641957e-01 1.36542118e+00
 -5.45745802e-01 1.39973018e+00
 -5.61144425e-01 1.43806082e+00
 -7.61132441e-01 1.48111010e+00
 -7.81451260e-01 1.52974054e+00
 -7.81793850e-01 1.58503032e+00
 -9.13570408e-01 1.64834220e+00
 -9.42794652e-01 1.72141959e+00
 -1.08541377e+00 1.80652244e+00
 -1.16536788e+00 1.90662303e+00
 -1.36883287e+00 2.02569282e+00
 -1.55634160e+00 2.16913089e+00
 -1.71768392e+00 2.34441644e+00
 -1.90479365e+00 2.56212139e+00
 -2.13213859e+00 2.83750822e+00
 -2.32777242e+00 3.19307707e+00
 -2.60236381e+00 3.66259878e+00
 -2.83822867e+00 4.29718387e+00
 -3.08676991e+00 5.17275817e+00
 -3.08917113e+00 6.39147187e+00
 -2.79752206e+00 8.04109784e+00
 -1.53340035e+00 9.99640854e+00
 1.25117022e+00 1.14500858e+01
 4.72447955e+00 1.10028473e+01
 7.12683064e+00 8.63985513e+00
 7.79915653e+00 6.00007024e+00
 7.42547143e+00 4.04914826e+00
 6.60762348e+00 2.79988566e+00
