 NaN NaN
 4.13027364e+01 1.40283493e+01
 2.12165639e+01 6.84939579e+00
 1.43792745e+01 4.52800340e+00
 1.07888934e+01 3.38739233e+00
 8.66484415e+00 2.71130927e+00
 7.35004339e+00 2.26481411e+00
 6.29988760e+00 1.94837044e+00
 5.59194193e+00 1.71264976e+00
 5.06135858e+00 1.53044291e+00
 4.51333254e+00 1.38552152e+00
 4.03895067e+00 1.26761081e+00
 3.70773516e+00 1.16989111e+00
 3.46566886e+00 1.08765947e+00
 3.17863675e+00 1.01756829e+00
 3.00522786e+00 9.57170392e-01
 2.86293595e+00 9.04635673e-01
 2.71959684e+00 8.58568357e-01
 2.58484446e+00 8.17885543e-01
 2.45199096e+00 7.81734320e-01
 2.35658475e+00 7.49433895e-01
 2.17318805e+00 7.20434355e-01
 2.10907459e+00 6.94286731e-01
 2.00180056e+00 6.70620927e-01
 1.99802872e+00 6.49129190e-01
 1.96487894e+00 6.29553575e-01
 1.86348339e+00 6.11676314e-01
 1.73921141e+00 5.95312343e-01
 1.83719624e+00 5.80303436e-01
 1.71431004e+00 5.66513557e-01
 1.63218843e+00 5.53825157e-01
 1.64148904e+00 5.42136181e-01
 1.52454905e+00 5.31357644e-01
 1.60493093e+00 5.21411654e-01
 1.49475197e+00 5.12229783e-01
 1.49890330e+00 5.03751718e-01
 1.35589205e+00 4.95924141e-01
 1.44466862e+00 4.88699795e-01
 1.36444172e+00 4.82036693e-01
 1.46998931e+00 4.75897452e-01
 1.35275828e+00 4.70248735e-01
 1.34688751e+00 4.65060767e-01
 1.29888770e+00 4.60306923e-01
 1.35508480e+00 4.55963384e-01
 1.27945081e+00 4.52008828e-01
 1.29226570e+00 4.48424173e-01
 1.35127427e+00 4.45192352e-01
 1.23036684e+00 4.42298118e-01
 1.25261099e+00 4.39727877e-01
 1.18287682e+00 4.37469538e-01
 1.22942685e+00 4.35512392e-01
 1.24253171e+00 4.33846996e-01
 1.22106220e+00 4.32465082e-01
 1.20162432e+00 4.31359472e-01
 1.20180011e+00 4.30524011e-01
 1.20576542e+00 4.29953500e-01
 1.19249828e+00 4.29643651e-01
 1.12287265e+00 4.29591041e-01
 1.14997056e+00 4.29793077e-01
 1.12841484e+00 4.30247965e-01
 1.14031892e+00 4.30954691e-01
 1.10015564e+00 4.31913007e-01
 1.14192596e+00 4.33123412e-01
 1.07044533e+00 4.34587157e-01
 1.16335929e+00 4.36306242e-01
 9.87554960e-01 4.38283421e-01
 1.14151056e+00 4.40522215e-01
 1.17974615e+00 4.43026930e-01
 1.17545810e+00 4.45802680e-01
 1.12876286e+00 4.48855415e-01
 1.20535836e+00 4.52191958e-01
 1.11078266e+00 4.55820044e-01
 1.15029808e+00 4.59748375e-01
 1.22728103e+00 4.63986671e-01
 1.19632617e+00 4.68545741e-01
 1.15214367e+00 4.73437554e-01
 1.19869261e+00 4.78675330e-01
 1.18797690e+00 4.84273636e-01
 1.20113829e+00 4.90248493e-01
 1.24842207e+00 4.96617510e-01
 1.27300630e+00 5.03400021e-01
 1.20476364e+00 5.10617249e-01
 1.27999776e+00 5.18292492e-01
 1.28412718e+00 5.26451331e-01
 1.42283809e+00 5.35121869e-01
 1.34587011e+00 5.44335002e-01
 1.31360750e+00 5.54124732e-01
 1.40410474e+00 5.64528522e-01
 1.42530364e+00 5.75587705e-01
 1.50943395e+00 5.87347953e-01
 1.44845553e+00 5.99859825e-01
 1.45480648e+00 6.13179388e-01
 1.53462243e+00 6.27368956e-01
 1.54012202e+00 6.42497939e-01
 1.53439233e+00 6.58643839e-01
 1.55549120e+00 6.75893424e-01
 1.62559279e+00 6.94344111e-01
 1.76629381e+00 7.14105602e-01
 1.80274227e+00 7.35301836e-01
 1.81612429e+00 7.58073324e-01
 1.87413552e+00 7.82579956e-01
 1.91580544e+00 8.09004390e-01
 2.00018099e+00 8.37556186e-01
 2.07980523e+00 8.68476857e-01
 2.09756945e+00 9.02046084e-01
 2.19535594e+00 9.38589436e-01
 2.41872543e+00 9.78488000e-01
 2.40541138e+00 1.02219050e+00
 2.59045892e+00 1.07022866e+00
 2.78806696e+00 1.12323683e+00
 2.85241787e+00 1.18197730e+00
 3.13910646e+00 1.24737311e+00
 3.26101555e+00 1.32055101e+00
 3.49631073e+00 1.40289798e+00
 3.66494587e+00 1.49613581e+00
 4.00402372e+00 1.60241933e+00
 4.40492724e+00 1.72446406e+00
 4.77003159e+00 1.86570546e+00
 5.20381475e+00 2.03047685e+00
 5.95082540e+00 2.22413853e+00
 6.87097969e+00 2.45291070e+00
 8.05660227e+00 2.72254278e+00
 9.63537052e+00 3.03265387e+00
 1.18852087e+01 3.35392783e+00
 1.57944132e+01 3.52662302e+00
 2.30342985e+01 2.69687489e+00
 3.85736233e+01 -5.16684378e+00
 3.92913705e+01 -5.70703003e+01
 -1.82270332e+01 -4.09125647e+01
 -1.72644377e+01 -1.89148920e+01
 -1.31665529e+01 -1.13708585e+01
 -1.04722378e+01 -7.94966342e+00
 -8.58792663e+00 -6.06278610e+00
 -7.24149062e+00 -4.88510083e+00
 -6.31158423e+00 -4.08644973e+00
 -5.59935070e+00 -3.51197240e+00
 -5.08030362e+00 -3.08026925e+00
 -4.48844276e+00 -2.74476093e+00
 -4.07627392e+00 -2.47698712e+00
 -3.86266852e+00 -2.25862925e+00
 -3.58749975e+00 -2.07738740e+00
 -3.40977395e+00 -1.92470875e+00
 -3.11713304e+00 -1.79446849e+00
 -2.91709704e+00 -1.68216924e+00
 -2.75393909e+00 -1.58443649e+00
 -2.59466121e+00 -1.49869020e+00
 -2.53923899e+00 -1.42292488e+00
 -2.29068155e+00 -1.35555879e+00
 -2.33945065e+00 -1.29532800e+00
 -2.15882853e+00 -1.24121075e+00
 -2.10006167e+00 -1.19237231e+00
 -1.96987362e+00 -1.14812428e+00
 -2.01805732e+00 -1.10789401e+00
 -1.95257330e+00 -1.07120136e+00
 -1.81145836e+00 -1.03764090e+00
 -1.76330550e+00 -1.00686797e+00
 -1.77230533e+00 -9.78587852e-01
 -1.71031331e+00 -9.52547079e-01
 -1.67365004e+00 -9.28526564e-01
 -1.63958880e+00 -9.06336032e-01
 -1.53024167e+00 -8.85809510e-01
 -1.49748597e+00 -8.66801636e-01
 -1.43369229e+00 -8.49184631e-01
 -1.54180976e+00 -8.32845786e-01
 -1.41863449e+00 -8.17685373e-01
 -1.43303412e+00 -8.03614901e-01
 -1.32677596e+00 -7.90555649e-01
 -1.39155341e+00 -7.78437419e-01
 -1.38388137e+00 -7.67197492e-01
 -1.24295782e+00 -7.56779728e-01
 -1.28707598e+00 -7.47133803e-01
 -1.36870150e+00 -7.38214551e-01
 -1.20816709e+00 -7.29981399e-01
 -1.28446076e+00 -7.22397882e-01
 -1.14750136e+00 -7.15431219e-01
 -1.20090293e+00 -7.09051951e-01
 -1.13125838e+00 -7.03233619e-01
 -1.14464499e+00 -6.97952495e-01
 -1.16930554e+00 -6.93187334e-01
 -1.18730005e+00 -6.88919172e-01
 -1.26368011e+00 -6.85131139e-01
 -1.13327551e+00 -6.81808304e-01
 -1.09901905e+00 -6.78937536e-01
 -1.13511765e+00 -6.76507388e-01
 -1.10660219e+00 -6.74507989e-01
 -1.19764438e+00 -6.72930964e-01
 -1.12253457e+00 -6.71769354e-01
 -1.11497070e+00 -6.71017558e-01
 -1.13710531e+00 -6.70671283e-01
 -1.14189388e+00 -6.70727501e-01
 -1.06936240e+00 -6.71184424e-01
 -1.03398190e+00 -6.72041479e-01
 -1.15699782e+00 -6.73299301e-01
 -1.22443696e+00 -6.74959728e-01
 -1.13798208e+00 -6.77025808e-01
 -1.14018538e+00 -6.79501817e-01
 -1.11651093e+00 -6.82393278e-01
 -1.15812725e+00 -6.85707003e-01
 -1.16076936e+00 -6.89451128e-01
 -1.05835161e+00 -6.93635174e-01
 -1.18054535e+00 -6.98270107e-01
 -1.21575465e+00 -7.03368417e-01
 -1.16395305e+00 -7.08944207e-01
 -1.21310641e+00 -7.15013298e-01
 -1.24881787e+00 -7.21593347e-01
 -1.18937814e+00 -7.28703983e-01
 -1.24765477e+00 -7.36366965e-01
 -1.14125974e+00 -7.44606362e-01
 -1.20954339e+00 -7.53448750e-01
 -1.26525363e+00 -7.62923450e-01
 -1.10683557e+00 -7.73062788e-01
 -1.22652618e+00 -7.83902395e-01
 -1.25476019e+00 -7.95481550e-01
 -1.24009389e+00 -8.07843573e-01
 -1.41587385e+00 -8.21036272e-01
 -1.28685330e+00 -8.35112457e-01
 -1.35137445e+00 -8.50130534e-01
 -1.42644773e+00 -8.66155185e-01
 -1.47993454e+00 -8.83258160e-01
 -1.48097951e+00 -9.01519189e-01
 -1.49361688e+00 -9.21027049e-01
 -1.55489800e+00 -9.41880811e-01
 -1.63051519e+00 -9.64191293e-01
 -1.60147341e+00 -9.88082783e-01
 -1.67545405e+00 -1.01369506e+00
 -1.65125111e+00 -1.04118581e+00
 -1.65656365e+00 -1.07073350e+00
 -1.78518293e+00 -1.10254080e+00
 -1.73456356e+00 -1.13683876e+00
 -1.90042603e+00 -1.17389181e+00
 -1.91677107e+00 -1.21400390e+00
 -1.96921160e+00 -1.25752599e+00
 -2.15483711e+00 -1.30486532e+00
 -2.13227234e+00 -1.35649691e+00
 -2.28620061e+00 -1.41297791e+00
 -2.43652213e+00 -1.47496577e+00
 -2.41855875e+00 -1.54324122e+00
 -2.68433044e+00 -1.61873762e+00
 -2.81913952e+00 -1.70257888e+00
 -2.94612262e+00 -1.79612846e+00
 -3.21750305e+00 -1.90105335e+00
 -3.42421804e+00 -2.01940752e+00
 -3.67831093e+00 -2.15374081e+00
 -4.07404766e+00 -2.30723878e+00
 -4.34540746e+00 -2.48389645e+00
 -4.87262395e+00 -2.68871411e+00
 -5.44294240e+00 -2.92785699e+00
 -6.17586351e+00 -3.20857173e+00
 -7.16548929e+00 -3.53817604e+00
 -8.50109965e+00 -3.91981436e+00
 -1.04255202e+01 -4.33659891e+00
 -1.33721756e+01 -4.68976290e+00
 -1.82188506e+01 -4.52342833e+00
 -2.72370884e+01 -1.53619659e+00
 -4.01051215e+01 1.64122131e+01
 -1.46923014e+01 4.63238347e+01
 8.77887556e+00 3.02416620e+01
 1.04847767e+01 1.80972322e+01
 9.16370003e+00 1.22864601e+01
 7.79111399e+00 9.14521867e+00
 6.78950906e+00 7.23375233e+00
 5.89196794e+00 5.96545632e+00
 5.21765034e+00 5.06917086e+00
 4.66323342e+00 4.40520827e+00
 4.18167304e+00 3.89517902e+00
 3.87546449e+00 3.49201530e+00
 3.59862420e+00 3.16588083e+00
 3.34020395e+00 2.89700666e+00
 3.06239260e+00 2.67180477e+00
 2.92978340e+00 2.48064290e+00
 2.73824634e+00 2.31651112e+00
 2.48265886e+00 2.17419120e+00
 2.50794391e+00 2.04972148e+00
 2.26954692e+00 1.94004197e+00
 2.22994787e+00 1.84275282e+00
 2.16445549e+00 1.75594622e+00
 2.04706675e+00 1.67808702e+00
 1.87102592e+00 1.60792640e+00
 1.90756958e+00 1.54443838e+00
 1.84682867e+00 1.48677247e+00
 1.72493528e+00 1.43421791e+00
 1.72717043e+00 1.38617626e+00
 1.58414947e+00 1.34214019e+00
 1.62400105e+00 1.30167690e+00
 1.55042534e+00 1.26441504e+00
 1.48329327e+00 1.23003428e+00
 1.38349891e+00 1.19825693e+00
 1.35901135e+00 1.16884115e+00
 1.32701504e+00 1.14157549e+00
 1.34987902e+00 1.11627427e+00
 1.34480751e+00 1.09277393e+00
 1.23376937e+00 1.07092987e+00
 1.37743364e+00 1.05061386e+00
 1.29792941e+00 1.03171192e+00
 1.27370655e+00 1.01412241e+00
 1.12453190e+00 9.97754555e-01
 1.16939249e+00 9.82527070e-01
 1.22801750e+00 9.68367064e-01
 1.08212778e+00 9.55209065e-01
 1.18478605e+00 9.42994192e-01
 1.06861424e+00 9.31669444e-01
 1.10133334e+00 9.21187081e-01
 1.05142451e+00 9.11504086e-01
 1.12150992e+00 9.02581704e-01
 1.12008488e+00 8.94385036e-01
 1.09097940e+00 8.86882685e-01
 1.03633937e+00 8.80046451e-01
 1.11309822e+00 8.73851061e-01
 1.04247247e+00 8.68273937e-01
 1.07026654e+00 8.63294991e-01
 1.12203343e+00 8.58896447e-01
 1.03472245e+00 8.55062688e-01
 1.09415469e+00 8.51780124e-01
 1.03033417e+00 8.49037076e-01
 9.85039597e-01 8.46823681e-01
 9.95414215e-01 8.45131810e-01
 1.04889151e+00 8.43955001e-01
 9.89121910e-01 8.43288407e-01
 1.01677445e+00 8.43128753e-01
 9.69466815e-01 8.43474309e-01
 9.80106953e-01 8.44324872e-01
 1.04038127e+00 8.45681760e-01
 1.00736605e+00 8.47547817e-01
 9.59320336e-01 8.49927432e-01
 1.02675897e+00 8.52826563e-01
 9.66656361e-01 8.56252780e-01
 1.01875924e+00 8.60215313e-01
 9.28166296e-01 8.64725122e-01
 9.25042319e-01 8.69794972e-01
 1.03293083e+00 8.75439528e-01
 1.07940214e+00 8.81675466e-01
 1.04444720e+00 8.88521596e-01
 1.13020784e+00 8.95999018e-01
 1.06704661e+00 9.04131282e-01
 9.90657774e-01 9.12944589e-01
 1.17343695e+00 9.22468009e-01
 1.03921005e+00 9.32733737e-01
 1.11890783e+00 9.43777380e-01
 1.02348694e+00 9.55638284e-01
 1.10640278e+00 9.68359918e-01
 1.16301207e+00 9.81990296e-01
 1.10684429e+00 9.96582476e-01
 1.06807976e+00 1.01219512e+00
 1.16626274e+00 1.02889315e+00
 1.18226652e+00 1.04674850e+00
 1.24302942e+00 1.06584096e+00
 1.27059456e+00 1.08625921e+00
 1.31212369e+00 1.10810196e+00
 1.34231599e+00 1.13147932e+00
 1.28981116e+00 1.15651440e+00
 1.32536935e+00 1.18334518e+00
 1.34465558e+00 1.21212668e+00
 1.42341980e+00 1.24303365e+00
 1.43308685e+00 1.27626361e+00
 1.53584756e+00 1.31204061e+00
 1.55552996e+00 1.35061972e+00
 1.59186049e+00 1.39229243e+00
 1.61954856e+00 1.43739322e+00
 1.66550216e+00 1.48630767e+00
 1.76485030e+00 1.53948231e+00
 1.92058137e+00 1.59743695e+00
 1.94012705e+00 1.66078003e+00
 1.98461670e+00 1.73022787e+00
 2.19307862e+00 1.80662915e+00
 2.26577941e+00 1.89099605e+00
 2.39512913e+00 1.98454446e+00
 2.48368622e+00 2.08874605e+00
 2.73670532e+00 2.20539632e+00
 2.83317802e+00 2.33670401e+00
 3.20011324e+00 2.48540913e+00
 3.32292850e+00 2.65493822e+00
 3.67296062e+00 2.84960642e+00
 4.10753527e+00 3.07487110e+00
 4.45886477e+00 3.33762095e+00
 4.96529215e+00 3.64641086e+00
 5.77093345e+00 4.01131252e+00
 6.78480119e+00 4.44225275e+00
 8.11173184e+00 4.94190904e+00
 1.02649378e+01 5.47842029e+00
 1.34359515e+01 5.87589749e+00
 1.89602537e+01 5.32311979e+00
 2.84862777e+01 6.89992286e-03
 3.31306584e+01 -2.10455389e+01
 9.66932242e+00 -3.36068849e+01
 -3.30811439e+00 -2.37624963e+01
 -5.60840420e+00 -1.61582541e+01
 -5.60842823e+00 -1.18150905e+01
 -5.16095497e+00 -9.19025293e+00
 -4.65951686e+00 -7.47679028e+00
 -4.14938248e+00 -6.28503295e+00
 -3.78721504e+00 -5.41421844e+00
 -3.45149657e+00 -4.75293578e+00
 -3.14897683e+00 -4.23519733e+00
 -2.84414335e+00 -3.81973051e+00
 -2.74043966e+00 -3.47952373e+00
 -2.48344160e+00 -3.19621491e+00
 -2.38200303e+00 -2.95691498e+00
 -2.20634057e+00 -2.75232546e+00
 -2.05307577e+00 -2.57557815e+00
 -2.02508905e+00 -2.42149476e+00
 -1.87325210e+00 -2.28610036e+00
 -1.79979461e+00 -2.16629490e+00
 -1.69121892e+00 -2.05962634e+00
 -1.57727378e+00 -1.96413057e+00
 -1.57466369e+00 -1.87821643e+00
 -1.51868520e+00 -1.80058159e+00
 -1.49405488e+00 -1.73015023e+00
 -1.34719219e+00 -1.66602610e+00
 -1.27256311e+00 -1.60745673e+00
 -1.36561147e+00 -1.55380594e+00
 -1.27707584e+00 -1.50453230e+00
 -1.33765117e+00 -1.45917230e+00
 -1.24672821e+00 -1.41732693e+00
 -1.23658813e+00 -1.37865093e+00
 -1.14074563e+00 -1.34284415e+00
 -1.11988715e+00 -1.30964452e+00
 -1.03517945e+00 -1.27882228e+00
 -1.10429391e+00 -1.25017526e+00
 -9.91889219e-01 -1.22352493e+00
 -1.06974612e+00 -1.19871313e+00
 -9.92785728e-01 -1.17559936e+00
 -9.21385252e-01 -1.15405845e+00
 -9.58495137e-01 -1.13397862e+00
 -9.45234213e-01 -1.11525983e+00
 -9.17532744e-01 -1.09781237e+00
 -9.13932369e-01 -1.08155565e+00
 -8.58694534e-01 -1.06641718e+00
 -9.20391635e-01 -1.05233164e+00
 -8.86163956e-01 -1.03924017e+00
 -8.33866993e-01 -1.02708966e+00
 -8.57446453e-01 -1.01583216e+00
 -8.79854028e-01 -1.00542442e+00
 -7.55458709e-01 -9.95827437e-01
 -8.51292133e-01 -9.87006035e-01
 -8.36793959e-01 -9.78928581e-01
 -7.88781237e-01 -9.71566663e-01
 -7.96782842e-01 -9.64894846e-01
 -7.43411691e-01 -9.58890442e-01
 -6.87325265e-01 -9.53533323e-01
 -7.47173363e-01 -9.48805747e-01
 -7.66277780e-01 -9.44692216e-01
 -8.76400783e-01 -9.41179348e-01
 -7.31703812e-01 -9.38255773e-01
 -7.25370597e-01 -9.35912043e-01
 -8.27431727e-01 -9.34140557e-01
 -7.88927357e-01 -9.32935504e-01
 -7.74403196e-01 -9.32292819e-01
 -7.94963481e-01 -9.32210148e-01
 -7.61588214e-01 -9.32686831e-01
 -6.92390734e-01 -9.33723898e-01
 -7.50226401e-01 -9.35324071e-01
 -8.88904540e-01 -9.37491783e-01
 -8.25789724e-01 -9.40233214e-01
 -7.65794145e-01 -9.43556329e-01
 -6.64118360e-01 -9.47470941e-01
 -7.99541446e-01 -9.51988781e-01
 -7.04025845e-01 -9.57123589e-01
 -7.56770019e-01 -9.62891215e-01
 -7.99904009e-01 -9.69309747e-01
 -8.59326064e-01 -9.76399653e-01
 -7.65227264e-01 -9.84183946e-01
 -8.01232677e-01 -9.92688377e-01
 -7.94443373e-01 -1.00194165e+00
 -7.99369959e-01 -1.01197568e+00
 -8.38028551e-01 -1.02282588e+00
 -8.29471783e-01 -1.03453148e+00
 -7.98517321e-01 -1.04713589e+00
 -8.99715173e-01 -1.06068717e+00
 -8.35493266e-01 -1.07523849e+00
 -8.99905947e-01 -1.09084868e+00
 -9.21403142e-01 -1.10758291e+00
 -8.95240824e-01 -1.12551342e+00
 -9.56274091e-01 -1.14472038e+00
 -9.40093611e-01 -1.16529289e+00
 -8.95856031e-01 -1.18733013e+00
 -9.30347869e-01 -1.21094272e+00
 -1.02052982e+00 -1.23625431e+00
 -1.02740470e+00 -1.26340339e+00
 -1.09708646e+00 -1.29254553e+00
 -1.06291511e+00 -1.32385593e+00
 -1.13021691e+00 -1.35753252e+00
 -1.09029226e+00 -1.39379959e+00
 -1.15556497e+00 -1.43291228e+00
 -1.13810431e+00 -1.47516185e+00
 -1.17734812e+00 -1.52088216e+00
 -1.30830687e+00 -1.57045760e+00
 -1.31205543e+00 -1.62433283e+00
 -1.43127027e+00 -1.68302479e+00
 -1.45974496e+00 -1.74713774e+00
 -1.43608480e+00 -1.81738216e+00
 -1.52486191e+00 -1.89459863e+00
 -1.77749225e+00 -1.97978841e+00
 -1.69200891e+00 -2.07415282e+00
 -1.84228086e+00 -2.17914447e+00
 -2.06224982e+00 -2.29653452e+00
 -2.05772928e+00 -2.42850171e+00
 -2.20931449e+00 -2.57775148e+00
 -2.47691234e+00 -2.74767599e+00
 -2.55574928e+00 -2.94257022e+00
 -2.95128096e+00 -3.16792235e+00
 -3.15742193e+00 -3.43079617e+00
 -3.61105551e+00 -3.74030507e+00
 -4.08692612e+00 -4.10809724e+00
 -4.72822847e+00 -4.54848015e+00
 -5.66657812e+00 -5.07677245e+00
 -6.93858445e+00 -5.70061355e+00
 -9.04062592e+00 -6.38344184e+00
 -1.22700181e+01 -6.89024054e+00
 -1.79755994e+01 -6.09887459e+00
 -2.62029820e+01 6.11305100e-01
 -2.51663428e+01 1.81568066e+01
 -9.02104243e+00 2.35207296e+01
 -7.34244704e-01 1.80717255e+01
 1.76837316e+00 1.33840150e+01
 2.45635580e+00 1.03374589e+01
 2.47875728e+00 8.32954119e+00
 2.46238029e+00 6.94033921e+00
 2.26541426e+00 5.93388011e+00
 2.18520283e+00 5.17613208e+00
 1.94123126e+00 4.58746877e+00
 1.83016055e+00 4.11829516e+00
 1.75451869e+00 3.73636988e+00
 1.66118700e+00 3.41993656e+00
 1.55192669e+00 3.15383399e+00
 1.38938191e+00 2.92719913e+00
 1.33271301e+00 2.73205868e+00
 1.35528839e+00 2.56243587e+00
 1.25936610e+00 2.41376697e+00
 1.20116991e+00 2.28250977e+00
 1.18051984e+00 2.16587470e+00
 1.02569515e+00 2.06163621e+00
 9.47158196e-01 1.96799785e+00
 9.56325881e-01 1.88349418e+00
 9.48899143e-01 1.80691831e+00
 8.32304789e-01 1.73726762e+00
 8.63829812e-01 1.67370250e+00
 8.84819771e-01 1.61551474e+00
 8.30431358e-01 1.56210296e+00
 8.56575968e-01 1.51295335e+00
 8.32743745e-01 1.46762439e+00
 7.13922823e-01 1.42573470e+00
 7.31398850e-01 1.38695325e+00
 6.60189252e-01 1.35099140e+00
 6.53703029e-01 1.31759643e+00
 6.85368230e-01 1.28654621e+00
 6.57486828e-01 1.25764480e+00
 6.82105263e-01 1.23071878e+00
 6.61607118e-01 1.20561420e+00
 7.11844099e-01 1.18219400e+00
 6.11423445e-01 1.16033585e+00
 5.62225739e-01 1.13993031e+00
 5.54854708e-01 1.12087925e+00
 6.89878829e-01 1.10309455e+00
 6.05170422e-01 1.08649689e+00
 5.36694680e-01 1.07101483e+00
 5.25546500e-01 1.05658392e+00
 5.65143871e-01 1.04314596e+00
 4.83835149e-01 1.03064839e+00
 5.33392123e-01 1.01904369e+00
 4.71270224e-01 1.00828895e+00
 4.58467280e-01 9.98345384e-01
 5.78171310e-01 9.89178012e-01
 5.07470006e-01 9.80755308e-01
 5.08534271e-01 9.73048929e-01
 4.89550798e-01 9.66033461e-01
 4.08093849e-01 9.59686207e-01
 5.15475758e-01 9.53986997e-01
 4.91201541e-01 9.48918024e-01
 5.17974962e-01 9.44463703e-01
 5.45271094e-01 9.40610550e-01
 5.22562011e-01 9.37347079e-01
 4.73273506e-01 9.34663714e-01
 4.68289548e-01 9.32552720e-01
 4.01911586e-01 9.31008144e-01
 5.61805732e-01 9.30025777e-01
 4.75368963e-01 9.29603119e-01
 4.46384048e-01 9.29739364e-01
 4.94428678e-01 9.30435399e-01
 4.52622617e-01 9.31693806e-01
 4.75994431e-01 9.33518887e-01
 4.96354934e-01 9.35916699e-01
 4.35594277e-01 9.38895095e-01
 3.68005843e-01 9.42463792e-01
 4.39215070e-01 9.46634441e-01
 4.02188161e-01 9.51420723e-01
 5.33747951e-01 9.56838457e-01
 4.32503487e-01 9.62905727e-01
 5.31131967e-01 9.69643033e-01
 4.88212421e-01 9.77073464e-01
 4.34689449e-01 9.85222895e-01
 4.36505337e-01 9.94120217e-01
 4.71775407e-01 1.00379759e+00
 4.02898735e-01 1.01429077e+00
 5.10861696e-01 1.02563940e+00
 4.97254417e-01 1.03788746e+00
 5.31226893e-01 1.05108367e+00
 6.27534088e-01 1.06528203e+00
 6.35418123e-01 1.08054242e+00
 5.12276254e-01 1.09693126e+00
 4.80206218e-01 1.11452229e+00
 5.08544052e-01 1.13339755e+00
 5.75146004e-01 1.15364834e+00
 5.35837338e-01 1.17537655e+00
 5.58107412e-01 1.19869605e+00
 5.68598390e-01 1.22373439e+00
 5.73158006e-01 1.25063483e+00
 6.59126776e-01 1.27955867e+00
 6.17836544e-01 1.31068808e+00
 5.88347153e-01 1.34422946e+00
 6.51492026e-01 1.38041743e+00
 6.76224492e-01 1.41951976e+00
 6.81041922e-01 1.46184324e+00
 6.58024304e-01 1.50774087e+00
 7.18697824e-01 1.55762078e+00
 7.76310778e-01 1.61195718e+00
 8.07697542e-01 1.67130408e+00
 8.08339992e-01 1.73631251e+00
 8.28439800e-01 1.80775236e+00
 9.12907341e-01 1.88654032e+00
 9.40947992e-01 1.97377600e+00
 1.02837987e+00 2.07078903e+00
 1.07761692e+00 2.17920119e+00
 1.19481841e+00 2.30100931e+00
 1.19479624e+00 2.43869719e+00
 1.28732340e+00 2.59538840e+00
 1.40408527e+00 2.77505757e+00
 1.53852227e+00 2.98282524e+00
 1.74405530e+00 3.22537247e+00
 1.99168205e+00 3.51152292e+00
 2.23608269e+00 3.85304427e+00
 2.67248434e+00 4.26567689e+00
 3.12971180e+00 4.77015360e+00
 3.82911757e+00 5.39193131e+00
 4.85983857e+00 6.15402915e+00
 6.71212959e+00 7.03862902e+00
 9.75530588e+00 7.80695004e+00
 1.49089800e+01 7.19561036e+00
 2.15503109e+01 7.82280068e-01
 1.92952717e+01 -1.16351506e+01
 9.45225408e+00 -1.50145279e+01
 3.76536812e+00 -1.26086068e+01
 1.48171591e+00 -1.00375020e+01
 4.00228403e-01 -8.13569301e+00
 -1.40702149e-01 -6.77244939e+00
 -3.15467743e-01 -5.77368365e+00
 -4.10879222e-01 -5.01979738e+00
 -5.27481910e-01 -4.43456407e+00
 -4.19599103e-01 -3.96904873e+00
 -5.87794990e-01 -3.59100420e+00
 -4.51726816e-01 -3.27854395e+00
 -5.05796996e-01 -3.01638723e+00
 -3.85094168e-01 -2.79358687e+00
 -5.38975557e-01 -2.60211739e+00
 -4.64957222e-01 -2.43597341e+00
 -4.11008950e-01 -2.29057844e+00
 -4.84425870e-01 -2.16238778e+00
 -4.54265182e-01 -2.04861569e+00
 -3.58750337e-01 -1.94704418e+00
 -3.46658025e-01 -1.85588637e+00
 -3.40823885e-01 -1.77368732e+00
 -3.94831002e-01 -1.69925086e+00
 -3.31385227e-01 -1.63158488e+00
 -3.48240870e-01 -1.56985987e+00
 -3.78164291e-01 -1.51337713e+00
 -2.21399798e-01 -1.46154412e+00
 -2.80640926e-01 -1.41385522e+00
 -2.12792997e-01 -1.36987643e+00
 -1.55189096e-01 -1.32923329e+00
 -2.77286746e-01 -1.29160106e+00
 -2.40725071e-01 -1.25669685e+00
 -1.35241901e-01 -1.22427316e+00
 -2.00961636e-01 -1.19411262e+00
 -2.00672619e-01 -1.16602358e+00
 -1.30210204e-01 -1.13983654e+00
 -1.28273820e-01 -1.11540109e+00
 -1.64737688e-01 -1.09258336e+00
 -1.38181416e-01 -1.07126391e+00
 -1.71032511e-01 -1.05133589e+00
 -2.09344558e-01 -1.03270352e+00
 -1.49442858e-01 -1.01528075e+00
 -1.18939000e-01 -9.98990144e-01
 -2.04926899e-01 -9.83761910e-01
 -1.06903637e-01 -9.69533057e-01
 -2.46259549e-01 -9.56246669e-01
 -2.26233212e-01 -9.43851284e-01
 -1.19370513e-01 -9.32300338e-01
 -4.83211512e-02 -9.21551697e-01
 -2.65203154e-02 -9.11567233e-01
 -1.94860699e-01 -9.02312466e-01
 -1.27125205e-01 -8.93756242e-01
 -2.44966677e-01 -8.85870457e-01
 -6.17402871e-02 -8.78629812e-01
 -1.41854308e-01 -8.72011596e-01
 -7.24181689e-02 -8.65995504e-01
 -1.37723259e-01 -8.60563472e-01
 -1.06685518e-01 -8.55699535e-01
 -1.37446867e-01 -8.51389706e-01
 -1.09989545e-01 -8.47621870e-01
 -4.71719802e-02 -8.44385698e-01
 -8.88997906e-02 -8.41672569e-01
 -1.29148046e-01 -8.39475513e-01
 -6.88916433e-02 -8.37789160e-01
 -1.62480182e-01 -8.36609709e-01
 -1.50199569e-01 -8.35934901e-01
 -1.29026975e-01 -8.35764008e-01
 -2.51605837e-01 -8.36097832e-01
 -8.46520863e-02 -8.36938715e-01
 -1.41855201e-01 -8.38290563e-01
 -6.42269605e-02 -8.40158879e-01
 -1.33245029e-01 -8.42550807e-01
 -1.21185870e-01 -8.45475196e-01
 -1.81656405e-01 -8.48942668e-01
 -1.30967012e-01 -8.52965713e-01
 -8.31740446e-02 -8.57558787e-01
 -6.58444023e-02 -8.62738440e-01
 -1.62322371e-01 -8.68523454e-01
 -1.06430112e-01 -8.74935017e-01
 -1.18170420e-01 -8.81996901e-01
 -4.40754306e-02 -8.89735693e-01
 -1.43423316e-01 -8.98181036e-01
 -4.61901469e-02 -9.07365923e-01
 -7.35656627e-02 -9.17327026e-01
 -1.13716843e-01 -9.28105071e-01
 -2.39996338e-01 -9.39745276e-01
 -6.74619065e-02 -9.52297850e-01
 -1.46033208e-01 -9.65818574e-01
 -5.44899206e-02 -9.80369460e-01
 -1.53155332e-01 -9.96019530e-01
 -1.04734845e-01 -1.01284571e+00
 -1.48648569e-01 -1.03093388e+00
 -1.14819493e-01 -1.05038009e+00
 -1.96424406e-01 -1.07129201e+00
 -6.98068001e-02 -1.09379061e+00
 -1.81714717e-01 -1.11801216e+00
 -2.15550070e-01 -1.14411064e+00
 -2.01551548e-02 -1.17226056e+00
 -7.36960881e-02 -1.20266038e+00
 -1.14945714e-01 -1.23553667e+00
 -1.02822458e-02 -1.27114911e+00
 -1.28907657e-01 -1.30979662e+00
 -8.22756124e-02 -1.35182490e+00
 -3.59543696e-02 -1.39763585e+00
 -1.17670970e-01 -1.44769916e+00
 -5.10431385e-02 -1.50256713e+00
 -4.97049247e-02 -1.56289330e+00
 -2.26927433e-01 -1.62945647e+00
 -1.43191027e-01 -1.70319175e+00
 -2.13139723e-01 -1.78523127e+00
 -1.62214974e-01 -1.87695807e+00
 -1.11568636e-01 -1.98007853e+00
 -3.19232737e-01 -2.09672084e+00
 -1.80091489e-01 -2.22957103e+00
 -1.98724275e-01 -2.38206380e+00
 -2.57511821e-01 -2.55865474e+00
 -4.12517444e-01 -2.76521544e+00
 -4.06894967e-01 -3.00961686e+00
 -4.43990179e-01 -3.30260408e+00
 -6.32700420e-01 -3.65912036e+00
 -7.63665122e-01 -4.10029994e+00
 -1.00445802e+00 -4.65631964e+00
 -1.48358761e+00 -5.36967623e+00
 -2.20535190e+00 -6.29474847e+00
 -3.35563184e+00 -7.47019062e+00
 -5.86125046e+00 -8.74295158e+00
 -1.05109186e+01 -8.92541430e+00
 -1.61986867e+01 -4.20559467e+00
 -1.53910932e+01 4.31639896e+00
 -9.93620638e+00 7.64064905e+00
 -6.07823033e+00 7.37255351e+00
 -3.85183247e+00 6.39612832e+00
 -2.77408097e+00 5.48048693e+00
 -2.05552958e+00 4.73775121e+00
 -1.59461552e+00 4.14917085e+00
 -1.25676910e+00 3.67997187e+00
 -1.14526893e+00 3.30079121e+00
 -8.90837533e-01 2.98972665e+00
 -6.52230345e-01 2.73086986e+00
 -7.20961844e-01 2.51264593e+00
 -6.49300341e-01 2.32653606e+00
 -4.99636864e-01 2.16617829e+00
 -4.60157807e-01 2.02674860e+00
 -5.49834857e-01 1.90453472e+00
 -4.12027006e-01 1.79664003e+00
 -4.92437118e-01 1.70077507e+00
 -4.39977748e-01 1.61510876e+00
 -4.52596133e-01 1.53816059e+00
 -3.73941298e-01 1.46872157e+00
 -3.45256276e-01 1.40579533e+00
 -4.19130020e-01 1.34855381e+00
 -4.27434993e-01 1.29630350e+00
 -3.96841783e-01 1.24845939e+00
 -2.84731214e-01 1.20452476e+00
 -2.89856728e-01 1.16407529e+00
 -2.60630141e-01 1.12674642e+00
 -3.11547697e-01 1.09222331e+00
 -2.79259557e-01 1.06023274e+00
 -2.89833638e-01 1.03053651e+00
 -2.99874994e-01 1.00292611e+00
 -2.29480578e-01 9.77218252e-01
 -2.53853666e-01 9.53251289e-01
 -2.12124360e-01 9.30882134e-01
 -2.39696508e-01 9.09983747e-01
 -1.79329368e-01 8.90443000e-01
 -2.61658936e-01 8.72158883e-01
 -2.15210972e-01 8.55040984e-01
 -2.47221345e-01 8.39008187e-01
 -2.38547138e-01 8.23987571e-01
 -2.36688772e-01 8.09913455e-01
 -9.90935679e-02 7.96726586e-01
 -1.77031567e-01 7.84373428e-01
 -2.04563451e-01 7.72805557e-01
 -1.63808692e-01 7.61979124e-01
 -2.16679789e-01 7.51854402e-01
 -2.88351062e-01 7.42395373e-01
 -3.22604174e-01 7.33569386e-01
 -1.56599424e-01 7.25346842e-01
 -1.75312064e-01 7.17700928e-01
 -1.67766307e-01 7.10607380e-01
 -2.48510364e-01 7.04044273e-01
 -2.18634973e-01 6.97991843e-01
 -1.67286136e-01 6.92432322e-01
 -3.23703417e-01 6.87349805e-01
 -1.85706195e-01 6.82730123e-01
 -1.90499958e-01 6.78560740e-01
 -2.57856177e-01 6.74830663e-01
 -1.65024207e-01 6.71530361e-01
 -1.56939097e-01 6.68651702e-01
 -2.92370741e-01 6.66187897e-01
 -1.55560058e-01 6.64133459e-01
 -2.07083387e-01 6.62484165e-01
 -2.62577416e-01 6.61237034e-01
 -3.14380416e-01 6.60390313e-01
 -3.06402647e-01 6.59943469e-01
 -2.07157465e-01 6.59897193e-01
 -3.26757621e-01 6.60253412e-01
 -3.37801090e-01 6.61015314e-01
 -3.09139624e-01 6.62187372e-01
 -2.37017170e-01 6.63775395e-01
 -2.53099481e-01 6.65786574e-01
 -2.24332398e-01 6.68229550e-01
 -2.63082557e-01 6.71114490e-01
 -2.99050343e-01 6.74453179e-01
 -3.44298635e-01 6.78259127e-01
 -2.34485029e-01 6.82547693e-01
 -2.85473525e-01 6.87336226e-01
 -3.59626174e-01 6.92644238e-01
 -2.80899854e-01 6.98493586e-01
 -2.84866689e-01 7.04908696e-01
 -3.59507977e-01 7.11916814e-01
 -3.85377309e-01 7.19548296e-01
 -3.34844826e-01 7.27836939e-01
 -3.32030260e-01 7.36820367e-01
 -3.84683693e-01 7.46540475e-01
 -3.27801075e-01 7.57043941e-01
 -4.72626769e-01 7.68382823e-01
 -3.80211643e-01 7.80615250e-01
 -3.86709969e-01 7.93806237e-01
 -3.90066137e-01 8.08028626e-01
 -3.94380475e-01 8.23364208e-01
 -3.78596521e-01 8.39905035e-01
 -3.88653048e-01 8.57754984e-01
 -4.86588029e-01 8.77031614e-01
 -4.42041919e-01 8.97868398e-01
 -4.14507396e-01 9.20417398e-01
 -4.72434398e-01 9.44852509e-01
 -4.48539338e-01 9.71373410e-01
 -5.53824464e-01 1.00021040e+00
 -5.27460591e-01 1.03163037e+00
 -5.39662407e-01 1.06594421e+00
 -6.64668073e-01 1.10351614e+00
 -5.47902232e-01 1.14477540e+00
 -5.75515940e-01 1.19023123e+00
 -6.52060182e-01 1.24049216e+00
 -6.08492810e-01 1.29629102e+00
 -6.07531535e-01 1.35851798e+00
 -7.52310123e-01 1.42826438e+00
 -7.14668554e-01 1.50688217e+00
 -7.85793412e-01 1.59606509e+00
 -8.55584785e-01 1.69796200e+00
 -7.84075267e-01 1.81533730e+00
 -7.76527497e-01 1.95180297e+00
 -9.12476938e-01 2.11216088e+00
 -1.03683031e+00 2.30292020e+00
 -1.06339960e+00 2.53309856e+00
 -1.16807298e+00 2.81549674e+00
 -1.23419801e+00 3.16878104e+00
 -1.29082342e+00 3.62096748e+00
 -1.28275697e+00 4.21531948e+00
 -1.34354362e+00 5.02005034e+00
 -1.06574959e+00 6.14152069e+00
 -5.03173455e-01 7.72297563e+00
 1.28573952e+00 9.79545342e+00
 5.38549193e+00 1.13486770e+01
 1.12473939e+01 8.73571685e+00
 1.25339445e+01 2.44347529e+00
 9.94913302e+00 -1.31749341e+00
 7.33886556e+00 -2.52555769e+00
 5.71962005e+00 -2.73912618e+00
 4.43978246e+00 -2.63863925e+00
 3.71224985e+00 -2.45293831e+00
 3.12860033e+00 -2.25686220e+00
 2.89410567e+00 -2.07404624e+00
 2.31972145e+00 -1.91060553e+00
 2.10198486e+00 -1.76662578e+00
 2.02172268e+00 -1.64026196e+00
 1.73151626e+00 -1.52923206e+00
 1.60578221e+00 -1.43134847e+00
 1.52038227e+00 -1.34468359e+00
 1.28939901e+00 -1.26759681e+00
 1.24660013e+00 -1.19871206e+00
 1.23544376e+00 -1.13688102e+00
 1.14621839e+00 -1.08114565e+00
 1.10751267e+00 -1.03070479e+00
 1.04771926e+00 -9.84885896e-01
 1.08193311e+00 -9.43121917e-01
 1.04602633e+00 -9.04932402e-01
 9.76135448e-01 -8.69908281e-01
 9.75787893e-01 -8.37699552e-01
 8.53910528e-01 -8.08005325e-01
 8.69658819e-01 -7.80565740e-01
 8.50789893e-01 -7.55155378e-01
 8.48811871e-01 -7.31577874e-01
 7.41501411e-01 -7.09661490e-01
 7.61076490e-01 -6.89255457e-01
 6.62728622e-01 -6.70226941e-01
 6.49011657e-01 -6.52458513e-01
 7.29999198e-01 -6.35846031e-01
 6.50776608e-01 -6.20296866e-01
 6.78476278e-01 -6.05728391e-01
 6.87417681e-01 -5.92066713e-01
 6.48166633e-01 -5.79245583e-01
 5.94106424e-01 -5.67205476e-01
 6.52794632e-01 -5.55892791e-01
 7.18050298e-01 -5.45259171e-01
 5.91494048e-01 -5.35260915e-01
 5.35417915e-01 -5.25858463e-01
 6.04936082e-01 -5.17015960e-01
 5.96843718e-01 -5.08700863e-01
 6.37917433e-01 -5.00883614e-01
 6.49441870e-01 -4.93537337e-01
 5.82882499e-01 -4.86637589e-01
 6.06320793e-01 -4.80162128e-01
 5.90606311e-01 -4.74090719e-01
 5.20122264e-01 -4.68404957e-01
 5.85398310e-01 -4.63088115e-01
 5.20980777e-01 -4.58125009e-01
 5.62023539e-01 -4.53501876e-01
 5.71477000e-01 -4.49206274e-01
 5.54348819e-01 -4.45226987e-01
 5.92804940e-01 -4.41553945e-01
 5.47363763e-01 -4.38178158e-01
 5.50434900e-01 -4.35091647e-01
 5.23082820e-01 -4.32287401e-01
 5.39656153e-01 -4.29759326e-01
 5.46169063e-01 -4.27502212e-01
 6.20166126e-01 -4.25511700e-01
 5.34597774e-01 -4.23784261e-01
 6.11968903e-01 -4.22317178e-01
 5.60185585e-01 -4.21108533e-01
 5.75403616e-01 -4.20157202e-01
 4.82604148e-01 -4.19462858e-01
 5.06567195e-01 -4.19025974e-01
 6.22485403e-01 -4.18847839e-01
 6.02287772e-01 -4.18930577e-01
 6.34874714e-01 -4.19277169e-01
 5.72888853e-01 -4.19891492e-01
 6.40637547e-01 -4.20778356e-01
 6.41658760e-01 -4.21943554e-01
 6.35995239e-01 -4.23393923e-01
 6.48628513e-01 -4.25137413e-01
 7.10501267e-01 -4.27183165e-01
 6.96971246e-01 -4.29541607e-01
 6.47486175e-01 -4.32224565e-01
 7.10308144e-01 -4.35245383e-01
 6.32173057e-01 -4.38619073e-01
 6.27008715e-01 -4.42362481e-01
 7.47537996e-01 -4.46494478e-01
 6.30398801e-01 -4.51036186e-01
 7.65216104e-01 -4.56011231e-01
 6.82764405e-01 -4.61446049e-01
 7.96619296e-01 -4.67370226e-01
 7.93764520e-01 -4.73816909e-01
 7.07847854e-01 -4.80823275e-01
 7.82177934e-01 -4.88431084e-01
 7.12007374e-01 -4.96687336e-01
 8.49674004e-01 -5.05645036e-01
 8.19190804e-01 -5.15364108e-01
 9.07419603e-01 -5.25912485e-01
 9.10173407e-01 -5.37367408e-01
 8.68763657e-01 -5.49816989e-01
 9.09205989e-01 -5.63362111e-01
 8.76024413e-01 -5.78118721e-01
 9.69822747e-01 -5.94220655e-01
 9.64695096e-01 -6.11823108e-01
 1.06740222e+00 -6.31106936e-01
 1.08757785e+00 -6.52284042e-01
 1.07652392e+00 -6.75604156e-01
 1.17045634e+00 -7.01363450e-01
 1.24415403e+00 -7.29915594e-01
 1.20196930e+00 -7.61686073e-01
 1.27139742e+00 -7.97190940e-01
 1.35544484e+00 -8.37061662e-01
 1.42409495e+00 -8.82078461e-01
 1.56766839e+00 -9.33215673e-01
 1.57099976e+00 -9.91704402e-01
 1.75120122e+00 -1.05912050e+00
 1.82763408e+00 -1.13751039e+00
 1.89111593e+00 -1.22957462e+00
 2.12061897e+00 -1.33894167e+00
 2.17362276e+00 -1.47058652e+00
 2.36186560e+00 -1.63148814e+00
 2.65194697e+00 -1.83169393e+00
 2.88230760e+00 -2.08610062e+00
 3.08068284e+00 -2.41754206e+00
 3.44999033e+00 -2.86234130e+00
 3.79082829e+00 -3.48062087e+00
 4.22221432e+00 -4.37569524e+00
 4.52900162e+00 -5.72837777e+00
 4.71725222e+00 -7.83498519e+00
 3.56880383e+00 -1.09725539e+01
 -4.22162252e-01 -1.41632070e+01
 -7.04212412e+00 -1.32226627e+01
 -1.01681958e+01 -8.03477217e+00
 -9.52839997e+00 -3.89524495e+00
 -7.98689920e+00 -1.73098479e+00
 -6.75124760e+00 -6.70752481e-01
 -5.71142628e+00 -1.36679355e-01
 -4.87424637e+00 1.42564924e-01
 -4.24577831e+00 2.91992518e-01
 -3.74127033e+00 3.71866148e-01
 -3.36170933e+00 4.12875978e-01
 -3.05227325e+00 4.31467676e-01
 -2.92658757e+00 4.36847605e-01
 -2.54731769e+00 4.34360319e-01
 -2.39579823e+00 4.27201476e-01
 -2.27244981e+00 4.17326889e-01
 -2.03748824e+00 4.05954612e-01
 -1.96427171e+00 3.93852108e-01
 -1.89864418e+00 3.81505552e-01
 -1.67173371e+00 3.69222329e-01
 -1.63831148e+00 3.57194532e-01
 -1.52331621e+00 3.45539095e-01
 -1.59888604e+00 3.34323581e-01
 -1.48223762e+00 3.23583027e-01
 -1.40147944e+00 3.13331049e-01
 -1.43166950e+00 3.03567269e-01
 -1.41430918e+00 2.94282294e-01
 -1.21866720e+00 2.85461090e-01
 -1.22890916e+00 2.77085263e-01
 -1.23390793e+00 2.69134612e-01
 -1.21409806e+00 2.61588167e-01
 -1.24382800e+00 2.54424889e-01
 -1.19044478e+00 2.47624134e-01
 -1.25620687e+00 2.41165940e-01
 -1.00718029e+00 2.35031213e-01
 -1.08854100e+00 2.29201823e-01
 -1.02029518e+00 2.23660656e-01
 -9.71665291e-01 2.18391621e-01
 -9.78982370e-01 2.13379635e-01
 -1.05127666e+00 2.08610596e-01
 -9.08102492e-01 2.04071342e-01
 -9.38197005e-01 1.99749604e-01
 -9.48178935e-01 1.95633958e-01
 -1.03387692e+00 1.91713775e-01
 -9.77270060e-01 1.87979177e-01
 -1.02296461e+00 1.84420985e-01
 -8.96399614e-01 1.81030677e-01
 -1.01832487e+00 1.77800345e-01
 -8.37149066e-01 1.74722658e-01
 -9.18182107e-01 1.71790823e-01
 -9.31143902e-01 1.68998550e-01
 -8.96415055e-01 1.66340027e-01
 -9.21490929e-01 1.63809886e-01
 -8.56736973e-01 1.61403180e-01
 -9.54157706e-01 1.59115359e-01
 -8.26871851e-01 1.56942250e-01
 -7.51668729e-01 1.54880040e-01
 -8.24441194e-01 1.52925254e-01
 -8.21898639e-01 1.51074748e-01
 -8.63221086e-01 1.49325693e-01
 -8.06417196e-01 1.47675564e-01
 -9.00892832e-01 1.46122135e-01
 -9.56345599e-01 1.44663470e-01
 -8.83672269e-01 1.43297921e-01
 -8.88805188e-01 1.42024122e-01
 -8.58492307e-01 1.40840995e-01
 -7.37188979e-01 1.39747742e-01
 -9.13093014e-01 1.38743860e-01
 -9.13224590e-01 1.37829138e-01
 -8.30212030e-01 1.37003671e-01
 -9.30784359e-01 1.36267869e-01
 -8.95525844e-01 1.35622471e-01
 -8.21641483e-01 1.35068562e-01
 -9.65559312e-01 1.34607597e-01
 -8.21618338e-01 1.34241422e-01
 -9.49517486e-01 1.33972302e-01
 -8.70113186e-01 1.33802961e-01
 -9.81160696e-01 1.33736616e-01
 -9.50323675e-01 1.33777025e-01
 -8.65786672e-01 1.33928544e-01
 -9.41501525e-01 1.34196185e-01
 -9.27903945e-01 1.34585691e-01
 -9.58695771e-01 1.35103621e-01
 -1.02157704e+00 1.35757448e-01
 -9.80293640e-01 1.36555672e-01
 -9.74701107e-01 1.37507959e-01
 -1.01863769e+00 1.38625293e-01
 -1.14109541e+00 1.39920162e-01
 -9.77044553e-01 1.41406777e-01
 -1.11529839e+00 1.43101328e-01
 -1.10267502e+00 1.45022287e-01
 -1.13864462e+00 1.47190771e-01
 -1.13467155e+00 1.49630976e-01
 -1.18527682e+00 1.52370695e-01
 -1.27188564e+00 1.55441946e-01
 -1.22007167e+00 1.58881727e-01
 -1.33668324e+00 1.62732946e-01
 -1.29844695e+00 1.67045547e-01
 -1.35028500e+00 1.71877906e-01
 -1.38330289e+00 1.77298558e-01
 -1.42952951e+00 1.83388351e-01
 -1.48384002e+00 1.90243151e-01
 -1.56484608e+00 1.97977270e-01
 -1.57979801e+00 2.06727834e-01
 -1.70762164e+00 2.16660410e-01
 -1.67131027e+00 2.27976313e-01
 -1.69468813e+00 2.40922183e-01
 -1.78551748e+00 2.55802694e-01
 -1.95977714e+00 2.72997591e-01
 -2.01512557e+00 2.92984824e-01
 -2.08755343e+00 3.16372397e-01
 -2.09766443e+00 3.43942850e-01
 -2.28394598e+00 3.76716418e-01
 -2.51931092e+00 4.16042283e-01
 -2.60855637e+00 4.63733041e-01
 -2.73176729e+00 5.22267122e-01
 -3.03755050e+00 5.95100880e-01
 -3.28312440e+00 6.87162664e-01
 -3.44554348e+00 8.05658352e-01
 -3.88132974e+00 9.61428380e-01
 -4.39869547e+00 1.17131799e+00
 -4.78068126e+00 1.46248320e+00
 -5.35732472e+00 1.88054080e+00
 -6.07689802e+00 2.50559086e+00
 -6.96914761e+00 3.48436845e+00
 -7.96587881e+00 5.09178425e+00
 -8.79403014e+00 7.81093211e+00
 -8.17040212e+00 1.21432153e+01
 -3.81117543e+00 1.67890205e+01
 3.72003857e+00 1.67823233e+01
 8.05566668e+00 1.21828283e+01
 8.76505846e+00 7.90751309e+00
 7.95163096e+00 5.21095725e+00
 7.03844931e+00 3.60518779e+00
 6.15108268e+00 2.62001108e+00
 5.39627739e+00 1.98631576e+00
 4.91909433e+00 1.55956777e+00
 4.49065669e+00 1.26040928e+00
 4.13562419e+00 1.04340663e+00
 3.66713493e+00 8.81381918e-01
 3.40104179e+00 7.57401123e-01
 3.10761198e+00 6.60521383e-01
 3.03370435e+00 5.83440261e-01
 2.78200807e+00 5.21144793e-01
 2.58753231e+00 4.70106766e-01
 2.41961004e+00 4.27787541e-01
 2.40953324e+00 3.92324320e-01
 2.17914415e+00 3.62326064e-01
 2.09429672e+00 3.36737563e-01
 2.09875006e+00 3.14746938e-01
 1.83776418e+00 2.95721467e-01
 1.91603838e+00 2.79162274e-01
 1.79912001e+00 2.64671805e-01
 1.62343195e+00 2.51930161e-01
 1.56745098e+00 2.40677614e-01
 1.66982967e+00 2.30701551e-01
 1.50809630e+00 2.21826602e-01
 1.54511127e+00 2.13907097e-01
 1.45356295e+00 2.06821249e-01
 1.49883720e+00 2.00466618e-01
 1.50204514e+00 1.94756558e-01
 1.45113405e+00 1.89617396e-01
 1.48500612e+00 1.84986186e-01
 1.39989340e+00 1.80808906e-01
 1.35746129e+00 1.77038993e-01
 1.29205827e+00 1.73636164e-01
 1.22852382e+00 1.70565437e-01
 1.19903490e+00 1.67796335e-01
 1.27671468e+00 1.65302224e-01
 1.22776572e+00 1.63059763e-01
 1.18015478e+00 1.61048447e-01
 1.07998631e+00 1.59250218e-01
 1.01312140e+00 1.57649144e-01
 1.09954140e+00 1.56231144e-01
 1.26210529e+00 1.54983754e-01
 1.15948827e+00 1.53895930e-01
 1.11143049e+00 1.52957880e-01
 1.11738729e+00 1.52160914e-01
 1.10351853e+00 1.51497328e-01
 1.04739078e+00 1.50960285e-01
 1.10988044e+00 1.50543733e-01
 1.12607261e+00 1.50242320e-01
 9.83776160e-01 1.50051320e-01
 1.06632447e+00 1.49966583e-01
 1.06465045e+00 1.49984473e-01
 1.06107679e+00 1.50101826e-01
 1.00692467e+00 1.50315909e-01
 9.98009441e-01 1.50624388e-01
 1.08779100e+00 1.51025293e-01
 9.78770771e-01 1.51516995e-01
 1.03989853e+00 1.52098183e-01
 9.60094928e-01 1.52767841e-01
 1.04656632e+00 1.53525233e-01
 1.16789573e+00 1.54369889e-01
 1.09356925e+00 1.55301587e-01
 1.04735787e+00 1.56320347e-01
 1.08702782e+00 1.57426419e-01
 1.03971394e+00 1.58620275e-01
 1.04975030e+00 1.59902600e-01
 1.06277298e+00 1.61274288e-01
 1.03411853e+00 1.62736434e-01
 1.04823218e+00 1.64290334e-01
 1.16261955e+00 1.65937474e-01
 1.03620069e+00 1.67679528e-01
 1.09882961e+00 1.69518356e-01
 1.09678930e+00 1.71455995e-01
 1.17558079e+00 1.73494657e-01
 1.10194780e+00 1.75636717e-01
 1.10691318e+00 1.77884711e-01
 1.09669119e+00 1.80241319e-01
 1.20894418e+00 1.82709355e-01
 1.21306950e+00 1.85291747e-01
 1.15053460e+00 1.87991516e-01
 1.25243967e+00 1.90811743e-01
 1.26849488e+00 1.93755537e-01
 1.24591613e+00 1.96825979e-01
 1.30825712e+00 2.00026067e-01
 1.32416310e+00 2.03358629e-01
 1.31315696e+00 2.06826228e-01
 1.43021388e+00 2.10431026e-01
 1.31719263e+00 2.14174625e-01
 1.34818230e+00 2.18057845e-01
 1.46780699e+00 2.22080458e-01
 1.49465275e+00 2.26240839e-01
 1.50821289e+00 2.30535509e-01
 1.50231879e+00 2.34958561e-01
 1.61573251e+00 2.39500904e-01
 1.62524290e+00 2.44149281e-01
 1.64600098e+00 2.48884992e-01
 1.79863810e+00 2.53682210e-01
 1.84964303e+00 2.58505754e-01
 1.83716529e+00 2.63308129e-01
 2.01854600e+00 2.68025554e-01
 2.03599182e+00 2.72572597e-01
 2.16275779e+00 2.76834858e-01
 2.36767562e+00 2.80658894e-01
 2.34923909e+00 2.83838192e-01
 2.41497886e+00 2.86093430e-01
 2.65039609e+00 2.87044298e-01
 2.70387279e+00 2.86168727e-01
 2.77812338e+00 2.82742945e-01
 3.09852534e+00 2.75751788e-01
 3.14952902e+00 2.63751883e-01
 3.46897444e+00 2.44658380e-01
 3.75318940e+00 2.15404457e-01
 4.08274904e+00 1.71382873e-01
 4.50024879e+00 1.05502219e-01
 4.93143763e+00 6.53782560e-03
 5.40228410e+00 -1.43858401e-01
 6.18561325e+00 -3.76801774e-01
 6.92019957e+00 -7.47278257e-01
 7.97764595e+00 -1.35681566e+00
 9.41392045e+00 -2.40050169e+00
 1.08903446e+01 -4.25825795e+00
 1.23321489e+01 -7.60292526e+00
 1.18178291e+01 -1.30372653e+01
 6.97623212e+00 -1.85911361e+01
 -1.05980667e+00 -1.89163705e+01
 -5.90336613e+00 -1.47883247e+01
 -7.33248986e+00 -1.06549796e+01
 -7.25102097e+00 -7.77338048e+00
 -6.66075541e+00 -5.88557035e+00
 -6.05689077e+00 -4.62737927e+00
 -5.39492740e+00 -3.75826399e+00
 -4.86245817e+00 -3.13536365e+00
 -4.62537643e+00 -2.67384386e+00
 -4.17838180e+00 -2.32191763e+00
 -3.84468412e+00 -2.04687708e+00
 -3.61941827e+00 -1.82735704e+00
 -3.43122867e+00 -1.64896031e+00
 -3.11749551e+00 -1.50170914e+00
 -2.92733681e+00 -1.37851315e+00
 -2.86085129e+00 -1.27422013e+00
 -2.73506397e+00 -1.18501093e+00
 -2.50010401e+00 -1.10800372e+00
 -2.37869818e+00 -1.04098898e+00
 -2.25151307e+00 -9.82248084e-01
 -2.16938073e+00 -9.30426777e-01
 -2.26138284e+00 -8.84445262e-01
 -1.99569961e+00 -8.43433290e-01
 -1.96277385e+00 -8.06682593e-01
 -1.87474545e+00 -7.73611532e-01
 -1.83910433e+00 -7.43738511e-01
 -1.72773820e+00 -7.16661727e-01
 -1.69997444e+00 -6.92043599e-01
 -1.71245789e+00 -6.69598655e-01
 -1.63482938e+00 -6.49084042e-01
 -1.56867373e+00 -6.30292006e-01
 -1.54345053e+00 -6.13043904e-01
 -1.49787915e+00 -5.97185386e-01
 -1.47727835e+00 -5.82582490e-01
 -1.58999389e+00 -5.69118474e-01
 -1.44677866e+00 -5.56691207e-01
 -1.59535301e+00 -5.45211021e-01
 -1.41176646e+00 -5.34598931e-01
 -1.39198983e+00 -5.24785150e-01
 -1.35923383e+00 -5.15707844e-01
 -1.29872875e+00 -5.07312092e-01
 -1.31190809e+00 -4.99548990e-01
 -1.36808918e+00 -4.92374913e-01
 -1.32292624e+00 -4.85750866e-01
 -1.26371666e+00 -4.79641944e-01
 -1.13907468e+00 -4.74016857e-01
 -1.25272080e+00 -4.68847535e-01
 -1.16461418e+00 -4.64108771e-01
 -1.21946275e+00 -4.59777926e-01
 -1.17231098e+00 -4.55834664e-01
 -1.21478479e+00 -4.52260729e-01
 -1.13747631e+00 -4.49039745e-01
 -1.12656142e+00 -4.46157042e-01
 -1.14595188e+00 -4.43599513e-01
 -1.08565514e+00 -4.41355474e-01
 -1.17150136e+00 -4.39414557e-01
 -1.08472621e+00 -4.37767605e-01
 -1.17327914e+00 -4.36406588e-01
 -1.20480027e+00 -4.35324529e-01
 -1.15595031e+00 -4.34515435e-01
 -1.12809903e+00 -4.33974242e-01
 -1.18171942e+00 -4.33696772e-01
 -1.20626382e+00 -4.33679683e-01
 -1.20325510e+00 -4.33920444e-01
 -1.13410100e+00 -4.34417305e-01
 -1.12314662e+00 -4.35169272e-01
 -1.25417193e+00 -4.36176096e-01
 -1.09832779e+00 -4.37438260e-01
 -1.13994174e+00 -4.38956972e-01
 -1.11132292e+00 -4.40734165e-01
 -1.17293146e+00 -4.42772501e-01
 -1.16525870e+00 -4.45075378e-01
 -1.15386635e+00 -4.47646946e-01
 -1.25176867e+00 -4.50492119e-01
 -1.21880584e+00 -4.53616603e-01
 -1.23253482e+00 -4.57026921e-01
 -1.18752081e+00 -4.60730445e-01
 -1.23036125e+00 -4.64735435e-01
 -1.29572094e+00 -4.69051081e-01
 -1.18145975e+00 -4.73687553e-01
 -1.26335587e+00 -4.78656054e-01
 -1.27132687e+00 -4.83968887e-01
 -1.33177374e+00 -4.89639517e-01
 -1.29421192e+00 -4.95682651e-01
 -1.30917978e+00 -5.02114318e-01
 -1.32611341e+00 -5.08951963e-01
 -1.45170848e+00 -5.16214543e-01
 -1.29592583e+00 -5.23922633e-01
 -1.36489219e+00 -5.32098540e-01
 -1.50030318e+00 -5.40766426e-01
 -1.50369957e+00 -5.49952428e-01
 -1.49137982e+00 -5.59684796e-01
 -1.47408107e+00 -5.69994013e-01
 -1.61085250e+00 -5.80912928e-01
 -1.56355511e+00 -5.92476866e-01
 -1.65990986e+00 -6.04723717e-01
 -1.70065358e+00 -6.17693990e-01
 -1.87261032e+00 -6.31430804e-01
 -1.87757379e+00 -6.45979789e-01
 -1.87210640e+00 -6.61388839e-01
 -1.82830954e+00 -6.77707665e-01
 -1.95966029e+00 -6.94987039e-01
 -1.96629252e+00 -7.13277585e-01
 -2.15836331e+00 -7.32627909e-01
 -2.12479902e+00 -7.53081754e-01
 -2.33626756e+00 -7.74673712e-01
 -2.45863648e+00 -7.97422783e-01
 -2.50645734e+00 -8.21322722e-01
 -2.75414309e+00 -8.46327481e-01
 -2.82722880e+00 -8.72329171e-01
 -3.01028288e+00 -8.99124362e-01
 -3.11446789e+00 -9.26361983e-01
 -3.39325775e+00 -9.53461662e-01
 -3.57937341e+00 -9.79483608e-01
 -3.81601083e+00 -1.00291729e+00
 -4.19105571e+00 -1.02133060e+00
 -4.50214235e+00 -1.03077238e+00
 -5.03840766e+00 -1.02472554e+00
 -5.46274540e+00 -9.92211736e-01
 -6.17882245e+00 -9.14234464e-01
 -6.97624253e+00 -7.56837231e-01
 -8.01881213e+00 -4.57009619e-01
 -9.41217163e+00 1.06878220e-01
 -1.11263649e+01 1.17732538e+00
 -1.31185992e+01 3.23578244e+00
 -1.48627289e+01 7.10759278e+00
 -1.44856096e+01 1.33086487e+01
 -9.04673202e+00 1.90950321e+01
 -1.11639229e+00 1.94511517e+01
 3.80738596e+00 1.58697234e+01
 5.47796729e+00 1.21276429e+01
 5.82618458e+00 9.33933392e+00
 5.74636791e+00 7.39415973e+00
 5.29022674e+00 6.02736388e+00
 4.86241199e+00 5.04116398e+00
 4.49390054e+00 4.30828912e+00
 4.19484614e+00 3.74847181e+00
 3.85218354e+00 3.31031651e+00
 3.53884839e+00 2.96006643e+00
 3.40682124e+00 2.67493353e+00
 3.09643054e+00 2.43912242e+00
 3.03147291e+00 2.24141412e+00
 2.82216777e+00 2.07366149e+00
 2.65290849e+00 1.92982880e+00
 2.51324069e+00 1.80536337e+00
 2.39925657e+00 1.69677516e+00
 2.41234265e+00 1.60134938e+00
 2.28229892e+00 1.51694620e+00
 2.09796266e+00 1.44185865e+00
 2.07436139e+00 1.37471011e+00
 2.10451121e+00 1.31437932e+00
 1.84684843e+00 1.25994461e+00
 1.85133704e+00 1.21064205e+00
 1.85025295e+00 1.16583355e+00
 1.73544176e+00 1.12498236e+00
 1.70236325e+00 1.08763397e+00
 1.68387482e+00 1.05340122e+00
 1.67625865e+00 1.02195243e+00
 1.57987083e+00 9.93001976e-01
 1.54277779e+00 9.66302701e-01
 1.48283012e+00 9.41639770e-01
 1.39960144e+00 9.18825663e-01
 1.47817997e+00 8.97696063e-01
 1.43747590e+00 8.78106465e-01
 1.43225410e+00 8.59929363e-01
 1.47086577e+00 8.43051904e-01
 1.38530102e+00 8.27373917e-01
 1.30269629e+00 8.12806257e-01
 1.33097873e+00 7.99269405e-01
 1.26619184e+00 7.86692273e-01
 1.24792450e+00 7.75011191e-01
 1.23225723e+00 7.64169037e-01
 1.36954930e+00 7.54114493e-01
 1.14798488e+00 7.44801399e-01
 1.11300942e+00 7.36188200e-01
 1.12742543e+00 7.28237465e-01
 1.28308776e+00 7.20915468e-01
 1.22640490e+00 7.14191826e-01
 1.18180829e+00 7.08039183e-01
 1.18437506e+00 7.02432932e-01
 1.13017038e+00 6.97350977e-01
 1.10191933e+00 6.92773518e-01
 1.18518910e+00 6.88682871e-01
 1.19881155e+00 6.85063302e-01
 1.17745241e+00 6.81900894e-01
 1.02184447e+00 6.79183416e-01
 1.14433977e+00 6.76900226e-01
 1.15817524e+00 6.75042174e-01
 1.06365069e+00 6.73601525e-01
 1.12252170e+00 6.72571896e-01
 1.20563932e+00 6.71948198e-01
 1.13087918e+00 6.71726592e-01
 1.20757975e+00 6.71904457e-01
 1.20100705e+00 6.72480358e-01
 1.20368760e+00 6.73454034e-01
 1.14586552e+00 6.74826386e-01
 1.10315718e+00 6.76599476e-01
 1.17416704e+00 6.78776533e-01
 1.22228781e+00 6.81361973e-01
 1.23819580e+00 6.84361415e-01
 1.15431883e+00 6.87781718e-01
 1.07202369e+00 6.91631019e-01
 1.14509644e+00 6.95918781e-01
 1.17680678e+00 7.00655857e-01
 1.06182709e+00 7.05854552e-01
 1.18572791e+00 7.11528710e-01
 1.30884050e+00 7.17693805e-01
 1.18021209e+00 7.24367042e-01
 1.28809798e+00 7.31567485e-01
 1.29847586e+00 7.39316186e-01
 1.21056720e+00 7.47636342e-01
 1.23948138e+00 7.56553464e-01
 1.21433896e+00 7.66095578e-01
 1.29686041e+00 7.76293437e-01
 1.34484542e+00 7.87180767e-01
 1.39194820e+00 7.98794547e-01
 1.43283649e+00 8.11175309e-01
 1.44261891e+00 8.24367492e-01
 1.45202941e+00 8.38419819e-01
 1.47568582e+00 8.53385740e-01
 1.48607101e+00 8.69323906e-01
 1.51873164e+00 8.86298712e-01
 1.60859521e+00 9.04380890e-01
 1.62108484e+00 9.23648179e-01
 1.66862537e+00 9.44186041e-01
 1.65602960e+00 9.66088465e-01
 1.83220680e+00 9.89458812e-01
 1.85712346e+00 1.01441072e+00
 1.96254062e+00 1.04106905e+00
 1.90368069e+00 1.06957073e+00
 2.03262453e+00 1.10006566e+00
 2.04091713e+00 1.13271722e+00
 2.19065780e+00 1.16770247e+00
 2.20306113e+00 1.20521158e+00
 2.30814204e+00 1.24544599e+00
 2.52260249e+00 1.28861437e+00
 2.56686422e+00 1.33492521e+00
 2.77480301e+00 1.38457349e+00
 3.00804724e+00 1.43771787e+00
 3.17091112e+00 1.49444198e+00
 3.26367082e+00 1.55468881e+00
 3.62900717e+00 1.61814935e+00
 3.82730759e+00 1.68407129e+00
 4.24911505e+00 1.75092545e+00
 4.55311758e+00 1.81581194e+00
 5.08598941e+00 1.87337665e+00
 5.64934828e+00 1.91377484e+00
 6.38247463e+00 1.91871315e+00
 7.27393563e+00 1.85347157e+00
 8.52616519e+00 1.65023432e+00
 9.97615897e+00 1.17235648e+00
 1.18896008e+01 1.38777052e-01
 1.42729558e+01 -2.01234425e+00
 1.62647124e+01 -6.18612021e+00
 1.56038867e+01 -1.26426146e+01
 1.01106675e+01 -1.80957983e+01
 2.97680138e+00 -1.84438084e+01
 -1.59995613e+00 -1.55394264e+01
 -3.52868691e+00 -1.23822179e+01
 -4.35470639e+00 -9.89975610e+00
 -4.30068887e+00 -8.08020673e+00
 -4.12809513e+00 -6.74810820e+00
 -4.06163194e+00 -5.75427847e+00
 -3.72379763e+00 -4.99525639e+00
 -3.50216873e+00 -4.40217752e+00
 -3.28495108e+00 -3.92906778e+00
 -3.05317503e+00 -3.54469796e+00
 -2.87519824e+00 -3.22739095e+00
 -2.76598090e+00 -2.96176379e+00
 -2.54376109e+00 -2.73666755e+00
 -2.46349977e+00 -2.54386249e+00
 -2.41345275e+00 -2.37714915e+00
 -2.23920519e+00 -2.23178677e+00
 -2.12916965e+00 -2.10409613e+00
 -2.05115560e+00 -1.99118339e+00
 -1.96055429e+00 -1.89074453e+00
 -1.92783211e+00 -1.80092463e+00
 -1.84325181e+00 -1.72021515e+00
 -1.80112167e+00 -1.64737779e+00
 -1.71241301e+00 -1.58138736e+00
 -1.64499130e+00 -1.52138847e+00
 -1.62588034e+00 -1.46666222e+00
 -1.65546523e+00 -1.41660034e+00
 -1.52829630e+00 -1.37068504e+00
 -1.51260790e+00 -1.32847296e+00
 -1.45273377e+00 -1.28958250e+00
 -1.40466093e+00 -1.25368358e+00
 -1.33075367e+00 -1.22048936e+00
 -1.38554249e+00 -1.18974951e+00
 -1.37453513e+00 -1.16124471e+00
 -1.28522528e+00 -1.13478211e+00
 -1.18946441e+00 -1.11019151e+00
 -1.20938236e+00 -1.08732229e+00
 -1.24507477e+00 -1.06604070e+00
 -1.16037286e+00 -1.04622770e+00
 -1.18468166e+00 -1.02777705e+00
 -1.15310086e+00 -1.01059375e+00
 -1.19912071e+00 -9.94592651e-01
 -1.14381835e+00 -9.79697318e-01
 -1.09582022e+00 -9.65839026e-01
 -1.05035299e+00 -9.52955900e-01
 -1.07560173e+00 -9.40992177e-01
 -1.15018386e+00 -9.29897563e-01
 -1.09501612e+00 -9.19626676e-01
 -1.02816566e+00 -9.10138561e-01
 -1.10032885e+00 -9.01396268e-01
 -1.07887711e+00 -8.93366480e-01
 -1.06202926e+00 -8.86019195e-01
 -1.09388162e+00 -8.79327443e-01
 -9.98105209e-01 -8.73267035e-01
 -1.03780071e+00 -8.67816352e-01
 -1.09323023e+00 -8.62956155e-01
 -9.07366914e-01 -8.58669419e-01
 -1.03570841e+00 -8.54941195e-01
 -1.03184707e+00 -8.51758481e-01
 -9.62298942e-01 -8.49110119e-01
 -1.02260858e+00 -8.46986706e-01
 -9.98628784e-01 -8.45380517e-01
 -1.01356258e+00 -8.44285442e-01
 -1.02349056e+00 -8.43696939e-01
 -9.59790910e-01 -8.43611994e-01
 -1.05415888e+00 -8.44029095e-01
 -1.00113413e+00 -8.44948217e-01
 -1.00197692e+00 -8.46370818e-01
 -1.01359459e+00 -8.48299841e-01
 -1.00721146e+00 -8.50739733e-01
 -9.76836025e-01 -8.53696472e-01
 -9.82764006e-01 -8.57177601e-01
 -9.82428011e-01 -8.61192283e-01
 -1.02764685e+00 -8.65751355e-01
 -1.02362114e+00 -8.70867409e-01
 -1.00612934e+00 -8.76554876e-01
 -1.03810629e+00 -8.82830126e-01
 -1.12623606e+00 -8.89711594e-01
 -1.07430280e+00 -8.97219908e-01
 -1.10525212e+00 -9.05378051e-01
 -1.14274801e+00 -9.14211537e-01
 -1.15112582e+00 -9.23748614e-01
 -1.15946994e+00 -9.34020490e-01
 -1.04187392e+00 -9.45061599e-01
 -1.16885025e+00 -9.56909890e-01
 -1.19876073e+00 -9.69607166e-01
 -1.13186674e+00 -9.83199461e-01
 -1.22132030e+00 -9.97737468e-01
 -1.26110777e+00 -1.01327703e+00
 -1.29054219e+00 -1.02987970e+00
 -1.29546774e+00 -1.04761335e+00
 -1.35222015e+00 -1.06655291e+00
 -1.32861208e+00 -1.08678121e+00
 -1.41476510e+00 -1.10838983e+00
 -1.42009603e+00 -1.13148029e+00
 -1.36850132e+00 -1.15616515e+00
 -1.37799778e+00 -1.18256950e+00
 -1.45335789e+00 -1.21083251e+00
 -1.53792937e+00 -1.24110925e+00
 -1.62825967e+00 -1.27357279e+00
 -1.76567122e+00 -1.30841657e+00
 -1.75574086e+00 -1.34585703e+00
 -1.73666917e+00 -1.38613662e+00
 -1.77228835e+00 -1.42952710e+00
 -2.03639095e+00 -1.47633306e+00
 -2.06440667e+00 -1.52689563e+00
 -2.16465639e+00 -1.58159602e+00
 -2.25864550e+00 -1.64085838e+00
 -2.31991285e+00 -1.70515126e+00
 -2.46066983e+00 -1.77498569e+00
 -2.64422962e+00 -1.85090738e+00
 -2.82469534e+00 -1.93347743e+00
 -3.10389295e+00 -2.02323241e+00
 -3.11308766e+00 -2.12060647e+00
 -3.41976779e+00 -2.22578341e+00
 -3.81799005e+00 -2.33841782e+00
 -4.24700439e+00 -2.45710621e+00
 -4.65344974e+00 -2.57836882e+00
 -5.25689467e+00 -2.69464494e+00
 -6.02049313e+00 -2.79023328e+00
 -6.90195549e+00 -2.83280574e+00
 -7.95174498e+00 -2.75511988e+00
 -9.57988857e+00 -2.41495127e+00
 -1.17689459e+01 -1.51025296e+00
 -1.42132082e+01 5.63833282e-01
 -1.62547602e+01 4.70630584e+00
 -1.56578661e+01 1.08621711e+01
 -1.06078236e+01 1.56574602e+01
 -4.40174771e+00 1.61050871e+01
 -4.15656334e-01 1.39880918e+01
 1.37230242e+00 1.15433686e+01
 2.35977698e+00 9.51569613e+00
 2.70955667e+00 7.96061737e+00
 2.71690613e+00 6.77953845e+00
 2.77936308e+00 5.87191656e+00
 2.63534635e+00 5.16187099e+00
 2.53613838e+00 4.59597454e+00
 2.40639645e+00 4.13703181e+00
 2.23626606e+00 3.75892784e+00
 2.17181077e+00 3.44304043e+00
 1.98998603e+00 3.17585386e+00
 2.01792224e+00 2.94738332e+00
 1.91284134e+00 2.75012671e+00
 1.73175748e+00 2.57835767e+00
 1.70572909e+00 2.42764125e+00
 1.58269166e+00 2.29449650e+00
 1.54942061e+00 2.17615766e+00
 1.43469879e+00 2.07040251e+00
 1.54746313e+00 1.97542713e+00
 1.53839823e+00 1.88975334e+00
 1.41967390e+00 1.81215935e+00
 1.33486752e+00 1.74162721e+00
 1.32647008e+00 1.67730258e+00
 1.23477144e+00 1.61846351e+00
 1.22045496e+00 1.56449612e+00
 1.18691044e+00 1.51487534e+00
 1.19928010e+00 1.46914965e+00
 1.09372431e+00 1.42692882e+00
 1.03357283e+00 1.38787400e+00
 1.04390123e+00 1.35168968e+00
 1.05148003e+00 1.31811711e+00
 1.08631714e+00 1.28692884e+00
 9.87223364e-01 1.25792430e+00
 1.04221574e+00 1.23092597e+00
 9.91964815e-01 1.20577632e+00
 9.22400772e-01 1.18233514e+00
 9.03015288e-01 1.16047733e+00
 1.02102444e+00 1.14009099e+00
 9.06468750e-01 1.12107586e+00
 8.63507382e-01 1.10334190e+00
 9.71714936e-01 1.08680811e+00
 9.03270129e-01 1.07140157e+00
 9.85973650e-01 1.05705650e+00
 8.44095868e-01 1.04371353e+00
 8.28600497e-01 1.03131905e+00
 7.72357917e-01 1.01982462e+00
 8.00579647e-01 1.00918646e+00
 8.54557697e-01 9.99365055e-01
 8.44447681e-01 9.90324739e-01
 9.64273924e-01 9.82033369e-01
 8.16595531e-01 9.74462038e-01
 8.50625584e-01 9.67584815e-01
 8.16695648e-01 9.61378523e-01
 8.36085262e-01 9.55822544e-01
 7.48971758e-01 9.50898650e-01
 7.73988403e-01 9.46590852e-01
 7.74427716e-01 9.42885276e-01
 7.53280148e-01 9.39770056e-01
 7.71708769e-01 9.37235237e-01
 8.30283659e-01 9.35272703e-01
 6.70801746e-01 9.33876114e-01
 8.62200974e-01 9.33040857e-01
 7.19856609e-01 9.32764012e-01
 7.37685917e-01 9.33044328e-01
 7.67890832e-01 9.33882213e-01
 7.91290405e-01 9.35279735e-01
 7.54022027e-01 9.37240634e-01
 7.17292212e-01 9.39770349e-01
 7.19501476e-01 9.42876053e-01
 7.62776105e-01 9.46566707e-01
 8.10841130e-01 9.50853119e-01
 7.86448063e-01 9.55748028e-01
 7.71187834e-01 9.61266193e-01
 8.45060315e-01 9.67424505e-01
 7.55446173e-01 9.74242116e-01
 9.24124856e-01 9.81740588e-01
 8.11763366e-01 9.89944062e-01
 7.96244012e-01 9.98879455e-01
 8.05716299e-01 1.00857669e+00
 8.50507247e-01 1.01906892e+00
 9.50439106e-01 1.03039288e+00
 8.87594382e-01 1.04258915e+00
 8.53839849e-01 1.05570257e+00
 9.30439456e-01 1.06978265e+00
 8.30772487e-01 1.08488408e+00
 9.04475221e-01 1.10106725e+00
 9.21889376e-01 1.11839895e+00
 9.00080193e-01 1.13695301e+00
 1.00961918e+00 1.15681123e+00
 9.88678165e-01 1.17806429e+00
 9.85060077e-01 1.20081287e+00
 1.04257305e+00 1.22516894e+00
 1.08093834e+00 1.25125725e+00
 1.07503080e+00 1.27921706e+00
 1.16287143e+00 1.30920410e+00
 1.13255347e+00 1.34139301e+00
 1.16974781e+00 1.37597996e+00
 1.28616846e+00 1.41318597e+00
 1.35772672e+00 1.45326058e+00
 1.30542616e+00 1.49648631e+00
 1.35744307e+00 1.54318386e+00
 1.40082038e+00 1.59371815e+00
 1.49468785e+00 1.64850548e+00
 1.52272944e+00 1.70802178e+00
 1.67162938e+00 1.77281218e+00
 1.62038311e+00 1.84350172e+00
 1.82472264e+00 1.92080724e+00
 1.90129767e+00 2.00554948e+00
 2.05492460e+00 2.09866416e+00
 2.15525360e+00 2.20120874e+00
 2.33926871e+00 2.31435840e+00
 2.54133353e+00 2.43937851e+00
 2.75132210e+00 2.57754779e+00
 3.03754553e+00 2.72998050e+00
 3.39937481e+00 2.89724130e+00
 3.73980222e+00 3.07852912e+00
 4.27192549e+00 3.26994640e+00
 4.95757803e+00 3.46077557e+00
 5.87237363e+00 3.62529053e+00
 6.83671233e+00 3.70435488e+00
 8.46880531e+00 3.56384707e+00
 1.04275329e+01 2.90590724e+00
 1.30196576e+01 1.12876738e+00
 1.49151139e+01 -2.59599103e+00
 1.44314491e+01 -7.99049225e+00
 1.04577588e+01 -1.20497088e+01
 5.77208216e+00 -1.27425088e+01
 2.40446899e+00 -1.14684294e+01
 5.43572030e-01 -9.79661840e+00
 -3.66573488e-01 -8.31207622e+00
 -9.16065772e-01 -7.11522481e+00
 -1.19468079e+00 -6.17062477e+00
 -1.29126530e+00 -5.42245949e+00
 -1.36123311e+00 -4.82279691e+00
 -1.32608929e+00 -4.33531758e+00
 -1.22468376e+00 -3.93342106e+00
 -1.25446296e+00 -3.59770275e+00
 -1.27463283e+00 -3.31389914e+00
 -1.22286043e+00 -3.07139745e+00
 -1.12504307e+00 -2.86219228e+00
 -1.10024929e+00 -2.68016084e+00
 -1.06883421e+00 -2.52055715e+00
 -1.05867862e+00 -2.37965570e+00
 -9.96096746e-01 -2.25449734e+00
 -8.98883746e-01 -2.14270589e+00
 -8.90754924e-01 -2.04235386e+00
 -9.41681985e-01 -1.95186311e+00
 -8.64643780e-01 -1.86993035e+00
 -7.68723399e-01 -1.79547065e+00
 -9.12798047e-01 -1.72757420e+00
 -8.45420517e-01 -1.66547282e+00
 -6.64586238e-01 -1.60851381e+00
 -7.41153631e-01 -1.55613928e+00
 -6.96559320e-01 -1.50786984e+00
 -6.69422840e-01 -1.46329139e+00
 -7.04928037e-01 -1.42204459e+00
 -6.51589515e-01 -1.38381619e+00
 -6.88180809e-01 -1.34833206e+00
 -6.67916967e-01 -1.31535132e+00
 -5.85579064e-01 -1.28466161e+00
 -5.19147632e-01 -1.25607506e+00
 -6.36856438e-01 -1.22942497e+00
 -6.29689885e-01 -1.20456301e+00
 -6.49213313e-01 -1.18135682e+00
 -5.10328554e-01 -1.15968804e+00
 -5.95739259e-01 -1.13945061e+00
 -5.69703104e-01 -1.12054923e+00
 -6.42731168e-01 -1.10289822e+00
 -5.83114560e-01 -1.08642036e+00
 -5.46133330e-01 -1.07104598e+00
 -5.55223438e-01 -1.05671216e+00
 -5.17732375e-01 -1.04336206e+00
 -5.67831820e-01 -1.03094423e+00
 -5.95069881e-01 -1.01941218e+00
 -5.56620775e-01 -1.00872385e+00
 -5.78290842e-01 -9.98841224e-01
 -5.70553657e-01 -9.89729979e-01
 -4.50534255e-01 -9.81359173e-01
 -4.85227337e-01 -9.73700970e-01
 -4.75049302e-01 -9.66730406e-01
 -4.54297553e-01 -9.60425177e-01
 -4.96047552e-01 -9.54765461e-01
 -4.82838772e-01 -9.49733756e-01
 -5.13920010e-01 -9.45314746e-01
 -5.14890203e-01 -9.41495186e-01
 -4.47366551e-01 -9.38263796e-01
 -4.76902609e-01 -9.35611183e-01
 -5.10960961e-01 -9.33529769e-01
 -3.36454480e-01 -9.32013740e-01
 -4.96216129e-01 -9.31059001e-01
 -4.91192586e-01 -9.30663150e-01
 -3.99440356e-01 -9.30825462e-01
 -4.59617017e-01 -9.31546882e-01
 -5.27551145e-01 -9.32830038e-01
 -5.14718036e-01 -9.34679260e-01
 -4.97029429e-01 -9.37100609e-01
 -4.36067753e-01 -9.40101931e-01
 -3.34366777e-01 -9.43692908e-01
 -4.90205923e-01 -9.47885138e-01
 -5.11131859e-01 -9.52692225e-01
 -5.44731889e-01 -9.58129880e-01
 -4.64968266e-01 -9.64216053e-01
 -5.21196425e-01 -9.70971070e-01
 -4.19454185e-01 -9.78417809e-01
 -5.54443939e-01 -9.86581885e-01
 -5.70785935e-01 -9.95491875e-01
 -5.92415189e-01 -1.00517957e+00
 -5.15008279e-01 -1.01568025e+00
 -5.81894531e-01 -1.02703304e+00
 -5.02963292e-01 -1.03928125e+00
 -6.27472980e-01 -1.05247285e+00
 -4.80666992e-01 -1.06666090e+00
 -4.82758223e-01 -1.08190417e+00
 -5.39570601e-01 -1.09826775e+00
 -6.10836293e-01 -1.11582382e+00
 -5.63136213e-01 -1.13465246e+00
 -6.15489605e-01 -1.15484269e+00
 -6.14879713e-01 -1.17649359e+00
 -5.77682472e-01 -1.19971566e+00
 -5.73123752e-01 -1.22463231e+00
 -6.82426454e-01 -1.25138175e+00
 -5.95531104e-01 -1.28011910e+00
 -6.42147912e-01 -1.31101887e+00
 -6.46776151e-01 -1.34427796e+00
 -6.35464390e-01 -1.38011920e+00
 -7.12901199e-01 -1.41879551e+00
 -7.65191734e-01 -1.46059494e+00
 -8.75897940e-01 -1.50584671e+00
 -8.17576525e-01 -1.55492844e+00
 -7.64906361e-01 -1.60827498e+00
 -8.24150016e-01 -1.66638903e+00
 -1.00839931e+00 -1.72985415e+00
 -9.85814374e-01 -1.79935053e+00
 -1.02599435e+00 -1.87567426e+00
 -1.17694679e+00 -1.95976076e+00
 -1.16874956e+00 -2.05271300e+00
 -1.33783847e+00 -2.15583509e+00
 -1.29588519e+00 -2.27067112e+00
 -1.48769785e+00 -2.39904751e+00
 -1.67533010e+00 -2.54311336e+00
 -1.79487863e+00 -2.70536495e+00
 -1.92486896e+00 -2.88862134e+00
 -2.16752556e+00 -3.09587507e+00
 -2.49779910e+00 -3.32984345e+00
 -2.93027160e+00 -3.59181337e+00
 -3.43136544e+00 -3.87881374e+00
 -4.14804047e+00 -4.17677312e+00
 -5.05843594e+00 -4.44394569e+00
 -6.46007561e+00 -4.57121775e+00
 -8.31154846e+00 -4.29419390e+00
 -1.05708287e+01 -3.05617181e+00
 -1.26796405e+01 -1.10097129e-01
 -1.26519474e+01 4.25133411e+00
 -9.94177840e+00 7.66731472e+00
 -6.55501548e+00 8.71709075e+00
 -4.04413331e+00 8.27622681e+00
 -2.34407868e+00 7.37503386e+00
 -1.39345277e+00 6.46607442e+00
 -9.23045797e-01 5.67719595e+00
 -3.42379254e-01 5.02199541e+00
 -1.84025537e-01 4.48293406e+00
 -4.47178677e-02 4.03790224e+00
 1.52012397e-01 3.66745509e+00
 1.37455918e-01 3.35606264e+00
 1.32161153e-01 3.09170472e+00
 1.37194895e-01 2.86514711e+00
 2.75083672e-01 2.66927689e+00
 1.95611564e-01 2.49857542e+00
 2.61467683e-01 2.34872157e+00
 1.94540754e-01 2.21629842e+00
 2.91979347e-01 2.09857715e+00
 1.93426647e-01 1.99335749e+00
 1.96104420e-01 1.89884906e+00
 3.11255531e-01 1.81358232e+00
 2.71402300e-01 1.73634132e+00
 2.77349699e-01 1.66611226e+00
 2.34952281e-01 1.60204388e+00
 2.00055833e-01 1.54341670e+00
 2.20071787e-01 1.48961884e+00
 2.29890004e-01 1.44012695e+00
 1.55462489e-01 1.39449100e+00
 1.87072124e-01 1.35232206e+00
 2.13918897e-01 1.31328244e+00
 1.23067184e-01 1.27707766e+00
 1.53951040e-01 1.24344989e+00
 1.87832778e-01 1.21217249e+00
 1.28866722e-01 1.18304558e+00
 1.99955937e-01 1.15589227e+00
 9.20343800e-02 1.13055553e+00
 2.37953004e-01 1.10689559e+00
 2.26346860e-01 1.08478768e+00
 2.23678587e-01 1.06412019e+00
 2.74393433e-01 1.04479302e+00
 1.44981625e-01 1.02671624e+00
 1.41210265e-01 1.00980891e+00
 8.53432229e-02 9.93998042e-01
 1.72912123e-01 9.79217760e-01
 1.70018738e-01 9.65408518e-01
 1.50280042e-01 9.52516450e-01
 1.59191174e-01 9.40492796e-01
 9.93024692e-02 9.29293407e-01
 1.98424811e-01 9.18878303e-01
 1.64553505e-01 9.09211294e-01
 1.58431590e-01 9.00259648e-01
 1.41271484e-01 8.91993792e-01
 2.22568173e-02 8.84387061e-01
 1.30555603e-01 8.77415468e-01
 1.19040067e-01 8.71057510e-01
 1.43527356e-01 8.65293993e-01
 1.31371093e-01 8.60107884e-01
 9.66413683e-02 8.55484179e-01
 1.69739654e-01 8.51409791e-01
 4.69122217e-02 8.47873456e-01
 1.05670706e-01 8.44865649e-01
 1.60327487e-01 8.42378519e-01
 1.10704531e-01 8.40405837e-01
 1.46990969e-01 8.38942949e-01
 1.09561176e-01 8.37986754e-01
 6.14650568e-02 8.37535679e-01
 4.44827676e-02 8.37589674e-01
 1.73650481e-01 8.38150219e-01
 8.88307702e-02 8.39220337e-01
 9.75423823e-02 8.40804619e-01
 1.96936901e-01 8.42909267e-01
 1.48983887e-01 8.45542142e-01
 1.62008026e-01 8.48712829e-01
 9.30082041e-02 8.52432716e-01
 1.08353249e-01 8.56715089e-01
 1.55416296e-01 8.61575241e-01
 1.01827475e-01 8.67030601e-01
 7.80742779e-02 8.73100884e-01
 1.77350005e-01 8.79808264e-01
 1.38453761e-01 8.87177571e-01
 1.12458440e-01 8.95236518e-01
 2.44511218e-02 9.04015962e-01
 1.24875084e-01 9.13550202e-01
 1.29899989e-01 9.23877319e-01
 1.31255285e-01 9.35039567e-01
 1.00425312e-01 9.47083822e-01
 9.21658072e-02 9.60062095e-01
 7.53492367e-03 9.74032130e-01
 1.07411961e-01 9.89058083e-01
 7.48790162e-02 1.00521132e+00
 6.22164433e-02 1.02257133e+00
 1.67353163e-02 1.04122679e+00
 7.77906736e-02 1.06127683e+00
 1.18736350e-01 1.08283248e+00
 1.43109647e-01 1.10601839e+00
 8.82150476e-02 1.13097487e+00
 1.50604236e-01 1.15786025e+00
 1.41131905e-01 1.18685382e+00
 1.91522176e-01 1.21815918e+00
 1.34862976e-01 1.25200840e+00
 1.31348775e-01 1.28866694e+00
 2.24979835e-01 1.32843974e+00
 1.72060904e-01 1.37167857e+00
 1.73471212e-01 1.41879106e+00
 1.65685493e-01 1.47025194e+00
 2.30179773e-01 1.52661692e+00
 2.19764732e-01 1.58854016e+00
 1.68465515e-01 1.65679620e+00
 2.85682078e-01 1.73230785e+00
 2.64316079e-01 1.81618174e+00
 3.26091388e-01 1.90975392e+00
 3.33118408e-01 2.01464866e+00
 3.12915696e-01 2.13285439e+00
 4.64870429e-01 2.26682150e+00
 3.91795897e-01 2.41958725e+00
 4.91628379e-01 2.59493117e+00
 5.95545217e-01 2.79755777e+00
 7.56623418e-01 3.03328106e+00
 8.94200129e-01 3.30912411e+00
 1.13972990e+00 3.63307844e+00
 1.47619755e+00 4.01281228e+00
 1.93381874e+00 4.45137391e+00
 2.67699590e+00 4.93458712e+00
 3.66424346e+00 5.39644295e+00
 5.25352322e+00 5.63375506e+00
 7.37899166e+00 5.15797483e+00
 9.62096703e+00 3.24813371e+00
 1.04385275e+01 -1.83360023e-02
 9.16350656e+00 -2.95676281e+00
 6.99874122e+00 -4.40795695e+00
 5.15742538e+00 -4.72889475e+00
 3.93225294e+00 -4.54160517e+00
