 NaN NaN
 4.14925386e+01 1.45292066e+01
 2.13773074e+01 7.34886176e+00
 1.44933245e+01 5.02609969e+00
 1.09576654e+01 3.88415299e+00
 8.89765511e+00 3.20677273e+00
 7.45119663e+00 2.75902079e+00
 6.48688529e+00 2.44136173e+00
 5.61828837e+00 2.20446750e+00
 5.09581346e+00 2.02112914e+00
 4.58453962e+00 1.87511830e+00
 4.21125851e+00 1.75616012e+00
 3.90263621e+00 1.65743482e+00
 3.53645817e+00 1.57423927e+00
 3.35801115e+00 1.50322570e+00
 3.11599899e+00 1.44194675e+00
 3.00939362e+00 1.38857211e+00
 2.75130281e+00 1.34170582e+00
 2.58889532e+00 1.30026480e+00
 2.50401981e+00 1.26339597e+00
 2.39173785e+00 1.23041837e+00
 2.28673545e+00 1.20078196e+00
 2.18191860e+00 1.17403764e+00
 2.08660938e+00 1.14981521e+00
 2.03500206e+00 1.12780681e+00
 1.90951269e+00 1.10775444e+00
 1.78533354e+00 1.08944028e+00
 1.80787819e+00 1.07267923e+00
 1.85874845e+00 1.05731305e+00
 1.70650114e+00 1.04320572e+00
 1.69935186e+00 1.03023972e+00
 1.62547668e+00 1.01831307e+00
 1.62188484e+00 1.00733685e+00
 1.46467646e+00 9.97233280e-01
 1.47348547e+00 9.87934065e-01
 1.42275688e+00 9.79379050e-01
 1.40432265e+00 9.71515103e-01
 1.43002190e+00 9.64295179e-01
 1.37089956e+00 9.57677534e-01
 1.33723218e+00 9.51625059e-01
 1.26351815e+00 9.46104720e-01
 1.25493031e+00 9.41087079e-01
 1.22605574e+00 9.36545884e-01
 1.13517193e+00 9.32457720e-01
 1.23105140e+00 9.28801711e-01
 1.16613310e+00 9.25559256e-01
 1.05138866e+00 9.22713814e-01
 1.08756600e+00 9.20250705e-01
 1.07577824e+00 9.18156945e-01
 1.09917964e+00 9.16421106e-01
 1.01326558e+00 9.15033188e-01
 9.59254399e-01 9.13984513e-01
 9.93442822e-01 9.13267633e-01
 1.03463551e+00 9.12876253e-01
 9.30628404e-01 9.12805162e-01
 9.82152321e-01 9.13050176e-01
 8.61960745e-01 9.13608093e-01
 8.72391059e-01 9.14476655e-01
 8.17918644e-01 9.15654515e-01
 8.37943871e-01 9.17141220e-01
 8.79155327e-01 9.18937188e-01
 8.46437521e-01 9.21043707e-01
 8.88702169e-01 9.23462928e-01
 8.80859046e-01 9.26197871e-01
 9.11942421e-01 9.29252434e-01
 8.13635175e-01 9.32631415e-01
 7.62114603e-01 9.36340529e-01
 8.12423952e-01 9.40386444e-01
 7.55301867e-01 9.44776819e-01
 7.43283323e-01 9.49520346e-01
 7.33746559e-01 9.54626808e-01
 6.76239010e-01 9.60107140e-01
 7.87532685e-01 9.65973500e-01
 7.36250742e-01 9.72239358e-01
 6.88855235e-01 9.78919586e-01
 7.40518587e-01 9.86030569e-01
 6.89222329e-01 9.93590330e-01
 6.48638477e-01 1.00161867e+00
 6.42974342e-01 1.01013732e+00
 6.78721755e-01 1.01917014e+00
 6.55063195e-01 1.02874331e+00
 6.20423312e-01 1.03888556e+00
 5.60437739e-01 1.04962846e+00
 6.10797649e-01 1.06100671e+00
 4.99067826e-01 1.07305847e+00
 4.64489397e-01 1.08582582e+00
 5.11198318e-01 1.09935513e+00
 5.26960944e-01 1.11369769e+00
 5.25718133e-01 1.12891023e+00
 5.10465277e-01 1.14505572e+00
 5.45015572e-01 1.16220410e+00
 5.24211398e-01 1.18043333e+00
 5.40549471e-01 1.19983050e+00
 4.83143718e-01 1.22049313e+00
 4.77614149e-01 1.24253078e+00
 4.30640591e-01 1.26606694e+00
 5.39221712e-01 1.29124123e+00
 4.53984096e-01 1.31821212e+00
 4.48373426e-01 1.34716018e+00
 4.32859850e-01 1.37829203e+00
 5.15233290e-01 1.41184516e+00
 3.12997888e-01 1.44809388e+00
 3.51610789e-01 1.48735672e+00
 3.39892873e-01 1.53000565e+00
 2.19228328e-01 1.57647774e+00
 3.18600614e-01 1.62728999e+00
 2.11208745e-01 1.68305840e+00
 2.04986225e-01 1.74452283e+00
 1.71147677e-01 1.81257965e+00
 1.24776408e-01 1.88832535e+00
 1.17208219e-01 1.97311548e+00
 2.53901646e-02 2.06864582e+00
 8.68167970e-02 2.17706589e+00
 2.84780597e-03 2.30114110e+00
 -7.11319207e-02 2.44448953e+00
 -5.41502790e-02 2.61193660e+00
 -9.81051152e-02 2.81006203e+00
 -1.10003475e-01 3.04807186e+00
 -3.25245689e-01 3.33924449e+00
 -3.28956642e-01 3.70344125e+00
 -4.58829953e-01 4.17171290e+00
 -6.28374280e-01 4.79533838e+00
 -7.33433184e-01 5.66509603e+00
 -9.04247277e-01 6.95686558e+00
 -9.31444390e-01 9.05456733e+00
 -4.29425550e-01 1.29324786e+01
 4.13817596e+00 2.11789500e+01
 3.22355927e+01 2.07673416e+01
 2.24964365e+01 -1.00291248e+01
 1.05999427e+01 -9.12419172e+00
 6.61962045e+00 -6.83353409e+00
 4.81152319e+00 -5.29999073e+00
 3.80292791e+00 -4.26979735e+00
 3.23888136e+00 -3.54190245e+00
 2.78688403e+00 -3.00349256e+00
 2.46335781e+00 -2.59018338e+00
 2.29579843e+00 -2.26331282e+00
 2.10602411e+00 -1.99847629e+00
 1.94644021e+00 -1.77958291e+00
 1.83948415e+00 -1.59562226e+00
 1.82504700e+00 -1.43881868e+00
 1.67296653e+00 -1.30353065e+00
 1.60763627e+00 -1.18556860e+00
 1.56338755e+00 -1.08175764e+00
 1.51447200e+00 -9.89648773e-01
 1.45230308e+00 -9.07323079e-01
 1.49176695e+00 -8.33255935e-01
 1.32351908e+00 -7.66220803e-01
 1.37185615e+00 -7.05219824e-01
 1.33239144e+00 -6.49432909e-01
 1.30783147e+00 -5.98179814e-01
 1.32026272e+00 -5.50891517e-01
 1.21383899e+00 -5.07088328e-01
 1.14054996e+00 -4.66362967e-01
 1.18985868e+00 -4.28367336e-01
 1.15589555e+00 -3.92802085e-01
 1.15768353e+00 -3.59408300e-01
 1.15577593e+00 -3.27960833e-01
 1.15472680e+00 -2.98262901e-01
 1.26614089e+00 -2.70141687e-01
 1.19394437e+00 -2.43444731e-01
 1.11869160e+00 -2.18036947e-01
 1.17427575e+00 -1.93798141e-01
 1.06756333e+00 -1.70620949e-01
 1.20907624e+00 -1.48409089e-01
 1.03792801e+00 -1.27075898e-01
 1.12942931e+00 -1.06543085e-01
 1.10625099e+00 -8.67396624e-02
 1.05302905e+00 -6.76010447e-02
 1.09713077e+00 -4.90682587e-02
 1.09183586e+00 -3.10872695e-02
 1.11850488e+00 -1.36083935e-02
 1.09187698e+00 3.41421356e-03
 1.14122923e+00 2.00230035e-02
 1.13433101e+00 3.62574290e-02
 1.07820269e+00 5.21542903e-02
 9.72398250e-01 6.77480421e-02
 1.11345655e+00 8.30710676e-02
 1.06040522e+00 9.81539226e-02
 1.06611109e+00 1.13025555e-01
 1.14718912e+00 1.27713504e-01
 1.09697717e+00 1.42244081e-01
 1.15552054e+00 1.56642530e-01
 1.08277598e+00 1.70933187e-01
 1.06961832e+00 1.85139612e-01
 1.13439977e+00 1.99284727e-01
 1.03782722e+00 2.13390933e-01
 1.09953830e+00 2.27480233e-01
 1.02811119e+00 2.41574337e-01
 1.12547494e+00 2.55694777e-01
 1.02704026e+00 2.69863008e-01
 1.17373053e+00 2.84100511e-01
 1.08037193e+00 2.98428900e-01
 1.22514954e+00 3.12870024e-01
 1.17012841e+00 3.27446071e-01
 1.14705887e+00 3.42179679e-01
 1.18799910e+00 3.57094047e-01
 1.13323110e+00 3.72213050e-01
 1.13920637e+00 3.87561363e-01
 1.25127820e+00 4.03164595e-01
 1.21171601e+00 4.19049423e-01
 1.09933415e+00 4.35243745e-01
 1.22718242e+00 4.51776843e-01
 1.21188192e+00 4.68679560e-01
 1.28431623e+00 4.85984491e-01
 1.26728413e+00 5.03726203e-01
 1.27780176e+00 5.21941462e-01
 1.28681360e+00 5.40669503e-01
 1.30336825e+00 5.59952316e-01
 1.30322540e+00 5.79834977e-01
 1.25400128e+00 6.00366010e-01
 1.30603371e+00 6.21597806e-01
 1.35417978e+00 6.43587086e-01
 1.36767211e+00 6.66395434e-01
 1.39025324e+00 6.90089905e-01
 1.39084192e+00 7.14743710e-01
 1.50422671e+00 7.40437018e-01
 1.46509543e+00 7.67257866e-01
 1.54652779e+00 7.95303216e-01
 1.54706334e+00 8.24680185e-01
 1.56970290e+00 8.55507474e-01
 1.53288971e+00 8.87917039e-01
 1.64097015e+00 9.22056061e-01
 1.66572525e+00 9.58089268e-01
 1.72365514e+00 9.96201684e-01
 1.63770527e+00 1.03660192e+00
 1.73228213e+00 1.07952611e+00
 1.82915084e+00 1.12524263e+00
 1.74785221e+00 1.17405790e+00
 1.88398664e+00 1.22632335e+00
 1.95853295e+00 1.28244404e+00
 2.01780976e+00 1.34288937e+00
 2.19663537e+00 1.40820627e+00
 2.15584454e+00 1.47903596e+00
 2.25796256e+00 1.55613503e+00
 2.33645960e+00 1.64040249e+00
 2.41392954e+00 1.73291465e+00
 2.59947926e+00 1.83497065e+00
 2.66501870e+00 1.94815256e+00
 2.76645165e+00 2.07440561e+00
 2.97622961e+00 2.21614667e+00
 3.16479733e+00 2.37641301e+00
 3.38855952e+00 2.55906873e+00
 3.66938047e+00 2.76909542e+00
 3.93616936e+00 3.01300558e+00
 4.38470305e+00 3.29943507e+00
 4.86516183e+00 3.63998753e+00
 5.45906496e+00 4.05039641e+00
 6.31090684e+00 4.55192435e+00
 7.42212696e+00 5.17214468e+00
 9.06248231e+00 5.94057053e+00
 1.17092633e+01 6.85615978e+00
 1.62156244e+01 7.69693447e+00
 2.51363022e+01 6.78733401e+00
 4.04862387e+01 -7.08384564e+00
 2.32952222e+01 -3.95737109e+01
 -1.46965005e+00 -2.95686599e+01
 -5.42766563e+00 -1.87736526e+01
 -5.42622873e+00 -1.31808723e+01
 -4.77232169e+00 -1.00263200e+01
 -4.17577687e+00 -8.05200747e+00
 -3.72652712e+00 -6.71467670e+00
 -3.27608019e+00 -5.75418297e+00
 -2.92201665e+00 -5.03312550e+00
 -2.51535936e+00 -4.47291320e+00
 -2.32369970e+00 -4.02563118e+00
 -2.08160819e+00 -3.66052081e+00
 -1.91018298e+00 -3.35698374e+00
 -1.84086425e+00 -3.10073162e+00
 -1.62539311e+00 -2.88155455e+00
 -1.44436103e+00 -2.69196967e+00
 -1.43468421e+00 -2.52637156e+00
 -1.32212563e+00 -2.38048047e+00
 -1.21282861e+00 -2.25097365e+00
 -1.01691672e+00 -2.13523288e+00
 -1.01069176e+00 -2.03116766e+00
 -8.70453851e-01 -1.93708899e+00
 -8.25794052e-01 -1.85161762e+00
 -8.70212351e-01 -1.77361626e+00
 -7.02033057e-01 -1.70213892e+00
 -6.93244153e-01 -1.63639231e+00
 -6.11839289e-01 -1.57570627e+00
 -5.14107952e-01 -1.51951084e+00
 -6.33291352e-01 -1.46731814e+00
 -5.16585821e-01 -1.41870821e+00
 -5.27922046e-01 -1.37331749e+00
 -4.32601025e-01 -1.33082972e+00
 -3.89671825e-01 -1.29096844e+00
 -3.70895748e-01 -1.25349095e+00
 -4.56414932e-01 -1.21818325e+00
 -3.14335450e-01 -1.18485594e+00
 -2.52389038e-01 -1.15334076e+00
 -2.50190610e-01 -1.12348769e+00
 -2.52657518e-01 -1.09516255e+00
 -2.38291702e-01 -1.06824493e+00
 -1.75597460e-01 -1.04262646e+00
 -7.87981508e-02 -1.01820931e+00
 -7.19498065e-02 -9.94904945e-01
 -3.90463574e-02 -9.72633001e-01
 -1.59607313e-02 -9.51320362e-01
 6.44506655e-03 -9.30900335e-01
 -1.40547464e-01 -9.11311939e-01
 -5.75636607e-02 -8.92499289e-01
 5.18574153e-02 -8.74411050e-01
 7.43827399e-02 -8.56999964e-01
 9.67113414e-02 -8.40222430e-01
 2.71571191e-02 -8.24038134e-01
 3.86249928e-02 -8.08409721e-01
 1.27302929e-01 -7.93302505e-01
 1.75654437e-01 -7.78684210e-01
 1.07460287e-01 -7.64524737e-01
 1.31444007e-01 -7.50795960e-01
 1.70387665e-01 -7.37471534e-01
 1.63210166e-01 -7.24526734e-01
 2.47402724e-01 -7.11938301e-01
 2.27780327e-01 -6.99684300e-01
 2.59559348e-01 -6.87744005e-01
 2.31714566e-01 -6.76097774e-01
 3.25307693e-01 -6.64726952e-01
 2.62733415e-01 -6.53613774e-01
 2.88563385e-01 -6.42741273e-01
 3.13519972e-01 -6.32093204e-01
 4.39988062e-01 -6.21653960e-01
 3.59174633e-01 -6.11408506e-01
 2.92086888e-01 -6.01342312e-01
 3.97493765e-01 -5.91441283e-01
 3.96655114e-01 -5.81691708e-01
 3.69453823e-01 -5.72080191e-01
 5.60746858e-01 -5.62593603e-01
 4.31981355e-01 -5.53219024e-01
 4.59984598e-01 -5.43943690e-01
 5.67751506e-01 -5.34754937e-01
 4.85937398e-01 -5.25640154e-01
 5.86700443e-01 -5.16586725e-01
 6.54187704e-01 -5.07581978e-01
 6.29573263e-01 -4.98613129e-01
 6.59016514e-01 -4.89667228e-01
 6.51504998e-01 -4.80731099e-01
 6.84524597e-01 -4.71791285e-01
 6.94746624e-01 -4.62833978e-01
 7.43356607e-01 -4.53844961e-01
 8.19218035e-01 -4.44809537e-01
 7.37742002e-01 -4.35712457e-01
 8.65722318e-01 -4.26537844e-01
 8.42402107e-01 -4.17269118e-01
 8.91172619e-01 -4.07888906e-01
 9.32827555e-01 -3.98378966e-01
 1.03502005e+00 -3.88720090e-01
 9.82465287e-01 -3.78892022e-01
 1.20052552e+00 -3.68873369e-01
 1.01175698e+00 -3.58641518e-01
 1.29259568e+00 -3.48172569e-01
 1.26316513e+00 -3.37441280e-01
 1.24854520e+00 -3.26421049e-01
 1.29555301e+00 -3.15083944e-01
 1.38211246e+00 -3.03400807e-01
 1.53389556e+00 -2.91341470e-01
 1.52455145e+00 -2.78875152e-01
 1.68082606e+00 -2.65971096e-01
 1.62194772e+00 -2.52599600e-01
 1.78287974e+00 -2.38733609e-01
 1.96603776e+00 -2.24351169e-01
 2.07558382e+00 -2.09439172e-01
 2.09247321e+00 -1.93999089e-01
 2.25821999e+00 -1.78055762e-01
 2.33029553e+00 -1.61671005e-01
 2.53994476e+00 -1.44964845e-01
 2.70438319e+00 -1.28149177e-01
 2.88039184e+00 -1.11581956e-01
 3.08593272e+00 -9.58562798e-02
 3.54355890e+00 -8.19503364e-02
 3.85037735e+00 -7.14871036e-02
 4.12742182e+00 -6.71994203e-02
 4.64999718e+00 -7.37965356e-02
 5.24189526e+00 -9.96567875e-02
 6.06435702e+00 -1.60326907e-01
 6.91071123e+00 -2.86270993e-01
 8.23235273e+00 -5.41536760e-01
 1.00180430e+01 -1.07362327e+00
 1.27916360e+01 -2.26441661e+00
 1.67613278e+01 -5.25060544e+00
 2.15632426e+01 -1.36851288e+01
 1.53297577e+01 -3.19491941e+01
 -8.38530717e+00 -3.07726079e+01
 -1.37806276e+01 -1.72418358e+01
 -1.20641978e+01 -1.03167266e+01
 -1.01267629e+01 -7.00023149e+00
 -8.34739167e+00 -5.21069682e+00
 -7.30151881e+00 -4.13570905e+00
 -6.27215070e+00 -3.43501702e+00
 -5.55361024e+00 -2.94924800e+00
 -5.12166644e+00 -2.59612393e+00
 -4.46709291e+00 -2.32967718e+00
 -4.19313266e+00 -2.12253306e+00
 -3.82650974e+00 -1.95751653e+00
 -3.58117545e+00 -1.82337634e+00
 -3.34001403e+00 -1.71246996e+00
 -3.13724380e+00 -1.61944394e+00
 -2.96620860e+00 -1.54044790e+00
 -2.73347618e+00 -1.47264836e+00
 -2.68352557e+00 -1.41391806e+00
 -2.53315410e+00 -1.36263144e+00
 -2.38153696e+00 -1.31752678e+00
 -2.25572673e+00 -1.27761096e+00
 -2.23094559e+00 -1.24209246e+00
 -2.20520477e+00 -1.21033321e+00
 -2.12884761e+00 -1.18181360e+00
 -1.99570224e+00 -1.15610653e+00
 -1.88247269e+00 -1.13285793e+00
 -1.88946239e+00 -1.11177202e+00
 -1.80006322e+00 -1.09259994e+00
 -1.76166387e+00 -1.07513094e+00
 -1.60099402e+00 -1.05918547e+00
 -1.56693356e+00 -1.04460976e+00
 -1.54675249e+00 -1.03127138e+00
 -1.53098503e+00 -1.01905580e+00
 -1.49228846e+00 -1.00786356e+00
 -1.38079389e+00 -9.97607903e-01
 -1.38512582e+00 -9.88212924e-01
 -1.37213334e+00 -9.79611990e-01
 -1.41949838e+00 -9.71746438e-01
 -1.33962582e+00 -9.64564501e-01
 -1.29909807e+00 -9.58020388e-01
 -1.21428618e+00 -9.52073531e-01
 -1.25979356e+00 -9.46687932e-01
 -1.19618824e+00 -9.41831617e-01
 -1.17641126e+00 -9.37476169e-01
 -1.20930192e+00 -9.33596332e-01
 -1.18295741e+00 -9.30169664e-01
 -1.02710116e+00 -9.27176250e-01
 -1.02399512e+00 -9.24598447e-01
 -1.11498248e+00 -9.22420667e-01
 -1.08172640e+00 -9.20629192e-01
 -1.10833876e+00 -9.19212010e-01
 -1.04679963e+00 -9.18158679e-01
 -1.00890567e+00 -9.17460208e-01
 -9.87038316e-01 -9.17108952e-01
 -1.03157817e+00 -9.17098526e-01
 -9.43343776e-01 -9.17423734e-01
 -9.00576463e-01 -9.18080504e-01
 -9.34408816e-01 -9.19065841e-01
 -1.00554757e+00 -9.20377780e-01
 -8.17705330e-01 -9.22015362e-01
 -9.25657280e-01 -9.23978604e-01
 -9.03012695e-01 -9.26268488e-01
 -8.01985230e-01 -9.28886953e-01
 -9.15266591e-01 -9.31836892e-01
 -8.23830317e-01 -9.35122165e-01
 -8.79696807e-01 -9.38747608e-01
 -7.24191331e-01 -9.42719062e-01
 -7.54165589e-01 -9.47043394e-01
 -7.73904409e-01 -9.51728546e-01
 -7.24161835e-01 -9.56783573e-01
 -8.01063211e-01 -9.62218703e-01
 -7.94562055e-01 -9.68045402e-01
 -7.62604250e-01 -9.74276449e-01
 -7.99357043e-01 -9.80926025e-01
 -7.18492739e-01 -9.88009814e-01
 -6.81197816e-01 -9.95545118e-01
 -7.17658188e-01 -1.00355099e+00
 -7.07733621e-01 -1.01204837e+00
 -5.60283068e-01 -1.02106029e+00
 -7.14574884e-01 -1.03061203e+00
 -6.27877790e-01 -1.04073134e+00
 -5.83916839e-01 -1.05144873e+00
 -6.95276343e-01 -1.06279770e+00
 -6.60474695e-01 -1.07481513e+00
 -6.23981764e-01 -1.08754158e+00
 -5.03395592e-01 -1.10102179e+00
 -6.67395951e-01 -1.11530513e+00
 -5.60398510e-01 -1.13044617e+00
 -6.17327605e-01 -1.14650537e+00
 -6.14130493e-01 -1.16354981e+00
 -6.28936327e-01 -1.18165409e+00
 -5.67113506e-01 -1.20090136e+00
 -4.43652085e-01 -1.22138458e+00
 -5.39315889e-01 -1.24320790e+00
 -5.75744637e-01 -1.26648839e+00
 -5.40477852e-01 -1.29135807e+00
 -4.39710889e-01 -1.31796628e+00
 -4.14239379e-01 -1.34648265e+00
 -4.36801760e-01 -1.37710054e+00
 -4.65740409e-01 -1.41004132e+00
 -4.04131863e-01 -1.44555961e+00
 -4.61139977e-01 -1.48394964e+00
 -4.11668777e-01 -1.52555324e+00
 -3.92238597e-01 -1.57076981e+00
 -4.09879542e-01 -1.62006881e+00
 -3.54767024e-01 -1.67400581e+00
 -4.06458611e-01 -1.73324296e+00
 -3.40748829e-01 -1.79857568e+00
 -2.84716701e-01 -1.87096771e+00
 -3.53211448e-01 -1.95159776e+00
 -3.11045692e-01 -2.04192247e+00
 -3.64884050e-01 -2.14376263e+00
 -3.26894880e-01 -2.25942341e+00
 -2.56452719e-01 -2.39186483e+00
 -1.46005632e-01 -2.54494880e+00
 -9.69736922e-02 -2.72380516e+00
 -4.88038487e-02 -2.93538789e+00
 -5.75782891e-02 -3.18934486e+00
 -1.19869689e-01 -3.49942056e+00
 -1.77948411e-01 -3.88579781e+00
 -7.14366268e-02 -4.37915003e+00
 -1.36917618e-01 -5.02789427e+00
 -2.89097541e-01 -5.91140946e+00
 -6.17798522e-01 -7.16294917e+00
 -1.54400334e+00 -8.99409785e+00
 -3.95151792e+00 -1.15683311e+01
 -1.02556936e+01 -1.34069209e+01
 -1.87407922e+01 -6.64797816e+00
 -1.58036241e+01 3.33533684e+00
 -1.01157862e+01 5.58031596e+00
 -6.82268895e+00 5.18342588e+00
 -5.12040131e+00 4.44272352e+00
 -4.05924554e+00 3.78176951e+00
 -3.36677286e+00 3.24617379e+00
 -2.92321123e+00 2.81717079e+00
 -2.55991518e+00 2.47048903e+00
 -2.31117649e+00 2.18639364e+00
 -2.11574723e+00 1.95018594e+00
 -1.94767159e+00 1.75110200e+00
 -1.78757042e+00 1.58122276e+00
 -1.71754358e+00 1.43465178e+00
 -1.68160350e+00 1.30693535e+00
 -1.55105208e+00 1.19466007e+00
 -1.53647193e+00 1.09517286e+00
 -1.44168179e+00 1.00638435e+00
 -1.43324863e+00 9.26628882e-01
 -1.41258872e+00 8.54563600e-01
 -1.38140082e+00 7.89094653e-01
 -1.32287646e+00 7.29322500e-01
 -1.38097385e+00 6.74500889e-01
 -1.24265580e+00 6.24005699e-01
 -1.23776125e+00 5.77311041e-01
 -1.23609021e+00 5.33970696e-01
 -1.23083213e+00 4.93603599e-01
 -1.06989165e+00 4.55882350e-01
 -1.26768017e+00 4.20524064e-01
 -1.14744844e+00 3.87283016e-01
 -1.14408999e+00 3.55944691e-01
 -1.04936800e+00 3.26320929e-01
 -1.15784826e+00 2.98245947e-01
 -1.15278349e+00 2.71573047e-01
 -1.07924967e+00 2.46171890e-01
 -1.03479446e+00 2.21926213e-01
 -1.00551927e+00 1.98731917e-01
 -1.11986306e+00 1.76495449e-01
 -1.13187551e+00 1.55132434e-01
 -1.11449000e+00 1.34566507e-01
 -1.09326767e+00 1.14728317e-01
 -1.12854456e+00 9.55546644e-02
 -1.11560618e+00 7.69877663e-02
 -9.69166594e-01 5.89746112e-02
 -1.09674203e+00 4.14664026e-02
 -1.07791795e+00 2.44180710e-02
 -1.07135342e+00 7.78784723e-03
 -1.00914647e+00 -8.46311415e-03
 -1.06029095e+00 -2.43710673e-02
 -1.07730597e+00 -3.99699703e-02
 -1.03663953e+00 -5.52917481e-02
 -1.03662115e+00 -7.03665283e-02
 -1.03316154e+00 -8.52228531e-02
 -1.07129508e+00 -9.98878711e-02
 -1.01420018e+00 -1.14387511e-01
 -1.00482460e+00 -1.28746642e-01
 -1.01807094e+00 -1.42989219e-01
 -1.05034826e+00 -1.57138419e-01
 -1.04579159e+00 -1.71216769e-01
 -1.05400327e+00 -1.85246261e-01
 -1.01002300e+00 -1.99248470e-01
 -1.00722967e+00 -2.13244658e-01
 -1.05692059e+00 -2.27255877e-01
 -1.12124044e+00 -2.41303075e-01
 -1.20881702e+00 -2.55407191e-01
 -1.18319173e+00 -2.69589254e-01
 -1.16038991e+00 -2.83870485e-01
 -1.07809214e+00 -2.98272392e-01
 -1.06152243e+00 -3.12816877e-01
 -1.12698028e+00 -3.27526339e-01
 -1.18655993e+00 -3.42423783e-01
 -1.15339473e+00 -3.57532939e-01
 -1.26484563e+00 -3.72878377e-01
 -1.20488899e+00 -3.88485644e-01
 -1.21788198e+00 -4.04381396e-01
 -1.28825385e+00 -4.20593555e-01
 -1.19744479e+00 -4.37151466e-01
 -1.32680841e+00 -4.54086075e-01
 -1.14807199e+00 -4.71430128e-01
 -1.20776866e+00 -4.89218383e-01
 -1.29251906e+00 -5.07487845e-01
 -1.24849463e+00 -5.26278032e-01
 -1.34474888e+00 -5.45631270e-01
 -1.28390481e+00 -5.65593020e-01
 -1.35742640e+00 -5.86212248e-01
 -1.36541002e+00 -6.07541839e-01
 -1.45193729e+00 -6.29639075e-01
 -1.31741043e+00 -6.52566159e-01
 -1.49385631e+00 -6.76390833e-01
 -1.53264122e+00 -7.01187066e-01
 -1.45424052e+00 -7.27035854e-01
 -1.49151708e+00 -7.54026135e-01
 -1.51256395e+00 -7.82255843e-01
 -1.68721591e+00 -8.11833139e-01
 -1.54824278e+00 -8.42877830e-01
 -1.58420580e+00 -8.75523031e-01
 -1.63580262e+00 -9.09917116e-01
 -1.73641420e+00 -9.46226004e-01
 -1.66913449e+00 -9.84635872e-01
 -1.81372215e+00 -1.02535637e+00
 -1.75934048e+00 -1.06862443e+00
 -1.86115716e+00 -1.11470891e+00
 -2.00754725e+00 -1.16391604e+00
 -2.06236771e+00 -1.21659619e+00
 -1.95809006e+00 -1.27315193e+00
 -2.04219531e+00 -1.33404801e+00
 -2.08366488e+00 -1.39982354e+00
 -2.37603952e+00 -1.47110710e+00
 -2.48318412e+00 -1.54863538e+00
 -2.53504624e+00 -1.63327654e+00
 -2.61539748e+00 -1.72605927e+00
 -2.67490996e+00 -1.82820921e+00
 -2.87324907e+00 -1.94119434e+00
 -3.10346727e+00 -2.06678114e+00
 -3.29505829e+00 -2.20710268e+00
 -3.53630301e+00 -2.36473758e+00
 -3.87217279e+00 -2.54279249e+00
 -4.14356873e+00 -2.74496421e+00
 -4.72295457e+00 -2.97551475e+00
 -5.20475999e+00 -3.23898121e+00
 -5.74795593e+00 -3.53914258e+00
 -6.71250659e+00 -3.87591455e+00
 -7.93523400e+00 -4.23626846e+00
 -9.67497354e+00 -4.56681549e+00
 -1.21937945e+01 -4.68544345e+00
 -1.62861125e+01 -3.97503909e+00
 -2.23060115e+01 -3.46990643e-01
 -2.68754574e+01 1.10814590e+01
 -1.72015533e+01 2.47710660e+01
 -3.54202990e+00 2.34497905e+01
 1.92744587e+00 1.74576880e+01
 3.35183650e+00 1.30448300e+01
 3.58117250e+00 1.01746004e+01
 3.40129210e+00 8.25742963e+00
 3.14769002e+00 6.91584518e+00
 2.91466595e+00 5.93556507e+00
 2.65801669e+00 5.19275250e+00
 2.47438151e+00 4.61273861e+00
 2.15608466e+00 4.14847591e+00
 2.07207748e+00 3.76910813e+00
 1.76043846e+00 3.45367266e+00
 1.65965939e+00 3.18748539e+00
 1.60139459e+00 2.95998262e+00
 1.42150780e+00 2.76338620e+00
 1.21607481e+00 2.59185099e+00
 1.21220518e+00 2.44090476e+00
 1.10840500e+00 2.30707064e+00
 1.09978821e+00 2.18760681e+00
 9.24634628e-01 2.08032328e+00
 9.48258952e-01 1.98345055e+00
 7.73127381e-01 1.89554387e+00
 8.07681651e-01 1.81541241e+00
 7.95775305e-01 1.74206606e+00
 7.63458647e-01 1.67467505e+00
 5.99745148e-01 1.61253886e+00
 5.82543374e-01 1.55506211e+00
 5.10569398e-01 1.50173558e+00
 5.28554150e-01 1.45212123e+00
 3.73886621e-01 1.40584022e+00
 5.08290339e-01 1.36256323e+00
 4.26340511e-01 1.32200263e+00
 3.62375229e-01 1.28390613e+00
 3.65784928e-01 1.24805148e+00
 3.26361564e-01 1.21424213e+00
 1.91419045e-01 1.18230363e+00
 2.70122731e-01 1.15208059e+00
 2.30615780e-01 1.12343415e+00
 2.31379727e-01 1.09623981e+00
 2.65706374e-01 1.07038563e+00
 2.39776991e-01 1.04577067e+00
 2.07907118e-01 1.02230364e+00
 1.04455183e-01 9.99901803e-01
 9.70013912e-02 9.78489948e-01
 6.99265140e-02 9.57999551e-01
 7.20628794e-02 9.38368040e-01
 1.06231177e-01 9.19538144e-01
 -3.92096590e-03 9.01457330e-01
 -1.27973692e-02 8.84077311e-01
 -3.56096661e-02 8.67353608e-01
 -3.16737961e-02 8.51245166e-01
 -8.88236501e-02 8.35714020e-01
 -6.79533428e-02 8.20724991e-01
 -1.01118180e-01 8.06245415e-01
 -1.29084259e-01 7.92244915e-01
 -1.08524533e-01 7.78695176e-01
 -1.97340199e-02 7.65569765e-01
 -1.21964612e-01 7.52843954e-01
 -2.07366384e-01 7.40494567e-01
 -2.35653837e-01 7.28499843e-01
 -1.53217236e-01 7.16839308e-01
 -2.35922786e-01 7.05493662e-01
 -2.56466009e-01 6.94444679e-01
 -1.62457696e-01 6.83675106e-01
 -2.31053746e-01 6.73168584e-01
 -2.54902848e-01 6.62909565e-01
 -3.22010618e-01 6.52883243e-01
 -3.31107318e-01 6.43075484e-01
 -3.33203321e-01 6.33472770e-01
 -3.77608250e-01 6.24062137e-01
 -4.13260502e-01 6.14831128e-01
 -4.80314927e-01 6.05767743e-01
 -3.76280490e-01 5.96860392e-01
 -4.22589081e-01 5.88097859e-01
 -4.47510012e-01 5.79469258e-01
 -4.48467952e-01 5.70964001e-01
 -4.75452970e-01 5.62571763e-01
 -4.94926233e-01 5.54282455e-01
 -6.07721529e-01 5.46086194e-01
 -5.29220000e-01 5.37973281e-01
 -5.79302076e-01 5.29934178e-01
 -6.27791463e-01 5.21959493e-01
 -5.90691335e-01 5.14039963e-01
 -7.20295819e-01 5.06166451e-01
 -6.86019475e-01 4.98329939e-01
 -7.16995621e-01 4.90521534e-01
 -8.15790699e-01 4.82732482e-01
 -8.16875140e-01 4.74954193e-01
 -8.42698753e-01 4.67178279e-01
 -8.99950327e-01 4.59396611e-01
 -9.39327872e-01 4.51601401e-01
 -9.21186614e-01 4.43785310e-01
 -1.00819456e+00 4.35941596e-01
 -1.10118452e+00 4.28064312e-01
 -1.09006866e+00 4.20148575e-01
 -1.08786099e+00 4.12190910e-01
 -1.08938029e+00 4.04189715e-01
 -1.22313494e+00 3.96145880e-01
 -1.34244749e+00 3.88063600e-01
 -1.36456109e+00 3.79951465e-01
 -1.43175911e+00 3.71823918e-01
 -1.53141448e+00 3.63703220e-01
 -1.48286306e+00 3.55622103e-01
 -1.68884789e+00 3.47627401e-01
 -1.74004368e+00 3.39785034e-01
 -1.79580621e+00 3.32186934e-01
 -1.98899113e+00 3.24960761e-01
 -1.98476756e+00 3.18283688e-01
 -2.24450799e+00 3.12402223e-01
 -2.29889629e+00 3.07661119e-01
 -2.48711999e+00 3.04546210e-01
 -2.73085257e+00 3.03749063e-01
 -2.91019982e+00 3.06266481e-01
 -3.09865732e+00 3.13557189e-01
 -3.34470575e+00 3.27794904e-01
 -3.73466620e+00 3.52289053e-01
 -4.08116311e+00 3.92207619e-01
 -4.56131670e+00 4.55866735e-01
 -5.08647072e+00 5.57133307e-01
 -5.78337695e+00 7.20130302e-01
 -6.59657348e+00 9.88994520e-01
 -7.81538889e+00 1.44945719e+00
 -9.23599128e+00 2.27990214e+00
 -1.13070730e+01 3.87864794e+00
 -1.37105371e+01 7.16697334e+00
 -1.49775295e+01 1.38967941e+01
 -9.26154701e+00 2.32540375e+01
 3.46201933e+00 2.37941734e+01
 9.30645041e+00 1.65327718e+01
 9.68596574e+00 1.08830979e+01
 8.81315909e+00 7.60633918e+00
 7.69090030e+00 5.68689779e+00
 6.78776270e+00 4.49169287e+00
 6.02819557e+00 3.70080193e+00
 5.36135370e+00 3.14978777e+00
 4.92225864e+00 2.74934788e+00
 4.50157551e+00 2.44811884e+00
 4.16594092e+00 2.21498844e+00
 3.78898945e+00 2.03024462e+00
 3.48571026e+00 1.88090577e+00
 3.28580560e+00 1.75813308e+00
 3.16000704e+00 1.65573250e+00
 2.90208607e+00 1.56925303e+00
 2.82748618e+00 1.49542501e+00
 2.61767439e+00 1.43179958e+00
 2.54713483e+00 1.37651068e+00
 2.36608277e+00 1.32811439e+00
 2.27528329e+00 1.28547790e+00
 2.23790142e+00 1.24770136e+00
 2.09686434e+00 1.21406189e+00
 2.06574917e+00 1.18397283e+00
 2.01363600e+00 1.15695360e+00
 1.76172628e+00 1.13260718e+00
 1.86000799e+00 1.11060300e+00
 1.77692269e+00 1.09066383e+00
 1.69290430e+00 1.07255568e+00
 1.67503155e+00 1.05607981e+00
 1.63890140e+00 1.04106652e+00
 1.57828358e+00 1.02737011e+00
 1.56173245e+00 1.01486496e+00
 1.54463305e+00 1.00344223e+00
 1.37031732e+00 9.93007276e-01
 1.33272417e+00 9.83477505e-01
 1.38966833e+00 9.74780589e-01
 1.34979283e+00 9.66853011e-01
 1.34403353e+00 9.59638847e-01
 1.23245839e+00 9.53088746e-01
 1.31725137e+00 9.47159075e-01
 1.30408874e+00 9.41811200e-01
 1.18551872e+00 9.37010871e-01
 1.24798726e+00 9.32727709e-01
 1.07660821e+00 9.28934756e-01
 1.09004035e+00 9.25608104e-01
 1.16141193e+00 9.22726567e-01
 1.18211174e+00 9.20271404e-01
 1.10234923e+00 9.18226080e-01
 1.03045598e+00 9.16576058e-01
 1.10377983e+00 9.15308627e-01
 9.76592237e-01 9.14412744e-01
 1.04797417e+00 9.13878905e-01
 1.02434163e+00 9.13699035e-01
 9.07284971e-01 9.13866389e-01
 9.79815788e-01 9.14375472e-01
 9.92798844e-01 9.15221973e-01
 9.52616666e-01 9.16402707e-01
 9.51434464e-01 9.17915570e-01
 9.31618496e-01 9.19759502e-01
 9.10324779e-01 9.21934464e-01
 9.27050288e-01 9.24441415e-01
 9.20507128e-01 9.27282308e-01
 9.12336265e-01 9.30460083e-01
 8.44690434e-01 9.33978676e-01
 8.16185180e-01 9.37843033e-01
 8.00405833e-01 9.42059130e-01
 8.15555288e-01 9.46634002e-01
 7.91662295e-01 9.51575783e-01
 6.98942750e-01 9.56893752e-01
 8.04361992e-01 9.62598387e-01
 8.91407455e-01 9.68701435e-01
 7.17946313e-01 9.75215984e-01
 7.22684132e-01 9.82156557e-01
 7.46203698e-01 9.89539208e-01
 6.87581010e-01 9.97381643e-01
 7.97798187e-01 1.00570335e+00
 7.84166430e-01 1.01452576e+00
 7.90440600e-01 1.02387241e+00
 6.69642363e-01 1.03376911e+00
 8.13471997e-01 1.04424425e+00
 7.41100416e-01 1.05532895e+00
 6.47618104e-01 1.06705742e+00
 7.31217501e-01 1.07946727e+00
 7.22800383e-01 1.09259987e+00
 6.69992539e-01 1.10650082e+00
 6.09986355e-01 1.12122039e+00
 6.31143556e-01 1.13681416e+00
 6.30210404e-01 1.15334363e+00
 5.87445895e-01 1.17087703e+00
 6.64480837e-01 1.18949014e+00
 6.29224991e-01 1.20926744e+00
 5.50368225e-01 1.23030322e+00
 5.64734331e-01 1.25270311e+00
 5.44329911e-01 1.27658568e+00
 5.30774059e-01 1.30208455e+00
 5.29705033e-01 1.32935074e+00
 5.80156573e-01 1.35855552e+00
 6.23611046e-01 1.38989397e+00
 5.72977638e-01 1.42358907e+00
 5.22232457e-01 1.45989695e+00
 4.77209569e-01 1.49911308e+00
 4.89691024e-01 1.54158014e+00
 4.73807332e-01 1.58769769e+00
 4.76950934e-01 1.63793436e+00
 4.56071297e-01 1.69284330e+00
 5.17291431e-01 1.75308191e+00
 4.71175532e-01 1.81943732e+00
 3.98614449e-01 1.89285968e+00
 4.09645546e-01 1.97450607e+00
 4.01764764e-01 2.06579925e+00
 3.53716798e-01 2.16850724e+00
 3.26084481e-01 2.28485286e+00
 4.12329461e-01 2.41766670e+00
 3.58540392e-01 2.57060463e+00
 3.54908373e-01 2.74846279e+00
 3.11716126e-01 2.95764237e+00
 4.40194923e-01 3.20684926e+00
 4.43788300e-01 3.50816692e+00
 4.03576378e-01 3.87872429e+00
 7.29541612e-01 4.34329115e+00
 7.66873063e-01 4.93816735e+00
 1.12062877e+00 5.71606560e+00
 1.59755362e+00 6.74700631e+00
 2.76038548e+00 8.08443557e+00
 5.12113467e+00 9.53772864e+00
 9.68911144e+00 9.69736669e+00
 1.45390596e+01 5.24080848e+00
 1.36928675e+01 -1.33791134e+00
 9.95045975e+00 -4.16760724e+00
 7.05267807e+00 -4.51213236e+00
 5.30071487e+00 -4.14209759e+00
 4.27152195e+00 -3.65592502e+00
 3.45837649e+00 -3.20619656e+00
 2.98129760e+00 -2.82144480e+00
 2.61503099e+00 -2.49838731e+00
 2.31391524e+00 -2.22711955e+00
 2.02758488e+00 -1.99782502e+00
 2.01421907e+00 -1.80229665e+00
 1.83445247e+00 -1.63401670e+00
 1.67578459e+00 -1.48788650e+00
 1.58534912e+00 -1.35992101e+00
 1.66150111e+00 -1.24698917e+00
 1.54782074e+00 -1.14661142e+00
 1.45617321e+00 -1.05680651e+00
 1.47174333e+00 -9.75976791e-01
 1.38847696e+00 -9.02822266e-01
 1.33869899e+00 -8.36275955e-01
 1.36000104e+00 -7.75454896e-01
 1.42274989e+00 -7.19622727e-01
 1.22977814e+00 -6.68160857e-01
 1.28376890e+00 -6.20546068e-01
 1.22600576e+00 -5.76332963e-01
 1.22140262e+00 -5.35140100e-01
 1.19204709e+00 -4.96638955e-01
 1.18145423e+00 -4.60545062e-01
 1.11260431e+00 -4.26610864e-01
 1.19633144e+00 -3.94619891e-01
 1.11295349e+00 -3.64381997e-01
 1.08827091e+00 -3.35729435e-01
 1.11428356e+00 -3.08513612e-01
 1.08200258e+00 -2.82602378e-01
 1.01543648e+00 -2.57877757e-01
 1.12804542e+00 -2.34234044e-01
 1.06732667e+00 -2.11576188e-01
 1.04395644e+00 -1.89818424e-01
 1.08223486e+00 -1.68883102e-01
 1.00599760e+00 -1.48699683e-01
 1.04237748e+00 -1.29203880e-01
 1.07812409e+00 -1.10336911e-01
 1.04620021e+00 -9.20448534e-02
 1.06856247e+00 -7.42780804e-02
 1.06029506e+00 -5.69907702e-02
 9.96096221e-01 -4.01404738e-02
 1.13738676e+00 -2.36877350e-02
 1.08524615e+00 -7.59575462e-03
 1.09396473e+00 8.16990824e-03
 9.72812410e-01 2.36416019e-02
 1.00789622e+00 3.88498205e-02
 1.07694067e+00 5.38234175e-02
 1.07063025e+00 6.85897998e-02
 1.04654195e+00 8.31751029e-02
 1.06858537e+00 9.76043517e-02
 1.03380379e+00 1.11901607e-01
 1.04002425e+00 1.26090104e-01
 1.10706300e+00 1.40192373e-01
 1.17998629e+00 1.54230367e-01
 1.12697845e+00 1.68225565e-01
 1.06203027e+00 1.82199086e-01
 1.07328355e+00 1.96171783e-01
 1.00208051e+00 2.10164352e-01
 1.11807386e+00 2.24197421e-01
 1.09624745e+00 2.38291651e-01
 1.19307974e+00 2.52467828e-01
 1.13691276e+00 2.66746961e-01
 1.16301801e+00 2.81150380e-01
 1.14054112e+00 2.95699834e-01
 1.15919769e+00 3.10417597e-01
 1.14719387e+00 3.25326577e-01
 1.11861760e+00 3.40450425e-01
 1.21872821e+00 3.55813661e-01
 1.24010320e+00 3.71441799e-01
 1.23471159e+00 3.87361486e-01
 1.18458375e+00 4.03600651e-01
 1.23865025e+00 4.20188670e-01
 1.17834075e+00 4.37156537e-01
 1.19840098e+00 4.54537063e-01
 1.16503649e+00 4.72365088e-01
 1.39115442e+00 4.90677717e-01
 1.22585356e+00 5.09514582e-01
 1.29136967e+00 5.28918137e-01
 1.29045157e+00 5.48933982e-01
 1.36052528e+00 5.69611231e-01
 1.42541651e+00 5.91002924e-01
 1.37681512e+00 6.13166497e-01
 1.54397787e+00 6.36164305e-01
 1.43267759e+00 6.60064225e-01
 1.54316344e+00 6.84940341e-01
 1.53042724e+00 7.10873719e-01
 1.53271640e+00 7.37953315e-01
 1.59887418e+00 7.66276992e-01
 1.51090182e+00 7.95952723e-01
 1.68424816e+00 8.27099959e-01
 1.68997621e+00 8.59851231e-01
 1.65342467e+00 8.94354015e-01
 1.60423232e+00 9.30772905e-01
 1.70104090e+00 9.69292170e-01
 1.79566451e+00 1.01011875e+00
 1.88044863e+00 1.05348581e+00
 1.92298655e+00 1.09965692e+00
 2.05095536e+00 1.14893099e+00
 2.13282289e+00 1.20164824e+00
 2.04822592e+00 1.25819714e+00
 2.24349321e+00 1.31902278e+00
 2.26369905e+00 1.38463676e+00
 2.48708518e+00 1.45562885e+00
 2.65357609e+00 1.53268063e+00
 2.56864771e+00 1.61658108e+00
 2.87488706e+00 1.70824399e+00
 2.97058797e+00 1.80872577e+00
 3.22340375e+00 1.91924139e+00
 3.37222229e+00 2.04117204e+00
 3.64547094e+00 2.17605175e+00
 3.94091830e+00 2.32550525e+00
 4.28387099e+00 2.49107763e+00
 4.70942907e+00 2.67382631e+00
 5.30442121e+00 2.87338343e+00
 5.85360740e+00 3.08580636e+00
 6.96270013e+00 3.29854360e+00
 8.03942971e+00 3.47819252e+00
 9.59932725e+00 3.53925263e+00
 1.18619352e+01 3.26051182e+00
 1.50690701e+01 2.05964387e+00
 1.91347929e+01 -1.50262941e+00
 2.14371909e+01 -9.54452169e+00
 1.59265102e+01 -1.88266583e+01
 6.19135842e+00 -2.03384268e+01
 2.46710603e-01 -1.67901851e+01
 -2.08807296e+00 -1.31488091e+01
 -2.74544873e+00 -1.04560900e+01
 -2.83813113e+00 -8.55030243e+00
 -2.84275151e+00 -7.17871384e+00
 -2.57624582e+00 -6.16228688e+00
 -2.51447727e+00 -5.38666248e+00
 -2.27475980e+00 -4.77907318e+00
 -2.19529120e+00 -4.29219868e+00
 -1.87304099e+00 -3.89439334e+00
 -1.80528619e+00 -3.56389076e+00
 -1.73898671e+00 -3.28532199e+00
 -1.52469606e+00 -3.04757411e+00
 -1.46333801e+00 -2.84243828e+00
 -1.27318657e+00 -2.66373392e+00
 -1.22535159e+00 -2.50672735e+00
 -1.17830932e+00 -2.36773704e+00
 -1.15976989e+00 -2.24385995e+00
 -1.03626809e+00 -2.13277822e+00
 -9.95685694e-01 -2.03262016e+00
 -8.43961383e-01 -1.94185880e+00
 -8.76932579e-01 -1.85923660e+00
 -8.39076699e-01 -1.78370904e+00
 -7.59779639e-01 -1.71440160e+00
 -6.10399077e-01 -1.65057678e+00
 -6.43578636e-01 -1.59160843e+00
 -6.50451805e-01 -1.53696160e+00
 -5.19342813e-01 -1.48617660e+00
 -5.52733148e-01 -1.43885629e+00
 -4.44442060e-01 -1.39465583e+00
 -5.27789932e-01 -1.35327436e+00
 -4.98865743e-01 -1.31444823e+00
 -3.47868897e-01 -1.27794546e+00
 -3.96842621e-01 -1.24356111e+00
 -3.60159676e-01 -1.21111344e+00
 -2.91682283e-01 -1.18044077e+00
 -2.11087227e-01 -1.15139875e+00
 -2.04987465e-01 -1.12385809e+00
 -2.01849832e-01 -1.09770269e+00
 -1.97435278e-01 -1.07282793e+00
 -1.34567358e-01 -1.04913935e+00
 -1.65254648e-01 -1.02655139e+00
 -1.92964882e-01 -1.00498636e+00
 -1.71314496e-01 -9.84373599e-01
 -1.15998785e-01 -9.64648626e-01
 -4.82478087e-02 -9.45752517e-01
 -1.30907673e-01 -9.27631294e-01
 -6.48440890e-02 -9.10235409e-01
 3.80394992e-02 -8.93519296e-01
 1.33839620e-01 -8.77440964e-01
 1.83430633e-02 -8.61961651e-01
 -2.81453968e-02 -8.47045508e-01
 8.22230674e-02 -8.32659320e-01
 4.66990420e-02 -8.18772263e-01
 8.78557463e-02 -8.05355685e-01
 1.15483574e-01 -7.92382904e-01
 1.60803039e-01 -7.79829037e-01
 1.75602218e-01 -7.67670842e-01
 1.63481242e-01 -7.55886572e-01
 2.28512540e-01 -7.44455856e-01
 2.96364454e-01 -7.33359573e-01
 2.54062311e-01 -7.22579760e-01
 2.77801998e-01 -7.12099509e-01
 2.45717850e-01 -7.01902887e-01
 3.50014260e-01 -6.91974860e-01
 3.40644310e-01 -6.82301219e-01
 3.29635217e-01 -6.72868523e-01
 3.38526016e-01 -6.63664042e-01
 2.33245994e-01 -6.54675699e-01
 3.21836587e-01 -6.45892037e-01
 3.45368206e-01 -6.37302164e-01
 3.87068393e-01 -6.28895731e-01
 4.77854649e-01 -6.20662890e-01
 5.20596100e-01 -6.12594274e-01
 4.02298170e-01 -6.04680971e-01
 5.23470799e-01 -5.96914511e-01
 5.11632227e-01 -5.89286849e-01
 6.23254596e-01 -5.81790360e-01
 6.71557648e-01 -5.74417842e-01
 6.28851051e-01 -5.67162515e-01
 6.61282985e-01 -5.60018038e-01
 5.96879206e-01 -5.52978532e-01
 5.84267186e-01 -5.46038612e-01
 5.89091548e-01 -5.39193431e-01
 7.49501514e-01 -5.32438737e-01
 7.79542459e-01 -5.25770957e-01
 7.62813644e-01 -5.19187294e-01
 8.11640273e-01 -5.12685848e-01
 8.60766027e-01 -5.06265787e-01
 9.34322129e-01 -4.99927537e-01
 8.54211588e-01 -4.93673047e-01
 9.86871368e-01 -4.87506100e-01
 9.73262047e-01 -4.81432725e-01
 1.06401290e+00 -4.75461701e-01
 1.05681360e+00 -4.69605210e-01
 1.16038410e+00 -4.63879663e-01
 1.19639659e+00 -4.58306753e-01
 1.22813250e+00 -4.52914821e-01
 1.35967271e+00 -4.47740611e-01
 1.33414692e+00 -4.42831567e-01
 1.38519884e+00 -4.38248837e-01
 1.47441913e+00 -4.34071252e-01
 1.57628226e+00 -4.30400631e-01
 1.62747355e+00 -4.27368912e-01
 1.73475429e+00 -4.25147864e-01
 1.76219427e+00 -4.23962419e-01
 1.97673956e+00 -4.24109233e-01
 2.16778178e+00 -4.25982849e-01
 2.21905760e+00 -4.30113121e-01
 2.36073437e+00 -4.37219591e-01
 2.55449939e+00 -4.48291918e-01
 2.79622401e+00 -4.64711159e-01
 2.96743336e+00 -4.88436618e-01
 3.22419212e+00 -5.22300738e-01
 3.54768793e+00 -5.70487086e-01
 3.97800885e+00 -6.39328739e-01
 4.31360071e+00 -7.38687344e-01
 4.76897275e+00 -8.84426149e-01
 5.37947110e+00 -1.10303236e+00
 6.20460546e+00 -1.44064934e+00
 7.17726484e+00 -1.98152049e+00
 8.33842797e+00 -2.88690560e+00
 9.88101091e+00 -4.47594278e+00
 1.13059638e+01 -7.35911938e+00
 1.16136960e+01 -1.23551792e+01
 7.72009941e+00 -1.85422363e+01
 -6.54034122e-01 -2.01794570e+01
 -6.60463512e+00 -1.59679148e+01
 -8.16072487e+00 -1.12949125e+01
 -7.96756879e+00 -8.10073819e+00
 -7.32274505e+00 -6.08646224e+00
 -6.55052127e+00 -4.79051875e+00
 -5.86356576e+00 -3.92112627e+00
 -5.27185477e+00 -3.31270606e+00
 -4.86185956e+00 -2.87065250e+00
 -4.39049637e+00 -2.53901660e+00
 -4.12137566e+00 -2.28337512e+00
 -3.74005711e+00 -2.08172928e+00
 -3.53173235e+00 -1.91952751e+00
 -3.43005979e+00 -1.78684469e+00
 -3.12614703e+00 -1.67672508e+00
 -2.88859671e+00 -1.58417568e+00
 -2.76613366e+00 -1.50553533e+00
 -2.67178577e+00 -1.43806821e+00
 -2.47594887e+00 -1.37969509e+00
 -2.43999948e+00 -1.32881166e+00
 -2.31289661e+00 -1.28416295e+00
 -2.15009437e+00 -1.24475511e+00
 -2.17952481e+00 -1.20979219e+00
 -1.99076808e+00 -1.17863017e+00
 -1.99679150e+00 -1.15074309e+00
 -1.91972356e+00 -1.12569774e+00
 -1.77456790e+00 -1.10313445e+00
 -1.76365826e+00 -1.08275248e+00
 -1.73860530e+00 -1.06429867e+00
 -1.63446806e+00 -1.04755864e+00
 -1.66516896e+00 -1.03234975e+00
 -1.51711852e+00 -1.01851568e+00
 -1.49750094e+00 -1.00592193e+00
 -1.49912969e+00 -9.94452267e-01
 -1.44266344e+00 -9.84005876e-01
 -1.41856809e+00 -9.74494960e-01
 -1.36608596e+00 -9.65842812e-01
 -1.46478724e+00 -9.57982215e-01
 -1.40847681e+00 -9.50854106e-01
 -1.33767793e+00 -9.44406471e-01
 -1.26060302e+00 -9.38593413e-01
 -1.29690088e+00 -9.33374366e-01
 -1.19211920e+00 -9.28713433e-01
 -1.24365932e+00 -9.24578827e-01
 -1.14986817e+00 -9.20942389e-01
 -1.19967020e+00 -9.17779186e-01
 -1.16217752e+00 -9.15067154e-01
 -1.20221143e+00 -9.12786806e-01
 -1.21464116e+00 -9.10920969e-01
 -1.04049996e+00 -9.09454570e-01
 -1.12329424e+00 -9.08374439e-01
 -1.09215623e+00 -9.07669150e-01
 -1.08465051e+00 -9.07328880e-01
 -1.03558600e+00 -9.07345287e-01
 -1.02054396e+00 -9.07711409e-01
 -1.04192511e+00 -9.08421580e-01
 -9.26733551e-01 -9.09471351e-01
 -1.07001680e+00 -9.10857434e-01
 -9.66941068e-01 -9.12577653e-01
 -8.87870896e-01 -9.14630901e-01
 -9.28687403e-01 -9.17017116e-01
 -9.12352358e-01 -9.19737256e-01
 -9.02751687e-01 -9.22793292e-01
 -8.95235546e-01 -9.26188200e-01
 -8.47843994e-01 -9.29925966e-01
 -9.35386090e-01 -9.34011601e-01
 -8.79761029e-01 -9.38451161e-01
 -8.42495551e-01 -9.43251772e-01
 -8.37798381e-01 -9.48421670e-01
 -9.06847978e-01 -9.53970246e-01
 -8.58125937e-01 -9.59908100e-01
 -7.22325062e-01 -9.66247110e-01
 -8.68137290e-01 -9.73000500e-01
 -7.78791536e-01 -9.80182938e-01
 -7.94221298e-01 -9.87810630e-01
 -7.90371228e-01 -9.95901437e-01
 -7.42668313e-01 -1.00447501e+00
 -7.82240189e-01 -1.01355293e+00
 -8.12560161e-01 -1.02315889e+00
 -8.42081152e-01 -1.03331889e+00
 -7.77116253e-01 -1.04406144e+00
 -6.43537054e-01 -1.05541783e+00
 -6.22003296e-01 -1.06742241e+00
 -7.76590780e-01 -1.08011290e+00
 -7.17214421e-01 -1.09353078e+00
 -5.95550810e-01 -1.10772172e+00
 -7.99937696e-01 -1.12273604e+00
 -6.47098303e-01 -1.13862930e+00
 -7.08941291e-01 -1.15546295e+00
 -5.69652523e-01 -1.17330505e+00
 -7.20523910e-01 -1.19223117e+00
 -6.01448033e-01 -1.21232540e+00
 -6.40660566e-01 -1.23368154e+00
 -7.10146910e-01 -1.25640448e+00
 -6.42043747e-01 -1.28061183e+00
 -5.50841559e-01 -1.30643594e+00
 -6.00719248e-01 -1.33402611e+00
 -4.76497936e-01 -1.36355143e+00
 -6.13341194e-01 -1.39520409e+00
 -7.10986904e-01 -1.42920335e+00
 -6.50977985e-01 -1.46580050e+00
 -5.81636277e-01 -1.50528473e+00
 -5.33482341e-01 -1.54799058e+00
 -6.54487395e-01 -1.59430695e+00
 -5.54701053e-01 -1.64468851e+00
 -4.55495922e-01 -1.69967003e+00
 -5.93692538e-01 -1.75988453e+00
 -5.00837726e-01 -1.82608655e+00
 -4.97733127e-01 -1.89918231e+00
 -5.15211052e-01 -1.98026904e+00
 -5.03959247e-01 -2.07068702e+00
 -6.01983893e-01 -2.17208913e+00
 -5.71310284e-01 -2.28653501e+00
 -5.53919261e-01 -2.41662006e+00
 -5.73875605e-01 -2.56565472e+00
 -5.27353582e-01 -2.73791651e+00
 -6.12941457e-01 -2.93900875e+00
 -7.34983159e-01 -3.17637498e+00
 -6.72125765e-01 -3.46003703e+00
 -8.57910480e-01 -3.80363440e+00
 -8.42488737e-01 -4.22579281e+00
 -1.19910202e+00 -4.75153515e+00
 -1.49131090e+00 -5.41208710e+00
 -2.12562130e+00 -6.23599768e+00
 -3.30517921e+00 -7.20364910e+00
 -5.42473054e+00 -8.06748017e+00
 -8.77224510e+00 -7.84871784e+00
 -1.22741075e+01 -4.77679133e+00
 -1.23893388e+01 1.61378208e-01
 -9.95350727e+00 3.19742923e+00
 -7.28852149e+00 4.05556607e+00
 -5.57207764e+00 3.97847349e+00
 -4.33876832e+00 3.63090557e+00
 -3.58752066e+00 3.24471921e+00
 -3.03040783e+00 2.88856757e+00
 -2.66222362e+00 2.57756673e+00
 -2.36605130e+00 2.31033592e+00
 -2.14619788e+00 2.08114261e+00
 -2.06484673e+00 1.88380513e+00
 -1.75829136e+00 1.71283868e+00
 -1.69674755e+00 1.56368087e+00
 -1.64971224e+00 1.43262622e+00
 -1.45463834e+00 1.31668719e+00
 -1.55016779e+00 1.21345430e+00
 -1.36357174e+00 1.12097635e+00
 -1.38952260e+00 1.03766401e+00
 -1.31322522e+00 9.62213996e-01
 -1.39419051e+00 8.93550107e-01
 -1.30472119e+00 8.30777459e-01
 -1.26398619e+00 7.73146855e-01
 -1.16504169e+00 7.20026953e-01
 -1.16168205e+00 6.70882381e-01
 -1.15886783e+00 6.25256442e-01
 -1.30478815e+00 5.82757344e-01
 -1.14680384e+00 5.43047165e-01
 -1.13870228e+00 5.05832965e-01
 -1.10732619e+00 4.70859563e-01
 -1.17322955e+00 4.37903653e-01
 -1.00881460e+00 4.06768960e-01
 -1.04562353e+00 3.77282246e-01
 -1.12369248e+00 3.49289997e-01
 -1.05374845e+00 3.22655650e-01
 -1.02198355e+00 2.97257272e-01
 -1.07304895e+00 2.72985605e-01
 -1.11507482e+00 2.49742405e-01
 -1.04390687e+00 2.27439035e-01
 -1.08006916e+00 2.05995260e-01
 -1.09944480e+00 1.85338216e-01
 -1.04659896e+00 1.65401520e-01
 -1.10073763e+00 1.46124501e-01
 -1.14364141e+00 1.27451537e-01
 -1.11191946e+00 1.09331468e-01
 -1.06335894e+00 9.17170945e-02
 -1.06679193e+00 7.45647283e-02
 -1.03163005e+00 5.78338015e-02
 -9.83546954e-01 4.14865202e-02
 -1.03683567e+00 2.54875559e-02
 -9.96866771e-01 9.80377236e-03
 -1.04182624e+00 -5.59602032e-03
 -1.00146259e+00 -2.07412854e-02
 -1.09993678e+00 -3.56599583e-02
 -1.14322413e+00 -5.03786268e-02
 -1.13456099e+00 -6.49226950e-02
 -1.02784683e+00 -7.93165339e-02
 -1.14889781e+00 -9.35836197e-02
 -9.91897483e-01 -1.07746662e-01
 -1.04891141e+00 -1.21827726e-01
 -1.10063273e+00 -1.35848341e-01
 -1.04133783e+00 -1.49829610e-01
 -1.07587755e+00 -1.63792315e-01
 -1.16216413e+00 -1.77757007e-01
 -1.09080087e+00 -1.91744111e-01
 -1.17238018e+00 -2.05774014e-01
 -1.18355501e+00 -2.19867158e-01
 -1.11305169e+00 -2.34044139e-01
 -1.07692350e+00 -2.48325792e-01
 -1.16941173e+00 -2.62733295e-01
 -1.22072141e+00 -2.77288261e-01
 -1.08787420e+00 -2.92012843e-01
 -1.11569549e+00 -3.06929842e-01
 -1.16466361e+00 -3.22062815e-01
 -1.18073961e+00 -3.37436197e-01
 -1.28295959e+00 -3.53075425e-01
 -1.23834601e+00 -3.69007081e-01
 -1.32457336e+00 -3.85259031e-01
 -1.26601426e+00 -4.01860590e-01
 -1.25367812e+00 -4.18842696e-01
 -1.30066341e+00 -4.36238102e-01
 -1.27366622e+00 -4.54081586e-01
 -1.30545537e+00 -4.72410181e-01
 -1.24644992e+00 -4.91263439e-01
 -1.42043886e+00 -5.10683714e-01
 -1.32795186e+00 -5.30716483e-01
 -1.42019331e+00 -5.51410708e-01
 -1.34593207e+00 -5.72819234e-01
 -1.50833142e+00 -5.94999247e-01
 -1.44080221e+00 -6.18012783e-01
 -1.46922951e+00 -6.41927311e-01
 -1.57127837e+00 -6.66816391e-01
 -1.44244996e+00 -6.92760420e-01
 -1.65054125e+00 -7.19847489e-01
 -1.59658844e+00 -7.48174363e-01
 -1.71589634e+00 -7.77847594e-01
 -1.73296117e+00 -8.08984815e-01
 -1.69292837e+00 -8.41716215e-01
 -1.80707551e+00 -8.76186246e-01
 -1.87368352e+00 -9.12555595e-01
 -1.85897953e+00 -9.51003457e-01
 -1.95885389e+00 -9.91730165e-01
 -1.94416154e+00 -1.03496022e+00
 -2.06443929e+00 -1.08094580e+00
 -2.09024988e+00 -1.12997076e+00
 -2.20821799e+00 -1.18235517e+00
 -2.35740601e+00 -1.23846052e+00
 -2.41605491e+00 -1.29869529e+00
 -2.51912307e+00 -1.36352104e+00
 -2.56514420e+00 -1.43345835e+00
 -2.60071834e+00 -1.50909202e+00
 -2.88535399e+00 -1.59107396e+00
 -2.99466736e+00 -1.68012078e+00
 -3.24004694e+00 -1.77700073e+00
 -3.44719396e+00 -1.88249983e+00
 -3.65519087e+00 -1.99734741e+00
 -3.97964850e+00 -2.12206380e+00
 -4.31766059e+00 -2.25665522e+00
 -4.73479325e+00 -2.40000500e+00
 -5.25035796e+00 -2.54864315e+00
 -5.90002695e+00 -2.69420308e+00
 -6.72376349e+00 -2.81799852e+00
 -7.84007171e+00 -2.87902904e+00
 -9.24996127e+00 -2.78646556e+00
 -1.12380852e+01 -2.33522336e+00
 -1.38018582e+01 -1.06189962e+00
 -1.66741848e+01 1.98336570e+00
 -1.82683659e+01 7.93293379e+00
 -1.52010148e+01 1.51193688e+01
 -7.86220310e+00 1.79963554e+01
 -2.06841311e+00 1.62233827e+01
 9.32367223e-01 1.32949476e+01
 2.05684765e+00 1.07827130e+01
 2.37785325e+00 8.88544617e+00
 2.55263334e+00 7.47725246e+00
 2.51202389e+00 6.41784738e+00
 2.40173764e+00 5.60356306e+00
 2.19931537e+00 4.96371102e+00
 2.08746647e+00 4.45055251e+00
 1.89064518e+00 4.03144663e+00
 1.72181695e+00 3.68363758e+00
 1.70434053e+00 3.39092354e+00
 1.63501174e+00 3.14152940e+00
 1.42578323e+00 2.92673090e+00
 1.36320753e+00 2.73994867e+00
 1.24204745e+00 2.57614007e+00
 1.19761308e+00 2.43138305e+00
 1.07046180e+00 2.30258612e+00
 9.85128035e-01 2.18728264e+00
 1.05182524e+00 2.08348260e+00
 9.42375001e-01 1.98956416e+00
 9.35848091e-01 1.90419322e+00
 8.61611683e-01 1.82626293e+00
 7.55412652e-01 1.75484780e+00
 7.19433963e-01 1.68916826e+00
 6.98631055e-01 1.62856331e+00
 6.63064449e-01 1.57246891e+00
 6.13134036e-01 1.52040100e+00
 5.70762650e-01 1.47194187e+00
 4.78204243e-01 1.42672927e+00
 4.15935916e-01 1.38444753e+00
 5.47421389e-01 1.34482034e+00
 4.45987119e-01 1.30760487e+00
 3.67038879e-01 1.27258681e+00
 4.87450251e-01 1.23957638e+00
 2.82783891e-01 1.20840488e+00
 2.88689268e-01 1.17892189e+00
 2.94686321e-01 1.15099283e+00
 2.68470071e-01 1.12449697e+00
 1.98982135e-01 1.09932565e+00
 2.42652021e-01 1.07538085e+00
 1.54234201e-01 1.05257391e+00
 2.72414567e-01 1.03082443e+00
 1.78902768e-01 1.01005932e+00
 8.10079955e-02 9.90212016e-01
 1.38522245e-01 9.71221736e-01
 1.53577896e-01 9.53032884e-01
 6.03622941e-02 9.35594496e-01
 -3.83534629e-02 9.18859770e-01
 9.67743381e-02 9.02785646e-01
 -4.88620325e-02 8.87332439e-01
 -7.90914209e-02 8.72463510e-01
 2.40253489e-03 8.58144981e-01
 -7.60580665e-02 8.44345477e-01
 -7.14276572e-02 8.31035897e-01
 -7.08585699e-02 8.18189211e-01
 -1.56168709e-01 8.05780283e-01
 -1.06308372e-01 7.93785699e-01
 -1.30621331e-01 7.82183631e-01
 -1.55264895e-01 7.70953704e-01
 -4.60675897e-02 7.60076874e-01
 -1.71754088e-01 7.49535333e-01
 -2.59501536e-01 7.39312404e-01
 -2.55728951e-01 7.29392466e-01
 -2.37306612e-01 7.19760872e-01
 -2.96655782e-01 7.10403886e-01
 -2.92769510e-01 7.01308619e-01
 -3.26247701e-01 6.92462978e-01
 -2.75250012e-01 6.83855621e-01
 -3.29518047e-01 6.75475912e-01
 -3.34618491e-01 6.67313889e-01
 -4.08801340e-01 6.59360237e-01
 -3.95375678e-01 6.51606261e-01
 -4.08818223e-01 6.44043870e-01
 -3.91352612e-01 6.36665567e-01
 -4.90864843e-01 6.29464443e-01
 -5.05458614e-01 6.22434180e-01
 -5.28269247e-01 6.15569058e-01
 -4.72691857e-01 6.08863976e-01
 -5.16682397e-01 6.02314473e-01
 -5.65877851e-01 5.95916775e-01
 -6.50657899e-01 5.89667835e-01
 -5.70118042e-01 5.83565406e-01
 -6.69824223e-01 5.77608118e-01
 -6.69615751e-01 5.71795580e-01
 -7.05352115e-01 5.66128512e-01
 -7.61234446e-01 5.60608897e-01
 -7.81136128e-01 5.55240176e-01
 -8.41102275e-01 5.50027487e-01
 -8.54301297e-01 5.44977962e-01
 -9.33143611e-01 5.40101079e-01
 -9.17414105e-01 5.35409122e-01
 -9.14845880e-01 5.30917726e-01
 -9.75770148e-01 5.26646576e-01
 -9.59866065e-01 5.22620261e-01
 -1.10023903e+00 5.18869367e-01
 -1.19088194e+00 5.15431838e-01
 -1.23104914e+00 5.12354718e-01
 -1.23327826e+00 5.09696364e-01
 -1.28190743e+00 5.07529304e-01
 -1.31619033e+00 5.05943930e-01
 -1.46982471e+00 5.05053331e-01
 -1.45542875e+00 5.04999648e-01
 -1.61601890e+00 5.05962535e-01
 -1.75424854e+00 5.08170511e-01
 -1.73618458e+00 5.11916380e-01
 -1.95298826e+00 5.17578410e-01
 -2.01139084e+00 5.25649799e-01
 -2.07971062e+00 5.36780252e-01
 -2.25637724e+00 5.51835544e-01
 -2.45259051e+00 5.71984274e-01
 -2.62489561e+00 5.98826571e-01
 -2.92838663e+00 6.34588889e-01
 -3.06886758e+00 6.82425449e-01
 -3.33124251e+00 7.46896192e-01
 -3.77652072e+00 8.34745208e-01
 -4.11334791e+00 9.56206298e-01
 -4.55257227e+00 1.12726324e+00
 -5.06633377e+00 1.37369552e+00
 -5.70608760e+00 1.73856103e+00
 -6.60876732e+00 2.29640130e+00
 -7.45615362e+00 3.18028521e+00
 -8.54921421e+00 4.62956822e+00
 -9.63254034e+00 7.04385109e+00
 -9.64830212e+00 1.08538081e+01
 -6.89943591e+00 1.54560569e+01
 -9.07936611e-01 1.75998569e+01
 4.54012624e+00 1.53499517e+01
 6.83344235e+00 1.15894785e+01
 7.33048644e+00 8.54132361e+00
 6.77750837e+00 6.46101114e+00
 6.30715739e+00 5.07383828e+00
 5.76667948e+00 4.12893478e+00
 5.27561361e+00 3.46419938e+00
 4.75768565e+00 2.98115108e+00
 4.44102075e+00 2.61965167e+00
 4.05114869e+00 2.34205243e+00
 3.82043310e+00 2.12406864e+00
 3.60630324e+00 1.94956269e+00
 3.32557524e+00 1.80750851e+00
 3.07333903e+00 1.69017924e+00
 2.91420385e+00 1.59203487e+00
 2.72970557e+00 1.50902101e+00
 2.71071691e+00 1.43811522e+00
 2.60765932e+00 1.37702663e+00
 2.42315157e+00 1.32399267e+00
 2.34846264e+00 1.27763872e+00
 2.18786667e+00 1.23687943e+00
 2.21405863e+00 1.20084820e+00
 2.08746350e+00 1.16884598e+00
 2.01017592e+00 1.14030354e+00
 1.89741164e+00 1.11475340e+00
 1.84111498e+00 1.09180856e+00
 1.75768260e+00 1.07114635e+00
 1.67990182e+00 1.05249588e+00
 1.71213240e+00 1.03562833e+00
 1.65670607e+00 1.02034932e+00
 1.62216630e+00 1.00649286e+00
 1.54256249e+00 9.93916495e-01
 1.47983631e+00 9.82497412e-01
 1.42946788e+00 9.72129321e-01
 1.45257163e+00 9.62719870e-01
 1.43043714e+00 9.54188545e-01
 1.44542975e+00 9.46464938e-01
 1.34517878e+00 9.39487313e-01
 1.31597939e+00 9.33201402e-01
 1.28669083e+00 9.27559411e-01
 1.32237057e+00 9.22519173e-01
 1.34803879e+00 9.18043441e-01
 1.33686634e+00 9.14099289e-01
 1.07829013e+00 9.10657596e-01
 1.16813557e+00 9.07692615e-01
 1.13352405e+00 9.05181599e-01
 1.18877685e+00 9.03104485e-01
 9.90066240e-01 9.01443619e-01
 1.14949492e+00 9.00183524e-01
 1.10705261e+00 8.99310694e-01
 1.17847250e+00 8.98813427e-01
 1.01854176e+00 8.98681672e-01
 1.06205027e+00 8.98906903e-01
 1.03370799e+00 8.99482013e-01
 1.06303710e+00 9.00401219e-01
 9.29462955e-01 9.01659984e-01
 1.05020733e+00 9.03254957e-01
 9.96086587e-01 9.05183916e-01
 1.03118692e+00 9.07445730e-01
 9.70498635e-01 9.10040322e-01
 1.03714450e+00 9.12968653e-01
 9.09814807e-01 9.16232701e-01
 8.95009419e-01 9.19835464e-01
 9.28935523e-01 9.23780954e-01
 9.36436761e-01 9.28074212e-01
 8.38632531e-01 9.32721329e-01
 9.63857564e-01 9.37729468e-01
 8.64930977e-01 9.43106903e-01
 8.32660499e-01 9.48863062e-01
 8.68649587e-01 9.55008580e-01
 7.81397939e-01 9.61555364e-01
 7.49041895e-01 9.68516666e-01
 8.86271670e-01 9.75907169e-01
 8.09305968e-01 9.83743085e-01
 7.87869942e-01 9.92042272e-01
 8.27336500e-01 1.00082436e+00
 7.79608880e-01 1.01011089e+00
 8.00557767e-01 1.01992549e+00
 8.05153022e-01 1.03029408e+00
 8.52559291e-01 1.04124505e+00
 7.14606143e-01 1.05280951e+00
 7.98609555e-01 1.06502162e+00
 7.60261503e-01 1.07791884e+00
 8.17708521e-01 1.09154232e+00
 8.29316848e-01 1.10593731e+00
 6.77975246e-01 1.12115365e+00
 6.43535536e-01 1.13724628e+00
 6.85423545e-01 1.15427589e+00
 8.01372613e-01 1.17230964e+00
 7.91472212e-01 1.19142198e+00
 6.77647727e-01 1.21169567e+00
 7.23825538e-01 1.23322284e+00
 6.76511950e-01 1.25610639e+00
 6.56729184e-01 1.28046154e+00
 6.66237803e-01 1.30641763e+00
 6.80225132e-01 1.33412036e+00
 6.92474007e-01 1.36373440e+00
 6.25436078e-01 1.39544644e+00
 7.38857627e-01 1.42946905e+00
 6.96714640e-01 1.46604514e+00
 6.35633763e-01 1.50545353e+00
 6.78372360e-01 1.54801571e+00
 7.22353734e-01 1.59410419e+00
 7.37178195e-01 1.64415286e+00
 7.30346882e-01 1.69866993e+00
 6.74468858e-01 1.75825424e+00
 6.31748918e-01 1.82361597e+00
 6.78099267e-01 1.89560315e+00
 6.77219730e-01 1.97523592e+00
 6.13958115e-01 2.06375123e+00
 6.05755487e-01 2.16266164e+00
 6.68612815e-01 2.27383346e+00
 7.45241145e-01 2.39959161e+00
 7.54894496e-01 2.54286127e+00
 7.59343676e-01 2.70736058e+00
 7.96819469e-01 2.89786309e+00
 7.66279768e-01 3.12055212e+00
 1.01672034e+00 3.38348608e+00
 1.12907702e+00 3.69716237e+00
 1.28036247e+00 4.07504427e+00
 1.46979835e+00 4.53349400e+00
 2.01815343e+00 5.08917780e+00
 2.57211273e+00 5.74757176e+00
 3.62283133e+00 6.46251508e+00
 5.39312702e+00 7.01258150e+00
 7.92449243e+00 6.73079556e+00
 1.06195008e+01 4.52012826e+00
 1.15024366e+01 6.56551323e-01
 9.84552724e+00 -2.39593154e+00
 7.62870923e+00 -3.65961662e+00
 5.84028946e+00 -3.85759486e+00
 4.57591780e+00 -3.64595047e+00
 3.68857035e+00 -3.32031149e+00
 3.15026732e+00 -2.98875513e+00
 2.69526196e+00 -2.68563292e+00
 2.43595004e+00 -2.41857992e+00
 2.26878682e+00 -2.18611791e+00
 1.98066599e+00 -1.98410281e+00
 1.84236827e+00 -1.80803350e+00
 1.60619882e+00 -1.65381794e+00
 1.62439818e+00 -1.51796592e+00
 1.51202353e+00 -1.39757708e+00
 1.49843529e+00 -1.29026485e+00
 1.36311389e+00 -1.19406951e+00
 1.40770467e+00 -1.10737875e+00
 1.40160191e+00 -1.02886066e+00
 1.35349857e+00 -9.57409358e-01
 1.24636797e+00 -8.92101426e-01
 1.19583816e+00 -8.32161298e-01
 1.17189769e+00 -7.76933795e-01
 1.27804603e+00 -7.25862279e-01
 1.11128310e+00 -6.78471214e-01
 1.15581179e+00 -6.34352188e-01
 1.19333608e+00 -5.93152647e-01
 1.15185219e+00 -5.54566776e-01
 1.04813102e+00 -5.18328062e-01
 1.01501131e+00 -4.84203210e-01
 1.15388300e+00 -4.51987137e-01
 1.04400103e+00 -4.21498821e-01
 1.11225507e+00 -3.92577856e-01
 1.04741940e+00 -3.65081568e-01
 1.16213540e+00 -3.38882597e-01
 1.05965840e+00 -3.13866851e-01
 1.14653318e+00 -2.89931780e-01
 1.10287091e+00 -2.66984900e-01
 1.05197219e+00 -2.44942539e-01
 1.05695420e+00 -2.23728752e-01
 1.08642177e+00 -2.03274396e-01
 9.24038726e-01 -1.83516326e-01
 1.02229255e+00 -1.64396693e-01
 1.03006803e+00 -1.45862344e-01
 1.02795148e+00 -1.27864284e-01
 1.02022292e+00 -1.10357216e-01
 9.62377781e-01 -9.32991285e-02
 1.01437536e+00 -7.66509337e-02
 1.14174946e+00 -6.03761470e-02
 1.11897150e+00 -4.44406012e-02
 1.03612104e+00 -2.88121912e-02
 1.00362460e+00 -1.34606452e-02
 9.99640018e-01 1.64268177e-03
 9.95943847e-01 1.65249941e-02
 1.06973266e+00 3.12122254e-02
 1.09314796e+00 4.57291937e-02
 1.04097084e+00 6.00997437e-02
 9.52852276e-01 7.43468783e-02
 1.09547476e+00 8.84928812e-02
 1.12633676e+00 1.02559431e-01
 1.05529798e+00 1.16567711e-01
 1.11138492e+00 1.30538509e-01
 1.16296323e+00 1.44492319e-01
 1.13636251e+00 1.58449432e-01
 9.84351130e-01 1.72430034e-01
 1.12448155e+00 1.86454292e-01
 1.11086353e+00 2.00542451e-01
 1.12290569e+00 2.14714915e-01
 1.11782995e+00 2.28992349e-01
 1.10503053e+00 2.43395766e-01
 1.17934451e+00 2.57946626e-01
 1.09891129e+00 2.72666934e-01
 1.24966724e+00 2.87579346e-01
 1.09181042e+00 3.02707279e-01
 1.20440187e+00 3.18075027e-01
 1.31048847e+00 3.33707887e-01
 1.27098175e+00 3.49632291e-01
 1.14601246e+00 3.65875950e-01
 1.23386919e+00 3.82468015e-01
 1.23642130e+00 3.99439241e-01
 1.23380044e+00 4.16822182e-01
 1.31161726e+00 4.34651389e-01
 1.28743699e+00 4.52963641e-01
 1.35968064e+00 4.71798193e-01
 1.35621584e+00 4.91197055e-01
 1.31489430e+00 5.11205301e-01
 1.44525244e+00 5.31871416e-01
 1.43956007e+00 5.53247675e-01
 1.49573365e+00 5.75390585e-01
 1.49442364e+00 5.98361362e-01
 1.53733263e+00 6.22226483e-01
 1.53791613e+00 6.47058302e-01
 1.58353355e+00 6.72935745e-01
 1.64930895e+00 6.99945097e-01
 1.62257369e+00 7.28180897e-01
 1.67232967e+00 7.57746944e-01
 1.72359349e+00 7.88757444e-01
 1.75797836e+00 8.21338305e-01
 1.85082604e+00 8.55628601e-01
 1.83209688e+00 8.91782224e-01
 2.00183324e+00 9.29969731e-01
 2.05477979e+00 9.70380411e-01
 2.04093541e+00 1.01322454e+00
 2.07860504e+00 1.05873586e+00
 2.17715398e+00 1.10717408e+00
 2.22005731e+00 1.15882751e+00
 2.37904889e+00 1.21401529e+00
 2.40496119e+00 1.27308903e+00
 2.67145828e+00 1.33643294e+00
 2.64742698e+00 1.40446123e+00
 2.85740192e+00 1.47761044e+00
 3.14158479e+00 1.55632274e+00
 3.26162187e+00 1.64101335e+00
 3.48526374e+00 1.73200965e+00
 3.72685711e+00 1.82943990e+00
 4.00261888e+00 1.93303054e+00
 4.32099023e+00 2.04173491e+00
 4.70570969e+00 2.15304390e+00
 5.27584947e+00 2.26167975e+00
 5.78547518e+00 2.35705809e+00
 6.61559032e+00 2.41821060e+00
 7.61362640e+00 2.40331954e+00
 8.90463393e+00 2.22762552e+00
 1.05520819e+01 1.71683345e+00
 1.26798107e+01 5.16732575e-01
 1.49215734e+01 -2.01840925e+00
 1.63731199e+01 -6.60358521e+00
 1.44582369e+01 -1.24309239e+01
 9.10590347e+00 -1.59578349e+01
 3.66923536e+00 -1.55897669e+01
 1.84035053e-01 -1.33982941e+01
 -1.42974068e+00 -1.11125025e+01
 -1.93916011e+00 -9.24189979e+00
 -2.36082296e+00 -7.80034161e+00
 -2.36845288e+00 -6.69584644e+00
 -2.27602257e+00 -5.83943792e+00
 -2.11732172e+00 -5.16391841e+00
 -2.10826003e+00 -4.62154140e+00
 -1.95745856e+00 -4.17872550e+00
 -1.81888026e+00 -3.81166776e+00
 -1.76028858e+00 -3.50325103e+00
 -1.67140397e+00 -3.24096039e+00
 -1.48110673e+00 -3.01549129e+00
 -1.36310878e+00 -2.81981386e+00
 -1.35492185e+00 -2.64853612e+00
 -1.19126161e+00 -2.49746423e+00
 -1.15045850e+00 -2.36329400e+00
 -1.11281517e+00 -2.24339119e+00
 -1.05697306e+00 -2.13563276e+00
 -1.03185342e+00 -2.03829050e+00
 -9.64608249e-01 -1.94994462e+00
 -8.29583031e-01 -1.86941873e+00
 -7.97816703e-01 -1.79573054e+00
 -7.43998154e-01 -1.72805380e+00
 -6.83677198e-01 -1.66568884e+00
 -6.46701837e-01 -1.60803948e+00
 -6.41025439e-01 -1.55459474e+00
 -6.11961029e-01 -1.50491429e+00
 -5.99736407e-01 -1.45861673e+00
 -3.87546044e-01 -1.41537013e+00
 -5.27054395e-01 -1.37488435e+00
 -4.15207960e-01 -1.33690466e+00
 -3.73255248e-01 -1.30120657e+00
 -4.35960522e-01 -1.26759149e+00
 -3.95689070e-01 -1.23588310e+00
 -3.89372668e-01 -1.20592437e+00
 -2.53142322e-01 -1.17757498e+00
 -2.61778760e-01 -1.15070916e+00
 -2.43904581e-01 -1.12521387e+00
 -2.81455283e-01 -1.10098727e+00
 -1.86691231e-01 -1.07793730e+00
 -2.50019733e-01 -1.05598060e+00
 -1.73571493e-01 -1.03504148e+00
 -1.57297605e-01 -1.01505110e+00
 -1.69602998e-01 -9.95946657e-01
 -6.35315853e-02 -9.77670787e-01
 -8.40265246e-02 -9.60170977e-01
 -7.62863379e-02 -9.43399069e-01
 -8.27358092e-02 -9.27310819e-01
 -4.07611283e-02 -9.11865515e-01
 -7.16676012e-02 -8.97025632e-01
 -8.51639830e-02 -8.82756535e-01
 1.52672645e-02 -8.69026209e-01
 2.29909213e-02 -8.55805022e-01
 2.71600837e-03 -8.43065514e-01
 3.88236346e-02 -8.30782209e-01
 1.26242083e-01 -8.18931448e-01
 1.60685311e-01 -8.07491239e-01
 9.34259434e-02 -7.96441120e-01
 1.78974369e-01 -7.85762044e-01
 1.13391576e-01 -7.75436270e-01
 1.99238851e-01 -7.65447268e-01
 1.79691761e-01 -7.55779633e-01
 2.07971515e-01 -7.46419013e-01
 2.57865918e-01 -7.37352038e-01
 2.49904734e-01 -7.28566265e-01
 3.05336973e-01 -7.20050125e-01
 2.34710753e-01 -7.11792880e-01
 3.32089229e-01 -7.03784586e-01
 2.50441131e-01 -6.96016066e-01
 3.57462205e-01 -6.88478879e-01
 3.58339772e-01 -6.81165311e-01
 3.89266285e-01 -6.74068361e-01
 3.25551833e-01 -6.67181740e-01
 4.90444431e-01 -6.60499875e-01
 4.62433339e-01 -6.54017920e-01
 4.07666119e-01 -6.47731785e-01
 4.64880619e-01 -6.41638160e-01
 5.37695238e-01 -6.35734565e-01
 4.54779689e-01 -6.30019405e-01
 5.78031850e-01 -6.24492041e-01
 5.46005912e-01 -6.19152881e-01
 5.34095530e-01 -6.14003491e-01
 5.13737800e-01 -6.09046730e-01
 5.87030251e-01 -6.04286916e-01
 6.16851655e-01 -5.99730028e-01
 7.46922688e-01 -5.95383949e-01
 7.29495735e-01 -5.91258763e-01
 8.13618089e-01 -5.87367121e-01
 8.16529237e-01 -5.83724680e-01
 8.98374423e-01 -5.80350643e-01
 9.13972764e-01 -5.77268428e-01
 9.93586972e-01 -5.74506486e-01
 8.90336873e-01 -5.72099313e-01
 1.04297347e+00 -5.70088717e-01
 1.17283428e+00 -5.68525398e-01
 1.07663041e+00 -5.67470938e-01
 1.15446186e+00 -5.67000316e-01
 1.14923653e+00 -5.67205129e-01
 1.42093574e+00 -5.68197711e-01
 1.34039140e+00 -5.70116482e-01
 1.53064737e+00 -5.73132913e-01
 1.49587866e+00 -5.77460722e-01
 1.71043449e+00 -5.83368085e-01
 1.70385782e+00 -5.91194065e-01
 1.83885744e+00 -6.01370945e-01
 1.93981424e+00 -6.14454951e-01
 2.13681423e+00 -6.31169125e-01
 2.20583727e+00 -6.52463957e-01
 2.27133371e+00 -6.79604552e-01
 2.54009013e+00 -7.14298042e-01
 2.65771354e+00 -7.58883363e-01
 2.98986364e+00 -8.16619656e-01
 3.17204915e+00 -8.92134330e-01
 3.46711979e+00 -9.92135893e-01
 3.82639954e+00 -1.12657717e+00
 4.17552230e+00 -1.31060440e+00
 4.72444434e+00 -1.56790976e+00
 5.35997637e+00 -1.93662948e+00
 5.97763745e+00 -2.47983448e+00
 6.71126475e+00 -3.30378001e+00
 7.60390517e+00 -4.58584303e+00
 8.37898223e+00 -6.59508335e+00
 8.37493304e+00 -9.58861652e+00
 6.31433498e+00 -1.32120442e+01
 1.99453577e+00 -1.55220656e+01
 -2.81669267e+00 -1.46223856e+01
 -5.69704146e+00 -1.17513223e+01
 -6.70271802e+00 -8.92993729e+00
 -6.45299075e+00 -6.82091067e+00
 -6.19360934e+00 -5.35350654e+00
 -5.63887883e+00 -4.33495852e+00
 -5.14573862e+00 -3.61332359e+00
 -4.78862550e+00 -3.08834280e+00
 -4.41586044e+00 -2.69623664e+00
 -4.15202892e+00 -2.39620803e+00
 -3.88718070e+00 -2.16164048e+00
 -3.51969258e+00 -1.97474678e+00
 -3.30894017e+00 -1.82334627e+00
 -3.09085083e+00 -1.69890137e+00
 -3.01210287e+00 -1.59529761e+00
 -2.74953313e+00 -1.50806874e+00
 -2.66295214e+00 -1.43389340e+00
 -2.57559508e+00 -1.37026110e+00
 -2.42366457e+00 -1.31524593e+00
 -2.27513094e+00 -1.26735046e+00
 -2.24737930e+00 -1.22539602e+00
 -2.10108130e+00 -1.18844440e+00
 -2.05149708e+00 -1.15574108e+00
 -2.06342505e+00 -1.12667355e+00
 -1.98780670e+00 -1.10074025e+00
 -1.88781726e+00 -1.07752717e+00
 -1.68565533e+00 -1.05669010e+00
 -1.75221415e+00 -1.03794086e+00
 -1.69387300e+00 -1.02103668e+00
 -1.72751569e+00 -1.00577188e+00
 -1.66168922e+00 -9.91971235e-01
 -1.55303904e+00 -9.79484750e-01
 -1.52759624e+00 -9.68183426e-01
 -1.59403993e+00 -9.57955867e-01
 -1.49678884e+00 -9.48705502e-01
 -1.47229989e+00 -9.40348323e-01
 -1.41652347e+00 -9.32811023e-01
 -1.39002101e+00 -9.26029447e-01
 -1.33292042e+00 -9.19947318e-01
 -1.30384143e+00 -9.14515164e-01
 -1.28500337e+00 -9.09689418e-01
 -1.29887265e+00 -9.05431666e-01
 -1.23525159e+00 -9.01708005e-01
 -1.29350520e+00 -8.98488502e-01
 -1.28698082e+00 -8.95746734e-01
 -1.13317415e+00 -8.93459394e-01
 -1.15288843e+00 -8.91605952e-01
 -1.19423538e+00 -8.90168371e-01
 -1.22138675e+00 -8.89130859e-01
 -1.14511343e+00 -8.88479656e-01
 -1.06566440e+00 -8.88202850e-01
 -1.16607720e+00 -8.88290225e-01
 -9.99793333e-01 -8.88733125e-01
 -1.05673819e+00 -8.89524342e-01
 -1.07659207e+00 -8.90658014e-01
 -9.41371379e-01 -8.92129551e-01
 -1.07066349e+00 -8.93935560e-01
 -9.96474698e-01 -8.96073794e-01
 -1.04680180e+00 -8.98543106e-01
 -1.01795700e+00 -9.01343415e-01
 -8.84735993e-01 -9.04475679e-01
 -9.53996637e-01 -9.07941882e-01
 -9.93988512e-01 -9.11745025e-01
 -9.02728206e-01 -9.15889130e-01
 -8.85912211e-01 -9.20379241e-01
 -9.38160682e-01 -9.25221452e-01
 -9.36003079e-01 -9.30422923e-01
 -8.57222524e-01 -9.35991918e-01
 -7.75106037e-01 -9.41937848e-01
 -8.68810011e-01 -9.48271320e-01
 -8.48100116e-01 -9.55004200e-01
 -9.27461166e-01 -9.62149682e-01
 -8.56961601e-01 -9.69722377e-01
 -8.61027510e-01 -9.77738402e-01
 -8.43493856e-01 -9.86215494e-01
 -8.71973482e-01 -9.95173134e-01
 -8.27649218e-01 -1.00463269e+00
 -8.02339617e-01 -1.01461757e+00
 -7.93879507e-01 -1.02515342e+00
 -8.08591597e-01 -1.03626831e+00
 -8.06999082e-01 -1.04799301e+00
 -8.42557545e-01 -1.06036119e+00
 -7.59054134e-01 -1.07340981e+00
 -7.97772796e-01 -1.08717939e+00
 -7.37583725e-01 -1.10171445e+00
 -7.79353668e-01 -1.11706395e+00
 -7.48666143e-01 -1.13328182e+00
 -8.01429018e-01 -1.15042753e+00
 -7.53068187e-01 -1.16856682e+00
 -6.53730179e-01 -1.18777246e+00
 -7.22964427e-01 -1.20812518e+00
 -7.41869772e-01 -1.22971477e+00
 -8.40783460e-01 -1.25264130e+00
 -7.87838908e-01 -1.27701660e+00
 -7.71870808e-01 -1.30296602e+00
 -6.88742740e-01 -1.33063041e+00
 -7.32810653e-01 -1.36016862e+00
 -6.99507518e-01 -1.39176032e+00
 -7.15676516e-01 -1.42560952e+00
 -7.10410633e-01 -1.46194872e+00
 -7.05753127e-01 -1.50104396e+00
 -8.00072162e-01 -1.54320095e+00
 -8.05995220e-01 -1.58877264e+00
 -6.92974972e-01 -1.63816849e+00
 -7.22009782e-01 -1.69186594e+00
 -6.63756975e-01 -1.75042485e+00
 -7.18596520e-01 -1.81450551e+00
 -7.04917982e-01 -1.88489161e+00
 -8.20207645e-01 -1.96251938e+00
 -6.74555813e-01 -2.04851517e+00
 -7.71154410e-01 -2.14424403e+00
 -7.47050895e-01 -2.25137293e+00
 -8.45825599e-01 -2.37195357e+00
 -8.84373073e-01 -2.50853084e+00
 -9.26776996e-01 -2.66428465e+00
 -9.28183106e-01 -2.84321291e+00
 -1.03099017e+00 -3.05036000e+00
 -1.14757056e+00 -3.29207949e+00
 -1.25924826e+00 -3.57627058e+00
 -1.58639702e+00 -3.91238453e+00
 -1.80568632e+00 -4.31058882e+00
 -2.12807171e+00 -4.77832490e+00
 -2.71929247e+00 -5.30927834e+00
 -3.74157881e+00 -5.85137041e+00
 -5.26395150e+00 -6.22384932e+00
 -7.34457422e+00 -5.96177986e+00
 -9.57180009e+00 -4.32289773e+00
 -1.06610624e+01 -1.25290890e+00
 -9.65636709e+00 1.68521742e+00
 -7.78710210e+00 3.26729992e+00
 -5.97630672e+00 3.73771968e+00
 -4.77513974e+00 3.67290749e+00
