 NaN NaN
 4.12720784e+01 1.40121595e+01
 2.12713899e+01 6.83321226e+00
 1.42695497e+01 4.51182308e+00
 1.07726042e+01 3.37121210e+00
 8.71904220e+00 2.69512595e+00
 7.33993485e+00 2.24862454e+00
 6.23478491e+00 1.93217141e+00
 5.44603443e+00 1.69643805e+00
 4.93398941e+00 1.51421531e+00
 4.49780230e+00 1.36927478e+00
 4.05842856e+00 1.25134165e+00
 3.77822625e+00 1.15359624e+00
 3.50790606e+00 1.07133557e+00
 3.25603586e+00 1.00121202e+00
 3.01804580e+00 9.40778370e-01
 2.85183677e+00 8.88204489e-01
 2.74510558e+00 8.42094560e-01
 2.58521548e+00 8.01365642e-01
 2.43440831e+00 7.65164780e-01
 2.31726856e+00 7.32811135e-01
 2.31799941e+00 7.03754740e-01
 2.09759117e+00 6.77546574e-01
 2.07197116e+00 6.53816482e-01
 2.01978126e+00 6.32256648e-01
 1.82526337e+00 6.12609061e-01
 1.89539835e+00 5.94655883e-01
 1.76272488e+00 5.78211975e-01
 1.72566226e+00 5.63119030e-01
 1.64704241e+00 5.49240931e-01
 1.58597773e+00 5.36460038e-01
 1.66360248e+00 5.24674202e-01
 1.46426882e+00 5.13794339e-01
 1.55325587e+00 5.03742453e-01
 1.50903082e+00 4.94450002e-01
 1.43929096e+00 4.85856559e-01
 1.50000220e+00 4.77908682e-01
 1.44868511e+00 4.70558982e-01
 1.42686984e+00 4.63765335e-01
 1.41345809e+00 4.57490216e-01
 1.37292679e+00 4.51700133e-01
 1.28968310e+00 4.46365149e-01
 1.29972092e+00 4.41458471e-01
 1.35902487e+00 4.36956100e-01
 1.29397378e+00 4.32836525e-01
 1.17927229e+00 4.29080465e-01
 1.24481706e+00 4.25670643e-01
 1.23907698e+00 4.22591590e-01
 1.14514254e+00 4.19829477e-01
 1.23018746e+00 4.17371966e-01
 1.20157684e+00 4.15208087e-01
 1.16565010e+00 4.13328121e-01
 1.19729847e+00 4.11723506e-01
 1.12558448e+00 4.10386758e-01
 1.17025736e+00 4.09311392e-01
 1.07288098e+00 4.08491866e-01
 1.14444693e+00 4.07923523e-01
 1.10846818e+00 4.07602551e-01
 1.24973140e+00 4.07525946e-01
 1.12316058e+00 4.07691475e-01
 1.13428912e+00 4.08097661e-01
 1.14002666e+00 4.08743758e-01
 1.23158960e+00 4.09629743e-01
 1.15976272e+00 4.10756306e-01
 1.17102703e+00 4.12124849e-01
 1.22155914e+00 4.13737493e-01
 1.14731843e+00 4.15597078e-01
 1.18473015e+00 4.17707187e-01
 1.17742647e+00 4.20072158e-01
 1.22057555e+00 4.22697111e-01
 1.10003375e+00 4.25587980e-01
 1.13185717e+00 4.28751546e-01
 1.19003384e+00 4.32195487e-01
 1.23411412e+00 4.35928422e-01
 1.14085381e+00 4.39959973e-01
 1.17622940e+00 4.44300834e-01
 1.22425099e+00 4.48962844e-01
 1.20585030e+00 4.53959079e-01
 1.19772297e+00 4.59303949e-01
 1.22952353e+00 4.65013311e-01
 1.24244509e+00 4.71104601e-01
 1.26219036e+00 4.77596979e-01
 1.31381122e+00 4.84511491e-01
 1.27765784e+00 4.91871263e-01
 1.30217046e+00 4.99701713e-01
 1.29830644e+00 5.08030796e-01
 1.31154376e+00 5.16889286e-01
 1.42184467e+00 5.26311092e-01
 1.44089079e+00 5.36333629e-01
 1.46580794e+00 5.46998240e-01
 1.50432806e+00 5.58350681e-01
 1.54267024e+00 5.70441689e-01
 1.41805842e+00 5.83327638e-01
 1.58121704e+00 5.97071295e-01
 1.63014512e+00 6.11742720e-01
 1.52764579e+00 6.27420310e-01
 1.59502827e+00 6.44192031e-01
 1.70788177e+00 6.62156880e-01
 1.78163206e+00 6.81426620e-01
 1.73910076e+00 7.02127854e-01
 1.86548127e+00 7.24404511e-01
 1.93828005e+00 7.48420849e-01
 1.93971134e+00 7.74365099e-01
 2.10213970e+00 8.02453912e-01
 2.13021111e+00 8.32937820e-01
 2.25394741e+00 8.66107980e-01
 2.31503140e+00 9.02304573e-01
 2.50271931e+00 9.41927309e-01
 2.57082766e+00 9.85448693e-01
 2.59895617e+00 1.03343085e+00
 2.85805764e+00 1.08654706e+00
 3.01393450e+00 1.14560943e+00
 3.11531607e+00 1.21160465e+00
 3.44223844e+00 1.28574034e+00
 3.70189247e+00 1.36950484e+00
 3.96317614e+00 1.46474349e+00
 4.38518304e+00 1.57375275e+00
 4.77674280e+00 1.69938655e+00
 5.33380821e+00 1.84514757e+00
 5.87011990e+00 2.01516851e+00
 6.83381318e+00 2.21377887e+00
 8.00101528e+00 2.44366527e+00
 9.46039745e+00 2.69916415e+00
 1.18239837e+01 2.94110153e+00
 1.57224871e+01 2.98948126e+00
 2.28324548e+01 1.94495798e+00
 3.78705818e+01 -6.29515660e+00
 3.68996571e+01 -5.74894173e+01
 -1.92790140e+01 -3.97509055e+01
 -1.76027073e+01 -1.80961045e+01
 -1.34471242e+01 -1.07848869e+01
 -1.05312118e+01 -7.49798568e+00
 -8.72285668e+00 -5.69582629e+00
 -7.37163860e+00 -4.57588452e+00
 -6.45903245e+00 -3.81893129e+00
 -5.63178376e+00 -3.27590033e+00
 -5.10551223e+00 -2.86871835e+00
 -4.67618777e+00 -2.55284220e+00
 -4.16756894e+00 -2.30112435e+00
 -3.78936797e+00 -2.09612925e+00
 -3.51397565e+00 -1.92617209e+00
 -3.24433704e+00 -1.78314142e+00
 -3.16653352e+00 -1.66123719e+00
 -2.94841032e+00 -1.55620615e+00
 -2.76329639e+00 -1.46486082e+00
 -2.51777739e+00 -1.38476683e+00
 -2.47802046e+00 -1.31403382e+00
 -2.43718305e+00 -1.25117218e+00
 -2.21393627e+00 -1.19499260e+00
 -2.25994365e+00 -1.14453440e+00
 -2.13794301e+00 -1.09901329e+00
 -1.99192760e+00 -1.05778290e+00
 -1.99147095e+00 -1.02030585e+00
 -1.94637152e+00 -9.86131864e-01
 -1.75020757e+00 -9.54880878e-01
 -1.73587531e+00 -9.26229998e-01
 -1.68405956e+00 -8.99903209e-01
 -1.72902231e+00 -8.75663245e-01
 -1.66222035e+00 -8.53305097e-01
 -1.58914018e+00 -8.32650777e-01
 -1.51737403e+00 -8.13545083e-01
 -1.51719030e+00 -7.95852125e-01
 -1.50272429e+00 -7.79452481e-01
 -1.56017092e+00 -7.64240838e-01
 -1.40014745e+00 -7.50124035e-01
 -1.41040064e+00 -7.37019418e-01
 -1.38406438e+00 -7.24853469e-01
 -1.32240497e+00 -7.13560639e-01
 -1.38825131e+00 -7.03082366e-01
 -1.32452437e+00 -6.93366230e-01
 -1.32564707e+00 -6.84365243e-01
 -1.36077696e+00 -6.76037228e-01
 -1.31763773e+00 -6.68344295e-01
 -1.27366101e+00 -6.61252380e-01
 -1.20548982e+00 -6.54730854e-01
 -1.19662394e+00 -6.48752182e-01
 -1.22939342e+00 -6.43291620e-01
 -1.23159530e+00 -6.38326965e-01
 -1.24405500e+00 -6.33838323e-01
 -1.13718780e+00 -6.29807917e-01
 -1.15923375e+00 -6.26219916e-01
 -1.20252058e+00 -6.23060286e-01
 -1.26073507e+00 -6.20316661e-01
 -1.13605900e+00 -6.17978233e-01
 -1.08333245e+00 -6.16035652e-01
 -1.09495182e+00 -6.14480951e-01
 -1.16219942e+00 -6.13307466e-01
 -1.21749796e+00 -6.12509787e-01
 -1.19335625e+00 -6.12083706e-01
 -1.10058883e+00 -6.12026177e-01
 -1.21436577e+00 -6.12335290e-01
 -1.15410021e+00 -6.13010249e-01
 -1.04388466e+00 -6.14051363e-01
 -1.12748030e+00 -6.15460035e-01
 -1.09857910e+00 -6.17238776e-01
 -1.16085488e+00 -6.19391208e-01
 -1.07284681e+00 -6.21922092e-01
 -1.13748005e+00 -6.24837351e-01
 -1.17451395e+00 -6.28144111e-01
 -1.13433238e+00 -6.31850747e-01
 -1.17049079e+00 -6.35966940e-01
 -1.14126886e+00 -6.40503743e-01
 -1.25250856e+00 -6.45473661e-01
 -1.25986778e+00 -6.50890744e-01
 -1.20881467e+00 -6.56770687e-01
 -1.16903211e+00 -6.63130958e-01
 -1.19656323e+00 -6.69990929e-01
 -1.25224001e+00 -6.77372039e-01
 -1.16139924e+00 -6.85297968e-01
 -1.29152879e+00 -6.93794845e-01
 -1.32073603e+00 -7.02891480e-01
 -1.40881623e+00 -7.12619627e-01
 -1.36067489e+00 -7.23014286e-01
 -1.27575039e+00 -7.34114050e-01
 -1.37046305e+00 -7.45961497e-01
 -1.38132990e+00 -7.58603642e-01
 -1.37601259e+00 -7.72092462e-01
 -1.41101740e+00 -7.86485486e-01
 -1.45714167e+00 -8.01846494e-01
 -1.46734540e+00 -8.18246312e-01
 -1.65244387e+00 -8.35763748e-01
 -1.62811000e+00 -8.54486673e-01
 -1.60489362e+00 -8.74513290e-01
 -1.61150267e+00 -8.95953632e-01
 -1.69489753e+00 -9.18931313e-01
 -1.79953583e+00 -9.43585614e-01
 -1.72237710e+00 -9.70073965e-01
 -1.83379580e+00 -9.98574900e-01
 -1.96020080e+00 -1.02929162e+00
 -2.01507188e+00 -1.06245628e+00
 -1.92535119e+00 -1.09833522e+00
 -2.10967816e+00 -1.13723530e+00
 -2.27817553e+00 -1.17951172e+00
 -2.34167007e+00 -1.22557767e+00
 -2.39365433e+00 -1.27591633e+00
 -2.50867771e+00 -1.33109578e+00
 -2.61032135e+00 -1.39178792e+00
 -2.71613123e+00 -1.45879219e+00
 -2.89132870e+00 -1.53306584e+00
 -3.14632107e+00 -1.61576239e+00
 -3.23305079e+00 -1.70828063e+00
 -3.45588601e+00 -1.81232654e+00
 -3.79151516e+00 -1.92999029e+00
 -4.19487238e+00 -2.06383791e+00
 -4.49400318e+00 -2.21700961e+00
 -5.05680302e+00 -2.39329369e+00
 -5.53659775e+00 -2.59708091e+00
 -6.32262480e+00 -2.83291878e+00
 -7.29974134e+00 -3.10382540e+00
 -8.62494744e+00 -3.40569917e+00
 -1.05265041e+01 -3.70856536e+00
 -1.34083312e+01 -3.88796583e+00
 -1.83560323e+01 -3.43303065e+00
 -2.72986995e+01 7.27465576e-02
 -3.88565195e+01 1.86821653e+01
 -1.19116815e+01 4.69515497e+01
 1.05833104e+01 2.95647001e+01
 1.14181779e+01 1.73834040e+01
 9.86383895e+00 1.16795100e+01
 8.23905927e+00 8.63381859e+00
 7.16071626e+00 6.79598598e+00
 6.29678015e+00 5.58408608e+00
 5.58230310e+00 4.73176355e+00
 5.00173704e+00 4.10279735e+00
 4.46384323e+00 3.62117789e+00
 4.17880868e+00 3.24147872e+00
 3.65287601e+00 2.93501660e+00
 3.47145553e+00 2.68285027e+00
 3.26606719e+00 2.47199851e+00
 3.11951261e+00 2.29328278e+00
 2.85764201e+00 2.14003856e+00
 2.81623660e+00 2.00731482e+00
 2.52185152e+00 1.89135964e+00
 2.35013878e+00 1.78927985e+00
 2.28380502e+00 1.69880986e+00
 2.11707164e+00 1.61815109e+00
 2.15550129e+00 1.54585813e+00
 2.01721234e+00 1.48075651e+00
 2.03211300e+00 1.42188239e+00
 1.99666761e+00 1.36843760e+00
 1.81425595e+00 1.31975574e+00
 1.87336443e+00 1.27527617e+00
 1.67253485e+00 1.23452401e+00
 1.61287426e+00 1.19709446e+00
 1.67392013e+00 1.16264043e+00
 1.53067863e+00 1.13086271e+00
 1.58144739e+00 1.10150210e+00
 1.50479520e+00 1.07433299e+00
 1.48172300e+00 1.04915821e+00
 1.39219073e+00 1.02580475e+00
 1.37598029e+00 1.00412024e+00
 1.29502193e+00 9.83970067e-01
 1.35390271e+00 9.65234905e-01
 1.31264391e+00 9.47808712e-01
 1.22912779e+00 9.31596994e-01
 1.25575307e+00 9.16515361e-01
 1.16404254e+00 9.02488286e-01
 1.19859388e+00 8.89448057e-01
 1.25676796e+00 8.77333871e-01
 1.23781273e+00 8.66091065e-01
 1.16763346e+00 8.55670442e-01
 1.23873501e+00 8.46027698e-01
 1.08755017e+00 8.37122922e-01
 1.19300602e+00 8.28920159e-01
 1.16584732e+00 8.21387038e-01
 1.18814974e+00 8.14494438e-01
 1.15222114e+00 8.08216202e-01
 1.19478866e+00 8.02528889e-01
 1.14186876e+00 7.97411557e-01
 1.09346358e+00 7.92845566e-01
 1.08748318e+00 7.88814421e-01
 1.12721453e+00 7.85303622e-01
 1.07711229e+00 7.82300544e-01
 1.07103628e+00 7.79794328e-01
 1.08465100e+00 7.77775790e-01
 9.88099535e-01 7.76237348e-01
 1.09370669e+00 7.75172956e-01
 1.11426058e+00 7.74578057e-01
 1.13455963e+00 7.74449538e-01
 1.02610953e+00 7.74785709e-01
 1.01537238e+00 7.75586284e-01
 1.07788131e+00 7.76852370e-01
 1.00083874e+00 7.78586478e-01
 1.11315981e+00 7.80792528e-01
 1.20373445e+00 7.83475882e-01
 1.06608247e+00 7.86643372e-01
 1.04604253e+00 7.90303351e-01
 1.02437949e+00 7.94465745e-01
 1.03660343e+00 7.99142130e-01
 1.04843118e+00 8.04345809e-01
 9.80636375e-01 8.10091917e-01
 1.09186280e+00 8.16397529e-01
 1.11071859e+00 8.23281796e-01
 1.11548279e+00 8.30766097e-01
 1.13710999e+00 8.38874209e-01
 1.13897667e+00 8.47632509e-01
 1.23872370e+00 8.57070198e-01
 1.15216082e+00 8.67219563e-01
 1.16219887e+00 8.78116264e-01
 1.12335075e+00 8.89799679e-01
 1.25608715e+00 9.02313280e-01
 1.20001553e+00 9.15705076e-01
 1.24000739e+00 9.30028113e-01
 1.25475002e+00 9.45341055e-01
 1.42527563e+00 9.61708845e-01
 1.32120576e+00 9.79203471e-01
 1.42698783e+00 9.97904856e-01
 1.34894876e+00 1.01790188e+00
 1.45429579e+00 1.03929359e+00
 1.46270308e+00 1.06219059e+00
 1.55018441e+00 1.08671667e+00
 1.61972532e+00 1.11301077e+00
 1.61077837e+00 1.14122922e+00
 1.57134282e+00 1.17154848e+00
 1.60323071e+00 1.20416835e+00
 1.72354529e+00 1.23931587e+00
 1.74343748e+00 1.27724992e+00
 1.91195602e+00 1.31826694e+00
 1.86956747e+00 1.36270770e+00
 1.94501491e+00 1.41096579e+00
 2.06235360e+00 1.46349792e+00
 2.16354811e+00 1.52083674e+00
 2.25537407e+00 1.58360684e+00
 2.30879216e+00 1.65254479e+00
 2.51315843e+00 1.72852440e+00
 2.63510171e+00 1.81258883e+00
 2.72549077e+00 1.90599145e+00
 2.88016706e+00 2.01024795e+00
 3.13419752e+00 2.12720294e+00
 3.40640302e+00 2.25911396e+00
 3.67589742e+00 2.40875545e+00
 4.07843988e+00 2.57954065e+00
 4.41942869e+00 2.77564585e+00
 4.90459957e+00 3.00208253e+00
 5.50510409e+00 3.26455178e+00
 6.35103505e+00 3.56859161e+00
 7.36024900e+00 3.91653259e+00
 8.86667390e+00 4.29746991e+00
 1.09791369e+01 4.65325422e+00
 1.44682837e+01 4.75219282e+00
 1.99475739e+01 3.65472242e+00
 2.91182650e+01 -2.70648525e+00
 3.19030061e+01 -2.47691211e+01
 6.73975417e+00 -3.54391151e+01
 -5.69372215e+00 -2.40919599e+01
 -7.34528899e+00 -1.60554955e+01
 -6.87039884e+00 -1.15975441e+01
 -6.20430140e+00 -8.94781550e+00
 -5.47821975e+00 -7.23744322e+00
 -4.94914102e+00 -6.05761297e+00
 -4.42940711e+00 -5.20098918e+00
 -3.92849026e+00 -4.55378664e+00
 -3.71077953e+00 -4.04918266e+00
 -3.44129002e+00 -3.64566667e+00
 -3.12011767e+00 -3.31622438e+00
 -2.94100097e+00 -3.04257951e+00
 -2.76611799e+00 -2.81195593e+00
 -2.54288433e+00 -2.61516974e+00
 -2.41980933e+00 -2.44545878e+00
 -2.31951045e+00 -2.29773915e+00
 -2.24286808e+00 -2.16811818e+00
 -2.09744368e+00 -2.05356693e+00
 -1.91461947e+00 -1.95169455e+00
 -1.98204164e+00 -1.86058958e+00
 -1.90404371e+00 -1.77870618e+00
 -1.71746823e+00 -1.70478115e+00
 -1.72058725e+00 -1.63777251e+00
 -1.66907321e+00 -1.57681338e+00
 -1.60599512e+00 -1.52117690e+00
 -1.56959694e+00 -1.47024924e+00
 -1.49368034e+00 -1.42350859e+00
 -1.45626761e+00 -1.38050868e+00
 -1.37378059e+00 -1.34086571e+00
 -1.34734943e+00 -1.30424791e+00
 -1.30670699e+00 -1.27036710e+00
 -1.33574916e+00 -1.23897184e+00
 -1.28723990e+00 -1.20984191e+00
 -1.22298985e+00 -1.18278361e+00
 -1.23817805e+00 -1.15762606e+00
 -1.18341200e+00 -1.13421797e+00
 -1.26268890e+00 -1.11242501e+00
 -1.20987555e+00 -1.09212760e+00
 -1.07707788e+00 -1.07321901e+00
 -1.10739233e+00 -1.05560378e+00
 -1.12852866e+00 -1.03919632e+00
 -1.06523827e+00 -1.02391983e+00
 -1.11148805e+00 -1.00970524e+00
 -9.53907512e-01 -9.96490342e-01
 -1.06741460e+00 -9.84219116e-01
 -1.13751623e+00 -9.72841031e-01
 -1.03401336e+00 -9.62310510e-01
 -1.02763594e+00 -9.52586445e-01
 -1.01501727e+00 -9.43631777e-01
 -9.14589046e-01 -9.35413125e-01
 -9.23887346e-01 -9.27900469e-01
 -9.48564389e-01 -9.21066868e-01
 -9.55673108e-01 -9.14888213e-01
 -9.77366974e-01 -9.09343020e-01
 -9.92152806e-01 -9.04412236e-01
 -9.79504938e-01 -9.00079086e-01
 -9.08607603e-01 -8.96328927e-01
 -9.36080241e-01 -8.93149129e-01
 -8.66870747e-01 -8.90528978e-01
 -9.51322325e-01 -8.88459585e-01
 -1.03306325e+00 -8.86933818e-01
 -9.31058986e-01 -8.85946243e-01
 -9.42434811e-01 -8.85493084e-01
 -8.96763390e-01 -8.85572193e-01
 -8.55546172e-01 -8.86183023e-01
 -9.73572915e-01 -8.87326634e-01
 -9.53632489e-01 -8.89005686e-01
 -8.96015682e-01 -8.91224463e-01
 -9.53893744e-01 -8.93988900e-01
 -9.26185729e-01 -8.97306621e-01
 -9.39963992e-01 -9.01186999e-01
 -9.87537166e-01 -9.05641218e-01
 -9.06594158e-01 -9.10682356e-01
 -9.55191327e-01 -9.16325486e-01
 -1.00118977e+00 -9.22587789e-01
 -9.38213590e-01 -9.29488684e-01
 -9.69322097e-01 -9.37049990e-01
 -9.88574303e-01 -9.45296097e-01
 -1.03814715e+00 -9.54254171e-01
 -1.00069629e+00 -9.63954390e-01
 -1.02634153e+00 -9.74430203e-01
 -9.59593533e-01 -9.85718640e-01
 -1.04778744e+00 -9.97860653e-01
 -1.04906639e+00 -1.01090152e+00
 -1.01690799e+00 -1.02489127e+00
 -1.13127109e+00 -1.03988525e+00
 -1.10385994e+00 -1.05594468e+00
 -1.17707723e+00 -1.07313734e+00
 -1.18493336e+00 -1.09153838e+00
 -1.15239413e+00 -1.11123121e+00
 -1.21708678e+00 -1.13230857e+00
 -1.24872022e+00 -1.15487374e+00
 -1.22626616e+00 -1.17904201e+00
 -1.28471831e+00 -1.20494230e+00
 -1.29000812e+00 -1.23271919e+00
 -1.27109791e+00 -1.26253521e+00
 -1.41997152e+00 -1.29457363e+00
 -1.45054794e+00 -1.32904170e+00
 -1.36190172e+00 -1.36617461e+00
 -1.54287053e+00 -1.40624020e+00
 -1.59542036e+00 -1.44954468e+00
 -1.59354626e+00 -1.49643954e+00
 -1.63671208e+00 -1.54733004e+00
 -1.67981605e+00 -1.60268563e+00
 -1.75766128e+00 -1.66305285e+00
 -1.86057507e+00 -1.72907136e+00
 -2.01046662e+00 -1.80149415e+00
 -2.01369575e+00 -1.88121286e+00
 -2.15080286e+00 -1.96929017e+00
 -2.25181065e+00 -2.06700104e+00
 -2.46215439e+00 -2.17588577e+00
 -2.59718621e+00 -2.29781845e+00
 -2.75802955e+00 -2.43509522e+00
 -2.97887612e+00 -2.59054745e+00
 -3.20228614e+00 -2.76768413e+00
 -3.61490709e+00 -2.97086293e+00
 -3.96485540e+00 -3.20547221e+00
 -4.41243597e+00 -3.47805393e+00
 -5.04900173e+00 -3.79614352e+00
 -5.89703975e+00 -4.16713854e+00
 -6.88480407e+00 -4.59404002e+00
 -8.46578063e+00 -5.06090002e+00
 -1.07479482e+01 -5.48197324e+00
 -1.43212131e+01 -5.50979319e+00
 -2.02761295e+01 -3.75275284e+00
 -2.82041168e+01 4.83976872e+00
 -2.42182209e+01 2.36556483e+01
 -5.96244165e+00 2.69067432e+01
 2.04101643e+00 1.96898306e+01
 3.98767020e+00 1.42163883e+01
 4.22703090e+00 1.08112730e+01
 4.11712528e+00 8.62122537e+00
 3.76971439e+00 7.13039696e+00
 3.42678259e+00 6.06293177e+00
 3.30856601e+00 5.26644360e+00
 2.97574609e+00 4.65208062e+00
 2.69325239e+00 4.16526175e+00
 2.51834507e+00 3.77088563e+00
 2.33213242e+00 3.44547284e+00
 2.25944296e+00 3.17278062e+00
 2.11306812e+00 2.94124311e+00
 1.92991130e+00 2.74241656e+00
 1.93058894e+00 2.57000122e+00
 1.76155108e+00 2.41920659e+00
 1.70374817e+00 2.28632818e+00
 1.61032875e+00 2.16845829e+00
 1.55432410e+00 2.06328402e+00
 1.53394150e+00 1.96894350e+00
 1.44907266e+00 1.88392171e+00
 1.45840491e+00 1.80697375e+00
 1.35350301e+00 1.73706758e+00
 1.26960033e+00 1.67334064e+00
 1.19507547e+00 1.61506668e+00
 1.20137685e+00 1.56163000e+00
 1.16193857e+00 1.51250539e+00
 1.09414902e+00 1.46724220e+00
 1.23698706e+00 1.42545171e+00
 1.04004442e+00 1.38679691e+00
 1.02346556e+00 1.35098435e+00
 9.92426627e-01 1.31775738e+00
 1.08576858e+00 1.28689066e+00
 9.86301532e-01 1.25818561e+00
 9.40507063e-01 1.23146669e+00
 9.98518377e-01 1.20657817e+00
 9.09200091e-01 1.18338157e+00
 9.65269822e-01 1.16175339e+00
 9.72480236e-01 1.14158323e+00
 8.65307237e-01 1.12277220e+00
 8.45483066e-01 1.10523154e+00
 8.26656083e-01 1.08888148e+00
 8.86618884e-01 1.07365016e+00
 8.49140608e-01 1.05947285e+00
 7.55659600e-01 1.04629115e+00
 7.36113189e-01 1.03405232e+00
 7.62737893e-01 1.02270876e+00
 7.75542858e-01 1.01221751e+00
 7.49254686e-01 1.00253977e+00
 6.94419621e-01 9.93640605e-01
 7.18649465e-01 9.85488533e-01
 7.48123111e-01 9.78055303e-01
 7.43769879e-01 9.71315611e-01
 7.17701667e-01 9.65246892e-01
 6.88692363e-01 9.59829126e-01
 7.90754843e-01 9.55044674e-01
 6.54464006e-01 9.50878134e-01
 7.18693628e-01 9.47316222e-01
 6.86803776e-01 9.44347662e-01
 7.24130285e-01 9.41963101e-01
 7.40460385e-01 9.40155040e-01
 6.89624942e-01 9.38917774e-01
 6.94584015e-01 9.38247350e-01
 7.24337442e-01 9.38141534e-01
 7.25466443e-01 9.38599800e-01
 7.44887212e-01 9.39623320e-01
 6.89061707e-01 9.41214973e-01
 7.22582843e-01 9.43379366e-01
 7.08980318e-01 9.46122867e-01
 6.96033090e-01 9.49453651e-01
 7.70957598e-01 9.53381764e-01
 7.57084154e-01 9.57919190e-01
 7.23642518e-01 9.63079950e-01
 8.45851638e-01 9.68880209e-01
 7.67538468e-01 9.75338397e-01
 7.78839822e-01 9.82475364e-01
 7.81399077e-01 9.90314545e-01
 7.49398879e-01 9.98882158e-01
 7.89045308e-01 1.00820743e+00
 7.31442754e-01 1.01832284e+00
 6.94586753e-01 1.02926445e+00
 7.74112659e-01 1.04107220e+00
 8.26821948e-01 1.05379029e+00
 7.64627132e-01 1.06746765e+00
 8.26923054e-01 1.08215845e+00
 8.82341727e-01 1.09792261e+00
 8.55967517e-01 1.11482654e+00
 9.45531784e-01 1.13294386e+00
 8.45226274e-01 1.15235629e+00
 8.60487046e-01 1.17315467e+00
 9.44463719e-01 1.19544018e+00
 9.20754187e-01 1.21932565e+00
 9.91221702e-01 1.24493727e+00
 1.03427505e+00 1.27241643e+00
 1.02956588e+00 1.30192196e+00
 1.02761221e+00 1.33363283e+00
 1.05445384e+00 1.36775125e+00
 1.02007256e+00 1.40450649e+00
 1.09806992e+00 1.44415936e+00
 1.17133869e+00 1.48700772e+00
 1.12177453e+00 1.53339306e+00
 1.19003364e+00 1.58370867e+00
 1.30852242e+00 1.63840955e+00
 1.30725374e+00 1.69802471e+00
 1.42673704e+00 1.76317255e+00
 1.48960686e+00 1.83458008e+00
 1.53691040e+00 1.91310720e+00
 1.62740531e+00 1.99977768e+00
 1.65661145e+00 2.09581886e+00
 1.76710608e+00 2.20271299e+00
 1.91995128e+00 2.32226409e+00
 2.03653399e+00 2.45668552e+00
 2.18704407e+00 2.60871512e+00
 2.37319496e+00 2.78176641e+00
 2.65555241e+00 2.98012527e+00
 2.86998161e+00 3.20919832e+00
 3.20942801e+00 3.47580327e+00
 3.65049600e+00 3.78843538e+00
 4.13439379e+00 4.15726504e+00
 4.82670640e+00 4.59305113e+00
 5.82702377e+00 5.10226883e+00
 7.46165635e+00 5.66909101e+00
 9.68999481e+00 6.18933106e+00
 1.32787075e+01 6.21697403e+00
 1.92047644e+01 4.00526614e+00
 2.50757538e+01 -5.29475426e+00
 1.87027739e+01 -1.89018621e+01
 6.57743907e+00 -1.99768557e+01
 7.21910250e-01 -1.56030661e+01
 -1.22026712e+00 -1.19661502e+01
 -1.94236110e+00 -9.48188236e+00
 -2.06213909e+00 -7.77490944e+00
 -2.04244848e+00 -6.55780986e+00
 -1.96434156e+00 -5.65659687e+00
 -1.86649234e+00 -4.96701692e+00
 -1.66691458e+00 -4.42466015e+00
 -1.65766323e+00 -3.98820661e+00
 -1.54884472e+00 -3.63017276e+00
 -1.45479750e+00 -3.33167305e+00
 -1.34524427e+00 -3.07935199e+00
 -1.39045422e+00 -2.86352382e+00
 -1.26918382e+00 -2.67700703e+00
 -1.28788600e+00 -2.51437207e+00
 -1.14030918e+00 -2.37144250e+00
 -1.17951014e+00 -2.24495609e+00
 -1.01690426e+00 -2.13232954e+00
 -9.97153467e-01 -2.03149176e+00
 -9.90728924e-01 -1.94076383e+00
 -8.62652627e-01 -1.85877091e+00
 -9.15903784e-01 -1.78437684e+00
 -8.92219294e-01 -1.71663482e+00
 -8.78115179e-01 -1.65474982e+00
 -9.27486218e-01 -1.59804951e+00
 -8.87455143e-01 -1.54596166e+00
 -7.73418620e-01 -1.49799636e+00
 -7.32277486e-01 -1.45373180e+00
 -7.82292281e-01 -1.41280300e+00
 -7.37285039e-01 -1.37489265e+00
 -7.06573789e-01 -1.33972365e+00
 -7.53946948e-01 -1.30705307e+00
 -6.52431802e-01 -1.27666710e+00
 -6.36688497e-01 -1.24837695e+00
 -6.22396114e-01 -1.22201531e+00
 -6.37524732e-01 -1.19743353e+00
 -6.61053376e-01 -1.17449917e+00
 -6.20696413e-01 -1.15309390e+00
 -5.63978769e-01 -1.13311180e+00
 -5.35044878e-01 -1.11445781e+00
 -4.97584276e-01 -1.09704654e+00
 -6.57249386e-01 -1.08080110e+00
 -5.18934366e-01 -1.06565218e+00
 -5.72961075e-01 -1.05153724e+00
 -5.20710840e-01 -1.03839981e+00
 -5.03550412e-01 -1.02618887e+00
 -6.17825526e-01 -1.01485829e+00
 -5.90224222e-01 -1.00436642e+00
 -5.16191767e-01 -9.94675622e-01
 -5.21067157e-01 -9.85751968e-01
 -4.54251335e-01 -9.77564895e-01
 -4.95158882e-01 -9.70086942e-01
 -4.59121594e-01 -9.63293518e-01
 -5.08818043e-01 -9.57162687e-01
 -4.71023211e-01 -9.51674991e-01
 -4.80100581e-01 -9.46813291e-01
 -5.09861749e-01 -9.42562634e-01
 -4.69832431e-01 -9.38910137e-01
 -5.31552909e-01 -9.35844884e-01
 -4.74037541e-01 -9.33357851e-01
 -4.71800971e-01 -9.31441834e-01
 -4.30558875e-01 -9.30091400e-01
 -4.00072683e-01 -9.29302843e-01
 -4.32062315e-01 -9.29074165e-01
 -5.19309677e-01 -9.29405058e-01
 -4.11874358e-01 -9.30296902e-01
 -4.25797188e-01 -9.31752780e-01
 -5.04154780e-01 -9.33777500e-01
 -4.96287338e-01 -9.36377632e-01
 -4.07425592e-01 -9.39561558e-01
 -4.83600009e-01 -9.43339540e-01
 -5.68083494e-01 -9.47723794e-01
 -5.37005239e-01 -9.52728591e-01
 -4.92305737e-01 -9.58370368e-01
 -5.53158025e-01 -9.64667861e-01
 -4.52969117e-01 -9.71642261e-01
 -4.73139143e-01 -9.79317391e-01
 -4.85327809e-01 -9.87719911e-01
 -4.60698601e-01 -9.96879552e-01
 -5.70403792e-01 -1.00682939e+00
 -5.02806473e-01 -1.01760614e+00
 -5.05673183e-01 -1.02925052e+00
 -4.73108384e-01 -1.04180767e+00
 -5.16314230e-01 -1.05532757e+00
 -4.79422916e-01 -1.06986560e+00
 -5.44364329e-01 -1.08548315e+00
 -6.14460528e-01 -1.10224833e+00
 -5.57960802e-01 -1.12023672e+00
 -5.02003481e-01 -1.13953241e+00
 -5.56151927e-01 -1.16022899e+00
 -6.06115959e-01 -1.18243089e+00
 -5.95764548e-01 -1.20625482e+00
 -6.71274309e-01 -1.23183154e+00
 -6.93574840e-01 -1.25930789e+00
 -6.64040074e-01 -1.28884923e+00
 -6.13091134e-01 -1.32064234e+00
 -6.95837057e-01 -1.35489882e+00
 -6.79467167e-01 -1.39185929e+00
 -7.29953443e-01 -1.43179830e+00
 -8.21956673e-01 -1.47503045e+00
 -6.59543299e-01 -1.52191776e+00
 -8.01743620e-01 -1.57287872e+00
 -8.59993343e-01 -1.62839957e+00
 -8.63634560e-01 -1.68904825e+00
 -7.66638093e-01 -1.75549198e+00
 -1.07883168e+00 -1.82851947e+00
 -9.37792452e-01 -1.90906929e+00
 -1.07461694e+00 -1.99826633e+00
 -1.06991188e+00 -2.09746929e+00
 -1.13314946e+00 -2.20833281e+00
 -1.21943049e+00 -2.33288983e+00
 -1.39315471e+00 -2.47366164e+00
 -1.49620766e+00 -2.63380605e+00
 -1.67671697e+00 -2.81731812e+00
 -1.69652083e+00 -3.02930231e+00
 -1.90272031e+00 -3.27633755e+00
 -2.28074962e+00 -3.56695047e+00
 -2.48032502e+00 -3.91216937e+00
 -3.01915049e+00 -4.32596490e+00
 -3.61866204e+00 -4.82479015e+00
 -4.41849881e+00 -5.42331377e+00
 -5.74057836e+00 -6.11553760e+00
 -7.84196630e+00 -6.79928307e+00
 -1.12988784e+01 -6.97814289e+00
 -1.67456096e+01 -4.74640637e+00
 -2.08783794e+01 3.69139559e+00
 -1.51900795e+01 1.30280651e+01
 -7.26026836e+00 1.39758034e+01
 -2.99321403e+00 1.16513073e+01
 -1.11408355e+00 9.42270395e+00
 -2.76855951e-01 7.74876084e+00
 2.35782793e-01 6.52144711e+00
 4.67374078e-01 5.60527921e+00
 4.79279724e-01 4.90365646e+00
 6.81984514e-01 4.35287755e+00
 6.25036617e-01 3.91092582e+00
 5.91724366e-01 3.54951716e+00
 6.31819361e-01 3.24912694e+00
 6.14238778e-01 2.99593586e+00
 4.99404005e-01 2.77993226e+00
 6.31573345e-01 2.59370787e+00
 5.66312199e-01 2.43167559e+00
 4.92544657e-01 2.28954923e+00
 4.75139823e-01 2.16398987e+00
 4.51582344e-01 2.05236047e+00
 4.83323550e-01 1.95255226e+00
 4.09471099e-01 1.86285987e+00
 3.74708034e-01 1.78189005e+00
 3.90976419e-01 1.70849387e+00
 4.04586577e-01 1.64171585e+00
 3.91614191e-01 1.58075514e+00
 3.84209251e-01 1.52493572e+00
 3.98907946e-01 1.47368318e+00
 3.41961622e-01 1.42650644e+00
 2.43562773e-01 1.38298333e+00
 3.99376309e-01 1.34274904e+00
 2.47312414e-01 1.30548676e+00
 3.56319299e-01 1.27092019e+00
 3.16604380e-01 1.23880731e+00
 1.85534409e-01 1.20893534e+00
 2.52754557e-01 1.18111652e+00
 2.77107704e-01 1.15518463e+00
 3.58839129e-01 1.13099207e+00
 3.17626653e-01 1.10840740e+00
 3.45193562e-01 1.08731325e+00
 3.10490926e-01 1.06760459e+00
 2.78639049e-01 1.04918721e+00
 2.43721566e-01 1.03197648e+00
 2.72254893e-01 1.01589618e+00
 2.51094774e-01 1.00087764e+00
 2.86257160e-01 9.86858859e-01
 2.65724891e-01 9.73783821e-01
 3.02877389e-01 9.61601890e-01
 1.93492340e-01 9.50267268e-01
 1.34972736e-01 9.39738526e-01
 1.67088878e-01 9.29978206e-01
 1.72463340e-01 9.20952459e-01
 2.53419100e-01 9.12630737e-01
 2.56572848e-01 9.04985522e-01
 1.52964265e-01 8.97992081e-01
 1.26686609e-01 8.91628268e-01
 1.47869729e-01 8.85874333e-01
 2.28431744e-01 8.80712767e-01
 2.22864904e-01 8.76128165e-01
 1.87513175e-01 8.72107109e-01
 1.83891312e-01 8.68638061e-01
 3.00964191e-01 8.65711288e-01
 1.86582904e-01 8.63318782e-01
 1.73756040e-01 8.61454208e-01
 2.00402943e-01 8.60112859e-01
 1.99571630e-01 8.59291625e-01
 1.52684174e-01 8.58988974e-01
 2.11958777e-01 8.59204941e-01
 1.25204108e-01 8.59941135e-01
 2.78881119e-01 8.61200751e-01
 8.39742235e-02 8.62988602e-01
 6.26173966e-02 8.65311151e-01
 1.90611989e-01 8.68176570e-01
 1.35538154e-01 8.71594802e-01
 1.44589675e-01 8.75577644e-01
 9.88505479e-02 8.80138839e-01
 1.49215630e-01 8.85294194e-01
 2.02597658e-01 8.91061711e-01
 1.65784330e-01 8.97461736e-01
 1.65301582e-01 9.04517143e-01
 2.15316664e-01 9.12253532e-01
 1.67575343e-01 9.20699466e-01
 1.86756460e-01 9.29886735e-01
 1.23383909e-01 9.39850664e-01
 1.91428819e-01 9.50630464e-01
 2.25811475e-01 9.62269632e-01
 2.07034060e-01 9.74816415e-01
 2.18214660e-01 9.88324341e-01
 2.56658656e-01 1.00285283e+00
 2.32991745e-01 1.01846790e+00
 2.11784031e-01 1.03524298e+00
 2.16836315e-01 1.05325989e+00
 2.29378280e-01 1.07260989e+00
 2.95049194e-01 1.09339503e+00
 1.55213365e-01 1.11572965e+00
 1.80689450e-01 1.13974216e+00
 2.40845974e-01 1.16557717e+00
 1.90809849e-01 1.19339799e+00
 1.93158976e-01 1.22338964e+00
 2.51183094e-01 1.25576248e+00
 2.81428221e-01 1.29075653e+00
 2.18554656e-01 1.32864673e+00
 1.44319432e-01 1.36974945e+00
 2.57149160e-01 1.41443036e+00
 2.40700358e-01 1.46311424e+00
 3.28446611e-01 1.51629723e+00
 3.28621915e-01 1.57456217e+00
 3.08347524e-01 1.63859809e+00
 2.84334283e-01 1.70922509e+00
 3.28052604e-01 1.78742647e+00
 2.79992857e-01 1.87439071e+00
 4.89953783e-01 1.97156668e+00
 4.12390496e-01 2.08073745e+00
 4.48930656e-01 2.20411980e+00
 5.10620092e-01 2.34450031e+00
 4.98449312e-01 2.50542387e+00
 5.84514757e-01 2.69145775e+00
 7.08678831e-01 2.90856560e+00
 8.33581093e-01 3.16464040e+00
 1.01055504e+00 3.47026045e+00
 1.23669251e+00 3.83973106e+00
 1.35534688e+00 4.29238129e+00
 1.88560829e+00 4.85360876e+00
 2.56053263e+00 5.55313877e+00
 3.58646910e+00 6.40953746e+00
 5.32658562e+00 7.35454290e+00
 8.48101368e+00 7.91176456e+00
 1.33545937e+01 6.20543694e+00
 1.66869525e+01 -5.05132251e-01
 1.30712744e+01 -7.17326415e+00
 8.00207802e+00 -8.64534266e+00
 4.72295619e+00 -7.83524276e+00
 2.96035428e+00 -6.71497768e+00
 2.04464528e+00 -5.74683877e+00
 1.46196668e+00 -4.97518628e+00
 1.11103387e+00 -4.36575375e+00
 8.30420305e-01 -3.87965841e+00
 6.75966535e-01 -3.48617177e+00
 5.40754182e-01 -3.16277508e+00
 5.56274796e-01 -2.89318814e+00
 4.70440217e-01 -2.66556775e+00
 3.69660311e-01 -2.47118491e+00
 2.65050162e-01 -2.30350758e+00
 2.30167374e-01 -2.15757212e+00
 2.23352228e-01 -2.02955089e+00
 1.37546641e-01 -1.91645149e+00
 2.36076013e-01 -1.81590455e+00
 1.73845248e-01 -1.72601203e+00
 2.53637207e-01 -1.64523711e+00
 2.05098367e-01 -1.57232311e+00
 1.88214073e-01 -1.50623319e+00
 1.19769439e-01 -1.44610473e+00
 1.96348044e-01 -1.39121459e+00
 1.27250388e-01 -1.34095225e+00
 1.50083505e-01 -1.29479894e+00
 1.12971653e-01 -1.25231116e+00
 1.62961445e-01 -1.21310767e+00
 1.17283088e-01 -1.17685905e+00
 1.39177432e-01 -1.14327925e+00
 5.93827143e-02 -1.11211883e+00
 1.00075740e-01 -1.08315929e+00
 1.18635119e-01 -1.05620858e+00
 1.25127442e-01 -1.03109723e+00
 1.12522786e-01 -1.00767521e+00
 1.14137452e-01 -9.85809285e-01
 1.59876893e-01 -9.65380825e-01
 9.23026211e-02 -9.46283888e-01
 1.32746906e-02 -9.28423653e-01
 6.23946664e-02 -9.11715062e-01
 5.84543298e-02 -8.96081660e-01
 1.62158872e-01 -8.81454606e-01
 4.96239172e-02 -8.67771815e-01
 9.47239960e-02 -8.54977225e-01
 1.79731503e-01 -8.43020151e-01
 1.20416444e-01 -8.31854735e-01
 1.39241264e-01 -8.21439464e-01
 -9.53031480e-03 -8.11736743e-01
 4.38164336e-02 -8.02712536e-01
 8.75334002e-02 -7.94336033e-01
 1.95161609e-01 -7.86579379e-01
 1.30682314e-01 -7.79417420e-01
 5.81935993e-02 -7.72827489e-01
 1.24224126e-01 -7.66789214e-01
 8.35126195e-02 -7.61284357e-01
 1.61396642e-01 -7.56296663e-01
 1.22434275e-01 -7.51811740e-01
 6.51126309e-02 -7.47816947e-01
 1.08312994e-01 -7.44301300e-01
 9.15404710e-02 -7.41255394e-01
 1.88508705e-01 -7.38671338e-01
 1.41129984e-01 -7.36542697e-01
 6.07877463e-03 -7.34864453e-01
 1.03629087e-01 -7.33632969e-01
 1.32716992e-01 -7.32845971e-01
 5.06014232e-02 -7.32502534e-01
 1.34446876e-01 -7.32603079e-01
 2.21354723e-01 -7.33149385e-01
 1.20095465e-01 -7.34144603e-01
 1.11297110e-01 -7.35593290e-01
 1.18813958e-01 -7.37501444e-01
 7.10959072e-02 -7.39876556e-01
 1.52474132e-01 -7.42727675e-01
 3.57031093e-02 -7.46065485e-01
 4.25121197e-02 -7.49902395e-01
 1.11698263e-01 -7.54252644e-01
 1.43905023e-01 -7.59132429e-01
 1.93003398e-01 -7.64560045e-01
 1.66659472e-01 -7.70556056e-01
 1.49242480e-01 -7.77143481e-01
 1.36023565e-01 -7.84348014e-01
 1.36705903e-01 -7.92198276e-01
 1.13743233e-01 -8.00726105e-01
 1.34818131e-01 -8.09966881e-01
 1.59661510e-01 -8.19959912e-01
 1.90137349e-01 -8.30748867e-01
 8.32802839e-02 -8.42382285e-01
 1.59586546e-01 -8.54914151e-01
 1.77285854e-01 -8.68404580e-01
 2.13848943e-01 -8.82920593e-01
 2.52380263e-01 -8.98537040e-01
 2.31364772e-01 -9.15337666e-01
 1.41883971e-01 -9.33416370e-01
 2.06975166e-01 -9.52878684e-01
 2.64057414e-01 -9.73843532e-01
 2.20113607e-01 -9.96445311e-01
 1.88579488e-01 -1.02083639e+00
 2.56957487e-01 -1.04719008e+00
 1.83356574e-01 -1.07570431e+00
 2.43339798e-01 -1.10660593e+00
 3.09523504e-01 -1.14015617e+00
 2.60942226e-01 -1.17665717e+00
 2.44896818e-01 -1.21646025e+00
 2.95581672e-01 -1.25997604e+00
 3.26400986e-01 -1.30768743e+00
 2.94228590e-01 -1.36016587e+00
 2.75440023e-01 -1.41809237e+00
 1.73885093e-01 -1.48228458e+00
 3.91177067e-01 -1.55373231e+00
 2.52784483e-01 -1.63364462e+00
 3.90013444e-01 -1.72351283e+00
 3.75104147e-01 -1.82519630e+00
 3.41371293e-01 -1.94104075e+00
 3.28690522e-01 -2.07404408e+00
 3.46949981e-01 -2.22809270e+00
 3.29406319e-01 -2.40830444e+00
 3.90889752e-01 -2.62153515e+00
 3.80017270e-01 -2.87714034e+00
 4.17515511e-01 -3.18813708e+00
 3.14004472e-01 -3.57298728e+00
 1.72804063e-01 -4.05828805e+00
 9.21680255e-02 -4.68249043e+00
 -2.40768269e-01 -5.49926540e+00
 -9.40502338e-01 -6.57095118e+00
 -2.41354883e+00 -7.90268655e+00
 -5.04366415e+00 -9.10429158e+00
 -9.70147419e+00 -8.37556413e+00
 -1.29397134e+01 -3.44414023e+00
 -1.14896003e+01 1.81545436e+00
 -8.38714252e+00 3.91396494e+00
 -6.01506843e+00 4.22365831e+00
 -4.53770958e+00 3.97525032e+00
 -3.55776543e+00 3.60865070e+00
 -2.87664526e+00 3.25237538e+00
 -2.39241311e+00 2.93800801e+00
 -1.92385857e+00 2.66839143e+00
 -1.68888509e+00 2.43856144e+00
 -1.51951180e+00 2.24218280e+00
 -1.35497219e+00 2.07343381e+00
 -1.24565768e+00 1.92743658e+00
 -1.16154404e+00 1.80023574e+00
 -1.06678392e+00 1.68865754e+00
 -9.65446790e-01 1.59015732e+00
 -8.97910522e-01 1.50268707e+00
 -8.54510641e-01 1.42458856e+00
 -8.30340986e-01 1.35450978e+00
 -7.55303759e-01 1.29134040e+00
 -6.82235701e-01 1.23416186e+00
 -7.30154618e-01 1.18220891e+00
 -6.77542754e-01 1.13483970e+00
 -6.54573624e-01 1.09151237e+00
 -6.32266027e-01 1.05176673e+00
 -5.98014479e-01 1.01520970e+00
 -5.84989938e-01 9.81503691e-01
 -5.45167047e-01 9.50357342e-01
 -4.95174011e-01 9.21517977e-01
 -5.28940207e-01 8.94765503e-01
 -5.21654745e-01 8.69907410e-01
 -5.30904499e-01 8.46774659e-01
 -5.28525125e-01 8.25218280e-01
 -4.18211899e-01 8.05106543e-01
 -4.47579024e-01 7.86322593e-01
 -4.18005868e-01 7.68762463e-01
 -4.94197243e-01 7.52333401e-01
 -3.99757183e-01 7.36952444e-01
 -4.85149015e-01 7.22545219e-01
 -4.40904836e-01 7.09044902e-01
 -4.40734523e-01 6.96391341e-01
 -5.98671709e-01 6.84530292e-01
 -4.51235982e-01 6.73412762e-01
 -4.40226087e-01 6.62994445e-01
 -3.73241530e-01 6.53235225e-01
 -3.73587949e-01 6.44098750e-01
 -5.03302220e-01 6.35552057e-01
 -4.37285699e-01 6.27565246e-01
 -4.10676190e-01 6.20111194e-01
 -4.34917246e-01 6.13165305e-01
 -4.67370887e-01 6.06705289e-01
 -3.96548754e-01 6.00710970e-01
 -3.40917487e-01 5.95164116e-01
 -3.76381606e-01 5.90048294e-01
 -3.43512113e-01 5.85348731e-01
 -4.29789897e-01 5.81052212e-01
 -3.85073562e-01 5.77146969e-01
 -3.88500251e-01 5.73622604e-01
 -4.21166766e-01 5.70470010e-01
 -4.56976448e-01 5.67681308e-01
 -3.41396004e-01 5.65249797e-01
 -4.06843193e-01 5.63169905e-01
 -3.97435503e-01 5.61437159e-01
 -4.19382207e-01 5.60048156e-01
 -3.51262929e-01 5.59000543e-01
 -4.00173642e-01 5.58293009e-01
 -3.37404292e-01 5.57925279e-01
 -4.71282055e-01 5.57898121e-01
 -4.07795807e-01 5.58213356e-01
 -4.60156569e-01 5.58873881e-01
 -4.04672511e-01 5.59883693e-01
 -4.00354869e-01 5.61247935e-01
 -3.92856385e-01 5.62972933e-01
 -3.41138184e-01 5.65066260e-01
 -4.69825539e-01 5.67536804e-01
 -3.68318602e-01 5.70394843e-01
 -4.15244024e-01 5.73652146e-01
 -5.12991073e-01 5.77322078e-01
 -4.94062427e-01 5.81419724e-01
 -5.04756901e-01 5.85962040e-01
 -5.08421413e-01 5.90968016e-01
 -4.31515419e-01 5.96458866e-01
 -4.42908094e-01 6.02458253e-01
 -4.83712801e-01 6.08992541e-01
 -5.38312966e-01 6.16091082e-01
 -5.30073925e-01 6.23786560e-01
 -5.70795288e-01 6.32115374e-01
 -5.15591945e-01 6.41118088e-01
 -4.58472371e-01 6.50839955e-01
 -5.50153313e-01 6.61331523e-01
 -6.03470814e-01 6.72649346e-01
 -5.17750247e-01 6.84856813e-01
 -5.54844745e-01 6.98025125e-01
 -5.42746625e-01 7.12234456e-01
 -5.46106784e-01 7.27575314e-01
 -6.05514646e-01 7.44150177e-01
 -6.33119935e-01 7.62075449e-01
 -6.28161670e-01 7.81483806e-01
 -6.12595861e-01 8.02527046e-01
 -6.76625533e-01 8.25379554e-01
 -8.27403537e-01 8.50242545e-01
 -6.51448155e-01 8.77349304e-01
 -6.74755859e-01 9.06971694e-01
 -8.64118792e-01 9.39428299e-01
 -9.29095633e-01 9.75094716e-01
 -8.83543632e-01 1.01441666e+00
 -7.71719404e-01 1.05792679e+00
 -9.22217352e-01 1.10626667e+00
 -9.15497818e-01 1.16021545e+00
 -1.03499892e+00 1.22072820e+00
 -9.46553058e-01 1.28898745e+00
 -1.02553222e+00 1.36647363e+00
 -1.14125883e+00 1.45506292e+00
 -1.18177989e+00 1.55716537e+00
 -1.34580474e+00 1.67592348e+00
 -1.26651737e+00 1.81550376e+00
 -1.50197360e+00 1.98153391e+00
 -1.54276726e+00 2.18177433e+00
 -1.66950521e+00 2.42717536e+00
 -1.74944008e+00 2.73358427e+00
 -1.92357087e+00 3.12456484e+00
 -2.01218392e+00 3.63611876e+00
 -2.15058865e+00 4.32447632e+00
 -2.15912405e+00 5.27759204e+00
 -1.92420784e+00 6.62331153e+00
 -1.08207568e+00 8.47845254e+00
 1.44269761e+00 1.05623608e+01
 5.99815439e+00 1.09966666e+01
 1.00689017e+01 7.41955126e+00
 1.02160432e+01 2.82927076e+00
 8.55656377e+00 2.08748483e-01
 6.95075252e+00 -9.09080168e-01
 5.60537231e+00 -1.33200494e+00
 4.75510605e+00 -1.46164822e+00
 3.97449122e+00 -1.46793741e+00
 3.35377414e+00 -1.42288221e+00
 2.97816101e+00 -1.35800282e+00
 2.70150879e+00 -1.28746850e+00
 2.41369671e+00 -1.21768156e+00
 2.26516412e+00 -1.15143643e+00
 2.00608190e+00 -1.08980997e+00
 1.87649177e+00 -1.03305510e+00
 1.69772247e+00 -9.81036463e-01
 1.53889814e+00 -9.33447202e-01
 1.45546548e+00 -8.89917685e-01
 1.51257356e+00 -8.50069498e-01
 1.30232505e+00 -8.13541307e-01
 1.34112310e+00 -7.80000105e-01
 1.30967405e+00 -7.49144907e-01
 1.19840031e+00 -7.20706651e-01
 1.20558339e+00 -6.94446258e-01
 1.09459874e+00 -6.70151954e-01
 9.85488937e-01 -6.47636370e-01
 1.11876694e+00 -6.26733725e-01
 9.66794062e-01 -6.07297223e-01
 9.92718471e-01 -5.89196703e-01
 8.74795281e-01 -5.72316563e-01
 9.21060589e-01 -5.56553939e-01
 9.37321855e-01 -5.41817121e-01
 9.44154745e-01 -5.28024180e-01
 9.26137822e-01 -5.15101771e-01
 8.45973352e-01 -5.02984109e-01
 8.87989010e-01 -4.91612070e-01
 7.84837285e-01 -4.80932419e-01
 7.84671304e-01 -4.70897137e-01
 7.63603301e-01 -4.61462842e-01
 7.67488769e-01 -4.52590273e-01
 8.19407040e-01 -4.44243852e-01
 7.91113754e-01 -4.36391297e-01
 7.11452328e-01 -4.29003281e-01
 6.94629027e-01 -4.22053136e-01
 7.65163779e-01 -4.15516592e-01
 6.88712182e-01 -4.09371550e-01
 6.75738051e-01 -4.03597876e-01
 7.03218067e-01 -3.98177227e-01
 7.29036070e-01 -3.93092890e-01
 7.44926321e-01 -3.88329648e-01
 6.25910015e-01 -3.83873654e-01
 7.27058565e-01 -3.79712325e-01
 6.95342947e-01 -3.75834244e-01
 7.00564718e-01 -3.72229078e-01
 7.71103254e-01 -3.68887502e-01
 5.51565231e-01 -3.65801139e-01
 6.37119664e-01 -3.62962494e-01
 7.03383223e-01 -3.60364914e-01
 5.95496132e-01 -3.58002541e-01
 6.91144263e-01 -3.55870275e-01
 6.80419628e-01 -3.53963747e-01
 6.59224197e-01 -3.52279292e-01
 6.81042766e-01 -3.50813928e-01
 7.52384714e-01 -3.49565347e-01
 5.89279880e-01 -3.48531899e-01
 6.44275234e-01 -3.47712592e-01
 7.11998088e-01 -3.47107090e-01
 6.93119966e-01 -3.46715719e-01
 6.06937046e-01 -3.46539475e-01
 6.67856003e-01 -3.46580043e-01
 5.89250405e-01 -3.46839812e-01
 7.13793095e-01 -3.47321907e-01
 7.61389818e-01 -3.48030221e-01
 6.66840869e-01 -3.48969450e-01
 6.71328343e-01 -3.50145145e-01
 5.89304310e-01 -3.51563766e-01
 7.12232568e-01 -3.53232744e-01
 7.16532910e-01 -3.55160561e-01
 7.45516575e-01 -3.57356830e-01
 7.77268059e-01 -3.59832401e-01
 7.25307767e-01 -3.62599473e-01
 7.79721650e-01 -3.65671726e-01
 7.92182047e-01 -3.69064476e-01
 7.85217520e-01 -3.72794849e-01
 6.84976957e-01 -3.76881984e-01
 7.36191590e-01 -3.81347270e-01
 8.26825172e-01 -3.86214616e-01
 7.42882472e-01 -3.91510766e-01
 8.45059897e-01 -3.97265672e-01
 8.19010000e-01 -4.03512918e-01
 8.86320997e-01 -4.10290228e-01
 8.89665541e-01 -4.17640057e-01
 8.45670833e-01 -4.25610291e-01
 8.64292314e-01 -4.34255080e-01
 9.64133572e-01 -4.43635819e-01
 8.63597940e-01 -4.53822339e-01
 9.71530584e-01 -4.64894323e-01
 9.55385932e-01 -4.76943028e-01
 1.10283251e+00 -4.90073373e-01
 1.09329641e+00 -5.04406496e-01
 1.10807136e+00 -5.20082899e-01
 1.12309154e+00 -5.37266345e-01
 1.14130153e+00 -5.56148732e-01
 1.18770112e+00 -5.76956207e-01
 1.26733865e+00 -5.99956944e-01
 1.29191649e+00 -6.25471086e-01
 1.31685046e+00 -6.53883599e-01
 1.40445887e+00 -6.85661061e-01
 1.45806054e+00 -7.21373835e-01
 1.53752404e+00 -7.61725701e-01
 1.63758760e+00 -8.07594003e-01
 1.65662188e+00 -8.60084799e-01
 1.73944116e+00 -9.20609829e-01
 1.93041915e+00 -9.90995771e-01
 2.06347417e+00 -1.07364226e+00
 2.17968764e+00 -1.17175515e+00
 2.26370345e+00 -1.28969874e+00
 2.55403042e+00 -1.43354086e+00
 2.70092499e+00 -1.61191954e+00
 2.87268550e+00 -1.83746182e+00
 3.12617029e+00 -2.12917872e+00
 3.47147827e+00 -2.51663302e+00
 3.86364208e+00 -3.04737723e+00
 4.32503998e+00 -3.80031266e+00
 4.73809771e+00 -4.90835718e+00
 4.76368750e+00 -6.58565690e+00
 4.52427724e+00 -9.08497633e+00
 2.28070769e+00 -1.21828318e+01
 -2.73065475e+00 -1.36559254e+01
 -7.63346812e+00 -1.09121448e+01
 -9.04458430e+00 -6.65205273e+00
 -8.33058045e+00 -3.68323028e+00
 -7.12493782e+00 -2.01421165e+00
 -6.14095139e+00 -1.09658142e+00
 -5.29986709e+00 -5.76089338e-01
 -4.65481786e+00 -2.68963101e-01
 -4.09266354e+00 -8.13078545e-02
 -3.58565439e+00 3.64782788e-02
 -3.35943318e+00 1.11768939e-01
 -3.14307044e+00 1.60331175e-01
 -2.86869154e+00 1.91604705e-01
 -2.61080089e+00 2.11436080e-01
 -2.44924207e+00 2.23554500e-01
 -2.29186677e+00 2.30399774e-01
 -2.19969849e+00 2.33603385e-01
 -2.09555969e+00 2.34276936e-01
 -1.91065524e+00 2.33190026e-01
 -1.89689145e+00 2.30882742e-01
 -1.76015884e+00 2.27738413e-01
 -1.64400810e+00 2.24031619e-01
 -1.56745885e+00 2.19960459e-01
 -1.56072966e+00 2.15668582e-01
 -1.53553836e+00 2.11260466e-01
 -1.40984013e+00 2.06812145e-01
 -1.42013817e+00 2.02378829e-01
 -1.30099386e+00 1.98000389e-01
 -1.26520647e+00 1.93705331e-01
 -1.13986380e+00 1.89513705e-01
 -1.27030895e+00 1.85439250e-01
 -1.24235219e+00 1.81490993e-01
 -1.19384687e+00 1.77674437e-01
 -1.20423639e+00 1.73992461e-01
 -1.05375084e+00 1.70445992e-01
 -1.10561840e+00 1.67034524e-01
 -1.04549311e+00 1.63756503e-01
 -1.15939738e+00 1.60609627e-01
 -1.06117792e+00 1.57591072e-01
 -1.00942578e+00 1.54697668e-01
 -9.75262890e-01 1.51926030e-01
 -1.09378799e+00 1.49272658e-01
 -1.00737339e+00 1.46734018e-01
 -9.19317255e-01 1.44306596e-01
 -9.65971778e-01 1.41986945e-01
 -9.60155791e-01 1.39771720e-01
 -9.96876467e-01 1.37657697e-01
 -9.51533175e-01 1.35641796e-01
 -9.53129886e-01 1.33721093e-01
 -1.00243685e+00 1.31892830e-01
 -9.61337070e-01 1.30154418e-01
 -8.55308630e-01 1.28503448e-01
 -8.87882426e-01 1.26937687e-01
 -8.91510803e-01 1.25455085e-01
 -9.00661992e-01 1.24053776e-01
 -8.61224343e-01 1.22732076e-01
 -8.16689304e-01 1.21488489e-01
 -8.96982746e-01 1.20321705e-01
 -8.47588327e-01 1.19230600e-01
 -9.48122857e-01 1.18214244e-01
 -8.33743230e-01 1.17271900e-01
 -9.06594813e-01 1.16403028e-01
 -8.85623015e-01 1.15607290e-01
 -9.02653694e-01 1.14884558e-01
 -9.37932678e-01 1.14234918e-01
 -7.94897495e-01 1.13658679e-01
 -9.67711481e-01 1.13156388e-01
 -8.74092668e-01 1.12728834e-01
 -8.60930937e-01 1.12377070e-01
 -9.75875213e-01 1.12102423e-01
 -9.06008125e-01 1.11906517e-01
 -8.68032003e-01 1.11791294e-01
 -9.41671434e-01 1.11759037e-01
 -9.18884977e-01 1.11812401e-01
 -9.36522140e-01 1.11954447e-01
 -8.97512551e-01 1.12188678e-01
 -9.23159651e-01 1.12519084e-01
 -8.73164712e-01 1.12950192e-01
 -9.43815254e-01 1.13487124e-01
 -9.86225561e-01 1.14135665e-01
 -9.61065039e-01 1.14902337e-01
 -9.59342032e-01 1.15794491e-01
 -9.58086628e-01 1.16820408e-01
 -1.03358242e+00 1.17989421e-01
 -1.05513955e+00 1.19312050e-01
 -1.10701192e+00 1.20800168e-01
 -1.04418536e+00 1.22467189e-01
 -1.00954989e+00 1.24328292e-01
 -1.05499062e+00 1.26400683e-01
 -1.13079019e+00 1.28703904e-01
 -1.24579794e+00 1.31260204e-01
 -1.13495561e+00 1.34094976e-01
 -1.19037522e+00 1.37237282e-01
 -1.18648632e+00 1.40720485e-01
 -1.22328515e+00 1.44583008e-01
 -1.24578165e+00 1.48869263e-01
 -1.26672912e+00 1.53630779e-01
 -1.36655197e+00 1.58927582e-01
 -1.33429017e+00 1.64829911e-01
 -1.39422277e+00 1.71420341e-01
 -1.49986389e+00 1.78796437e-01
 -1.44803893e+00 1.87074106e-01
 -1.59781011e+00 1.96391847e-01
 -1.64151679e+00 2.06916195e-01
 -1.59311030e+00 2.18848744e-01
 -1.86233550e+00 2.32435317e-01
 -1.76223141e+00 2.47978025e-01
 -1.95848876e+00 2.65851336e-01
 -1.98919662e+00 2.86523717e-01
 -2.04305898e+00 3.10587157e-01
 -2.07468866e+00 3.38798024e-01
 -2.31683329e+00 3.72134439e-01
 -2.48279469e+00 4.11878192e-01
 -2.59606443e+00 4.59733831e-01
 -2.78174978e+00 5.18005242e-01
 -3.02712761e+00 5.89863211e-01
 -3.13260790e+00 6.79760688e-01
 -3.45525078e+00 7.94094450e-01
 -3.60146458e+00 9.42290225e-01
 -4.01659754e+00 1.13863888e+00
 -4.51271229e+00 1.40550843e+00
 -4.99051215e+00 1.77915301e+00
 -5.64160239e+00 2.32052283e+00
 -6.24483298e+00 3.13558778e+00
 -7.08488123e+00 4.41163262e+00
 -7.88946225e+00 6.46425571e+00
 -7.74102230e+00 9.67902846e+00
 -5.50598905e+00 1.37583187e+01
 1.03008383e-01 1.59298075e+01
 5.54238229e+00 1.36244108e+01
 7.76723403e+00 9.59790233e+00
 7.75220568e+00 6.46692889e+00
 7.12369649e+00 4.46300067e+00
 6.29563844e+00 3.20833440e+00
 5.62159684e+00 2.40043776e+00
 5.04975003e+00 1.85957440e+00
 4.44965940e+00 1.48348152e+00
 4.06190936e+00 1.21296987e+00
 3.66377852e+00 1.01261638e+00
 3.44831396e+00 8.60440205e-01
 3.27035249e+00 7.42323126e-01
 2.97605498e+00 6.48907388e-01
 2.83474476e+00 5.73813178e-01
 2.65938047e+00 5.12580238e-01
 2.41460421e+00 4.62019669e-01
 2.43239826e+00 4.19805491e-01
 2.15701611e+00 3.84210461e-01
 2.11997405e+00 3.53931132e-01
 2.00298394e+00 3.27969461e-01
 1.97008552e+00 3.05551125e-01
 1.92413516e+00 2.86068132e-01
 1.86723889e+00 2.69037848e-01
 1.84072732e+00 2.54073291e-01
 1.79530249e+00 2.40861317e-01
 1.56986457e+00 2.29146371e-01
 1.51010762e+00 2.18718261e-01
 1.52648073e+00 2.09402851e-01
 1.58463719e+00 2.01054900e-01
 1.42097626e+00 1.93552515e-01
 1.41970944e+00 1.86792796e-01
 1.47941202e+00 1.80688405e-01
 1.30702098e+00 1.75164839e-01
 1.36877122e+00 1.70158239e-01
 1.24405620e+00 1.65613631e-01
 1.28117051e+00 1.61483489e-01
 1.34058016e+00 1.57726568e-01
 1.26257146e+00 1.54306945e-01
 1.17834956e+00 1.51193225e-01
 1.18245161e+00 1.48357886e-01
 1.19960495e+00 1.45776727e-01
 1.17327617e+00 1.43428410e-01
 1.19604857e+00 1.41294074e-01
 1.16357092e+00 1.39357010e-01
 1.11235477e+00 1.37602384e-01
 1.11632105e+00 1.36016997e-01
 1.03236288e+00 1.34589090e-01
 1.07025393e+00 1.33308170e-01
 1.09491642e+00 1.32164857e-01
 1.08105740e+00 1.31150764e-01
 1.10661016e+00 1.30258380e-01
 1.09191936e+00 1.29480977e-01
 1.11066860e+00 1.28812525e-01
 9.65267131e-01 1.28247621e-01
 9.89251623e-01 1.27781423e-01
 1.07011581e+00 1.27409598e-01
 1.07311362e+00 1.27128266e-01
 1.01001531e+00 1.26933965e-01
 1.07812377e+00 1.26823605e-01
 1.01375647e+00 1.26794440e-01
 1.05088152e+00 1.26844032e-01
 1.00598753e+00 1.26970231e-01
 1.10318539e+00 1.27171144e-01
 9.57566998e-01 1.27445114e-01
 9.81905505e-01 1.27790703e-01
 1.01298156e+00 1.28206673e-01
 1.03218368e+00 1.28691965e-01
 1.11063797e+00 1.29245687e-01
 1.04430804e+00 1.29867097e-01
 1.08556191e+00 1.30555586e-01
 1.07886988e+00 1.31310669e-01
 9.54649498e-01 1.32131963e-01
 1.04062880e+00 1.33019177e-01
 1.12848315e+00 1.33972092e-01
 1.07497559e+00 1.34990547e-01
 1.14327835e+00 1.36074415e-01
 1.19631812e+00 1.37223588e-01
 1.08878979e+00 1.38437947e-01
 1.08352732e+00 1.39717337e-01
 1.14508639e+00 1.41061534e-01
 1.21897630e+00 1.42470204e-01
 1.20303111e+00 1.43942864e-01
 1.21316512e+00 1.45478824e-01
 1.14043031e+00 1.47077122e-01
 1.25855217e+00 1.48736450e-01
 1.27490369e+00 1.50455062e-01
 1.24247971e+00 1.52230654e-01
 1.30836166e+00 1.54060237e-01
 1.25638501e+00 1.55939959e-01
 1.30263035e+00 1.57864907e-01
 1.35235058e+00 1.59828851e-01
 1.36612795e+00 1.61823931e-01
 1.44629255e+00 1.63840271e-01
 1.53290058e+00 1.65865494e-01
 1.48694066e+00 1.67884119e-01
 1.53698862e+00 1.69876802e-01
 1.55696835e+00 1.71819373e-01
 1.52531638e+00 1.73681616e-01
 1.63756539e+00 1.75425715e-01
 1.55901167e+00 1.77004237e-01
 1.75797538e+00 1.78357543e-01
 1.82899817e+00 1.79410394e-01
 1.90293085e+00 1.80067494e-01
 1.95594044e+00 1.80207584e-01
 2.05694303e+00 1.79675534e-01
 2.11666930e+00 1.78271656e-01
 2.15575558e+00 1.75737118e-01
 2.28685936e+00 1.71733769e-01
 2.39288602e+00 1.65815924e-01
 2.52043861e+00 1.57390314e-01
 2.69339803e+00 1.45658396e-01
 2.84318525e+00 1.29531864e-01
 3.05551230e+00 1.07506621e-01
 3.26792967e+00 7.74710096e-02
 3.54766620e+00 3.64074619e-02
 3.79265688e+00 -2.00831127e-02
 4.10747624e+00 -9.85602020e-02
 4.54629768e+00 -2.09057400e-01
 5.03730301e+00 -3.67370321e-01
 5.63365837e+00 -5.99178269e-01
 6.24921761e+00 -9.47722834e-01
 7.18155598e+00 -1.48851375e+00
 8.09966811e+00 -2.35766323e+00
 9.24955364e+00 -3.80297833e+00
 1.04174569e+01 -6.24598831e+00
 1.06634333e+01 -1.01662946e+01
 8.03006483e+00 -1.50209881e+01
 1.85278290e+00 -1.74893979e+01
 -3.67497690e+00 -1.54134854e+01
 -6.35465216e+00 -1.16487767e+01
 -6.90463335e+00 -8.52951508e+00
 -6.52754428e+00 -6.37322819e+00
 -6.07793626e+00 -4.92174956e+00
 -5.48789974e+00 -3.92540906e+00
 -4.99395824e+00 -3.21985787e+00
 -4.65417866e+00 -2.70416643e+00
 -4.16179355e+00 -2.31622138e+00
 -3.92384819e+00 -2.01689586e+00
 -3.63690244e+00 -1.78081877e+00
 -3.41785717e+00 -1.59105251e+00
 -3.17844060e+00 -1.43597613e+00
 -2.98593292e+00 -1.30741468e+00
 -2.88533372e+00 -1.19948611e+00
 -2.64750670e+00 -1.10787131e+00
 -2.51826718e+00 -1.02934041e+00
 -2.40092438e+00 -9.61437983e-01
 -2.23094500e+00 -9.02269453e-01
 -2.30197640e+00 -8.50353174e-01
 -2.14456673e+00 -8.04516192e-01
 -2.04546503e+00 -7.63819536e-01
 -2.07827429e+00 -7.27503853e-01
 -1.86759012e+00 -6.94949296e-01
 -1.98738870e+00 -6.65645536e-01
 -1.75129612e+00 -6.39169083e-01
 -1.68796017e+00 -6.15165934e-01
 -1.73899651e+00 -5.93338169e-01
 -1.64339065e+00 -5.73433493e-01
 -1.59148796e+00 -5.55237000e-01
 -1.40071522e+00 -5.38564646e-01
 -1.45742922e+00 -5.23258017e-01
 -1.52183997e+00 -5.09180122e-01
 -1.45244193e+00 -4.96211978e-01
 -1.44588791e+00 -4.84249820e-01
 -1.48952061e+00 -4.73202813e-01
 -1.43350216e+00 -4.62991158e-01
 -1.31433864e+00 -4.53544521e-01
 -1.29181879e+00 -4.44800725e-01
 -1.26416123e+00 -4.36704644e-01
 -1.31614275e+00 -4.29207284e-01
 -1.30200095e+00 -4.22264993e-01
 -1.27305787e+00 -4.15838797e-01
 -1.23347989e+00 -4.09893832e-01
 -1.17320188e+00 -4.04398860e-01
 -1.22674341e+00 -3.99325848e-01
 -1.23866445e+00 -3.94649612e-01
 -1.16238608e+00 -3.90347506e-01
 -1.26972280e+00 -3.86399149e-01
 -1.13772716e+00 -3.82786199e-01
 -1.20559217e+00 -3.79492143e-01
 -1.17082090e+00 -3.76502124e-01
 -1.16669142e+00 -3.73802784e-01
 -1.17660930e+00 -3.71382130e-01
 -1.14180364e+00 -3.69229416e-01
 -1.24759771e+00 -3.67335037e-01
 -1.15405002e+00 -3.65690442e-01
 -1.14343893e+00 -3.64288049e-01
 -1.05955857e+00 -3.63121179e-01
 -1.13925026e+00 -3.62183997e-01
 -1.09664166e+00 -3.61471452e-01
 -1.06188249e+00 -3.60979239e-01
 -1.20299406e+00 -3.60703753e-01
 -1.08760071e+00 -3.60642060e-01
 -1.09865233e+00 -3.60791862e-01
 -1.09486739e+00 -3.61151479e-01
 -1.22649219e+00 -3.61719826e-01
 -1.11400684e+00 -3.62496395e-01
 -1.15309775e+00 -3.63481248e-01
 -1.06711980e+00 -3.64675003e-01
 -1.07567817e+00 -3.66078831e-01
 -1.16681734e+00 -3.67694453e-01
 -1.17568854e+00 -3.69524142e-01
 -1.26244451e+00 -3.71570723e-01
 -1.19869335e+00 -3.73837579e-01
 -1.27702224e+00 -3.76328662e-01
 -1.15388177e+00 -3.79048502e-01
 -1.23781193e+00 -3.82002219e-01
 -1.16865023e+00 -3.85195537e-01
 -1.20532189e+00 -3.88634804e-01
 -1.21596071e+00 -3.92327002e-01
 -1.21965224e+00 -3.96279775e-01
 -1.34480993e+00 -4.00501441e-01
 -1.25907246e+00 -4.05001010e-01
 -1.27611029e+00 -4.09788206e-01
 -1.48955999e+00 -4.14873475e-01
 -1.46994731e+00 -4.20268000e-01
 -1.42929999e+00 -4.25983697e-01
 -1.34196897e+00 -4.32033211e-01
 -1.42295383e+00 -4.38429891e-01
 -1.53177127e+00 -4.45187749e-01
 -1.47773119e+00 -4.52321386e-01
 -1.49463598e+00 -4.59845884e-01
 -1.60154663e+00 -4.67776644e-01
 -1.62027939e+00 -4.76129155e-01
 -1.67273256e+00 -4.84918664e-01
 -1.69781633e+00 -4.94159719e-01
 -1.83153848e+00 -5.03865536e-01
 -1.85457135e+00 -5.14047120e-01
 -1.79181456e+00 -5.24712059e-01
 -1.88757414e+00 -5.35862866e-01
 -1.99630225e+00 -5.47494681e-01
 -1.98666504e+00 -5.59592104e-01
 -2.11677572e+00 -5.72124787e-01
 -2.27692398e+00 -5.85041276e-01
 -2.41714681e+00 -5.98260341e-01
 -2.42372277e+00 -6.11658689e-01
 -2.62033495e+00 -6.25053351e-01
 -2.70191450e+00 -6.38176197e-01
 -2.79960944e+00 -6.50636590e-01
 -3.02592443e+00 -6.61865901e-01
 -3.26794734e+00 -6.71033804e-01
 -3.35576631e+00 -6.76919796e-01
 -3.64359151e+00 -6.77712155e-01
 -3.86425133e+00 -6.70686515e-01
 -4.19734155e+00 -6.51679512e-01
 -4.65193333e+00 -6.14203643e-01
 -5.14225127e+00 -5.47914556e-01
 -5.69549692e+00 -4.35871477e-01
 -6.35862765e+00 -2.49474982e-01
 -7.30472314e+00 6.11925866e-02
 -8.33314987e+00 5.86248040e-01
 -9.58070919e+00 1.49278850e+00
 -1.10877771e+01 3.09005370e+00
 -1.24660727e+01 5.89545777e+00
 -1.28472535e+01 1.04112487e+01
 -9.83016559e+00 1.57082692e+01
 -3.52663261e+00 1.81429537e+01
 2.08573466e+00 1.62421942e+01
 4.91914329e+00 1.28186568e+01
 5.75664931e+00 9.86148860e+00
 5.78258274e+00 7.70503424e+00
 5.52893400e+00 6.17943211e+00
 5.18056920e+00 5.08650321e+00
 4.73233257e+00 4.28405187e+00
 4.29957348e+00 3.67920331e+00
 4.02526715e+00 3.21197635e+00
 3.76562633e+00 2.84307187e+00
 3.54201812e+00 2.54615410e+00
 3.34304369e+00 2.30313960e+00
 3.12928282e+00 2.10131400e+00
 2.96685925e+00 1.93153822e+00
 2.77860329e+00 1.78710888e+00
 2.66125625e+00 1.66301781e+00
 2.48434372e+00 1.55546052e+00
 2.34330630e+00 1.46150284e+00
 2.39653907e+00 1.37885067e+00
 2.05751288e+00 1.30568778e+00
 2.13785348e+00 1.24055994e+00
 2.04045837e+00 1.18229053e+00
 2.01605695e+00 1.12991853e+00
 1.92591641e+00 1.08265210e+00
 1.91613502e+00 1.03983354e+00
 1.76536694e+00 1.00091252e+00
 1.80674284e+00 9.65425350e-01
 1.79348422e+00 9.32978906e-01
 1.63641161e+00 9.03237888e-01
 1.56567389e+00 8.75914760e-01
 1.51553742e+00 8.50761690e-01
 1.44904870e+00 8.27564054e-01
 1.47113923e+00 8.06135168e-01
 1.47435708e+00 7.86311982e-01
 1.51539717e+00 7.67951546e-01
 1.50241501e+00 7.50928085e-01
 1.36973153e+00 7.35130569e-01
 1.29953614e+00 7.20460688e-01
 1.39488446e+00 7.06831146e-01
 1.28911112e+00 6.94164227e-01
 1.31002899e+00 6.82390581e-01
 1.35350888e+00 6.71448186e-01
 1.21936279e+00 6.61281472e-01
 1.29561040e+00 6.51840563e-01
 1.24598370e+00 6.43080624e-01
 1.23973145e+00 6.34961311e-01
 1.14190249e+00 6.27446277e-01
 1.25544954e+00 6.20502762e-01
 1.17398019e+00 6.14101221e-01
 1.22301900e+00 6.08215012e-01
 1.08621659e+00 6.02820117e-01
 1.22301607e+00 5.97894903e-01
 1.16003836e+00 5.93419907e-01
 1.17026945e+00 5.89377652e-01
 1.09102929e+00 5.85752489e-01
 1.13701855e+00 5.82530449e-01
 1.14206166e+00 5.79699123e-01
 1.07487424e+00 5.77247552e-01
 1.10144281e+00 5.75166135e-01
 1.18663018e+00 5.73446544e-01
 1.22214022e+00 5.72081656e-01
 1.12448992e+00 5.71065493e-01
 1.14732241e+00 5.70393167e-01
 1.18974648e+00 5.70060843e-01
 1.10275168e+00 5.70065702e-01
 1.20815207e+00 5.70405913e-01
 1.15370248e+00 5.71080614e-01
 1.25199775e+00 5.72089899e-01
 1.18272581e+00 5.73434809e-01
 1.17796362e+00 5.75117334e-01
 1.23024123e+00 5.77140417e-01
 1.23037486e+00 5.79507964e-01
 1.20153603e+00 5.82224864e-01
 1.20463114e+00 5.85297010e-01
 1.23773289e+00 5.88731333e-01
 1.20877346e+00 5.92535836e-01
 1.31554302e+00 5.96719638e-01
 1.24640421e+00 6.01293027e-01
 1.25854752e+00 6.06267516e-01
 1.16019414e+00 6.11655910e-01
 1.27728259e+00 6.17472382e-01
 1.23992991e+00 6.23732558e-01
 1.29310552e+00 6.30453608e-01
 1.32556562e+00 6.37654351e-01
 1.35338657e+00 6.45355372e-01
 1.39064193e+00 6.53579144e-01
 1.37816302e+00 6.62350165e-01
 1.37954711e+00 6.71695111e-01
 1.53359201e+00 6.81642993e-01
 1.46223095e+00 6.92225331e-01
 1.57602063e+00 7.03476330e-01
 1.56708946e+00 7.15433077e-01
 1.56945864e+00 7.28135725e-01
 1.59150838e+00 7.41627685e-01
 1.69354466e+00 7.55955806e-01
 1.66322734e+00 7.71170520e-01
 1.68570704e+00 7.87325954e-01
 1.82689456e+00 8.04479951e-01
 1.84488885e+00 8.22693983e-01
 1.83524286e+00 8.42032865e-01
 1.94894667e+00 8.62564204e-01
 2.09684157e+00 8.84357414e-01
 2.11849135e+00 9.07482114e-01
 2.18152147e+00 9.32005601e-01
 2.29877182e+00 9.57988928e-01
 2.35676884e+00 9.85480922e-01
 2.52149487e+00 1.01450908e+00
 2.63262404e+00 1.04506573e+00
 2.82727995e+00 1.07708694e+00
 3.00926657e+00 1.11042014e+00
 3.09924652e+00 1.14477402e+00
 3.30404794e+00 1.17964009e+00
 3.59389662e+00 1.21416801e+00
 3.80213945e+00 1.24696425e+00
 4.11611521e+00 1.27576037e+00
 4.50160708e+00 1.29685424e+00
 4.90752796e+00 1.30414455e+00
 5.42300515e+00 1.28741498e+00
 6.05327962e+00 1.22919046e+00
 6.87592853e+00 1.09879118e+00
 7.81158648e+00 8.40750168e-01
 9.06340393e+00 3.51829373e-01
 1.04654764e+01 -5.63826179e-01
 1.23115528e+01 -2.27102997e+00
 1.38979931e+01 -5.35768339e+00
 1.43004362e+01 -1.02619071e+01
 1.09443614e+01 -1.56245437e+01
 4.76470726e+00 -1.78311801e+01
 -5.58842781e-01 -1.61458424e+01
 -3.44598788e+00 -1.31517458e+01
 -4.52465003e+00 -1.04785406e+01
 -4.70552219e+00 -8.44543896e+00
 -4.58319089e+00 -6.95016285e+00
 -4.46202710e+00 -5.84295820e+00
 -4.06522993e+00 -5.00723841e+00
 -3.86404076e+00 -4.36254079e+00
 -3.67499261e+00 -3.85466449e+00
 -3.50469504e+00 -3.44687637e+00
 -3.24434382e+00 -3.11386280e+00
 -3.03670619e+00 -2.83782749e+00
 -2.89397881e+00 -2.60600222e+00
 -2.68668542e+00 -2.40904628e+00
 -2.69061536e+00 -2.24000137e+00
 -2.46663444e+00 -2.09359685e+00
 -2.42671693e+00 -1.96577908e+00
 -2.22286630e+00 -1.85338676e+00
 -2.14111694e+00 -1.75392300e+00
 -2.05400049e+00 -1.66539270e+00
 -2.04218119e+00 -1.58618473e+00
 -1.93213364e+00 -1.51498531e+00
 -1.93278347e+00 -1.45071356e+00
 -1.88688982e+00 -1.39247285e+00
 -1.71365558e+00 -1.33951378e+00
 -1.77579063e+00 -1.29120555e+00
 -1.69886700e+00 -1.24701380e+00
 -1.68116411e+00 -1.20648309e+00
 -1.46490012e+00 -1.16922311e+00
 -1.49853283e+00 -1.13489762e+00
 -1.44358633e+00 -1.10321553e+00
 -1.41430527e+00 -1.07392377e+00
 -1.33566571e+00 -1.04680132e+00
 -1.46791791e+00 -1.02165446e+00
 -1.32014669e+00 -9.98312769e-01
 -1.38075718e+00 -9.76625800e-01
 -1.31888616e+00 -9.56460342e-01
 -1.20094331e+00 -9.37698096e-01
 -1.31460495e+00 -9.20233729e-01
 -1.28088953e+00 -9.03973224e-01
 -1.15986557e+00 -8.88832478e-01
 -1.24452276e+00 -8.74736106e-01
 -1.22925956e+00 -8.61616417e-01
 -1.28899400e+00 -8.49412536e-01
 -1.15972311e+00 -8.38069645e-01
 -1.14496055e+00 -8.27538328e-01
 -1.10052478e+00 -8.17774004e-01
 -1.12711419e+00 -8.08736436e-01
 -1.09439954e+00 -8.00389298e-01
 -1.21541894e+00 -7.92699801e-01
 -1.16611185e+00 -7.85638370e-01
 -1.13617712e+00 -7.79178353e-01
 -1.10949565e+00 -7.73295775e-01
 -1.21160790e+00 -7.67969114e-01
 -1.13608827e+00 -7.63179112e-01
 -1.13031840e+00 -7.58908608e-01
 -1.09970381e+00 -7.55142388e-01
 -1.08603144e+00 -7.51867061e-01
 -1.06714782e+00 -7.49070944e-01
 -1.08956134e+00 -7.46743970e-01
 -1.11099291e+00 -7.44877606e-01
 -1.05875491e+00 -7.43464783e-01
 -1.07181945e+00 -7.42499838e-01
 -1.08783894e+00 -7.41978468e-01
 -1.09903972e+00 -7.41897697e-01
 -1.00302987e+00 -7.42255842e-01
 -1.04339928e+00 -7.43052503e-01
 -1.09430284e+00 -7.44288546e-01
 -1.19391485e+00 -7.45966113e-01
 -1.06881354e+00 -7.48088621e-01
 -1.06811030e+00 -7.50660785e-01
 -1.09998846e+00 -7.53688644e-01
 -1.18370559e+00 -7.57179593e-01
 -1.18948502e+00 -7.61142431e-01
 -1.08731701e+00 -7.65587415e-01
 -1.18883119e+00 -7.70526323e-01
 -1.18840336e+00 -7.75972533e-01
 -1.16775002e+00 -7.81941111e-01
 -1.13188222e+00 -7.88448913e-01
 -1.22236038e+00 -7.95514697e-01
 -1.17303937e+00 -8.03159261e-01
 -1.21835893e+00 -8.11405585e-01
 -1.16856604e+00 -8.20279002e-01
 -1.22180116e+00 -8.29807387e-01
 -1.28722828e+00 -8.40021364e-01
 -1.25538218e+00 -8.50954546e-01
 -1.36062587e+00 -8.62643797e-01
 -1.40508310e+00 -8.75129532e-01
 -1.40636644e+00 -8.88456041e-01
 -1.37921648e+00 -9.02671863e-01
 -1.45235075e+00 -9.17830194e-01
 -1.51575028e+00 -9.33989338e-01
 -1.46752666e+00 -9.51213215e-01
 -1.49376097e+00 -9.69571911e-01
 -1.58049419e+00 -9.89142287e-01
 -1.52376291e+00 -1.01000864e+00
 -1.65714297e+00 -1.03226339e+00
 -1.76774424e+00 -1.05600785e+00
 -1.79067165e+00 -1.08135299e+00
 -1.83407879e+00 -1.10842014e+00
 -1.90194031e+00 -1.13734173e+00
 -1.89892520e+00 -1.16826177e+00
 -2.05637096e+00 -1.20133606e+00
 -2.08093889e+00 -1.23673193e+00
 -2.16531192e+00 -1.27462700e+00
 -2.30194391e+00 -1.31520657e+00
 -2.40379399e+00 -1.35865859e+00
 -2.53497959e+00 -1.40516497e+00
 -2.67323741e+00 -1.45488666e+00
 -2.80936181e+00 -1.50793894e+00
 -3.03247030e+00 -1.56435051e+00
 -3.24434308e+00 -1.62399586e+00
 -3.49647367e+00 -1.68648269e+00
 -3.66602072e+00 -1.75096252e+00
 -4.04762296e+00 -1.81580732e+00
 -4.43489034e+00 -1.87804655e+00
 -4.87743775e+00 -1.93236512e+00
 -5.32922907e+00 -1.96927251e+00
 -6.02193079e+00 -1.97166110e+00
 -6.85722565e+00 -1.90814392e+00
 -7.92639220e+00 -1.71982052e+00
 -9.30033384e+00 -1.29368835e+00
 -1.09292171e+01 -4.11005186e-01
 -1.29767311e+01 1.33553379e+00
 -1.46594416e+01 4.56729624e+00
 -1.47797843e+01 9.58408371e+00
 -1.13606216e+01 1.46786659e+01
 -5.63035825e+00 1.66006556e+01
 -8.77287929e-01 1.52107596e+01
 1.81663413e+00 1.27206134e+01
 2.92569315e+00 1.04228518e+01
 3.48911717e+00 8.60900767e+00
 3.54850792e+00 7.22951433e+00
 3.44237808e+00 6.17874181e+00
 3.36960221e+00 5.36674922e+00
 3.25946158e+00 4.72795852e+00
 3.04530225e+00 4.21637379e+00
 2.80786189e+00 3.79981539e+00
 2.75133088e+00 3.45552478e+00
 2.60383628e+00 3.16715126e+00
 2.41704827e+00 2.92274529e+00
 2.33828501e+00 2.71342471e+00
 2.13999998e+00 2.53248006e+00
 2.16121249e+00 2.37476638e+00
 2.06587848e+00 2.23628320e+00
 1.99031361e+00 2.11387990e+00
 1.87579773e+00 2.00504591e+00
 1.81187204e+00 1.90775904e+00
 1.72588810e+00 1.82037421e+00
 1.69435625e+00 1.74154094e+00
 1.71461418e+00 1.67014124e+00
 1.70598198e+00 1.60524239e+00
 1.52202604e+00 1.54606067e+00
 1.46167590e+00 1.49193315e+00
 1.41745287e+00 1.44229566e+00
 1.41973239e+00 1.39666530e+00
 1.39025860e+00 1.35462656e+00
 1.35396767e+00 1.31582014e+00
 1.29301187e+00 1.27993390e+00
 1.28957058e+00 1.24669555e+00
 1.32311926e+00 1.21586657e+00
 1.20716220e+00 1.18723728e+00
 1.31725632e+00 1.16062268e+00
 1.17627204e+00 1.13585906e+00
 1.14205525e+00 1.11280110e+00
 1.09624824e+00 1.09131946e+00
 1.20199131e+00 1.07129872e+00
 9.97644672e-01 1.05263564e+00
 1.08021803e+00 1.03523772e+00
 1.09008255e+00 1.01902189e+00
 1.11287966e+00 1.00391342e+00
 1.11268748e+00 9.89845029e-01
 1.10122294e+00 9.76756042e-01
 1.06823506e+00 9.64591696e-01
 1.05164230e+00 9.53302535e-01
 1.01631738e+00 9.42843880e-01
 9.15050693e-01 9.33175369e-01
 1.00532129e+00 9.24260551e-01
 1.04212585e+00 9.16066539e-01
 9.19288351e-01 9.08563694e-01
 1.06931709e+00 9.01725361e-01
 1.02193229e+00 8.95527632e-01
 1.04206071e+00 8.89949133e-01
 9.04128471e-01 8.84970850e-01
 9.51526006e-01 8.80575968e-01
 8.98635222e-01 8.76749733e-01
 1.03348421e+00 8.73479335e-01
 9.59700753e-01 8.70753809e-01
 9.37737052e-01 8.68563943e-01
 9.40465582e-01 8.66902210e-01
 9.57054391e-01 8.65762711e-01
 9.93356565e-01 8.65141124e-01
 9.50707718e-01 8.65034672e-01
 9.92859276e-01 8.65442099e-01
 9.42137901e-01 8.66363656e-01
 9.25456078e-01 8.67801101e-01
 9.98397364e-01 8.69757705e-01
 8.87497471e-01 8.72238272e-01
 9.36418015e-01 8.75249168e-01
 1.05495845e+00 8.78798363e-01
 1.07137286e+00 8.82895483e-01
 9.55086552e-01 8.87551873e-01
 1.02202470e+00 8.92780677e-01
 1.04137386e+00 8.98596926e-01
 1.02732145e+00 9.05017649e-01
 9.94965075e-01 9.12061994e-01
 1.08276784e+00 9.19751367e-01
 1.05261569e+00 9.28109597e-01
 1.07505255e+00 9.37163116e-01
 1.03289350e+00 9.46941169e-01
 1.07902170e+00 9.57476049e-01
 1.13491169e+00 9.68803360e-01
 1.15784724e+00 9.80962324e-01
 1.04247518e+00 9.93996116e-01
 1.12560847e+00 1.00795225e+00
 1.18175092e+00 1.02288302e+00
 1.12954837e+00 1.03884598e+00
 1.26473037e+00 1.05590451e+00
 1.20735227e+00 1.07412844e+00
 1.26524689e+00 1.09359479e+00
 1.31590365e+00 1.11438852e+00
 1.35318196e+00 1.13660351e+00
 1.41108866e+00 1.16034355e+00
 1.46283756e+00 1.18572355e+00
 1.44505344e+00 1.21287082e+00
 1.51907747e+00 1.24192658e+00
 1.52977234e+00 1.27304761e+00
 1.58514081e+00 1.30640810e+00
 1.59677414e+00 1.34220163e+00
 1.79296425e+00 1.38064339e+00
 1.80236520e+00 1.42197234e+00
 1.84104203e+00 1.46645352e+00
 1.98967360e+00 1.51437995e+00
 2.06747531e+00 1.56607403e+00
 2.19472720e+00 1.62188754e+00
 2.24536984e+00 1.68219936e+00
 2.30337953e+00 1.74740882e+00
 2.59174215e+00 1.81792154e+00
 2.70901818e+00 1.89412209e+00
 2.86260265e+00 1.97632388e+00
 3.06117512e+00 2.06467871e+00
 3.35141698e+00 2.15901510e+00
 3.62213082e+00 2.25854777e+00
 3.93700028e+00 2.36134983e+00
 4.49544338e+00 2.46337746e+00
 5.01656490e+00 2.55662805e+00
 5.60830233e+00 2.62557405e+00
 6.45252827e+00 2.64007767e+00
 7.54596805e+00 2.54101366e+00
 8.87845602e+00 2.21101350e+00
 1.07302835e+01 1.41805257e+00
 1.26829161e+01 -2.68524926e-01
 1.44673384e+01 -3.46352657e+00
 1.44885544e+01 -8.29547570e+00
 1.14296353e+01 -1.28915877e+01
 6.31236329e+00 -1.45730284e+01
 2.15161547e+00 -1.35596660e+01
 -3.00537385e-01 -1.16232428e+01
 -1.50129327e+00 -9.76201438e+00
