 NaN NaN
 2.72306891e-03 1.32735806e+00
 -3.42689602e-02 1.32760102e+00
 1.72388332e-02 1.32799900e+00
 -3.54655723e-02 1.32855127e+00
 -5.00362980e-02 1.32925761e+00
 2.76544533e-02 1.33011815e+00
 -1.65237851e-02 1.33113318e+00
 1.21901732e-02 1.33230320e+00
 -9.90708024e-03 1.33362885e+00
 1.47824918e-02 1.33511092e+00
 -1.39111874e-02 1.33675033e+00
 5.37715664e-02 1.33854813e+00
 -7.77545762e-02 1.34050552e+00
 4.89506466e-02 1.34262380e+00
 1.63301978e-02 1.34490443e+00
 1.19033913e-02 1.34734899e+00
 -2.22179135e-02 1.34995919e+00
 3.34821770e-02 1.35273688e+00
 -6.62530593e-02 1.35568406e+00
 -3.85473342e-02 1.35880286e+00
 -6.18153362e-02 1.36209556e+00
 -3.18397287e-02 1.36556460e+00
 -1.40870323e-02 1.36921255e+00
 1.04038156e-01 1.37304218e+00
 -1.25798140e-02 1.37705638e+00
 1.27907192e-03 1.38125826e+00
 -3.03477948e-02 1.38565108e+00
 3.06644138e-02 1.39023828e+00
 -1.47927485e-03 1.39502352e+00
 -6.43832584e-02 1.40001063e+00
 6.52958299e-02 1.40520366e+00
 -2.47847831e-02 1.41060690e+00
 6.71417929e-02 1.41622484e+00
 -4.13849504e-02 1.42206222e+00
 -3.36367847e-02 1.42812404e+00
 -6.64382131e-02 1.43441553e+00
 2.85969318e-02 1.44094224e+00
 -1.34402176e-02 1.44770998e+00
 -5.22067379e-02 1.45472486e+00
 -4.63283244e-02 1.46199334e+00
 -3.41036212e-02 1.46952218e+00
 2.87922206e-02 1.47731852e+00
 7.01657113e-02 1.48538988e+00
 -5.03601693e-02 1.49374415e+00
 3.68715505e-03 1.50238966e+00
 -3.19899042e-02 1.51133519e+00
 3.83938903e-02 1.52058997e+00
 4.44293309e-02 1.53016373e+00
 4.49611896e-03 1.54006676e+00
 -3.71107704e-02 1.55030987e+00
 -5.92965443e-02 1.56090450e+00
 1.06553160e-01 1.57186270e+00
 4.71626056e-02 1.58319724e+00
 1.13491779e-02 1.59492157e+00
 4.01844602e-03 1.60704993e+00
 -6.69472080e-04 1.61959740e+00
 -2.70152330e-02 1.63257992e+00
 -6.59047039e-02 1.64601438e+00
 1.55014516e-02 1.65991871e+00
 5.09639026e-02 1.67431191e+00
 8.87104553e-02 1.68921414e+00
 1.00682999e-01 1.70464683e+00
 2.22123009e-02 1.72063278e+00
 -3.85564259e-03 1.73719623e+00
 -5.55637237e-02 1.75436300e+00
 1.01844986e-01 1.77216065e+00
 3.96717534e-03 1.79061854e+00
 1.12368530e-02 1.80976807e+00
 8.30829778e-02 1.82964278e+00
 2.87661225e-02 1.85027861e+00
 -2.68269334e-02 1.87171405e+00
 3.66264226e-02 1.89399039e+00
 3.37213994e-02 1.91715199e+00
 -3.29026962e-03 1.94124655e+00
 3.23314232e-02 1.96632545e+00
 -6.32998230e-02 1.99244409e+00
 -7.58750789e-02 2.01966228e+00
 7.70609104e-02 2.04804472e+00
 7.06064777e-02 2.07766149e+00
 -4.37384152e-02 2.10858859e+00
 -2.56057612e-02 2.14090865e+00
 1.09846569e-02 2.17471157e+00
 6.54001635e-02 2.21009542e+00
 5.76876484e-02 2.24716735e+00
 -1.36693936e-02 2.28604467e+00
 1.01447811e-01 2.32685608e+00
 2.83941689e-02 2.36974308e+00
 3.08270617e-02 2.41486161e+00
 -7.52293992e-02 2.46238394e+00
 1.24144372e-01 2.51250087e+00
 8.27217644e-03 2.56542426e+00
 -3.85528693e-02 2.62139005e+00
 5.07249355e-02 2.68066176e+00
 -1.68623986e-02 2.74353466e+00
 5.45649814e-03 2.81034066e+00
 9.04458843e-02 2.88145424e+00
 3.70290289e-02 2.95729941e+00
 1.02062664e-03 3.03835828e+00
 2.86137782e-02 3.12518127e+00
 1.13498350e-01 3.21839971e+00
 8.63973733e-02 3.31874122e+00
 2.30792963e-02 3.42704885e+00
 9.97402767e-02 3.54430481e+00
 1.05083673e-01 3.67166049e+00
 7.98846106e-02 3.81047445e+00
 8.11796995e-02 3.96236115e+00
 1.73327483e-01 4.12925415e+00
 1.37355413e-01 4.31348890e+00
 1.06465260e-01 4.51791274e+00
 1.54638554e-01 4.74603301e+00
 1.65887553e-01 5.00221967e+00
 1.97085219e-01 5.29198715e+00
 2.16257804e-01 5.62239421e+00
 2.48858136e-01 6.00262334e+00
 3.40580485e-01 6.44484116e+00
 3.05030728e-01 6.96551157e+00
 5.68735143e-01 7.58746496e+00
 6.28852338e-01 8.34328040e+00
 7.58366707e-01 9.28105710e+00
 9.90581996e-01 1.04747765e+01
 1.41381531e+00 1.20440707e+01
 1.93238331e+00 1.41947817e+01
 3.00265192e+00 1.73096443e+01
 5.10623024e+00 2.21702503e+01
 1.03516309e+01 3.05077631e+01
 2.92433872e+01 4.48044979e+01
 9.34025344e+01 1.46747807e+01
 3.92375583e+01 -4.61383092e+01
 1.27341700e+01 -3.17081253e+01
 5.89665026e+00 -2.22631608e+01
 3.35523382e+00 -1.68560042e+01
 2.20351709e+00 -1.34545218e+01
 1.52002668e+00 -1.11381933e+01
 1.17054509e+00 -9.46522209e+00
 8.73317651e-01 -8.20234959e+00
 6.31728831e-01 -7.21602733e+00
 5.81679272e-01 -6.42465699e+00
 4.56074639e-01 -5.77570386e+00
 4.09785620e-01 -5.23387024e+00
 3.93185926e-01 -4.77458665e+00
 2.80209815e-01 -4.38023567e+00
 2.84849281e-01 -4.03786151e+00
 2.91083709e-01 -3.73772704e+00
 2.18740685e-01 -3.47237444e+00
 1.66889939e-01 -3.23599607e+00
 2.28672136e-01 -3.02400250e+00
 8.31527478e-02 -2.83271925e+00
 1.29758115e-01 -2.65916975e+00
 1.12379189e-01 -2.50091715e+00
 1.26141112e-01 -2.35594725e+00
 1.16375098e-01 -2.22258064e+00
 2.13528011e-04 -2.09940577e+00
 1.31627331e-01 -1.98522754e+00
 2.29120759e-01 -1.87902717e+00
 -1.20502000e-02 -1.77993075e+00
 4.69667475e-02 -1.68718423e+00
 7.09579395e-02 -1.60013340e+00
 8.33149839e-02 -1.51820780e+00
 6.91634985e-02 -1.44090756e+00
 -1.26872831e-02 -1.36779268e+00
 8.18276361e-02 -1.29847419e+00
 -2.08085636e-02 -1.23260681e+00
 2.38054999e-02 -1.16988285e+00
 8.65614724e-02 -1.11002706e+00
 4.41719051e-02 -1.05279236e+00
 7.09957199e-02 -9.97956134e-01
 5.49700537e-02 -9.45317131e-01
 7.43360564e-02 -8.94692827e-01
 4.13857591e-02 -8.45917120e-01
 5.55924613e-02 -7.98838372e-01
 8.59000576e-02 -7.53317703e-01
 8.70744024e-02 -7.09227510e-01
 4.94689743e-02 -6.66450176e-01
 1.40486391e-01 -6.24876936e-01
 7.49886126e-02 -5.84406888e-01
 8.60547092e-02 -5.44946108e-01
 8.55586700e-02 -5.06406873e-01
 1.62971535e-02 -4.68706972e-01
 -9.46234059e-03 -4.31769078e-01
 1.00967364e-02 -3.95520199e-01
 8.93144609e-02 -3.59891171e-01
 1.00537600e-01 -3.24816205e-01
 -6.13928437e-03 -2.90232468e-01
 3.66126922e-02 -2.56079707e-01
 8.24399568e-02 -2.22299889e-01
 5.39891798e-02 -1.88836881e-01
 6.33562206e-02 -1.55636138e-01
 7.76048342e-02 -1.22644417e-01
 1.03363755e-02 -8.98094987e-02
 5.29138710e-02 -5.70799210e-02
 9.26725323e-02 -2.44047246e-02
 1.14234009e-01 8.26680112e-03
 1.13620050e-01 4.09853676e-02
 1.06816006e-01 7.38019372e-02
 -2.13620893e-02 1.06767975e-01
 1.10949164e-02 1.39935709e-01
 -7.48013680e-02 1.73358392e-01
 -7.46244232e-03 2.07090581e-01
 3.93260463e-02 2.41188429e-01
 -1.19712977e-02 2.75709991e-01
 6.34439306e-02 3.10715552e-01
 4.74340737e-03 3.46267983e-01
 -4.99572649e-02 3.82433125e-01
 1.67696680e-02 4.19280205e-01
 5.66155140e-02 4.56882295e-01
 7.59794586e-02 4.95316818e-01
 6.52444198e-02 5.34666110e-01
 6.48595373e-03 5.75018044e-01
 8.34622090e-02 6.16466726e-01
 4.10600278e-02 6.59113285e-01
 5.31638722e-02 7.03066757e-01
 1.65294228e-02 7.48445090e-01
 1.92480769e-01 7.95376288e-01
 2.38928689e-02 8.43999713e-01
 4.68500426e-02 8.94467588e-01
 1.31825954e-01 9.46946713e-01
 5.25273753e-02 1.00162046e+00
 5.80200613e-02 1.05869110e+00
 1.19387558e-01 1.11838245e+00
 3.95254819e-02 1.18094309e+00
 9.21875979e-02 1.24665003e+00
 -6.60304823e-02 1.31581312e+00
 5.10842727e-02 1.38878020e+00
 7.17853581e-02 1.46594340e+00
 1.85913720e-01 1.54774651e+00
 1.78704950e-02 1.63469403e+00
 5.64079783e-02 1.72736207e+00
 5.72687219e-02 1.82641176e+00
 1.25643022e-01 1.93260565e+00
 1.17890837e-01 2.04682814e+00
 1.59069225e-01 2.17011102e+00
 1.64087269e-01 2.30366561e+00
 1.69898408e-01 2.44892377e+00
 1.84449829e-01 2.60759051e+00
 2.24402077e-01 2.78171253e+00
 2.73118568e-01 2.97376817e+00
 1.92373333e-01 3.18678746e+00
 3.35188788e-01 3.42451418e+00
 2.47363533e-01 3.69162846e+00
 2.36510565e-01 3.99405762e+00
 3.65221957e-01 4.33941873e+00
 3.60804752e-01 4.73766237e+00
 5.41805622e-01 5.20203189e+00
 5.86489175e-01 5.75053223e+00
 7.04414826e-01 6.40824893e+00
 9.38426250e-01 7.21113986e+00
 1.15045688e+00 8.21248435e+00
 1.52780280e+00 9.49434656e+00
 2.23329519e+00 1.11889280e+01
 3.18914100e+00 1.35200164e+01
 4.99731580e+00 1.68833916e+01
 8.86509784e+00 2.19639851e+01
 1.89091133e+01 2.93015250e+01
 4.75297876e+01 2.92691798e+01
 6.00611758e+01 -2.00589475e+01
 2.52509594e+01 -3.28054280e+01
 1.11560125e+01 -2.54000936e+01
 6.03897248e+00 -1.96166053e+01
 3.71274212e+00 -1.58080078e+01
 2.52380312e+00 -1.32090349e+01
 1.78499490e+00 -1.13464130e+01
 1.23829342e+00 -9.95393397e+00
 1.05916996e+00 -8.87665319e+00
 9.07433340e-01 -8.01981481e+00
 6.76199446e-01 -7.32270976e+00
 6.17088123e-01 -6.74483111e+00
 5.03011944e-01 -6.25819499e+00
 3.82815196e-01 -5.84288481e+00
 3.12861362e-01 -5.48435771e+00
 2.71665295e-01 -5.17175624e+00
 2.89247414e-01 -4.89681575e+00
 1.99785212e-01 -4.65313708e+00
 1.43050660e-01 -4.43569013e+00
 2.19313596e-01 -4.24046742e+00
 1.70196955e-01 -4.06423751e+00
 7.69292422e-02 -3.90436627e+00
 1.68442309e-01 -3.75868527e+00
 7.97470984e-02 -3.62539341e+00
 1.51213399e-01 -3.50298248e+00
 1.26921963e-01 -3.39017997e+00
 1.09056660e-01 -3.28590491e+00
 1.72414793e-01 -3.18923313e+00
 9.50407654e-02 -3.09936990e+00
 1.72280856e-01 -3.01562802e+00
 1.22575980e-02 -2.93741031e+00
 5.82848296e-02 -2.86419529e+00
 1.45036580e-01 -2.79552561e+00
 8.94191958e-02 -2.73099848e+00
 5.17976898e-02 -2.67025779e+00
 4.50785239e-02 -2.61298753e+00
 8.33108875e-02 -2.55890634e+00
 -6.36779077e-03 -2.50776286e+00
 4.60172222e-02 -2.45933185e+00
 8.54222917e-02 -2.41341091e+00
 -7.60651423e-04 -2.36981765e+00
 4.43569019e-02 -2.32838728e+00
 5.32311013e-02 -2.28897055e+00
 -3.01629450e-02 -2.25143196e+00
 1.09088650e-03 -2.21564824e+00
 7.71359907e-02 -2.18150698e+00
 1.63438849e-02 -2.14890549e+00
 9.07807493e-02 -2.11774975e+00
 -3.36865476e-02 -2.08795358e+00
 1.21726839e-01 -2.05943776e+00
 -9.50501048e-03 -2.03212944e+00
 4.20039405e-02 -2.00596147e+00
 -3.68507829e-02 -1.98087186e+00
 3.60839376e-02 -1.95680332e+00
 4.82151823e-03 -1.93370285e+00
 8.86979095e-02 -1.91152131e+00
 -1.19264989e-02 -1.89021313e+00
 -1.00745455e-02 -1.86973596e+00
 -6.55721910e-02 -1.85005045e+00
 2.32063045e-02 -1.83111997e+00
 5.79525181e-02 -1.81291039e+00
 -1.38179840e-02 -1.79538990e+00
 -6.00225860e-03 -1.77852883e+00
 -7.52161175e-02 -1.76229948e+00
 1.11623208e-02 -1.74667597e+00
 -3.78865227e-02 -1.73163412e+00
 1.34898541e-03 -1.71715132e+00
 4.07922777e-02 -1.70320646e+00
 -2.91188311e-02 -1.68977977e+00
 1.67610347e-02 -1.67685279e+00
 -5.22272475e-04 -1.66440823e+00
 6.97133050e-02 -1.65242999e+00
 1.36259689e-02 -1.64090299e+00
 5.02707879e-02 -1.62981319e+00
 8.87242446e-02 -1.61914751e+00
 -3.27580478e-02 -1.60889378e+00
 -6.88566752e-03 -1.59904071e+00
 2.54355466e-02 -1.58957785e+00
 2.82196266e-02 -1.58049556e+00
 8.85228999e-02 -1.57178500e+00
 -8.64969919e-03 -1.56343810e+00
 -4.32151859e-02 -1.55544753e+00
 3.65851083e-02 -1.54780671e+00
 -1.11320469e-01 -1.54050982e+00
 -8.58979831e-03 -1.53355177e+00
 -2.63619330e-02 -1.52692824e+00
 -8.52845109e-02 -1.52063566e+00
 1.99996819e-02 -1.51467125e+00
 2.40192297e-02 -1.50903309e+00
 3.55265869e-02 -1.50372009e+00
 1.21674247e-02 -1.49873208e+00
 -9.89370419e-03 -1.49406988e+00
 -7.82445736e-02 -1.48973535e+00
 -4.25912147e-02 -1.48573153e+00
 7.17312848e-02 -1.48206271e+00
 -8.04684844e-02 -1.47873460e+00
 4.96160676e-02 -1.47575449e+00
 4.46570664e-02 -1.47313146e+00
 -5.05655064e-02 -1.47087663e+00
 -6.74477107e-02 -1.46900348e+00
 2.20283465e-02 -1.46752823e+00
 4.24816556e-02 -1.46647029e+00
 -8.03157323e-02 -1.46585282e+00
 2.47862622e-02 -1.46570353e+00
 -2.91069977e-03 -1.46605549e+00
 2.45386868e-02 -1.46694832e+00
 -5.51677093e-02 -1.46842967e+00
 2.31502220e-02 -1.47055707e+00
 -2.34213181e-02 -1.47340041e+00
 -6.30027665e-02 -1.47704519e+00
 -3.05146733e-02 -1.48159684e+00
 -4.27261694e-02 -1.48718662e+00
 2.76462817e-02 -1.49397965e+00
 -6.06952013e-04 -1.50218627e+00
 2.73892307e-02 -1.51207818e+00
 1.44538267e-02 -1.52401185e+00
 4.13380637e-02 -1.53846360e+00
 2.12604801e-02 -1.55608314e+00
 -9.55646572e-02 -1.57777769e+00
 -7.23201242e-02 -1.60484856e+00
 -1.28413915e-01 -1.63921955e+00
 -2.91610640e-02 -1.68382999e+00
 -1.33700048e-01 -1.74331875e+00
 -1.65926831e-01 -1.82514744e+00
 -2.57701975e-01 -1.94072134e+00
 -4.53062592e-01 -2.09961206e+00
 -8.60873485e-01 -2.23037328e+00
 -1.78559259e+00 -1.70506380e+00
 -1.35176880e+00 -5.60055276e-01
 -6.59444821e-01 -4.62617983e-01
 -4.21793237e-01 -6.30595955e-01
 -2.77205257e-01 -7.71003250e-01
 -1.93403510e-01 -8.71152842e-01
 -1.83496497e-01 -9.43452245e-01
 -1.17852544e-01 -9.97479695e-01
 -1.61978868e-02 -1.03926786e+00
 2.14918104e-02 -1.07258965e+00
 -1.54863792e-02 -1.09987068e+00
 -2.38316504e-02 -1.12272339e+00
 -9.18477942e-02 -1.14225461e+00
 -2.42981245e-02 -1.15924649e+00
 -4.33419316e-02 -1.17426613e+00
 7.23592202e-03 -1.18773423e+00
 -7.92748707e-02 -1.19996923e+00
 -9.58348032e-02 -1.21121655e+00
 7.68863509e-02 -1.22166843e+00
 1.40077470e-01 -1.23147766e+00
 4.40652934e-02 -1.24076734e+00
 -6.63378608e-02 -1.24963787e+00
 -1.32915458e-02 -1.25817206e+00
 1.94137310e-02 -1.26643900e+00
 6.51949243e-02 -1.27449688e+00
 1.70281379e-02 -1.28239521e+00
 4.66957035e-02 -1.29017652e+00
 -4.67151737e-02 -1.29787767e+00
 -4.36314564e-02 -1.30553092e+00
 -8.58326889e-02 -1.31316471e+00
 9.58214949e-02 -1.32080440e+00
 7.35752382e-02 -1.32847273e+00
 -5.35708185e-02 -1.33619035e+00
 1.35495687e-02 -1.34397610e+00
 2.37816385e-02 -1.35184738e+00
 1.90447417e-02 -1.35982035e+00
 -4.96972671e-02 -1.36791019e+00
 -4.08238560e-02 -1.37613126e+00
 -2.94388105e-02 -1.38449723e+00
 -6.85193703e-02 -1.39302128e+00
 -1.02325183e-01 -1.40171617e+00
 2.16433091e-02 -1.41059434e+00
 -2.63882146e-02 -1.41966802e+00
 -3.17013219e-02 -1.42894933e+00
 2.80363356e-02 -1.43845032e+00
 -5.53915201e-02 -1.44818306e+00
 -1.45638909e-02 -1.45815972e+00
 -5.92489651e-02 -1.46839259e+00
 -1.55436578e-02 -1.47889417e+00
 5.60437030e-02 -1.48967724e+00
 -2.69948777e-02 -1.50075488e+00
 -1.22510765e-02 -1.51214056e+00
 4.34025460e-02 -1.52384815e+00
 -3.71031759e-02 -1.53589204e+00
 -4.81354553e-03 -1.54828715e+00
 -2.13966478e-03 -1.56104900e+00
 -5.82664354e-02 -1.57419378e+00
 -2.11049606e-02 -1.58773842e+00
 -7.38396730e-02 -1.60170065e+00
 -1.30046952e-02 -1.61609906e+00
 9.71420710e-02 -1.63095321e+00
 -3.43762087e-02 -1.64628369e+00
 -8.91800306e-02 -1.66211221e+00
 -3.21725403e-02 -1.67846171e+00
 -3.45275829e-02 -1.69535645e+00
 -4.05227415e-02 -1.71282213e+00
 5.46428710e-03 -1.73088602e+00
 -6.85804195e-02 -1.74957708e+00
 -9.16419341e-02 -1.76892613e+00
 2.15642847e-02 -1.78896599e+00
 -4.22933360e-02 -1.80973167e+00
 -1.17917205e-02 -1.83126056e+00
 -4.89065451e-02 -1.85359266e+00
 -1.30584278e-02 -1.87677079e+00
 -4.69672538e-02 -1.90084090e+00
 -8.21878169e-02 -1.92585233e+00
 3.69751741e-02 -1.95185815e+00
 8.64036545e-02 -1.97891553e+00
 -1.18513940e-02 -2.00708615e+00
 -4.89293665e-02 -2.03643667e+00
 2.34371265e-02 -2.06703921e+00
 -3.97251608e-02 -2.09897199e+00
 -2.21605775e-02 -2.13231995e+00
 -7.86792216e-02 -2.16717549e+00
 5.99310004e-02 -2.20363936e+00
 -1.33486850e-01 -2.24182157e+00
 9.98115138e-03 -2.28184253e+00
 -1.26886012e-01 -2.32383428e+00
 -1.21389585e-01 -2.36794197e+00
 -1.89654753e-02 -2.41432550e+00
 -3.95189873e-02 -2.46316145e+00
 -1.08583220e-01 -2.51464534e+00
 4.92303005e-02 -2.56899423e+00
 -7.44413663e-02 -2.62644974e+00
 -8.83689142e-02 -2.68728168e+00
 -1.65580460e-01 -2.75179224e+00
 -2.93819033e-02 -2.82032102e+00
 -1.62318235e-01 -2.89325099e+00
 -4.71576945e-02 -2.97101563e+00
 -1.59691311e-01 -3.05410751e+00
 -1.75746126e-01 -3.14308874e+00
 -2.10357577e-01 -3.23860363e+00
 -1.40730410e-01 -3.34139423e+00
 -1.35473686e-01 -3.45231957e+00
 -2.15794952e-01 -3.57237956e+00
 -1.73466675e-01 -3.70274497e+00
 -2.31487813e-01 -3.84479541e+00
 -2.65952347e-01 -4.00016780e+00
 -2.20818460e-01 -4.17081893e+00
 -3.40993527e-01 -4.35910711e+00
 -3.64914046e-01 -4.56789985e+00
 -2.93937101e-01 -4.80071796e+00
 -4.11812122e-01 -5.06193085e+00
 -4.95790646e-01 -5.35702548e+00
 -5.58009313e-01 -5.69298286e+00
 -6.40404386e-01 -6.07881494e+00
 -6.80714993e-01 -6.52634538e+00
 -8.95913933e-01 -7.05136994e+00
 -9.90647643e-01 -7.67542086e+00
 -1.28627973e+00 -8.42851396e+00
 -1.63131268e+00 -9.35352211e+00
 -2.12032746e+00 -1.05132476e+01
 -2.88388225e+00 -1.20017841e+01
 -3.97570371e+00 -1.39612802e+01
 -5.97401680e+00 -1.65961218e+01
 -9.82765653e+00 -2.01081554e+01
 -1.79667939e+01 -2.40012743e+01
 -3.45230736e+01 -2.25227729e+01
 -4.83267551e+01 1.28982881e+00
 -3.20250908e+01 2.22161900e+01
 -1.65645986e+01 2.23052826e+01
 -9.16242755e+00 1.83675512e+01
 -5.78251905e+00 1.49748598e+01
 -3.92966492e+00 1.24397249e+01
 -2.82361937e+00 1.05496572e+01
 -2.02600209e+00 9.10870988e+00
 -1.58303429e+00 7.98211655e+00
 -1.33821705e+00 7.08064968e+00
 -1.07255144e+00 6.34458407e+00
 -8.80930940e-01 5.73300876e+00
 -7.96722785e-01 5.21718641e+00
 -6.78566712e-01 4.77643887e+00
 -5.33167550e-01 4.39555508e+00
 -4.57604871e-01 4.06312081e+00
 -3.76112408e-01 3.77041681e+00
 -3.34062158e-01 3.51067520e+00
 -3.14226009e-01 3.27856678e+00
 -3.15248342e-01 3.06984065e+00
 -3.10654835e-01 2.88106613e+00
 -2.30335035e-01 2.70944503e+00
 -2.42143763e-01 2.55267284e+00
 -1.60181087e-01 2.40883485e+00
 -1.91542755e-01 2.27632721e+00
 -2.54689598e-01 2.15379646e+00
 -1.84990794e-01 2.04009245e+00
 -1.40635633e-01 1.93423161e+00
 -2.11295305e-01 1.83536770e+00
 -2.00037267e-01 1.74276866e+00
 -2.53186454e-01 1.65579783e+00
 -9.58219748e-02 1.57389882e+00
 -1.12655489e-01 1.49658315e+00
 -1.18388346e-01 1.42342003e+00
 -1.07179291e-01 1.35402802e+00
 -7.75813024e-02 1.28806799e+00
 -4.09083122e-02 1.22523731e+00
 -1.38250890e-01 1.16526491e+00
 -6.52389433e-02 1.10790714e+00
 -1.16756268e-01 1.05294425e+00
 -7.35060504e-02 1.00017738e+00
 -1.18110231e-01 9.49426004e-01
 -4.54782823e-02 9.00525684e-01
 -7.49377475e-02 8.53326191e-01
 -1.54636357e-01 8.07689831e-01
 -7.91124080e-02 7.63490009e-01
 -9.91049533e-02 7.20609969e-01
 -1.60982719e-01 6.78941684e-01
 -1.05927210e-01 6.38384888e-01
 -3.92857363e-02 5.98846212e-01
 -5.64941146e-02 5.60238423e-01
 -1.26442099e-01 5.22479744e-01
 -8.96117638e-02 4.85493243e-01
 -9.66950818e-02 4.49206285e-01
 1.67689816e-02 4.13550042e-01
 -3.48524136e-02 3.78459040e-01
 -7.86186344e-02 3.43870753e-01
 -6.80561591e-02 3.09725223e-01
 -3.30215555e-02 2.75964717e-01
 -7.44878366e-02 2.42533400e-01
 -7.37547926e-02 2.09377035e-01
 -6.59662293e-02 1.76442697e-01
 -1.13415194e-01 1.43678497e-01
 -1.26385184e-02 1.11033326e-01
 -5.02663331e-02 7.84565958e-02
 -9.90754512e-02 4.58979930e-02
 -6.89536762e-02 1.33072326e-02
 1.58598725e-02 -1.93661893e-02
 -9.23571190e-02 -5.21732430e-02
 -4.87548386e-02 -8.51656197e-02
 -8.15039498e-02 -1.18395992e-01
 -6.18733579e-02 -1.51918288e-01
 -6.35988626e-02 -1.85787971e-01
 -1.84894793e-03 -2.20062351e-01
 -1.44810585e-01 -2.54800896e-01
 -7.51491872e-02 -2.90065587e-01
 -7.30146868e-02 -3.25921291e-01
 7.68079741e-02 -3.62436167e-01
 -4.98586944e-02 -3.99682115e-01
 -6.88048684e-02 -4.37735275e-01
 -8.16932477e-02 -4.76676564e-01
 4.45069160e-02 -5.16592295e-01
 6.44666644e-03 -5.57574851e-01
 1.97572547e-02 -5.99723452e-01
 -1.21526143e-01 -6.43145017e-01
 -4.09908808e-02 -6.87955141e-01
 -3.71832927e-02 -7.34279203e-01
 -6.57930055e-02 -7.82253635e-01
 -3.63377465e-02 -8.32027368e-01
 -7.81472524e-02 -8.83763509e-01
 -6.48026572e-02 -9.37641258e-01
 -1.20749987e-01 -9.93858151e-01
 -6.74640044e-02 -1.05263266e+00
 -6.35698004e-02 -1.11420721e+00
 -1.37494482e-01 -1.17885181e+00
 -1.13643157e-01 -1.24686820e+00
 -1.38141673e-02 -1.31859487e+00
 -1.74285213e-01 -1.39441303e+00
 -1.21121356e-01 -1.47475372e+00
 -1.76074658e-01 -1.56010641e+00
 -1.72569784e-01 -1.65102939e+00
 -1.70705115e-01 -1.74816249e+00
 -1.63797958e-01 -1.85224262e+00
 -9.45666849e-02 -1.96412308e+00
 -1.52661810e-01 -2.08479753e+00
 -2.42714002e-01 -2.21543012e+00
 -2.14993826e-01 -2.35739368e+00
 -3.11471886e-01 -2.51231860e+00
 -3.75606096e-01 -2.68215581e+00
 -2.53537880e-01 -2.86925921e+00
 -3.41947730e-01 -3.07649449e+00
 -4.32842265e-01 -3.30738468e+00
 -4.84981123e-01 -3.56630770e+00
 -6.11911326e-01 -3.85876826e+00
 -6.07113586e-01 -4.19177826e+00
 -7.70522483e-01 -4.57439817e+00
 -8.45860490e-01 -5.01852168e+00
 -9.46511851e-01 -5.54003466e+00
 -1.20671385e+00 -6.16055905e+00
 -1.45396060e+00 -6.91011918e+00
 -1.85293101e+00 -7.83125067e+00
 -2.42405202e+00 -8.98523482e+00
 -3.34044757e+00 -1.04607380e+01
 -4.67145665e+00 -1.23811485e+01
 -7.23624248e+00 -1.48830240e+01
 -1.18377589e+01 -1.79025976e+01
 -2.09450661e+01 -1.98805662e+01
 -3.60985967e+01 -1.28369064e+01
 -3.90934741e+01 9.57768813e+00
 -2.44230100e+01 2.09092442e+01
 -1.35291849e+01 2.00184168e+01
 -8.01745376e+00 1.70000636e+01
 -5.23521070e+00 1.43549035e+01
 -3.57643258e+00 1.23094261e+01
 -2.61955269e+00 1.07418912e+01
 -2.00520959e+00 9.52188176e+00
 -1.59036649e+00 8.55304590e+00
 -1.25886654e+00 7.76851002e+00
 -1.04289235e+00 7.12196272e+00
 -8.24660452e-01 6.58085310e+00
 -7.04188742e-01 6.12184986e+00
 -6.22857731e-01 5.72789026e+00
 -6.00007151e-01 5.38625471e+00
 -4.67980463e-01 5.08729225e+00
 -4.08658353e-01 4.82356128e+00
 -4.03365620e-01 4.58923928e+00
 -3.85062134e-01 4.37970984e+00
 -3.12829926e-01 4.19126852e+00
 -2.71303525e-01 4.02091008e+00
 -1.95104273e-01 3.86617209e+00
 -2.45722871e-01 3.72501844e+00
 -1.41057686e-01 3.59575144e+00
 -2.46866896e-01 3.47694470e+00
 -1.24150756e-01 3.36739121e+00
 -1.83232697e-01 3.26606298e+00
 -3.35052748e-02 3.17207913e+00
 -1.54090693e-01 3.08468058e+00
 -1.56150179e-01 3.00320981e+00
 -9.42988048e-02 2.92709445e+00
 -2.53638220e-01 2.85583399e+00
 -1.42559968e-01 2.78898888e+00
 -1.21841560e-01 2.72617156e+00
 -1.42495742e-01 2.66703900e+00
 -5.80115621e-02 2.61128653e+00
 -6.59988302e-02 2.55864264e+00
 -4.72553690e-02 2.50886458e+00
 -2.08731455e-02 2.46173469e+00
 -9.20739319e-02 2.41705728e+00
 -1.33553630e-01 2.37465586e+00
 -1.37835949e-01 2.33437096e+00
 -1.65841528e-01 2.29605806e+00
 -5.18938187e-03 2.25958594e+00
 -6.11610338e-02 2.22483515e+00
 -6.55218663e-02 2.19169679e+00
 1.35399840e-02 2.16007136e+00
 -1.16041916e-01 2.12986776e+00
 -5.01849705e-02 2.10100248e+00
 -7.57705724e-02 2.07339879e+00
 -1.58820324e-02 2.04698615e+00
 1.82353712e-02 2.02169953e+00
 -1.13679401e-01 1.99747898e+00
 -1.25232207e-01 1.97426909e+00
 5.11796728e-02 1.95201865e+00
 -6.67303350e-02 1.93068024e+00
 -3.21399916e-02 1.91020991e+00
 -4.10205633e-02 1.89056690e+00
 -3.67798685e-02 1.87171336e+00
 -1.82035026e-02 1.85361414e+00
 -4.22084758e-02 1.83623656e+00
 3.94542399e-02 1.81955024e+00
 -7.20083406e-03 1.80352690e+00
 -3.92683697e-02 1.78814024e+00
 -3.61008122e-02 1.77336578e+00
 -8.45836832e-02 1.75918076e+00
 -3.56809695e-02 1.74556398e+00
 -8.93746786e-02 1.73249576e+00
 -1.52740368e-02 1.71995782e+00
 -1.55130846e-02 1.70793320e+00
 -2.20164552e-02 1.69640619e+00
 -7.43716206e-02 1.68536228e+00
 -4.88662576e-02 1.67478808e+00
 3.61868166e-02 1.66467130e+00
 -5.29658004e-02 1.65500070e+00
 -7.50520616e-02 1.64576604e+00
 -7.10746583e-02 1.63695807e+00
 1.91904691e-02 1.62856851e+00
 -2.95140995e-02 1.62059001e+00
 -1.55759592e-02 1.61301619e+00
 2.37195072e-02 1.60584160e+00
 -2.51437417e-02 1.59906174e+00
 -2.32784471e-02 1.59267305e+00
 -5.88473742e-02 1.58667299e+00
 -1.01756877e-02 1.58106001e+00
 1.21294081e-02 1.57583364e+00
 1.73638173e-03 1.57099450e+00
 3.17766307e-02 1.56654439e+00
 -1.49634939e-02 1.56248639e+00
 -1.26060564e-02 1.55882490e+00
 -5.63834668e-03 1.55556582e+00
 1.37446943e-03 1.55271666e+00
 -6.66815597e-02 1.55028669e+00
 2.00866890e-02 1.54828717e+00
 -7.14385449e-02 1.54673158e+00
 3.42759917e-02 1.54563590e+00
 -8.15420387e-02 1.54501894e+00
 -5.19621223e-02 1.54490279e+00
 2.86114022e-02 1.54531326e+00
 4.36403622e-03 1.54628051e+00
 -3.19428794e-02 1.54783980e+00
 1.10841020e-01 1.55003233e+00
 1.11193297e-01 1.55290638e+00
 1.21163218e-02 1.55651868e+00
 -5.44714365e-03 1.56093608e+00
 -4.08717204e-02 1.56623771e+00
 1.13551752e-02 1.57251772e+00
 2.76015390e-02 1.57988873e+00
 -1.37704337e-03 1.58848637e+00
 5.09101484e-02 1.59847515e+00
 5.65958961e-02 1.61005626e+00
 1.17229363e-01 1.62347798e+00
 -1.60386361e-02 1.63904983e+00
 6.89498833e-02 1.65716201e+00
 6.17692910e-02 1.67831253e+00
 1.18535370e-01 1.70314571e+00
 2.79864393e-02 1.73250764e+00
 1.61698077e-01 1.76752722e+00
 1.57883876e-01 1.80973610e+00
 1.52299054e-01 1.86124673e+00
 1.69939264e-01 1.92501164e+00
 1.64391127e-01 2.00517084e+00
 2.84584424e-01 2.10736946e+00
 3.45023881e-01 2.23829120e+00
 5.69566991e-01 2.40055221e+00
 1.00673566e+00 2.56414863e+00
 1.71658458e+00 2.53869692e+00
 2.54362425e+00 1.76372360e+00
 2.17849847e+00 4.92809335e-01
 1.38920288e+00 5.63334417e-02
 8.16746978e-01 1.41546237e-01
 5.30415888e-01 3.13585571e-01
 2.41047734e-01 4.66063709e-01
 1.49293965e-01 5.87285617e-01
 2.31883365e-01 6.82555900e-01
 6.71698236e-02 7.58339592e-01
 1.03458559e-01 8.19706419e-01
 1.18347043e-01 8.70318423e-01
 -1.25246267e-02 9.12787191e-01
 5.07029991e-02 9.48990364e-01
 1.31772168e-01 9.80298318e-01
 9.88573238e-02 1.00772823e+00
 8.09599660e-02 1.03204789e+00
 9.92641657e-02 1.05384621e+00
 -2.64000316e-02 1.07358161e+00
 -1.08582810e-02 1.09161592e+00
 6.90675767e-02 1.10823837e+00
 8.58047580e-02 1.12368284e+00
 3.52788269e-02 1.13814057e+00
 1.21853911e-01 1.15176949e+00
 1.53654990e-02 1.16470124e+00
 -8.18166599e-02 1.17704656e+00
 -3.05873125e-02 1.18889940e+00
 -2.05383939e-02 1.20034008e+00
 3.38418705e-02 1.21143780e+00
 9.74586666e-02 1.22225266e+00
 -3.04118754e-03 1.23283722e+00
 2.18964240e-02 1.24323776e+00
 8.61740028e-02 1.25349536e+00
 7.68832171e-02 1.26364669e+00
 -4.31867990e-02 1.27372477e+00
 3.90773465e-02 1.28375949e+00
 8.46336104e-02 1.29377814e+00
 -1.18841678e-03 1.30380578e+00
 -5.88771839e-02 1.31386561e+00
 2.41422782e-02 1.32397926e+00
 6.72129152e-02 1.33416701e+00
 2.66477754e-02 1.34444805e+00
 -1.18953942e-02 1.35484065e+00
 -1.37072799e-02 1.36536232e+00
 4.70430939e-02 1.37602996e+00
 -6.07143564e-02 1.38685999e+00
 1.06720832e-01 1.39786848e+00
 -1.99489195e-02 1.40907124e+00
 1.21078029e-01 1.42048392e+00
 1.03645474e-01 1.43212211e+00
 8.15805483e-02 1.44400141e+00
 -2.93760701e-02 1.45613755e+00
 2.77199379e-02 1.46854639e+00
 3.18596035e-02 1.48124409e+00
 1.07957754e-01 1.49424711e+00
 -7.95076092e-03 1.50757231e+00
 9.23244585e-03 1.52123704e+00
 2.71770558e-02 1.53525917e+00
 2.37246511e-02 1.54965722e+00
 9.17561767e-02 1.56445040e+00
 2.99506899e-02 1.57965871e+00
 5.70167428e-02 1.59530301e+00
 4.65327367e-02 1.61140512e+00
 1.27226671e-02 1.62798793e+00
 1.67360029e-02 1.64507548e+00
 7.23147079e-02 1.66269307e+00
 -4.22454465e-02 1.68086739e+00
 2.84586578e-02 1.69962666e+00
 1.96901163e-02 1.71900072e+00
 -6.19585959e-02 1.73902125e+00
 1.43234367e-01 1.75972187e+00
 -2.01245421e-02 1.78113836e+00
 9.08372949e-02 1.80330885e+00
 1.99907005e-02 1.82627402e+00
 4.89100350e-02 1.85007737e+00
 9.40152891e-02 1.87476547e+00
 -2.96909148e-02 1.90038826e+00
 5.54087727e-03 1.92699937e+00
 5.50055297e-02 1.95465649e+00
 -8.78084314e-04 1.98342180e+00
 2.76601936e-02 2.01336238e+00
 7.02072301e-02 2.04455078e+00
 1.56404621e-01 2.07706555e+00
 8.89636852e-02 2.11099194e+00
 4.88785195e-02 2.14642259e+00
 8.11446256e-02 2.18345839e+00
 1.15414274e-01 2.22220943e+00
 8.40744412e-02 2.26279608e+00
 -1.13038688e-02 2.30535022e+00
 5.73900498e-02 2.35001671e+00
 1.55603582e-01 2.39695494e+00
 5.32585635e-02 2.44634081e+00
 7.81370050e-02 2.49836885e+00
 1.32916203e-01 2.55325483e+00
 5.35778280e-02 2.61123866e+00
 1.47901363e-01 2.67258796e+00
 3.06113411e-02 2.73760209e+00
 1.19306543e-01 2.80661707e+00
 1.45108041e-01 2.88001129e+00
 2.29129469e-01 2.95821243e+00
 1.43117571e-01 3.04170574e+00
 1.29066390e-01 3.13104399e+00
 1.63533012e-01 3.22685961e+00
 2.08800637e-01 3.32987948e+00
 2.54767158e-01 3.44094317e+00
 3.09574474e-01 3.56102546e+00
 2.46017910e-01 3.69126456e+00
 2.65612625e-01 3.83299746e+00
 2.97864374e-01 3.98780494e+00
 3.65261308e-01 4.15756912e+00
 4.50968030e-01 4.34454795e+00
 4.25874050e-01 4.55147244e+00
 4.75488142e-01 4.78167533e+00
 4.81472647e-01 5.03926305e+00
 6.45956980e-01 5.32934861e+00
 6.67600065e-01 5.65837123e+00
 8.24688663e-01 6.03454088e+00
 9.66172057e-01 6.46846497e+00
 1.18247091e+00 6.97404259e+00
 1.46539919e+00 7.56975204e+00
 1.70885113e+00 8.28050629e+00
 2.17194686e+00 9.14027774e+00
 2.74806334e+00 1.01955524e+01
 3.64034747e+00 1.15087593e+01
 4.78646280e+00 1.31566427e+01
 7.05439659e+00 1.52004779e+01
 1.09262161e+01 1.75267912e+01
 1.78976448e+01 1.91409615e+01
 2.91483854e+01 1.58897415e+01
 3.72010828e+01 1.25057962e+00
 2.98580645e+01 -1.40692003e+01
 1.85220579e+01 -1.79399452e+01
 1.14232400e+01 -1.64805433e+01
 7.35710185e+00 -1.41611933e+01
 5.01081631e+00 -1.20957552e+01
 3.70624259e+00 -1.04253284e+01
 2.80618604e+00 -9.09355711e+00
 2.12933878e+00 -8.02367103e+00
 1.70926762e+00 -7.15236971e+00
 1.37746225e+00 -6.43234363e+00
 1.19843133e+00 -5.82898929e+00
 1.02562026e+00 -5.31693586e+00
 9.25107595e-01 -4.87737664e+00
 7.22726660e-01 -4.49617598e+00
 6.45081872e-01 -4.16255415e+00
 5.68520610e-01 -3.86817395e+00
 4.75325476e-01 -3.60650087e+00
 4.60425672e-01 -3.37234938e+00
 4.38220244e-01 -3.16155714e+00
 3.82089208e-01 -2.97074758e+00
 3.13426510e-01 -2.79715484e+00
 3.57799315e-01 -2.63849290e+00
 2.98124587e-01 -2.49285667e+00
 3.08930648e-01 -2.35864626e+00
 2.05294253e-01 -2.23450857e+00
 2.81412963e-01 -2.11929163e+00
 1.97515225e-01 -2.01200864e+00
 1.97042529e-01 -1.91180946e+00
 1.65457055e-01 -1.81795769e+00
 3.12498561e-01 -1.72981225e+00
 1.97662250e-01 -1.64681235e+00
 7.78947374e-02 -1.56846524e+00
 1.05763816e-01 -1.49433608e+00
 1.08809525e-01 -1.42403959e+00
 1.42240576e-01 -1.35723305e+00
 9.23105428e-02 -1.29361050e+00
 9.60485547e-02 -1.23289776e+00
 1.99211407e-01 -1.17484835e+00
 2.82221376e-02 -1.11923987e+00
 4.81296742e-02 -1.06587105e+00
 1.02601875e-01 -1.01455915e+00
 6.35159696e-02 -9.65137700e-01
 1.86837125e-02 -9.17454620e-01
 1.48543434e-01 -8.71370526e-01
 1.34239399e-01 -8.26757282e-01
 4.42422962e-02 -7.83496732e-01
 9.73494718e-02 -7.41479584e-01
 1.17444568e-01 -7.00604426e-01
 6.23081726e-02 -6.60776862e-01
 6.46372462e-02 -6.21908736e-01
 1.40202484e-01 -5.83917450e-01
 8.90356665e-02 -5.46725349e-01
 3.84051069e-02 -5.10259165e-01
 1.32041309e-01 -4.74449522e-01
 -5.35898456e-03 -4.39230486e-01
 7.21440049e-02 -4.04539145e-01
 6.94331808e-02 -3.70315238e-01
 1.24543378e-01 -3.36500800e-01
 3.90644721e-02 -3.03039844e-01
 2.32529778e-02 -2.69878051e-01
 1.28568659e-01 -2.36962487e-01
 1.07705253e-01 -2.04241330e-01
 5.71356264e-02 -1.71663610e-01
 5.12946996e-02 -1.39178957e-01
 3.90474508e-02 -1.06737351e-01
 3.37152485e-02 -7.42888801e-02
 9.76007401e-02 -4.17834995e-02
 4.03374471e-03 -9.17078388e-03
 1.20561732e-01 2.36003202e-02
 4.90551221e-02 5.65817502e-02
 1.51458743e-01 8.98265929e-02
 6.92118379e-03 1.23389362e-01
 9.94859999e-02 1.57326292e-01
 5.38183028e-02 1.91695650e-01
 1.16648419e-01 2.26558070e-01
 1.25502619e-01 2.61976916e-01
 7.32288020e-02 2.98018674e-01
 1.20747937e-01 3.34753383e-01
 1.07030849e-01 3.72255110e-01
 9.40481908e-02 4.10602469e-01
 9.37746049e-02 4.49879208e-01
 1.08280301e-01 4.90174854e-01
 1.15043009e-01 5.31585448e-01
 3.46161851e-02 5.74214354e-01
 1.05936029e-01 6.18173199e-01
 1.35590819e-01 6.63582915e-01
 1.60135042e-01 7.10574943e-01
 7.00871142e-02 7.59292604e-01
 1.25453453e-01 8.09892672e-01
 1.08966225e-01 8.62547194e-01
 2.15646878e-01 9.17445582e-01
 1.42818382e-01 9.74797063e-01
 1.31149614e-01 1.03483352e+00
 1.94844070e-01 1.09781285e+00
 9.02509007e-02 1.16402285e+00
 1.87602446e-01 1.23378591e+00
 1.20798252e-01 1.30746452e+00
 2.08479300e-01 1.38546784e+00
 1.84813943e-01 1.46825965e+00
 1.54326801e-01 1.55636793e+00
 1.93860111e-01 1.65039643e+00
 2.34824982e-01 1.75103891e+00
 2.13914446e-01 1.85909661e+00
 2.18293819e-01 1.97549992e+00
 3.05259995e-01 2.10133545e+00
 3.46980873e-01 2.23788006e+00
 3.09469641e-01 2.38664412e+00
 3.57623958e-01 2.54942687e+00
 4.03199155e-01 2.72838805e+00
 4.36379287e-01 2.92614152e+00
 4.98901293e-01 3.14587880e+00
 5.70105068e-01 3.39153416e+00
 5.72982814e-01 3.66800774e+00
 7.30163308e-01 3.98147053e+00
 8.33465434e-01 4.33978646e+00
 8.95972094e-01 4.75310214e+00
 1.11931845e+00 5.23467711e+00
 1.43498194e+00 5.80205232e+00
 1.71335482e+00 6.47866732e+00
 2.17292775e+00 7.29596944e+00
 2.85120185e+00 8.29565623e+00
 3.73818304e+00 9.53000277e+00
 5.27547251e+00 1.10515778e+01
 7.60687338e+00 1.28574809e+01
 1.17502144e+01 1.46515230e+01
 1.88155674e+01 1.49703282e+01
 2.82985708e+01 9.43484287e+00
 3.15545344e+01 -4.38016775e+00
 2.36798343e+01 -1.47142006e+01
 1.49579391e+01 -1.66555646e+01
 9.47246719e+00 -1.53010915e+01
 6.34704395e+00 -1.34313538e+01
 4.54296249e+00 -1.17600222e+01
 3.19597332e+00 -1.03877785e+01
 2.50598725e+00 -9.27801758e+00
 1.97142022e+00 -8.37589812e+00
 1.59584046e+00 -7.63422855e+00
 1.29476013e+00 -7.01667972e+00
 1.11074270e+00 -6.49607844e+00
 8.58504987e-01 -6.05214794e+00
 8.52065986e-01 -5.66964252e+00
 6.56287443e-01 -5.33696821e+00
 5.76368008e-01 -5.04519666e+00
 5.22486040e-01 -4.78736517e+00
 5.08176019e-01 -4.55797767e+00
 3.97938162e-01 -4.35264605e+00
 3.73997718e-01 -4.16782926e+00
 3.31455916e-01 -4.00064141e+00
 3.21592403e-01 -3.84870899e+00
 2.04289798e-01 -3.71006330e+00
 2.84437768e-01 -3.58305853e+00
 1.56264591e-01 -3.46630885e+00
 2.43544436e-01 -3.35863940e+00
 1.93063805e-01 -3.25904798e+00
 2.07432584e-01 -3.16667463e+00
 1.99865049e-01 -3.08077748e+00
 1.71331327e-01 -3.00071324e+00
 1.14627408e-01 -2.92592146e+00
 1.35541333e-01 -2.85591169e+00
 1.43172170e-01 -2.79025296e+00
 6.27241841e-02 -2.72856505e+00
 7.77185970e-02 -2.67051131e+00
 6.66020682e-02 -2.61579258e+00
 8.63222944e-02 -2.56414220e+00
 1.32822292e-01 -2.51532170e+00
 1.21845895e-01 -2.46911721e+00
 6.87118449e-02 -2.42533642e+00
 9.96859976e-02 -2.38380589e+00
 -3.62521892e-02 -2.34436888e+00
 7.61386150e-02 -2.30688335e+00
 9.74634335e-02 -2.27122036e+00
 5.23901906e-02 -2.23726254e+00
 9.03675310e-02 -2.20490292e+00
 1.18080350e-01 -2.17404376e+00
 6.96254587e-02 -2.14459563e+00
 -5.85684645e-02 -2.11647656e+00
 -1.84612464e-02 -2.08961131e+00
 4.24237104e-02 -2.06393068e+00
 1.85770336e-02 -2.03937098e+00
 3.95463675e-02 -2.01587352e+00
 5.88858269e-02 -1.99338411e+00
 4.90237330e-02 -1.97185270e+00
 1.16521360e-01 -1.95123300e+00
 6.16370282e-02 -1.93148219e+00
 4.32079872e-02 -1.91256060e+00
 4.98150254e-02 -1.89443145e+00
 -2.85510232e-03 -1.87706068e+00
 5.95170544e-02 -1.86041668e+00
 -2.32394914e-02 -1.84447014e+00
 9.88334987e-02 -1.82919386e+00
 5.64349005e-02 -1.81456265e+00
 1.46270850e-01 -1.80055314e+00
 8.79869663e-02 -1.78714370e+00
 1.21476643e-02 -1.77431432e+00
 -3.63486326e-02 -1.76204652e+00
 3.71582371e-02 -1.75032327e+00
 -2.92418161e-02 -1.73912891e+00
 1.00334116e-01 -1.72844909e+00
 9.14704310e-02 -1.71827069e+00
 -6.97750593e-02 -1.70858183e+00
 4.24383865e-02 -1.69937177e+00
 -4.85267295e-02 -1.69063092e+00
 -5.37631026e-03 -1.68235079e+00
 1.99488863e-02 -1.67452398e+00
 1.11944769e-02 -1.66714419e+00
 4.65178016e-02 -1.66020618e+00
 -2.90363415e-02 -1.65370582e+00
 -2.17963530e-02 -1.64764008e+00
 3.71695920e-02 -1.64200705e+00
 -8.95364113e-02 -1.63680601e+00
 2.29178156e-02 -1.63203743e+00
 -9.62141810e-02 -1.62770306e+00
 -4.48128124e-02 -1.62380599e+00
 4.11732753e-02 -1.62035073e+00
 -2.13688373e-02 -1.61734333e+00
 3.46432907e-02 -1.61479151e+00
 4.07742202e-02 -1.61270476e+00
 -5.82275564e-02 -1.61109458e+00
 -3.81737603e-02 -1.60997464e+00
 9.22851297e-02 -1.60936106e+00
 -8.46846240e-03 -1.60927267e+00
 2.28858885e-03 -1.60973137e+00
 3.16566752e-02 -1.61076252e+00
 2.12810950e-02 -1.61239545e+00
 -2.37125455e-02 -1.61466405e+00
 3.88355891e-02 -1.61760741e+00
 3.77466439e-02 -1.62127075e+00
 -1.00378481e-01 -1.62570635e+00
 -3.77970492e-02 -1.63097487e+00
 -7.00673174e-02 -1.63714682e+00
 2.45015675e-02 -1.64430447e+00
 6.40324945e-02 -1.65254416e+00
 -5.28430031e-02 -1.66197922e+00
 -2.95643883e-02 -1.67274368e+00
 8.66840731e-03 -1.68499687e+00
 -1.52725290e-02 -1.69892946e+00
 -1.11811690e-01 -1.71477115e+00
 -6.06041280e-02 -1.73280079e+00
 -4.03334589e-02 -1.75335970e+00
 -1.08206534e-01 -1.77686942e+00
 -7.29849604e-03 -1.80385565e+00
 -5.26631491e-03 -1.83498078e+00
 -2.77751906e-02 -1.87108858e+00
 -1.16834800e-01 -1.91326597e+00
 -7.95916852e-02 -1.96292816e+00
 -1.99463596e-01 -2.02193462e+00
 -2.11178667e-01 -2.09273959e+00
 -2.80411724e-01 -2.17856049e+00
 -2.88863315e-01 -2.28346730e+00
 -3.93317028e-01 -2.41200227e+00
 -6.88627454e-01 -2.56687424e+00
 -9.63552913e-01 -2.73938639e+00
 -1.34978457e+00 -2.87404889e+00
 -2.25889015e+00 -2.76342684e+00
 -3.00906972e+00 -1.97364491e+00
 -2.93597792e+00 -6.42266515e-01
 -2.19009568e+00 1.25094598e-01
 -1.32302032e+00 2.24376025e-01
 -9.08729064e-01 8.69281031e-02
 -6.73797058e-01 -8.61217522e-02
 -3.81199475e-01 -2.41434400e-01
 -3.64274580e-01 -3.70828998e-01
 -2.43905303e-01 -4.77091163e-01
 -2.20178509e-01 -5.64740133e-01
 -2.29466946e-01 -6.37809162e-01
 -1.64459048e-01 -6.99484646e-01
 3.71042112e-02 -7.52198018e-01
 -1.30081562e-01 -7.97792913e-01
 -1.39466930e-01 -8.37673922e-01
 -3.44602855e-02 -8.72921129e-01
 -9.31722474e-03 -9.04374285e-01
 -8.79827028e-02 -9.32693795e-01
 -7.48079214e-02 -9.58404914e-01
 -3.71640422e-02 -9.81929945e-01
 -5.86263136e-02 -1.00361192e+00
 -7.84012785e-02 -1.02373220e+00
 -1.33450347e-01 -1.04252365e+00
 -3.89735388e-02 -1.06018068e+00
 -3.48280607e-02 -1.07686693e+00
 -9.48128495e-02 -1.09272116e+00
 -6.92598869e-03 -1.10786193e+00
 -1.15487801e-01 -1.12239126e+00
 -1.57773454e-02 -1.13639752e+00
 -5.52658861e-02 -1.14995774e+00
 3.67520831e-02 -1.16313954e+00
 6.54637119e-02 -1.17600263e+00
 -1.85124893e-02 -1.18860003e+00
 4.81979805e-02 -1.20097918e+00
 -2.49568481e-02 -1.21318272e+00
 -2.36642639e-02 -1.22524926e+00
 -5.27849177e-04 -1.23721395e+00
 -1.05640462e-01 -1.24910898e+00
 -2.86194895e-04 -1.26096405e+00
 5.93893045e-03 -1.27280671e+00
 1.06905247e-01 -1.28466267e+00
 3.05898330e-02 -1.29655612e+00
 2.92437103e-02 -1.30850990e+00
 2.81197805e-02 -1.32054577e+00
 -5.67209916e-02 -1.33268458e+00
 3.45832252e-02 -1.34494641e+00
 -2.27311839e-02 -1.35735076e+00
 -3.37838468e-04 -1.36991665e+00
 9.88560516e-03 -1.38266276e+00
 -4.31012678e-02 -1.39560753e+00
 -8.46684255e-02 -1.40876928e+00
 -2.40490471e-02 -1.42216630e+00
 -4.70977081e-02 -1.43581697e+00
 5.33095084e-02 -1.44973979e+00
 -1.30398506e-02 -1.46395352e+00
 -5.23852143e-02 -1.47847728e+00
 2.26400364e-02 -1.49333056e+00
 -1.11675972e-01 -1.50853341e+00
 -5.42076408e-02 -1.52410642e+00
 -4.00906494e-02 -1.54007091e+00
 -1.34163653e-02 -1.55644894e+00
 -2.36252567e-02 -1.57326347e+00
 -6.07574140e-02 -1.59053842e+00
 -2.59661643e-02 -1.60829881e+00
 -4.26680611e-02 -1.62657082e+00
 -1.16656298e-01 -1.64538199e+00
 8.14723689e-02 -1.66476128e+00
 -1.05300021e-01 -1.68473924e+00
 -1.44279279e-02 -1.70534819e+00
 -8.76736105e-02 -1.72662233e+00
 -7.54954096e-02 -1.74859795e+00
 -1.74672727e-02 -1.77131364e+00
 -4.99655055e-02 -1.79481049e+00
 -9.13377157e-02 -1.81913233e+00
 -2.17204693e-01 -1.84432601e+00
 -9.30128031e-02 -1.87044166e+00
 -6.16518506e-02 -1.89753305e+00
 1.96651547e-02 -1.92565793e+00
 -4.11232679e-02 -1.95487844e+00
 -4.91144397e-02 -1.98526156e+00
 -1.26517172e-01 -2.01687961e+00
 -1.37431332e-01 -2.04981080e+00
 -9.05411137e-02 -2.08413991e+00
 -1.53653956e-01 -2.11995897e+00
 -4.04701830e-02 -2.15736809e+00
 -1.50144145e-01 -2.19647640e+00
 -2.85514997e-02 -2.23740306e+00
 -1.52016864e-01 -2.28027851e+00
 -6.28909300e-02 -2.32524582e+00
 -2.80835501e-02 -2.37246229e+00
 -1.93546770e-01 -2.42210127e+00
 -5.54228795e-02 -2.47435423e+00
 -1.96846582e-01 -2.52943330e+00
 -2.23589295e-01 -2.58757403e+00
 -1.56961947e-01 -2.64903878e+00
 -7.22328860e-02 -2.71412062e+00
 -1.82749443e-01 -2.78314799e+00
 -2.26226679e-01 -2.85649012e+00
 -1.89631170e-01 -2.93456360e+00
 -1.55407369e-01 -3.01784017e+00
 -3.28328609e-01 -3.10685610e+00
 -2.66128684e-01 -3.20222354e+00
 -2.43724412e-01 -3.30464435e+00
 -1.73707514e-01 -3.41492696e+00
 -2.59731812e-01 -3.53400724e+00
 -3.91061844e-01 -3.66297430e+00
 -2.92097734e-01 -3.80310279e+00
 -3.83430459e-01 -3.95589359e+00
 -4.72087951e-01 -4.12312538e+00
 -4.80848235e-01 -4.30692081e+00
 -5.72207956e-01 -4.50983189e+00
 -5.34283302e-01 -4.73495141e+00
 -6.37880457e-01 -4.98605962e+00
 -7.02472647e-01 -5.26781913e+00
 -8.57760843e-01 -5.58603630e+00
 -9.11087197e-01 -5.94801457e+00
 -1.17554774e+00 -6.36303435e+00
 -1.29097632e+00 -6.84300505e+00
 -1.58084970e+00 -7.40334022e+00
 -2.01809453e+00 -8.06408969e+00
 -2.40400406e+00 -8.85125423e+00
 -3.11260948e+00 -9.79780190e+00
 -3.84424036e+00 -1.09425029e+01
 -5.28001886e+00 -1.23199562e+01
 -7.39739948e+00 -1.39189731e+01
 -1.09653444e+01 -1.55320187e+01
 -1.66712535e+01 -1.62659920e+01
 -2.47310636e+01 -1.34514033e+01
 -3.11838935e+01 -3.54079652e+00
 -2.83567024e+01 8.78911090e+00
 -2.00446977e+01 1.45569922e+01
 -1.31254424e+01 1.49443273e+01
 -8.80183287e+00 1.35463147e+01
 -6.17528330e+00 1.18965523e+01
 -4.49735780e+00 1.04151186e+01
 -3.32397158e+00 9.17082683e+00
 -2.68029148e+00 8.14118397e+00
 -2.11181774e+00 7.28725598e+00
 -1.74275019e+00 6.57320053e+00
 -1.50610338e+00 5.97005537e+00
 -1.23370098e+00 5.45532893e+00
 -1.03572895e+00 5.01172533e+00
 -8.89655784e-01 4.62591549e+00
 -8.11015987e-01 4.28755237e+00
 -6.02299967e-01 3.98852805e+00
 -6.24706870e-01 3.72242466e+00
 -4.98741500e-01 3.48411040e+00
 -5.55412392e-01 3.26944145e+00
 -4.47918030e-01 3.07504036e+00
 -3.70702643e-01 2.89813005e+00
 -4.04433857e-01 2.73640817e+00
 -3.10694141e-01 2.58795116e+00
 -2.64362035e-01 2.45114035e+00
 -1.94301196e-01 2.32460438e+00
 -2.67446853e-01 2.20717412e+00
 -2.78366711e-01 2.09784688e+00
 -2.23291475e-01 1.99575799e+00
 -2.29719355e-01 1.90015788e+00
 -1.04114145e-01 1.81039355e+00
 -1.94229478e-01 1.72589347e+00
 -1.11937221e-01 1.64615526e+00
 -1.37219031e-01 1.57073540e+00
 -2.21529598e-01 1.49924082e+00
 -1.26549692e-01 1.43132182e+00
 -1.39932900e-01 1.36666613e+00
 -1.13996063e-01 1.30499394e+00
 -1.32210106e-01 1.24605366e+00
 -7.42326734e-02 1.18961833e+00
 -1.54494438e-01 1.13548257e+00
 -7.97172274e-02 1.08345991e+00
 -8.43005002e-02 1.03338053e+00
 -1.27720028e-01 9.85089350e-01
 -4.93973665e-02 9.38444251e-01
 -4.74563238e-02 8.93314652e-01
 -1.09427623e-01 8.49580191e-01
 -1.03447546e-01 8.07129592e-01
 -1.12118922e-01 7.65859662e-01
 -2.07576471e-01 7.25674408e-01
 -5.95646661e-02 6.86484249e-01
 -1.31446752e-01 6.48205320e-01
 -4.82114753e-02 6.10758843e-01
 -1.13601736e-01 5.74070566e-01
 -5.08748523e-02 5.38070256e-01
 -6.08582991e-02 5.02691237e-01
 -7.71172638e-02 4.67869976e-01
 -5.67023732e-02 4.33545696e-01
 -1.47653641e-01 3.99660021e-01
 -8.57669764e-02 3.66156652e-01
 -9.53039661e-02 3.32981059e-01
 -3.90451544e-02 3.00080192e-01
 -2.48854533e-02 2.67402210e-01
 -1.40305874e-01 2.34896219e-01
 -1.02046412e-01 2.02512018e-01
 -1.45705432e-01 1.70199858e-01
 -9.62859245e-03 1.37910197e-01
 -2.17310351e-02 1.05593459e-01
 1.69097917e-02 7.31997999e-02
 3.32417209e-02 4.06788549e-02
 -1.10700599e-01 7.97949478e-03
 -2.56179993e-03 -2.49504344e-02
 -2.19310932e-01 -5.81643806e-02
 -1.06288084e-01 -9.17173690e-02
 -9.32079167e-02 -1.25666303e-01
 -4.71892103e-02 -1.60070285e-01
 -8.80284780e-02 -1.94990966e-01
 -1.95385575e-01 -2.30492916e-01
 -1.62684689e-01 -2.66644041e-01
 -1.07498823e-01 -3.03516028e-01
 -1.24806305e-01 -3.41184843e-01
 -4.87510654e-02 -3.79731283e-01
 -3.35302983e-02 -4.19241590e-01
 -8.96581743e-02 -4.59808136e-01
 -9.68688586e-02 -5.01530197e-01
 -9.69114515e-02 -5.44514824e-01
 -2.90566580e-02 -5.88877827e-01
 -1.04956868e-01 -6.34744903e-01
 -9.60595689e-02 -6.82252913e-01
 -1.29703342e-01 -7.31551353e-01
 -7.48233359e-02 -7.82804042e-01
 -1.64190667e-01 -8.36191074e-01
 -9.35768093e-02 -8.91911079e-01
 -6.60103227e-03 -9.50183858e-01
 -1.40208695e-01 -1.01125346e+00
 -1.67289703e-01 -1.07539180e+00
 -3.74535299e-02 -1.14290292e+00
 -1.60713684e-01 -1.21412801e+00
 -1.90318944e-01 -1.28945149e+00
 -2.49212016e-01 -1.36930813e+00
 -1.63749160e-01 -1.45419172e+00
 -1.60269047e-01 -1.54466559e+00
 -2.61923037e-01 -1.64137525e+00
 -2.99760353e-01 -1.74506409e+00
 -3.43293967e-01 -1.85659251e+00
 -2.21080424e-01 -1.97696182e+00
 -4.22654172e-01 -2.10734401e+00
 -3.21904516e-01 -2.24911929e+00
 -3.77632256e-01 -2.40392370e+00
 -3.63224992e-01 -2.57371008e+00
 -4.93689622e-01 -2.76082671e+00
 -5.14296489e-01 -2.96811976e+00
 -6.47643374e-01 -3.19906766e+00
 -6.70843975e-01 -3.45795918e+00
 -7.85891231e-01 -3.75013060e+00
 -9.26233180e-01 -4.08228358e+00
 -1.10985423e+00 -4.46291078e+00
 -1.38224261e+00 -4.90286102e+00
 -1.58265924e+00 -5.41606789e+00
 -1.92880084e+00 -6.02041818e+00
 -2.30870005e+00 -6.73855823e+00
 -2.94952919e+00 -7.59785178e+00
 -3.89143111e+00 -8.62683377e+00
 -5.33389399e+00 -9.83949710e+00
 -7.40390828e+00 -1.11793663e+01
 -1.08812161e+01 -1.23365741e+01
 -1.62883733e+01 -1.22332605e+01
 -2.31559625e+01 -8.30156751e+00
 -2.67027829e+01 1.11626377e+00
 -2.27737381e+01 1.02647232e+01
 -1.58900688e+01 1.38547451e+01
 -1.05815282e+01 1.38219760e+01
 -7.37032616e+00 1.26384589e+01
 -5.19925810e+00 1.13064284e+01
 -3.86469095e+00 1.01088978e+01
 -2.98513567e+00 9.09469735e+00
 -2.25781450e+00 8.24814173e+00
 -1.81394819e+00 7.54067803e+00
 -1.51163814e+00 6.94531569e+00
 -1.25397445e+00 6.43980668e+00
 -1.18432220e+00 6.00659796e+00
 -9.20578033e-01 5.63201600e+00
 -7.76256209e-01 5.30540982e+00
 -7.55744874e-01 5.01843655e+00
 -7.23279484e-01 4.76450848e+00
 -5.46619554e-01 4.53837665e+00
 -5.76811064e-01 4.33582006e+00
 -4.94874953e-01 4.15341341e+00
 -3.64529300e-01 3.98835284e+00
 -4.80305942e-01 3.83832414e+00
 -3.22734827e-01 3.70140234e+00
 -3.37561958e-01 3.57597453e+00
 -2.18920450e-01 3.46068000e+00
 -2.86630343e-01 3.35436342e+00
 -2.55804249e-01 3.25603801e+00
 -2.05282974e-01 3.16485617e+00
 -1.62053275e-01 3.08008606e+00
 -1.86954630e-01 3.00109265e+00
 -1.05283133e-01 2.92732237e+00
 -1.18493165e-01 2.85829057e+00
 -2.01864135e-01 2.79357122e+00
 -8.17718063e-02 2.73278836e+00
 -1.08857804e-01 2.67560902e+00
 -2.24818877e-01 2.62173728e+00
 -1.32509359e-01 2.57090936e+00
 -1.18712960e-01 2.52288932e+00
 -1.27161893e-01 2.47746559e+00
 -4.50066427e-02 2.43444793e+00
 -9.77091502e-02 2.39366478e+00
 -1.34284723e-01 2.35496112e+00
 -6.69307973e-02 2.31819651e+00
 -2.92520296e-02 2.28324348e+00
 -6.82209929e-02 2.24998604e+00
 -5.04583983e-02 2.21831850e+00
 -1.06276686e-01 2.18814433e+00
 -1.22436443e-01 2.15937527e+00
 -1.08382183e-01 2.13193044e+00
 5.16595830e-03 2.10573564e+00
 1.58992602e-02 2.08072270e+00
 -9.30754842e-02 2.05682891e+00
 -1.41337541e-01 2.03399652e+00
 -3.67548482e-02 2.01217229e+00
 -5.11677035e-02 1.99130707e+00
 -6.88510420e-02 1.97135548e+00
 -4.74503206e-04 1.95227561e+00
 -4.73549356e-02 1.93402866e+00
 -1.09095902e-01 1.91657877e+00
 -7.13856968e-02 1.89989277e+00
 -1.47160818e-02 1.88393995e+00
 -2.59828163e-02 1.86869193e+00
 -3.98800565e-02 1.85412247e+00
 -6.61712391e-02 1.84020730e+00
 1.21097665e-02 1.82692406e+00
 -6.97668822e-02 1.81425214e+00
 1.90910818e-02 1.80217256e+00
 -6.65461349e-02 1.79066794e+00
 4.75516085e-02 1.77972238e+00
 -3.72249529e-02 1.76932139e+00
 -2.82665442e-02 1.75945186e+00
 4.32159295e-02 1.75010198e+00
 2.10240833e-03 1.74126121e+00
 2.14024930e-02 1.73292028e+00
 -4.06854990e-02 1.72507109e+00
 -4.35671956e-02 1.71770678e+00
 -3.48439523e-02 1.71082168e+00
 -1.14498127e-02 1.70441130e+00
 3.63788570e-02 1.69847237e+00
 -2.94523078e-02 1.69300284e+00
 4.37544642e-03 1.68800192e+00
 2.84124689e-03 1.68347015e+00
 4.51222172e-02 1.67940936e+00
 5.70555411e-02 1.67582286e+00
 -3.52620565e-02 1.67271544e+00
 -5.22233794e-02 1.67009346e+00
 -1.25140410e-02 1.66796505e+00
 -3.28124082e-02 1.66634013e+00
 5.75136197e-02 1.66523070e+00
 -7.37615143e-02 1.66465092e+00
 -1.23488873e-01 1.66461740e+00
 -1.10836551e-02 1.66514944e+00
 8.24920969e-03 1.66626936e+00
 5.95716684e-03 1.66800286e+00
 -4.13683680e-02 1.67037942e+00
 -5.20948688e-02 1.67343286e+00
 -5.46685951e-02 1.67720193e+00
 -5.54030991e-03 1.68173101e+00
 8.60703452e-03 1.68707100e+00
 7.30113811e-03 1.69328035e+00
 -3.30716430e-02 1.70042632e+00
 -4.65811042e-02 1.70858647e+00
 5.27694821e-02 1.71785053e+00
 1.11883392e-01 1.72832267e+00
 7.27452369e-02 1.74012427e+00
 3.86052748e-02 1.75339744e+00
 1.51284257e-02 1.76830931e+00
 -2.97770265e-02 1.78505752e+00
 2.00039067e-02 1.80387716e+00
 9.65624625e-02 1.82504965e+00
 -7.31849152e-04 1.84891413e+00
 5.68541712e-02 1.87588236e+00
 4.92137656e-03 1.90645811e+00
 1.47751858e-01 1.94126279e+00
 1.42251618e-01 1.98106924e+00
 2.22948223e-01 2.02684658e+00
 1.97897116e-01 2.07981906e+00
 9.85938598e-02 2.14154180e+00
 2.47535625e-01 2.21399252e+00
 1.86828489e-01 2.29966621e+00
 3.53274116e-01 2.40161909e+00
 4.74657050e-01 2.52328624e+00
 6.11210939e-01 2.66752498e+00
 8.03813721e-01 2.83319088e+00
 1.15377582e+00 3.00408857e+00
 1.62701855e+00 3.11606296e+00
 2.50537125e+00 2.97990439e+00
 3.25318873e+00 2.24825638e+00
 3.48707202e+00 9.28215491e-01
 2.90119086e+00 -1.16087695e-01
 2.08894519e+00 -4.65459863e-01
 1.34090476e+00 -4.26355980e-01
 9.37771253e-01 -2.67562737e-01
 6.21747706e-01 -9.50260228e-02
 5.32930479e-01 6.04894705e-02
 3.63631560e-01 1.93455905e-01
 3.39456521e-01 3.05657097e-01
 2.30462741e-01 4.00461410e-01
 2.25373676e-01 4.81125415e-01
 2.41470712e-01 5.50381320e-01
 1.79083089e-01 6.10416014e-01
 -9.39296938e-03 6.62953603e-01
 1.24589924e-01 7.09350802e-01
 1.42095714e-01 7.50679693e-01
 1.50935394e-01 7.87793375e-01
 1.43418937e-01 8.21376291e-01
 1.50582098e-01 8.51982337e-01
 5.41235557e-02 8.80063652e-01
 3.42472086e-02 9.05992444e-01
 -3.54628092e-02 9.30077624e-01
 -1.54586177e-02 9.52577572e-01
 1.73348419e-02 9.73710021e-01
 3.20130910e-02 9.93659755e-01
 1.25832895e-01 1.01258466e+00
 1.01598907e-01 1.03062054e+00
 3.83105065e-02 1.04788492e+00
 1.63826621e-01 1.06448013e+00
 7.97364164e-02 1.08049579e+00
 1.29706086e-02 1.09601087e+00
 1.05630621e-01 1.11109533e+00
 1.37300928e-01 1.12581149e+00
 3.70726384e-02 1.14021517e+00
 -3.11787482e-02 1.15435668e+00
 7.06325084e-02 1.16828158e+00
 5.09433630e-02 1.18203137e+00
 4.04771153e-03 1.19564407e+00
 6.64480671e-02 1.20915472e+00
 6.37534975e-02 1.22259577e+00
 2.70875492e-02 1.23599747e+00
 8.61824001e-02 1.24938818e+00
 1.22345531e-01 1.26279464e+00
 2.94932909e-02 1.27624224e+00
 6.24837107e-02 1.28975520e+00
 4.43061606e-02 1.30335676e+00
 -5.82673010e-02 1.31706940e+00
 6.24239647e-03 1.33091494e+00
 2.19048240e-02 1.34491472e+00
 -5.04184003e-02 1.35908971e+00
 8.01328024e-02 1.37346063e+00
 6.36128637e-02 1.38804810e+00
 5.88162275e-02 1.40287269e+00
 3.74981412e-02 1.41795507e+00
 1.23554944e-02 1.43331610e+00
 6.97580750e-02 1.44897691e+00
 7.12442002e-02 1.46495901e+00
 5.04629806e-02 1.48128440e+00
 -1.54619420e-02 1.49797565e+00
 3.13058932e-02 1.51505601e+00
 1.43154986e-01 1.53254949e+00
 1.24359506e-01 1.55048101e+00
 4.49838814e-03 1.56887648e+00
 -8.41228998e-02 1.58776291e+00
 6.76332939e-02 1.60716858e+00
 -2.48404438e-02 1.62712311e+00
 9.22034228e-02 1.64765767e+00
 8.57033021e-03 1.66880508e+00
 2.59637139e-02 1.69059999e+00
 1.81260428e-01 1.71307908e+00
 5.97524227e-02 1.73628124e+00
 9.30959542e-02 1.76024780e+00
 7.28245433e-02 1.78502273e+00
 6.14460562e-02 1.81065295e+00
 -2.29096672e-02 1.83718858e+00
 6.04072260e-02 1.86468327e+00
 1.08553723e-01 1.89319457e+00
 4.98499328e-02 1.92278429e+00
 1.44336560e-01 1.95351896e+00
 7.65207136e-02 1.98547034e+00
 7.65587089e-02 2.01871591e+00
 9.52117154e-02 2.05333954e+00
 1.20562946e-01 2.08943220e+00
 1.26250709e-01 2.12709267e+00
 6.82969912e-02 2.16642854e+00
 1.33420742e-01 2.20755713e+00
 1.39364457e-01 2.25060670e+00
 5.51107638e-02 2.29571779e+00
 1.68680777e-01 2.34304466e+00
 9.65770029e-02 2.39275714e+00
 1.37223544e-01 2.44504255e+00
 1.97254519e-01 2.50010812e+00
 1.00290100e-01 2.55818361e+00
 1.89687902e-01 2.61952459e+00
 1.20775975e-01 2.68441604e+00
 1.89291423e-01 2.75317679e+00
 1.24649386e-01 2.82616463e+00
 2.88729862e-01 2.90378245e+00
 2.40013321e-01 2.98648551e+00
 2.90845104e-01 3.07479021e+00
 2.21317904e-01 3.16928454e+00
 3.36954151e-01 3.27064088e+00
 3.01508751e-01 3.37963148e+00
 2.94520305e-01 3.49714745e+00
 3.78417636e-01 3.62422220e+00
 4.96364605e-01 3.76206048e+00
 4.32071807e-01 3.91207471e+00
 4.80489319e-01 4.07593064e+00
 5.31720235e-01 4.25560526e+00
 6.18083838e-01 4.45346070e+00
 6.49542282e-01 4.67233930e+00
 7.13307925e-01 4.91568660e+00
 8.21704381e-01 5.18771166e+00
 8.76588117e-01 5.49359668e+00
 1.03792641e+00 5.83977148e+00
 1.15960202e+00 6.23427122e+00
 1.51258311e+00 6.68719449e+00
 1.75085575e+00 7.21126548e+00
 2.13656652e+00 7.82245117e+00
 2.56079320e+00 8.54042217e+00
 3.20384734e+00 9.38816822e+00
 4.15145901e+00 1.03886919e+01
 5.37789851e+00 1.15526338e+01
 7.40263700e+00 1.28387164e+01
 1.04827685e+01 1.40354793e+01
 1.50608234e+01 1.44431534e+01
 2.14631093e+01 1.22979040e+01
 2.70977567e+01 5.27022545e+00
 2.68790202e+01 -4.79116928e+00
 2.10516542e+01 -1.14946664e+01
 1.47844755e+01 -1.34104446e+01
 1.03029005e+01 -1.29212041e+01
 7.24349788e+00 -1.17099690e+01
 5.37051628e+00 -1.04307204e+01
 4.08218681e+00 -9.27822751e+00
 3.25780059e+00 -8.28860141e+00
 2.45141445e+00 -7.44991451e+00
 1.96721143e+00 -6.73908598e+00
 1.71770761e+00 -6.13337419e+00
 1.42403413e+00 -5.61340262e+00
 1.22228804e+00 -5.16346369e+00
 9.22745288e-01 -4.77104241e+00
 9.03598978e-01 -4.42620329e+00
 7.44106307e-01 -4.12103686e+00
 7.91743993e-01 -3.84920990e+00
 6.14446689e-01 -3.60561467e+00
 6.45779258e-01 -3.38609977e+00
 5.58537828e-01 -3.18726448e+00
 4.40525761e-01 -3.00630154e+00
 3.66532270e-01 -2.84087634e+00
 3.98396693e-01 -2.68903355e+00
 2.27990050e-01 -2.54912452e+00
 3.18956793e-01 -2.41975026e+00
 4.08407378e-01 -2.29971659e+00
 3.52260399e-01 -2.18799829e+00
 3.48369950e-01 -2.08371054e+00
 1.80327958e-01 -1.98608582e+00
 2.38073828e-01 -1.89445516e+00
 1.96252975e-01 -1.80823284e+00
 2.12929388e-01 -1.72690382e+00
 1.84981813e-01 -1.65001339e+00
 2.23771771e-01 -1.57715846e+00
 2.53804481e-01 -1.50798043e+00
 1.57926022e-01 -1.44215908e+00
 1.70689708e-01 -1.37940749e+00
 1.56780753e-01 -1.31946774e+00
 1.12359410e-01 -1.26210718e+00
 2.01474953e-01 -1.20711533e+00
 1.58528224e-01 -1.15430115e+00
 2.24890781e-01 -1.10349074e+00
 5.48652536e-02 -1.05452531e+00
 8.92867044e-02 -1.00725944e+00
 1.14536231e-01 -9.61559587e-01
 2.40492312e-01 -9.17302710e-01
 1.00874027e-01 -8.74375138e-01
 1.39109973e-01 -8.32671530e-01
 1.69470381e-01 -7.92093973e-01
 9.63963525e-02 -7.52551170e-01
 1.58516389e-01 -7.13957729e-01
 1.27541417e-01 -6.76233523e-01
 1.07831653e-01 -6.39303108e-01
 1.38060129e-01 -6.03095214e-01
 -4.43407135e-03 -5.67542269e-01
 1.21148432e-01 -5.32579972e-01
 7.01370535e-02 -4.98146909e-01
 1.44663802e-01 -4.64184186e-01
 9.02724659e-02 -4.30635101e-01
 3.63530934e-02 -3.97444833e-01
 1.40861732e-01 -3.64560150e-01
 1.80357897e-01 -3.31929138e-01
 1.11835465e-01 -2.99500936e-01
 9.81695574e-02 -2.67225483e-01
 7.31598163e-02 -2.35053278e-01
 1.40164406e-01 -2.02935136e-01
 9.86875317e-02 -1.70821954e-01
 1.41978170e-01 -1.38664472e-01
 5.84404156e-02 -1.06413036e-01
 4.83064905e-02 -7.40173528e-02
 4.40848525e-02 -4.14262393e-02
 5.47617691e-02 -8.58736214e-03
 5.96125364e-02 2.45530358e-02
 6.16045646e-02 5.80504243e-02
 7.28800162e-02 9.19622942e-02
 4.87196344e-02 1.26348488e-01
 1.45193020e-01 1.61271557e-01
 1.21659113e-01 1.96797153e-01
 9.89147404e-02 2.32994450e-01
 9.36759452e-02 2.69936617e-01
 7.90790600e-02 3.07701335e-01
 1.84180474e-01 3.46371376e-01
 1.24021864e-01 3.86035244e-01
 1.33706511e-01 4.26787898e-01
 1.42633121e-02 4.68731569e-01
 1.25945848e-01 5.11976675e-01
 1.54855682e-01 5.56642866e-01
 7.00983639e-02 6.02860217e-01
 1.61709003e-01 6.50770582e-01
 1.31408500e-01 7.00529157e-01
 1.84780288e-01 7.52306281e-01
 1.76117504e-01 8.06289514e-01
 2.33860769e-01 8.62686050e-01
 2.34303328e-01 9.21725539e-01
 1.63524526e-01 9.83663378e-01
 2.63207745e-01 1.04878459e+00
 1.90914623e-01 1.11740841e+00
 1.89627559e-01 1.18989368e+00
 2.11674989e-01 1.26664539e+00
 2.72575805e-01 1.34812237e+00
 3.13562781e-01 1.43484665e+00
 3.49957432e-01 1.52741478e+00
 2.88641244e-01 1.62651161e+00
 3.50982985e-01 1.73292712e+00
 4.00674350e-01 1.84757726e+00
 3.94680239e-01 1.97152974e+00
 4.48125574e-01 2.10603620e+00
 3.78390811e-01 2.25257274e+00
 4.65648215e-01 2.41289116e+00
 5.81722562e-01 2.58908425e+00
 6.02703338e-01 2.78366951e+00
 7.29696421e-01 2.99969718e+00
 8.22555861e-01 3.24089003e+00
 8.47675890e-01 3.51182475e+00
 1.00217167e+00 3.81816630e+00
 1.24060545e+00 4.16696707e+00
 1.38553102e+00 4.56703649e+00
 1.59782320e+00 5.02936358e+00
 1.96481137e+00 5.56750296e+00
 2.30995523e+00 6.19762947e+00
 2.97641889e+00 6.93739340e+00
 3.93526925e+00 7.80109820e+00
 5.07755022e+00 8.78416232e+00
 6.94981775e+00 9.81708399e+00
 9.87287768e+00 1.06372270e+01
 1.40244798e+01 1.04837725e+01
 1.93947850e+01 7.73632943e+00
 2.29129534e+01 1.06722377e+00
 2.15862199e+01 -6.77180920e+00
 1.63690071e+01 -1.12857619e+01
 1.17030676e+01 -1.23671216e+01
 8.17367845e+00 -1.18505696e+01
 5.91777102e+00 -1.08652001e+01
 4.42766622e+00 -9.84729917e+00
 3.32052519e+00 -8.92977868e+00
 2.65454926e+00 -8.13785806e+00
 2.10153252e+00 -7.46285332e+00
 1.85941416e+00 -6.88773620e+00
 1.41516603e+00 -6.39545945e+00
 1.22444727e+00 -5.97129774e+00
 1.05797330e+00 -5.60317486e+00
 9.08922773e-01 -5.28137418e+00
 7.86123583e-01 -4.99811705e+00
 6.41935326e-01 -4.74716645e+00
 6.64430328e-01 -4.52349731e+00
 5.29603122e-01 -4.32303504e+00
 4.84879184e-01 -4.14245236e+00
 4.51194078e-01 -3.97901246e+00
 3.83007138e-01 -3.83044795e+00
 3.02266090e-01 -3.69486723e+00
 3.74710171e-01 -3.57068163e+00
 3.32918095e-01 -3.45654839e+00
 3.13763819e-01 -3.35132575e+00
 3.55620538e-01 -3.25403735e+00
 2.06090071e-01 -3.16384377e+00
 3.18679022e-01 -3.08001967e+00
 1.89933388e-01 -3.00193530e+00
 2.94597945e-01 -2.92904147e+00
 1.81302457e-01 -2.86085717e+00
 2.80187214e-01 -2.79695949e+00
 1.86228731e-01 -2.73697513e+00
 1.88600612e-01 -2.68057348e+00
 1.58837945e-01 -2.62746070e+00
 1.13096930e-01 -2.57737484e+00
 2.21891437e-01 -2.53008165e+00
 5.89360308e-02 -2.48537108e+00
 5.89288032e-02 -2.44305427e+00
 1.28202302e-01 -2.40296098e+00
 -3.49349568e-03 -2.36493738e+00
 9.75266340e-02 -2.32884417e+00
 8.59070934e-02 -2.29455494e+00
 1.66187907e-01 -2.26195472e+00
 1.21628844e-01 -2.23093878e+00
 4.91748721e-02 -2.20141154e+00
 2.45029883e-02 -2.17328560e+00
 -6.32727419e-02 -2.14648095e+00
 8.25202992e-02 -2.12092426e+00
 3.67806225e-02 -2.09654815e+00
 4.04275167e-02 -2.07329074e+00
 1.70527963e-01 -2.05109506e+00
 3.49107699e-02 -2.02990865e+00
 1.14367997e-01 -2.00968316e+00
 -3.11394499e-03 -1.99037399e+00
 1.14781095e-01 -1.97193999e+00
 3.26926287e-02 -1.95434316e+00
 2.91040949e-02 -1.93754843e+00
 1.18037955e-02 -1.92152343e+00
 6.17145412e-02 -1.90623828e+00
 8.88450677e-02 -1.89166542e+00
 8.10869353e-02 -1.87777945e+00
 6.23635466e-02 -1.86455701e+00
 9.27061454e-02 -1.85197661e+00
 9.98179378e-02 -1.84001857e+00
 -4.09151059e-03 -1.82866491e+00
 -3.13305777e-02 -1.81789923e+00
 8.95641411e-02 -1.80770667e+00
 -6.94734365e-03 -1.79807386e+00
 4.76079965e-02 -1.78898881e+00
 -3.36439158e-02 -1.78044093e+00
 4.51864926e-03 -1.77242095e+00
 3.81162265e-02 -1.76492092e+00
 3.65625688e-02 -1.75793419e+00
 -5.04291514e-02 -1.75145537e+00
 9.85398228e-02 -1.74548040e+00
 -2.45634921e-02 -1.74000649e+00
 1.10358510e-01 -1.73503217e+00
 -4.22713660e-02 -1.73055736e+00
 -8.17242811e-03 -1.72658333e+00
 -6.04354655e-02 -1.72311283e+00
 -1.09282948e-01 -1.72015014e+00
 2.48326180e-02 -1.71770112e+00
 3.79756667e-02 -1.71577335e+00
 -7.35063148e-03 -1.71437625e+00
 -9.40017569e-02 -1.71352120e+00
 -2.53668922e-02 -1.71322171e+00
 -1.56528255e-02 -1.71349365e+00
 -1.91374115e-01 -1.71435541e+00
 -2.68474370e-03 -1.71582825e+00
 2.71090567e-02 -1.71793656e+00
 -2.36371261e-02 -1.72070822e+00
 -5.04304252e-02 -1.72417508e+00
 -2.91723658e-02 -1.72837341e+00
 -4.12268724e-02 -1.73334453e+00
 -1.43179022e-01 -1.73913550e+00
 -4.10181962e-02 -1.74579996e+00
 -5.91769978e-03 -1.75339911e+00
 2.58495193e-02 -1.76200293e+00
 -6.03925138e-03 -1.77169156e+00
 -1.35347340e-01 -1.78255707e+00
 -9.01929486e-02 -1.79470550e+00
 -8.35011160e-02 -1.80825946e+00
 3.76905022e-02 -1.82336117e+00
 -9.41840515e-02 -1.84017640e+00
 -6.89541823e-02 -1.85889915e+00
 -7.94743714e-02 -1.87975768e+00
 -3.57282848e-02 -1.90302194e+00
 -1.18352860e-02 -1.92901302e+00
 -7.14318924e-02 -1.95811522e+00
 -1.52373766e-01 -1.99079134e+00
 -9.04739035e-02 -2.02760243e+00
 -9.90623091e-02 -2.06923313e+00
 -9.42620263e-02 -2.11652416e+00
 -1.41710102e-01 -2.17051366e+00
 -2.44073010e-01 -2.23248843e+00
 -2.52762332e-01 -2.30404412e+00
 -3.27212430e-01 -2.38714641e+00
 -4.30806272e-01 -2.48416647e+00
 -5.31612529e-01 -2.59781249e+00
 -5.98723907e-01 -2.73074056e+00
 -8.11417715e-01 -2.88425008e+00
 -1.01013214e+00 -3.05443654e+00
 -1.32853071e+00 -3.22146442e+00
 -2.00313920e+00 -3.32184381e+00
 -2.73771544e+00 -3.19220012e+00
 -3.66414962e+00 -2.54617652e+00
 -4.06292149e+00 -1.29615685e+00
 -3.55473112e+00 -5.76244835e-02
 -2.78791788e+00 5.70668590e-01
 -2.00108508e+00 6.90530009e-01
 -1.38117944e+00 5.86394763e-01
 -9.66564479e-01 4.17921219e-01
 -7.55246956e-01 2.46792463e-01
 -5.35061264e-01 9.21811629e-02
 -5.05707552e-01 -4.22172709e-02
 -3.43593348e-01 -1.57752249e-01
 -2.72359298e-01 -2.57078642e-01
 -3.03871187e-01 -3.42889827e-01
 -2.80903078e-01 -4.17541023e-01
 -1.97814403e-01 -4.82984510e-01
 -1.54586060e-01 -5.40805745e-01
 -2.50259682e-01 -5.92284303e-01
 -1.49098459e-01 -6.38453547e-01
 -1.42295717e-01 -6.80151412e-01
 -1.75180715e-01 -7.18061337e-01
 -1.82220428e-01 -7.52744462e-01
 -7.55153390e-02 -7.84664742e-01
 -9.84871996e-03 -8.14208483e-01
 5.07190431e-02 -8.41699567e-01
 -7.69580650e-02 -8.67411380e-01
 -6.76031589e-02 -8.91576195e-01
 -9.27259837e-02 -9.14392598e-01
 -7.39494966e-02 -9.36031407e-01
 -1.26465597e-01 -9.56640423e-01
 3.44282884e-02 -9.76348260e-01
 7.08817163e-03 -9.95267450e-01
 2.45144100e-03 -1.01349699e+00
 -7.22389191e-02 -1.03112444e+00
 -2.35044479e-02 -1.04822763e+00
 -6.09131100e-02 -1.06487611e+00
 -5.93728013e-02 -1.08113234e+00
 -2.15578969e-02 -1.09705273e+00
 -2.87546372e-02 -1.11268844e+00
 9.55390462e-03 -1.12808615e+00
 -1.75215962e-02 -1.14328866e+00
 -2.80524531e-02 -1.15833543e+00
 -1.51525630e-02 -1.17326299e+00
 2.48235080e-02 -1.18810543e+00
 3.19662967e-02 -1.20289464e+00
 -5.01636536e-02 -1.21766069e+00
 -9.53367188e-02 -1.23243208e+00
 -2.78581509e-02 -1.24723593e+00
 -3.61257291e-02 -1.26209826e+00
 1.05117082e-02 -1.27704415e+00
 -7.98410658e-02 -1.29209789e+00
 8.23207126e-02 -1.30728316e+00
 -4.56972276e-02 -1.32262321e+00
 -7.54183984e-02 -1.33814090e+00
 -9.19207372e-03 -1.35385895e+00
 7.52869541e-02 -1.36979993e+00
 3.06819090e-02 -1.38598648e+00
 9.05382792e-03 -1.40244138e+00
 -8.97336712e-02 -1.41918762e+00
 -5.83721496e-02 -1.43624860e+00
 8.89692819e-03 -1.45364813e+00
 -5.97293120e-02 -1.47141061e+00
 -1.74214696e-02 -1.48956113e+00
 2.14101023e-04 -1.50812555e+00
 4.66428092e-02 -1.52713065e+00
 -1.42681550e-01 -1.54660422e+00
 -7.66904179e-02 -1.56657523e+00
 8.22870487e-03 -1.58707393e+00
 8.80171823e-03 -1.60813200e+00
 -2.12140075e-02 -1.62978271e+00
 -9.60166434e-02 -1.65206111e+00
 -6.18821809e-02 -1.67500414e+00
 -7.14453939e-02 -1.69865091e+00
 -6.08437710e-02 -1.72304287e+00
 -5.81554056e-02 -1.74822402e+00
 -5.89841246e-02 -1.77424122e+00
 -1.23595571e-01 -1.80114442e+00
 -8.81524930e-02 -1.82898701e+00
 -4.07135084e-02 -1.85782616e+00
 -9.55131597e-02 -1.88772315e+00
 -4.29842212e-02 -1.91874389e+00
 -1.34268408e-01 -1.95095929e+00
 -7.17568701e-02 -1.98444589e+00
 -8.52689372e-02 -2.01928638e+00
 -1.09069284e-02 -2.05557032e+00
 -1.37256464e-01 -2.09339488e+00
 -1.21909718e-01 -2.13286572e+00
 -7.55692248e-02 -2.17409793e+00
 -1.76715779e-01 -2.21721714e+00
 1.75379298e-02 -2.26236085e+00
 -1.75657042e-01 -2.30967979e+00
 -1.27573079e-01 -2.35933963e+00
 -7.44865168e-02 -2.41152290e+00
 -1.54719501e-01 -2.46643119e+00
 -1.81651060e-01 -2.52428769e+00
 -1.50808679e-01 -2.58534024e+00
 -3.19515199e-01 -2.64986477e+00
 -2.31840362e-01 -2.71816939e+00
 -1.64406562e-01 -2.79059924e+00
 -2.23877058e-01 -2.86754215e+00
 -3.98882924e-01 -2.94943544e+00
 -1.93042179e-01 -3.03677395e+00
 -2.90956210e-01 -3.13011979e+00
 -3.63906137e-01 -3.23011390e+00
 -3.71196772e-01 -3.33749030e+00
 -3.27606643e-01 -3.45309318e+00
 -4.02724034e-01 -3.57789809e+00
 -4.35831391e-01 -3.71303780e+00
 -4.57069138e-01 -3.85983456e+00
 -5.05450895e-01 -4.01984014e+00
 -6.16646870e-01 -4.19488620e+00
 -5.01623364e-01 -4.38714761e+00
 -6.44789330e-01 -4.59922292e+00
 -8.78470665e-01 -4.83423656e+00
 -8.80983454e-01 -5.09596933e+00
 -9.84010889e-01 -5.38902455e+00
 -1.22014596e+00 -5.71903834e+00
 -1.38341835e+00 -6.09294093e+00
 -1.50433722e+00 -6.51926861e+00
 -1.83538082e+00 -7.00850206e+00
 -2.12277424e+00 -7.57334137e+00
 -2.69232463e+00 -8.22865574e+00
 -3.24694845e+00 -8.99039426e+00
 -4.17327839e+00 -9.87155953e+00
 -5.37565419e+00 -1.08702031e+01
 -7.18096242e+00 -1.19361603e+01
 -9.82274784e+00 -1.28833266e+01
 -1.36959317e+01 -1.31816558e+01
 -1.88818568e+01 -1.16202133e+01
 -2.40464401e+01 -6.52959229e+00
 -2.53536437e+01 1.63015050e+00
 -2.17164740e+01 8.59891308e+00
 -1.62242232e+01 1.17569877e+01
 -1.15696758e+01 1.21889229e+01
 -8.31970638e+00 1.14690461e+01
