 NaN NaN
 -1.59202224e-02 1.03645073e+00
 8.22536651e-02 1.03669873e+00
 -4.95406141e-02 1.03710497e+00
 5.08070780e-02 1.03766874e+00
 -2.10137340e-02 1.03838986e+00
 5.54443996e-02 1.03926848e+00
 -2.25563353e-04 1.04030499e+00
 7.63682864e-02 1.04149994e+00
 -1.36733311e-02 1.04285408e+00
 -1.67527526e-02 1.04436829e+00
 4.21435519e-02 1.04604360e+00
 5.98992697e-02 1.04788121e+00
 9.77486480e-02 1.04988245e+00
 -3.19890110e-02 1.05204879e+00
 -4.44219457e-03 1.05438185e+00
 4.50086532e-02 1.05688341e+00
 -3.89101787e-02 1.05955538e+00
 -1.56954960e-02 1.06239982e+00
 1.26250237e-02 1.06541898e+00
 4.39704728e-02 1.06861523e+00
 -5.55783603e-02 1.07199113e+00
 1.54435256e-02 1.07554939e+00
 7.45043803e-02 1.07929291e+00
 -8.02697792e-03 1.08322476e+00
 6.76686188e-02 1.08734820e+00
 -2.30116537e-02 1.09166668e+00
 -3.65073786e-02 1.09618387e+00
 -5.05690920e-02 1.10090362e+00
 -1.04482033e-02 1.10583000e+00
 9.21173230e-02 1.11096733e+00
 3.18419309e-02 1.11632015e+00
 4.08293474e-02 1.12189324e+00
 7.59865129e-02 1.12769165e+00
 5.27399100e-02 1.13372068e+00
 3.45853390e-02 1.13998595e+00
 1.00935502e-02 1.14649333e+00
 3.14041679e-02 1.15324904e+00
 7.06224492e-02 1.16025961e+00
 -1.71936525e-02 1.16753190e+00
 -1.24344802e-03 1.17507317e+00
 1.75202755e-02 1.18289101e+00
 3.30514354e-02 1.19099347e+00
 -3.46084204e-02 1.19938898e+00
 1.24469329e-02 1.20808644e+00
 4.51008246e-02 1.21709523e+00
 -3.01999175e-02 1.22642521e+00
 -4.92895723e-03 1.23608681e+00
 -4.50810003e-02 1.24609099e+00
 2.35314441e-02 1.25644934e+00
 -1.24687350e-01 1.26717407e+00
 -1.70836294e-02 1.27827809e+00
 9.02227398e-02 1.28977501e+00
 -3.21575259e-02 1.30167922e+00
 7.28423843e-02 1.31400596e+00
 1.58234854e-02 1.32677131e+00
 2.26212111e-02 1.33999232e+00
 -1.86042944e-02 1.35368703e+00
 -2.57745229e-02 1.36787457e+00
 5.09111411e-03 1.38257521e+00
 1.28863288e-01 1.39781049e+00
 -1.08202468e-02 1.41360327e+00
 -6.57803675e-02 1.42997783e+00
 2.78494255e-03 1.44696002e+00
 4.45767250e-02 1.46457736e+00
 7.43272579e-02 1.48285916e+00
 -5.41788828e-02 1.50183668e+00
 -3.74036119e-03 1.52154330e+00
 -9.13012561e-02 1.54201469e+00
 -2.54460242e-02 1.56328899e+00
 -3.20782744e-02 1.58540704e+00
 -9.08780699e-02 1.60841264e+00
 -2.93988967e-02 1.63235277e+00
 -1.51441116e-02 1.65727794e+00
 4.73810770e-03 1.68324246e+00
 1.21412860e-01 1.71030485e+00
 -5.35759556e-03 1.73852823e+00
 6.02664623e-03 1.76798079e+00
 2.33027589e-03 1.79873629e+00
 -3.44926303e-02 1.83087465e+00
 6.48815604e-02 1.86448259e+00
 -8.03785586e-03 1.89965438e+00
 1.91628452e-02 1.93649265e+00
 8.91065200e-02 1.97510938e+00
 4.40314536e-02 2.01562694e+00
 -1.75348019e-02 2.05817933e+00
 -2.38008229e-03 2.10291361e+00
 7.51022753e-03 2.14999149e+00
 -2.87754791e-02 2.19959125e+00
 1.16060790e-01 2.25190986e+00
 4.83121666e-02 2.30716551e+00
 1.08002054e-01 2.36560054e+00
 1.02267495e-01 2.42748488e+00
 8.08434832e-02 2.49312006e+00
 7.61834600e-02 2.56284401e+00
 -9.07374600e-04 2.63703666e+00
 8.04495112e-02 2.71612669e+00
 1.39810471e-01 2.80059961e+00
 1.80423981e-02 2.89100748e+00
 1.41068643e-01 2.98798070e+00
 -4.23882208e-02 3.09224240e+00
 6.56228327e-02 3.20462609e+00
 4.27989079e-02 3.32609760e+00
 4.98135666e-02 3.45778233e+00
 9.09863030e-02 3.60099962e+00
 1.16548478e-01 3.75730630e+00
 5.47237318e-02 3.92855261e+00
 1.20740117e-01 4.11695461e+00
 8.69139089e-02 4.32518916e+00
 1.69842152e-01 4.55652000e+00
 2.23031003e-01 4.81496758e+00
 2.00237426e-01 5.10554134e+00
 2.49277149e-01 5.43456295e+00
 2.01277276e-01 5.81012471e+00
 3.33984740e-01 6.24275392e+00
 3.22113852e-01 6.74639928e+00
 4.37734415e-01 7.33993667e+00
 5.79240100e-01 8.04954148e+00
 6.38996288e-01 8.91256663e+00
 9.02809863e-01 9.98415984e+00
 1.20313160e+00 1.13491446e+01
 1.57506187e+00 1.31446858e+01
 2.26020561e+00 1.56067939e+01
 3.37279340e+00 1.91742986e+01
 5.76774072e+00 2.47433464e+01
 1.20166008e+01 3.42988312e+01
 3.36224835e+01 5.06868936e+01
 1.06980243e+02 1.61369582e+01
 4.49894311e+01 -5.35936091e+01
 1.46305871e+01 -3.70527658e+01
 6.78077751e+00 -2.62278919e+01
 3.87404659e+00 -2.00327180e+01
 2.43448284e+00 -1.61372675e+01
 1.78264572e+00 -1.34861040e+01
 1.29352715e+00 -1.15726797e+01
 9.15671311e-01 -1.01295498e+01
 7.00071626e-01 -9.00359422e+00
 6.46476276e-01 -8.10125713e+00
 5.32446075e-01 -7.36230616e+00
 4.23971949e-01 -6.74627246e+00
 3.93174932e-01 -6.22498786e+00
 3.21012741e-01 -5.77825527e+00
 2.64362279e-01 -5.39122260e+00
 1.84684361e-01 -5.05272821e+00
 2.54540611e-01 -4.75422399e+00
 1.69671028e-01 -4.48905392e+00
 1.33937090e-01 -4.25195889e+00
 1.71227925e-01 -4.03872893e+00
 1.43237641e-01 -3.84595438e+00
 1.62277741e-01 -3.67084453e+00
 8.44378298e-02 -3.51109341e+00
 1.23759319e-01 -3.36477900e+00
 1.16405481e-01 -3.23028659e+00
 1.25223185e-01 -3.10624973e+00
 5.26558019e-02 -2.99150432e+00
 9.87480275e-02 -2.88505252e+00
 1.34342668e-01 -2.78603407e+00
 1.64422604e-02 -2.69370338e+00
 7.27566216e-02 -2.60741103e+00
 5.09355310e-02 -2.52658878e+00
 -1.49027544e-02 -2.45073719e+00
 9.89826992e-02 -2.37941557e+00
 5.32144551e-02 -2.31223356e+00
 -2.42737975e-02 -2.24884411e+00
 -2.38801042e-02 -2.18893763e+00
 2.46684965e-02 -2.13223709e+00
 1.10275168e-01 -2.07849378e+00
 8.77664311e-02 -2.02748380e+00
 1.00142767e-01 -1.97900503e+00
 7.31836569e-02 -1.93287449e+00
 1.24212247e-02 -1.88892616e+00
 6.01306242e-02 -1.84700900e+00
 7.63653003e-02 -1.80698530e+00
 -8.10523780e-02 -1.76872921e+00
 2.81371063e-02 -1.73212547e+00
 1.02664887e-01 -1.69706832e+00
 2.99063503e-02 -1.66346049e+00
 2.17396083e-02 -1.63121234e+00
 3.64711021e-02 -1.60024114e+00
 -1.82095287e-02 -1.57047033e+00
 -3.09633762e-02 -1.54182900e+00
 7.75959302e-02 -1.51425129e+00
 3.34258322e-02 -1.48767595e+00
 -2.24037723e-02 -1.46204590e+00
 3.01859614e-02 -1.43730786e+00
 1.34185041e-02 -1.41341200e+00
 4.72160342e-02 -1.39031162e+00
 3.60790000e-02 -1.36796289e+00
 6.13982678e-03 -1.34632457e+00
 -4.98723774e-03 -1.32535780e+00
 4.36153946e-03 -1.30502587e+00
 2.81347746e-03 -1.28529405e+00
 3.72567814e-02 -1.26612939e+00
 8.50540632e-02 -1.24750054e+00
 -4.12281039e-02 -1.22937764e+00
 3.80994646e-02 -1.21173214e+00
 5.59198745e-02 -1.19453669e+00
 1.44462146e-01 -1.17776499e+00
 9.40195809e-03 -1.16139169e+00
 -4.42162775e-02 -1.14539226e+00
 8.84963785e-02 -1.12974288e+00
 1.08156975e-01 -1.11442036e+00
 7.72541784e-02 -1.09940198e+00
 -2.35704936e-02 -1.08466543e+00
 4.82401772e-03 -1.07018868e+00
 5.35704277e-02 -1.05594988e+00
 1.71632425e-02 -1.04192727e+00
 -5.99086648e-02 -1.02809903e+00
 1.42788926e-02 -1.01444316e+00
 4.57515657e-02 -1.00093739e+00
 2.08514470e-02 -9.87559030e-01
 -3.92299445e-02 -9.74284795e-01
 5.69060472e-02 -9.61090674e-01
 1.82899426e-02 -9.47951743e-01
 -9.80722679e-02 -9.34841971e-01
 2.70109748e-03 -9.21733992e-01
 7.56123526e-02 -9.08598862e-01
 -9.47560771e-02 -8.95405772e-01
 3.08804851e-02 -8.82121725e-01
 -2.31051572e-02 -8.68711158e-01
 -4.03482234e-02 -8.55135508e-01
 1.89489349e-02 -8.41352706e-01
 2.57311467e-02 -8.27316577e-01
 -5.81238183e-02 -8.12976136e-01
 -3.94355881e-02 -7.98274753e-01
 -2.48898867e-02 -7.83149143e-01
 2.79088366e-03 -7.67528164e-01
 -1.04513505e-02 -7.51331352e-01
 1.06287173e-01 -7.34467128e-01
 1.91888617e-02 -7.16830604e-01
 4.56191467e-02 -6.98300860e-01
 6.50660598e-02 -6.78737536e-01
 -3.88840791e-02 -6.57976543e-01
 3.27721612e-02 -6.35824604e-01
 4.57799799e-02 -6.12052239e-01
 9.50845504e-02 -5.86384644e-01
 1.19306209e-01 -5.58489702e-01
 1.93448184e-02 -5.27962008e-01
 2.98086533e-02 -4.94301285e-01
 8.23853791e-02 -4.56882752e-01
 -5.86109776e-02 -4.14915744e-01
 -2.43471435e-02 -3.67384799e-01
 5.40223478e-02 -3.12963958e-01
 2.94609224e-02 -2.49889072e-01
 9.55086136e-02 -1.75762288e-01
 1.48015190e-01 -8.72433424e-02
 1.49019619e-01 2.04551576e-02
 2.38350810e-01 1.54426210e-01
 2.46509444e-01 3.25594339e-01
 2.86395154e-01 5.51557910e-01
 4.56080363e-01 8.62106503e-01
 6.70674476e-01 1.30992405e+00
 1.17914033e+00 1.98618425e+00
 2.58104642e+00 2.96273225e+00
 6.30216926e+00 2.95810916e+00
 7.92982165e+00 -3.60857784e+00
 3.29609015e+00 -5.30590452e+00
 1.53104800e+00 -4.32089963e+00
 7.27698559e-01 -3.55192650e+00
 5.07923152e-01 -3.04598057e+00
 3.57347632e-01 -2.70119535e+00
 2.50762186e-01 -2.45457256e+00
 1.22040539e-01 -2.27067721e+00
 1.26570378e-01 -2.12888504e+00
 2.06327353e-01 -2.01658383e+00
 1.56245509e-01 -1.92569357e+00
 9.86577547e-02 -1.85082354e+00
 8.92605300e-02 -1.78825011e+00
 -5.41510998e-03 -1.73532365e+00
 1.25738353e-01 -1.69010996e+00
 -4.46686596e-02 -1.65116555e+00
 4.43904116e-02 -1.61739221e+00
 7.26682324e-02 -1.58794016e+00
 8.83375617e-02 -1.56214202e+00
 8.58460123e-02 -1.53946668e+00
 7.93910087e-02 -1.51948647e+00
 -4.18181434e-02 -1.50185339e+00
 6.99553399e-02 -1.48628158e+00
 5.01085366e-02 -1.47253425e+00
 3.45925312e-02 -1.46041377e+00
 1.55529872e-02 -1.44975404e+00
 4.50337778e-02 -1.44041468e+00
 6.44334177e-02 -1.43227633e+00
 -5.23856779e-02 -1.42523708e+00
 -1.13386250e-02 -1.41920955e+00
 1.70792738e-02 -1.41411854e+00
 -7.14398009e-02 -1.40989918e+00
 -6.23161363e-02 -1.40649533e+00
 4.80896272e-05 -1.40385841e+00
 2.32926477e-02 -1.40194628e+00
 -4.32103156e-02 -1.40072241e+00
 -8.23785523e-03 -1.40015519e+00
 5.43045038e-02 -1.40021729e+00
 -2.94851537e-02 -1.40088517e+00
 6.10643439e-02 -1.40213867e+00
 8.89832302e-02 -1.40396064e+00
 4.57615429e-02 -1.40633664e+00
 3.11386727e-02 -1.40925469e+00
 -1.60034115e-02 -1.41270506e+00
 -4.93858853e-03 -1.41668008e+00
 2.12778969e-02 -1.42117397e+00
 7.46314103e-03 -1.42618275e+00
 5.49568873e-02 -1.43170410e+00
 1.04485172e-01 -1.43773731e+00
 -2.75541320e-02 -1.44428317e+00
 -7.15706463e-03 -1.45134392e+00
 5.37484710e-02 -1.45892325e+00
 -6.63566728e-03 -1.46702620e+00
 2.62784484e-03 -1.47565923e+00
 4.82428047e-03 -1.48483012e+00
 -2.85660330e-02 -1.49454806e+00
 2.44552012e-02 -1.50482360e+00
 3.30987680e-02 -1.51566871e+00
 -5.55668517e-03 -1.52709678e+00
 4.08120924e-02 -1.53912271e+00
 -1.81146702e-03 -1.55176291e+00
 -1.90989635e-02 -1.56503542e+00
 -5.20383282e-02 -1.57895993e+00
 -6.39871920e-02 -1.59355789e+00
 1.35106862e-02 -1.60885263e+00
 8.44589909e-02 -1.62486942e+00
 -1.32815158e-01 -1.64163565e+00
 -2.04899287e-02 -1.65918093e+00
 3.50809469e-02 -1.67753726e+00
 -1.30067015e-01 -1.69673922e+00
 -1.32931540e-02 -1.71682417e+00
 -7.43965688e-02 -1.73783241e+00
 3.82971494e-04 -1.75980754e+00
 -1.26037409e-01 -1.78279661e+00
 7.55282285e-02 -1.80685052e+00
 -7.19040022e-02 -1.83202435e+00
 -3.30430266e-02 -1.85837768e+00
 -4.78727162e-02 -1.88597512e+00
 -6.94433151e-02 -1.91488673e+00
 -4.28027230e-02 -1.94518859e+00
 -1.30809880e-01 -1.97696344e+00
 -1.41505368e-01 -2.01030134e+00
 -4.18310958e-02 -2.04530050e+00
 2.43127986e-02 -2.08206816e+00
 -6.06002682e-02 -2.12072164e+00
 -3.46574469e-02 -2.16138948e+00
 -8.77269289e-02 -2.20421282e+00
 -1.05750920e-01 -2.24934691e+00
 -6.99661861e-02 -2.29696291e+00
 -4.23870578e-02 -2.34724992e+00
 -1.12444925e-01 -2.40041742e+00
 -4.89935108e-02 -2.45669795e+00
 4.09639389e-02 -2.51635044e+00
 -5.62367567e-02 -2.57966399e+00
 -1.04734028e-01 -2.64696231e+00
 -1.80704722e-01 -2.71860911e+00
 -1.08014996e-01 -2.79501434e+00
 -1.48383221e-01 -2.87664183e+00
 -1.74781117e-01 -2.96401830e+00
 -6.51880507e-02 -3.05774440e+00
 -5.31961644e-02 -3.15850806e+00
 -1.58419388e-01 -3.26710088e+00
 -1.67167555e-01 -3.38443833e+00
 -5.12239409e-02 -3.51158487e+00
 -2.24633150e-01 -3.64978541e+00
 -1.52763246e-01 -3.80050500e+00
 -2.68969409e-01 -3.96547963e+00
 -2.69745199e-01 -4.14678146e+00
 -2.37051514e-01 -4.34690393e+00
 -2.32871532e-01 -4.56887394e+00
 -3.82959180e-01 -4.81640154e+00
 -3.96170144e-01 -5.09408278e+00
 -4.53124275e-01 -5.40767868e+00
 -4.35012367e-01 -5.76450561e+00
 -6.02703840e-01 -6.17399193e+00
 -6.32036729e-01 -6.64848867e+00
 -7.98325847e-01 -7.20447760e+00
 -9.92130004e-01 -7.86441841e+00
 -1.08289454e+00 -8.65965401e+00
 -1.32446045e+00 -9.63512126e+00
 -1.82951320e+00 -1.08572327e+01
 -2.52844419e+00 -1.24274393e+01
 -3.43242499e+00 -1.45058323e+01
 -5.16353980e+00 -1.73499006e+01
 -8.20247231e+00 -2.13532097e+01
 -1.49343117e+01 -2.68460492e+01
 -3.12287448e+01 -3.13631037e+01
 -5.94093412e+01 -1.32366667e+01
 -4.75043670e+01 2.62782224e+01
 -2.23848510e+01 2.96508106e+01
 -1.15469640e+01 2.38701432e+01
 -6.70269674e+00 1.90459898e+01
 -4.28273043e+00 1.56161414e+01
 -2.96859966e+00 1.31524813e+01
 -2.19361008e+00 1.13245237e+01
 -1.66447369e+00 9.92412911e+00
 -1.41090740e+00 8.82113761e+00
 -1.11433263e+00 7.93188204e+00
 -8.55048777e-01 7.20075882e+00
 -7.40084400e-01 6.58961459e+00
 -6.67094398e-01 6.07150372e+00
 -6.23734062e-01 5.62690410e+00
 -5.28689254e-01 5.24135044e+00
 -4.57646008e-01 4.90390994e+00
 -3.59995694e-01 4.60617355e+00
 -3.30007965e-01 4.34157183e+00
 -3.14814593e-01 4.10490064e+00
 -1.87501310e-01 3.89198558e+00
 -2.05708219e-01 3.69944038e+00
 -1.24908372e-01 3.52448992e+00
 -1.74395342e-01 3.36483877e+00
 -1.87969244e-01 3.21857211e+00
 -1.69374420e-01 3.08408020e+00
 -1.11560212e-01 2.96000005e+00
 -1.25888443e-01 2.84516997e+00
 -1.11091667e-01 2.73859381e+00
 -7.76295429e-02 2.63941249e+00
 -9.35323537e-02 2.54688124e+00
 -1.26384696e-01 2.46035117e+00
 -2.17307840e-01 2.37925436e+00
 -1.32294252e-01 2.30309157e+00
 -1.19994906e-01 2.23142215e+00
 -1.58341582e-01 2.16385569e+00
 -2.59290910e-02 2.10004499e+00
 -2.97793947e-02 2.03968028e+00
 -1.70600056e-01 1.98248420e+00
 2.82371030e-02 1.92820771e+00
 -8.05245054e-02 1.87662649e+00
 -3.65851911e-02 1.82753794e+00
 -1.32888992e-01 1.78075855e+00
 -9.15760108e-02 1.73612170e+00
 -1.80207395e-01 1.69347568e+00
 -2.21816988e-02 1.65268206e+00
 -4.43773416e-02 1.61361419e+00
 -4.45145267e-02 1.57615597e+00
 -5.26619996e-02 1.54020069e+00
 3.94413001e-02 1.50565009e+00
 -3.71450835e-02 1.47241344e+00
 -4.79739353e-02 1.44040685e+00
 -5.05696744e-02 1.40955252e+00
 -7.50487628e-02 1.37977819e+00
 5.01056296e-02 1.35101658e+00
 -4.71208190e-02 1.32320491e+00
 6.17435855e-02 1.29628447e+00
 -7.56315684e-02 1.27020023e+00
 -4.77751437e-02 1.24490049e+00
 -1.01988628e-01 1.22033656e+00
 -8.28382728e-02 1.19646248e+00
 7.89039195e-03 1.17323475e+00
 -5.30700028e-02 1.15061209e+00
 -9.21885983e-02 1.12855520e+00
 -6.32468757e-02 1.10702657e+00
 1.50788104e-02 1.08599029e+00
 -1.35783295e-01 1.06541188e+00
 -4.78319465e-02 1.04525808e+00
 -4.13546873e-02 1.02549673e+00
 2.34514375e-02 1.00609660e+00
 -4.60136771e-02 9.87027235e-01
 -8.24835600e-03 9.68258834e-01
 1.75702170e-03 9.49762083e-01
 -4.34792403e-02 9.31508028e-01
 -6.27557304e-03 9.13467933e-01
 -9.50653648e-03 8.95613137e-01
 -3.17952048e-02 8.77914905e-01
 2.73403504e-02 8.60344285e-01
 -8.30689788e-02 8.42871944e-01
 -1.24873135e-02 8.25468003e-01
 4.91490558e-03 8.08101865e-01
 -5.20627846e-02 7.90742017e-01
 1.19381486e-01 7.73355828e-01
 -1.00418519e-02 7.55909325e-01
 -6.98407136e-03 7.38366936e-01
 5.30436281e-02 7.20691220e-01
 -2.56559412e-02 7.02842555e-01
 7.01161826e-02 6.84778786e-01
 -1.45240159e-03 6.66454835e-01
 -7.05021519e-02 6.47822250e-01
 -7.93912451e-02 6.28828686e-01
 1.56935612e-02 6.09417317e-01
 -6.69534220e-02 5.89526149e-01
 -4.97849274e-02 5.69087218e-01
 2.15467818e-02 5.48025663e-01
 -7.24306718e-02 5.26258622e-01
 -3.82790686e-02 5.03693941e-01
 -4.51891989e-02 4.80228630e-01
 1.94453838e-02 4.55747023e-01
 -9.58454128e-03 4.30118564e-01
 4.30449859e-02 4.03195132e-01
 -8.49004270e-02 3.74807783e-01
 -1.01243690e-02 3.44762756e-01
 -4.36933560e-02 3.12836544e-01
 -2.11270806e-02 2.78769766e-01
 1.78155994e-02 2.42259477e-01
 -5.89182844e-02 2.02949438e-01
 -8.70475311e-02 1.60417695e-01
 -5.68159646e-02 1.14160550e-01
 -9.42680575e-02 6.35716551e-02
 -9.35409404e-02 7.91441548e-03
 -4.28790005e-02 -5.37149032e-02
 -8.22280036e-02 -1.22437203e-01
 -1.13906678e-01 -1.99659429e-01
 -8.17171029e-02 -2.87171001e-01
 -1.60071462e-01 -3.87281297e-01
 -2.58763004e-01 -5.03019617e-01
 -2.81242280e-01 -6.38432344e-01
 -1.79006706e-01 -7.99034802e-01
 -3.99166941e-01 -9.92514759e-01
 -4.80844917e-01 -1.22985245e+00
 -6.61849397e-01 -1.52713178e+00
 -6.14724668e-01 -1.90844997e+00
 -1.05803097e+00 -2.41021066e+00
 -1.55920996e+00 -3.08475588e+00
 -2.43381021e+00 -3.98377720e+00
 -4.59908659e+00 -4.98022545e+00
 -8.80277282e+00 -4.60087491e+00
 -1.23075472e+01 1.49824096e+00
 -8.18566332e+00 6.85837868e+00
 -4.21166320e+00 6.88241247e+00
 -2.32868164e+00 5.87537412e+00
 -1.55456388e+00 5.00808503e+00
 -8.93045109e-01 4.36057921e+00
 -6.82740600e-01 3.87844066e+00
 -5.04250710e-01 3.51148990e+00
 -4.95896476e-01 3.22521546e+00
 -2.04294232e-01 2.99676818e+00
 -2.74371165e-01 2.81085433e+00
 -2.43054212e-01 2.65699853e+00
 -1.40728128e-01 2.52784311e+00
 -1.41933809e-01 2.41809445e+00
 -3.87224602e-02 2.32385915e+00
 -9.61007598e-02 2.24221629e+00
 -1.23609780e-01 2.17093530e+00
 -1.44774601e-01 2.10828546e+00
 -1.44644839e-01 2.05290468e+00
 -6.23187920e-02 2.00370718e+00
 -1.64924081e-01 1.95981739e+00
 4.42390947e-02 1.92052190e+00
 -3.07282385e-02 1.88523393e+00
 1.03097067e-02 1.85346670e+00
 6.89194823e-02 1.82481325e+00
 1.73154408e-02 1.79893094e+00
 -3.97608510e-02 1.77552942e+00
 -1.04813213e-01 1.75436122e+00
 2.00979516e-02 1.73521427e+00
 -3.10625326e-02 1.71790599e+00
 -8.78378917e-02 1.70227849e+00
 -4.76972209e-02 1.68819468e+00
 -1.48430301e-03 1.67553517e+00
 7.87699215e-02 1.66419561e+00
 1.37872341e-02 1.65408461e+00
 3.58494171e-02 1.64512192e+00
 4.66233103e-02 1.63723697e+00
 -7.76890467e-02 1.63036766e+00
 9.00216845e-02 1.62445923e+00
 3.40765107e-02 1.61946348e+00
 -7.11091784e-03 1.61533793e+00
 -6.96713343e-02 1.61204525e+00
 -4.93878942e-02 1.60955269e+00
 -6.16446262e-02 1.60783161e+00
 -2.77057605e-02 1.60685709e+00
 1.99339055e-02 1.60660761e+00
 5.60197206e-02 1.60706471e+00
 -7.00279661e-02 1.60821280e+00
 -1.57815722e-03 1.61003891e+00
 4.86190877e-02 1.61253252e+00
 7.23698169e-02 1.61568539e+00
 -2.72569366e-02 1.61949148e+00
 1.82248449e-02 1.62394677e+00
 8.22001948e-02 1.62904926e+00
 -2.77547707e-02 1.63479882e+00
 9.03488130e-02 1.64119720e+00
 -1.54250272e-02 1.64824795e+00
 9.68209944e-02 1.65595643e+00
 6.66436335e-02 1.66432978e+00
 2.43633877e-02 1.67337693e+00
 1.81723474e-02 1.68310863e+00
 2.65055454e-02 1.69353746e+00
 -9.36942241e-02 1.70467789e+00
 7.64576215e-02 1.71654633e+00
 9.46222545e-02 1.72916121e+00
 -8.14910313e-02 1.74254303e+00
 2.25563347e-02 1.75671452e+00
 4.30618487e-02 1.77170070e+00
 5.13185247e-02 1.78752904e+00
 4.48917991e-03 1.80422961e+00
 6.00086597e-02 1.82183524e+00
 8.83335721e-02 1.84038173e+00
 7.33090306e-02 1.85990808e+00
 1.72628956e-02 1.88045668e+00
 4.58371256e-02 1.90207368e+00
 -2.31130031e-02 1.92480922e+00
 3.15845219e-02 1.94871782e+00
 7.82393684e-02 1.97385878e+00
 3.70139771e-02 2.00029663e+00
 2.42742227e-02 2.02810159e+00
 5.18774509e-02 2.05735021e+00
 -5.58273719e-02 2.08812594e+00
 5.26684141e-02 2.12051991e+00
 2.98615202e-02 2.15463175e+00
 2.74181358e-02 2.19057052e+00
 7.26393775e-02 2.22845578e+00
 4.40596648e-03 2.26841885e+00
 2.92059804e-02 2.31060418e+00
 8.92230906e-02 2.35517102e+00
 -7.53310899e-03 2.40229527e+00
 5.42258257e-02 2.45217163e+00
 4.75266079e-02 2.50501618e+00
 1.34864485e-03 2.56106927e+00
 1.17588430e-01 2.62059898e+00
 1.55827558e-01 2.68390522e+00
 2.02596566e-01 2.75132442e+00
 1.02581398e-01 2.82323531e+00
 1.36463309e-01 2.90006564e+00
 1.31355314e-01 2.98230028e+00
 1.19091288e-01 3.07049106e+00
 1.32717644e-01 3.16526857e+00
 1.69735371e-01 3.26735665e+00
 3.22862626e-01 3.37759014e+00
 1.49145220e-01 3.49693686e+00
 1.71222437e-01 3.62652492e+00
 2.53021232e-01 3.76767714e+00
 3.38283278e-01 3.92195456e+00
 2.51585826e-01 4.09121214e+00
 2.99721808e-01 4.27767066e+00
 3.16918213e-01 4.48401070e+00
 4.51508316e-01 4.71349669e+00
 4.64514219e-01 4.97014301e+00
 5.04182654e-01 5.25893923e+00
 6.06810103e-01 5.58616025e+00
 6.93717710e-01 5.95980013e+00
 8.38943332e-01 6.39018958e+00
 9.22523453e-01 6.89089090e+00
 1.08055623e+00 7.48001980e+00
 1.33581494e+00 8.18223440e+00
 1.57713574e+00 9.03177633e+00
 2.06048952e+00 1.00771571e+01
 2.72161322e+00 1.13882687e+01
 3.73740190e+00 1.30662373e+01
 5.34901302e+00 1.52517916e+01
 8.08260238e+00 1.81006805e+01
 1.33745379e+01 2.15401723e+01
 2.39553275e+01 2.37918001e+01
 4.12007109e+01 1.57539340e+01
 4.46700753e+01 -9.81513810e+00
 2.78423922e+01 -2.27432994e+01
 1.54672214e+01 -2.17310697e+01
 9.27416610e+00 -1.82921554e+01
 5.85487235e+00 -1.52787564e+01
 4.07993048e+00 -1.29491971e+01
 2.95755745e+00 -1.11646276e+01
 2.27449567e+00 -9.77630159e+00
 1.81335934e+00 -8.67432584e+00
 1.57682327e+00 -7.78242837e+00
 1.08103936e+00 -7.04778945e+00
 9.85193802e-01 -6.43328382e+00
 8.76532242e-01 -5.91230155e+00
 7.84774066e-01 -5.46538221e+00
 6.54002110e-01 -5.07801895e+00
 5.15676938e-01 -4.73920470e+00
 4.58426427e-01 -4.44045221e+00
 3.80116475e-01 -4.17512080e+00
 3.62395564e-01 -3.93794533e+00
 3.36611224e-01 -3.72470072e+00
 3.09867306e-01 -3.53195927e+00
 2.07980314e-01 -3.35691231e+00
 2.58933570e-01 -3.19723731e+00
 1.61135420e-01 -3.05099763e+00
 1.51263666e-01 -2.91656597e+00
 1.95116820e-01 -2.79256516e+00
 2.37843169e-01 -2.67782211e+00
 1.46510527e-01 -2.57133139e+00
 2.07821703e-01 -2.47222644e+00
 2.05573069e-01 -2.37975637e+00
 1.80681759e-01 -2.29326736e+00
 1.39147000e-01 -2.21218739e+00
 9.77640549e-02 -2.13601387e+00
 1.04362925e-01 -2.06430340e+00
 1.39375074e-01 -1.99666323e+00
 7.78229594e-02 -1.93274424e+00
 8.22500819e-02 -1.87223500e+00
 1.22222821e-01 -1.81485673e+00
 1.00471509e-01 -1.76035916e+00
 8.20434646e-02 -1.70851685e+00
 7.29696270e-02 -1.65912621e+00
 1.64254055e-02 -1.61200280e+00
 1.71720252e-01 -1.56697912e+00
 1.23890524e-01 -1.52390260e+00
 9.25054538e-02 -1.48263399e+00
 7.82385618e-02 -1.44304579e+00
 9.99453464e-02 -1.40502105e+00
 1.19482007e-01 -1.36845218e+00
 -7.10926985e-03 -1.33323998e+00
 2.93130987e-02 -1.29929279e+00
 9.10209908e-02 -1.26652568e+00
 1.11817479e-01 -1.23485978e+00
 1.45043253e-01 -1.20422168e+00
 -3.70967455e-02 -1.17454288e+00
 1.69252185e-02 -1.14575929e+00
 8.52015713e-02 -1.11781080e+00
 3.40529641e-02 -1.09064088e+00
 -8.82042671e-03 -1.06419623e+00
 2.64402012e-02 -1.03842645e+00
 1.58405039e-02 -1.01328375e+00
 5.29381082e-02 -9.88722654e-01
 1.11326155e-02 -9.64699765e-01
 -1.62905076e-02 -9.41173536e-01
 9.41595355e-02 -9.18104042e-01
 -1.42191461e-02 -8.95452782e-01
 5.30109441e-02 -8.73182484e-01
 -8.79158328e-03 -8.51256920e-01
 4.45610630e-02 -8.29640732e-01
 9.31896071e-02 -8.08299261e-01
 1.09653597e-01 -7.87198380e-01
 -7.05881014e-03 -7.66304327e-01
 1.03129120e-01 -7.45583545e-01
 -1.64611005e-02 -7.25002512e-01
 7.66308048e-02 -7.04527576e-01
 3.37536647e-02 -6.84124781e-01
 -2.01140329e-02 -6.63759684e-01
 -5.52250310e-02 -6.43397172e-01
 8.47565772e-03 -6.23001256e-01
 5.79265161e-02 -6.02534863e-01
 -2.94121721e-03 -5.81959599e-01
 2.09151617e-02 -5.61235504e-01
 2.39519824e-02 -5.40320774e-01
 6.49598184e-02 -5.19171463e-01
 -5.07145970e-02 -4.97741142e-01
 8.71982792e-02 -4.75980529e-01
 5.98256578e-02 -4.53837067e-01
 -6.22343349e-03 -4.31254446e-01
 7.55018453e-02 -4.08172071e-01
 -5.05770587e-02 -3.84524440e-01
 7.91403536e-02 -3.60240445e-01
 3.99880631e-02 -3.35242561e-01
 4.70506390e-02 -3.09445903e-01
 1.69616021e-02 -2.82757142e-01
 2.04840831e-03 -2.55073228e-01
 9.44094489e-02 -2.26279894e-01
 1.21543215e-01 -1.96249902e-01
 5.91768201e-02 -1.64840944e-01
 4.82305917e-02 -1.31893161e-01
 1.03597014e-01 -9.72261570e-02
 6.36119318e-02 -6.06354061e-02
 -5.95128732e-02 -2.18878961e-02
 6.88126688e-02 1.92831884e-02
 3.08350067e-02 6.31849978e-02
 1.42535702e-01 1.10173099e-01
 8.57257717e-02 1.60661549e-01
 1.04147990e-01 2.15135564e-01
 1.23421521e-01 2.74167575e-01
 1.42666200e-01 3.38437782e-01
 1.23458273e-01 4.08760717e-01
 1.55243097e-01 4.86119961e-01
 1.48564439e-01 5.71714014e-01
 1.53635399e-01 6.67017682e-01
 2.38024132e-01 7.73865318e-01
 2.57658789e-01 8.94565286e-01
 3.33010405e-01 1.03205976e+00
 2.90772541e-01 1.19015132e+00
 3.24936380e-01 1.37382933e+00
 4.95785117e-01 1.58974717e+00
 5.27195468e-01 1.84692824e+00
 7.00977242e-01 2.15781386e+00
 9.03754199e-01 2.53978983e+00
 1.13137054e+00 3.01723109e+00
 1.61239639e+00 3.62337170e+00
 2.22103467e+00 4.39755842e+00
 3.50051521e+00 5.35519389e+00
 5.77040585e+00 6.31966469e+00
 9.84583027e+00 6.17029249e+00
 1.44966919e+01 1.60788913e+00
 1.31077590e+01 -5.87486000e+00
 8.10641189e+00 -8.44676850e+00
 4.69103564e+00 -7.94881741e+00
 2.89652956e+00 -6.94079523e+00
 1.95377966e+00 -6.04894893e+00
 1.38014988e+00 -5.34212407e+00
 1.14949720e+00 -4.78909971e+00
 8.00111707e-01 -4.35182488e+00
 6.25657263e-01 -4.00046273e+00
 4.43915159e-01 -3.71346339e+00
 2.53478811e-01 -3.47546122e+00
 4.10028568e-01 -3.27541165e+00
 3.53967132e-01 -3.10525690e+00
 1.86733082e-01 -2.95901909e+00
 2.59720690e-01 -2.83218910e+00
 2.28450868e-01 -2.72131179e+00
 2.03364077e-01 -2.62370077e+00
 9.88094380e-02 -2.53723926e+00
 1.02838002e-01 -2.46023883e+00
 1.24121389e-01 -2.39133757e+00
 1.18065897e-01 -2.32942577e+00
 5.87388187e-02 -2.27359074e+00
 1.26481991e-01 -2.22307545e+00
 1.19237675e-01 -2.17724707e+00
 3.72068534e-02 -2.13557280e+00
 7.26897945e-02 -2.09760113e+00
 1.04425824e-01 -2.06294714e+00
 1.24554940e-01 -2.03128083e+00
 3.91743064e-02 -2.00231789e+00
 8.64989619e-02 -1.97581221e+00
 6.13908674e-03 -1.95154986e+00
 1.58823789e-01 -1.92934416e+00
 -2.80106874e-02 -1.90903162e+00
 6.61466383e-02 -1.89046864e+00
 8.03286899e-02 -1.87352874e+00
 1.23643735e-03 -1.85810020e+00
 3.83381004e-02 -1.84408419e+00
 -1.63191667e-02 -1.83139309e+00
 3.17588556e-02 -1.81994914e+00
 -6.09227949e-02 -1.80968325e+00
 -8.23542674e-03 -1.80053403e+00
 3.94412906e-02 -1.79244691e+00
 -2.86983799e-02 -1.78537340e+00
 -7.85082832e-02 -1.77927051e+00
 -2.87458861e-02 -1.77410016e+00
 -3.21620417e-02 -1.76982876e+00
 1.42786163e-02 -1.76642677e+00
 2.95328648e-02 -1.76386835e+00
 5.56744336e-02 -1.76213113e+00
 5.78917259e-02 -1.76119587e+00
 5.71194944e-03 -1.76104627e+00
 1.22533448e-02 -1.76166880e+00
 -6.75304427e-02 -1.76305252e+00
 2.47669239e-05 -1.76518896e+00
 -4.41810330e-03 -1.76807199e+00
 3.37635852e-03 -1.77169774e+00
 -4.45824927e-02 -1.77606453e+00
 -6.90089440e-02 -1.78117283e+00
 5.70654169e-02 -1.78702518e+00
 -1.44766419e-02 -1.79362624e+00
 1.15156575e-01 -1.80098271e+00
 4.53357272e-02 -1.80910338e+00
 -5.60869280e-02 -1.81799917e+00
 8.85091680e-02 -1.82768313e+00
 -8.70365931e-02 -1.83817052e+00
 1.21080510e-02 -1.84947890e+00
 -3.07923570e-02 -1.86162815e+00
 -4.55697011e-02 -1.87464066e+00
 -6.84165658e-02 -1.88854141e+00
 -5.30144403e-02 -1.90335810e+00
 1.92455724e-02 -1.91912134e+00
 -1.15672267e-02 -1.93586484e+00
 -1.67529432e-02 -1.95362563e+00
 -7.44805477e-03 -1.97244426e+00
 1.32366841e-02 -1.99236514e+00
 3.66213409e-02 -2.01343680e+00
 -4.66910021e-03 -2.03571228e+00
 -6.22042519e-02 -2.05924950e+00
 -3.36973795e-02 -2.08411173e+00
 -1.14823297e-01 -2.11036810e+00
 -4.30879779e-02 -2.13809415e+00
 -5.19918113e-02 -2.16737251e+00
 -4.99234736e-02 -2.19829366e+00
 -8.38133967e-02 -2.23095670e+00
 -8.93109986e-02 -2.26547041e+00
 -6.02215989e-02 -2.30195427e+00
 -1.00341976e-01 -2.34053978e+00
 -2.05582900e-02 -2.38137187e+00
 -2.52938061e-02 -2.42461058e+00
 -1.72242118e-01 -2.47043302e+00
 -1.59281403e-01 -2.51903556e+00
 -1.53326820e-01 -2.57063648e+00
 -6.56443921e-02 -2.62547900e+00
 -6.55352816e-02 -2.68383482e+00
 -1.31201801e-01 -2.74600840e+00
 -1.90060712e-01 -2.81234188e+00
 -1.16682897e-01 -2.88322099e+00
 -1.75566189e-01 -2.95908217e+00
 -1.73948275e-01 -3.04042099e+00
 -2.19939568e-01 -3.12780243e+00
 -2.22173399e-01 -3.22187330e+00
 -1.12654637e-01 -3.32337743e+00
 -2.42905511e-01 -3.43317437e+00
 -2.76017912e-01 -3.55226255e+00
 -2.14573838e-01 -3.68180817e+00
 -3.78058689e-01 -3.82318152e+00
 -3.42754020e-01 -3.97800321e+00
 -3.40698473e-01 -4.14820318e+00
 -3.91451054e-01 -4.33609716e+00
 -4.52979985e-01 -4.54448652e+00
 -6.11653022e-01 -4.77679031e+00
 -5.28214428e-01 -5.03722172e+00
 -5.81993979e-01 -5.33102720e+00
 -7.28302446e-01 -5.66481450e+00
 -8.74475257e-01 -6.04700894e+00
 -9.92929297e-01 -6.48849671e+00
 -1.13160413e+00 -7.00354273e+00
 -1.41576473e+00 -7.61111220e+00
 -1.72126614e+00 -8.33677511e+00
 -2.16042645e+00 -9.21540047e+00
 -2.74988536e+00 -1.02947017e+01
 -3.54414197e+00 -1.16387568e+01
 -5.02559581e+00 -1.33263373e+01
 -7.24105672e+00 -1.54203370e+01
 -1.12583987e+01 -1.78042808e+01
 -1.83387812e+01 -1.94572504e+01
 -2.97786508e+01 -1.61161943e+01
 -3.80354675e+01 -1.08611766e+00
 -3.06863664e+01 1.46425793e+01
 -1.90855093e+01 1.86195639e+01
 -1.16245886e+01 1.71254958e+01
 -7.46545370e+00 1.47487572e+01
 -5.18115087e+00 1.26326578e+01
 -3.67673317e+00 1.09220288e+01
 -2.86324028e+00 9.55902607e+00
 -2.23924132e+00 8.46485128e+00
 -1.76927798e+00 7.57453199e+00
 -1.49233291e+00 6.83950955e+00
 -1.22818613e+00 6.22426723e+00
 -1.01202597e+00 5.70276508e+00
 -8.93960553e-01 5.25570088e+00
 -6.82521202e-01 4.86856694e+00
 -6.54576371e-01 4.53030026e+00
 -5.27584996e-01 4.23234497e+00
 -5.55367819e-01 3.96799557e+00
 -5.13463103e-01 3.73193126e+00
 -4.10349275e-01 3.51988150e+00
 -4.94529064e-01 3.32838235e+00
 -3.14467849e-01 3.15459675e+00
 -3.20391684e-01 2.99618023e+00
 -2.41624808e-01 2.85117934e+00
 -3.14457875e-01 2.71795398e+00
 -2.31053231e-01 2.59511742e+00
 -1.68010380e-01 2.48148941e+00
 -1.59423756e-01 2.37605932e+00
 -1.24558032e-01 2.27795684e+00
 -1.39858652e-01 2.18642851e+00
 -9.85866654e-02 2.10081874e+00
 -1.48730184e-01 2.02055447e+00
 -1.59492319e-01 1.94513253e+00
 -6.30475522e-02 1.87410930e+00
 -1.17785133e-01 1.80709211e+00
 -1.41936765e-01 1.74373209e+00
 -9.47441551e-02 1.68371819e+00
 -2.25607251e-02 1.62677210e+00
 -1.19585973e-01 1.57264404e+00
 -6.32870000e-02 1.52110911e+00
 -4.28951191e-02 1.47196420e+00
 3.27111304e-03 1.42502536e+00
 -1.44754672e-01 1.38012551e+00
 -6.76524169e-02 1.33711247e+00
 -1.77730268e-01 1.29584728e+00
 2.13336420e-02 1.25620270e+00
 -7.97627850e-02 1.21806190e+00
 3.13336932e-03 1.18131739e+00
 -6.52721727e-02 1.14586995e+00
 -4.76351012e-02 1.11162780e+00
 -1.78634594e-02 1.07850581e+00
 -7.88587609e-02 1.04642480e+00
 -1.40523727e-01 1.01531095e+00
 -5.44127023e-02 9.85095246e-01
 -4.95583404e-02 9.55712966e-01
 -2.60690670e-02 9.27103263e-01
 -7.44202972e-02 8.99208757e-01
 3.58347036e-03 8.71975166e-01
 -5.29645524e-02 8.45350984e-01
 -2.48902211e-02 8.19287171e-01
 -5.94817443e-02 7.93736881e-01
 -4.79148912e-02 7.68655196e-01
 -9.31533446e-02 7.43998891e-01
 -6.60276923e-02 7.19726207e-01
 -1.46920539e-01 6.95796635e-01
 -5.06421493e-02 6.72170719e-01
 -6.77099983e-02 6.48809855e-01
 1.96680421e-02 6.25676107e-01
 2.22115041e-02 6.02732020e-01
 -1.64313808e-02 5.79940440e-01
 3.08963470e-02 5.57264332e-01
 -8.35395264e-02 5.34666594e-01
 -1.51987561e-02 5.12109877e-01
 1.70730239e-03 4.89556391e-01
 -7.91990503e-02 4.66967704e-01
 3.61230398e-02 4.44304538e-01
 -1.10993743e-01 4.21526548e-01
 -6.59211619e-02 3.98592083e-01
 6.80760674e-02 3.75457940e-01
 2.52147550e-02 3.52079084e-01
 4.63014508e-03 3.28408353e-01
 -5.62499043e-02 3.04396128e-01
 -1.12534849e-01 2.79989966e-01
 -1.95426728e-02 2.55134199e-01
 -6.38653802e-03 2.29769483e-01
 -7.34540122e-02 2.03832283e-01
 -6.15035554e-02 1.77254304e-01
 -1.27556116e-01 1.49961837e-01
 -1.09493389e-02 1.21875013e-01
 -7.27699466e-02 9.29069553e-02
 -8.93058806e-02 6.29627985e-02
 -5.85506228e-02 3.19385560e-02
 -1.13536870e-01 -2.80191626e-04
 -8.23112798e-02 -3.38198265e-02
 -6.83297720e-02 -6.88204847e-02
 -1.13952850e-01 -1.05438163e-01
 -1.35180679e-01 -1.43847208e-01
 -8.44626545e-02 -1.84243274e-01
 -1.58561698e-01 -2.26846852e-01
 -8.93901060e-02 -2.71907510e-01
 -3.26311842e-02 -3.19709008e-01
 -8.73646251e-02 -3.70575516e-01
 -8.46448842e-02 -4.24879207e-01
 -1.14132310e-01 -4.83049605e-01
 -1.11558733e-01 -5.45585172e-01
 -2.18116528e-01 -6.13067773e-01
 -1.69331727e-01 -6.86180881e-01
 -1.39868148e-01 -7.65732686e-01
 -2.27856763e-01 -8.52685706e-01
 -3.08772539e-01 -9.48195070e-01
 -2.12333101e-01 -1.05365854e+00
 -2.16192184e-01 -1.17078258e+00
 -2.60412441e-01 -1.30167058e+00
 -2.96456994e-01 -1.44894210e+00
 -4.38208250e-01 -1.61589595e+00
 -4.81054269e-01 -1.80673570e+00
 -4.83423788e-01 -2.02688500e+00
 -6.37679271e-01 -2.28343131e+00
 -7.86954397e-01 -2.58575045e+00
 -8.85201241e-01 -2.94637101e+00
 -1.12530804e+00 -3.38210177e+00
 -1.45301760e+00 -3.91523022e+00
 -2.01001131e+00 -4.57369758e+00
 -2.71078521e+00 -5.38560196e+00
 -4.07470242e+00 -6.34939274e+00
 -6.28070258e+00 -7.30675404e+00
 -1.00253733e+01 -7.47549976e+00
 -1.50880170e+01 -4.51499131e+00
 -1.68441913e+01 2.87107864e+00
 -1.26543098e+01 8.39663112e+00
 -7.93342715e+00 9.43633014e+00
 -5.09014822e+00 8.71447241e+00
 -3.36770772e+00 7.71729634e+00
 -2.36309746e+00 6.82626547e+00
 -1.73585375e+00 6.09519602e+00
 -1.36255286e+00 5.50452351e+00
 -1.05120634e+00 5.02493598e+00
 -7.97756739e-01 4.63121052e+00
 -7.85892126e-01 4.30393033e+00
 -6.32998125e-01 4.02857260e+00
 -5.66259254e-01 3.79430081e+00
 -3.70762511e-01 3.59296769e+00
 -4.83775684e-01 3.41837793e+00
 -2.83219152e-01 3.26576111e+00
 -2.69871687e-01 3.13139756e+00
 -2.27761817e-01 3.01235165e+00
 -2.49433355e-01 2.90628005e+00
 -2.19276988e-01 2.81129232e+00
 -7.75527056e-02 2.72584833e+00
 -1.31022118e-01 2.64868190e+00
 -1.90227912e-01 2.57874337e+00
 -1.87150905e-01 2.51515581e+00
 -1.66364105e-01 2.45718137e+00
 -1.10545520e-01 2.40419510e+00
 -9.24606236e-03 2.35566447e+00
 -8.89847793e-02 2.31113318e+00
 -6.28976150e-02 2.27020814e+00
 -8.53516249e-02 2.23254917e+00
 -1.90357900e-01 2.19786051e+00
 -5.10390653e-02 2.16588403e+00
 -1.14953779e-01 2.13639354e+00
 -1.38094042e-01 2.10919020e+00
 -9.31647075e-02 2.08409866e+00
 3.02131705e-03 2.06096384e+00
 -3.79228431e-02 2.03964825e+00
 -1.56086848e-02 2.02002971e+00
 -3.53517564e-02 2.00199946e+00
 -4.47091244e-02 1.98546051e+00
 -6.28597803e-02 1.97032625e+00
 -7.51062817e-02 1.95651931e+00
 -2.41828271e-02 1.94397048e+00
 6.40275602e-02 1.93261789e+00
 7.77642377e-03 1.92240622e+00
 -2.73253189e-02 1.91328605e+00
 -9.20103838e-02 1.90521334e+00
 -1.12368818e-01 1.89814888e+00
 -1.18252383e-01 1.89205791e+00
 -6.48978400e-02 1.88690973e+00
 -3.32888702e-02 1.88267740e+00
 -1.16678286e-01 1.87933745e+00
 -7.29742208e-03 1.87686963e+00
 3.25433746e-03 1.87525676e+00
 5.53598691e-02 1.87448448e+00
 -4.24157623e-02 1.87454116e+00
 -3.51535000e-02 1.87541777e+00
 2.44240279e-02 1.87710775e+00
 -1.61814489e-02 1.87960697e+00
 -1.26988102e-01 1.88291361e+00
 -9.48946663e-03 1.88702820e+00
 7.30522187e-02 1.89195353e+00
 -1.62777721e-02 1.89769466e+00
 3.15474731e-02 1.90425894e+00
 1.26756954e-03 1.91165602e+00
 3.00524842e-02 1.91989790e+00
 6.85971998e-02 1.92899898e+00
 3.70935948e-02 1.93897616e+00
 -3.72945765e-02 1.94984887e+00
 7.19068547e-02 1.96163928e+00
 -6.61106348e-02 1.97437235e+00
 9.28953559e-02 1.98807603e+00
 1.55151787e-02 2.00278140e+00
 3.01488079e-02 2.01852295e+00
 6.19496371e-02 2.03533874e+00
 8.81071006e-02 2.05327070e+00
 4.21582142e-02 2.07236496e+00
 5.90022492e-02 2.09267215e+00
 2.49604809e-02 2.11424783e+00
 5.75048806e-02 2.13715290e+00
 2.16611639e-02 2.16145416e+00
 5.31399805e-02 2.18722483e+00
 1.11996803e-01 2.21454521e+00
 5.67414055e-02 2.24350345e+00
 1.80628471e-01 2.27419638e+00
 6.82982089e-03 2.30673043e+00
 7.31230205e-02 2.34122283e+00
 1.36508559e-01 2.37780278e+00
 9.97380732e-02 2.41661295e+00
 1.68687939e-01 2.45781118e+00
 7.03113288e-02 2.50157239e+00
 1.38388883e-01 2.54809086e+00
 1.30672303e-01 2.59758287e+00
 1.80759723e-01 2.65028977e+00
 2.12518459e-01 2.70648163e+00
 1.71331052e-01 2.76646145e+00
 1.26321983e-01 2.83057029e+00
 1.48968686e-01 2.89919327e+00
 1.66598565e-01 2.97276673e+00
 1.22878547e-01 3.05178694e+00
 1.92258758e-01 3.13682056e+00
 3.22120807e-01 3.22851734e+00
 2.42544512e-01 3.32762572e+00
 2.87012093e-01 3.43501201e+00
 2.63586159e-01 3.55168416e+00
 2.45506175e-01 3.67882151e+00
 3.23485510e-01 3.81781220e+00
 3.83049920e-01 3.97030072e+00
 3.53720506e-01 4.13824878e+00
 4.79291134e-01 4.32401406e+00
 4.64002970e-01 4.53045296e+00
 5.23108242e-01 4.76105626e+00
 6.73274894e-01 5.02012976e+00
 7.38886906e-01 5.31303781e+00
 8.09127572e-01 5.64653454e+00
 9.42606159e-01 6.02921864e+00
 1.16099880e+00 6.47216141e+00
 1.36274683e+00 6.98977374e+00
 1.53488578e+00 7.60098598e+00
 2.01769923e+00 8.33077911e+00
 2.53028811e+00 9.21189863e+00
 3.37854113e+00 1.02857641e+01
 4.49967348e+00 1.15985997e+01
 6.30820888e+00 1.31779728e+01
 9.17507449e+00 1.49353947e+01
 1.41758271e+01 1.63062456e+01
 2.18845193e+01 1.51798278e+01
 3.03682051e+01 7.14135686e+00
 3.01481990e+01 -6.40942709e+00
 2.17319727e+01 -1.42226425e+01
 1.39991217e+01 -1.52394322e+01
 9.12826478e+00 -1.38488917e+01
 6.26411960e+00 -1.20975449e+01
 4.50157227e+00 -1.05281356e+01
 3.42593352e+00 -9.22391218e+00
 2.53442834e+00 -8.15653780e+00
 2.10219487e+00 -7.28003659e+00
 1.61365221e+00 -6.55337873e+00
 1.38117411e+00 -5.94415245e+00
 1.19615542e+00 -5.42762899e+00
 1.00617142e+00 -4.98506167e+00
 8.34597477e-01 -4.60217233e+00
 7.03747339e-01 -4.26798586e+00
 6.69108843e-01 -3.97397382e+00
 4.91135297e-01 -3.71343380e+00
 3.90123207e-01 -3.48103989e+00
 4.37268089e-01 -3.27251496e+00
 3.84445011e-01 -3.08438978e+00
 4.35710783e-01 -2.91382409e+00
 4.01647753e-01 -2.75847232e+00
 2.61923542e-01 -2.61638168e+00
 3.55989802e-01 -2.48591419e+00
 3.37808370e-01 -2.36568624e+00
 2.19057246e-01 -2.25452147e+00
 2.56973966e-01 -2.15141363e+00
 2.01647957e-01 -2.05549703e+00
 1.67168287e-01 -1.96602296e+00
 1.36010845e-01 -1.88234062e+00
 1.69556452e-01 -1.80388162e+00
 2.01538724e-01 -1.73014737e+00
 1.91191262e-01 -1.66069862e+00
 5.47909350e-02 -1.59514687e+00
 1.36546757e-01 -1.53314720e+00
 1.11532338e-01 -1.47439228e+00
 8.40305091e-02 -1.41860727e+00
 5.03096009e-02 -1.36554564e+00
 1.42912369e-01 -1.31498550e+00
 1.05708189e-01 -1.26672652e+00
 7.87301710e-02 -1.22058730e+00
 1.02469746e-01 -1.17640309e+00
 1.09687588e-01 -1.13402387e+00
 5.61776976e-02 -1.09331259e+00
 8.86761950e-02 -1.05414374e+00
 1.23306494e-01 -1.01640207e+00
 6.76149884e-02 -9.79981430e-01
 1.26072857e-01 -9.44783804e-01
 6.19455611e-02 -9.10718433e-01
 6.52261432e-02 -8.77701045e-01
 3.85092721e-02 -8.45653166e-01
 1.95647733e-01 -8.14501515e-01
 8.93497660e-02 -7.84177457e-01
 6.01225170e-02 -7.54616511e-01
 -8.54434467e-03 -7.25757912e-01
 1.58419363e-01 -6.97544211e-01
 2.70272401e-02 -6.69920911e-01
 7.75674024e-02 -6.42836138e-01
 1.06067646e-01 -6.16240334e-01
 3.58448394e-02 -5.90085977e-01
 1.17309713e-01 -5.64327320e-01
 1.28887658e-01 -5.38920145e-01
 5.34325539e-02 -5.13821537e-01
 9.62954159e-02 -4.88989661e-01
 3.03259237e-02 -4.64383554e-01
 1.22966160e-01 -4.39962925e-01
 5.65804397e-02 -4.15687954e-01
 4.94309938e-02 -3.91519103e-01
 9.47551689e-02 -3.67416918e-01
 -2.47797090e-02 -3.43341838e-01
 5.07813032e-02 -3.19254000e-01
 9.65570261e-02 -2.95113033e-01
 7.51877965e-02 -2.70877854e-01
 6.30107144e-02 -2.46506447e-01
 4.41101943e-03 -2.21955634e-01
 3.98057895e-02 -1.97180832e-01
 3.44246080e-02 -1.72135791e-01
 6.55374517e-02 -1.46772309e-01
 1.07695255e-01 -1.21039926e-01
 -4.48586829e-02 -9.48855891e-02
 -8.52497293e-02 -6.82532763e-02
 4.15142016e-02 -4.10835909e-02
 2.24111733e-02 -1.33133018e-02
 6.17159643e-02 1.51251682e-02
 2.71645695e-02 4.43043175e-02
 8.69368988e-02 7.43022153e-02
 3.58396460e-03 1.05203239e-01
 9.95609771e-02 1.37098912e-01
 9.92229367e-02 1.70088866e-01
 1.27465045e-01 2.04281941e-01
 8.16894294e-02 2.39797455e-01
 9.78815264e-02 2.76766678e-01
 1.02756175e-01 3.15334541e-01
 9.93424942e-02 3.55661634e-01
 8.23383863e-02 3.97926548e-01
 2.54293480e-02 4.42328636e-01
 1.37351083e-01 4.89091278e-01
 1.62331638e-01 5.38465771e-01
 6.32533446e-02 5.90735973e-01
 1.41860598e-01 6.46223894e-01
 2.19103277e-01 7.05296447e-01
 1.52266515e-01 7.68373663e-01
 1.43264996e-01 8.35938744e-01
 1.29228956e-01 9.08550448e-01
 2.12211089e-01 9.86858448e-01
 2.84216729e-01 1.07162253e+00
 2.04429321e-01 1.16373677e+00
 1.64215977e-01 1.26426020e+00
 1.71094196e-01 1.37445615e+00
 3.12338796e-01 1.49584299e+00
 3.79828599e-01 1.63026036e+00
 3.75605294e-01 1.77995636e+00
 4.51386611e-01 1.94770336e+00
 5.38640205e-01 2.13695342e+00
 6.39128456e-01 2.35204824e+00
 6.00874538e-01 2.59850441e+00
 7.51970682e-01 2.88340094e+00
 9.84750823e-01 3.21589943e+00
 1.15215740e+00 3.60791688e+00
 1.41791619e+00 4.07490718e+00
 1.89570627e+00 4.63646507e+00
 2.21031935e+00 5.31563370e+00
 3.10129724e+00 6.13297692e+00
 4.45847364e+00 7.08184451e+00
 6.33839640e+00 8.03888753e+00
 9.98159444e+00 8.47328996e+00
 1.47462502e+01 6.79843694e+00
 1.86320881e+01 9.05893244e-01
 1.68793345e+01 -6.42472957e+00
 1.19181909e+01 -9.85537062e+00
 7.75264372e+00 -1.00882448e+01
 5.21731729e+00 -9.26016379e+00
 3.55793025e+00 -8.28262439e+00
 2.67506451e+00 -7.40530218e+00
 1.96354248e+00 -6.66909799e+00
 1.50864079e+00 -6.06064473e+00
 1.31682715e+00 -5.55680370e+00
 1.01029070e+00 -5.13627393e+00
 8.21049993e-01 -4.78184376e+00
 7.63873524e-01 -4.48014753e+00
 6.27122618e-01 -4.22090780e+00
 5.03826537e-01 -3.99620494e+00
 5.04179344e-01 -3.79989185e+00
 3.69862118e-01 -3.62715243e+00
 3.57266297e-01 -3.47417520e+00
 3.61298367e-01 -3.33791327e+00
 2.72019617e-01 -3.21590709e+00
 3.31155114e-01 -3.10615280e+00
 2.44311483e-01 -3.00700356e+00
 2.10995490e-01 -2.91709487e+00
 1.69899830e-01 -2.83528758e+00
 2.38975390e-01 -2.76062397e+00
 1.84885254e-01 -2.69229349e+00
 1.69875597e-01 -2.62960604e+00
 6.48339978e-02 -2.57197068e+00
 8.47644488e-02 -2.51887874e+00
 1.03264179e-01 -2.46989022e+00
 6.89687957e-02 -2.42462278e+00
 1.79656591e-01 -2.38274281e+00
 2.18536296e-02 -2.34395804e+00
 8.34926813e-02 -2.30801155e+00
 2.75460312e-02 -2.27467670e+00
 1.42513098e-01 -2.24375295e+00
 1.21806739e-01 -2.21506241e+00
 4.48295026e-02 -2.18844681e+00
 1.19534304e-01 -2.16376507e+00
 3.51422632e-02 -2.14089116e+00
 -2.51651932e-02 -2.11971231e+00
 5.92481983e-02 -2.10012746e+00
 5.57770714e-02 -2.08204592e+00
 4.93809406e-02 -2.06538628e+00
 2.62907314e-02 -2.05007538e+00
 -1.79866642e-02 -2.03604749e+00
 2.82954756e-02 -2.02324356e+00
 1.05297800e-01 -2.01161059e+00
 -2.51216900e-02 -2.00110106e+00
 1.80218423e-02 -1.99167246e+00
 3.25922302e-02 -1.98328687e+00
 1.01007911e-02 -1.97591057e+00
 2.29909486e-02 -1.96951376e+00
 8.16920309e-02 -1.96407023e+00
 1.97887136e-02 -1.95955718e+00
 -3.11990193e-02 -1.95595497e+00
 4.49216793e-02 -1.95324695e+00
 4.29441443e-02 -1.95141933e+00
 -3.47264487e-02 -1.95046102e+00
 2.82066754e-02 -1.95036358e+00
 -1.67315549e-02 -1.95112108e+00
 -1.51022432e-02 -1.95273008e+00
 -2.21328555e-02 -1.95518957e+00
 -7.44457363e-03 -1.95850093e+00
 -2.27940678e-02 -1.96266796e+00
 6.26643234e-02 -1.96769686e+00
 -3.42140651e-02 -1.97359626e+00
 -6.38672595e-02 -1.98037728e+00
 -1.47766126e-02 -1.98805358e+00
 4.06376114e-02 -1.99664143e+00
 -2.84048780e-02 -2.00615984e+00
 1.79515637e-02 -2.01663066e+00
 6.94101306e-02 -2.02807871e+00
 -4.99513372e-02 -2.04053201e+00
 -2.97188477e-02 -2.05402190e+00
 2.95020459e-02 -2.06858330e+00
 -7.06935184e-02 -2.08425499e+00
 -1.55029376e-02 -2.10107984e+00
 -1.25485445e-01 -2.11910522e+00
 -6.36219347e-03 -2.13838332e+00
 -4.37007343e-02 -2.15897161e+00
 -1.58814985e-01 -2.18093332e+00
 -5.39354961e-02 -2.20433801e+00
 -4.15319675e-02 -2.22926220e+00
 -1.06515511e-01 -2.25579007e+00
 -4.38853615e-02 -2.28401434e+00
 -4.28434982e-02 -2.31403716e+00
 -8.23867620e-02 -2.34597122e+00
 -1.31231078e-01 -2.37994099e+00
 -1.00679860e-01 -2.41608418e+00
 -6.71214399e-02 -2.45455336e+00
 -1.55444962e-01 -2.49551788e+00
 -1.18842121e-01 -2.53916615e+00
 -1.51203261e-01 -2.58570821e+00
 -1.21624110e-01 -2.63537880e+00
 -2.20417474e-01 -2.68844093e+00
 -1.36146911e-01 -2.74519016e+00
 -1.75420607e-01 -2.80595959e+00
 -1.86025411e-01 -2.87112589e+00
 -1.40780378e-01 -2.94111642e+00
 -1.57473928e-01 -3.01641795e+00
 -2.96157567e-01 -3.09758703e+00
 -1.85919446e-01 -3.18526276e+00
 -2.71199392e-01 -3.28018236e+00
 -3.16510361e-01 -3.38320037e+00
 -3.13768265e-01 -3.49531248e+00
 -3.75919234e-01 -3.61768532e+00
 -2.98844569e-01 -3.75169400e+00
 -4.59635710e-01 -3.89896969e+00
 -4.02008972e-01 -4.06146056e+00
 -5.19682238e-01 -4.24151048e+00
 -5.61358864e-01 -4.44196136e+00
 -6.35236318e-01 -4.66628762e+00
 -6.82650121e-01 -4.91877419e+00
 -8.08396825e-01 -5.20475372e+00
 -8.69168877e-01 -5.53092438e+00
 -1.04914305e+00 -5.90577557e+00
 -1.26909634e+00 -6.34015296e+00
 -1.48867212e+00 -6.84798720e+00
 -1.92473364e+00 -7.44716228e+00
 -2.40898269e+00 -8.16032190e+00
 -2.98251905e+00 -9.01482730e+00
 -3.93681622e+00 -1.00392111e+01
 -5.26637941e+00 -1.12474640e+01
 -7.49015416e+00 -1.25831084e+01
 -1.08414476e+01 -1.37362752e+01
 -1.63392156e+01 -1.36291027e+01
 -2.31503963e+01 -9.69373100e+00
 -2.66445058e+01 -2.72399884e-01
 -2.27339561e+01 8.87938195e+00
 -1.58209077e+01 1.24725500e+01
 -1.06841539e+01 1.24427523e+01
 -7.30221908e+00 1.12620323e+01
 -5.16565992e+00 9.93262593e+00
 -3.86562422e+00 8.73754706e+00
 -2.99363027e+00 7.72562664e+00
 -2.21886098e+00 6.88117987e+00
 -1.87758613e+00 6.17565425e+00
 -1.52771632e+00 5.58205951e+00
 -1.25833613e+00 5.07814775e+00
 -1.06019021e+00 4.64636599e+00
 -8.75456582e-01 4.27304060e+00
 -6.63939263e-01 3.94752041e+00
 -6.50195894e-01 3.66146221e+00
 -5.86418049e-01 3.40827782e+00
 -5.46956002e-01 3.18271769e+00
 -4.79633770e-01 2.98056010e+00
 -3.76058981e-01 2.79837890e+00
 -3.44742052e-01 2.63336924e+00
 -2.91716455e-01 2.48321579e+00
 -2.71185739e-01 2.34599230e+00
 -3.27401845e-01 2.22008446e+00
 -3.01405540e-01 2.10412998e+00
 -2.66317840e-01 1.99697184e+00
 -2.48608478e-01 1.89762137e+00
 -1.95959291e-01 1.80522896e+00
 -1.73938598e-01 1.71906055e+00
 -1.93013088e-01 1.63847874e+00
 -1.60687216e-01 1.56292742e+00
 -2.36915962e-01 1.49191921e+00
 -2.54013921e-01 1.42502515e+00
 -1.91127610e-01 1.36186613e+00
 -1.38949979e-01 1.30210587e+00
 -1.84735377e-01 1.24544489e+00
 -2.24692334e-01 1.19161562e+00
 -6.59749347e-02 1.14037812e+00
 -1.24385802e-01 1.09151656e+00
 -1.58909917e-01 1.04483615e+00
 -1.15710841e-01 1.00016057e+00
 -1.10647687e-01 9.57329703e-01
 -1.32755055e-01 9.16197736e-01
 -1.28937893e-01 8.76631487e-01
 -1.22506790e-01 8.38508956e-01
 -1.73630633e-01 8.01718062e-01
 -1.14055025e-01 7.66155541e-01
 -7.07142812e-02 7.31725976e-01
 -1.61649735e-01 6.98340940e-01
 -7.59668344e-02 6.65918242e-01
 -1.43951409e-01 6.34381256e-01
 -1.27011405e-01 6.03658321e-01
 8.80038978e-03 5.73682210e-01
 -1.23146900e-01 5.44389645e-01
 -1.06217576e-01 5.15720866e-01
 -7.09504433e-02 4.87619241e-01
 -8.58350233e-02 4.60030902e-01
 -6.91317904e-02 4.32904426e-01
 -9.35740717e-02 4.06190527e-01
 -2.26625761e-02 3.79841781e-01
 -8.46078958e-02 3.53812366e-01
 -6.05687251e-02 3.28057817e-01
 1.01067426e-02 3.02534795e-01
 -2.97507733e-02 2.77200870e-01
 -1.15248328e-01 2.52014302e-01
 -5.36215924e-02 2.26933847e-01
 -1.10453473e-01 2.01918542e-01
 -8.04417858e-02 1.76927517e-01
 -7.94731016e-02 1.51919787e-01
 -5.23800977e-02 1.26854056e-01
 -1.11220355e-01 1.01688509e-01
 -4.17004694e-02 7.63805972e-02
 -1.58221054e-01 5.08868236e-02
 -4.52815500e-03 2.51625064e-02
 -4.42169442e-02 -8.38464145e-04
 -9.87960380e-02 -2.71638872e-02
 -1.72897701e-02 -5.38635327e-02
 -3.22386725e-03 -8.09894460e-02
 -1.84174103e-01 -1.08596279e-01
 -1.15323652e-01 -1.36741655e-01
 -1.10820933e-03 -1.65486569e-01
 -5.52290834e-02 -1.94895831e-01
 -1.57613079e-01 -2.25038563e-01
 -8.42246581e-02 -2.55988752e-01
 -1.28080326e-01 -2.87825869e-01
 -8.75358910e-02 -3.20635575e-01
 -1.35096459e-01 -3.54510516e-01
 -1.31905394e-01 -3.89551222e-01
 -5.23890037e-02 -4.25867146e-01
 -1.77941086e-01 -4.63577843e-01
 -1.63227219e-01 -5.02814334e-01
 -6.75905742e-02 -5.43720678e-01
 -8.46046454e-02 -5.86455798e-01
 -1.27612393e-01 -6.31195605e-01
 -1.48576813e-01 -6.78135482e-01
 -1.50051219e-01 -7.27493205e-01
 -1.27848085e-01 -7.79512384e-01
 -1.83424404e-01 -8.34466545e-01
 -2.09501188e-01 -8.92663991e-01
 -1.55326628e-01 -9.54453621e-01
 -2.63984285e-01 -1.02023193e+00
 -1.92830903e-01 -1.09045150e+00
 -1.90918862e-01 -1.16563128e+00
 -2.54790700e-01 -1.24636926e+00
 -2.74706602e-01 -1.33335800e+00
 -2.50466965e-01 -1.42740400e+00
 -2.27292732e-01 -1.52945180e+00
 -3.21763340e-01 -1.64061440e+00
 -2.98807898e-01 -1.76221181e+00
 -4.77918024e-01 -1.89582034e+00
 -4.28860745e-01 -2.04333609e+00
 -5.20141409e-01 -2.20705748e+00
 -4.45960969e-01 -2.38979311e+00
 -6.23478563e-01 -2.59500392e+00
 -6.53420167e-01 -2.82699115e+00
 -8.34842803e-01 -3.09114513e+00
 -9.46690455e-01 -3.39427231e+00
 -1.11308319e+00 -3.74501559e+00
 -1.28634864e+00 -4.15436417e+00
 -1.60319119e+00 -4.63617888e+00
 -2.00187077e+00 -5.20743640e+00
 -2.49898823e+00 -5.88721674e+00
 -3.33883568e+00 -6.69139078e+00
 -4.56678994e+00 -7.61360627e+00
 -6.40342226e+00 -8.56393022e+00
 -9.43313592e+00 -9.18610085e+00
 -1.37658194e+01 -8.42940786e+00
 -1.85844545e+01 -4.36492583e+00
 -1.96521251e+01 2.96793714e+00
 -1.60394539e+01 8.77052725e+00
 -1.11977936e+01 1.07149988e+01
 -7.61054068e+00 1.05031472e+01
 -5.22336847e+00 9.62759056e+00
 -3.87675023e+00 8.67666691e+00
 -2.82518277e+00 7.82122161e+00
 -2.17786250e+00 7.09195651e+00
 -1.79713640e+00 6.47897132e+00
 -1.44055152e+00 5.96356725e+00
 -1.23628827e+00 5.52766697e+00
 -9.59022204e-01 5.15610577e+00
 -8.72340175e-01 4.83674788e+00
 -6.08825840e-01 4.56002822e+00
 -6.30070204e-01 4.31842260e+00
 -5.41876799e-01 4.10598828e+00
 -4.72911505e-01 3.91799933e+00
 -4.74870507e-01 3.75066721e+00
 -4.17779453e-01 3.60092919e+00
 -2.34567827e-01 3.46628846e+00
 -2.93625961e-01 3.34469299e+00
 -3.31183290e-01 3.23444316e+00
 -2.72978855e-01 3.13412092e+00
 -2.15325745e-01 3.04253491e+00
 -1.79737116e-01 2.95867777e+00
 -2.27066562e-01 2.88169254e+00
 -1.40615849e-01 2.81084607e+00
 -1.11011439e-01 2.74550780e+00
 -1.43949176e-01 2.68513273e+00
 -1.36707425e-01 2.62924762e+00
 -1.18034191e-01 2.57743981e+00
 -1.93147662e-01 2.52934798e+00
 -1.87381792e-01 2.48465459e+00
 -1.24364905e-01 2.44307964e+00
 1.02275138e-02 2.40437538e+00
 -9.98630969e-02 2.36832200e+00
 -5.29156549e-02 2.33472391e+00
 -1.59658301e-01 2.30340664e+00
 -1.26531663e-01 2.27421422e+00
 -1.29058389e-01 2.24700693e+00
 -4.49364959e-02 2.22165936e+00
 -9.82384207e-02 2.19805879e+00
 -1.59549745e-01 2.17610377e+00
 -7.06563532e-04 2.15570287e+00
 -1.29628420e-01 2.13677367e+00
 -7.74244883e-02 2.11924180e+00
 -1.74999366e-02 2.10304018e+00
 -6.40847943e-02 2.08810828e+00
 -1.10393552e-02 2.07439156e+00
 -6.74822364e-02 2.06184090e+00
 -6.33300424e-02 2.05041217e+00
 4.68579112e-03 2.04006581e+00
 -8.36804466e-02 2.03076647e+00
 2.21614091e-03 2.02248271e+00
 -2.20504846e-02 2.01518675e+00
 -1.06128211e-01 2.00885420e+00
 4.81229974e-02 2.00346388e+00
 6.25073598e-03 1.99899766e+00
 1.36946704e-02 1.99544027e+00
 -1.07509310e-02 1.99277924e+00
 1.74329801e-02 1.99100474e+00
 -5.52533338e-02 1.99010954e+00
 -4.13666007e-02 1.99008895e+00
 5.98321657e-02 1.99094074e+00
 1.23701092e-02 1.99266517e+00
 1.17741303e-01 1.99526494e+00
 -2.04765554e-02 1.99874522e+00
 4.62661392e-02 2.00311371e+00
 5.96660622e-02 2.00838062e+00
 -1.51599190e-02 2.01455881e+00
 6.80798876e-02 2.02166383e+00
 3.37903177e-02 2.02971404e+00
 3.24831029e-02 2.03873075e+00
 1.72010052e-02 2.04873836e+00
 4.40858519e-03 2.05976453e+00
 -6.81524048e-02 2.07184043e+00
 -9.58842303e-03 2.08500092e+00
 5.26633297e-02 2.09928490e+00
 6.48445933e-02 2.11473553e+00
 4.75197425e-02 2.13140068e+00
 3.61032292e-02 2.14933328e+00
 -4.33948820e-03 2.16859180e+00
 6.02505505e-03 2.18924081e+00
 5.50141508e-02 2.21135153e+00
 9.57512816e-02 2.23500258e+00
 9.98287354e-02 2.26028073e+00
 4.62781631e-02 2.28728182e+00
 6.85344075e-02 2.31611181e+00
 2.02845307e-01 2.34688795e+00
 5.51382786e-02 2.37974019e+00
 1.12591577e-01 2.41481278e+00
 1.37893586e-01 2.45226607e+00
 6.50753318e-02 2.49227874e+00
 9.39990081e-02 2.53505027e+00
 9.63688665e-02 2.58080392e+00
 1.48830934e-01 2.62979020e+00
 1.51064459e-01 2.68229096e+00
 1.50246137e-01 2.73862434e+00
 2.39303445e-01 2.79915050e+00
 1.86287899e-02 2.86427868e+00
 2.18973911e-01 2.93447552e+00
 2.44317577e-01 3.01027533e+00
 2.56506183e-01 3.09229241e+00
 2.74066101e-01 3.18123628e+00
 3.12103230e-01 3.27793039e+00
 2.51799604e-01 3.38333536e+00
 3.34509179e-01 3.49857803e+00
 3.48673657e-01 3.62498795e+00
 4.28758496e-01 3.76414374e+00
 4.17578587e-01 3.91793215e+00
 4.78857728e-01 4.08862411e+00
 6.73064779e-01 4.27897312e+00
 6.28297042e-01 4.49234342e+00
 6.89580617e-01 4.73287770e+00
 8.22657633e-01 5.00571662e+00
 9.80866858e-01 5.31728489e+00
 1.15571536e+00 5.67565771e+00
 1.36229428e+00 6.09101037e+00
 1.58637184e+00 6.57611190e+00
 2.03823728e+00 7.14669367e+00
 2.57729805e+00 7.82114185e+00
 3.18387483e+00 8.61785293e+00
 4.30389093e+00 9.54533604e+00
 5.89616243e+00 1.05705746e+01
 8.39556082e+00 1.15244352e+01
 1.19859963e+01 1.18472210e+01
 1.72586988e+01 1.01281649e+01
 2.17310678e+01 4.50406036e+00
 2.15750363e+01 -3.54644041e+00
 1.68030056e+01 -8.91114237e+00
 1.17683140e+01 -1.04464345e+01
 8.14773007e+00 -1.00580701e+01
 5.79265863e+00 -9.09218109e+00
 4.29078762e+00 -8.07184139e+00
 3.24913823e+00 -7.15283404e+00
 2.54962732e+00 -6.36404268e+00
 2.04128552e+00 -5.69592820e+00
 1.68206589e+00 -5.13003078e+00
 1.38460005e+00 -4.64816186e+00
 1.20313585e+00 -4.23482436e+00
 9.73704971e-01 -3.87745569e+00
 8.55589825e-01 -3.56604676e+00
 8.21837879e-01 -3.29265159e+00
 6.02611330e-01 -3.05094466e+00
 6.13476125e-01 -2.83586111e+00
 6.38094912e-01 -2.64331628e+00
 4.93875474e-01 -2.46999032e+00
 4.09601126e-01 -2.31316381e+00
 4.20022553e-01 -2.17059197e+00
 2.38456107e-01 -2.04040800e+00
 3.33303762e-01 -1.92104846e+00
 2.09816506e-01 -1.81119513e+00
 2.70233922e-01 -1.70972950e+00
 2.86937421e-01 -1.61569680e+00
 2.38614555e-01 -1.52827739e+00
 1.65448202e-01 -1.44676389e+00
 9.28703701e-02 -1.37054272e+00
 2.37362336e-01 -1.29907906e+00
 1.60643366e-01 -1.23190470e+00
 2.62905520e-01 -1.16860790e+00
 1.73960881e-01 -1.10882513e+00
 3.14428805e-01 -1.05223413e+00
 1.19111140e-01 -9.98548207e-01
 1.22421103e-01 -9.47511308e-01
 1.84479306e-01 -8.98894002e-01
 7.81368326e-02 -8.52489997e-01
 6.85764377e-02 -8.08113195e-01
 9.32741377e-02 -7.65595184e-01
 5.54521293e-02 -7.24783070e-01
 3.58881664e-02 -6.85537621e-01
 1.52102930e-01 -6.47731661e-01
 8.98440460e-02 -6.11248665e-01
 1.37314711e-02 -5.75981549e-01
 7.09437631e-02 -5.41831601e-01
 -4.29546756e-03 -5.08707549e-01
 1.37158007e-01 -4.76524736e-01
 7.75760374e-02 -4.45204392e-01
 9.26787729e-02 -4.14672988e-01
 1.27333678e-01 -3.84861659e-01
 2.62403674e-02 -3.55705690e-01
 1.32328385e-01 -3.27144051e-01
 1.08050151e-01 -2.99118981e-01
 1.73601632e-01 -2.71575607e-01
 8.92249416e-02 -2.44461599e-01
 3.14066226e-03 -2.17726851e-01
 1.32231988e-02 -1.91323192e-01
 2.44804279e-02 -1.65204113e-01
 1.10653198e-01 -1.39324512e-01
 1.47841013e-01 -1.13640454e-01
 6.23946549e-02 -8.81089497e-02
 7.98985129e-02 -6.26877313e-02
 8.00928858e-02 -3.73350461e-02
 8.48877504e-02 -1.20094506e-02
 -7.72701402e-02 1.33303919e-02
 3.65973396e-02 3.87259119e-02
 6.40756015e-02 6.42188358e-02
 1.43271786e-02 8.98513915e-02
 9.15785683e-02 1.15666518e-01
 1.26899966e-01 1.41708084e-01
 1.71112257e-01 1.68021115e-01
 8.39448636e-02 1.94652032e-01
 1.33726671e-01 2.21648906e-01
 2.08351979e-02 2.49061730e-01
 2.13791264e-02 2.76942716e-01
 1.41786424e-01 3.05346605e-01
 1.72388404e-01 3.34331023e-01
 2.00389866e-02 3.63956855e-01
 6.26301234e-02 3.94288668e-01
 6.51935553e-03 4.25395177e-01
 6.95142728e-02 4.57349762e-01
 2.14044981e-02 4.90231048e-01
 8.18196286e-02 5.24123556e-01
 1.62464527e-01 5.59118434e-01
 7.33904138e-02 5.95314290e-01
 2.09690762e-01 6.32818134e-01
 1.25184344e-01 6.71746450e-01
 3.51336107e-02 7.12226423e-01
 1.33531832e-01 7.54397358e-01
 9.17689452e-02 7.98412296e-01
 1.49938682e-01 8.44439905e-01
 1.51283890e-01 8.92666659e-01
 7.53976669e-02 9.43299387e-01
 2.13587209e-01 9.96568261e-01
 1.62989972e-01 1.05273030e+00
 1.75206286e-01 1.11207352e+00
 2.16534186e-01 1.17492183e+00
 2.61293726e-01 1.24164092e+00
 2.02969226e-01 1.31264529e+00
 2.27871383e-01 1.38840665e+00
 2.11666765e-01 1.46946422e+00
 2.20907430e-01 1.55643719e+00
 2.50677189e-01 1.65003997e+00
 1.82873643e-01 1.75110104e+00
 3.02658563e-01 1.86058631e+00
 3.92264724e-01 1.97962829e+00
 4.05219885e-01 2.10956272e+00
 5.19861498e-01 2.25197504e+00
 4.51240633e-01 2.40875947e+00
 5.04072049e-01 2.58219486e+00
 6.22047602e-01 2.77504246e+00
 6.28018071e-01 2.99067258e+00
 7.78288435e-01 3.23322881e+00
 8.42637398e-01 3.50784027e+00
 8.97952422e-01 3.82089247e+00
 1.12142534e+00 4.18036207e+00
 1.40689153e+00 4.59619953e+00
 1.74148193e+00 5.08067865e+00
 2.11451827e+00 5.64844605e+00
 2.74699904e+00 6.31548446e+00
 3.39886793e+00 7.09474579e+00
 4.66393501e+00 7.98208000e+00
 6.39035223e+00 8.91454655e+00
 8.99452336e+00 9.65430594e+00
 1.27556017e+01 9.51237369e+00
 1.75561894e+01 7.02135315e+00
 2.08627558e+01 9.78926382e-01
 1.94120471e+01 -6.12298794e+00
 1.48925029e+01 -1.02137965e+01
 1.05849505e+01 -1.11961391e+01
 7.43202785e+00 -1.07314698e+01
 5.26734561e+00 -9.84227638e+00
 3.94247234e+00 -8.92365269e+00
 3.04015888e+00 -8.09596244e+00
 2.32711094e+00 -7.38204528e+00
 1.85216727e+00 -6.77403851e+00
 1.50591362e+00 -6.25652309e+00
 1.32719518e+00 -5.81406279e+00
 9.72772637e-01 -5.43332415e+00
 9.54678732e-01 -5.10337268e+00
 7.74324982e-01 -4.81541080e+00
 6.77143242e-01 -4.56239592e+00
 6.16452767e-01 -4.33868159e+00
 5.33583019e-01 -4.13971891e+00
 4.62804263e-01 -3.96181980e+00
 3.37001325e-01 -3.80197297e+00
 3.90867133e-01 -3.65770190e+00
 3.57509274e-01 -3.52695525e+00
 3.28756608e-01 -3.40802204e+00
 3.21269141e-01 -3.29946568e+00
 2.53641427e-01 -3.20007235e+00
 2.49919337e-01 -3.10881035e+00
 1.82717748e-01 -3.02479781e+00
 2.34051380e-01 -2.94727696e+00
 2.22209813e-01 -2.87559343e+00
 1.49809684e-01 -2.80917953e+00
 2.11974621e-01 -2.74754059e+00
 1.78469736e-01 -2.69024381e+00
 1.32792310e-01 -2.63690908e+00
 1.42340536e-01 -2.58720139e+00
 1.86728922e-01 -2.54082443e+00
 3.77589643e-02 -2.49751539e+00
 1.54049582e-01 -2.45704043e+00
 -1.71613580e-02 -2.41919096e+00
 2.83486967e-02 -2.38378044e+00
 6.13840270e-02 -2.35064169e+00
 1.03201556e-01 -2.31962455e+00
 7.59827303e-02 -2.29059391e+00
 -2.02430253e-02 -2.26342801e+00
 5.86410717e-02 -2.23801694e+00
 6.86741821e-02 -2.21426139e+00
 1.15218585e-02 -2.19207153e+00
 7.52000636e-03 -2.17136605e+00
 1.17606332e-02 -2.15207133e+00
 1.22270496e-02 -2.13412070e+00
 1.72491656e-02 -2.11745379e+00
 -6.42816878e-03 -2.10201598e+00
 -1.72976798e-02 -2.08775792e+00
 7.17755035e-02 -2.07463507e+00
 -6.37608910e-03 -2.06260733e+00
 3.08960610e-02 -2.05163872e+00
 -4.61211123e-02 -2.04169708e+00
 6.65543691e-02 -2.03275384e+00
 2.67418336e-02 -2.02478374e+00
 -1.70831335e-02 -2.01776471e+00
 3.66946023e-03 -2.01167765e+00
 7.55919832e-02 -2.00650635e+00
 -8.49205677e-02 -2.00223731e+00
 6.34407307e-02 -1.99885968e+00
 1.34919588e-02 -1.99636519e+00
 -4.99175383e-02 -1.99474809e+00
 8.47031147e-02 -1.99400510e+00
 -1.52801510e-02 -1.99413539e+00
 -7.39810965e-02 -1.99514060e+00
 -1.36415658e-02 -1.99702485e+00
 1.79351743e-02 -1.99979474e+00
 -3.59517351e-02 -2.00345946e+00
 4.64122652e-02 -2.00803080e+00
 -1.24170028e-01 -2.01352329e+00
 1.20541036e-01 -2.01995428e+00
 -2.02622039e-02 -2.02734409e+00
 -9.91901918e-02 -2.03571617e+00
 2.92939336e-03 -2.04509728e+00
 -4.26652622e-02 -2.05551772e+00
 3.74155430e-02 -2.06701155e+00
 -6.75464556e-02 -2.07961692e+00
 -9.85520568e-02 -2.09337637e+00
 -1.12504129e-01 -2.10833722e+00
 -7.65575071e-03 -2.12455199e+00
 6.73485531e-04 -2.14207890e+00
 -1.66343874e-01 -2.16098243e+00
 -7.43639987e-02 -2.18133397e+00
 -9.33294110e-02 -2.20321254e+00
 -1.04527733e-01 -2.22670565e+00
 -1.15168273e-01 -2.25191027e+00
 -1.18642486e-01 -2.27893394e+00
 -1.45828771e-01 -2.30789610e+00
 -1.17676417e-01 -2.33892952e+00
 -1.97740324e-01 -2.37218209e+00
 -7.67169920e-02 -2.40781886e+00
 -1.74760538e-01 -2.44602436e+00
 -1.61485767e-01 -2.48700543e+00
 -2.41902997e-01 -2.53099447e+00
 -2.02996781e-01 -2.57825331e+00
 -1.70462848e-01 -2.62907788e+00
 -2.30567957e-01 -2.68380363e+00
 -2.22254682e-01 -2.74281216e+00
 -2.19281293e-01 -2.80653919e+00
 -1.44703130e-01 -2.87548416e+00
 -2.63789134e-01 -2.95022196e+00
 -2.49503215e-01 -3.03141734e+00
 -2.57473006e-01 -3.11984257e+00
 -3.07320625e-01 -3.21639947e+00
 -3.71066380e-01 -3.32214680e+00
 -3.27352916e-01 -3.43833467e+00
 -3.72022591e-01 -3.56644810e+00
 -4.74246621e-01 -3.70826228e+00
 -4.62163124e-01 -3.86591328e+00
 -4.68529760e-01 -4.04198877e+00
 -6.59666990e-01 -4.23964460e+00
 -7.72447835e-01 -4.46275444e+00
 -9.13623411e-01 -4.71609988e+00
 -1.02971204e+00 -5.00560636e+00
 -1.11582668e+00 -5.33862000e+00
 -1.34174923e+00 -5.72418924e+00
 -1.73085571e+00 -6.17322797e+00
 -2.07942767e+00 -6.69820048e+00
 -2.68445939e+00 -7.31133086e+00
 -3.40206678e+00 -8.01860016e+00
 -4.63186827e+00 -8.80204315e+00
 -6.38535491e+00 -9.57038780e+00
 -8.84162921e+00 -1.00314864e+01
 -1.25739474e+01 -9.43357214e+00
 -1.65470967e+01 -6.45897592e+00
 -1.85087121e+01 -7.04532147e-01
 -1.63280848e+01 4.99761771e+00
 -1.23604672e+01 7.89232175e+00
 -8.92240650e+00 8.44804879e+00
 -6.29375163e+00 7.97362647e+00
 -4.58890612e+00 7.20372408e+00
 -3.40198195e+00 6.42217869e+00
 -2.69036313e+00 5.71721642e+00
 -2.14894764e+00 5.10584526e+00
 -1.64485193e+00 4.58185991e+00
 -1.42770814e+00 4.13304843e+00
 -1.17661811e+00 3.74702208e+00
 -1.06338915e+00 3.41294861e+00
 -9.82516496e-01 3.12185032e+00
 -7.34573892e-01 2.86643786e+00
 -6.73073874e-01 2.64082990e+00
 -6.07706141e-01 2.44027848e+00
 -4.31365486e-01 2.26093539e+00
 -4.56081719e-01 2.09966386e+00
 -4.47615507e-01 1.95389034e+00
 -2.98341544e-01 1.82148902e+00
 -3.62656600e-01 1.70069195e+00
 -3.39138810e-01 1.59001896e+00
 -3.15338296e-01 1.48822283e+00
 -1.94470303e-01 1.39424612e+00
 -3.23241455e-01 1.30718703e+00
 -3.13672551e-01 1.22627216e+00
 -2.34854127e-01 1.15083471e+00
 -1.57214517e-01 1.08029689e+00
 -1.90973055e-01 1.01415560e+00
 -1.88364236e-01 9.51970790e-01
 -1.11460205e-01 8.93355888e-01
 -1.68274629e-01 8.37969862e-01
 -1.88972726e-01 7.85510663e-01
 -1.55599343e-01 7.35709742e-01
 -1.30298108e-01 6.88327447e-01
 -1.69676309e-01 6.43149149e-01
 -1.14713171e-01 5.99981959e-01
 -9.77087829e-02 5.58651941e-01
 -1.87329650e-01 5.19001725e-01
 -1.20163608e-01 4.80888467e-01
 -5.88784200e-02 4.44182085e-01
 -1.68300021e-01 4.08763748e-01
 -3.73188477e-02 3.74524545e-01
 -1.06974038e-01 3.41364346e-01
 -3.66996909e-02 3.09190794e-01
 -9.46394773e-02 2.77918421e-01
 -3.80009978e-02 2.47467877e-01
 -4.69483346e-02 2.17765241e-01
 -8.74721791e-02 1.88741411e-01
 -1.04472215e-01 1.60331562e-01
 -6.10952480e-02 1.32474659e-01
 -1.01836408e-01 1.05113023e-01
 -1.02919863e-01 7.81919307e-02
 -6.33470841e-02 5.16592595e-02
 -1.54159293e-01 2.54651592e-02
 -4.31214352e-02 -4.38249304e-04
 -5.00945060e-02 -2.60971523e-02
 -1.78361599e-01 -5.15563019e-02
 -2.03082774e-01 -7.68592591e-02
 -8.31758378e-02 -1.02048623e-01
 -1.17642365e-01 -1.27166250e-01
 -1.19365611e-01 -1.52253465e-01
 -7.11813549e-02 -1.77351264e-01
 2.66310592e-02 -2.02500516e-01
 -1.44647370e-03 -2.27742159e-01
 -9.43854422e-02 -2.53117404e-01
 -1.11856985e-01 -2.78667927e-01
 -3.07311184e-02 -3.04436081e-01
 -4.83304998e-02 -3.30465102e-01
 -4.71559554e-02 -3.56799329e-01
 -1.66698507e-01 -3.83484433e-01
 -1.04626204e-01 -4.10567658e-01
 -1.57228907e-01 -4.38098082e-01
 -1.50759495e-01 -4.66126889e-01
 -2.26764331e-02 -4.94707673e-01
 -7.93130157e-02 -5.23896756e-01
 -3.02718924e-02 -5.53753549e-01
 -5.39314162e-02 -5.84340936e-01
 -2.01901927e-01 -6.15725703e-01
 2.48484706e-02 -6.47979016e-01
 -1.82748654e-01 -6.81176952e-01
 -1.40224565e-01 -7.15401082e-01
 -1.01330705e-01 -7.50739144e-01
 -1.05685795e-01 -7.87285784e-01
 -1.21748706e-01 -8.25143402e-01
 -1.66756170e-01 -8.64423106e-01
 -1.39741917e-01 -9.05245804e-01
 -4.27147084e-02 -9.47743447e-01
 -1.95978404e-01 -9.92060452e-01
 -1.25837321e-01 -1.03835534e+00
 -1.11858362e-01 -1.08680263e+00
 -2.31284414e-01 -1.13759502e+00
 -1.95222029e-01 -1.19094594e+00
 -1.32436148e-01 -1.24709254e+00
 -1.73083589e-01 -1.30629915e+00
 -1.67067880e-01 -1.36886138e+00
 -1.98521077e-01 -1.43511100e+00
 -2.15049883e-01 -1.50542164e+00
 -2.10057345e-01 -1.58021573e+00
 -2.57017475e-01 -1.65997265e+00
 -2.60943153e-01 -1.74523871e+00
 -2.41602576e-01 -1.83663913e+00
 -3.01998870e-01 -1.93489269e+00
 -3.01516784e-01 -2.04082962e+00
 -2.64669254e-01 -2.15541367e+00
 -4.38202026e-01 -2.27976948e+00
 -4.12201041e-01 -2.41521666e+00
 -4.37673243e-01 -2.56331250e+00
 -5.52110981e-01 -2.72590591e+00
 -5.84399164e-01 -2.90520570e+00
 -5.76198087e-01 -3.10386748e+00
 -8.22086959e-01 -3.32510457e+00
 -8.11366719e-01 -3.57282913e+00
 -9.38174193e-01 -3.85183093e+00
 -1.16904690e+00 -4.16799937e+00
 -1.33738935e+00 -4.52858860e+00
 -1.52156600e+00 -4.94250502e+00
 -1.93362669e+00 -5.42054101e+00
 -2.21202268e+00 -5.97533216e+00
 -2.73219414e+00 -6.62043167e+00
 -3.51687220e+00 -7.36688870e+00
 -4.59166927e+00 -8.21304684e+00
 -6.09493902e+00 -9.11627529e+00
 -8.34545423e+00 -9.91842071e+00
 -1.15257115e+01 -1.01690467e+01
 -1.60119999e+01 -8.83909442e+00
 -2.03430972e+01 -4.50989357e+00
 -2.14814257e+01 2.42759886e+00
 -1.84722600e+01 8.35313028e+00
 -1.37855001e+01 1.10404627e+01
 -9.87466222e+00 1.14112516e+01
 -7.10120029e+00 1.08033693e+01
