 NaN NaN
 -2.32739544e-02 1.69096450e+00
 1.18944955e-01 1.69112225e+00
 -1.49901879e-02 1.69138063e+00
 -2.09990748e-02 1.69173914e+00
 1.20112352e-02 1.69219762e+00
 3.47352829e-02 1.69275607e+00
 -2.41800463e-02 1.69341465e+00
 -3.79062908e-02 1.69417361e+00
 3.71461741e-03 1.69503329e+00
 9.08289368e-02 1.69599411e+00
 -2.18854710e-03 1.69705658e+00
 -4.83536014e-02 1.69822125e+00
 8.67518427e-03 1.69948879e+00
 -5.51111221e-02 1.70085992e+00
 6.13644699e-03 1.70233542e+00
 -5.99275826e-02 1.70391618e+00
 3.97634643e-03 1.70560314e+00
 8.67799043e-02 1.70739731e+00
 1.78621561e-02 1.70929979e+00
 -3.14692537e-03 1.71131177e+00
 9.25842741e-02 1.71343450e+00
 -1.10772035e-02 1.71566932e+00
 5.12659804e-02 1.71801766e+00
 -2.95959032e-02 1.72048103e+00
 -5.43188836e-02 1.72306105e+00
 -2.08787982e-02 1.72575942e+00
 -1.47371094e-02 1.72857793e+00
 -3.67765175e-02 1.73151850e+00
 7.01725917e-02 1.73458312e+00
 7.33585618e-02 1.73777391e+00
 -5.61982469e-02 1.74109312e+00
 -3.51204335e-02 1.74454309e+00
 3.89556317e-02 1.74812630e+00
 -7.49748591e-03 1.75184535e+00
 3.13223283e-02 1.75570300e+00
 1.02115828e-01 1.75970213e+00
 -2.04987931e-02 1.76384578e+00
 1.19131886e-01 1.76813714e+00
 -4.88307571e-02 1.77257958e+00
 -4.52986500e-02 1.77717663e+00
 -3.55292764e-02 1.78193201e+00
 -3.42414754e-02 1.78684963e+00
 2.77407116e-02 1.79193361e+00
 -8.34000786e-03 1.79718828e+00
 -4.68774449e-02 1.80261820e+00
 -3.86445756e-02 1.80822818e+00
 9.06913329e-03 1.81402325e+00
 1.72334122e-02 1.82000876e+00
 5.16722995e-02 1.82619031e+00
 -1.40850972e-01 1.83257381e+00
 -1.09523990e-01 1.83916552e+00
 6.33263043e-02 1.84597201e+00
 1.58442687e-02 1.85300023e+00
 4.91200695e-03 1.86025753e+00
 1.68014911e-02 1.86775167e+00
 1.08883076e-01 1.87549086e+00
 -5.54085202e-02 1.88348377e+00
 7.10939435e-03 1.89173960e+00
 4.19535865e-02 1.90026810e+00
 -1.46272890e-01 1.90907959e+00
 -4.58668819e-02 1.91818503e+00
 -7.82995373e-02 1.92759606e+00
 2.54400181e-02 1.93732506e+00
 3.19787486e-02 1.94738516e+00
 -4.62839042e-02 1.95779039e+00
 -6.68829831e-02 1.96855567e+00
 3.77028598e-02 1.97969691e+00
 -4.44441917e-02 1.99123112e+00
 3.94813166e-02 2.00317647e+00
 -5.30603844e-02 2.01555237e+00
 -1.44975968e-02 2.02837967e+00
 9.11168524e-03 2.04168068e+00
 -2.60235206e-02 2.05547937e+00
 1.13392839e-01 2.06980153e+00
 -2.37486462e-02 2.08467488e+00
 -4.69587023e-03 2.10012933e+00
 2.39624461e-02 2.11619716e+00
 2.40806772e-02 2.13291326e+00
 1.21157307e-02 2.15031543e+00
 5.89819707e-02 2.16844463e+00
 8.13383511e-02 2.18734538e+00
 1.60257675e-02 2.20706611e+00
 4.72576282e-02 2.22765963e+00
 -2.86292894e-02 2.24918363e+00
 8.70846002e-02 2.27170124e+00
 1.26202372e-02 2.29528171e+00
 -7.87269175e-02 2.32000114e+00
 -1.15778300e-02 2.34594340e+00
 2.62360707e-02 2.37320110e+00
 1.47354525e-01 2.40187679e+00
 -1.69888497e-02 2.43208433e+00
 2.04863276e-02 2.46395048e+00
 1.34983683e-01 2.49761678e+00
 3.72769232e-02 2.53324181e+00
 4.86593106e-02 2.57100379e+00
 5.80921321e-02 2.61110375e+00
 -1.17196982e-02 2.65376930e+00
 1.43807913e-01 2.69925917e+00
 6.31489329e-03 2.74786873e+00
 2.59661743e-02 2.79993671e+00
 1.45355197e-02 2.85585346e+00
 -3.99208824e-02 2.91607119e+00
 6.97162224e-02 2.98111672e+00
 3.16318860e-03 3.05160755e+00
 5.92956718e-02 3.12827221e+00
 5.63344482e-02 3.21197638e+00
 8.07714878e-02 3.30375680e+00
 4.87611629e-02 3.40486557e+00
 9.41957925e-02 3.51682919e+00
 1.41754909e-01 3.64152785e+00
 1.37771758e-01 3.78130410e+00
 2.00030094e-01 3.93911383e+00
 2.11430722e-01 4.11874065e+00
 1.84367185e-01 4.32510637e+00
 1.75079859e-01 4.56473209e+00
 2.00575721e-01 4.84644206e+00
 3.22278555e-01 5.18247257e+00
 3.40151618e-01 5.59028462e+00
 4.99343290e-01 6.09565711e+00
 5.80474578e-01 6.73824027e+00
 6.82733481e-01 7.58215029e+00
 9.49740246e-01 8.73770680e+00
 1.61450094e+00 1.04100331e+01
 2.73772968e+00 1.30180161e+01
 5.47121623e+00 1.74894554e+01
 1.57947811e+01 2.51547230e+01
 5.00968195e+01 9.01014041e+00
 2.09202291e+01 -2.35788307e+01
 6.98684273e+00 -1.58419028e+01
 3.14329993e+00 -1.07767031e+01
 1.76628817e+00 -7.87547566e+00
 1.18815404e+00 -6.04911841e+00
 8.80123544e-01 -4.80428727e+00
 6.42438336e-01 -3.90420491e+00
 4.88966513e-01 -3.22385785e+00
 4.12824213e-01 -2.69167115e+00
 3.55867377e-01 -2.26391203e+00
 1.91145614e-01 -1.91242395e+00
 2.14535732e-01 -1.61828839e+00
 1.42266755e-01 -1.36833644e+00
 1.13281737e-01 -1.15312505e+00
 1.43760004e-01 -9.65709470e-01
 9.63326107e-02 -8.00869934e-01
 1.93678410e-01 -6.54608193e-01
 1.08154476e-01 -5.23810355e-01
 1.02819716e-01 -4.06015366e-01
 4.76035747e-02 -2.99252493e-01
 3.13758352e-03 -2.01924974e-01
 1.21741699e-01 -1.12725261e-01
 1.05745039e-01 -3.05722691e-02
 5.28276148e-02 4.54357298e-02
 -1.30343752e-02 1.16056951e-01
 1.03924787e-01 1.81933687e-01
 3.79395580e-02 2.43613785e-01
 6.41702870e-02 3.01567528e-01
 9.93618514e-02 3.56201034e-01
 5.67660804e-02 4.07866979e-01
 5.84731616e-02 4.56873249e-01
 2.23651274e-02 5.03489977e-01
 5.22214980e-02 5.47955295e-01
 8.55258813e-03 5.90480081e-01
 5.20409480e-02 6.31251896e-01
 -1.78522388e-02 6.70438262e-01
 1.80680449e-02 7.08189414e-01
 6.09385711e-02 7.44640621e-01
 -2.70562880e-03 7.79914151e-01
 3.05881174e-02 8.14120947e-01
 2.75576373e-02 8.47362058e-01
 -1.84742880e-02 8.79729871e-01
 1.83014078e-02 9.11309172e-01
 -9.36380033e-02 9.42178072e-01
 4.66710816e-02 9.72408806e-01
 2.76036257e-02 1.00206844e+00
 2.86256563e-02 1.03121947e+00
 -9.07299311e-02 1.05992041e+00
 -4.63591085e-02 1.08822623e+00
 1.56745789e-02 1.11618879e+00
 -1.75831312e-02 1.14385728e+00
 1.17665658e-01 1.17127849e+00
 8.61138931e-02 1.19849719e+00
 -3.20107163e-02 1.22555638e+00
 8.39429145e-02 1.25249756e+00
 -8.51369256e-02 1.27936100e+00
 -3.72445548e-02 1.30618594e+00
 2.08037848e-03 1.33301080e+00
 2.18406960e-02 1.35987340e+00
 2.46750416e-02 1.38681117e+00
 -1.20288351e-02 1.41386130e+00
 3.31994707e-02 1.44106094e+00
 4.32392390e-02 1.46844739e+00
 3.77872429e-02 1.49605827e+00
 6.64191962e-02 1.52393171e+00
 1.07649876e-01 1.55210654e+00
 3.42531231e-02 1.58062244e+00
 1.19405756e-01 1.60952019e+00
 6.43171686e-02 1.63884187e+00
 6.66554423e-02 1.66863103e+00
 1.45082797e-02 1.69893297e+00
 -3.52007374e-03 1.72979498e+00
 -9.49500697e-03 1.76126659e+00
 -3.46606389e-04 1.79339986e+00
 -3.39970173e-02 1.82624973e+00
 -1.72112256e-02 1.85987433e+00
 8.12305253e-02 1.89433536e+00
 4.15301895e-02 1.92969855e+00
 -8.35117569e-03 1.96603410e+00
 7.17851938e-02 2.00341720e+00
 4.60889861e-02 2.04192864e+00
 -9.76657762e-02 2.08165545e+00
 9.49000775e-02 2.12269166e+00
 6.89003746e-02 2.16513911e+00
 6.41129645e-02 2.20910847e+00
 7.84468182e-02 2.25472025e+00
 5.28722852e-02 2.30210612e+00
 1.83137121e-02 2.35141031e+00
 -3.28429708e-02 2.40279125e+00
 -3.67442692e-02 2.45642353e+00
 5.45218863e-02 2.51250006e+00
 -3.01654939e-02 2.57123471e+00
 7.03187788e-02 2.63286533e+00
 -2.55144701e-03 2.69765731e+00
 1.33923084e-01 2.76590779e+00
 9.34772219e-03 2.83795072e+00
 1.01220086e-01 2.91416279e+00
 2.38787942e-02 2.99497062e+00
 9.38649705e-02 3.08085947e+00
 1.46832012e-01 3.17238374e+00
 7.64670498e-02 3.27017984e+00
 1.08630500e-01 3.37498208e+00
 1.26115134e-01 3.48764231e+00
 1.26399953e-01 3.60915453e+00
 1.86217548e-01 3.74068593e+00
 2.82447648e-01 3.88361632e+00
 1.93337895e-01 4.03958895e+00
 1.96136914e-01 4.21057648e+00
 1.90428663e-01 4.39896775e+00
 2.51874800e-01 4.60768346e+00
 2.72766979e-01 4.84033244e+00
 3.31677185e-01 5.10142617e+00
 3.76982889e-01 5.39667840e+00
 4.38776450e-01 5.73343182e+00
 4.85657567e-01 6.12127854e+00
 5.41453275e-01 6.57298481e+00
 6.30016681e-01 7.10590684e+00
 6.68484580e-01 7.74422623e+00
 9.75045822e-01 8.52260494e+00
 1.23794333e+00 9.49240195e+00
 1.58897737e+00 1.07327232e+01
 2.19014107e+00 1.23710044e+01
 3.18967818e+00 1.46229650e+01
 4.90641621e+00 1.78701155e+01
 8.45411049e+00 2.27726919e+01
 1.82230096e+01 2.98509629e+01
 4.57975172e+01 2.98252100e+01
 5.79405541e+01 -1.77187522e+01
 2.43444662e+01 -2.99999516e+01
 1.06360799e+01 -2.28558127e+01
 5.80323646e+00 -1.72749083e+01
 3.53723057e+00 -1.35975517e+01
 2.41405109e+00 -1.10860679e+01
 1.73711798e+00 -9.28424624e+00
 1.25141561e+00 -7.93547527e+00
 1.03525904e+00 -6.89039501e+00
 7.49411490e-01 -6.05766409e+00
 7.06230149e-01 -5.37876018e+00
 4.72414348e-01 -4.81463454e+00
 5.76958969e-01 -4.33830986e+00
 4.15480261e-01 -3.93058509e+00
 3.45040705e-01 -3.57743907e+00
 2.86765572e-01 -3.26840302e+00
 2.05408040e-01 -2.99550736e+00
 2.20313861e-01 -2.75258061e+00
 2.80591548e-01 -2.53477084e+00
 2.35723705e-01 -2.33821175e+00
 1.82096078e-01 -2.15978494e+00
 1.32449475e-01 -1.99694764e+00
 1.40472404e-01 -1.84760582e+00
 1.47211610e-01 -1.71001941e+00
 9.45373404e-02 -1.58273043e+00
 1.83826235e-01 -1.46450801e+00
 2.21803083e-01 -1.35430567e+00
 4.58958584e-02 -1.25122791e+00
 1.04754391e-01 -1.15450379e+00
 1.05758508e-02 -1.06346584e+00
 9.79769479e-04 -9.77533088e-01
 1.24370984e-01 -8.96197357e-01
 -2.30434870e-02 -8.19012022e-01
 1.12997986e-01 -7.45582802e-01
 3.62310621e-02 -6.75560139e-01
 3.82108346e-02 -6.08632863e-01
 1.03565166e-01 -5.44522884e-01
 7.18026966e-02 -4.82980741e-01
 4.64558554e-02 -4.23781828e-01
 9.70021270e-02 -3.66723197e-01
 4.62094284e-03 -3.11620826e-01
 8.83171224e-02 -2.58307280e-01
 9.04195782e-02 -2.06629696e-01
 3.32939880e-02 -1.56448042e-01
 9.17136294e-02 -1.07633604e-01
 3.74777797e-02 -6.00676722e-02
 8.43131520e-02 -1.36403866e-02
 1.39463396e-01 3.17502759e-02
 7.09646588e-02 7.61993943e-02
 2.51910658e-02 1.19795896e-01
 9.65202874e-02 1.62623258e-01
 4.19723997e-03 2.04760143e-01
 2.92798843e-02 2.46280958e-01
 1.01602026e-01 2.87256369e-01
 -1.78855503e-02 3.27753762e-01
 4.83107990e-03 3.67837668e-01
 -2.61035117e-02 4.07570152e-01
 7.89420175e-02 4.47011170e-01
 -4.88606998e-02 4.86218904e-01
 9.05741973e-02 5.25250080e-01
 1.14536350e-01 5.64160263e-01
 3.04096243e-02 6.03004139e-01
 4.30399844e-02 6.41835794e-01
 7.76846805e-02 6.80708976e-01
 -2.20863408e-02 7.19677364e-01
 1.05919449e-01 7.58794821e-01
 1.40672895e-01 7.98115659e-01
 3.30104006e-02 8.37694909e-01
 1.25509577e-01 8.77588583e-01
 2.01125939e-02 9.17853965e-01
 9.26519546e-02 9.58549897e-01
 -8.43460232e-03 9.99737093e-01
 1.30337448e-01 1.04147846e+00
 8.92592279e-02 1.08383946e+00
 1.01969905e-01 1.12688848e+00
 8.94274695e-02 1.17069723e+00
 1.42647359e-01 1.21534122e+00
 1.45540589e-02 1.26090021e+00
 -9.05509609e-03 1.30745880e+00
 1.03219902e-01 1.35510699e+00
 5.15841384e-02 1.40394083e+00
 2.78078276e-02 1.45406324e+00
 2.56617145e-02 1.50558477e+00
 1.87825763e-02 1.55862458e+00
 1.39096339e-01 1.61331149e+00
 5.95350600e-02 1.66978520e+00
 6.63795534e-02 1.72819770e+00
 -5.39737076e-02 1.78871479e+00
 -1.22553494e-02 1.85151792e+00
 5.24260881e-02 1.91680633e+00
 1.32568855e-01 1.98479939e+00
 4.69513575e-02 2.05573949e+00
 9.73144108e-02 2.12989528e+00
 4.29110538e-02 2.20756554e+00
 1.11701074e-01 2.28908373e+00
 2.90951618e-02 2.37482334e+00
 9.72708108e-02 2.46520429e+00
 1.73983700e-01 2.56070055e+00
 1.50580212e-01 2.66184933e+00
 1.13233001e-01 2.76926217e+00
 1.58574492e-01 2.88363842e+00
 1.94667367e-01 3.00578177e+00
 2.36523227e-01 3.13662066e+00
 1.90280427e-01 3.27723356e+00
 2.25139719e-01 3.42888073e+00
 2.02546197e-01 3.59304429e+00
 2.35578848e-01 3.77147934e+00
 2.08265775e-01 3.96627984e+00
 3.06604107e-01 4.17996438e+00
 2.89946918e-01 4.41558928e+00
 2.20925899e-01 4.67689956e+00
 4.50965852e-01 4.96853346e+00
 4.34700260e-01 5.29630367e+00
 4.90226949e-01 5.66759100e+00
 6.35650845e-01 6.09190559e+00
 7.30058277e-01 6.58170430e+00
 8.20414589e-01 7.15360867e+00
 8.85459282e-01 7.83026748e+00
 1.12109006e+00 8.64328589e+00
 1.41239917e+00 9.63797513e+00
 1.90189077e+00 1.08812992e+01
 2.50231359e+00 1.24755494e+01
 3.43279699e+00 1.45821412e+01
 5.18299591e+00 1.74606908e+01
 8.39177621e+00 2.15080137e+01
 1.51367827e+01 2.70571273e+01
 3.14984891e+01 3.16223840e+01
 5.98911792e+01 1.33573499e+01
 4.79246287e+01 -2.64725795e+01
 2.26692129e+01 -2.98620934e+01
 1.15842723e+01 -2.40228588e+01
 6.66662399e+00 -1.91480343e+01
 4.34402956e+00 -1.56790188e+01
 3.01303951e+00 -1.31841610e+01
 2.28027450e+00 -1.13302454e+01
 1.70842240e+00 -9.90741260e+00
 1.32155541e+00 -8.78442548e+00
 1.05463039e+00 -7.87692339e+00
 8.88450858e-01 -7.12884070e+00
 6.88427494e-01 -6.50170591e+00
 6.93930950e-01 -5.96834770e+00
 5.80397528e-01 -5.50907941e+00
 4.97068521e-01 -5.10931294e+00
 4.69096470e-01 -4.75802173e+00
 3.81861396e-01 -4.44672377e+00
 3.14788794e-01 -4.16879178e+00
 3.63902220e-01 -3.91897497e+00
 2.82196406e-01 -3.69306077e+00
 1.51363168e-01 -3.48763111e+00
 1.47887320e-01 -3.29988411e+00
 2.35918893e-01 -3.12750140e+00
 2.09647532e-01 -2.96854833e+00
 2.15302058e-01 -2.82139772e+00
 2.44961666e-01 -2.68467111e+00
 1.85476061e-01 -2.55719289e+00
 1.54761508e-01 -2.43795424e+00
 2.43047065e-01 -2.32608445e+00
 1.80886879e-01 -2.22082791e+00
 6.77198872e-02 -2.12152560e+00
 1.03156777e-01 -2.02759995e+00
 1.48800760e-01 -1.93854253e+00
 1.09957322e-01 -1.85390380e+00
 1.46538879e-01 -1.77328472e+00
 1.52195313e-01 -1.69632966e+00
 7.58610341e-02 -1.62272050e+00
 7.44826839e-02 -1.55217164e+00
 7.42396049e-02 -1.48442582e+00
 4.34755577e-02 -1.41925046e+00
 7.15194572e-02 -1.35643466e+00
 1.49495101e-01 -1.29578650e+00
 3.43235882e-02 -1.23713083e+00
 4.57541888e-02 -1.18030725e+00
 1.04832801e-01 -1.12516845e+00
 1.42261281e-01 -1.07157868e+00
 -2.68101482e-03 -1.01941246e+00
 4.63418595e-03 -9.68553442e-01
 9.05944659e-02 -9.18893371e-01
 7.42690437e-02 -8.70331217e-01
 8.02279450e-02 -8.22772362e-01
 3.08221897e-02 -7.76127887e-01
 -4.13830274e-02 -7.30313937e-01
 9.94373270e-02 -6.85251138e-01
 5.74036642e-02 -6.40864082e-01
 9.08250809e-02 -5.97080846e-01
 4.07970756e-02 -5.53832556e-01
 4.58276304e-02 -5.11052991e-01
 -1.59348567e-02 -4.68678204e-01
 8.36479445e-02 -4.26646177e-01
 1.10531883e-01 -3.84896496e-01
 8.16413895e-02 -3.43370034e-01
 8.13053180e-02 -3.02008658e-01
 1.10310166e-01 -2.60754941e-01
 6.47377028e-02 -2.19551879e-01
 3.68106627e-02 -1.78342615e-01
 5.17798184e-02 -1.37070162e-01
 3.81034680e-02 -9.56771303e-02
 4.74739835e-02 -5.41054401e-02
 3.49911094e-02 -1.22960355e-02
 1.41325356e-02 2.98114163e-02
 5.48149535e-02 7.22788385e-02
 8.30740503e-02 1.15170075e-01
 4.26219413e-02 1.58551245e-01
 1.40797306e-01 2.02491116e-01
 6.96843168e-02 2.47061516e-01
 1.15476314e-02 2.92337774e-01
 2.44714762e-02 3.38399205e-01
 7.09597627e-02 3.85329645e-01
 9.40435759e-02 4.33218039e-01
 4.27755463e-02 4.82159097e-01
 1.22894700e-01 5.32254026e-01
 1.11735325e-01 5.83611350e-01
 5.21683472e-02 6.36347837e-01
 7.74676430e-02 6.90589540e-01
 1.00881854e-01 7.46472991e-01
 8.22124529e-02 8.04146548e-01
 4.70578392e-02 8.63771948e-01
 5.29795876e-02 9.25526086e-01
 1.07948643e-01 9.89603068e-01
 1.17482675e-01 1.05621659e+00
 2.17984765e-03 1.12560271e+00
 2.05958058e-01 1.19802306e+00
 4.53589168e-02 1.27376867e+00
 9.23882458e-02 1.35316439e+00
 1.64582560e-01 1.43657424e+00
 1.63875931e-01 1.52440765e+00
 1.85057292e-01 1.61712704e+00
 8.74021310e-02 1.71525688e+00
 1.50800188e-01 1.81939465e+00
 1.80436407e-01 1.93022424e+00
 1.85040007e-01 2.04853234e+00
 2.72564640e-01 2.17522868e+00
 1.67060289e-01 2.31137124e+00
 3.03596272e-01 2.45819788e+00
 2.25350263e-01 2.61716628e+00
 2.25149144e-01 2.79000512e+00
 2.77127699e-01 2.97877994e+00
 2.66414045e-01 3.18597916e+00
 3.48297463e-01 3.41462760e+00
 3.74003797e-01 3.66843826e+00
 4.78374756e-01 3.95201813e+00
 4.42821287e-01 4.27115155e+00
 5.89205590e-01 4.63319693e+00
 6.71798771e-01 5.04765241e+00
 7.61775288e-01 5.52697852e+00
 9.20308558e-01 6.08782081e+00
 1.11576325e+00 6.75286884e+00
 1.38466205e+00 7.55375060e+00
 1.84849014e+00 8.53564057e+00
 2.16146299e+00 9.76471139e+00
 3.02116096e+00 1.13401050e+01
 4.17852662e+00 1.34115953e+01
 6.41185516e+00 1.61945313e+01
 1.04188878e+01 1.99015862e+01
 1.88451852e+01 2.40100496e+01
 3.64062539e+01 2.24587068e+01
 5.08980510e+01 -2.62459846e+00
 3.38780644e+01 -2.46669863e+01
 1.75125303e+01 -2.47547346e+01
 9.73384264e+00 -2.05998110e+01
 6.12945571e+00 -1.70192615e+01
 4.08809056e+00 -1.43423614e+01
 2.99135301e+00 -1.23452243e+01
 2.25029633e+00 -1.08213938e+01
 1.63836924e+00 -9.62887512e+00
 1.25343067e+00 -8.67365433e+00
 1.11160365e+00 -7.89280220e+00
 9.08771195e-01 -7.24321281e+00
 8.13436377e-01 -6.69460671e+00
 6.49859856e-01 -6.22519596e+00
 6.26269749e-01 -5.81895293e+00
 5.27188361e-01 -5.46385051e+00
 4.45454518e-01 -5.15070116e+00
 4.06599647e-01 -4.87237340e+00
 3.63336572e-01 -4.62325166e+00
 3.73788086e-01 -4.39885655e+00
 3.75966121e-01 -4.19557296e+00
 1.88423604e-01 -4.01045222e+00
 2.01412903e-01 -3.84106590e+00
 1.61943873e-01 -3.68539631e+00
 1.52987765e-01 -3.54175340e+00
 2.53811445e-01 -3.40871092e+00
 1.88564501e-01 -3.28505699e+00
 1.08719997e-01 -3.16975521e+00
 1.65626920e-01 -3.06191403e+00
 1.30508580e-01 -2.96076220e+00
 2.31579473e-01 -2.86562909e+00
 1.41205976e-01 -2.77592871e+00
 1.42133394e-01 -2.69114667e+00
 8.14061882e-02 -2.61082947e+00
 1.57548459e-01 -2.53457565e+00
 1.91569578e-01 -2.46202843e+00
 1.14885290e-01 -2.39286956e+00
 3.07340265e-02 -2.32681412e+00
 9.78845475e-02 -2.26360616e+00
 9.84974090e-02 -2.20301504e+00
 1.43983368e-01 -2.14483217e+00
 3.14089717e-02 -2.08886841e+00
 7.11410818e-02 -2.03495167e+00
 8.72569415e-02 -1.98292491e+00
 4.10447218e-02 -1.93264444e+00
 9.59652710e-02 -1.88397837e+00
 1.49168171e-01 -1.83680529e+00
 7.67751809e-03 -1.79101312e+00
 1.59531195e-01 -1.74649811e+00
 2.07310937e-01 -1.70316390e+00
 6.35309207e-02 -1.66092075e+00
 7.75481378e-02 -1.61968483e+00
 1.50142669e-02 -1.57937759e+00
 4.68402720e-02 -1.53992517e+00
 4.18743923e-04 -1.50125795e+00
 6.84702204e-02 -1.46331000e+00
 2.41705400e-02 -1.42601874e+00
 2.94559730e-02 -1.38932453e+00
 1.28180731e-01 -1.35317030e+00
 8.17365308e-02 -1.31750126e+00
 4.28172854e-02 -1.28226457e+00
 1.81744810e-02 -1.24740909e+00
 2.93829442e-02 -1.21288510e+00
 1.20611563e-01 -1.17864402e+00
 5.41447623e-02 -1.14463822e+00
 7.15444074e-02 -1.11082076e+00
 6.26166232e-02 -1.07714515e+00
 7.88977082e-02 -1.04356516e+00
 5.88722665e-02 -1.01003456e+00
 1.66197767e-02 -9.76506928e-01
 4.69714990e-03 -9.42935390e-01
 9.77978698e-02 -9.09272410e-01
 7.27229499e-02 -8.75469538e-01
 -1.66976095e-02 -8.41477152e-01
 -1.70096883e-02 -8.07244196e-01
 1.55543355e-01 -7.72717890e-01
 1.04498511e-01 -7.37843423e-01
 -1.08387329e-02 -7.02563622e-01
 7.06418938e-02 -6.66818589e-01
 2.73127805e-02 -6.30545306e-01
 1.55685424e-02 -5.93677199e-01
 2.45964610e-01 -5.56143650e-01
 6.38656402e-03 -5.17869463e-01
 -5.00920970e-03 -4.78774255e-01
 3.56618030e-02 -4.38771778e-01
 7.48427184e-02 -3.97769155e-01
 2.85529016e-02 -3.55666004e-01
 1.11311577e-02 -3.12353447e-01
 1.86364050e-01 -2.67712975e-01
 4.05996354e-02 -2.21615145e-01
 8.11265720e-02 -1.73918069e-01
 7.16967376e-02 -1.24465676e-01
 2.83100371e-02 -7.30856788e-02
 1.37908755e-01 -1.95872025e-02
 8.37643082e-02 3.62419981e-02
 7.10442469e-03 9.46388234e-02
 2.93272050e-02 1.55868721e-01
 1.36240865e-01 2.20230323e-01
 5.39261380e-02 2.88060998e-01
 1.67011725e-01 3.59743541e-01
 1.41558668e-01 4.35714278e-01
 1.93788572e-01 5.16472949e-01
 1.23462388e-01 6.02594838e-01
 9.20215297e-02 6.94745769e-01
 1.96913496e-01 7.93700792e-01
 2.55671708e-01 9.00367646e-01
 1.75208761e-01 1.01581648e+00
 1.98655353e-01 1.14131787e+00
 2.37910547e-01 1.27839193e+00
 2.01060785e-01 1.42887240e+00
 2.07236495e-01 1.59499139e+00
 2.86375698e-01 1.77949269e+00
 3.85444153e-01 1.98578553e+00
 3.85820176e-01 2.21815626e+00
 5.40777699e-01 2.48206446e+00
 5.48862760e-01 2.78456435e+00
 6.28034892e-01 3.13491563e+00
 7.92481813e-01 3.54548564e+00
 9.71242958e-01 4.03310683e+00
 1.24435275e+00 4.62115237e+00
 1.47118758e+00 5.34273462e+00
 1.87937000e+00 6.24555824e+00
 2.61070023e+00 7.39864531e+00
 3.71378139e+00 8.89804674e+00
 5.46762686e+00 1.08500649e+01
 9.21339108e+00 1.32050624e+01
 1.64345958e+01 1.47492253e+01
 2.81604632e+01 9.27062949e+00
 3.05427917e+01 -8.17324263e+00
 1.90434370e+01 -1.69897058e+01
 1.05091869e+01 -1.62918536e+01
 6.32907851e+00 -1.39378698e+01
 4.10178012e+00 -1.18743990e+01
 2.68364153e+00 -1.02777474e+01
 2.05388953e+00 -9.05314703e+00
 1.57321711e+00 -8.09907567e+00
 1.32472031e+00 -7.34052860e+00
 9.67486803e-01 -6.72544788e+00
 7.89839172e-01 -6.21778194e+00
 6.17485067e-01 -5.79219086e+00
 6.60143262e-01 -5.43051155e+00
 5.20309256e-01 -5.11946055e+00
 3.95215281e-01 -4.84913528e+00
 3.64601329e-01 -4.61202183e+00
 3.82741362e-01 -4.40232613e+00
 2.14039616e-01 -4.21551445e+00
 2.77778794e-01 -4.04799189e+00
 2.59532571e-01 -3.89687346e+00
 2.47171803e-01 -3.75981841e+00
 1.30311244e-01 -3.63490849e+00
 7.86716054e-02 -3.52055731e+00
 1.85666090e-01 -3.41544189e+00
 2.00811232e-01 -3.31845035e+00
 9.76975940e-02 -3.22864163e+00
 1.85871234e-01 -3.14521392e+00
 1.57590030e-01 -3.06747990e+00
 1.47094219e-01 -2.99484704e+00
 1.30831289e-01 -2.92680180e+00
 7.48965643e-02 -2.86289689e+00
 5.03878055e-02 -2.80274090e+00
 2.98926600e-02 -2.74598981e+00
 7.89509314e-02 -2.69234001e+00
 1.03847851e-01 -2.64152252e+00
 8.62282572e-02 -2.59329812e+00
 9.50290085e-02 -2.54745334e+00
 -1.34172927e-02 -2.50379705e+00
 1.05813452e-01 -2.46215754e+00
 8.50060037e-02 -2.42238011e+00
 5.61437651e-02 -2.38432497e+00
 -1.02300499e-02 -2.34786543e+00
 1.04933607e-01 -2.31288636e+00
 2.35142773e-02 -2.27928286e+00
 6.28322765e-02 -2.24695912e+00
 1.68832105e-02 -2.21582738e+00
 8.25780959e-02 -2.18580707e+00
 -6.97276849e-02 -2.15682405e+00
 5.67455145e-02 -2.12880992e+00
 1.42301925e-01 -2.10170142e+00
 3.73840789e-02 -2.07543991e+00
 6.75109035e-02 -2.04997090e+00
 4.56481880e-02 -2.02524364e+00
 9.10561952e-02 -2.00121075e+00
 7.61426237e-02 -1.97782785e+00
 5.83512485e-02 -1.95505331e+00
 5.74658519e-02 -1.93284796e+00
 7.01955768e-02 -1.91117484e+00
 -6.70521178e-03 -1.88999897e+00
 1.57318775e-01 -1.86928717e+00
 2.73301025e-02 -1.84900786e+00
 1.23610157e-01 -1.82913089e+00
 4.40001518e-02 -1.80962737e+00
 8.56956963e-03 -1.79046954e+00
 -4.15218723e-02 -1.77163064e+00
 5.69859966e-02 -1.75308472e+00
 7.07594442e-02 -1.73480659e+00
 -1.42565376e-02 -1.71677165e+00
 2.94366127e-02 -1.69895580e+00
 6.45888648e-02 -1.68133530e+00
 1.54702461e-02 -1.66388670e+00
 5.15930637e-04 -1.64658666e+00
 3.86297487e-02 -1.62941192e+00
 4.72240853e-03 -1.61233912e+00
 5.45459277e-02 -1.59534473e+00
 2.70019615e-02 -1.57840487e+00
 -1.32686663e-02 -1.56149525e+00
 8.89962644e-02 -1.54459099e+00
 -3.42111248e-02 -1.52766649e+00
 7.84527162e-02 -1.51069526e+00
 4.04417991e-02 -1.49364977e+00
 7.00627195e-03 -1.47650126e+00
 2.48848434e-02 -1.45921952e+00
 3.78932935e-02 -1.44177268e+00
 1.56271590e-02 -1.42412696e+00
 2.44535657e-02 -1.40624637e+00
 8.84204658e-02 -1.38809240e+00
 -1.64666836e-02 -1.36962365e+00
 9.06150272e-02 -1.35079542e+00
 -5.44491652e-02 -1.33155924e+00
 -8.99738440e-03 -1.31186231e+00
 5.72815881e-02 -1.29164689e+00
 7.12789077e-02 -1.27084952e+00
 4.30590209e-02 -1.24940022e+00
 2.09018341e-02 -1.22722143e+00
 3.49359064e-02 -1.20422687e+00
 1.29861003e-01 -1.18032008e+00
 7.22640786e-02 -1.15539279e+00
 7.92297747e-02 -1.12932287e+00
 3.18107051e-02 -1.10197196e+00
 8.90658528e-02 -1.07318245e+00
 6.97829917e-02 -1.04277399e+00
 2.22059184e-02 -1.01053902e+00
 2.60525551e-02 -9.76237339e-01
 8.27682841e-02 -9.39589344e-01
 8.43505418e-02 -9.00267453e-01
 7.71911986e-02 -8.57885299e-01
 1.60218458e-01 -8.11983880e-01
 7.63986779e-02 -7.62013644e-01
 9.16423181e-02 -7.07311101e-01
 8.67673942e-02 -6.47067898e-01
 1.09391720e-01 -5.80289448e-01
 2.80142077e-01 -5.05738823e-01
 2.10535755e-01 -4.21859607e-01
 8.22145733e-02 -3.26668187e-01
 2.37713378e-01 -2.17601036e-01
 2.42042399e-01 -9.12947234e-02
 3.05585977e-01 5.67357357e-02
 3.88626670e-01 2.32572720e-01
 4.02105704e-01 4.44602287e-01
 5.79897889e-01 7.04543094e-01
 8.12667431e-01 1.02882446e+00
 1.00522397e+00 1.43984675e+00
 1.58644091e+00 1.96413031e+00
 2.24425766e+00 2.61205717e+00
 3.99448808e+00 3.26459088e+00
 6.65236923e+00 3.16639669e+00
 9.80793866e+00 9.38276866e-02
 8.94306636e+00 -4.94704778e+00
 5.47672375e+00 -6.67802150e+00
 3.10709310e+00 -6.33991105e+00
 1.89343882e+00 -5.65800909e+00
 1.27148841e+00 -5.05440426e+00
 9.05799492e-01 -4.57549753e+00
 7.13122979e-01 -4.20024518e+00
 5.74731595e-01 -3.90300001e+00
 4.91311859e-01 -3.66365113e+00
 3.46625320e-01 -3.46767303e+00
 2.31613064e-01 -3.30470833e+00
 2.44323827e-01 -3.16731201e+00
 2.74310185e-01 -3.05005212e+00
 1.61665606e-01 -2.94889854e+00
 1.07999326e-01 -2.86081104e+00
 9.35398350e-02 -2.78345975e+00
 1.12411872e-01 -2.71503291e+00
 2.19421963e-01 -2.65410263e+00
 2.32084601e-02 -2.59952966e+00
 6.79069341e-02 -2.55039483e+00
 1.09455736e-01 -2.50594889e+00
 7.86425356e-02 -2.46557533e+00
 6.75810977e-02 -2.42876252e+00
 2.84285038e-03 -2.39508247e+00
 1.11884470e-01 -2.36417459e+00
 1.97325139e-02 -2.33573301e+00
 8.34083455e-02 -2.30949666e+00
 -4.35466933e-03 -2.28524146e+00
 2.92422271e-02 -2.26277403e+00
 6.91463596e-02 -2.24192671e+00
 1.74926732e-02 -2.22255342e+00
 1.82317847e-02 -2.20452638e+00
 -2.69113172e-02 -2.18773337e+00
 -1.75664157e-02 -2.17207550e+00
 1.54651091e-01 -2.15746530e+00
 3.10769955e-02 -2.14382518e+00
 1.48845449e-01 -2.13108614e+00
 1.50597864e-01 -2.11918661e+00
 6.21891289e-02 -2.10807159e+00
 -4.08840639e-02 -2.09769177e+00
 -3.47461889e-02 -2.08800293e+00
 -2.68444737e-02 -2.07896530e+00
 -5.07486872e-02 -2.07054310e+00
 -2.65952339e-02 -2.06270407e+00
 -2.25664139e-02 -2.05541912e+00
 4.35161486e-02 -2.04866204e+00
 -4.65978935e-02 -2.04240913e+00
 -2.88605391e-02 -2.03663905e+00
 -2.67958329e-02 -2.03133256e+00
 -3.91138488e-02 -2.02647232e+00
 1.20594286e-02 -2.02204276e+00
 5.37590889e-02 -2.01802994e+00
 2.13707577e-02 -2.01442139e+00
 -7.90273338e-02 -2.01120605e+00
 -3.28853575e-02 -2.00837411e+00
 5.57494097e-02 -2.00591701e+00
 7.61879971e-02 -2.00382731e+00
 4.24403159e-02 -2.00209864e+00
 3.88159786e-02 -2.00072568e+00
 -6.47174018e-02 -1.99970408e+00
 5.61731559e-02 -1.99903044e+00
 9.57413214e-03 -1.99870230e+00
 2.22646879e-02 -1.99871809e+00
 -7.77911287e-02 -1.99907714e+00
 -2.35048685e-02 -1.99977965e+00
 -7.14587705e-02 -2.00082671e+00
 -5.04975476e-02 -2.00222032e+00
 -8.06134863e-02 -2.00396335e+00
 -1.87188121e-04 -2.00605962e+00
 2.24169527e-02 -2.00851387e+00
 3.02743852e-02 -2.01133183e+00
 -7.15595804e-03 -2.01452026e+00
 2.11264441e-02 -2.01808698e+00
 -2.77840991e-02 -2.02204093e+00
 5.42908282e-02 -2.02639226e+00
 1.21709679e-02 -2.03115238e+00
 3.20120202e-02 -2.03633407e+00
 1.00059422e-01 -2.04195155e+00
 2.62870818e-02 -2.04802065e+00
 -1.44785715e-02 -2.05455891e+00
 1.71460073e-02 -2.06158574e+00
 -1.12115559e-01 -2.06912257e+00
 3.36387514e-02 -2.07719312e+00
 4.40910098e-03 -2.08582356e+00
 5.29480765e-02 -2.09504279e+00
 5.26585945e-02 -2.10488276e+00
 -1.72862983e-02 -2.11537879e+00
 -5.84821511e-02 -2.12656999e+00
 7.16100372e-02 -2.13849969e+00
 7.09653401e-02 -2.15121600e+00
 -4.55824739e-02 -2.16477242e+00
 2.19284425e-02 -2.17922851e+00
 -3.10947055e-03 -2.19465082e+00
 -1.39767186e-04 -2.21111377e+00
 -6.60196354e-02 -2.22870090e+00
 -5.39547031e-02 -2.24750619e+00
 -1.05737495e-01 -2.26763569e+00
 -1.03490432e-01 -2.28920950e+00
 -1.40387605e-01 -2.31236408e+00
 -4.03233622e-02 -2.33725509e+00
 1.98178628e-02 -2.36406081e+00
 -6.89069848e-02 -2.39298636e+00
 4.44204924e-02 -2.42426881e+00
 -7.61486379e-02 -2.45818362e+00
 -9.16114542e-02 -2.49505258e+00
 -1.49865227e-01 -2.53525384e+00
 -2.12163034e-02 -2.57923468e+00
 -9.30128005e-02 -2.62752780e+00
 -1.42344979e-01 -2.68077239e+00
 -1.09646513e-01 -2.73974171e+00
 -1.87668682e-01 -2.80537954e+00
 -9.78110604e-02 -2.87884886e+00
 -1.79090304e-01 -2.96159785e+00
 -1.56991786e-01 -3.05545043e+00
 -1.67932011e-01 -3.16273219e+00
 -3.72278044e-01 -3.28644791e+00
 -3.02154473e-01 -3.43053489e+00
 -3.72862269e-01 -3.60022771e+00
 -4.10259155e-01 -3.80258380e+00
 -6.38096391e-01 -4.04722703e+00
 -7.35626952e-01 -4.34732621e+00
 -1.03694656e+00 -4.72056663e+00
 -1.43180601e+00 -5.18868880e+00
 -1.99276948e+00 -5.76905124e+00
 -3.11279667e+00 -6.42950898e+00
 -5.05269130e+00 -6.88830234e+00
 -8.31771172e+00 -5.96888447e+00
 -1.05472261e+01 -1.82352330e+00
 -8.43564334e+00 2.51457061e+00
 -5.26412665e+00 3.60926399e+00
 -3.21083082e+00 3.19393754e+00
 -2.06561951e+00 2.53492504e+00
 -1.49659114e+00 1.94776434e+00
 -1.06484232e+00 1.47242589e+00
 -7.76277456e-01 1.09294441e+00
 -4.76791273e-01 7.87571357e-01
 -4.51948320e-01 5.38373987e-01
 -4.26064202e-01 3.31949464e-01
 -2.95188438e-01 1.58494314e-01
 -2.55669661e-01 1.08204732e-02
 -2.85700808e-01 -1.16400660e-01
 -1.67819740e-01 -2.27174515e-01
 -1.93267611e-01 -3.24555888e-01
 -2.34161297e-01 -4.10907711e-01
 -2.25626802e-01 -4.88082307e-01
 -1.27108096e-01 -5.57549901e-01
 -6.64226550e-02 -6.20490941e-01
 -1.11451789e-01 -6.77863336e-01
 -5.49796990e-02 -7.30452062e-01
 -3.04021987e-02 -7.78906229e-01
 -6.51462559e-02 -8.23767117e-01
 -1.54680875e-02 -8.65489614e-01
 -2.47834515e-02 -9.04458778e-01
 -1.42784524e-01 -9.41002773e-01
 -5.45702233e-02 -9.75403052e-01
 -1.62401137e-01 -1.00790245e+00
 -9.62343324e-02 -1.03871167e+00
 1.37350056e-02 -1.06801450e+00
 -7.61756077e-02 -1.09597211e+00
 -7.48988863e-02 -1.12272647e+00
 -9.25649899e-02 -1.14840326e+00
 1.83139131e-02 -1.17311427e+00
 -4.69087420e-02 -1.19695931e+00
 -4.02029174e-02 -1.22002792e+00
 5.95448565e-02 -1.24240079e+00
 -1.08906097e-01 -1.26415088e+00
 -1.11031323e-01 -1.28534448e+00
 -2.27016082e-02 -1.30604205e+00
 -6.23512614e-02 -1.32629898e+00
 5.34721551e-03 -1.34616621e+00
 -5.22716354e-02 -1.36569079e+00
 -1.20097064e-01 -1.38491637e+00
 -9.34495405e-02 -1.40388360e+00
 1.12424445e-01 -1.42263055e+00
 -7.00189689e-02 -1.44119299e+00
 -5.19249594e-03 -1.45960469e+00
 -5.19344220e-02 -1.47789772e+00
 -7.68715584e-02 -1.49610262e+00
 -7.00899520e-03 -1.51424869e+00
 3.44087367e-02 -1.53236409e+00
 -9.75374075e-02 -1.55047611e+00
 -3.35867978e-02 -1.56861127e+00
 8.52339578e-02 -1.58679548e+00
 -7.65539216e-02 -1.60505421e+00
 -4.46392933e-02 -1.62341260e+00
 -7.67011124e-02 -1.64189561e+00
 -3.53447047e-02 -1.66052810e+00
 -4.74781033e-02 -1.67933502e+00
 -3.70897217e-02 -1.69834147e+00
 -3.90313703e-02 -1.71757284e+00
 -2.81292736e-02 -1.73705494e+00
 -2.86769900e-02 -1.75681411e+00
 -7.91465144e-02 -1.77687735e+00
 -5.70441853e-03 -1.79727244e+00
 -1.26253102e-01 -1.81802809e+00
 -1.05617224e-01 -1.83917407e+00
 -5.20887261e-02 -1.86074137e+00
 -7.62714262e-02 -1.88276233e+00
 -5.22100785e-02 -1.90527088e+00
 -2.66380360e-02 -1.92830265e+00
 -4.11985940e-02 -1.95189522e+00
 -1.15971173e-01 -1.97608834e+00
 -8.56517633e-02 -2.00092414e+00
 -4.50897227e-02 -2.02644743e+00
 -2.36751288e-02 -2.05270598e+00
 -1.03901675e-01 -2.07975085e+00
 -3.55610970e-02 -2.10763677e+00
 -1.41053147e-02 -2.13642252e+00
 -7.45926267e-02 -2.16617140e+00
 -2.14044115e-02 -2.19695174e+00
 -6.64523018e-02 -2.22883752e+00
 -6.65740192e-02 -2.26190894e+00
 -1.27230852e-01 -2.29625325e+00
 -9.25313942e-02 -2.33196556e+00
 -8.70320202e-02 -2.36914980e+00
 -1.69583021e-01 -2.40791986e+00
 5.93084881e-03 -2.44840086e+00
 -1.17716160e-01 -2.49073060e+00
 -4.77083262e-02 -2.53506133e+00
 -7.35662077e-02 -2.58156166e+00
 -1.66428885e-01 -2.63041896e+00
 -8.66354126e-02 -2.68184207e+00
 -1.87435726e-01 -2.73606446e+00
 -9.88747537e-02 -2.79334810e+00
 -1.15898180e-01 -2.85398793e+00
 -2.24684091e-01 -2.91831728e+00
 -9.17746567e-02 -2.98671435e+00
 -1.37888471e-01 -3.05961004e+00
 -1.38947597e-01 -3.13749744e+00
 -2.18972552e-01 -3.22094349e+00
 -2.49788939e-01 -3.31060330e+00
 -2.74994302e-01 -3.40723788e+00
 -1.60592356e-01 -3.51173628e+00
 -1.58829352e-01 -3.62514354e+00
 -2.96400589e-01 -3.74869606e+00
 -2.46560244e-01 -3.88386695e+00
 -3.26345619e-01 -4.03242474e+00
 -3.44902177e-01 -4.19651003e+00
 -5.27544701e-01 -4.37873668e+00
 -5.39167118e-01 -4.58232710e+00
 -5.34155037e-01 -4.81129493e+00
 -6.40463560e-01 -5.07069491e+00
 -6.96907592e-01 -5.36696862e+00
 -7.71682495e-01 -5.70842756e+00
 -8.99336284e-01 -6.10593324e+00
 -1.19731409e+00 -6.57385428e+00
 -1.41539072e+00 -7.13139120e+00
 -1.73936850e+00 -7.80430404e+00
 -2.27737868e+00 -8.62674928e+00
 -3.02793405e+00 -9.64154793e+00
 -4.33840587e+00 -1.08917616e+01
 -6.23427616e+00 -1.23750153e+01
 -9.58795539e+00 -1.38486900e+01
 -1.54053685e+01 -1.41140809e+01
 -2.31285175e+01 -9.58414235e+00
 -2.58010057e+01 1.72772520e+00
 -1.93667001e+01 1.01880527e+01
 -1.21666460e+01 1.17734891e+01
 -7.78308741e+00 1.06590385e+01
 -5.13281699e+00 9.12237043e+00
 -3.63910426e+00 7.74807781e+00
 -2.66463944e+00 6.61863116e+00
 -2.05240113e+00 5.70404428e+00
 -1.73738860e+00 4.95939269e+00
 -1.26531106e+00 4.34601815e+00
 -1.03250447e+00 3.83416006e+00
 -8.73105769e-01 3.40155775e+00
 -8.63157590e-01 3.03159952e+00
 -6.93842893e-01 2.71179470e+00
 -5.74835330e-01 2.43264378e+00
 -4.57507054e-01 2.18683064e+00
 -4.13569609e-01 1.96864914e+00
 -3.63586795e-01 1.77359443e+00
 -3.10956568e-01 1.59806906e+00
 -3.75509060e-01 1.43916930e+00
 -2.16873871e-01 1.29452799e+00
 -2.19968279e-01 1.16219746e+00
 -3.49019830e-01 1.04056153e+00
 -2.88221106e-01 9.28268325e-01
 -1.93324719e-01 8.24178768e-01
 -3.03264068e-01 7.27326432e-01
 -2.61591621e-01 6.36886114e-01
 -2.42625623e-01 5.52148962e-01
 -8.28307479e-02 4.72502630e-01
 -2.21834418e-01 3.97415330e-01
 -2.01607172e-01 3.26422915e-01
 -2.28919474e-01 2.59118352e-01
 -1.87765535e-01 1.95143076e-01
 -2.59174738e-02 1.34179857e-01
 -1.28133216e-01 7.59468759e-02
 -1.68535850e-01 2.01927732e-02
 -2.22928852e-01 -3.33075039e-02
 -1.61874937e-01 -8.47562068e-02
 -1.53650904e-01 -1.34335756e-01
 -7.75231818e-02 -1.82211274e-01
 -7.49718510e-02 -2.28532746e-01
 -9.37373327e-02 -2.73436885e-01
 -6.68380321e-02 -3.17048732e-01
 -2.55411306e-02 -3.59483050e-01
 -6.83011644e-02 -4.00845530e-01
 -1.44004467e-01 -4.41233852e-01
 -9.28853627e-02 -4.80738604e-01
 -8.56146459e-03 -5.19444105e-01
 -9.31893897e-02 -5.57429122e-01
 1.01202396e-02 -5.94767511e-01
 -5.18363910e-02 -6.31528789e-01
 -1.72697296e-01 -6.67778644e-01
 -1.25593885e-01 -7.03579399e-01
 -1.54474513e-01 -7.38990427e-01
 -5.76756187e-02 -7.74068534e-01
 -3.94204390e-02 -8.08868301e-01
 -7.00323859e-02 -8.43442414e-01
 -7.07677622e-02 -8.77841953e-01
 -1.35523937e-01 -9.12116678e-01
 -4.33691139e-02 -9.46315288e-01
 -5.65977678e-02 -9.80485674e-01
 -9.90999124e-02 -1.01467516e+00
 -1.71105052e-01 -1.04893072e+00
 -2.88791913e-03 -1.08329925e+00
 -1.17964543e-01 -1.11782774e+00
 -7.88036945e-02 -1.15256352e+00
 -1.20102620e-01 -1.18755451e+00
 -1.27646835e-01 -1.22284942e+00
 -4.83294870e-02 -1.25849801e+00
 -8.11740478e-02 -1.29455131e+00
 -1.41609212e-02 -1.33106191e+00
 -1.22864556e-01 -1.36808424e+00
 -1.20729909e-01 -1.40567480e+00
 -1.20868497e-01 -1.44389256e+00
 -1.35000807e-01 -1.48279922e+00
 -1.64923951e-01 -1.52245963e+00
 -7.66964442e-02 -1.56294217e+00
 -3.70683893e-02 -1.60431916e+00
 -8.65978564e-02 -1.64666741e+00
 -1.05679014e-01 -1.69006870e+00
 -6.23187743e-03 -1.73461039e+00
 -1.18771387e-01 -1.78038611e+00
 -1.13824031e-01 -1.82749647e+00
 -2.28342583e-01 -1.87604993e+00
 -5.87703328e-02 -1.92616375e+00
 -8.61569058e-02 -1.97796504e+00
 -1.37935059e-01 -2.03159203e+00
 -1.89876913e-01 -2.08719543e+00
 -9.88766271e-03 -2.14494006e+00
 -2.07070278e-01 -2.20500668e+00
 -1.05236314e-01 -2.26759413e+00
 -1.33475918e-01 -2.33292180e+00
 -1.48862215e-01 -2.40123250e+00
 -1.29053528e-01 -2.47279582e+00
 -1.82387994e-01 -2.54791205e+00
 -1.44893011e-01 -2.62691684e+00
 -1.90163874e-01 -2.71018668e+00
 -1.92107504e-01 -2.79814541e+00
 -2.00180494e-01 -2.89127207e+00
 -2.17380965e-01 -2.99011023e+00
 -2.16270399e-01 -3.09527937e+00
 -2.61348647e-01 -3.20748862e+00
 -4.06074367e-01 -3.32755364e+00
 -3.54687700e-01 -3.45641738e+00
 -2.80662597e-01 -3.59517581e+00
 -3.70802415e-01 -3.74511009e+00
 -4.07625214e-01 -3.90772709e+00
 -4.33498271e-01 -4.08481075e+00
 -4.17957638e-01 -4.27848802e+00
 -4.95709026e-01 -4.49131395e+00
 -5.09193838e-01 -4.72638296e+00
 -6.39132810e-01 -4.98747544e+00
 -7.35296939e-01 -5.27925330e+00
 -7.54796799e-01 -5.60752325e+00
 -9.57108451e-01 -5.97959518e+00
 -1.04721636e+00 -6.40477403e+00
 -1.25955743e+00 -6.89503916e+00
 -1.45788630e+00 -7.46598209e+00
 -1.88807530e+00 -8.13808274e+00
 -2.24927792e+00 -8.93836563e+00
 -2.81190050e+00 -9.90225370e+00
 -3.66651173e+00 -1.10745521e+01
 -4.86950679e+00 -1.25052630e+01
 -6.78420806e+00 -1.42242079e+01
 -1.00094814e+01 -1.61356765e+01
 -1.52538147e+01 -1.76289500e+01
 -2.37620418e+01 -1.64209908e+01
 -3.28112779e+01 -7.73654109e+00
 -3.25614161e+01 6.91036385e+00
 -2.35420145e+01 1.53512624e+01
 -1.51929348e+01 1.64408362e+01
 -9.83339709e+00 1.49265570e+01
 -6.71079485e+00 1.30220484e+01
 -4.79586743e+00 1.13143675e+01
 -3.56829970e+00 9.89355711e+00
 -2.83178192e+00 8.72896359e+00
 -2.19300332e+00 7.77085411e+00
 -1.84481312e+00 6.97484571e+00
 -1.51961895e+00 6.30587721e+00
 -1.26147260e+00 5.73719776e+00
 -1.06270267e+00 5.24852705e+00
 -1.00224108e+00 4.82441818e+00
 -8.71294945e-01 4.45299697e+00
 -7.05593651e-01 4.12503570e+00
 -5.97654032e-01 3.83328177e+00
 -6.23619488e-01 3.57197147e+00
 -5.85232872e-01 3.33647547e+00
 -4.91367566e-01 3.12303833e+00
 -4.79217060e-01 2.92858488e+00
 -4.48523029e-01 2.75057501e+00
 -3.07848522e-01 2.58689346e+00
 -2.98840011e-01 2.43576544e+00
 -4.42678987e-01 2.29569125e+00
 -3.40616733e-01 2.16539535e+00
 -2.69082233e-01 2.04378612e+00
 -2.43067121e-01 1.92992397e+00
 -1.79029950e-01 1.82299578e+00
 -2.47634426e-01 1.72229424e+00
 -1.72491543e-01 1.62720117e+00
 -1.62032765e-01 1.53717378e+00
 -1.81087196e-01 1.45173342e+00
 -2.56460101e-01 1.37045624e+00
 -1.73665669e-01 1.29296546e+00
 -9.02054234e-02 1.21892483e+00
 -1.29893629e-01 1.14803321e+00
 -2.06564411e-01 1.08001993e+00
 -1.70568460e-01 1.01464086e+00
 -6.78833739e-02 9.51675103e-01
 -1.17115433e-01 8.90922081e-01
 -5.99057338e-02 8.32199116e-01
 -1.20611799e-01 7.75339282e-01
 -1.52838855e-01 7.20189563e-01
 -1.87288877e-01 6.66609251e-01
 -8.82342552e-02 6.14468539e-01
 -1.99000486e-01 5.63647297e-01
 -1.28115372e-01 5.14033984e-01
 -1.78520524e-01 4.65524694e-01
 -8.20801743e-02 4.18022309e-01
 -1.05211707e-01 3.71435737e-01
 -1.40725902e-01 3.25679239e-01
 -6.05362108e-02 2.80671823e-01
 -7.34604499e-02 2.36336691e-01
 -1.27252490e-01 1.92600740e-01
 -1.09014638e-01 1.49394113e-01
 -5.22496533e-02 1.06649776e-01
 -3.72391936e-02 6.43031355e-02
 -1.33395315e-01 2.22916804e-02
 -1.59538871e-01 -1.94453548e-02
 -9.69175634e-02 -6.09673063e-02
 1.17259443e-02 -1.02332382e-01
 -1.82774022e-01 -1.43597951e-01
 2.38373508e-02 -1.84820826e-01
 -1.09210858e-01 -2.26057536e-01
 -1.07330496e-01 -2.67364598e-01
 -5.58629304e-02 -3.08798790e-01
 -1.13793407e-01 -3.50417422e-01
 -1.44290725e-01 -3.92278619e-01
 -1.18657164e-01 -4.34441602e-01
 -5.64603452e-02 -4.76966991e-01
 -1.50876620e-01 -5.19917111e-01
 -1.93904758e-01 -5.63356331e-01
 -1.36135654e-01 -6.07351403e-01
 -1.20590402e-01 -6.51971850e-01
 -7.84386406e-02 -6.97290365e-01
 -1.45991545e-01 -7.43383257e-01
 -1.43330752e-01 -7.90330933e-01
 -1.14868801e-01 -8.38218431e-01
 -4.24703880e-02 -8.87136005e-01
 -7.78197156e-02 -9.37179782e-01
 -9.53957589e-02 -9.88452484e-01
 -1.91631544e-01 -1.04106425e+00
 -8.29816908e-02 -1.09513353e+00
 -1.27839075e-01 -1.15078816e+00
 -9.13774690e-02 -1.20816649e+00
 -7.70507719e-02 -1.26741874e+00
 -1.14963143e-01 -1.32870852e+00
 -1.18008062e-01 -1.39221457e+00
 -1.54920007e-01 -1.45813276e+00
 -2.32925156e-01 -1.52667840e+00
 -1.29172928e-01 -1.59808893e+00
 -1.92658320e-01 -1.67262705e+00
 -1.56545944e-01 -1.75058436e+00
 -1.87927382e-01 -1.83228563e+00
 -2.55055801e-01 -1.91809384e+00
 -2.16301416e-01 -2.00841620e+00
 -2.27445890e-01 -2.10371118e+00
 -2.60255525e-01 -2.20449710e+00
 -2.81150017e-01 -2.31136228e+00
 -2.18136760e-01 -2.42497745e+00
 -3.08640522e-01 -2.54611075e+00
 -2.85932095e-01 -2.67564616e+00
 -3.35166934e-01 -2.81460614e+00
 -3.43527948e-01 -2.96417978e+00
 -4.10083385e-01 -3.12575789e+00
 -3.98090270e-01 -3.30097733e+00
 -4.53216811e-01 -3.49177713e+00
 -5.12751343e-01 -3.70047046e+00
 -6.78771852e-01 -3.92983760e+00
 -6.94216557e-01 -4.18324719e+00
 -8.20741959e-01 -4.46481576e+00
 -8.29096993e-01 -4.77961993e+00
 -9.57209137e-01 -5.13398080e+00
 -1.03839822e+00 -5.53584839e+00
 -1.22390290e+00 -5.99532392e+00
 -1.54912915e+00 -6.52536925e+00
 -1.78219630e+00 -7.14275926e+00
 -2.11250298e+00 -7.86931364e+00
 -2.58818814e+00 -8.73332768e+00
 -3.36336725e+00 -9.77067798e+00
 -4.31363991e+00 -1.10235548e+01
 -5.78045221e+00 -1.25296092e+01
 -8.09906662e+00 -1.42766684e+01
 -1.19111677e+01 -1.60389038e+01
 -1.81407869e+01 -1.68444844e+01
 -2.69361326e+01 -1.37885909e+01
 -3.38599660e+01 -3.01103974e+00
 -3.09963498e+01 1.03991695e+01
 -2.18915939e+01 1.66689512e+01
 -1.43729172e+01 1.70839381e+01
 -9.56460408e+00 1.55562654e+01
 -6.67252319e+00 1.37547249e+01
 -4.93355396e+00 1.21364260e+01
 -3.70117062e+00 1.07762470e+01
 -2.92855369e+00 9.64971055e+00
 -2.29798546e+00 8.71444892e+00
 -1.90102301e+00 7.93145878e+00
 -1.60592285e+00 7.26922343e+00
 -1.26944788e+00 6.70326733e+00
 -1.15856236e+00 6.21476866e+00
 -9.31871945e-01 5.78922215e+00
 -7.66353928e-01 5.41536753e+00
 -8.54837604e-01 5.08438102e+00
 -7.22003480e-01 4.78927796e+00
 -5.76601862e-01 4.52447315e+00
 -5.17293995e-01 4.28545650e+00
 -4.81131092e-01 4.06855189e+00
 -3.74714813e-01 3.87073654e+00
 -4.71168165e-01 3.68950425e+00
 -4.45492505e-01 3.52276108e+00
 -3.09350150e-01 3.36874486e+00
 -3.48340367e-01 3.22596258e+00
 -3.36506580e-01 3.09314129e+00
 -3.57620636e-01 2.96918923e+00
 -3.10749302e-01 2.85316483e+00
 -1.40170820e-01 2.74425180e+00
 -2.85610156e-01 2.64173897e+00
 -2.04768322e-01 2.54500387e+00
 -2.11766360e-01 2.45349927e+00
 -2.05098098e-01 2.36674205e+00
 -2.20605243e-01 2.28430401e+00
 -1.86685887e-01 2.20580418e+00
 -1.20173941e-01 2.13090236e+00
 -1.17307864e-01 2.05929368e+00
 -1.29109450e-01 1.99070404e+00
 -1.25880336e-01 1.92488617e+00
 -1.50121368e-01 1.86161629e+00
 -1.59968694e-01 1.80069126e+00
 -2.26724003e-01 1.74192612e+00
 -7.68736337e-02 1.68515192e+00
 -2.11534728e-01 1.63021391e+00
 -1.53412761e-01 1.57696993e+00
 -1.61448492e-01 1.52528895e+00
 -1.15962809e-01 1.47504991e+00
 -5.57426926e-02 1.42614055e+00
 -1.03136400e-01 1.37845654e+00
 -9.82050778e-02 1.33190054e+00
 -1.15586481e-01 1.28638150e+00
 -7.39382332e-02 1.24181395e+00
 -1.69719888e-01 1.19811741e+00
 -1.89323720e-01 1.15521583e+00
 -1.20122849e-01 1.11303711e+00
 -7.41450134e-02 1.07151261e+00
 -1.00677422e-01 1.03057679e+00
 -3.67283167e-02 9.90166763e-01
 -8.85999574e-03 9.50222020e-01
 -5.20665352e-02 9.10684042e-01
 -1.70457291e-01 8.71496020e-01
 -7.47978309e-02 8.32602553e-01
 -1.07848848e-01 7.93949379e-01
 -5.70929302e-02 7.55483104e-01
 -7.04970731e-02 7.17150942e-01
 -1.17710353e-01 6.78900466e-01
 7.49055226e-03 6.40679353e-01
 -1.28435313e-01 6.02435133e-01
 -8.91529675e-02 5.64114939e-01
 -5.34973144e-02 5.25665247e-01
 -6.92909858e-02 4.87031608e-01
 -2.65770765e-02 4.48158375e-01
 -4.94451513e-02 4.08988410e-01
 -3.22242387e-02 3.69462780e-01
 -2.12682638e-01 3.29520425e-01
 -1.23629412e-01 2.89097811e-01
 -8.73156521e-02 2.48128547e-01
 -9.71756048e-02 2.06542969e-01
 -9.61152434e-02 1.64267689e-01
 -7.83861569e-02 1.21225092e-01
 -7.26750436e-02 7.73327812e-02
 -1.43050684e-01 3.25029613e-02
 -8.75975403e-02 -1.33582511e-02
 -1.34283636e-01 -6.03516031e-02
 -1.44119604e-01 -1.08585579e-01
 -1.40805535e-01 -1.58177392e-01
 -1.64126874e-01 -2.09254105e-01
 -1.06388224e-01 -2.61953920e-01
 -1.57168579e-01 -3.16427642e-01
 -7.51039172e-02 -3.72840379e-01
 -1.62397994e-01 -4.31373488e-01
 -1.22398559e-01 -4.92226842e-01
 -1.62730986e-01 -5.55621464e-01
 -1.39179191e-01 -6.21802609e-01
 -1.49086960e-01 -6.91043380e-01
 -2.15115642e-01 -7.63648986e-01
 -2.36030058e-01 -8.39961802e-01
 -2.38225039e-01 -9.20367373e-01
 -1.76004691e-01 -1.00530161e+00
 -3.11945273e-01 -1.09525946e+00
 -1.54751928e-01 -1.19080534e+00
 -3.60410861e-01 -1.29258590e+00
 -2.95132814e-01 -1.40134564e+00
 -3.33644790e-01 -1.51794606e+00
 -3.59319444e-01 -1.64338958e+00
 -3.64183174e-01 -1.77884929e+00
 -3.74026565e-01 -1.92570651e+00
 -5.43034662e-01 -2.08559838e+00
 -4.06786324e-01 -2.26047884e+00
 -5.27785900e-01 -2.45269730e+00
 -6.16313000e-01 -2.66510101e+00
 -5.59479840e-01 -2.90116954e+00
 -7.12877388e-01 -3.16519277e+00
 -8.77895934e-01 -3.46250814e+00
 -9.61590183e-01 -3.79981841e+00
 -9.71866423e-01 -4.18561742e+00
 -1.25130278e+00 -4.63075513e+00
 -1.58401481e+00 -5.14916631e+00
 -1.94696441e+00 -5.75873893e+00
 -2.33470029e+00 -6.48212053e+00
 -3.08413103e+00 -7.34667607e+00
 -3.86679958e+00 -8.38094169e+00
 -5.21798449e+00 -9.59891157e+00
 -7.43609270e+00 -1.09441115e+01
 -1.09227796e+01 -1.21066754e+01
 -1.63450145e+01 -1.20087448e+01
 -2.31685617e+01 -8.08246284e+00
 -2.67592661e+01 1.32992797e+00
 -2.27090325e+01 1.04729161e+01
 -1.59217635e+01 1.40574344e+01
 -1.06231453e+01 1.40191283e+01
 -7.33121622e+00 1.28300388e+01
 -5.11753350e+00 1.14923994e+01
 -3.84235770e+00 1.02892218e+01
 -2.97299197e+00 9.26933458e+00
 -2.32616739e+00 8.41705091e+00
 -1.92525772e+00 7.70381622e+00
 -1.52718466e+00 7.10263828e+00
 -1.34895480e+00 6.59126732e+00
 -1.07772253e+00 6.15214855e+00
 -9.64120473e-01 5.77160662e+00
 -8.27643326e-01 5.43898870e+00
 -7.14495353e-01 5.14595001e+00
 -6.32212341e-01 4.88590084e+00
 -5.62583057e-01 4.65359024e+00
 -4.77258755e-01 4.44479510e+00
 -4.53380366e-01 4.25608799e+00
 -3.96536035e-01 4.08466282e+00
 -4.11355814e-01 3.92820311e+00
 -3.99079870e-01 3.78478153e+00
 -3.00923892e-01 3.65278272e+00
 -3.06948071e-01 3.53084347e+00
 -3.44540785e-01 3.41780587e+00
 -2.70484226e-01 3.31268042e+00
 -1.90594814e-01 3.21461676e+00
 -2.05333026e-01 3.12288015e+00
 -8.08478250e-02 3.03683260e+00
 -2.34291877e-01 2.95591744e+00
 -1.18481883e-01 2.87964681e+00
 -1.34703233e-01 2.80759137e+00
 -1.70471139e-01 2.73937168e+00
 -2.02753951e-01 2.67465119e+00
 -1.87541986e-01 2.61313027e+00
 -2.05945163e-01 2.55454124e+00
 -1.87751793e-01 2.49864413e+00
 -1.34275618e-01 2.44522319e+00
 -1.32248332e-01 2.39408376e+00
 -1.44345637e-01 2.34504975e+00
 -1.86719686e-01 2.29796138e+00
 2.85534959e-02 2.25267323e+00
 -1.43038839e-01 2.20905265e+00
 -1.59264599e-01 2.16697822e+00
 -9.23411316e-02 2.12633860e+00
 -1.58802782e-01 2.08703132e+00
 -1.81253507e-02 2.04896191e+00
 -4.98540422e-02 2.01204300e+00
 -5.75844241e-02 1.97619356e+00
 -8.79108237e-02 1.94133827e+00
 5.20557897e-02 1.90740692e+00
 -1.17288056e-01 1.87433386e+00
 1.41057533e-02 1.84205756e+00
 -1.29532225e-01 1.81052015e+00
 -3.11794534e-02 1.77966708e+00
 -1.56202543e-01 1.74944673e+00
 -2.45542915e-02 1.71981012e+00
 8.36500415e-03 1.69071062e+00
 -1.31855157e-01 1.66210367e+00
 -6.13180998e-02 1.63394654e+00
 -7.36319654e-02 1.60619813e+00
 -1.26853626e-01 1.57881872e+00
 -1.29158537e-01 1.55176977e+00
 -9.54959596e-02 1.52501376e+00
 -1.70450147e-01 1.49851398e+00
 -3.47080165e-02 1.47223437e+00
 -3.74102678e-02 1.44613933e+00
 -5.86955276e-02 1.42019358e+00
 -1.25715533e-01 1.39436196e+00
 1.89658972e-02 1.36860928e+00
 -4.78594148e-02 1.34290015e+00
 -7.76161745e-02 1.31719880e+00
 -5.78258449e-03 1.29146890e+00
 -1.05618704e-01 1.26567338e+00
 -9.62992561e-02 1.23977419e+00
 -6.04043149e-02 1.21373218e+00
 -5.17004485e-02 1.18750675e+00
 -1.18370620e-01 1.16105573e+00
 -5.19889764e-02 1.13433503e+00
 -6.24110569e-02 1.10729836e+00
 2.76561861e-02 1.07989696e+00
 2.01537020e-02 1.05207918e+00
 -6.76707626e-02 1.02379014e+00
 -7.20928834e-02 9.94971250e-01
 -3.57243189e-02 9.65559734e-01
 -3.22437018e-02 9.35488059e-01
 -1.55304294e-01 9.04683303e-01
 -7.46781059e-02 8.73066426e-01
 -6.82691092e-02 8.40551439e-01
 -4.25130212e-02 8.07044452e-01
 -5.19433476e-02 7.72442571e-01
 -1.65995974e-01 7.36632618e-01
 -6.70532936e-02 6.99489652e-01
 -6.35029502e-02 6.60875225e-01
 -5.84173699e-02 6.20635350e-01
 -1.99960364e-01 5.78598092e-01
 -1.48503768e-01 5.34570724e-01
 -1.82504285e-01 4.88336331e-01
 -2.09082540e-01 4.39649755e-01
 -1.56548262e-01 3.88232709e-01
 -1.66751400e-01 3.33767865e-01
 -2.28704738e-01 2.75891665e-01
 -1.86848337e-01 2.14185509e-01
 -1.87578828e-01 1.48164904e-01
 -2.04402198e-01 7.72659888e-02
 -1.89561504e-01 8.28705931e-04
 -2.77823294e-01 -8.19243884e-02
 -2.66535043e-01 -1.71914999e-01
 -2.92599293e-01 -2.70243448e-01
 -3.68209037e-01 -3.78232948e-01
 -3.41812979e-01 -4.97487090e-01
 -4.13650266e-01 -6.29965076e-01
 -3.88603546e-01 -7.78080771e-01
 -5.05859617e-01 -9.44833728e-01
 -5.63371766e-01 -1.13398261e+00
 -6.48703612e-01 -1.35027311e+00
 -8.09200190e-01 -1.59973097e+00
 -9.11588906e-01 -1.89001732e+00
 -1.15070425e+00 -2.23079489e+00
 -1.41045613e+00 -2.63389817e+00
 -1.90103495e+00 -3.11262773e+00
 -2.32916950e+00 -3.67804731e+00
 -3.27191954e+00 -4.32573073e+00
 -4.52779263e+00 -4.99299452e+00
 -6.58727789e+00 -5.43151925e+00
 -9.60424795e+00 -4.90894233e+00
 -1.29594026e+01 -2.08076942e+00
 -1.38589737e+01 3.02552987e+00
 -1.11793704e+01 7.06520575e+00
 -7.90092063e+00 8.41570630e+00
 -5.30547357e+00 8.26321212e+00
 -3.62900624e+00 7.64810347e+00
 -2.62894751e+00 6.98046099e+00
 -2.04165119e+00 6.37936544e+00
 -1.54767620e+00 5.86621499e+00
 -1.19643704e+00 5.43410738e+00
 -1.03641823e+00 5.07000758e+00
 -8.54108783e-01 4.76131373e+00
 -7.37030752e-01 4.49745409e+00
 -6.03914446e-01 4.26996809e+00
 -4.99344683e-01 4.07218698e+00
 -4.24169870e-01 3.89886450e+00
 -3.76160435e-01 3.74585663e+00
 -3.31216979e-01 3.60986748e+00
 -3.05783854e-01 3.48825449e+00
 -2.57990923e-01 3.37888095e+00
 -3.63474373e-01 3.28000457e+00
 -1.92230051e-01 3.19019300e+00
 -2.56503560e-01 3.10825953e+00
 -1.69726455e-01 3.03321358e+00
 -1.95003464e-01 2.96422259e+00
 -2.50363718e-01 2.90058213e+00
 -1.29767915e-01 2.84169258e+00
 -2.40106265e-01 2.78704051e+00
 -1.86349310e-01 2.73618394e+00
 -4.83476611e-02 2.68874045e+00
 -8.89209435e-02 2.64437755e+00
 -2.47812706e-02 2.60280489e+00
 -1.04266978e-01 2.56376779e+00
 -1.31418306e-01 2.52704202e+00
 -2.97932325e-02 2.49242938e+00
 -6.57495528e-04 2.45975406e+00
 -1.23224932e-01 2.42885960e+00
 -1.55174646e-01 2.39960629e+00
 -9.44722987e-02 2.37186902e+00
 -1.11177866e-01 2.34553543e+00
 -8.76957504e-02 2.32050433e+00
 -1.04302712e-02 2.29668436e+00
 -4.79829660e-03 2.27399282e+00
 -1.12581844e-01 2.25235472e+00
 -8.80047987e-02 2.23170184e+00
 -6.32766895e-02 2.21197205e+00
 -1.01480662e-01 2.19310862e+00
 -3.76327290e-02 2.17505967e+00
 3.77806173e-02 2.15777765e+00
 -4.83367874e-02 2.14121894e+00
 -7.49345111e-02 2.12534340e+00
 -9.08471681e-02 2.11011411e+00
 1.72572005e-02 2.09549701e+00
 -6.69176561e-02 2.08146065e+00
 -3.04236248e-02 2.06797595e+00
 -6.23470852e-02 2.05501601e+00
 1.74497075e-02 2.04255589e+00
 5.05239591e-02 2.03057246e+00
 6.84484690e-02 2.01904424e+00
 -1.18933855e-01 2.00795129e+00
 -3.89543032e-02 1.99727504e+00
 3.78594895e-03 1.98699823e+00
 8.06406763e-03 1.97710480e+00
 1.79294625e-02 1.96757976e+00
 -1.35258580e-02 1.95840918e+00
 -3.73776638e-02 1.94958006e+00
 -1.26145321e-01 1.94108030e+00
 4.81500171e-02 1.93289863e+00
 2.02738455e-03 1.92502455e+00
 -1.98804120e-02 1.91744830e+00
 2.33250713e-02 1.91016080e+00
 -6.01687261e-02 1.90315364e+00
 -5.77376035e-02 1.89641900e+00
 3.90857836e-03 1.88994968e+00
 1.81220721e-02 1.88373903e+00
 8.65692235e-02 1.87778093e+00
 2.12309733e-02 1.87206981e+00
 -1.69997282e-02 1.86660059e+00
 -9.61710396e-02 1.86136868e+00
 -4.24558001e-03 1.85637000e+00
 1.64230938e-02 1.85160093e+00
 -4.23045583e-02 1.84705835e+00
 9.32506742e-02 1.84273960e+00
 -8.17838864e-02 1.83864252e+00
 -1.54260191e-02 1.83476544e+00
 2.56893521e-02 1.83110720e+00
 -3.19684596e-02 1.82766718e+00
 -8.63933870e-02 1.82444530e+00
 6.38154705e-02 1.82144205e+00
 8.60644776e-02 1.81865856e+00
 3.24808711e-02 1.81609660e+00
 -1.01495763e-01 1.81375867e+00
 -9.07901236e-02 1.81164806e+00
 -9.71730361e-03 1.80976887e+00
 9.32537671e-03 1.80812620e+00
 4.17907685e-02 1.80672617e+00
 1.81909900e-02 1.80557610e+00
 -2.53207180e-02 1.80468462e+00
 8.87370998e-02 1.80406192e+00
 -1.73472981e-02 1.80371989e+00
 7.39063307e-03 1.80367245e+00
 5.56826756e-02 1.80393585e+00
 2.04984343e-02 1.80452905e+00
 1.85422872e-02 1.80547420e+00
 -7.76343260e-03 1.80679725e+00
 8.45261662e-03 1.80852862e+00
 2.83060138e-02 1.81070417e+00
 6.94622714e-02 1.81336624e+00
 5.18645695e-02 1.81656515e+00
 6.16464315e-02 1.82036092e+00
 3.68339957e-02 1.82482559e+00
 -4.93952000e-03 1.83004616e+00
 1.28878289e-01 1.83612842e+00
 -6.18674861e-02 1.84320189e+00
 4.00472586e-02 1.85142631e+00
 5.66782787e-02 1.86100020e+00
 -7.05575288e-03 1.87217188e+00
 9.16481140e-02 1.88525372e+00
 7.51436512e-02 1.90063955e+00
 2.41569194e-02 1.91882379e+00
 8.37547281e-02 1.94041574e+00
 2.98826964e-02 1.96612764e+00
 1.29616091e-01 1.99667221e+00
 2.13528773e-01 2.03237898e+00
 1.54261764e-01 2.07196800e+00
 3.37674231e-01 2.10888349e+00
 4.39407759e-01 2.12143153e+00
 5.94322098e-01 2.05493077e+00
 7.93767038e-01 1.83716342e+00
 8.72334364e-01 1.52544199e+00
 6.24278139e-01 1.31791504e+00
 4.57813850e-01 1.25890900e+00
 4.03293533e-01 1.27455718e+00
 2.75739222e-01 1.31268384e+00
 1.42102070e-01 1.35301497e+00
 1.33913976e-01 1.38951278e+00
 1.94708309e-01 1.42105819e+00
 1.32287093e-01 1.44802140e+00
 2.13615961e-01 1.47111846e+00
 1.01612370e-01 1.49105495e+00
 9.17477094e-02 1.50843219e+00
 2.25362264e-02 1.52373783e+00
 1.05989037e-01 1.53736059e+00
 4.27942643e-02 1.54960930e+00
 1.54477300e-02 1.56073005e+00
 -4.04104210e-02 1.57092010e+00
 1.19880701e-01 1.58033884e+00
 -5.55335386e-02 1.58911603e+00
 3.27427757e-02 1.59735827e+00
 1.64006854e-03 1.60515382e+00
 4.51194866e-02 1.61257635e+00
 1.08866389e-01 1.61968788e+00
 4.44041727e-02 1.62654099e+00
 9.68619768e-02 1.63318061e+00
 -1.98064353e-02 1.63964539e+00
 -1.61113832e-03 1.64596887e+00
 6.59364068e-02 1.65218031e+00
 -3.14779088e-02 1.65830542e+00
 8.28427750e-02 1.66436698e+00
 -1.22509184e-02 1.67038529e+00
 5.79216322e-02 1.67637857e+00
 -7.53607420e-02 1.68236329e+00
 5.52281984e-02 1.68835443e+00
 8.06847616e-02 1.69436573e+00
 2.83253925e-02 1.70040986e+00
 -6.33953030e-03 1.70649862e+00
 7.42208555e-02 1.71264304e+00
 2.19017878e-02 1.71885353e+00
 3.77222367e-02 1.72513997e+00
 -4.94790586e-02 1.73151181e+00
 -6.25441514e-02 1.73797814e+00
 -3.70460644e-02 1.74454779e+00
 1.98569164e-02 1.75122935e+00
 -1.04596341e-01 1.75803128e+00
 -5.03266707e-03 1.76496192e+00
 1.19855636e-02 1.77202956e+00
 2.59198306e-02 1.77924248e+00
 1.67994482e-02 1.78660899e+00
 6.08178349e-02 1.79413749e+00
 1.11272464e-01 1.80183647e+00
 -8.44117971e-02 1.80971460e+00
 -7.41580687e-03 1.81778073e+00
 -1.64603790e-02 1.82604393e+00
 -2.38265320e-02 1.83451355e+00
 3.57772571e-02 1.84319925e+00
 3.50958544e-03 1.85211101e+00
 4.45767996e-02 1.86125923e+00
 -3.90921790e-02 1.87065472e+00
 -1.37139553e-02 1.88030876e+00
 4.76411222e-02 1.89023317e+00
 2.88047827e-03 1.90044032e+00
 3.99165595e-02 1.91094323e+00
 5.95895096e-02 1.92175559e+00
 2.93536735e-02 1.93289183e+00
 6.79484287e-02 1.94436721e+00
 3.13239807e-02 1.95619787e+00
 4.51793571e-02 1.96840091e+00
 1.48870399e-02 1.98099449e+00
 -5.09908001e-02 1.99399791e+00
 -3.87380427e-02 2.00743173e+00
 7.98906061e-02 2.02131787e+00
 9.98076666e-02 2.03567975e+00
 -3.42416381e-03 2.05054240e+00
 5.94195192e-02 2.06593267e+00
 1.33539482e-01 2.08187934e+00
 -7.29893968e-03 2.09841335e+00
 7.47877986e-02 2.11556800e+00
 -8.11969141e-02 2.13337920e+00
 4.68364972e-02 2.15188570e+00
 6.76710283e-02 2.17112944e+00
 -2.46067064e-02 2.19115586e+00
 3.14336055e-02 2.21201427e+00
 8.89088977e-02 2.23375832e+00
 8.58460623e-02 2.25644643e+00
 -4.11852161e-03 2.28014239e+00
 3.80590551e-02 2.30491600e+00
 5.99701445e-02 2.33084376e+00
 3.58950532e-02 2.35800971e+00
 4.55198854e-02 2.38650641e+00
 5.11484803e-02 2.41643604e+00
 8.77486885e-02 2.44791164e+00
 1.27872306e-02 2.48105868e+00
 2.16084718e-01 2.51601672e+00
 2.25889720e-01 2.55294149e+00
 1.10795346e-01 2.59200729e+00
 5.24817369e-02 2.63340982e+00
 1.36810394e-01 2.67736953e+00
 1.18629010e-01 2.72413566e+00
 1.55057582e-01 2.77399103e+00
 1.31492559e-01 2.82725785e+00
 1.60691024e-01 2.88430472e+00
 1.41718275e-01 2.94555520e+00
 1.51224573e-01 3.01149827e+00
 2.86976135e-01 3.08270121e+00
 1.61566214e-01 3.15982569e+00
 2.82984513e-01 3.24364767e+00
 2.13995170e-01 3.33508263e+00
 1.98718351e-01 3.43521732e+00
 3.99841644e-01 3.54535035e+00
 3.77379052e-01 3.66704415e+00
 3.66376334e-01 3.80219204e+00
 4.55457152e-01 3.95310507e+00
 6.21692829e-01 4.12262460e+00
 5.18204067e-01 4.31426788e+00
 6.92708143e-01 4.53241373e+00
 8.86137780e-01 4.78253213e+00
 1.05128843e+00 5.07144657e+00
 1.19114339e+00 5.40757371e+00
 1.43889155e+00 5.80095737e+00
 1.92321805e+00 6.26255760e+00
 2.34483404e+00 6.80125634e+00
 3.23557256e+00 7.41420892e+00
 4.28590421e+00 8.05825847e+00
 6.11576258e+00 8.57032108e+00
 8.81491729e+00 8.47796554e+00
 1.20246183e+01 6.77500825e+00
 1.42554114e+01 2.63702858e+00
 1.33796006e+01 -2.22727839e+00
 1.03063799e+01 -5.02672989e+00
 7.17815881e+00 -5.69456473e+00
 5.00016447e+00 -5.37003012e+00
 3.60888048e+00 -4.75423766e+00
 2.78151989e+00 -4.11809867e+00
 2.14477352e+00 -3.54414362e+00
 1.62037553e+00 -3.04803115e+00
 1.28252607e+00 -2.62436741e+00
 1.16854894e+00 -2.26257704e+00
 1.00605836e+00 -1.95207282e+00
 8.23091577e-01 -1.68370921e+00
 5.79417889e-01 -1.44998552e+00
 6.36007010e-01 -1.24486616e+00
 4.16601972e-01 -1.06351882e+00
 5.29823045e-01 -9.02068325e-01
 4.77402754e-01 -7.57391955e-01
 3.15770755e-01 -6.26957073e-01
 4.60114560e-01 -5.08694956e-01
 2.76328584e-01 -4.00903389e-01
 2.08978022e-01 -3.02171519e-01
 1.88645893e-01 -2.11321692e-01
 1.99150737e-01 -1.27364209e-01
 2.78222874e-01 -4.94619215e-02
 1.26055792e-01 2.30976677e-02
 6.54682167e-02 9.09245253e-02
 2.27485204e-01 1.54543756e-01
 1.55356479e-01 2.14409802e-01
 1.22719010e-01 2.70917938e-01
 1.51301247e-01 3.24413623e-01
 7.25042699e-02 3.75200165e-01
 1.24561591e-01 4.23545035e-01
 2.00567699e-01 4.69685102e-01
 6.66108655e-02 5.13830981e-01
 1.80557985e-01 5.56170692e-01
 8.71955510e-02 5.96872721e-01
 9.30181292e-02 6.36088617e-01
 1.43743875e-01 6.73955197e-01
 1.05758447e-01 7.10596424e-01
 9.98770861e-02 7.46125017e-01
 7.80523898e-02 7.80643834e-01
 -3.26009153e-03 8.14247074e-01
 8.25398250e-02 8.47021308e-01
 9.73848491e-02 8.79046389e-01
 6.57799306e-02 9.10396238e-01
 1.04734574e-01 9.41139536e-01
 3.37210132e-02 9.71340344e-01
 1.44662470e-01 1.00105863e+00
 8.28814083e-02 1.03035078e+00
 1.09625836e-01 1.05926998e+00
 1.22607056e-01 1.08786664e+00
 4.30013657e-02 1.11618875e+00
 9.20257643e-02 1.14428215e+00
 1.19055321e-01 1.17219088e+00
 -3.89512229e-02 1.19995738e+00
 1.06214220e-01 1.22762278e+00
 7.91632215e-02 1.25522714e+00
 8.88234394e-02 1.28280961e+00
 7.12963072e-02 1.31040867e+00
 4.25249649e-02 1.33806235e+00
 9.23626816e-02 1.36580835e+00
 5.54055803e-02 1.39368429e+00
 1.10985884e-01 1.42172783e+00
 6.68662302e-02 1.44997690e+00
 4.00907405e-02 1.47846986e+00
 1.10429119e-01 1.50724568e+00
 8.78577279e-02 1.53634411e+00
 1.67868214e-01 1.56580591e+00
 3.81510562e-02 1.59567301e+00
 2.23776642e-01 1.62598875e+00
 1.81975487e-01 1.65679809e+00
 3.07235632e-02 1.68814785e+00
 1.75818029e-01 1.72008697e+00
 2.08112417e-01 1.75266677e+00
 1.66698609e-01 1.78594127e+00
 9.88475419e-02 1.81996749e+00
 4.46460268e-02 1.85480585e+00
 6.29842088e-02 1.89052053e+00
 7.00726894e-02 1.92717992e+00
 8.89143408e-02 1.96485710e+00
 1.50641832e-01 2.00363039e+00
 1.41617688e-01 2.04358396e+00
 9.52127435e-02 2.08480852e+00
 6.51271518e-02 2.12740206e+00
 1.32394937e-01 2.17147073e+00
 1.61453613e-01 2.21712987e+00
 2.04255631e-01 2.26450507e+00
 2.55677481e-01 2.31373348e+00
 1.04487378e-01 2.36496531e+00
 9.62849445e-02 2.41836548e+00
 1.76965489e-01 2.47411557e+00
 1.48517149e-01 2.53241614e+00
 2.00043550e-01 2.59348930e+00
 1.41194390e-01 2.65758180e+00
 1.75457584e-01 2.72496863e+00
 2.12838137e-01 2.79595726e+00
 2.79324056e-01 2.87089261e+00
 2.76135615e-01 2.95016302e+00
 1.94470812e-01 3.03420734e+00
 3.34452164e-01 3.12352337e+00
 2.94751395e-01 3.21867814e+00
 3.30487792e-01 3.32032025e+00
 3.47903799e-01 3.42919500e+00
 3.59741463e-01 3.54616282e+00
 4.56932138e-01 3.67222209e+00
 4.37494722e-01 3.80853734e+00
 4.87552323e-01 3.95647450e+00
 5.35223425e-01 4.11764512e+00
 6.14505258e-01 4.29396232e+00
 6.63732130e-01 4.48771178e+00
 6.43060778e-01 4.70164262e+00
 7.55578969e-01 4.93908391e+00
 8.74289734e-01 5.20409446e+00
 9.70674520e-01 5.50165505e+00
 1.08795117e+00 5.83791268e+00
 1.29170904e+00 6.22048361e+00
 1.58669393e+00 6.65880899e+00
 1.83755547e+00 7.16451673e+00
 2.20581407e+00 7.75163098e+00
 2.80131431e+00 8.43616751e+00
 3.44549696e+00 9.23383338e+00
 4.43839739e+00 1.01523155e+01
 6.00638207e+00 1.11685387e+01
 8.28853661e+00 1.21652555e+01
 1.15127219e+01 1.27671675e+01
 1.60831731e+01 1.20085359e+01
 2.13157171e+01 8.19664678e+00
 2.38011360e+01 8.13584733e-01
 2.12650085e+01 -6.50239444e+00
 1.60255960e+01 -1.02119381e+01
 1.13258285e+01 -1.09168524e+01
 8.12791151e+00 -1.02984935e+01
 5.92205577e+00 -9.30063699e+00
 4.44866927e+00 -8.28790576e+00
 3.40085867e+00 -7.37363530e+00
 2.84699748e+00 -6.57967221e+00
 2.18782433e+00 -5.89804269e+00
 1.76843293e+00 -5.31305664e+00
 1.58342741e+00 -4.80879695e+00
 1.31987539e+00 -4.37134604e+00
 1.11476856e+00 -3.98916879e+00
 1.01575889e+00 -3.65289909e+00
 8.96014229e-01 -3.35497957e+00
 7.18764106e-01 -3.08930896e+00
 6.68207475e-01 -2.85094183e+00
 6.32645344e-01 -2.63584672e+00
 5.46385955e-01 -2.44071577e+00
 5.00218451e-01 -2.26281635e+00
 4.17147010e-01 -2.09987555e+00
 4.58225817e-01 -1.94999021e+00
 4.97983881e-01 -1.81155645e+00
 3.55651676e-01 -1.68321424e+00
 3.74329988e-01 -1.56380351e+00
 3.37892964e-01 -1.45232917e+00
 3.81898791e-01 -1.34793312e+00
 2.61472397e-01 -1.24987159e+00
 2.73189552e-01 -1.15749685e+00
 2.58984848e-01 -1.07024217e+00
 2.16725946e-01 -9.87609516e-01
 2.93894105e-01 -9.09159427e-01
 1.54978312e-01 -8.34502527e-01
 1.77506105e-01 -7.63292504e-01
 2.11192561e-01 -6.95220195e-01
 1.70622931e-01 -6.30008605e-01
 1.76956568e-01 -5.67408691e-01
 1.69836865e-01 -5.07195781e-01
 1.50110303e-01 -4.49166505e-01
 1.59272789e-01 -3.93136177e-01
 1.67396938e-01 -3.38936532e-01
 1.89770847e-01 -2.86413770e-01
 1.34400749e-01 -2.35426866e-01
 1.09018120e-01 -1.85846089e-01
 1.87494278e-01 -1.37551717e-01
 7.27330576e-02 -9.04328974e-02
 1.48853921e-01 -4.43866584e-02
 1.53235038e-01 6.82979311e-04
 1.79103624e-01 4.48657827e-02
 1.91264120e-01 8.82460040e-02
 1.18056473e-01 1.30903006e-01
 1.88137597e-01 1.72911822e-01
 1.75146863e-01 2.14343666e-01
 -1.86768865e-02 2.55266388e-01
 1.70858011e-01 2.95744899e-01
 9.17398145e-02 3.35841557e-01
 8.79565924e-02 3.75616520e-01
 8.63527207e-02 4.15128082e-01
 8.85043326e-02 4.54432980e-01
 1.31042117e-01 4.93586692e-01
 1.02839633e-01 5.32643715e-01
 1.72780933e-01 5.71657834e-01
 6.21386449e-02 6.10682382e-01
 7.36084071e-02 6.49770499e-01
 1.19182591e-01 6.88975382e-01
 1.22076371e-01 7.28350538e-01
 1.51636590e-01 7.67950039e-01
 8.35638762e-02 8.07828783e-01
 3.88276155e-02 8.48042760e-01
 1.06869621e-01 8.88649330e-01
 8.10775061e-02 9.29707514e-01
 1.52256041e-01 9.71278296e-01
 1.32754840e-01 1.01342496e+00
 1.88290857e-01 1.05621343e+00
 1.80804879e-01 1.09971264e+00
 1.92194691e-01 1.14399498e+00
 1.28912963e-01 1.18913669e+00
 1.90626103e-01 1.23521839e+00
 1.57881017e-01 1.28232562e+00
 1.21562894e-01 1.33054941e+00
 6.19854898e-02 1.37998699e+00
 6.94268308e-02 1.43074248e+00
 1.20748669e-01 1.48292779e+00
 1.59557710e-01 1.53666350e+00
 2.44158627e-01 1.59207999e+00
 1.62556516e-01 1.64931855e+00
 2.75744033e-01 1.70853287e+00
 1.15288279e-01 1.76989050e+00
 1.25374819e-01 1.83357470e+00
 1.86337748e-01 1.89978649e+00
 1.77621175e-01 1.96874703e+00
 2.35654599e-01 2.04070037e+00
 2.81978264e-01 2.11591666e+00
 2.18069241e-01 2.19469591e+00
 2.36255269e-01 2.27737234e+00
 2.77871465e-01 2.36431956e+00
 2.27426596e-01 2.45595666e+00
 3.31233744e-01 2.55275550e+00
 2.80177727e-01 2.65524925e+00
 4.25702113e-01 2.76404286e+00
 3.30892211e-01 2.87982546e+00
 3.67546373e-01 3.00338550e+00
 4.76783264e-01 3.13562916e+00
 4.47426501e-01 3.27760290e+00
 4.22341811e-01 3.43052118e+00
 6.14808853e-01 3.59580094e+00
 6.98000469e-01 3.77510441e+00
 6.75049795e-01 3.97039296e+00
 6.80782540e-01 4.18399486e+00
 7.98664239e-01 4.41869122e+00
 7.60279361e-01 4.67782539e+00
 1.02655387e+00 4.96544236e+00
 1.05228324e+00 5.28646649e+00
 1.19170593e+00 5.64692632e+00
 1.43115252e+00 6.05423395e+00
 1.67551914e+00 6.51751859e+00
 1.94410270e+00 7.04798826e+00
 2.43459641e+00 7.65922393e+00
 2.86026181e+00 8.36712561e+00
 3.55953018e+00 9.18874792e+00
 4.43120715e+00 1.01379950e+01
 5.75189889e+00 1.12127857e+01
 7.70241294e+00 1.23594869e+01
 1.04651798e+01 1.33791208e+01
 1.46880859e+01 1.37049740e+01
 2.02473981e+01 1.20423391e+01
 2.56724738e+01 6.60631957e+00
 2.71175359e+01 -2.11119898e+00
 2.31207119e+01 -9.55539278e+00
 1.73338545e+01 -1.29253173e+01
 1.24761194e+01 -1.33805498e+01
 8.98489742e+00 -1.26043306e+01
