 NaN NaN
 -3.27585898e-02 1.25463287e+00
 7.84152739e-03 1.25488179e+00
 3.85504228e-02 1.25528953e+00
 1.28554693e-02 1.25585534e+00
 -5.82829675e-02 1.25657904e+00
 9.71848286e-02 1.25746073e+00
 -7.49564621e-04 1.25850076e+00
 -2.17781184e-02 1.25969964e+00
 -4.02036197e-02 1.26105806e+00
 1.00020831e-01 1.26257684e+00
 1.03062181e-03 1.26425695e+00
 1.77611016e-03 1.26609951e+00
 -3.21207370e-02 1.26810577e+00
 7.00794188e-03 1.27027710e+00
 -3.09708611e-02 1.27261504e+00
 4.97034294e-02 1.27512124e+00
 4.06725535e-02 1.27779751e+00
 -3.27485162e-02 1.28064580e+00
 1.63127003e-02 1.28366819e+00
 2.94944716e-02 1.28686693e+00
 3.01523742e-02 1.29024442e+00
 -6.72815951e-02 1.29380321e+00
 2.96679295e-02 1.29754603e+00
 4.74459572e-03 1.30147576e+00
 1.89501532e-02 1.30559547e+00
 6.52797827e-02 1.30990841e+00
 7.73449918e-02 1.31441800e+00
 -4.56618168e-03 1.31912787e+00
 -6.48219449e-02 1.32404186e+00
 -1.87045042e-03 1.32916400e+00
 4.85817853e-04 1.33449856e+00
 1.64854126e-02 1.34005004e+00
 5.77405712e-02 1.34582316e+00
 -7.17013969e-02 1.35182291e+00
 6.51059385e-02 1.35805454e+00
 -3.33588561e-02 1.36452358e+00
 1.35754163e-01 1.37123584e+00
 3.64429137e-02 1.37819744e+00
 -1.61111468e-02 1.38541482e+00
 -2.08296665e-02 1.39289476e+00
 2.43977236e-03 1.40064439e+00
 4.77560296e-02 1.40867123e+00
 7.77489862e-02 1.41698318e+00
 2.36829626e-03 1.42558856e+00
 3.73444353e-02 1.43449614e+00
 -4.88564930e-02 1.44371515e+00
 -1.56987015e-02 1.45325532e+00
 -1.14819637e-01 1.46312692e+00
 4.07414271e-02 1.47334074e+00
 2.50519022e-02 1.48390822e+00
 2.68436547e-02 1.49484137e+00
 4.62119143e-02 1.50615293e+00
 3.80717974e-02 1.51785632e+00
 -6.07545457e-02 1.52996573e+00
 1.02345320e-01 1.54249617e+00
 2.85197693e-02 1.55546353e+00
 1.47381033e-02 1.56888463e+00
 9.50232974e-02 1.58277727e+00
 3.25356241e-02 1.59716036e+00
 3.46221914e-02 1.61205391e+00
 2.02667546e-02 1.62747922e+00
 5.81646796e-02 1.64345888e+00
 -1.89041936e-02 1.66001694e+00
 -7.69962120e-02 1.67717898e+00
 -6.45514247e-02 1.69497225e+00
 3.46585130e-03 1.71342581e+00
 -3.15658623e-02 1.73257066e+00
 -9.14501408e-03 1.75243993e+00
 6.75355657e-02 1.77306904e+00
 8.55571432e-02 1.79449591e+00
 -2.37440882e-03 1.81676119e+00
 7.50112614e-02 1.83990847e+00
 -1.83361563e-02 1.86398459e+00
 4.82687089e-02 1.88903992e+00
 1.28164799e-02 1.91512873e+00
 2.67826036e-02 1.94230952e+00
 -3.74994269e-02 1.97064548e+00
 1.25884646e-02 2.00020494e+00
 8.05963051e-03 2.03106195e+00
 -1.63159152e-03 2.06329680e+00
 1.10352295e-02 2.09699678e+00
 5.29337514e-02 2.13225691e+00
 2.26720134e-02 2.16918081e+00
 7.57332081e-02 2.20788172e+00
 8.30920179e-02 2.24848362e+00
 -3.33320456e-03 2.29112253e+00
 -9.25449133e-02 2.33594803e+00
 -3.73694952e-02 2.38312494e+00
 1.61572246e-01 2.43283540e+00
 1.12720710e-02 2.48528108e+00
 8.31564529e-02 2.54068598e+00
 8.55421550e-03 2.59929955e+00
 1.09437939e-02 2.66140043e+00
 4.33713794e-02 2.72730080e+00
 1.12565105e-01 2.79735165e+00
 7.68160840e-02 2.87194895e+00
 7.98363373e-02 2.95154111e+00
 3.91630331e-04 3.03663796e+00
 -2.76405269e-02 3.12782160e+00
 1.48827463e-01 3.22575971e+00
 1.07643847e-01 3.33122185e+00
 1.34962798e-01 3.44509965e+00
 8.34847014e-02 3.56843197e+00
 9.01538762e-02 3.70243664e+00
 2.18802576e-01 3.84855061e+00
 1.97700491e-01 4.00848155e+00
 9.80086488e-02 4.18427469e+00
 1.11789261e-01 4.37840038e+00
 1.08448983e-01 4.59387050e+00
 8.54470224e-02 4.83439508e+00
 1.48979774e-01 5.10459667e+00
 2.83544195e-01 5.41030852e+00
 2.53628762e-01 5.75899752e+00
 4.00007523e-01 6.16037721e+00
 3.93027906e-01 6.62731782e+00
 4.38886167e-01 7.17723556e+00
 4.47035675e-01 7.83428140e+00
 5.92952992e-01 8.63291902e+00
 8.02429786e-01 9.62403015e+00
 9.64353250e-01 1.08858762e+01
 1.53187818e+00 1.25450103e+01
 1.98083945e+00 1.48191834e+01
 3.19574307e+00 1.81132732e+01
 5.33583229e+00 2.32540908e+01
 1.10281379e+01 3.20729567e+01
 3.09844042e+01 4.71958018e+01
 9.86818280e+01 1.53218560e+01
 4.14149909e+01 -4.90106869e+01
 1.35753942e+01 -3.37467266e+01
 6.35259209e+00 -2.37564276e+01
 3.51381940e+00 -1.80375659e+01
 2.34419849e+00 -1.44404377e+01
 1.70119122e+00 -1.19912660e+01
 1.20615902e+00 -1.02226941e+01
 9.07145695e-01 -8.88796852e+00
 7.40312961e-01 -7.84581479e+00
 5.97135635e-01 -7.00991414e+00
 4.78287396e-01 -6.32469292e+00
 4.34878072e-01 -5.75281183e+00
 3.80172243e-01 -5.26828041e+00
 2.87988340e-01 -4.85246254e+00
 3.75001119e-01 -4.49165346e+00
 2.23487936e-01 -4.17555329e+00
 2.45667613e-01 -3.89627334e+00
 1.97356254e-01 -3.64767061e+00
 1.26373834e-01 -3.42489082e+00
 1.47837455e-01 -3.22404759e+00
 1.57249011e-01 -3.04199286e+00
 1.92610205e-02 -2.87614952e+00
 2.23300002e-01 -2.72438763e+00
 1.75621959e-01 -2.58493140e+00
 1.60401467e-01 -2.45628845e+00
 2.87643050e-02 -2.33719539e+00
 1.47368826e-01 -2.22657540e+00
 1.69893077e-01 -2.12350492e+00
 1.15366394e-01 -2.02718726e+00
 5.54589255e-02 -1.93693136e+00
 1.07481300e-01 -1.85213480e+00
 -6.53805546e-04 -1.77226986e+00
 1.12371704e-01 -1.69687224e+00
 9.91609994e-02 -1.62553163e+00
 -4.79768638e-02 -1.55788400e+00
 -2.57341881e-02 -1.49360515e+00
 2.07186865e-02 -1.43240525e+00
 -4.35722970e-02 -1.37402429e+00
 1.21060880e-01 -1.31822824e+00
 1.12742673e-02 -1.26480573e+00
 -4.32597027e-02 -1.21356527e+00
 8.02068924e-02 -1.16433279e+00
 -5.53878819e-02 -1.11694964e+00
 5.91179278e-02 -1.07127071e+00
 7.86136910e-02 -1.02716292e+00
 1.13774116e-01 -9.84503837e-01
 9.03430163e-02 -9.43180509e-01
 4.45128895e-02 -9.03088385e-01
 3.92143228e-02 -8.64130413e-01
 -2.49293627e-02 -8.26216216e-01
 1.35326135e-01 -7.89261368e-01
 -4.59639670e-02 -7.53186749e-01
 7.57008674e-02 -7.17917958e-01
 8.40389593e-02 -6.83384799e-01
 -1.69664490e-03 -6.49520802e-01
 1.75677903e-02 -6.16262798e-01
 5.93373550e-02 -5.83550530e-01
 3.81734850e-03 -5.51326286e-01
 5.35570773e-02 -5.19534575e-01
 -2.22027913e-02 -4.88121811e-01
 7.28747615e-02 -4.57036029e-01
 4.87676479e-02 -4.26226606e-01
 -2.63697859e-02 -3.95644004e-01
 3.75311772e-02 -3.65239520e-01
 1.41596532e-02 -3.34965040e-01
 1.56060397e-02 -3.04772802e-01
 3.86019325e-02 -2.74615163e-01
 7.61732457e-02 -2.44444362e-01
 -4.74702517e-02 -2.14212280e-01
 5.55745647e-02 -1.83870203e-01
 4.82606545e-02 -1.53368567e-01
 4.27725339e-02 -1.22656699e-01
 4.74797320e-02 -9.16825470e-02
 -6.62141738e-03 -6.03923856e-02
 7.70942746e-02 -2.87305109e-02
 -1.41706457e-02 3.36109485e-03
 1.11618249e-01 3.59431232e-02
 4.14727268e-02 6.90793342e-02
 -8.76887610e-02 1.02836989e-01
 -9.70923482e-03 1.37287328e-01
 1.12156711e-01 1.72506101e-01
 3.96675944e-02 2.08574163e-01
 8.70788893e-02 2.45578134e-01
 1.57812952e-02 2.83611151e-01
 4.14364395e-02 3.22773715e-01
 9.05130998e-03 3.63174653e-01
 2.50613073e-02 4.04932216e-01
 6.14666504e-02 4.48175336e-01
 6.13445448e-02 4.93045076e-01
 8.96845435e-02 5.39696302e-01
 5.10035389e-02 5.88299618e-01
 2.84415353e-03 6.39043634e-01
 3.37805881e-02 6.92137603e-01
 5.60137262e-02 7.47814535e-01
 4.60819660e-02 8.06334867e-01
 8.57099161e-02 8.67990826e-01
 1.22810769e-01 9.33111634e-01
 3.57440432e-02 1.00206975e+00
 1.52043933e-01 1.07528841e+00
 4.81348324e-02 1.15325078e+00
 5.00123160e-02 1.23651115e+00
 1.15189362e-01 1.32570874e+00
 1.24524649e-01 1.42158473e+00
 3.16354566e-02 1.52500371e+00
 2.39086718e-01 1.63698056e+00
 1.47637703e-01 1.75871481e+00
 1.19851518e-01 1.89163471e+00
 2.12897177e-01 2.03745458e+00
 9.70575938e-02 2.19825021e+00
 2.24076547e-01 2.37655933e+00
 2.62029565e-01 2.57551737e+00
 2.64192321e-01 2.79904384e+00
 2.98255892e-01 3.05210265e+00
 3.41056623e-01 3.34107272e+00
 2.74727920e-01 3.67428711e+00
 3.80910237e-01 4.06283629e+00
 5.01510349e-01 4.52179820e+00
 6.15848126e-01 5.07218025e+00
 7.38713082e-01 5.74409464e+00
 1.04418771e+00 6.58215901e+00
 1.31094506e+00 7.65509626e+00
 1.84609773e+00 9.07361576e+00
 2.67840807e+00 1.10251237e+01
 4.13767513e+00 1.38410578e+01
 7.42115961e+00 1.80949995e+01
 1.57598064e+01 2.42389327e+01
 3.97894226e+01 2.42110661e+01
 5.02692411e+01 -1.70985768e+01
 2.11866857e+01 -2.77737178e+01
 9.43848097e+00 -2.15731803e+01
 4.96768006e+00 -1.67308673e+01
 3.09782771e+00 -1.35424292e+01
 2.15487961e+00 -1.13670101e+01
 1.44405977e+00 -9.80827709e+00
 1.07544183e+00 -8.64330033e+00
 8.51291121e-01 -7.74232504e+00
 7.24126088e-01 -7.02600047e+00
 5.23226294e-01 -6.44348767e+00
 5.62627051e-01 -5.96086554e+00
 3.84618209e-01 -5.55470026e+00
 3.74727471e-01 -5.20831377e+00
 2.30331580e-01 -4.90952819e+00
 2.84581527e-01 -4.64925196e+00
 2.23473051e-01 -4.42056484e+00
 1.53901536e-01 -4.21810884e+00
 1.37539501e-01 -4.03767253e+00
 1.40689820e-01 -3.87590088e+00
 1.56137450e-01 -3.73008880e+00
 2.05709236e-01 -3.59803144e+00
 1.07774748e-01 -3.47791401e+00
 1.51945667e-01 -3.36822938e+00
 1.13987237e-01 -3.26771573e+00
 4.62871250e-02 -3.17530872e+00
 7.51018211e-02 -3.09010445e+00
 1.42480577e-01 -3.01133039e+00
 1.36142211e-01 -2.93832249e+00
 7.12039039e-02 -2.87050680e+00
 1.00770957e-01 -2.80738484e+00
 -4.46809848e-02 -2.74852160e+00
 7.04770486e-02 -2.69353585e+00
 8.94262876e-02 -2.64209214e+00
 3.14374003e-02 -2.59389420e+00
 1.41844396e-01 -2.54867942e+00
 1.05957684e-01 -2.50621430e+00
 6.13717780e-02 -2.46629060e+00
 5.04806047e-03 -2.42872205e+00
 4.19196955e-02 -2.39334159e+00
 1.21262498e-01 -2.35999906e+00
 -8.30798115e-02 -2.32855918e+00
 -1.79858504e-02 -2.29889979e+00
 4.48265485e-02 -2.27091041e+00
 -1.10881689e-02 -2.24449092e+00
 5.96388743e-03 -2.21955048e+00
 2.69001201e-02 -2.19600656e+00
 4.05302319e-02 -2.17378405e+00
 2.58655063e-02 -2.15281460e+00
 -1.90379644e-02 -2.13303592e+00
 -7.07832731e-03 -2.11439120e+00
 -7.96410001e-02 -2.09682870e+00
 2.95802226e-02 -2.08030121e+00
 -3.61054743e-02 -2.06476573e+00
 8.51593012e-02 -2.05018309e+00
 6.44350295e-02 -2.03651770e+00
 2.83644711e-02 -2.02373723e+00
 -8.93078593e-03 -2.01181243e+00
 -2.30461747e-02 -2.00071688e+00
 -5.78826572e-02 -1.99042683e+00
 1.89355429e-02 -1.98092107e+00
 -4.21427214e-02 -1.97218076e+00
 -5.82782615e-02 -1.96418932e+00
 1.92660421e-03 -1.95693235e+00
 1.05348796e-01 -1.95039754e+00
 -3.35233897e-02 -1.94457460e+00
 1.31700743e-02 -1.93945520e+00
 -6.99125275e-02 -1.93503298e+00
 -2.48760532e-02 -1.93130345e+00
 -1.11202205e-02 -1.92826406e+00
 -8.39893446e-02 -1.92591416e+00
 -7.62396954e-02 -1.92425504e+00
 -9.16591233e-05 -1.92328993e+00
 -1.20689924e-02 -1.92302410e+00
 5.80956586e-02 -1.92346489e+00
 -3.38857756e-02 -1.92462181e+00
 -5.40375855e-02 -1.92650664e+00
 -3.29182518e-03 -1.92913353e+00
 1.13528441e-01 -1.93251919e+00
 -1.97282838e-02 -1.93668302e+00
 -6.00545328e-02 -1.94164733e+00
 -1.38878457e-02 -1.94743756e+00
 6.98733771e-02 -1.95408254e+00
 4.06719334e-02 -1.96161485e+00
 -3.28922703e-03 -1.97007110e+00
 -3.33921052e-02 -1.97949239e+00
 -2.38544489e-02 -1.98992479e+00
 -2.87938118e-02 -2.00141987e+00
 -8.15356177e-02 -2.01403532e+00
 1.94948278e-02 -2.02783575e+00
 4.51416609e-02 -2.04289351e+00
 -2.41346542e-03 -2.05928970e+00
 -2.23825431e-02 -2.07711536e+00
 -2.31977417e-02 -2.09647287e+00
 -1.69680799e-02 -2.11747757e+00
 -9.73539746e-02 -2.14025974e+00
 -1.49510665e-01 -2.16496686e+00
 -8.86248829e-02 -2.19176645e+00
 -1.83536391e-02 -2.22084936e+00
 -5.21839701e-02 -2.25243383e+00
 2.21138890e-02 -2.28677040e+00
 -1.29467003e-01 -2.32414795e+00
 -9.84375029e-03 -2.36490111e+00
 -3.13420774e-02 -2.40941951e+00
 -6.40724285e-02 -2.45815938e+00
 -6.56671858e-02 -2.51165813e+00
 -1.73329502e-02 -2.57055306e+00
 -7.82801511e-02 -2.63560537e+00
 -3.28513598e-02 -2.70773151e+00
 -1.45488510e-01 -2.78804448e+00
 -7.38439958e-02 -2.87790890e+00
 -1.86030313e-01 -2.97901576e+00
 -2.32226059e-01 -3.09348509e+00
 -1.40146138e-01 -3.22400970e+00
 -1.93790285e-01 -3.37406015e+00
 -2.48470748e-01 -3.54818325e+00
 -2.63959844e-01 -3.75244683e+00
 -3.09268229e-01 -3.99511987e+00
 -4.02723180e-01 -4.28774231e+00
 -4.91574398e-01 -4.64685945e+00
 -7.58682704e-01 -5.09692403e+00
 -9.22773523e-01 -5.67529009e+00
 -1.27478428e+00 -6.44090309e+00
 -1.82566678e+00 -7.48857048e+00
 -2.99336277e+00 -8.96320324e+00
 -5.51353144e+00 -1.09864143e+01
 -1.14801156e+01 -1.26504735e+01
 -2.19199073e+01 -5.97732246e+00
 -1.74891100e+01 8.57093244e+00
 -8.18138084e+00 9.81144280e+00
 -4.25355837e+00 7.68158613e+00
 -2.46964493e+00 5.90378328e+00
 -1.60038181e+00 4.63922827e+00
 -1.13487360e+00 3.73028757e+00
 -7.34817400e-01 3.05527513e+00
 -6.33278349e-01 2.53755295e+00
 -5.29496906e-01 2.12919488e+00
 -3.50192732e-01 1.79939340e+00
 -3.41122063e-01 1.52767388e+00
 -3.54585665e-01 1.29998677e+00
 -2.15673933e-01 1.10640912e+00
 -1.94869883e-01 9.39751165e-01
 -1.00451590e-01 7.94684990e-01
 -2.53017678e-01 6.67183210e-01
 -2.20153616e-01 5.54147561e-01
 -1.07211016e-01 4.53157005e-01
 -1.27517448e-01 3.62293071e-01
 -1.00749556e-01 2.80016317e-01
 -6.77460463e-02 2.05077341e-01
 -1.96735565e-01 1.36451631e-01
 -3.95871668e-02 7.32911421e-02
 -1.01652407e-01 1.48878236e-02
 -5.30520212e-02 -3.93542127e-02
 -9.76788297e-03 -8.99401617e-02
 -6.25841370e-02 -1.37301270e-01
 -1.38206499e-02 -1.81808019e-01
 -3.24868009e-02 -2.23780606e-01
 -4.95648081e-02 -2.63497338e-01
 -2.23447490e-02 -3.01201415e-01
 -5.30223562e-02 -3.37106447e-01
 3.89851569e-02 -3.71400978e-01
 -7.18431231e-02 -4.04252211e-01
 -1.15186814e-01 -4.35809104e-01
 -3.33163013e-02 -4.66204953e-01
 -2.51218722e-02 -4.95559559e-01
 -5.94854436e-02 -5.23981057e-01
 -1.15504028e-01 -5.51567469e-01
 5.69135064e-02 -5.78408024e-01
 1.31315117e-02 -6.04584295e-01
 -1.57190031e-02 -6.30171168e-01
 -1.18428419e-01 -6.55237694e-01
 -1.16358531e-02 -6.79847815e-01
 5.61769016e-02 -7.04061006e-01
 -3.87427971e-02 -7.27932838e-01
 2.39322186e-02 -7.51515473e-01
 -4.41189267e-02 -7.74858102e-01
 3.32172261e-02 -7.98007334e-01
 -5.62943378e-02 -8.21007555e-01
 -5.00287763e-02 -8.43901234e-01
 -1.06456048e-02 -8.66729219e-01
 -8.89961446e-02 -8.89530997e-01
 -2.56638425e-02 -9.12344933e-01
 -6.51223198e-02 -9.35208501e-01
 -9.23974006e-02 -9.58158491e-01
 6.64022633e-03 -9.81231211e-01
 -6.58678522e-02 -1.00446268e+00
 -1.53843522e-02 -1.02788879e+00
 -6.21361988e-04 -1.05154553e+00
 -8.13615462e-03 -1.07546912e+00
 -8.96204644e-02 -1.09969620e+00
 -1.21381578e-01 -1.12426401e+00
 2.65660782e-02 -1.14921058e+00
 -6.68308370e-02 -1.17457489e+00
 -1.35673172e-01 -1.20039706e+00
 7.45991425e-02 -1.22671859e+00
 -5.17097792e-02 -1.25358250e+00
 -8.15110900e-02 -1.28103361e+00
 -1.21480040e-01 -1.30911876e+00
 -1.76376608e-02 -1.33788705e+00
 -7.95006908e-02 -1.36739012e+00
 -2.88322181e-02 -1.39768245e+00
 -3.91673267e-02 -1.42882170e+00
 -5.44396077e-02 -1.46086902e+00
 7.03167333e-02 -1.49388952e+00
 -4.67372250e-02 -1.52795262e+00
 -1.24529492e-01 -1.56313259e+00
 -4.24438572e-02 -1.59950906e+00
 -7.31615459e-02 -1.63716763e+00
 -6.83529206e-02 -1.67620055e+00
 -3.66041216e-02 -1.71670745e+00
 -2.42164769e-02 -1.75879623e+00
 -6.05931333e-03 -1.80258401e+00
 -5.99147453e-02 -1.84819821e+00
 -2.42486322e-02 -1.89577783e+00
 -1.16990772e-01 -1.94547490e+00
 -1.25633094e-01 -1.99745607e+00
 -5.54678888e-02 -2.05190454e+00
 -8.92326397e-02 -2.10902223e+00
 -4.32097557e-02 -2.16903234e+00
 -7.90511848e-02 -2.23218228e+00
 -1.10388124e-01 -2.29874713e+00
 -5.69151278e-02 -2.36903370e+00
 -4.10646771e-02 -2.44338529e+00
 -8.00749870e-02 -2.52218740e+00
 -1.62258746e-01 -2.60587444e+00
 -9.15471400e-02 -2.69493779e+00
 -1.05444721e-01 -2.78993558e+00
 -1.03554166e-01 -2.89150442e+00
 -1.03878205e-01 -3.00037372e+00
 -1.76212441e-01 -3.11738332e+00
 -2.18317738e-01 -3.24350519e+00
 -1.16472865e-01 -3.37987041e+00
 -1.18021080e-01 -3.52780314e+00
 -2.82415725e-01 -3.68886349e+00
 -3.44146375e-01 -3.86490232e+00
 -3.80241181e-01 -4.05813194e+00
 -3.92133234e-01 -4.27121839e+00
 -3.92875154e-01 -4.50740319e+00
 -4.63555844e-01 -4.77066611e+00
 -5.12495667e-01 -5.06594600e+00
 -5.46348517e-01 -5.39944469e+00
 -5.15740712e-01 -5.77905255e+00
 -7.81612890e-01 -6.21495528e+00
 -7.97842581e-01 -6.72051635e+00
 -9.49418710e-01 -7.31358844e+00
 -1.16944274e+00 -8.01850761e+00
 -1.55070896e+00 -8.86919807e+00
 -1.95070166e+00 -9.91411510e+00
 -2.35943677e+00 -1.12242383e+01
 -3.21847877e+00 -1.29059130e+01
 -4.56192116e+00 -1.51197963e+01
 -6.73518680e+00 -1.80968866e+01
 -1.11396950e+01 -2.20653118e+01
 -2.02689899e+01 -2.64643687e+01
 -3.90544482e+01 -2.47923094e+01
 -5.45912639e+01 2.12197831e+00
 -3.62103979e+01 2.57742917e+01
 -1.88134775e+01 2.58762556e+01
 -1.05318644e+01 2.14271509e+01
 -6.44007696e+00 1.75941302e+01
 -4.34567694e+00 1.47304026e+01
 -3.12940657e+00 1.25958116e+01
 -2.34010184e+00 1.09688977e+01
 -1.78249014e+00 9.69734758e+00
 -1.50428277e+00 8.68031657e+00
 -1.23975089e+00 7.85030370e+00
 -1.09006081e+00 7.16107204e+00
 -8.77868367e-01 6.58014345e+00
 -6.72879259e-01 6.08414840e+00
 -6.52961878e-01 5.65589635e+00
 -5.50033403e-01 5.28248806e+00
 -3.83038535e-01 4.95407023e+00
 -4.04246374e-01 4.66299505e+00
 -3.87152905e-01 4.40324085e+00
 -3.42015520e-01 4.17000468e+00
 -3.03577154e-01 3.95941072e+00
 -3.64781837e-01 3.76829806e+00
 -2.54931209e-01 3.59406384e+00
 -1.68128904e-01 3.43454584e+00
 -1.97686648e-01 3.28793327e+00
 -1.52492939e-01 3.15269840e+00
 -2.55232751e-01 3.02754343e+00
 -2.13626156e-01 2.91135887e+00
 -6.66136366e-02 2.80319061e+00
 -7.92933434e-02 2.70221364e+00
 -1.36388867e-01 2.60771092e+00
 -1.45395199e-01 2.51905625e+00
 -9.77797396e-02 2.43570028e+00
 -8.53244443e-02 2.35715906e+00
 -6.92368033e-02 2.28300448e+00
 -1.20356876e-01 2.21285643e+00
 -6.07137807e-02 2.14637621e+00
 -1.27902449e-01 2.08326093e+00
 -1.51667170e-01 2.02323887e+00
 -3.42852038e-02 1.96606551e+00
 -2.03331360e-01 1.91152012e+00
 -3.50903088e-02 1.85940288e+00
 -6.55828163e-02 1.80953237e+00
 2.35230083e-02 1.76174345e+00
 -1.40447926e-01 1.71588538e+00
 -1.13657772e-01 1.67182021e+00
 -5.33923098e-02 1.62942136e+00
 -1.50719847e-01 1.58857242e+00
 -3.64168475e-02 1.54916603e+00
 5.68774084e-02 1.51110292e+00
 -4.14054165e-02 1.47429112e+00
 -4.15015118e-02 1.43864516e+00
 -1.21680446e-01 1.40408541e+00
 -5.31199560e-02 1.37053752e+00
 -8.87055324e-02 1.33793186e+00
 -8.81646166e-03 1.30620305e+00
 -6.01450145e-02 1.27528951e+00
 -1.14754274e-01 1.24513311e+00
 -9.23985227e-02 1.21567878e+00
 -1.19740806e-01 1.18687418e+00
 -6.88258682e-02 1.15866943e+00
 -1.74472692e-01 1.13101683e+00
 -1.77268526e-01 1.10387058e+00
 -2.94409907e-02 1.07718654e+00
 -1.15470867e-01 1.05092206e+00
 -8.49415464e-03 1.02503568e+00
 4.10162050e-03 9.99487005e-01
 4.87491699e-02 9.74236463e-01
 7.85950222e-02 9.49245127e-01
 -1.02315258e-01 9.24474526e-01
 -1.07970846e-01 8.99886459e-01
 -7.25689418e-02 8.75442811e-01
 -7.64818963e-02 8.51105358e-01
 -2.76404289e-02 8.26835580e-01
 -4.28618762e-02 8.02594458e-01
 -9.12271203e-03 7.78342267e-01
 -3.84179719e-02 7.54038357e-01
 -2.31769753e-02 7.29640915e-01
 2.27213855e-03 7.05106722e-01
 6.83845713e-02 6.80390877e-01
 7.36327189e-02 6.55446504e-01
 -1.65115477e-03 6.30224426e-01
 -1.16617355e-02 6.04672812e-01
 -5.05329244e-02 5.78736775e-01
 -4.87030909e-02 5.52357931e-01
 -6.44816729e-02 5.25473897e-01
 -9.68133722e-02 4.98017732e-01
 -4.63896611e-02 4.69917292e-01
 -9.60674437e-03 4.41094500e-01
 -8.54612024e-02 4.11464515e-01
 -4.09003433e-02 3.80934761e-01
 -7.47540264e-02 3.49403817e-01
 -7.35987770e-02 3.16760124e-01
 -9.04909932e-02 2.82880469e-01
 -5.10535973e-02 2.47628214e-01
 -2.74095335e-02 2.10851211e-01
 -1.31573582e-01 1.72379322e-01
 -5.95710364e-02 1.32021476e-01
 -1.28230564e-01 8.95621414e-02
 -9.60909946e-02 4.47570756e-02
 -1.36108646e-01 -2.67181663e-03
 -9.56081893e-02 -5.30427579e-02
 -1.10453593e-01 -1.06721796e-01
 -1.42037771e-01 -1.64132323e-01
 -1.72745115e-01 -2.25766927e-01
 -8.19057263e-02 -2.92202279e-01
 -9.09077821e-02 -3.64117996e-01
 -8.38379169e-02 -4.42320753e-01
 -1.36408638e-01 -5.27775434e-01
 -1.12511716e-01 -6.21645806e-01
 -1.16066322e-01 -7.25348259e-01
 -2.73937820e-01 -8.40623700e-01
 -2.20579244e-01 -9.69635094e-01
 -2.81316981e-01 -1.11510173e+00
 -2.48108114e-01 -1.28048707e+00
 -3.78247152e-01 -1.47026609e+00
 -3.63519932e-01 -1.69031275e+00
 -4.74049332e-01 -1.94847228e+00
 -6.08465004e-01 -2.25542232e+00
 -7.87365969e-01 -2.62598961e+00
 -9.18562666e-01 -3.08117891e+00
 -1.29277007e+00 -3.65125164e+00
 -1.57730985e+00 -4.37999199e+00
 -2.38816777e+00 -5.32833000e+00
 -3.50812625e+00 -6.56369868e+00
 -5.77043144e+00 -8.05460970e+00
 -1.04064040e+01 -9.03107190e+00
 -1.78480689e+01 -5.55251149e+00
 -1.93159076e+01 5.51638935e+00
 -1.20326881e+01 1.11125325e+01
 -6.69180809e+00 1.06733041e+01
 -3.90161475e+00 9.18359357e+00
 -2.58200537e+00 7.87826805e+00
 -1.77152318e+00 6.86916968e+00
 -1.28649124e+00 6.09618308e+00
 -9.26237712e-01 5.49490828e+00
 -7.71602013e-01 5.01776696e+00
 -6.42731409e-01 4.63173734e+00
 -4.66337822e-01 4.31395145e+00
 -4.16066313e-01 4.04833640e+00
 -3.69150132e-01 3.82337205e+00
 -3.87971428e-01 3.63063381e+00
 -3.16732821e-01 3.46384182e+00
 -3.17385875e-01 3.31823161e+00
 -2.54176746e-01 3.19012981e+00
 -5.70671780e-02 3.07666265e+00
 -1.62338220e-01 2.97555199e+00
 -1.48170091e-01 2.88497019e+00
 -1.38113955e-01 2.80343491e+00
 -1.47852366e-01 2.72973201e+00
 -8.63132417e-02 2.66285793e+00
 -1.56509728e-01 2.60197637e+00
 -6.20048782e-02 2.54638509e+00
 -1.48945420e-01 2.49549030e+00
 -6.93980385e-02 2.44878673e+00
 -1.79076325e-02 2.40584190e+00
 -2.47927760e-02 2.36628358e+00
 -1.56527797e-02 2.32978986e+00
 -7.48420444e-02 2.29608099e+00
 -2.13631572e-02 2.26491287e+00
 -7.98936841e-02 2.23607167e+00
 1.90051385e-02 2.20936938e+00
 -7.94557373e-02 2.18464015e+00
 -8.84402263e-02 2.16173727e+00
 -7.00177079e-02 2.14053058e+00
 -2.85586269e-02 2.12090433e+00
 -2.71440327e-02 2.10275536e+00
 -5.51329155e-02 2.08599157e+00
 -6.51799747e-02 2.07053062e+00
 -1.07295420e-01 2.05629875e+00
 3.89934594e-02 2.04322989e+00
 -9.36520635e-03 2.03126479e+00
 -8.93355349e-02 2.02035032e+00
 -7.92186309e-02 2.01043884e+00
 1.85781241e-02 2.00148767e+00
 6.19067368e-03 1.99345866e+00
 -6.89452208e-02 1.98631772e+00
 2.73076841e-02 1.98003453e+00
 -3.01292725e-02 1.97458222e+00
 -6.13173416e-02 1.96993707e+00
 1.73514656e-02 1.96607835e+00
 -4.97011734e-02 1.96298805e+00
 4.22380540e-02 1.96065077e+00
 6.36680114e-02 1.95905352e+00
 -7.62579193e-02 1.95818566e+00
 -3.74707803e-02 1.95803873e+00
 -2.95084484e-02 1.95860644e+00
 1.07635598e-01 1.95988451e+00
 5.88266251e-02 1.96187073e+00
 7.05418212e-02 1.96456484e+00
 -3.57473345e-02 1.96796854e+00
 -8.17644398e-02 1.97208548e+00
 -7.29587666e-03 1.97692129e+00
 7.34343195e-02 1.98248358e+00
 7.74000904e-02 1.98878197e+00
 5.86851052e-02 1.99582817e+00
 7.28933655e-02 2.00363602e+00
 -2.45669164e-02 2.01222160e+00
 3.07886908e-02 2.02160329e+00
 7.99548162e-02 2.03180196e+00
 3.57556715e-02 2.04284102e+00
 4.62642481e-02 2.05474665e+00
 1.26167517e-02 2.06754795e+00
 -2.84127587e-02 2.08127716e+00
 4.59827853e-02 2.09596991e+00
 -2.84932782e-02 2.11166548e+00
 -7.99033736e-02 2.12840713e+00
 1.11582758e-01 2.14624243e+00
 4.04612922e-02 2.16522368e+00
 7.67118944e-02 2.18540839e+00
 9.70846641e-02 2.20685973e+00
 4.81952879e-02 2.22964721e+00
 4.75033828e-02 2.25384730e+00
 6.71799473e-02 2.27954426e+00
 3.56339068e-02 2.30683096e+00
 8.89694632e-02 2.33580996e+00
 3.42617542e-02 2.36659468e+00
 7.13682039e-02 2.39931076e+00
 -4.04712385e-02 2.43409764e+00
 5.79818630e-02 2.47111041e+00
 1.11876569e-01 2.51052194e+00
 5.71217258e-02 2.55252546e+00
 4.31993231e-02 2.59733744e+00
 3.32762048e-02 2.64520120e+00
 7.66999490e-02 2.69639101e+00
 4.94458672e-02 2.75121709e+00
 1.28606113e-01 2.81003159e+00
 2.09509604e-01 2.87323579e+00
 6.01200466e-02 2.94128884e+00
 1.73278427e-01 3.01471845e+00
 1.74174847e-01 3.09413398e+00
 2.26152473e-01 3.18024271e+00
 7.89966560e-02 3.27387008e+00
 1.92203811e-01 3.37598516e+00
 1.78253995e-01 3.48773297e+00
 1.79729227e-01 3.61047577e+00
 2.02866421e-01 3.74584655e+00
 3.50471390e-01 3.89581882e+00
 2.86451785e-01 4.06279893e+00
 3.75212181e-01 4.24974958e+00
 4.62921291e-01 4.46035729e+00
 4.78668079e-01 4.69926269e+00
 4.90425832e-01 4.97238208e+00
 6.57097282e-01 5.28736332e+00
 7.51041978e-01 5.65424262e+00
 8.96355385e-01 6.08640468e+00
 1.15203319e+00 6.60200333e+00
 1.36671118e+00 7.22606999e+00
 1.67240495e+00 7.99358538e+00
 2.34014488e+00 8.95359352e+00
 3.24014854e+00 1.01729645e+01
 4.53323244e+00 1.17308681e+01
 6.94459165e+00 1.36582959e+01
 1.15207681e+01 1.55998786e+01
 1.98592787e+01 1.53006661e+01
 2.93665174e+01 6.12226508e+00
 2.65635476e+01 -8.93184773e+00
 1.63392181e+01 -1.41043101e+01
 9.49986689e+00 -1.30994133e+01
 5.92118334e+00 -1.10677815e+01
 3.96166649e+00 -9.26950324e+00
 2.73783170e+00 -7.84310241e+00
 2.14275616e+00 -6.72575614e+00
 1.61771721e+00 -5.84089819e+00
 1.33282004e+00 -5.12848996e+00
 9.99534604e-01 -4.54516699e+00
 8.76128078e-01 -4.06000792e+00
 6.63643406e-01 -3.65078566e+00
 6.96333493e-01 -3.30128257e+00
 4.77340734e-01 -2.99946571e+00
 4.84007549e-01 -2.73625708e+00
 4.67366932e-01 -2.50469909e+00
 3.95373495e-01 -2.29938061e+00
 2.64571010e-01 -2.11603625e+00
 3.17535816e-01 -1.95126206e+00
 2.76691997e-01 -1.80231077e+00
 1.66349668e-01 -1.66694207e+00
 2.49845521e-01 -1.54331172e+00
 2.08350445e-01 -1.42988816e+00
 1.95932248e-01 -1.32538932e+00
 1.14284954e-01 -1.22873390e+00
 1.08875940e-01 -1.13900366e+00
 1.41139618e-01 -1.05541381e+00
 8.08662938e-02 -9.77289552e-01
 7.16387788e-02 -9.04047417e-01
 1.58769610e-01 -8.35180229e-01
 5.54116791e-02 -7.70244926e-01
 7.02635540e-02 -7.08852625e-01
 1.04879690e-01 -6.50660463e-01
 2.28772103e-01 -5.95364854e-01
 1.29168625e-01 -5.42695884e-01
 6.12247204e-02 -4.92412629e-01
 4.93239705e-02 -4.44299222e-01
 4.81658865e-02 -3.98161522e-01
 1.95968069e-01 -3.53824304e-01
 1.54976582e-03 -3.11128847e-01
 -3.39596877e-02 -2.69930881e-01
 6.17828579e-02 -2.30098813e-01
 3.93789098e-02 -1.91512203e-01
 7.13660003e-02 -1.54060434e-01
 1.08396574e-01 -1.17641559e-01
 9.67004439e-02 -8.21612939e-02
 1.16656045e-01 -4.75321283e-02
 1.23234124e-02 -1.36725466e-02
 1.16102302e-01 1.94936643e-02
 6.09941813e-02 5.20380297e-02
 3.79787587e-02 8.40279365e-02
 8.44164092e-02 1.15527126e-01
 -1.28394717e-02 1.46596140e-01
 1.06805037e-01 1.77292721e-01
 5.24678195e-02 2.07672185e-01
 7.59490535e-02 2.37787755e-01
 3.24059291e-02 2.67690878e-01
 2.50350377e-02 2.97431514e-01
 9.25266750e-02 3.27058407e-01
 1.08626846e-01 3.56619348e-01
 5.39480134e-02 3.86161420e-01
 -1.95106687e-02 4.15731234e-01
 1.22461790e-02 4.45375166e-01
 2.45399028e-02 4.75139580e-01
 7.26274070e-02 5.05071055e-01
 7.91013027e-02 5.35216615e-01
 -4.07254227e-02 5.65623957e-01
 8.81667406e-02 5.96341687e-01
 7.75676687e-02 6.27419562e-01
 1.36597634e-01 6.58908747e-01
 7.75032002e-02 6.90862079e-01
 6.38343525e-02 7.23334351e-01
 2.05431832e-01 7.56382616e-01
 7.19326359e-02 7.90066510e-01
 1.56836828e-01 8.24448604e-01
 1.32915277e-01 8.59594791e-01
 9.71252377e-02 8.95574699e-01
 7.52823009e-02 9.32462161e-01
 6.76457593e-03 9.70335720e-01
 2.48211882e-02 1.00927920e+00
 8.34397435e-02 1.04938233e+00
 1.96630709e-02 1.09074147e+00
 8.62927363e-02 1.13346038e+00
 5.67867851e-02 1.17765116e+00
 1.39662582e-01 1.22343521e+00
 1.38392349e-01 1.27094443e+00
 1.01713825e-01 1.32032254e+00
 3.75801413e-02 1.37172654e+00
 2.69891163e-02 1.42532850e+00
 1.19591199e-01 1.48131751e+00
 1.15310584e-01 1.53990203e+00
 1.08856016e-01 1.60131254e+00
 1.98309346e-01 1.66580470e+00
 1.08580952e-01 1.73366301e+00
 1.48914018e-01 1.80520511e+00
 1.09064955e-01 1.88078692e+00
 2.27884399e-01 1.96080866e+00
 1.61423682e-01 2.04572215e+00
 1.65033592e-01 2.13603940e+00
 1.47594166e-01 2.23234319e+00
 1.96484843e-01 2.33529973e+00
 1.50368995e-01 2.44567423e+00
 2.03980766e-01 2.56435003e+00
 2.80102413e-01 2.69235226e+00
 2.78581927e-01 2.83087741e+00
 2.93027858e-01 2.98133052e+00
 3.78947483e-01 3.14537235e+00
 3.67672557e-01 3.32497982e+00
 3.79288559e-01 3.52252416e+00
 5.31706706e-01 3.74087303e+00
 4.35208960e-01 3.98352548e+00
 5.88304192e-01 4.25479246e+00
 6.67580068e-01 4.56004130e+00
 7.66250232e-01 4.90603107e+00
 9.87798639e-01 5.30137926e+00
 9.66857893e-01 5.75721938e+00
 1.24751041e+00 6.28813962e+00
 1.47384143e+00 6.91353403e+00
 1.75950591e+00 7.65954997e+00
 2.22801494e+00 8.56184284e+00
 2.72721287e+00 9.66920127e+00
 3.78018445e+00 1.10471466e+01
 5.09267096e+00 1.27762241e+01
 7.47680456e+00 1.49207440e+01
 1.14144292e+01 1.73616126e+01
 1.87872442e+01 1.90549474e+01
 3.05211257e+01 1.56418009e+01
 3.89684649e+01 2.76575499e-01
 3.14129525e+01 -1.58030981e+01
 1.94459293e+01 -1.98668154e+01
 1.19711929e+01 -1.83365186e+01
 7.66983874e+00 -1.59038047e+01
 5.24734575e+00 -1.37377014e+01
 3.84658330e+00 -1.19862970e+01
 2.93797676e+00 -1.05904455e+01
 2.27697522e+00 -9.46957527e+00
 1.75336166e+00 -8.55725175e+00
 1.51731247e+00 -7.80382341e+00
 1.28316314e+00 -7.17297416e+00
 9.59541726e-01 -6.63807793e+00
 8.73760766e-01 -6.17939797e+00
 7.57291681e-01 -5.78210003e+00
 6.12431882e-01 -5.43487211e+00
 5.97838917e-01 -5.12896583e+00
 4.19370744e-01 -4.85752483e+00
 3.75720765e-01 -4.61510873e+00
 4.70745028e-01 -4.39735107e+00
 5.30918653e-01 -4.20071023e+00
 2.76998916e-01 -4.02228568e+00
 3.37455382e-01 -3.85968059e+00
 2.60593744e-01 -3.71089808e+00
 2.35430812e-01 -3.57426172e+00
 2.33788489e-01 -3.44835423e+00
 2.71909875e-01 -3.33196956e+00
 2.52144693e-01 -3.22407522e+00
 1.98740507e-01 -3.12378223e+00
 2.42048547e-01 -3.03032120e+00
 1.15239179e-01 -2.94302295e+00
 1.40638768e-01 -2.86130274e+00
 1.71650312e-01 -2.78464743e+00
 1.17877039e-01 -2.71260487e+00
 1.94427975e-01 -2.64477513e+00
 2.03889987e-01 -2.58080316e+00
 7.05810411e-02 -2.52037272e+00
 4.69897818e-02 -2.46320118e+00
 8.81622331e-02 -2.40903522e+00
 6.57798206e-02 -2.35764708e+00
 1.67169131e-01 -2.30883145e+00
 1.53141235e-01 -2.26240274e+00
 1.41925186e-01 -2.21819280e+00
 3.16622956e-02 -2.17604888e+00
 1.21526587e-01 -2.13583190e+00
 1.63492556e-01 -2.09741497e+00
 1.11300570e-01 -2.06068207e+00
 1.01806310e-01 -2.02552688e+00
 5.36298016e-02 -1.99185182e+00
 1.47275309e-01 -1.95956710e+00
 3.39340082e-02 -1.92859001e+00
 -3.38592658e-03 -1.89884418e+00
 1.27317022e-01 -1.87025900e+00
 -5.32615409e-02 -1.84276906e+00
 4.71025878e-03 -1.81631367e+00
 6.17838594e-02 -1.79083644e+00
 -1.18765997e-03 -1.76628486e+00
 -3.48963796e-02 -1.74261000e+00
 1.34077679e-01 -1.71976615e+00
 1.39263879e-01 -1.69771059e+00
 1.38039711e-01 -1.67640329e+00
 6.71338850e-02 -1.65580671e+00
 -4.70703589e-02 -1.63588555e+00
 -4.14426928e-02 -1.61660664e+00
 5.34282059e-02 -1.59793867e+00
 5.67829514e-02 -1.57985210e+00
 4.55352941e-02 -1.56231899e+00
 3.15165027e-02 -1.54531286e+00
 8.61731042e-02 -1.52880858e+00
 4.01288121e-02 -1.51278224e+00
 -1.15865029e-01 -1.49721106e+00
 6.11119154e-02 -1.48207327e+00
 1.03699497e-02 -1.46734804e+00
 5.82930653e-02 -1.45301537e+00
 1.07616992e-01 -1.43905600e+00
 5.88763501e-03 -1.42545137e+00
 -1.11466786e-04 -1.41218348e+00
 -3.05625375e-02 -1.39923486e+00
 -1.58504544e-02 -1.38658849e+00
 3.61575688e-02 -1.37422770e+00
 3.41567856e-02 -1.36213611e+00
 2.86379314e-02 -1.35029756e+00
 -4.49541406e-02 -1.33869602e+00
 8.07152780e-02 -1.32731552e+00
 5.21850439e-03 -1.31614004e+00
 -1.76382508e-02 -1.30515346e+00
 7.96677594e-02 -1.29433943e+00
 3.26683335e-02 -1.28368127e+00
 5.95788740e-02 -1.27316186e+00
 -4.64071212e-03 -1.26276350e+00
 -4.48979114e-02 -1.25246780e+00
 8.98839025e-03 -1.24225545e+00
 2.04380574e-02 -1.23210612e+00
 8.98569873e-02 -1.22199817e+00
 6.52078557e-02 -1.21190846e+00
 3.77591710e-02 -1.20181203e+00
 -3.84776975e-02 -1.19168179e+00
 2.45000600e-02 -1.18148811e+00
 1.77877991e-02 -1.17119837e+00
 3.70910703e-02 -1.16077638e+00
 -7.04912475e-03 -1.15018173e+00
 1.27412436e-02 -1.13936896e+00
 9.88820893e-03 -1.12828660e+00
 -3.90640933e-03 -1.11687590e+00
 -4.92457685e-02 -1.10506938e+00
 -2.16586674e-03 -1.09278892e+00
 -5.75505831e-02 -1.07994341e+00
 7.91428494e-02 -1.06642574e+00
 2.87244790e-02 -1.05210898e+00
 3.67898540e-02 -1.03684142e+00
 1.82892383e-02 -1.02044010e+00
 -2.66283337e-02 -1.00268221e+00
 6.35840582e-02 -9.83293749e-01
 1.23850490e-01 -9.61934027e-01
 -5.34117568e-02 -9.38174597e-01
 7.62763233e-02 -9.11470054e-01
 8.62395440e-02 -8.81117246e-01
 -2.81949306e-02 -8.46197854e-01
 2.55445784e-02 -8.05497577e-01
 2.54013628e-01 -7.57394288e-01
 6.89730616e-02 -6.99712161e-01
 1.46584676e-01 -6.29566586e-01
 2.38135936e-01 -5.43341531e-01
 3.66981200e-01 -4.37400763e-01
 5.47191368e-01 -3.11944341e-01
 7.32170629e-01 -1.87455997e-01
 1.37521294e+00 -1.65141017e-01
 1.98167968e+00 -5.47850163e-01
 2.20951362e+00 -1.50331014e+00
 1.62692322e+00 -2.21817631e+00
 9.94166963e-01 -2.35276113e+00
 5.85288644e-01 -2.25955659e+00
 4.46036812e-01 -2.13086461e+00
 2.30239209e-01 -2.01604235e+00
 2.83001682e-01 -1.92205339e+00
 1.67314570e-01 -1.84636677e+00
 1.38799582e-01 -1.78519044e+00
 8.03648763e-02 -1.73526154e+00
 1.18758745e-01 -1.69406851e+00
 1.10251700e-01 -1.65973316e+00
 -8.47039825e-02 -1.63085432e+00
 7.48544577e-02 -1.60637892e+00
 5.84821061e-02 -1.58550654e+00
 1.21086431e-01 -1.56762123e+00
 4.54866099e-02 -1.55224311e+00
 -4.54837553e-02 -1.53899386e+00
 7.50161691e-02 -1.52757192e+00
 -4.24818944e-02 -1.51773443e+00
 1.56724387e-02 -1.50928399e+00
 -7.01519285e-02 -1.50205878e+00
 -3.36680654e-02 -1.49592511e+00
 4.21180337e-03 -1.49077180e+00
 5.98343339e-02 -1.48650578e+00
 -4.51769774e-02 -1.48304875e+00
 1.65558310e-02 -1.48033451e+00
 -2.84870830e-02 -1.47830687e+00
 4.61446486e-02 -1.47691801e+00
 8.00231624e-02 -1.47612710e+00
 -5.45704579e-02 -1.47589924e+00
 -6.67180459e-02 -1.47620458e+00
 2.60437174e-02 -1.47701761e+00
 -1.22295463e-02 -1.47831654e+00
 -7.50074794e-02 -1.48008283e+00
 -5.06894907e-02 -1.48230080e+00
 -2.80482180e-02 -1.48495726e+00
 -4.11432406e-02 -1.48804126e+00
 3.83640713e-02 -1.49154380e+00
 3.35552984e-02 -1.49545772e+00
 1.59330523e-02 -1.49977745e+00
 -1.08793883e-02 -1.50449892e+00
 8.24428190e-02 -1.50961944e+00
 -4.03685990e-03 -1.51513757e+00
 -2.15500942e-02 -1.52105310e+00
 -7.15984677e-02 -1.52736691e+00
 2.73625481e-02 -1.53408100e+00
 -1.11480321e-01 -1.54119839e+00
 7.22107616e-03 -1.54872312e+00
 -7.11870192e-02 -1.55666019e+00
 -4.27061426e-03 -1.56501561e+00
 2.31317966e-02 -1.57379635e+00
 -3.46959478e-02 -1.58301035e+00
 -1.63030049e-02 -1.59266653e+00
 7.69608722e-02 -1.60277481e+00
 -5.49048657e-02 -1.61334616e+00
 -3.32658717e-02 -1.62439255e+00
 -3.72278902e-02 -1.63592710e+00
 3.88199230e-02 -1.64796402e+00
 -1.09810785e-01 -1.66051871e+00
 -4.67230255e-02 -1.67360783e+00
 -6.37661948e-02 -1.68724934e+00
 2.75263716e-03 -1.70146257e+00
 -1.02579857e-01 -1.71626834e+00
 -1.21842542e-01 -1.73168902e+00
 -9.12261943e-02 -1.74774864e+00
 -4.99191768e-02 -1.76447302e+00
 -6.39554533e-02 -1.78188989e+00
 8.85442452e-03 -1.80002904e+00
 -6.56346955e-02 -1.81892246e+00
 -5.91376309e-02 -1.83860456e+00
 -1.17106002e-01 -1.85911232e+00
 -9.77938383e-02 -1.88048553e+00
 -2.74155654e-02 -1.90276703e+00
 -1.81623045e-02 -1.92600299e+00
 -1.13007199e-01 -1.95024322e+00
 -1.09861046e-01 -1.97554148e+00
 -1.17947355e-01 -2.00195588e+00
 1.50395849e-02 -2.02954930e+00
 -6.15063815e-02 -2.05838987e+00
 -7.58427055e-02 -2.08855152e+00
 -7.64314740e-02 -2.12011455e+00
 1.67578384e-02 -2.15316636e+00
 -2.11367970e-01 -2.18780219e+00
 -3.34453229e-02 -2.22412604e+00
 -1.03057148e-01 -2.26225164e+00
 -1.04935831e-01 -2.30230362e+00
 -3.39747132e-03 -2.34441882e+00
 -8.63010951e-02 -2.38874779e+00
 -4.19600321e-02 -2.43545656e+00
 -1.32966794e-01 -2.48472865e+00
 -9.64226062e-02 -2.53676736e+00
 -2.07350216e-01 -2.59179856e+00
 -9.97146986e-02 -2.65007386e+00
 -2.29570559e-01 -2.71187430e+00
 -1.39742788e-01 -2.77751482e+00
 -1.15970851e-01 -2.84734946e+00
 -1.31540926e-01 -2.92177753e+00
 -1.96967749e-01 -3.00125112e+00
 -2.64044592e-01 -3.08628394e+00
 -2.51261491e-01 -3.17746218e+00
 -2.19399548e-01 -3.27545761e+00
 -2.74659390e-01 -3.38104361e+00
 -2.06510427e-01 -3.49511498e+00
 -3.76797674e-01 -3.61871243e+00
 -3.05100420e-01 -3.75305327e+00
 -2.49532713e-01 -3.89956991e+00
 -3.48882497e-01 -4.05995892e+00
 -4.30438746e-01 -4.23624375e+00
 -4.46436986e-01 -4.43085587e+00
 -5.26075835e-01 -4.64674074e+00
 -6.23189250e-01 -4.88749750e+00
 -5.77437253e-01 -5.15756529e+00
 -8.15527171e-01 -5.46247412e+00
 -8.66107017e-01 -5.80918629e+00
 -1.01987082e+00 -6.20656509e+00
 -1.23027107e+00 -6.66602208e+00
 -1.31636133e+00 -7.20241057e+00
 -1.71543669e+00 -7.83524168e+00
 -2.18941940e+00 -8.59026230e+00
 -2.66450425e+00 -9.50122149e+00
 -3.44442090e+00 -1.06108079e+01
 -4.56362363e+00 -1.19666617e+01
 -6.46259046e+00 -1.35971952e+01
 -9.49235636e+00 -1.54112125e+01
 -1.46394059e+01 -1.68268128e+01
 -2.26403352e+01 -1.56686938e+01
 -3.11817064e+01 -7.38694165e+00
 -3.10763322e+01 6.57585816e+00
 -2.24167683e+01 1.46254795e+01
 -1.43739034e+01 1.56706538e+01
 -9.44352583e+00 1.42348198e+01
 -6.39990692e+00 1.24271416e+01
 -4.66073460e+00 1.08069746e+01
 -3.44362975e+00 9.46011423e+00
 -2.68110005e+00 8.35735515e+00
 -2.15240131e+00 7.45131321e+00
 -1.69502506e+00 6.69970162e+00
 -1.37790284e+00 6.06911549e+00
 -1.12287474e+00 5.53406805e+00
 -1.03440250e+00 5.07523774e+00
 -9.19483080e-01 4.67790828e+00
 -7.46279693e-01 4.33076755e+00
 -7.54915748e-01 4.02502494e+00
 -4.98105320e-01 3.75377182e+00
 -6.13228642e-01 3.51151812e+00
 -5.34797452e-01 3.29385468e+00
 -4.63344396e-01 3.09720494e+00
 -3.26207190e-01 2.91864056e+00
 -4.48594489e-01 2.75574297e+00
 -2.92160483e-01 2.60649846e+00
 -3.31146747e-01 2.46921769e+00
 -2.43754088e-01 2.34247346e+00
 -2.34441867e-01 2.22505218e+00
 -2.85165840e-01 2.11591549e+00
 -1.03628071e-01 2.01416991e+00
 -2.17703298e-01 1.91904250e+00
 -2.56514664e-01 1.82986116e+00
 -2.02350420e-01 1.74603871e+00
 -1.54978996e-01 1.66705986e+00
 -6.95451834e-02 1.59247044e+00
 -2.48825079e-01 1.52186857e+00
 -1.74403102e-01 1.45489721e+00
 -1.36384608e-01 1.39123799e+00
 -2.00516181e-01 1.33060606e+00
 -8.50136313e-02 1.27274560e+00
 -1.12111118e-01 1.21742618e+00
 -1.09214013e-01 1.16443952e+00
 -1.38215073e-01 1.11359678e+00
 -3.35636578e-02 1.06472622e+00
 -1.51542219e-01 1.01767120e+00
 -1.32012387e-01 9.72288381e-01
 -1.75933356e-01 9.28446228e-01
 -1.12036441e-01 8.86023681e-01
 -1.59036490e-01 8.44908984e-01
 -5.37323446e-02 8.04998658e-01
 -1.59873217e-01 7.66196596e-01
 -9.07438638e-02 7.28413263e-01
 -9.67994844e-02 6.91564983e-01
 -1.07533223e-01 6.55573298e-01
 -2.18151223e-03 6.20364401e-01
 -1.31959865e-01 5.85868624e-01
 -6.11689449e-02 5.52019965e-01
 -6.92958515e-02 5.18755676e-01
 -1.08978834e-01 4.86015868e-01
 -5.91006776e-02 4.53743161e-01
 -8.66493465e-02 4.21882356e-01
 -1.03583093e-01 3.90380129e-01
 -2.76529068e-02 3.59184745e-01
 -7.97880932e-02 3.28245789e-01
 -1.23218561e-01 2.97513908e-01
 -9.32208907e-02 2.66940564e-01
 -1.05068362e-01 2.36477797e-01
 -1.21805723e-01 2.06077986e-01
 -1.00838261e-01 1.75693625e-01
 -9.31410670e-02 1.45277083e-01
 -7.60119794e-02 1.14780378e-01
 -4.07020833e-02 8.41549380e-02
 -1.04601564e-01 5.33513537e-02
 -7.59174533e-02 2.23191282e-02
 -1.11643236e-01 -8.99359020e-03
 -9.74596481e-02 -4.06402885e-02
 -7.72238312e-02 -7.26763890e-02
 -2.31412494e-02 -1.05159570e-01
 -5.87964422e-02 -1.38150115e-01
 -7.73763149e-02 -1.71711289e-01
 -7.21304501e-02 -2.05909755e-01
 3.04207939e-02 -2.40816029e-01
 -6.33057645e-02 -2.76504986e-01
 -6.42910717e-02 -3.13056422e-01
 -1.31326904e-01 -3.50555682e-01
 -7.77612292e-02 -3.89094362e-01
 -1.48915088e-01 -4.28771110e-01
 -3.91191069e-02 -4.69692519e-01
 -1.36291696e-01 -5.11974152e-01
 -1.14088188e-01 -5.55741704e-01
 -8.28350717e-02 -6.01132341e-01
 -1.77903590e-01 -6.48296232e-01
 -6.37632496e-02 -6.97398316e-01
 -9.20898723e-02 -7.48620357e-01
 -2.01867642e-01 -8.02163328e-01
 -1.94981483e-01 -8.58250198e-01
 -1.54644092e-01 -9.17129203e-01
 -9.51708516e-02 -9.79077698e-01
 -1.33768059e-01 -1.04440672e+00
 -1.65966748e-01 -1.11346643e+00
 -1.48707595e-01 -1.18665258e+00
 -2.13011621e-01 -1.26441434e+00
 -2.21935939e-01 -1.34726374e+00
 -2.89040251e-01 -1.43578713e+00
 -2.67099849e-01 -1.53065924e+00
 -2.89261535e-01 -1.63266052e+00
 -2.06465308e-01 -1.74269853e+00
 -2.89211214e-01 -1.86183487e+00
 -2.70914956e-01 -1.99131890e+00
 -3.62829031e-01 -2.13263066e+00
 -3.75378467e-01 -2.28753581e+00
 -3.86701268e-01 -2.45815662e+00
 -4.26712291e-01 -2.64706448e+00
 -4.74496171e-01 -2.85740185e+00
 -6.04717438e-01 -3.09304411e+00
 -7.56197159e-01 -3.35881682e+00
 -7.46024709e-01 -3.66078919e+00
 -9.75015986e-01 -4.00667289e+00
 -1.04471027e+00 -4.40636365e+00
 -1.29262854e+00 -4.87266852e+00
 -1.54573643e+00 -5.42224630e+00
 -1.99477083e+00 -6.07669999e+00
 -2.55972279e+00 -6.86342103e+00
 -3.26868307e+00 -7.81462141e+00
 -4.43931944e+00 -8.95904738e+00
 -6.18564319e+00 -1.02874033e+01
 -9.03548069e+00 -1.16272633e+01
 -1.38070966e+01 -1.22366121e+01
 -2.05962182e+01 -9.89755762e+00
 -2.59367287e+01 -1.66276671e+00
 -2.35514570e+01 8.58220361e+00
 -1.66503556e+01 1.33753978e+01
 -1.09157466e+01 1.36984250e+01
 -7.33442845e+00 1.25382851e+01
 -5.03565997e+00 1.11691376e+01
 -3.82031771e+00 9.93999707e+00
 -2.81276435e+00 8.90803666e+00
 -2.18319258e+00 8.05456940e+00
 -1.70754599e+00 7.34724881e+00
 -1.42073347e+00 6.75629724e+00
 -1.21461323e+00 6.25765328e+00
 -9.89754837e-01 5.83263174e+00
 -8.59073007e-01 5.46686422e+00
 -7.55110270e-01 5.14927822e+00
 -6.86998164e-01 4.87127894e+00
 -5.83777174e-01 4.62613201e+00
 -4.97382874e-01 4.40850735e+00
 -4.52271037e-01 4.21414354e+00
 -4.88869508e-01 4.03960012e+00
 -3.50566309e-01 3.88207351e+00
 -2.48730076e-01 3.73925909e+00
 -3.32915791e-01 3.60924679e+00
 -3.45281220e-01 3.49044146e+00
 -3.66875719e-01 3.38150138e+00
 -1.94983703e-01 3.28129051e+00
 -2.37030232e-01 3.18884097e+00
 -2.87287169e-01 3.10332341e+00
 -8.93426361e-02 3.02402328e+00
 -8.66739180e-02 2.95032190e+00
 -2.78378766e-01 2.88168102e+00
 -2.14202213e-01 2.81763031e+00
 -2.36069815e-01 2.75775712e+00
 -1.93101059e-01 2.70169792e+00
 -1.32608583e-01 2.64913139e+00
 -1.44313414e-01 2.59977246e+00
 -1.43439764e-01 2.55336748e+00
 -1.01172297e-01 2.50969002e+00
 -6.61160093e-03 2.46853744e+00
 -7.91835404e-02 2.42972785e+00
 -4.90593362e-02 2.39309764e+00
 -8.62574376e-02 2.35849927e+00
 -9.35734886e-02 2.32579943e+00
 -4.54254261e-02 2.29487741e+00
 -7.37147454e-02 2.26562372e+00
 -1.24019947e-01 2.23793888e+00
 -3.24927993e-02 2.21173238e+00
 -1.98929746e-02 2.18692175e+00
 2.13322738e-02 2.16343177e+00
 -4.27590173e-02 2.14119374e+00
 -9.62808089e-02 2.12014491e+00
 -1.86852379e-03 2.10022788e+00
 -7.83817112e-02 2.08139016e+00
 -6.94601367e-02 2.06358373e+00
 -4.91529372e-02 2.04676466e+00
 -3.32338912e-02 2.03089280e+00
 1.43754860e-03 2.01593148e+00
 2.13884385e-02 2.00184721e+00
 6.84973382e-02 1.98860954e+00
 -1.03554285e-01 1.97619075e+00
 -1.47582500e-03 1.96456575e+00
 1.42698220e-02 1.95371191e+00
 3.64742287e-02 1.94360888e+00
 5.02059041e-02 1.93423855e+00
 -2.13472601e-02 1.92558486e+00
 5.46651224e-02 1.91763378e+00
 -8.17271234e-02 1.91037321e+00
 -5.20204978e-02 1.90379294e+00
 -2.86675337e-02 1.89788458e+00
 -5.96694942e-02 1.89264156e+00
 -1.39636355e-02 1.88805909e+00
 4.92858113e-02 1.88413417e+00
 5.99490848e-02 1.88086557e+00
 -7.54135763e-02 1.87825390e+00
 -4.92203457e-02 1.87630159e+00
 3.81470541e-02 1.87501299e+00
 3.03105812e-02 1.87439438e+00
 6.96755115e-02 1.87445412e+00
 -4.56990749e-02 1.87520266e+00
 3.42927765e-02 1.87665274e+00
 3.38145784e-04 1.87881950e+00
 6.76412585e-02 1.88172063e+00
 4.70210831e-02 1.88537657e+00
 4.18421287e-02 1.88981075e+00
 2.23873883e-02 1.89504984e+00
 3.24783217e-02 1.90112403e+00
 3.74374483e-02 1.90806740e+00
 -7.86726023e-03 1.91591830e+00
 5.43624096e-02 1.92471984e+00
 7.91406221e-02 1.93452040e+00
 -6.58879460e-03 1.94537425e+00
 1.16458165e-03 1.95734229e+00
 3.17924099e-02 1.97049290e+00
 3.31764007e-03 1.98490288e+00
 3.16395857e-02 2.00065868e+00
 8.32583685e-02 2.01785770e+00
 7.26963967e-02 2.03660992e+00
 8.58762857e-02 2.05703985e+00
 3.37198629e-02 2.07928876e+00
 8.54360309e-02 2.10351744e+00
 4.20602692e-02 2.12990951e+00
 7.34908656e-02 2.15867536e+00
 1.08275398e-01 2.19005705e+00
 6.61775006e-02 2.22433424e+00
 4.33476185e-02 2.26183151e+00
 1.55955921e-01 2.30292749e+00
 1.33027927e-01 2.34806617e+00
 1.13677456e-01 2.39777133e+00
 2.05904692e-01 2.45266460e+00
 2.22685137e-01 2.51348886e+00
 2.03504991e-01 2.58113817e+00
 2.33908438e-01 2.65669695e+00
 1.96716911e-01 2.74149130e+00
 2.78937872e-01 2.83715701e+00
 2.74354709e-01 2.94573012e+00
 3.96307989e-01 3.06976836e+00
 4.46965935e-01 3.21251374e+00
 3.91504221e-01 3.37810835e+00
 5.26629495e-01 3.57187272e+00
 6.81757597e-01 3.80063750e+00
 8.88082500e-01 4.07305150e+00
 1.10709135e+00 4.39956550e+00
 1.36118193e+00 4.79107779e+00
 1.96711180e+00 5.25293226e+00
 2.88893309e+00 5.76355637e+00
 4.04267533e+00 6.20459062e+00
 6.26237975e+00 6.16432866e+00
 8.79575182e+00 4.66193549e+00
 1.02406987e+01 1.06420329e+00
 8.72664074e+00 -2.43045890e+00
 6.04368839e+00 -3.80180777e+00
 4.04971650e+00 -3.78919454e+00
 2.79278700e+00 -3.33685530e+00
 2.03347460e+00 -2.82760937e+00
 1.41247089e+00 -2.36955774e+00
 1.24490646e+00 -1.98135133e+00
 9.27566028e-01 -1.65699820e+00
 7.78625720e-01 -1.38559127e+00
 5.54748267e-01 -1.15682011e+00
 4.63691020e-01 -9.62185634e-01
 4.80553982e-01 -7.94981947e-01
 2.99227468e-01 -6.49984860e-01
 2.62519331e-01 -5.23124560e-01
 2.68853935e-01 -4.11212706e-01
 2.88975995e-01 -3.11731213e-01
 1.81129653e-01 -2.22673222e-01
 2.09034662e-01 -1.42424349e-01
 1.11918918e-01 -6.96739931e-02
 1.77998797e-01 -3.34875469e-03
 1.68743852e-01 5.74379004e-02
 1.92284447e-01 1.13424001e-01
 1.16282939e-01 1.65228564e-01
 1.86542824e-01 2.13374454e-01
 3.67756765e-02 2.58306273e-01
 2.96703112e-02 3.00404449e-01
 5.61317884e-02 3.39996448e-01
 1.04370895e-01 3.77365736e-01
 7.60873151e-02 4.12759019e-01
 -3.71917440e-02 4.46392120e-01
 1.45504942e-01 4.78454773e-01
 5.99643292e-02 5.09114580e-01
 1.25805207e-01 5.38520277e-01
 7.55289850e-02 5.66804454e-01
 8.48272121e-02 5.94085827e-01
 2.49559553e-02 6.20471156e-01
 4.92342918e-02 6.46056861e-01
 -6.42484665e-03 6.70930395e-01
 -4.01189949e-02 6.95171420e-01
 6.50754210e-02 7.18852812e-01
 4.39852130e-02 7.42041524e-01
 1.71116766e-01 7.64799345e-01
 9.91906813e-02 7.87183544e-01
 9.90610029e-02 8.09247445e-01
 -7.57273464e-03 8.31040927e-01
 1.03650850e-01 8.52610867e-01
 1.31517017e-01 8.74001527e-01
 1.26101265e-01 8.95254913e-01
 -3.28780304e-02 9.16411078e-01
 -3.31444264e-02 9.37508415e-01
 -1.51714478e-02 9.58583908e-01
 1.17335116e-01 9.79673370e-01
 -3.57199096e-02 1.00081166e+00
 5.85187725e-02 1.02203289e+00
 6.75173035e-02 1.04337060e+00
 -5.76032984e-02 1.06485796e+00
 9.02844631e-02 1.08652791e+00
 4.37302567e-02 1.10841338e+00
 9.48014864e-02 1.13054737e+00
 1.25468600e-01 1.15296320e+00
 1.09610105e-03 1.17569459e+00
 6.40207759e-02 1.19877586e+00
 1.36649164e-02 1.22224211e+00
 1.21262657e-01 1.24612932e+00
 1.72804346e-01 1.27047459e+00
 1.51295995e-01 1.29531627e+00
 1.08509771e-01 1.32069420e+00
 6.02110993e-02 1.34664984e+00
 1.17018488e-01 1.37322654e+00
 -1.02705664e-02 1.40046975e+00
 -1.64898350e-02 1.42842725e+00
 7.22094810e-02 1.45714943e+00
 7.12612773e-03 1.48668959e+00
 5.88629776e-02 1.51710424e+00
 1.21346920e-01 1.54845345e+00
 1.32627705e-01 1.58080126e+00
 1.37224606e-02 1.61421606e+00
 1.73293891e-01 1.64877110e+00
 1.59779733e-01 1.68454502e+00
 1.36538038e-01 1.72162240e+00
 1.79111667e-02 1.76009447e+00
 2.13770754e-01 1.80005981e+00
 1.84829465e-01 1.84162523e+00
 9.70844959e-02 1.88490667e+00
 8.45940426e-02 1.93003031e+00
 1.52046663e-01 1.97713380e+00
 1.27658258e-01 2.02636762e+00
 9.42400840e-02 2.07789672e+00
 1.67779763e-01 2.13190236e+00
 1.37334896e-01 2.18858420e+00
 2.08675686e-01 2.24816279e+00
 1.44855941e-01 2.31088241e+00
 2.17914398e-01 2.37701441e+00
 1.49247749e-01 2.44686108e+00
 9.45406240e-02 2.52076027e+00
 2.07415922e-01 2.59909077e+00
 2.07248131e-01 2.68227872e+00
 2.90530434e-01 2.77080525e+00
 2.08147836e-01 2.86521565e+00
 2.96962008e-01 2.96613036e+00
 2.73835842e-01 3.07425829e+00
 2.61483369e-01 3.19041310e+00
 2.26093552e-01 3.31553301e+00
 3.69027348e-01 3.45070533e+00
 2.65006549e-01 3.59719687e+00
 3.72182406e-01 3.75649194e+00
 5.05954838e-01 3.93034016e+00
 4.85138906e-01 4.12081716e+00
 5.96318801e-01 4.33040215e+00
 5.86529295e-01 4.56207787e+00
 7.75354738e-01 4.81946041e+00
 8.92762833e-01 5.10696907e+00
 9.17663234e-01 5.43005004e+00
 1.01600441e+00 5.79547228e+00
 1.25646464e+00 6.21171906e+00
 1.40069048e+00 6.68950271e+00
 1.69318077e+00 7.24242622e+00
 2.09102182e+00 7.88778566e+00
 2.46158295e+00 8.64739709e+00
 3.14692837e+00 9.54798090e+00
 4.02725935e+00 1.06195681e+01
 5.32587792e+00 1.18871391e+01
 7.22066144e+00 1.33406958e+01
 1.02050290e+01 1.48386886e+01
 1.49390188e+01 1.58203788e+01
 2.17748106e+01 1.46319988e+01
 2.91840093e+01 8.23751188e+00
 3.10834062e+01 -3.30105443e+00
 2.52410064e+01 -1.24308443e+01
 1.76236503e+01 -1.54879370e+01
 1.19599157e+01 -1.51508768e+01
 8.32232766e+00 -1.37689726e+01
 6.02678607e+00 -1.22682386e+01
 4.51607763e+00 -1.09175757e+01
 3.56526993e+00 -9.76530485e+00
 2.74343460e+00 -8.79584124e+00
 2.26031752e+00 -7.97975138e+00
 1.79656644e+00 -7.28857980e+00
 1.61682126e+00 -6.69845515e+00
 1.36066283e+00 -6.19027336e+00
 1.14868016e+00 -5.74897625e+00
 1.04412144e+00 -5.36271780e+00
 8.78664346e-01 -5.02214083e+00
 7.20706493e-01 -4.71980324e+00
 7.28747128e-01 -4.44973809e+00
 6.03638606e-01 -4.20712064e+00
 5.72973415e-01 -3.98801664e+00
 4.90707055e-01 -3.78919167e+00
 5.07751381e-01 -3.60796578e+00
 3.84247095e-01 -3.44210191e+00
 3.35988934e-01 -3.28971959e+00
 2.46205183e-01 -3.14922766e+00
 3.93137924e-01 -3.01927141e+00
 3.03234366e-01 -2.89869071e+00
 3.29785809e-01 -2.78648660e+00
 2.79633927e-01 -2.68179449e+00
 2.67295163e-01 -2.58386240e+00
 3.49193961e-01 -2.49203335e+00
 2.02802903e-01 -2.40573079e+00
 1.68874847e-01 -2.32444675e+00
 1.50672188e-01 -2.24773189e+00
 2.36055118e-01 -2.17518728e+00
 2.47196055e-01 -2.10645748e+00
 1.82955835e-01 -2.04122473e+00
 1.46902872e-01 -1.97920404e+00
 1.24202467e-01 -1.92013904e+00
 1.62489235e-01 -1.86379835e+00
 1.38024910e-01 -1.80997261e+00
 1.33894493e-01 -1.75847182e+00
 1.26491358e-01 -1.70912306e+00
 7.42995757e-02 -1.66176860e+00
 1.45493297e-01 -1.61626410e+00
 8.66256903e-02 -1.57247720e+00
 7.30053720e-02 -1.53028621e+00
 1.05301938e-01 -1.48957892e+00
 5.99069851e-02 -1.45025167e+00
 8.15821317e-02 -1.41220839e+00
 9.43602166e-02 -1.37535986e+00
 9.50947332e-02 -1.33962298e+00
 1.09248262e-01 -1.30492018e+00
 8.61731596e-02 -1.27117883e+00
 1.26433126e-01 -1.23833073e+00
 4.04615838e-02 -1.20631170e+00
 8.73450739e-02 -1.17506113e+00
 7.01167188e-02 -1.14452161e+00
 1.47451229e-01 -1.11463862e+00
 7.51946626e-02 -1.08536017e+00
 7.58675217e-02 -1.05663655e+00
 6.54759555e-02 -1.02842005e+00
 2.16622243e-02 -1.00066471e+00
 8.81050330e-02 -9.73326065e-01
 -4.18405348e-02 -9.46360968e-01
 7.58981939e-02 -9.19727335e-01
 6.29669184e-02 -8.93383963e-01
 8.55377921e-02 -8.67290324e-01
 -2.00578749e-02 -8.41406378e-01
 1.12703661e-01 -8.15692374e-01
 1.69142398e-02 -7.90108665e-01
 1.27302934e-02 -7.64615511e-01
 -1.19146356e-02 -7.39172882e-01
 8.03992261e-02 -7.13740258e-01
 1.37280599e-01 -6.88276417e-01
 6.16821382e-02 -6.62739213e-01
 5.97907649e-02 -6.37085343e-01
 5.73268773e-02 -6.11270097e-01
 6.94755889e-02 -5.85247087e-01
 1.02008421e-01 -5.58967957e-01
 1.25469259e-01 -5.32382064e-01
 2.88350169e-02 -5.05436126e-01
 5.07658053e-02 -4.78073835e-01
 1.16786520e-01 -4.50235425e-01
 1.21435633e-02 -4.21857189e-01
 1.24495537e-01 -3.92870940e-01
 9.21573542e-02 -3.63203393e-01
 4.78985907e-02 -3.32775477e-01
 3.93398239e-02 -3.01501539e-01
 1.74779563e-01 -2.69288439e-01
 1.07362781e-01 -2.36034512e-01
 1.19004914e-01 -2.01628363e-01
 7.00777957e-02 -1.65947481e-01
 1.56700782e-01 -1.28856612e-01
 1.86819694e-01 -9.02058701e-02
 1.88447520e-01 -4.98285122e-02
 1.07367998e-01 -7.53831299e-03
 1.07402741e-01 3.68735436e-02
 1.23352783e-01 8.36421689e-02
 1.56795129e-01 1.33033405e-01
 1.10785618e-01 1.85349160e-01
 1.45412383e-01 2.40933875e-01
 1.65614130e-01 3.00182380e-01
 2.22865388e-01 3.63549535e-01
 2.21460537e-01 4.31562097e-01
 1.85921023e-01 5.04833451e-01
 2.65613842e-01 5.84082016e-01
 2.74020822e-01 6.70154387e-01
 3.45701470e-01 7.64054680e-01
 2.78818067e-01 8.66981975e-01
 2.88161471e-01 9.80378475e-01
 4.34644251e-01 1.10599185e+00
 3.28522371e-01 1.24595643e+00
 5.31852612e-01 1.40289944e+00
 5.02913628e-01 1.58008003e+00
 6.86521863e-01 1.78157053e+00
 8.26426976e-01 2.01248854e+00
 9.22000434e-01 2.27928173e+00
 1.07433937e+00 2.59004053e+00
 1.23325876e+00 2.95473160e+00
 1.58122912e+00 3.38500307e+00
 1.95892524e+00 3.89250942e+00
 2.78676738e+00 4.48264213e+00
 3.74125819e+00 5.13448928e+00
 5.26614482e+00 5.74091945e+00
 7.67177090e+00 5.94741012e+00
 1.08830057e+01 4.86035279e+00
 1.37230672e+01 1.29955402e+00
 1.36057120e+01 -3.79837598e+00
 1.06547072e+01 -7.19526486e+00
 7.44977867e+00 -8.16672494e+00
 5.20188593e+00 -7.91990013e+00
 3.72028943e+00 -7.30745853e+00
 2.70432763e+00 -6.66072616e+00
 2.04695634e+00 -6.07837941e+00
 1.57533708e+00 -5.57871407e+00
 1.15815654e+00 -5.15568829e+00
 1.00743322e+00 -4.79760981e+00
 8.13890202e-01 -4.49295835e+00
 7.39367884e-01 -4.23191858e+00
 5.97799769e-01 -4.00653413e+00
 5.33214531e-01 -3.81046619e+00
 4.29037889e-01 -3.63868295e+00
 4.32890480e-01 -3.48717917e+00
 2.95633723e-01 -3.35274832e+00
 2.60968372e-01 -3.23280491e+00
 3.26763536e-01 -3.12524805e+00
 2.69311621e-01 -3.02835736e+00
 1.68853246e-01 -2.94071329e+00
 1.53615997e-01 -2.86113588e+00
 2.23129279e-01 -2.78863752e+00
 2.47803872e-01 -2.72238613e+00
 5.46837883e-02 -2.66167631e+00
 2.14668782e-01 -2.60590661e+00
 1.10218740e-01 -2.55456136e+00
 8.35380445e-02 -2.50719626e+00
 1.79063881e-01 -2.46342659e+00
 1.24688597e-01 -2.42291784e+00
 6.43947883e-02 -2.38537788e+00
 7.57931162e-02 -2.35055063e+00
 5.77280667e-02 -2.31821082e+00
 8.60127086e-02 -2.28815961e+00
 9.23737886e-02 -2.26022096e+00
 -1.30371855e-02 -2.23423858e+00
 9.57081701e-03 -2.21007335e+00
 2.88758944e-02 -2.18760114e+00
 3.83624882e-02 -2.16671098e+00
 8.40428563e-02 -2.14730347e+00
 2.07835454e-02 -2.12928944e+00
 1.64181352e-02 -2.11258879e+00
 3.50552352e-02 -2.09712949e+00
 -1.14930541e-02 -2.08284670e+00
 1.19159510e-01 -2.06968209e+00
 -4.82032558e-02 -2.05758309e+00
 -1.22770992e-05 -2.04650244e+00
 5.84487035e-02 -2.03639761e+00
 -3.88462358e-02 -2.02723043e+00
 -2.49198631e-02 -2.01896668e+00
 3.47069667e-02 -2.01157580e+00
 2.19465591e-02 -2.00503057e+00
 1.35410108e-01 -1.99930690e+00
 -5.21668691e-02 -1.99438357e+00
 -5.89171203e-02 -1.99024210e+00
 6.18352750e-02 -1.98686655e+00
 -1.13451870e-02 -1.98424339e+00
 3.90344211e-02 -1.98236140e+00
 -2.22050721e-02 -1.98121153e+00
 -4.18083911e-02 -1.98078690e+00
 7.00923539e-03 -1.98108265e+00
 -1.68896206e-02 -1.98209596e+00
 -7.32648431e-02 -1.98382599e+00
 -2.82134011e-02 -1.98627384e+00
 1.00839969e-01 -1.98944260e+00
 -3.91399437e-02 -1.99333732e+00
 -7.04455936e-02 -1.99796506e+00
 -1.17281749e-01 -2.00333490e+00
 -1.37074133e-02 -2.00945802e+00
 3.86823634e-02 -2.01634777e+00
 -2.17550776e-02 -2.02401973e+00
 -1.65228373e-02 -2.03249184e+00
 -4.25034409e-02 -2.04178451e+00
 1.38701580e-02 -2.05192078e+00
 -2.93789887e-02 -2.06292643e+00
 -5.97110755e-02 -2.07483026e+00
 -9.08704072e-02 -2.08766420e+00
 -2.80812305e-04 -2.10146366e+00
 2.36601066e-02 -2.11626774e+00
 -4.78956112e-02 -2.13211957e+00
 -1.24515593e-01 -2.14906669e+00
 -7.17229481e-02 -2.16716145e+00
 -7.98316441e-02 -2.18646147e+00
 -8.09541316e-02 -2.20703022e+00
 -3.88548827e-02 -2.22893758e+00
 -2.64606271e-02 -2.25226056e+00
 3.19129125e-03 -2.27708413e+00
 5.16239266e-02 -2.30350210e+00
 -1.21620133e-01 -2.33161819e+00
 -1.09891883e-01 -2.36154726e+00
 -5.38158939e-02 -2.39341674e+00
 -3.10774027e-02 -2.42736823e+00
 -1.33405605e-01 -2.46355943e+00
 -1.57701114e-01 -2.50216637e+00
 -1.22037741e-01 -2.54338604e+00
 -1.26039455e-01 -2.58743945e+00
 -1.06731790e-01 -2.63457529e+00
 -9.19395826e-02 -2.68507423e+00
 -1.16132164e-01 -2.73925412e+00
 -1.87162344e-01 -2.79747613e+00
 -2.52488315e-01 -2.86015226e+00
 -1.22424668e-01 -2.92775431e+00
 -3.18821832e-01 -3.00082493e+00
 -2.06856975e-01 -3.07999104e+00
 -2.18659516e-01 -3.16598051e+00
 -2.92032925e-01 -3.25964272e+00
 -3.02223921e-01 -3.36197431e+00
 -2.82787332e-01 -3.47415154e+00
 -4.50268250e-01 -3.59757127e+00
 -3.40472100e-01 -3.73390310e+00
 -4.97277398e-01 -3.88515636e+00
 -5.65967284e-01 -4.05376636e+00
 -5.85681359e-01 -4.24270622e+00
 -6.34472260e-01 -4.45563178e+00
 -8.77689126e-01 -4.69706900e+00
 -9.53635457e-01 -4.97265305e+00
 -1.00962638e+00 -5.28942372e+00
 -1.27487299e+00 -5.65616329e+00
 -1.59661949e+00 -6.08370496e+00
 -1.91967933e+00 -6.58497661e+00
 -2.37602791e+00 -7.17408566e+00
 -2.98431773e+00 -7.86246437e+00
 -4.05362405e+00 -8.64644926e+00
 -5.54414949e+00 -9.47048260e+00
 -7.89449555e+00 -1.01246235e+01
 -1.12867974e+01 -1.00007053e+01
 -1.55510674e+01 -7.80345694e+00
 -1.83161892e+01 -2.47159258e+00
 -1.71775697e+01 3.79526978e+00
 -1.31319976e+01 7.40401544e+00
 -9.36900865e+00 8.26870343e+00
 -6.54669069e+00 7.85589878e+00
 -4.73884399e+00 7.06815036e+00
 -3.57223121e+00 6.25420618e+00
 -2.68731535e+00 5.52030974e+00
 -2.01046322e+00 4.88661981e+00
 -1.71069624e+00 4.34619406e+00
 -1.44039751e+00 3.88541998e+00
 -1.20466504e+00 3.49066975e+00
 -1.00754976e+00 3.15017144e+00
 -8.42888487e-01 2.85427057e+00
 -7.34594494e-01 2.59519866e+00
 -6.73830304e-01 2.36673621e+00
 -6.38656022e-01 2.16389591e+00
 -4.96468383e-01 1.98265904e+00
 -4.54982333e-01 1.81976650e+00
 -3.92985182e-01 1.67255642e+00
 -4.01630977e-01 1.53883873e+00
 -3.19108873e-01 1.41679842e+00
 -3.26961314e-01 1.30492072e+00
 -2.69047430e-01 1.20193279e+00
 -2.28312258e-01 1.10675820e+00
 -2.15736185e-01 1.01848099e+00
 -2.17809564e-01 9.36317195e-01
 -1.97783411e-01 8.59592108e-01
 -2.39106387e-01 7.87722000e-01
 -2.01261776e-01 7.20199329e-01
 -1.36879811e-01 6.56580695e-01
 -2.38117354e-01 5.96476978e-01
 -1.91570715e-01 5.39545214e-01
 -1.77928514e-01 4.85481856e-01
 -2.16905224e-01 4.34017176e-01
 -1.90269653e-01 3.84910562e-01
 -1.53182071e-01 3.37946575e-01
 -2.23861510e-01 2.92931609e-01
 -3.24026003e-02 2.49691058e-01
 -1.53544559e-01 2.08066898e-01
 -1.97181295e-01 1.67915616e-01
 -1.74152378e-01 1.29106432e-01
 -1.98305976e-01 9.15197604e-02
 -5.95968404e-02 5.50458772e-02
 -1.47076163e-01 1.95837595e-02
 -1.73740533e-01 -1.49599278e-02
 -1.16405109e-01 -4.86717216e-02
 -8.65680965e-02 -8.16321445e-02
 -1.13509516e-01 -1.13916397e-01
 -8.10113959e-02 -1.45594974e-01
 -1.19785369e-01 -1.76734213e-01
 -1.11609666e-01 -2.07396788e-01
 -7.38069578e-02 -2.37642150e-01
 -7.77050523e-02 -2.67526931e-01
 -1.21911396e-01 -2.97105309e-01
 -1.09383300e-01 -3.26429343e-01
 -7.63985526e-02 -3.55549281e-01
 -1.44975076e-01 -3.84513846e-01
 -9.08254326e-02 -4.13370507e-01
 -5.53764119e-02 -4.42165730e-01
 -1.70366436e-01 -4.70945218e-01
 -1.27582789e-01 -4.99754144e-01
 -1.12895862e-01 -5.28637372e-01
 -8.69385850e-02 -5.57639678e-01
 -1.47490306e-01 -5.86805967e-01
 -7.20804651e-03 -6.16181486e-01
 -4.08592220e-02 -6.45812044e-01
 -9.29655145e-02 -6.75744232e-01
 -1.07999509e-01 -7.06025651e-01
 -1.23269951e-01 -7.36705151e-01
 -1.80668542e-01 -7.67833071e-01
 -1.78296907e-01 -7.99461509e-01
 -7.72482539e-02 -8.31644591e-01
 -1.51601357e-01 -8.64438770e-01
 -1.82902834e-01 -8.97903148e-01
 -8.92081741e-02 -9.32099817e-01
 -3.97227039e-02 -9.67094239e-01
 -1.13946754e-01 -1.00295566e+00
 -6.19334076e-02 -1.03975756e+00
 -1.25967701e-01 -1.07757816e+00
 -3.33863635e-02 -1.11650099e+00
 -8.10673780e-02 -1.15661547e+00
 -9.54360084e-02 -1.19801766e+00
 -1.44929753e-01 -1.24081100e+00
 -1.44540579e-01 -1.28510722e+00
 -2.48729784e-01 -1.33102731e+00
 -2.03729679e-01 -1.37870264e+00
 -1.55823086e-01 -1.42827627e+00
 -6.33297354e-02 -1.47990443e+00
 -1.30105777e-01 -1.53375813e+00
 -9.00555482e-02 -1.59002516e+00
 -1.77071965e-01 -1.64891229e+00
 -3.30940361e-01 -1.71064785e+00
 -1.32143056e-01 -1.77548474e+00
 -1.41521530e-01 -1.84370392e+00
 -1.81008883e-01 -1.91561853e+00
 -2.22625765e-01 -1.99157868e+00
 -1.93790243e-01 -2.07197721e+00
 -2.94895072e-01 -2.15725643e+00
 -2.58126579e-01 -2.24791618e+00
 -2.42973544e-01 -2.34452356e+00
 -3.58133338e-01 -2.44772455e+00
 -2.44272007e-01 -2.55825816e+00
 -3.66096834e-01 -2.67697362e+00
 -4.29755696e-01 -2.80485149e+00
 -4.32231605e-01 -2.94302956e+00
 -4.24774417e-01 -3.09283515e+00
 -5.63273688e-01 -3.25582520e+00
 -6.09211825e-01 -3.43383679e+00
 -5.20193017e-01 -3.62905090e+00
 -6.67853900e-01 -3.84407341e+00
 -7.65810993e-01 -4.08203872e+00
 -8.28098022e-01 -4.34674265e+00
 -9.96618020e-01 -4.64281330e+00
 -1.08625139e+00 -4.97593030e+00
 -1.30085236e+00 -5.35310332e+00
 -1.52714368e+00 -5.78301778e+00
 -1.71615904e+00 -6.27644046e+00
 -2.06075608e+00 -6.84663216e+00
 -2.53206719e+00 -7.50958671e+00
 -3.07314232e+00 -8.28356942e+00
 -3.94431329e+00 -9.18649343e+00
 -5.05046934e+00 -1.02271245e+01
 -6.75201433e+00 -1.13791425e+01
 -9.28109611e+00 -1.25088190e+01
 -1.30887884e+01 -1.31881049e+01
 -1.83994845e+01 -1.23155238e+01
 -2.42853278e+01 -7.96044642e+00
 -2.70695952e+01 4.67838541e-01
 -2.40333530e+01 8.81971492e+00
 -1.82325778e+01 1.30583708e+01
 -1.29528683e+01 1.38701993e+01
 -9.29036707e+00 1.31728760e+01
 -6.77203082e+00 1.20428275e+01
 -5.10058604e+00 1.08959277e+01
 -3.92998412e+00 9.86144374e+00
 -3.06679201e+00 8.96429544e+00
 -2.53153453e+00 8.19539081e+00
 -2.10133001e+00 7.53683719e+00
 -1.80872436e+00 6.97048305e+00
 -1.49921610e+00 6.48045754e+00
 -1.40646855e+00 6.05360725e+00
 -1.08845489e+00 5.67925267e+00
 -9.91247486e-01 5.34877744e+00
 -9.31025847e-01 5.05522601e+00
 -8.48289918e-01 4.79296127e+00
 -6.57528740e-01 4.55738865e+00
 -6.48591212e-01 4.34473900e+00
 -5.90601436e-01 4.15189938e+00
 -4.52369119e-01 3.97628135e+00
 -4.52285077e-01 3.81571830e+00
 -4.07420104e-01 3.66838512e+00
 -3.82391070e-01 3.53273500e+00
 -4.59306441e-01 3.40744932e+00
 -3.06801767e-01 3.29139784e+00
 -3.08164581e-01 3.18360671e+00
 -2.85016570e-01 3.08323271e+00
 -2.47837404e-01 2.98954230e+00
 -2.94065399e-01 2.90189456e+00
 -1.42806824e-01 2.81972717e+00
 -2.60324969e-01 2.74254479e+00
 -2.11464580e-01 2.66990948e+00
 -2.13293719e-01 2.60143264e+00
 -2.13220056e-01 2.53676834e+00
 -1.24715657e-01 2.47560760e+00
 -2.31158378e-01 2.41767362e+00
 -9.03252295e-02 2.36271770e+00
 -1.57078017e-01 2.31051577e+00
 -1.01481152e-01 2.26086542e+00
 -7.80507190e-02 2.21358333e+00
 -1.19940425e-01 2.16850307e+00
 -1.70395500e-01 2.12547318e+00
 -9.66774335e-02 2.08435553e+00
 -2.14503132e-01 2.04502383e+00
 -1.63972275e-01 2.00736243e+00
 -1.70548596e-01 1.97126518e+00
 -2.30353496e-02 1.93663441e+00
 -5.41525653e-02 1.90338018e+00
 -1.59204890e-01 1.87141939e+00
 -8.27837586e-02 1.84067524e+00
 -2.81879906e-02 1.81107651e+00
 -2.20624997e-02 1.78255712e+00
 -1.79220961e-02 1.75505559e+00
 1.61933062e-02 1.72851467e+00
 -6.72017494e-02 1.70288091e+00
 -8.82923417e-02 1.67810434e+00
 -1.11651473e-01 1.65413815e+00
 -2.30581421e-02 1.63093843e+00
 -1.04338515e-01 1.60846389e+00
 -4.13122178e-02 1.58667562e+00
 -5.40926103e-02 1.56553693e+00
 -1.77315851e-02 1.54501309e+00
 -3.33267853e-02 1.52507121e+00
 -8.39281569e-02 1.50568003e+00
 -3.86772460e-02 1.48680979e+00
 -8.55305293e-02 1.46843211e+00
 -1.09505497e-02 1.45051981e+00
 7.21293891e-02 1.43304682e+00
 -5.60803405e-02 1.41598805e+00
 -8.52399948e-02 1.39931929e+00
 -5.48910508e-02 1.38301708e+00
 -3.75075955e-02 1.36705864e+00
 -6.11036649e-02 1.35142173e+00
 -2.17973463e-01 1.33608459e+00
 -4.21915633e-02 1.32102581e+00
 -1.40129612e-01 1.30622425e+00
 -3.56056664e-02 1.29165894e+00
 -5.87183901e-02 1.27730895e+00
 -6.02949824e-02 1.26315333e+00
 -2.96059423e-02 1.24917095e+00
 -5.93645963e-02 1.23534044e+00
 -8.51474121e-02 1.22164000e+00
 -5.87645210e-02 1.20804731e+00
 -9.76999561e-02 1.19453937e+00
 -2.72922809e-02 1.18109233e+00
 -6.52704668e-03 1.16768132e+00
 -8.00165386e-02 1.15428024e+00
 -5.09526882e-02 1.14086158e+00
 -6.45097239e-02 1.12739607e+00
 -1.34613338e-01 1.11385250e+00
 3.76412509e-02 1.10019732e+00
 -4.75771307e-02 1.08639428e+00
 -8.86105425e-02 1.07240398e+00
 -1.43333631e-01 1.05818338e+00
 -6.03045416e-02 1.04368515e+00
 5.63587014e-03 1.02885702e+00
 -3.61554076e-02 1.01364090e+00
 9.42537277e-03 9.97971893e-01
 -1.22745800e-01 9.81777102e-01
 -7.42725293e-02 9.64974194e-01
 -1.33522969e-02 9.47469663e-01
 4.11396640e-02 9.29156714e-01
 6.58004455e-03 9.09912682e-01
 -3.25902358e-02 8.89595845e-01
 -4.37098793e-02 8.68041482e-01
 -3.26386831e-02 8.45056962e-01
 -6.98969769e-02 8.20415583e-01
 -9.84959825e-02 7.93848815e-01
 -1.61515914e-02 7.65036456e-01
 -1.20205695e-01 7.33594121e-01
 -5.03271567e-02 6.99057281e-01
 -9.68093156e-02 6.60860929e-01
 -6.18011147e-02 6.18313859e-01
 -2.26398429e-01 5.70566692e-01
 -2.02959610e-01 5.16573715e-01
 -2.94069248e-01 4.55051497e-01
 -1.96625196e-01 3.84445232e-01
 -4.15683203e-01 3.02934906e-01
 -4.16460098e-01 2.08568519e-01
 -5.29864988e-01 9.97546256e-02
 -6.65720309e-01 -2.32691939e-02
 -8.29767833e-01 -1.54367150e-01
 -1.25014434e+00 -2.70774307e-01
 -1.67430015e+00 -3.07652559e-01
 -2.31213175e+00 -1.16873134e-01
 -2.94684448e+00 5.05775967e-01
 -3.07100775e+00 1.50401767e+00
 -2.57614821e+00 2.35672978e+00
 -1.88963220e+00 2.74345347e+00
 -1.38900730e+00 2.79685770e+00
 -1.05839891e+00 2.70952437e+00
