 NaN NaN
 1.78859655e-02 5.27329094e-01
 -5.60454310e-02 5.27489602e-01
 2.50398697e-02 5.27752539e-01
 -1.72221331e-03 5.28117459e-01
 -2.15746653e-02 5.28584282e-01
 -4.48234691e-02 5.29153137e-01
 3.43689466e-02 5.29824313e-01
 -1.01530960e-01 5.30598223e-01
 -1.69219547e-02 5.31475401e-01
 7.51475881e-02 5.32456488e-01
 5.66901982e-03 5.33542229e-01
 2.55233692e-03 5.34733475e-01
 -6.97585900e-03 5.36031176e-01
 1.12741268e-01 5.37436388e-01
 -2.67229334e-02 5.38950267e-01
 -8.34965939e-02 5.40574075e-01
 8.09127067e-02 5.42309180e-01
 1.86249358e-02 5.44157058e-01
 -4.62552047e-02 5.46119298e-01
 8.72995839e-02 5.48197600e-01
 4.70416191e-02 5.50393784e-01
 -4.93071934e-02 5.52709788e-01
 -7.16164073e-02 5.55147676e-01
 -7.08121916e-03 5.57709643e-01
 -4.36014062e-03 5.60398014e-01
 2.39404640e-02 5.63215253e-01
 -2.00386090e-02 5.66163972e-01
 6.15105320e-02 5.69246927e-01
 8.24654783e-02 5.72467034e-01
 -5.95865659e-02 5.75827370e-01
 3.78888980e-02 5.79331182e-01
 7.90661864e-02 5.82981895e-01
 4.28793078e-02 5.86783119e-01
 -2.42054312e-02 5.90738660e-01
 1.84361025e-03 5.94852526e-01
 -3.10245650e-03 5.99128941e-01
 7.62246343e-02 6.03572353e-01
 -5.75933048e-02 6.08187447e-01
 3.26848472e-02 6.12979157e-01
 -7.44631002e-03 6.17952681e-01
 1.67998946e-02 6.23113492e-01
 -5.84695889e-02 6.28467356e-01
 -1.50340851e-02 6.34020348e-01
 -7.93220554e-03 6.39778871e-01
 6.86390543e-03 6.45749673e-01
 1.17030752e-01 6.51939868e-01
 -1.25203907e-01 6.58356959e-01
 -6.62997056e-03 6.65008862e-01
 -9.84254471e-02 6.71903931e-01
 -2.95448567e-02 6.79050988e-01
 7.90305244e-02 6.86459348e-01
 -1.68658086e-02 6.94138856e-01
 -6.45992755e-02 7.02099923e-01
 -6.44521436e-02 7.10353559e-01
 -2.41584235e-02 7.18911419e-01
 5.12003608e-03 7.27785845e-01
 3.92782573e-02 7.36989915e-01
 -3.57246758e-02 7.46537498e-01
 -3.55225521e-02 7.56443307e-01
 4.93547487e-02 7.66722969e-01
 5.38420366e-02 7.77393085e-01
 6.08035086e-02 7.88471311e-01
 -4.44259994e-02 7.99976436e-01
 -7.03065935e-02 8.11928475e-01
 3.10218254e-06 8.24348765e-01
 -5.23876209e-02 8.37260071e-01
 6.92724858e-02 8.50686711e-01
 3.14212565e-02 8.64654680e-01
 -8.44121313e-02 8.79191798e-01
 -4.04974220e-02 8.94327869e-01
 -6.44542142e-02 9.10094857e-01
 -4.55878367e-02 9.26527084e-01
 -1.65087814e-02 9.43661442e-01
 5.14916285e-02 9.61537641e-01
 -1.78300140e-02 9.80198478e-01
 6.74916495e-02 9.99690136e-01
 2.95790753e-02 1.02006252e+00
 -3.49771492e-02 1.04136965e+00
 2.49696894e-02 1.06367006e+00
 -8.34150865e-03 1.08702731e+00
 -3.98866418e-02 1.11151051e+00
 -3.32103366e-02 1.13719494e+00
 4.03716971e-02 1.16416274e+00
 -1.07877221e-03 1.19250372e+00
 -8.70338474e-04 1.22231627e+00
 4.10989545e-02 1.25370838e+00
 5.80129466e-02 1.28679886e+00
 -2.02724548e-02 1.32171872e+00
 -1.19799072e-02 1.35861275e+00
 -1.80049359e-02 1.39764137e+00
 2.58782871e-02 1.43898283e+00
 -1.03605438e-02 1.48283572e+00
 5.38638321e-02 1.52942191e+00
 1.06639555e-03 1.57899013e+00
 2.38016626e-02 1.63182008e+00
 1.23362690e-01 1.68822743e+00
 3.30958192e-02 1.74856976e+00
 6.26934764e-02 1.81325373e+00
 4.22325998e-02 1.88274379e+00
 9.51417262e-02 1.95757280e+00
 3.79120399e-02 2.03835509e+00
 -1.52599935e-02 2.12580256e+00
 1.31048010e-01 2.22074487e+00
 -1.49210989e-03 2.32415475e+00
 9.90183889e-02 2.43718018e+00
 1.70680562e-01 2.56118563e+00
 1.24316854e-01 2.69780551e+00
 1.13646987e-01 2.84901421e+00
 1.57865328e-01 3.01721921e+00
 1.51503374e-01 3.20538636e+00
 2.46969957e-01 3.41721130e+00
 1.60816406e-01 3.65735800e+00
 1.73509334e-01 3.93179700e+00
 1.75040365e-01 4.24829572e+00
 3.27771490e-01 4.61714636e+00
 3.72846286e-01 5.05227703e+00
 3.71568247e-01 5.57300248e+00
 5.24819334e-01 6.20688578e+00
 6.91616448e-01 6.99462159e+00
 7.40473090e-01 7.99880354e+00
 1.06385875e+00 9.32065029e+00
 1.62074122e+00 1.11343231e+01
 2.53124057e+00 1.37636524e+01
 4.25118897e+00 1.78699432e+01
 8.88825893e+00 2.49179356e+01
 2.48876434e+01 3.70079223e+01
 7.90100613e+01 1.15084145e+01
 3.31181320e+01 -3.99525257e+01
 1.08676455e+01 -2.77500153e+01
 4.95430979e+00 -1.97656510e+01
 2.87494246e+00 -1.51978282e+01
 1.87172433e+00 -1.23271551e+01
 1.40356290e+00 -1.03747801e+01
 9.67757567e-01 -8.96690114e+00
 6.90421096e-01 -7.90616118e+00
 6.27969716e-01 -7.07956828e+00
 5.54204867e-01 -6.41808587e+00
 3.65822528e-01 -5.87726831e+00
 3.02980260e-01 -5.42725443e+00
 2.85834570e-01 -5.04726036e+00
 2.16860583e-01 -4.72238457e+00
 1.35869445e-01 -4.44166992e+00
 1.37359685e-01 -4.19688277e+00
 2.33873702e-01 -3.98171817e+00
 1.38659886e-01 -3.79126760e+00
 1.53500940e-01 -3.62165348e+00
 3.11521677e-02 -3.46977257e+00
 -5.14065128e-03 -3.33311237e+00
 2.23006674e-02 -3.20961723e+00
 1.27681309e-01 -3.09758940e+00
 5.98475470e-02 -2.99561461e+00
 6.60735268e-02 -2.90250551e+00
 5.72792215e-02 -2.81725816e+00
 7.35428314e-02 -2.73901810e+00
 5.29481073e-02 -2.66705374e+00
 1.24418550e-01 -2.60073525e+00
 4.21793161e-02 -2.53951760e+00
 4.19930601e-02 -2.48292697e+00
 -2.20265610e-02 -2.43054966e+00
 4.19338628e-02 -2.38202300e+00
 -3.73338595e-02 -2.33702793e+00
 -5.37762838e-02 -2.29528279e+00
 -1.49525924e-02 -2.25653818e+00
 3.73997164e-02 -2.22057266e+00
 6.56119574e-02 -2.18718910e+00
 6.13238642e-02 -2.15621163e+00
 1.08761844e-01 -2.12748306e+00
 -5.40138381e-02 -2.10086263e+00
 6.74801082e-02 -2.07622410e+00
 -6.37887897e-02 -2.05345419e+00
 4.49607703e-02 -2.03245111e+00
 1.66531331e-02 -2.01312339e+00
 1.89890686e-02 -1.99538883e+00
 -1.69211707e-03 -1.97917356e+00
 6.19331113e-02 -1.96441131e+00
 -4.19460469e-02 -1.95104269e+00
 5.12277056e-02 -1.93901456e+00
 3.18511557e-02 -1.92827960e+00
 -5.11672962e-02 -1.91879579e+00
 1.34408161e-03 -1.91052601e+00
 3.76401542e-02 -1.90343777e+00
 -4.10528590e-02 -1.89750285e+00
 6.78083078e-02 -1.89269707e+00
 -1.29749812e-01 -1.88900009e+00
 7.44884853e-02 -1.88639521e+00
 8.69387920e-02 -1.88486925e+00
 3.76009730e-02 -1.88441238e+00
 -5.27984352e-02 -1.88501810e+00
 5.97319885e-03 -1.88668309e+00
 2.41825913e-02 -1.88940725e+00
 7.48821953e-03 -1.89319360e+00
 -1.59587164e-02 -1.89804837e+00
 -7.51135174e-02 -1.90398095e+00
 -2.41366334e-02 -1.91100399e+00
 4.21210809e-02 -1.91913346e+00
 3.99923890e-02 -1.92838877e+00
 -2.18027734e-02 -1.93879285e+00
 -2.89157366e-02 -1.95037236e+00
 5.41088195e-03 -1.96315784e+00
 2.07848982e-02 -1.97718396e+00
 -8.20316407e-02 -1.99248971e+00
 -1.56991077e-02 -2.00911879e+00
 -8.76120587e-02 -2.02711986e+00
 -6.35310475e-02 -2.04654698e+00
 -5.46380132e-02 -2.06746001e+00
 1.73520108e-03 -2.08992515e+00
 -6.29114441e-02 -2.11401549e+00
 -4.93980426e-02 -2.13981167e+00
 2.74965389e-02 -2.16740263e+00
 -5.69011446e-02 -2.19688645e+00
 -5.04156901e-03 -2.22837133e+00
 -8.96540407e-02 -2.26197669e+00
 -9.05370797e-02 -2.29783449e+00
 -2.89269237e-02 -2.33609064e+00
 -2.35753053e-02 -2.37690675e+00
 -1.56765992e-01 -2.42046207e+00
 -9.63493386e-02 -2.46695576e+00
 -8.50473218e-02 -2.51660958e+00
 -4.05523613e-02 -2.56967094e+00
 -9.86789718e-02 -2.62641660e+00
 -8.47337288e-02 -2.68715688e+00
 -1.32332834e-01 -2.75224081e+00
 -1.35265223e-01 -2.82206211e+00
 -1.16497362e-01 -2.89706640e+00
 -5.01419729e-02 -2.97775985e+00
 -4.01804166e-02 -3.06471965e+00
 -1.26851925e-01 -3.15860669e+00
 -1.73546419e-01 -3.26018107e+00
 -1.51218149e-01 -3.37032128e+00
 -1.13485942e-01 -3.49004787e+00
 -1.13547569e-01 -3.62055315e+00
 -2.07739839e-01 -3.76323862e+00
 -2.49857213e-01 -3.91976262e+00
 -1.87988692e-01 -4.09210157e+00
 -2.00091281e-01 -4.28262964e+00
 -2.15812670e-01 -4.49422344e+00
 -2.48114145e-01 -4.73040168e+00
 -3.06581682e-01 -4.99551369e+00
 -3.21689066e-01 -5.29499841e+00
 -3.43907721e-01 -5.63574604e+00
 -5.36652660e-01 -6.02661288e+00
 -4.54537174e-01 -6.47917038e+00
 -5.80687606e-01 -7.00882120e+00
 -6.98688481e-01 -7.63650804e+00
 -9.15371315e-01 -8.39141180e+00
 -1.12814564e+00 -9.31536307e+00
 -1.40506937e+00 -1.04703455e+01
 -1.77266055e+00 -1.19518329e+01
 -2.48373793e+00 -1.39136324e+01
 -3.66577453e+00 -1.66161083e+01
 -5.87045306e+00 -2.05197321e+01
 -1.02952668e+01 -2.64213926e+01
 -2.20299717e+01 -3.49490402e+01
 -5.52380921e+01 -3.49021933e+01
 -6.97122928e+01 2.24984465e+01
 -2.94117289e+01 3.73375402e+01
 -1.29347455e+01 2.87306187e+01
 -6.95341983e+00 2.20105683e+01
 -4.29712951e+00 1.75881480e+01
 -2.92504531e+00 1.45730016e+01
 -2.08293463e+00 1.24144959e+01
 -1.59962439e+00 1.08029110e+01
 -1.25742202e+00 9.55797794e+00
 -9.83504614e-01 8.56945548e+00
 -8.12192377e-01 7.76671445e+00
 -5.74754311e-01 7.10263012e+00
 -5.67163773e-01 6.54464792e+00
 -4.72675476e-01 6.06959922e+00
 -3.29077732e-01 5.66056753e+00
 -3.29915056e-01 5.30492422e+00
 -3.73230581e-01 4.99305727e+00
 -2.71800606e-01 4.71752512e+00
 -2.92410866e-01 4.47247902e+00
 -2.38910956e-01 4.25326008e+00
 -1.83810176e-01 4.05611228e+00
 -2.25315500e-01 3.87797459e+00
 -1.27463299e-01 3.71632781e+00
 -1.92463641e-01 3.56908019e+00
 -1.00053932e-01 3.43448074e+00
 -1.06264377e-01 3.31105279e+00
 -1.38356416e-01 3.19754254e+00
 -1.05409206e-01 3.09287868e+00
 -3.57463214e-02 2.99614056e+00
 4.54036848e-03 2.90653275e+00
 -5.63386709e-02 2.82336455e+00
 3.44141679e-02 2.74603349e+00
 -8.77670578e-02 2.67401178e+00
 -1.18697016e-01 2.60683521e+00
 -2.54549771e-02 2.54409396e+00
 -2.12441438e-02 2.48542504e+00
 -1.01541628e-01 2.43050583e+00
 -1.18657932e-01 2.37904879e+00
 -5.17874830e-02 2.33079691e+00
 -4.73441321e-02 2.28551992e+00
 -8.75735745e-02 2.24301096e+00
 3.64616920e-02 2.20308387e+00
 -3.17481329e-02 2.16557073e+00
 -9.16388679e-02 2.13031984e+00
 -1.25563925e-01 2.09719394e+00
 -2.06273985e-02 2.06606865e+00
 -1.88500391e-02 2.03683115e+00
 -5.27270629e-02 2.00937899e+00
 -2.23569153e-03 1.98361910e+00
 -1.16867540e-01 1.95946685e+00
 8.67026483e-04 1.93684535e+00
 -4.26739842e-02 1.91568467e+00
 -8.51956507e-03 1.89592130e+00
 1.16730026e-02 1.87749761e+00
 2.42592362e-03 1.86036138e+00
 -2.52047540e-02 1.84446536e+00
 3.45752288e-02 1.82976695e+00
 1.06333240e-02 1.81622790e+00
 -7.96167558e-02 1.80381396e+00
 -3.67008070e-03 1.79249472e+00
 8.90791825e-02 1.78224337e+00
 2.47274219e-02 1.77303650e+00
 -6.98451958e-02 1.76485400e+00
 -5.47651321e-02 1.75767891e+00
 -4.39767019e-02 1.75149729e+00
 5.39502529e-02 1.74629823e+00
 5.56618661e-02 1.74207368e+00
 -1.23838972e-02 1.73881852e+00
 -1.13760485e-01 1.73653048e+00
 -3.04337362e-02 1.73521018e+00
 -6.76724447e-02 1.73486117e+00
 -1.19916930e-02 1.73548994e+00
 -1.33550753e-02 1.73710604e+00
 -9.52742214e-02 1.73972214e+00
 3.13627713e-02 1.74335420e+00
 -6.17582799e-02 1.74802159e+00
 -3.42338112e-02 1.75374730e+00
 -9.92165655e-03 1.76055811e+00
 5.91164432e-02 1.76848491e+00
 5.90351417e-02 1.77756295e+00
 -1.13085684e-02 1.78783222e+00
 8.41956006e-03 1.79933779e+00
 1.08298616e-01 1.81213033e+00
 9.74897921e-02 1.82626662e+00
 -4.55089598e-03 1.84181011e+00
 1.36601482e-02 1.85883170e+00
 -3.11989094e-02 1.87741047e+00
 1.10980576e-01 1.89763467e+00
 3.21933929e-03 1.91960276e+00
 3.33833510e-02 1.94342468e+00
 2.41115005e-02 1.96922331e+00
 -2.64927006e-02 1.99713615e+00
 5.39862320e-02 2.02731736e+00
 -6.33115874e-04 2.05994004e+00
 1.14886131e-01 2.09519903e+00
 2.14891880e-02 2.13331419e+00
 -4.98981781e-02 2.17453431e+00
 1.06757251e-01 2.21914175e+00
 9.25416362e-03 2.26745807e+00
 1.21534491e-01 2.31985087e+00
 3.39338408e-02 2.37674201e+00
 5.47797649e-02 2.43861779e+00
 5.28588946e-02 2.50604145e+00
 1.09298179e-02 2.57966871e+00
 4.84499927e-02 2.66026729e+00
 1.09996626e-01 2.74874150e+00
 1.66280018e-01 2.84616367e+00
 1.94359998e-01 2.95381461e+00
 8.06754231e-02 3.07323636e+00
 1.89699249e-01 3.20630165e+00
 1.79331000e-01 3.35530671e+00
 2.82479559e-01 3.52309695e+00
 2.78481282e-01 3.71323985e+00
 3.02181424e-01 3.93026689e+00
 4.08814912e-01 4.18001850e+00
 3.69599395e-01 4.47014643e+00
 5.00250366e-01 4.81086247e+00
 5.32156122e-01 5.21608315e+00
 7.03665059e-01 5.70523022e+00
 8.46225015e-01 6.30615003e+00
 1.22777478e+00 7.05999799e+00
 1.50435581e+00 8.02964379e+00
 2.07418222e+00 9.31429796e+00
 3.17688952e+00 1.10735308e+01
 5.18266204e+00 1.35512428e+01
 9.27634717e+00 1.69521206e+01
 1.93298920e+01 1.97483465e+01
 3.68296113e+01 8.51191085e+00
 2.93592271e+01 -1.59794091e+01
 1.38908136e+01 -1.80723998e+01
 7.05603374e+00 -1.44928343e+01
 4.09063316e+00 -1.15059856e+01
 2.68785518e+00 -9.38316474e+00
 1.86448910e+00 -7.85905879e+00
 1.36092759e+00 -6.72885870e+00
 1.03958561e+00 -5.86357673e+00
 8.63284261e-01 -5.18255064e+00
 7.63934025e-01 -4.63393101e+00
 5.28023534e-01 -4.18326004e+00
 4.72045370e-01 -3.80689421e+00
 3.83573766e-01 -3.48813568e+00
 3.14995783e-01 -3.21488710e+00
 2.14440458e-01 -2.97818494e+00
 2.42945640e-01 -2.77125478e+00
 2.39014966e-01 -2.58888623e+00
 1.63947081e-01 -2.42700890e+00
 2.13205504e-01 -2.28239847e+00
 1.70861964e-01 -2.15246877e+00
 2.28049626e-01 -2.03512201e+00
 7.79538048e-02 -1.92863913e+00
 6.02342820e-02 -1.83159831e+00
 1.22519542e-01 -1.74281356e+00
 1.69623934e-01 -1.66128795e+00
 3.85635565e-02 -1.58617744e+00
 1.02493144e-01 -1.51676271e+00
 7.41267729e-02 -1.45242701e+00
 6.25702270e-02 -1.39263850e+00
 8.62688483e-02 -1.33693616e+00
 1.00989209e-01 -1.28491839e+00
 2.31070138e-03 -1.23623371e+00
 4.42187229e-02 -1.19057320e+00
 7.42645678e-02 -1.14766423e+00
 6.31681932e-02 -1.10726525e+00
 1.10015931e-01 -1.06916151e+00
 -7.36796312e-03 -1.03316140e+00
 8.07270801e-02 -9.99093395e-01
 2.96572306e-02 -9.66803487e-01
 -3.07239445e-03 -9.36152969e-01
 1.47910650e-02 -9.07016563e-01
 1.57314294e-02 -8.79280810e-01
 2.47744260e-03 -8.52842681e-01
 5.40848396e-02 -8.27608380e-01
 1.25257969e-01 -8.03492304e-01
 6.11114927e-02 -7.80416136e-01
 -5.05562012e-02 -7.58308060e-01
 2.35407498e-02 -7.37102064e-01
 3.50773113e-02 -7.16737335e-01
 -5.57068125e-03 -6.97157720e-01
 -1.11775954e-01 -6.78311251e-01
 3.30327029e-02 -6.60149729e-01
 -2.78785166e-03 -6.42628345e-01
 4.92158346e-02 -6.25705344e-01
 1.22589080e-01 -6.09341733e-01
 8.23340565e-02 -5.93501005e-01
 -6.41511702e-03 -5.78148899e-01
 -8.22899919e-02 -5.63253181e-01
 9.87769495e-03 -5.48783447e-01
 -1.30136510e-02 -5.34710935e-01
 5.70734749e-02 -5.21008369e-01
 5.56591491e-02 -5.07649795e-01
 6.38444652e-02 -4.94610451e-01
 6.94174241e-02 -4.81866625e-01
 -3.70460490e-02 -4.69395542e-01
 -2.12818063e-02 -4.57175242e-01
 -3.18200766e-02 -4.45184475e-01
 -2.00045725e-02 -4.33402594e-01
 3.22301274e-02 -4.21809456e-01
 6.88089102e-02 -4.10385322e-01
 -3.96732566e-02 -3.99110766e-01
 6.60796584e-02 -3.87966576e-01
 8.09779059e-02 -3.76933660e-01
 -6.82172498e-02 -3.65992951e-01
 4.71300779e-02 -3.55125308e-01
 1.06110350e-02 -3.44311418e-01
 8.43917975e-02 -3.33531685e-01
 -1.40730750e-01 -3.22766123e-01
 4.54937853e-02 -3.11994235e-01
 -2.36132431e-02 -3.01194889e-01
 -1.26235718e-01 -2.90346176e-01
 2.63786628e-02 -2.79425265e-01
 5.24355233e-03 -2.68408231e-01
 -4.00173488e-03 -2.57269880e-01
 1.16875055e-02 -2.45983535e-01
 1.53590387e-02 -2.34520816e-01
 5.01445321e-02 -2.22851375e-01
 1.94403694e-02 -2.10942604e-01
 -8.84394396e-02 -1.98759299e-01
 -1.49121854e-02 -1.86263277e-01
 8.84350758e-02 -1.73412931e-01
 4.30010449e-02 -1.60162717e-01
 9.45724040e-03 -1.46462554e-01
 -6.54456367e-02 -1.32257124e-01
 2.19169137e-02 -1.17485050e-01
 -5.07545295e-02 -1.02077921e-01
 4.10183557e-02 -8.59591323e-02
 1.13466203e-01 -6.90425027e-02
 -1.13566991e-02 -5.12306101e-02
 3.62302051e-02 -3.24127779e-02
 9.37809424e-02 -1.24626238e-02
 3.37017385e-03 8.76494508e-03
 4.16708466e-02 3.14374409e-02
 2.98254362e-02 5.57494097e-02
 1.32985797e-02 8.19282187e-02
 2.58871497e-02 1.10241379e-01
 4.27698497e-02 1.41005898e-01
 2.20511014e-02 1.74600345e-01
 5.27619950e-02 2.11480589e-01
 5.49391353e-02 2.52200576e-01
 -3.41764022e-02 2.97440104e-01
 7.88664867e-02 3.48042482e-01
 3.94002351e-02 4.05066390e-01
 -2.20335090e-02 4.69858473e-01
 8.53620257e-02 5.44156851e-01
 1.03730547e-01 6.30241661e-01
 1.40466672e-01 7.31158783e-01
 1.67140654e-01 8.51060026e-01
 2.44678379e-01 9.95732774e-01
 2.87073201e-01 1.17344321e+00
 4.06456077e-01 1.39629992e+00
 5.28084957e-01 1.68244448e+00
 7.40559225e-01 2.05928356e+00
 1.15522255e+00 2.56622336e+00
 1.83736089e+00 3.24218038e+00
 3.43248100e+00 3.99150290e+00
 6.68746260e+00 3.70504583e+00
 9.28783618e+00 -8.87625101e-01
 6.18798556e+00 -4.92392836e+00
 3.22129490e+00 -4.94283497e+00
 1.73420544e+00 -4.18546648e+00
 1.08460267e+00 -3.53329739e+00
 7.30618407e-01 -3.04658317e+00
 4.48360073e-01 -2.68435615e+00
 3.83682871e-01 -2.40883821e+00
 2.53567316e-01 -2.19404718e+00
 2.59574449e-01 -2.02278103e+00
 2.60169970e-01 -1.88352604e+00
 1.50264151e-01 -1.76839603e+00
 1.81053419e-01 -1.67185205e+00
 1.23780532e-01 -1.58990910e+00
 9.06391163e-02 -1.51963639e+00
 1.52370434e-01 -1.45883528e+00
 9.91216326e-02 -1.40582685e+00
 -2.13147596e-02 -1.35930853e+00
 7.34994415e-02 -1.31825529e+00
 4.13261562e-02 -1.28185010e+00
 8.06047817e-02 -1.24943422e+00
 9.64712828e-02 -1.22047102e+00
 9.52139765e-02 -1.19451918e+00
 4.37323322e-03 -1.17121268e+00
 -2.58464161e-02 -1.15024563e+00
 -1.65707963e-02 -1.13136056e+00
 4.52407252e-02 -1.11433938e+00
 4.26561119e-02 -1.09899628e+00
 4.28341736e-02 -1.08517215e+00
 -2.13445015e-02 -1.07273008e+00
 -4.66955593e-03 -1.06155175e+00
 -2.43100557e-02 -1.05153455e+00
 -5.80543600e-02 -1.04258918e+00
 5.39002560e-02 -1.03463771e+00
 -4.12848282e-02 -1.02761197e+00
 2.96533242e-02 -1.02145222e+00
 3.97862736e-02 -1.01610603e+00
 -5.60961943e-02 -1.01152734e+00
 1.04296380e-01 -1.00767569e+00
 8.36363695e-02 -1.00451557e+00
 -7.94525216e-02 -1.00201580e+00
 -2.04918554e-02 -1.00014914e+00
 2.43886476e-02 -9.98891798e-01
 -4.53285755e-02 -9.98223147e-01
 -4.49072801e-03 -9.98125394e-01
 -1.68894331e-02 -9.98583342e-01
 -3.57370562e-02 -9.99584167e-01
 7.02511318e-02 -1.00111724e+00
 -5.34166396e-03 -1.00317397e+00
 5.87076320e-02 -1.00574765e+00
 2.22918426e-02 -1.00883341e+00
 6.09495013e-02 -1.01242803e+00
 -3.33044764e-02 -1.01652994e+00
 -4.98873856e-02 -1.02113915e+00
 -5.52154030e-02 -1.02625717e+00
 6.04967987e-02 -1.03188700e+00
 -8.40858538e-03 -1.03803311e+00
 8.68007502e-03 -1.04470143e+00
 1.41297095e-01 -1.05189935e+00
 -4.93521772e-02 -1.05963574e+00
 -9.81102150e-03 -1.06792094e+00
 -6.58897705e-02 -1.07676684e+00
 3.16980670e-02 -1.08618689e+00
 5.99156957e-03 -1.09619618e+00
 -7.85436727e-02 -1.10681148e+00
 -1.32784323e-01 -1.11805135e+00
 -3.14251382e-02 -1.12993618e+00
 -8.95132957e-02 -1.14248837e+00
 -6.49685678e-02 -1.15573238e+00
 -6.16377908e-02 -1.16969492e+00
 4.94655636e-04 -1.18440505e+00
 -4.71619016e-02 -1.19989440e+00
 -3.17924360e-02 -1.21619734e+00
 -3.20910471e-02 -1.23335122e+00
 -5.45860690e-02 -1.25139659e+00
 -4.07759528e-02 -1.27037747e+00
 -3.59057418e-02 -1.29034172e+00
 -3.53320486e-02 -1.31134132e+00
 -4.66849431e-02 -1.33343280e+00
 -9.12780669e-02 -1.35667766e+00
 -4.78217830e-02 -1.38114290e+00
 -1.12835892e-01 -1.40690156e+00
 9.13459584e-02 -1.43403336e+00
 -5.41905048e-02 -1.46262546e+00
 -9.85997575e-02 -1.49277322e+00
 -6.49533175e-02 -1.52458123e+00
 -6.98887847e-02 -1.55816431e+00
 -1.14974000e-02 -1.59364880e+00
 -1.47526909e-01 -1.63117398e+00
 -1.40068591e-01 -1.67089366e+00
 -6.16913611e-02 -1.71297817e+00
 -9.81879009e-02 -1.75761649e+00
 -1.88016684e-02 -1.80501890e+00
 -9.24982272e-02 -1.85541995e+00
 -1.36590361e-01 -1.90908204e+00
 -7.27571178e-02 -1.96629960e+00
 -1.64142944e-01 -2.02740410e+00
 -1.51984744e-01 -2.09276995e+00
 -1.18379276e-01 -2.16282163e+00
 -1.54961377e-01 -2.23804227e+00
 -2.00849377e-01 -2.31898407e+00
 -2.10979648e-01 -2.40628090e+00
 -2.03312051e-01 -2.50066397e+00
 -1.37463456e-01 -2.60298101e+00
 -1.89417279e-01 -2.71422028e+00
 -2.37163883e-01 -2.83554072e+00
 -2.20072886e-01 -2.96831007e+00
 -2.67390840e-01 -3.11415376e+00
 -3.36986356e-01 -3.27501794e+00
 -3.87505133e-01 -3.45325182e+00
 -3.82671943e-01 -3.65171649e+00
 -4.15607496e-01 -3.87393056e+00
 -4.30263870e-01 -4.12426758e+00
 -5.75320505e-01 -4.40822799e+00
 -5.71634725e-01 -4.73281954e+00
 -7.04509312e-01 -5.10709859e+00
 -8.00323711e-01 -5.54295483e+00
 -9.52078906e-01 -6.05627020e+00
 -1.16026509e+00 -6.66866277e+00
 -1.44807062e+00 -7.41015306e+00
 -1.89853937e+00 -8.32327293e+00
 -2.35513006e+00 -9.46930000e+00
 -3.33200845e+00 -1.09368969e+01
 -4.64037440e+00 -1.28494485e+01
 -7.19882168e+00 -1.53435088e+01
 -1.17445556e+01 -1.83553072e+01
 -2.10486807e+01 -2.03255374e+01
 -3.60725551e+01 -1.32741722e+01
 -3.91164229e+01 9.14809798e+00
 -2.43312653e+01 2.04873035e+01
 -1.35335020e+01 1.96041028e+01
 -7.95852458e+00 1.65933570e+01
 -5.18223529e+00 1.39557885e+01
 -3.59868903e+00 1.19178902e+01
 -2.64104588e+00 1.03579254e+01
 -2.00693285e+00 9.14548046e+00
 -1.53611378e+00 8.18420716e+00
 -1.28131569e+00 7.40723528e+00
 -1.03308041e+00 6.76825698e+00
 -8.04863562e-01 6.23472490e+00
 -7.25288904e-01 5.78331134e+00
 -5.81503096e-01 5.39695718e+00
 -5.41094050e-01 5.06294651e+00
 -5.09610523e-01 4.77163210e+00
 -4.03719969e-01 4.51557612e+00
 -3.18015331e-01 4.28895991e+00
 -3.01097937e-01 4.08717094e+00
 -3.20904391e-01 3.90650877e+00
 -2.68982653e-01 3.74397221e+00
 -2.33434140e-01 3.59710297e+00
 -1.97152041e-01 3.46386917e+00
 -1.48715910e-01 3.34257747e+00
 -2.85503797e-01 3.23180589e+00
 -1.64455083e-01 3.13035198e+00
 -1.65111401e-01 3.03719242e+00
 -1.69955540e-01 2.95145111e+00
 -1.25579553e-01 2.87237393e+00
 -1.00452814e-01 2.79930842e+00
 -4.82564878e-02 2.73168744e+00
 -8.11842593e-02 2.66901590e+00
 -1.30673898e-01 2.61085981e+00
 -1.69106246e-01 2.55683738e+00
 -3.95044364e-02 2.50661154e+00
 -3.47160508e-02 2.45988381e+00
 -9.09151198e-02 2.41638907e+00
 -8.91121012e-02 2.37589121e+00
 -4.95471308e-02 2.33817948e+00
 -5.50523071e-02 2.30306533e+00
 -4.00969625e-02 2.27037976e+00
 3.80863401e-02 2.23997104e+00
 -1.33429160e-02 2.21170274e+00
 -5.27387460e-02 2.18545206e+00
 -3.82181968e-02 2.16110839e+00
 -8.08674875e-03 2.13857200e+00
 -8.46035123e-02 2.11775302e+00
 -3.49614038e-02 2.09857040e+00
 -5.50146775e-02 2.08095116e+00
 -8.93389488e-02 2.06482965e+00
 -2.04282998e-03 2.05014688e+00
 -3.60926974e-02 2.03685000e+00
 6.35366274e-02 2.02489184e+00
 -2.44279858e-02 2.01423046e+00
 1.78836182e-02 2.00482877e+00
 3.12505765e-03 1.99665426e+00
 2.30944654e-02 1.98967873e+00
 -1.18793033e-02 1.98387798e+00
 1.55718020e-03 1.97923172e+00
 -4.00018568e-02 1.97572331e+00
 -3.16969837e-02 1.97333970e+00
 3.03243924e-02 1.97207128e+00
 -2.40858452e-02 1.97191180e+00
 1.88073550e-02 1.97285833e+00
 -1.82107826e-02 1.97491124e+00
 -3.48957751e-04 1.97807418e+00
 -4.10504140e-02 1.98235407e+00
 1.92667962e-02 1.98776122e+00
 4.21659005e-03 1.99430930e+00
 2.30613817e-03 2.00201551e+00
 -2.35071577e-02 2.01090067e+00
 -7.82456482e-03 2.02098935e+00
 8.55892079e-02 2.03231009e+00
 2.34854299e-02 2.04489557e+00
 8.60522061e-02 2.05878289e+00
 9.26028138e-03 2.07401381e+00
 3.92062276e-02 2.09063515e+00
 4.07189904e-02 2.10869910e+00
 -3.33850035e-02 2.12826370e+00
 -3.74766284e-02 2.14939331e+00
 4.96624470e-02 2.17215919e+00
 -2.65977726e-03 2.19664013e+00
 -3.57650354e-02 2.22292321e+00
 1.35656304e-01 2.25110461e+00
 -7.47161046e-03 2.28129061e+00
 3.04129296e-02 2.31359866e+00
 4.04636714e-02 2.34815867e+00
 4.71100407e-02 2.38511446e+00
 1.49272920e-01 2.42462544e+00
 1.34852132e-02 2.46686856e+00
 6.75112306e-02 2.51204056e+00
 -5.88507781e-03 2.56036064e+00
 1.34315030e-01 2.61207346e+00
 1.48418724e-01 2.66745281e+00
 8.69137659e-02 2.72680583e+00
 1.44842668e-01 2.79047800e+00
 8.35524326e-02 2.85885916e+00
 1.27378491e-01 2.93239058e+00
 1.63232499e-01 3.01157351e+00
 1.29584245e-01 3.09697948e+00
 1.43713647e-01 3.18926281e+00
 1.96128325e-01 3.28917589e+00
 2.45700026e-01 3.39758790e+00
 3.10272859e-01 3.51550806e+00
 1.97178652e-01 3.64411462e+00
 2.42416744e-01 3.78479125e+00
 4.02725503e-01 3.93917324e+00
 3.11383164e-01 4.10920663e+00
 3.94688009e-01 4.29722465e+00
 3.27868849e-01 4.50604759e+00
 4.19007063e-01 4.73911479e+00
 4.96181021e-01 5.00066132e+00
 5.43321525e-01 5.29595753e+00
 6.21976672e-01 5.63163840e+00
 8.68194565e-01 6.01616353e+00
 8.67912181e-01 6.46046913e+00
 1.05305514e+00 6.97890746e+00
 1.30582581e+00 7.59062020e+00
 1.66172781e+00 8.32157034e+00
 2.03806700e+00 9.20755795e+00
 2.53769423e+00 1.02986138e+01
 3.31120808e+00 1.16648835e+01
 4.43294416e+00 1.34020096e+01
 6.50311054e+00 1.56232275e+01
 9.87532880e+00 1.83728616e+01
 1.64437616e+01 2.11426167e+01
 2.83264130e+01 2.07071881e+01
 4.17476315e+01 7.57154184e+00
 3.79105284e+01 -1.39683910e+01
 2.34023836e+01 -2.13745350e+01
 1.37164808e+01 -1.99452177e+01
 8.58848536e+00 -1.70474867e+01
 5.62588182e+00 -1.44836762e+01
 4.00718665e+00 -1.24519240e+01
 3.03466105e+00 -1.08623771e+01
 2.25638664e+00 -9.60552576e+00
 1.79999501e+00 -8.59549974e+00
 1.49028255e+00 -7.77027851e+00
 1.23062647e+00 -7.08563928e+00
 1.01678008e+00 -6.50979495e+00
 8.60079223e-01 -6.01955407e+00
 7.09960408e-01 -5.59771077e+00
 6.56093686e-01 -5.23128589e+00
 6.70924130e-01 -4.91033329e+00
 4.81153260e-01 -4.62711896e+00
 4.73292386e-01 -4.37554787e+00
 4.12529976e-01 -4.15075732e+00
 3.76141150e-01 -3.94882407e+00
 3.22886708e-01 -3.76655027e+00
 2.92496725e-01 -3.60130473e+00
 2.73561440e-01 -3.45090382e+00
 3.00241175e-01 -3.31352096e+00
 2.26013805e-01 -3.18761707e+00
 2.00272479e-01 -3.07188652e+00
 5.28160998e-02 -2.96521489e+00
 2.22543897e-01 -2.86664538e+00
 8.01407719e-02 -2.77535218e+00
 1.84708383e-01 -2.69061893e+00
 1.12404250e-01 -2.61182134e+00
 9.73348323e-02 -2.53841301e+00
 1.03296557e-01 -2.46991377e+00
 4.83274798e-02 -2.40590005e+00
 1.45603161e-01 -2.34599689e+00
 1.46680515e-01 -2.28987128e+00
 2.39496676e-02 -2.23722655e+00
 1.66312907e-01 -2.18779764e+00
 1.15980571e-01 -2.14134709e+00
 1.57967865e-01 -2.09766167e+00
 2.91929565e-02 -2.05654942e+00
 2.67351359e-02 -2.01783719e+00
 1.19063043e-01 -1.98136846e+00
 -2.89169940e-02 -1.94700155e+00
 4.76340169e-02 -1.91460792e+00
 1.21245657e-01 -1.88407087e+00
 1.24418873e-01 -1.85528426e+00
 8.68141555e-02 -1.82815145e+00
 3.07938226e-02 -1.80258442e+00
 7.53767568e-02 -1.77850292e+00
 7.86919251e-02 -1.75583373e+00
 1.44239321e-02 -1.73451009e+00
 -1.19768919e-02 -1.71447109e+00
 8.69618486e-02 -1.69566121e+00
 6.85839553e-02 -1.67802986e+00
 1.17846285e-01 -1.66153106e+00
 -6.70613601e-03 -1.64612301e+00
 1.01209547e-01 -1.63176787e+00
 7.91557334e-02 -1.61843147e+00
 1.57075016e-01 -1.60608309e+00
 2.46740509e-02 -1.59469525e+00
 -8.95075640e-03 -1.58424354e+00
 1.05507055e-01 -1.57470649e+00
 -3.55715182e-02 -1.56606540e+00
 6.85596288e-02 -1.55830431e+00
 1.75887338e-02 -1.55140984e+00
 7.74471743e-02 -1.54537117e+00
 1.06804866e-02 -1.54017999e+00
 -5.69236527e-03 -1.53583044e+00
 -1.47692227e-01 -1.53231915e+00
 -9.15593069e-02 -1.52964521e+00
 -1.20317185e-02 -1.52781021e+00
 1.19163624e-01 -1.52681827e+00
 9.23848810e-02 -1.52667613e+00
 -3.71595074e-03 -1.52739322e+00
 1.66600704e-02 -1.52898178e+00
 6.87011804e-02 -1.53145697e+00
 -1.02904067e-01 -1.53483705e+00
 -1.29685419e-02 -1.53914355e+00
 2.36737589e-02 -1.54440154e+00
 8.86494900e-03 -1.55063982e+00
 -1.11188194e-03 -1.55789127e+00
 -7.78126633e-02 -1.56619317e+00
 -2.73860128e-02 -1.57558761e+00
 -8.37084855e-04 -1.58612198e+00
 1.74580991e-02 -1.59784945e+00
 -1.02347626e-01 -1.61082963e+00
 -4.82545465e-02 -1.62512927e+00
 -4.10105076e-02 -1.64082310e+00
 -9.06417078e-03 -1.65799476e+00
 -8.27572136e-03 -1.67673796e+00
 1.74912119e-02 -1.69715774e+00
 -1.91624285e-02 -1.71937206e+00
 -6.14162681e-02 -1.74351351e+00
 3.37455651e-02 -1.76973153e+00
 -5.41288380e-02 -1.79819483e+00
 -6.75739562e-02 -1.82909444e+00
 -1.70637138e-01 -1.86264724e+00
 -5.69287009e-02 -1.89910026e+00
 -7.51069451e-02 -1.93873587e+00
 -1.38330585e-01 -1.98187806e+00
 -1.08150955e-01 -2.02890012e+00
 -1.61460119e-01 -2.08023413e+00
 -6.35315736e-02 -2.13638265e+00
 -1.34269590e-01 -2.19793338e+00
 -1.06005465e-01 -2.26557757e+00
 -1.66733873e-01 -2.34013337e+00
 -1.94514048e-01 -2.42257579e+00
 -1.59258951e-01 -2.51407539e+00
 -2.03674838e-01 -2.61604889e+00
 -3.04169554e-01 -2.73022602e+00
 -3.26372481e-01 -2.85873897e+00
 -3.39569669e-01 -3.00424348e+00
 -3.98806827e-01 -3.17008506e+00
 -4.74306553e-01 -3.36053014e+00
 -5.09531898e-01 -3.58109199e+00
 -6.07144938e-01 -3.83899569e+00
 -7.39741354e-01 -4.14384771e+00
 -8.81966838e-01 -4.50860076e+00
 -1.09950270e+00 -4.95091878e+00
 -1.49019693e+00 -5.49497307e+00
 -1.74869362e+00 -6.17322586e+00
 -2.50431326e+00 -7.02558350e+00
 -3.72094033e+00 -8.08390832e+00
 -5.77855408e+00 -9.28918934e+00
 -9.38095002e+00 -1.01241991e+01
 -1.52319853e+01 -8.42915380e+00
 -1.92249230e+01 -8.12178231e-01
 -1.54863094e+01 7.15868086e+00
 -9.60769983e+00 9.17573356e+00
 -5.81806394e+00 8.42094093e+00
 -3.84058917e+00 7.21890834e+00
 -2.59046870e+00 6.14886985e+00
 -1.86135889e+00 5.28420195e+00
 -1.41100007e+00 4.59560014e+00
 -1.11232975e+00 4.04314374e+00
 -8.67379726e-01 3.59391672e+00
 -7.21198433e-01 3.22331865e+00
 -6.41765054e-01 2.91335649e+00
 -4.44377308e-01 2.65083838e+00
 -4.60610445e-01 2.42598590e+00
 -2.85605420e-01 2.23144969e+00
 -3.28532306e-01 2.06162550e+00
 -2.90477995e-01 1.91217923e+00
 -2.31594997e-01 1.77971420e+00
 -2.31959129e-01 1.66153522e+00
 -2.80320984e-01 1.55547917e+00
 -2.35438170e-01 1.45979151e+00
 -1.96103656e-01 1.37303529e+00
 -7.68887672e-02 1.29402308e+00
 -1.28398291e-01 1.22176551e+00
 -7.71906724e-02 1.15543193e+00
 -6.26262106e-02 1.09432000e+00
 -3.02290991e-02 1.03783200e+00
 -6.83403138e-02 9.85456077e-01
 -4.16338302e-02 9.36751432e-01
 -5.42188778e-02 8.91336432e-01
 -1.70366221e-01 8.48879001e-01
 -7.28855601e-02 8.09088825e-01
 -8.22176774e-02 7.71710972e-01
 -9.73806882e-02 7.36520635e-01
 -3.53692258e-02 7.03318782e-01
 -1.96781499e-02 6.71928528e-01
 -1.25920061e-01 6.42192104e-01
 2.50744304e-02 6.13968299e-01
 -8.51753255e-02 5.87130300e-01
 -5.31919975e-02 5.61563854e-01
 1.35366206e-02 5.37165706e-01
 5.55082863e-02 5.13842253e-01
 -1.06819936e-01 4.91508391e-01
 3.27152132e-02 4.70086514e-01
 -4.13833181e-02 4.49505654e-01
 -4.51141404e-02 4.29700721e-01
 -1.26858866e-01 4.10611854e-01
 5.73875687e-02 3.92183835e-01
 -6.48117786e-02 3.74365590e-01
 7.74852044e-02 3.57109736e-01
 -4.89467804e-02 3.40372184e-01
 7.49392248e-03 3.24111791e-01
 -1.14477867e-02 3.08290037e-01
 -4.46987133e-02 2.92870751e-01
 -2.64198757e-02 2.77819849e-01
 -1.14528705e-02 2.63105109e-01
 -1.58156004e-02 2.48695961e-01
 2.93134292e-02 2.34563297e-01
 -1.62515728e-01 2.20679292e-01
 6.24009333e-02 2.07017249e-01
 1.14418059e-01 1.93551443e-01
 1.39096636e-02 1.80256986e-01
 -1.84323690e-02 1.67109689e-01
 -1.69030844e-02 1.54085940e-01
 -8.09172762e-02 1.41162585e-01
 2.04034747e-02 1.28316806e-01
 -3.16325184e-02 1.15526012e-01
 -9.18218167e-02 1.02767725e-01
 7.26570477e-02 9.00194691e-02
 2.11937039e-02 7.72586585e-02
 8.86861605e-03 6.44624819e-02
 1.84575537e-02 5.16077867e-02
 -5.73136391e-02 3.86709572e-02
 -5.80302804e-02 2.56277878e-02
 4.35806338e-02 1.24533486e-02
 2.07333905e-02 -8.78156973e-04
 -4.04746626e-02 -1.43935454e-02
 -2.19913919e-02 -2.81208188e-02
 -2.01643590e-02 -4.20893445e-02
 -5.57878805e-02 -5.63300529e-02
 -1.05133638e-01 -7.08756543e-02
 7.83170433e-02 -8.57608797e-02
 -2.36760332e-02 -1.01022749e-01
 -6.01563303e-04 -1.16700869e-01
 -2.40649875e-02 -1.32837775e-01
 -2.21634686e-02 -1.49479302e-01
 -5.02001292e-02 -1.66675028e-01
 -2.84557957e-02 -1.84478751e-01
 -4.88868038e-02 -2.02949059e-01
 -3.20102539e-02 -2.22149971e-01
 -8.38285114e-02 -2.42151674e-01
 -2.21736383e-02 -2.63031384e-01
 -1.15374337e-01 -2.84874338e-01
 9.74822249e-03 -3.07774960e-01
 -1.41793225e-01 -3.31838213e-01
 -5.65543742e-02 -3.57181209e-01
 5.34668819e-03 -3.83935093e-01
 -5.25820555e-02 -4.12247297e-01
 -5.71824584e-02 -4.42284225e-01
 -7.96697934e-02 -4.74234478e-01
 -5.76960387e-02 -5.08312746e-01
 -1.38900906e-01 -5.44764543e-01
 -1.13941117e-01 -5.83871986e-01
 -1.43327881e-01 -6.25960916e-01
 -8.38332124e-02 -6.71409716e-01
 -9.26606770e-02 -7.20660327e-01
 -1.48384691e-01 -7.74232114e-01
 -1.72424885e-01 -8.32739463e-01
 -1.78720918e-01 -8.96914332e-01
 -1.63709126e-01 -9.67635404e-01
 -7.81807871e-02 -1.04596619e+00
 -1.81687832e-01 -1.13320535e+00
 -2.59012170e-01 -1.23095386e+00
 -2.62464389e-01 -1.34120587e+00
 -2.59298871e-01 -1.46647289e+00
 -4.09894842e-01 -1.60995555e+00
 -3.93986178e-01 -1.77578373e+00
 -6.21295716e-01 -1.96935455e+00
 -4.26268829e-01 -2.19780806e+00
 -7.76716953e-01 -2.47068559e+00
 -9.15968887e-01 -2.80078836e+00
 -1.22486892e+00 -3.20509047e+00
 -1.50730166e+00 -3.70487203e+00
 -2.10646149e+00 -4.32153270e+00
 -3.14318388e+00 -5.05389062e+00
 -4.80630449e+00 -5.78136605e+00
 -7.57840982e+00 -5.90821791e+00
 -1.14910212e+01 -3.65173332e+00
 -1.28794487e+01 1.97540147e+00
 -9.49285855e+00 6.18549011e+00
 -6.08985268e+00 6.97898587e+00
 -3.81955703e+00 6.43080907e+00
 -2.51531736e+00 5.67293157e+00
 -1.76961524e+00 4.99589016e+00
 -1.26162507e+00 4.44067396e+00
 -9.64356452e-01 3.99238283e+00
 -8.22777372e-01 3.62869259e+00
 -5.67359516e-01 3.33039344e+00
 -5.38850396e-01 3.08269770e+00
 -5.05918465e-01 2.87454518e+00
 -4.18176498e-01 2.69768326e+00
 -3.26007250e-01 2.54590757e+00
 -3.38433072e-01 2.41450045e+00
 -3.14411979e-01 2.29982949e+00
 -2.46933016e-01 2.19906258e+00
 -2.13489191e-01 2.10996477e+00
 -1.76512713e-01 2.03075228e+00
 -1.23228598e-01 1.95998623e+00
 -1.35662117e-01 1.89649462e+00
 -5.63307937e-02 1.83931410e+00
 -8.34353175e-02 1.78764626e+00
 -1.29878541e-01 1.74082426e+00
 -1.55027180e-01 1.69828723e+00
 -6.20545876e-02 1.65956033e+00
 -4.52563813e-02 1.62423912e+00
 -1.36614266e-02 1.59197726e+00
 -1.69137917e-02 1.56247660e+00
 -1.21602169e-01 1.53547931e+00
 -8.02911326e-02 1.51076145e+00
 -1.24229971e-01 1.48812778e+00
 -1.28146058e-01 1.46740743e+00
 -1.33954344e-02 1.44845042e+00
 1.53841298e-02 1.43112470e+00
 3.88225418e-02 1.41531373e+00
 -4.30626922e-02 1.40091443e+00
 -3.09070842e-02 1.38783542e+00
 -5.03109421e-02 1.37599564e+00
 -1.37820909e-01 1.36532305e+00
 -3.29610420e-02 1.35575362e+00
 -8.53007804e-02 1.34723039e+00
 3.58294898e-02 1.33970275e+00
 -1.05984648e-01 1.33312576e+00
 6.01493340e-02 1.32745955e+00
 3.79654589e-02 1.32266890e+00
 -1.09825640e-02 1.31872273e+00
 -1.62316971e-02 1.31559383e+00
 1.39149213e-02 1.31325846e+00
 1.19554021e-02 1.31169613e+00
 -7.60732003e-02 1.31088936e+00
 -8.79323597e-02 1.31082347e+00
 4.24866662e-02 1.31148641e+00
 1.39521865e-02 1.31286863e+00
 -1.62872373e-03 1.31496294e+00
 -1.09144358e-01 1.31776441e+00
 -1.69827396e-03 1.32127035e+00
 4.40071942e-02 1.32548016e+00
 -6.33238939e-02 1.33039534e+00
 -9.84047715e-03 1.33601946e+00
 4.67391203e-02 1.34235816e+00
 5.10959171e-02 1.34941909e+00
 -1.01682574e-01 1.35721203e+00
 3.96969087e-02 1.36574881e+00
 -1.00005072e-01 1.37504348e+00
 2.38539623e-02 1.38511224e+00
 1.45094903e-01 1.39597366e+00
 9.03764839e-02 1.40764865e+00
 -1.51111972e-02 1.42016067e+00
 -1.48240481e-02 1.43353579e+00
 -1.57905197e-02 1.44780292e+00
 7.62592069e-02 1.46299391e+00
 8.12582770e-02 1.47914380e+00
 9.41168203e-02 1.49629104e+00
 1.41733673e-01 1.51447774e+00
 -3.93320574e-02 1.53374998e+00
 7.21209520e-02 1.55415812e+00
 2.22138805e-01 1.57575717e+00
 2.93513910e-02 1.59860724e+00
 1.64122149e-02 1.62277401e+00
 8.17427796e-02 1.64832925e+00
 1.31555358e-01 1.67535144e+00
 1.23654355e-02 1.70392647e+00
 6.80152019e-02 1.73414842e+00
 9.27562540e-02 1.76612046e+00
 9.68869673e-02 1.79995589e+00
 1.29148059e-01 1.83577927e+00
 6.95780490e-02 1.87372780e+00
 1.31535190e-01 1.91395284e+00
 1.22227199e-01 1.95662172e+00
 1.22578991e-01 2.00191978e+00
 1.34427620e-01 2.05005277e+00
 6.01476127e-02 2.10124962e+00
 1.11105515e-01 2.15576576e+00
 1.22302510e-01 2.21388688e+00
 1.87216176e-01 2.27593352e+00
 6.57970625e-02 2.34226635e+00
 8.41472108e-02 2.41329261e+00
 1.82965462e-01 2.48947369e+00
 1.82157212e-01 2.57133430e+00
 1.82117734e-01 2.65947353e+00
 2.12732701e-01 2.75457836e+00
 2.25321362e-01 2.85744006e+00
 2.54836648e-01 2.96897457e+00
 2.37926888e-01 3.09024760e+00
 2.82254683e-01 3.22250609e+00
 3.82632631e-01 3.36721783e+00
 4.13921411e-01 3.52612171e+00
 4.48219498e-01 3.70129217e+00
 3.80624463e-01 3.89522241e+00
 4.80761349e-01 4.11093322e+00
 5.43890690e-01 4.35211634e+00
 7.23551871e-01 4.62332569e+00
 7.04062179e-01 4.93023488e+00
 8.34791273e-01 5.27998764e+00
 8.86818568e-01 5.68167896e+00
 1.22499376e+00 6.14701939e+00
 1.50132454e+00 6.69125223e+00
 1.75324314e+00 7.33440166e+00
 2.13918088e+00 8.10289246e+00
 2.72619848e+00 9.03136313e+00
 3.56692018e+00 1.01636279e+01
 4.74632492e+00 1.15485837e+01
 6.60633943e+00 1.32153910e+01
 9.80018859e+00 1.50704397e+01
 1.49498341e+01 1.65164417e+01
 2.32200129e+01 1.53205814e+01
 3.20148533e+01 6.81265206e+00
 3.18214857e+01 -7.52662534e+00
 2.30394516e+01 -1.57965025e+01
 1.47487726e+01 -1.68768635e+01
 9.64029559e+00 -1.54107406e+01
 6.60193916e+00 -1.35630629e+01
 4.79177510e+00 -1.19079778e+01
 3.55179113e+00 -1.05335528e+01
 2.75205686e+00 -9.40981446e+00
 2.02622510e+00 -8.48812994e+00
 1.68904274e+00 -7.72509869e+00
 1.47982855e+00 -7.08643698e+00
 1.23002212e+00 -6.54598867e+00
 9.78279910e-01 -6.08392598e+00
 1.00112662e+00 -5.68514830e+00
 7.68822232e-01 -5.33804929e+00
 6.48143117e-01 -5.03361102e+00
 6.33308398e-01 -4.76474738e+00
 6.24111756e-01 -4.52582854e+00
 4.57034857e-01 -4.31233434e+00
 3.81012184e-01 -4.12059940e+00
 4.44953278e-01 -3.94762392e+00
 3.32648046e-01 -3.79093157e+00
 3.55365526e-01 -3.64846175e+00
 2.83070328e-01 -3.51848710e+00
 2.27586775e-01 -3.39954955e+00
 2.87611269e-01 -3.29041053e+00
 1.97645287e-01 -3.19001163e+00
 1.99669804e-01 -3.09744343e+00
 1.18184584e-01 -3.01192051e+00
 1.45004031e-01 -2.93276130e+00
 9.58618121e-02 -2.85937172e+00
 1.79806488e-01 -2.79123182e+00
 1.35554438e-01 -2.72788478e+00
 1.15664306e-01 -2.66892780e+00
 5.32701663e-02 -2.61400454e+00
 1.78949338e-01 -2.56279880e+00
 8.27141726e-02 -2.51502919e+00
 1.12445998e-01 -2.47044467e+00
 8.03662987e-02 -2.42882071e+00
 6.88664471e-02 -2.38995609e+00
 4.71358159e-02 -2.35367008e+00
 5.71016591e-02 -2.31980016e+00
 9.74365545e-02 -2.28819988e+00
 3.09060504e-02 -2.25873716e+00
 5.96126572e-02 -2.23129275e+00
 3.48570156e-02 -2.20575891e+00
 4.97794137e-02 -2.18203825e+00
 9.62046677e-02 -2.16004275e+00
 4.14304977e-02 -2.13969285e+00
 3.34298923e-02 -2.12091673e+00
 -1.61685672e-02 -2.10364960e+00
 2.92620459e-02 -2.08783314e+00
 -8.09619212e-02 -2.07341498e+00
 4.57413131e-03 -2.06034823e+00
 -1.19209808e-02 -2.04859114e+00
 7.35857533e-02 -2.03810671e+00
 4.17456264e-02 -2.02886241e+00
 3.25104197e-02 -2.02082994e+00
 7.76732949e-02 -2.01398498e+00
 -9.00358530e-03 -2.00830705e+00
 1.13505526e-01 -2.00377930e+00
 -1.68147628e-02 -2.00038844e+00
 7.59553948e-02 -1.99812461e+00
 2.33764065e-02 -1.99698132e+00
 7.20502806e-02 -1.99695539e+00
 1.91270298e-02 -1.99804696e+00
 -3.79615475e-02 -2.00025945e+00
 -5.68373278e-02 -2.00359962e+00
 -8.56944520e-02 -2.00807759e+00
 2.58369384e-02 -2.01370693e+00
 -3.90884645e-02 -2.02050479e+00
 1.72360525e-02 -2.02849197e+00
 3.68850986e-02 -2.03769311e+00
 -2.00627059e-02 -2.04813689e+00
 -1.13698508e-01 -2.05985622e+00
 -2.34405501e-03 -2.07288853e+00
 -3.31146214e-02 -2.08727607e+00
 -1.14908417e-01 -2.10306624e+00
 -7.34367034e-02 -2.12031199e+00
 -9.08692573e-02 -2.13907230e+00
 -5.88727900e-03 -2.15941269e+00
 1.29673774e-02 -2.18140580e+00
 -1.47651048e-01 -2.20513210e+00
 -1.05885813e-01 -2.23068066e+00
 -7.41336332e-02 -2.25815004e+00
 -8.40418294e-02 -2.28764933e+00
 -5.99074574e-02 -2.31929928e+00
 -1.06730927e-02 -2.35323371e+00
 -1.05380951e-01 -2.38960104e+00
 -9.56943109e-02 -2.42856607e+00
 -1.35854563e-01 -2.47031212e+00
 -1.07368743e-01 -2.51504341e+00
 -9.61627264e-02 -2.56298794e+00
 -1.34148296e-01 -2.61440077e+00
 -1.54652532e-01 -2.66956795e+00
 -8.67381345e-02 -2.72881112e+00
 -1.69484144e-01 -2.79249296e+00
 -1.89148721e-01 -2.86102375e+00
 -1.88352082e-01 -2.93486910e+00
 -1.85581414e-01 -3.01455935e+00
 -2.00923098e-01 -3.10070091e+00
 -2.08958171e-01 -3.19399006e+00
 -2.61738516e-01 -3.29522982e+00
 -1.97883701e-01 -3.40535081e+00
 -2.73082344e-01 -3.52543702e+00
 -2.85065194e-01 -3.65675813e+00
 -3.11966397e-01 -3.80081014e+00
 -4.88728971e-01 -3.95936700e+00
 -5.56778722e-01 -4.13454673e+00
 -5.11633144e-01 -4.32889681e+00
 -5.09059050e-01 -4.54550559e+00
 -6.31074151e-01 -4.78814898e+00
 -7.65847831e-01 -5.06148532e+00
 -8.75185934e-01 -5.37131677e+00
 -9.25543841e-01 -5.72494265e+00
 -1.14497183e+00 -6.13163933e+00
 -1.28785255e+00 -6.60331218e+00
 -1.61634559e+00 -7.15537084e+00
 -1.89287736e+00 -7.80786120e+00
 -2.41516782e+00 -8.58678018e+00
 -2.97795226e+00 -9.52509200e+00
 -3.93616385e+00 -1.06615631e+01
 -5.25202077e+00 -1.20307886e+01
 -7.46886386e+00 -1.36215761e+01
 -1.09223874e+01 -1.52263870e+01
 -1.66581051e+01 -1.59521165e+01
 -2.48423323e+01 -1.31292712e+01
 -3.10986026e+01 -3.21039129e+00
 -2.83214407e+01 9.12780946e+00
 -1.99958666e+01 1.49040081e+01
 -1.31502615e+01 1.52996881e+01
 -8.77246322e+00 1.39100521e+01
 -6.13050207e+00 1.22687014e+01
 -4.50972622e+00 1.07957184e+01
 -3.30250475e+00 9.55992023e+00
 -2.58689461e+00 8.53881778e+00
 -1.97828303e+00 7.69348088e+00
 -1.66627104e+00 6.98807116e+00
 -1.43515622e+00 6.39363040e+00
 -1.17701580e+00 5.88767111e+00
 -9.92265449e-01 5.45290153e+00
 -8.52829802e-01 5.07599679e+00
 -7.53852245e-01 4.74661413e+00
 -7.09647664e-01 4.45665000e+00
 -5.98711191e-01 4.19969097e+00
 -5.33073296e-01 3.97060978e+00
 -4.75440141e-01 3.76526725e+00
 -3.60575562e-01 3.58029068e+00
 -4.45127656e-01 3.41290784e+00
 -3.76746883e-01 3.26082138e+00
 -2.77189787e-01 3.12211285e+00
 -3.40710881e-01 2.99516882e+00
 -2.57349868e-01 2.87862334e+00
 -2.68614869e-01 2.77131281e+00
 -1.70279641e-01 2.67224029e+00
 -2.28385636e-01 2.58054698e+00
 -2.39257303e-01 2.49548940e+00
 -2.09206559e-01 2.41642081e+00
 -1.73931408e-01 2.34277620e+00
 -2.01974021e-01 2.27405986e+00
 -1.39604087e-01 2.20983524e+00
 -1.46884494e-01 2.14971644e+00
 -1.07298643e-01 2.09336122e+00
 -4.66287716e-02 2.04046505e+00
 -2.05976564e-01 1.99075614e+00
 -4.88731572e-02 1.94399125e+00
 -4.48923528e-02 1.89995210e+00
 -1.43667404e-01 1.85844232e+00
 -7.70363275e-02 1.81928484e+00
 -1.40279059e-01 1.78231967e+00
 -9.22283134e-02 1.74740191e+00
 -1.12752812e-02 1.71440012e+00
 -2.13012927e-01 1.68319488e+00
 -6.81788735e-02 1.65367745e+00
 -1.19664762e-01 1.62574876e+00
 -6.20035343e-03 1.59931836e+00
 -6.62611851e-03 1.57430363e+00
 -7.57007042e-02 1.55062900e+00
 -8.68422077e-02 1.52822531e+00
 -4.70567045e-02 1.50702923e+00
 -1.06437238e-01 1.48698274e+00
 -1.07713862e-01 1.46803267e+00
 -2.18590501e-02 1.45013033e+00
 -4.64097589e-02 1.43323112e+00
 -2.65252377e-02 1.41729422e+00
 -2.16632366e-02 1.40228233e+00
 2.61058779e-03 1.38816141e+00
 -2.90968560e-02 1.37490046e+00
 -4.37823812e-02 1.36247131e+00
 -8.45081364e-02 1.35084850e+00
 3.88896738e-02 1.34000907e+00
 3.30759821e-02 1.32993250e+00
 4.28777590e-02 1.32060052e+00
 4.37309801e-02 1.31199708e+00
 -3.22317614e-02 1.30410825e+00
 -1.32931341e-01 1.29692215e+00
 9.49517605e-02 1.29042893e+00
 -1.52497296e-02 1.28462069e+00
 -1.10274745e-01 1.27949150e+00
 -5.47472556e-03 1.27503740e+00
 1.06619924e-01 1.27125635e+00
 5.66707009e-02 1.26814834e+00
 -1.03878123e-02 1.26571536e+00
 4.12712715e-02 1.26396147e+00
 -1.82208323e-02 1.26289290e+00
 -5.74834242e-02 1.26251812e+00
 4.99043706e-02 1.26284794e+00
 -3.05997539e-03 1.26389566e+00
 5.36516036e-02 1.26567724e+00
 1.44966205e-02 1.26821145e+00
 8.11579418e-02 1.27152012e+00
 -3.56713997e-02 1.27562838e+00
 6.75190433e-02 1.28056495e+00
 5.15217136e-02 1.28636250e+00
 5.33430303e-02 1.29305802e+00
 2.71472871e-02 1.30069330e+00
 -4.47610607e-03 1.30931544e+00
 1.39078710e-01 1.31897749e+00
 -3.99936251e-03 1.32973917e+00
 -6.16579052e-02 1.34166768e+00
 7.73019326e-02 1.35483872e+00
 6.90659885e-02 1.36933763e+00
 1.22964987e-01 1.38526074e+00
 5.68636480e-02 1.40271701e+00
 2.56793968e-02 1.42182991e+00
 6.27323116e-02 1.44273971e+00
 6.57338177e-02 1.46560623e+00
 2.68960333e-02 1.49061211e+00
 -3.15677789e-02 1.51796680e+00
 3.16510718e-02 1.54791142e+00
 1.24571263e-01 1.58072470e+00
 2.22542514e-02 1.61673030e+00
 1.94764956e-01 1.65630593e+00
 9.35900690e-02 1.69989471e+00
 8.19209129e-02 1.74801947e+00
 1.15435207e-01 1.80130099e+00
 2.00875499e-01 1.86048122e+00
 1.47727314e-01 1.92645334e+00
 2.22291208e-01 2.00030087e+00
 2.27912684e-01 2.08334903e+00
 2.23467809e-01 2.17723267e+00
 3.38971735e-01 2.28398696e+00
 3.19510435e-01 2.40616871e+00
 4.66424699e-01 2.54701899e+00
 4.70502281e-01 2.71067898e+00
 5.80405800e-01 2.90246827e+00
 7.67082458e-01 3.12921657e+00
 1.01197043e+00 3.39957170e+00
 1.19115968e+00 3.72398349e+00
 1.45229609e+00 4.11334925e+00
 2.00148914e+00 4.57301183e+00
 2.80987177e+00 5.08139770e+00
 4.17268902e+00 5.52014631e+00
 6.18157716e+00 5.47755024e+00
 8.83157721e+00 3.97277341e+00
 1.01767538e+01 3.72606894e-01
 8.69283854e+00 -3.12454137e+00
 6.03566569e+00 -4.49842927e+00
 4.07496041e+00 -4.48840916e+00
 2.71556983e+00 -4.03871837e+00
 1.99550997e+00 -3.53217745e+00
 1.40187289e+00 -3.07688865e+00
 1.09959184e+00 -2.69150421e+00
 8.71445627e-01 -2.37003351e+00
 7.45589124e-01 -2.10157086e+00
 6.13683117e-01 -1.87580724e+00
 5.53849644e-01 -1.68424502e+00
 4.32555581e-01 -1.52017979e+00
 4.01014205e-01 -1.37838891e+00
 3.19257324e-01 -1.25480416e+00
 2.22062962e-01 -1.14623882e+00
 1.96370782e-01 -1.05017651e+00
 2.41810666e-01 -9.64612106e-01
 3.12033863e-01 -8.87933023e-01
 8.08175969e-02 -8.18830520e-01
 2.20512653e-01 -7.56233118e-01
 7.10022201e-02 -6.99256269e-01
 1.01575531e-01 -6.47163998e-01
 1.29085698e-01 -5.99339418e-01
 1.35740306e-01 -5.55261863e-01
 -1.14138503e-02 -5.14489017e-01
 4.85095529e-02 -4.76642814e-01
 2.73781584e-02 -4.41398242e-01
 2.83253350e-02 -4.08474380e-01
 1.44792371e-01 -3.77627161e-01
 8.94321869e-02 -3.48643508e-01
 1.05912040e-01 -3.21336534e-01
 7.38973927e-02 -2.95541600e-01
 8.83831565e-02 -2.71113050e-01
 1.28661314e-01 -2.47921500e-01
 1.41943999e-02 -2.25851570e-01
 7.74521013e-02 -2.04799973e-01
 5.70515152e-02 -1.84673913e-01
 1.04240051e-01 -1.65389708e-01
 2.74953232e-02 -1.46871635e-01
 3.40885297e-02 -1.29050929e-01
 2.71352219e-02 -1.11864923e-01
 2.09524465e-02 -9.52563152e-02
 1.65713835e-01 -7.91725201e-02
 2.14097750e-02 -6.35651146e-02
 1.35569269e-03 -4.83893487e-02
 -6.16174796e-02 -3.36037170e-02
 5.23079256e-02 -1.91695819e-02
 -3.96041815e-02 -5.05083929e-03
 1.18456842e-01 8.78637799e-03
 4.70713975e-02 2.23739653e-02
 1.01301053e-01 3.57420839e-02
 3.33004500e-02 4.89193755e-02
 1.22834070e-01 6.19331566e-02
 -5.07419934e-02 7.48095959e-02
 3.56164518e-02 8.75738772e-02
 -9.65384437e-03 1.00250350e-01
 8.30520681e-02 1.12862669e-01
 -5.33285074e-02 1.25433926e-01
 6.65147448e-02 1.37986775e-01
 1.35252611e-01 1.50543551e-01
 -1.28229049e-02 1.63126382e-01
 -4.25206826e-02 1.75757304e-01
 1.90350945e-02 1.88458368e-01
 3.59419311e-02 2.01251749e-01
 6.44001751e-02 2.14159858e-01
 2.30223704e-02 2.27205446e-01
 -4.51218535e-02 2.40411725e-01
 2.30868237e-03 2.53802477e-01
 4.46232051e-02 2.67402184e-01
 -9.78253713e-04 2.81236145e-01
 -2.04651851e-02 2.95330622e-01
 9.73201310e-02 3.09712976e-01
 5.41989996e-03 3.24411828e-01
 5.48248696e-03 3.39457222e-01
 5.44421843e-02 3.54880810e-01
 3.90254435e-02 3.70716048e-01
 -4.14920033e-02 3.86998420e-01
 7.48423250e-02 4.03765670e-01
 -6.49964651e-02 4.21058081e-01
 5.59736531e-02 4.38918761e-01
 1.31283377e-01 4.57393983e-01
 -1.93658748e-02 4.76533553e-01
 -2.32246233e-02 4.96391229e-01
 3.35285731e-02 5.17025196e-01
 1.68108786e-01 5.38498599e-01
 7.71436663e-02 5.60880151e-01
 1.31552515e-01 5.84244829e-01
 5.56603159e-02 6.08674668e-01
 9.26541531e-02 6.34259670e-01
 1.33103405e-01 6.61098856e-01
 3.03580126e-02 6.89301486e-01
 6.67471768e-02 7.18988462e-01
 8.47540368e-02 7.50293979e-01
 8.69144359e-02 7.83367450e-01
 1.31862458e-02 8.18375763e-01
 1.69409064e-01 8.55505956e-01
 1.56093650e-01 8.94968382e-01
 1.14646136e-01 9.37000476e-01
 1.09855338e-01 9.81871280e-01
 1.40224833e-01 1.02988687e+00
 5.34358897e-02 1.08139694e+00
 2.00308643e-01 1.13680281e+00
 1.44829911e-01 1.19656725e+00
 2.39661548e-01 1.26122653e+00
 1.95165480e-01 1.33140549e+00
 2.57895717e-01 1.40783624e+00
 3.37758468e-01 1.49138180e+00
 1.94659069e-01 1.58306601e+00
 2.97895847e-01 1.68411187e+00
 3.38371553e-01 1.79599083e+00
 3.15290459e-01 1.92048687e+00
 3.60005660e-01 2.05978036e+00
 4.56135076e-01 2.21655841e+00
 4.47420836e-01 2.39416092e+00
 6.97702533e-01 2.59677382e+00
 7.28896492e-01 2.82968316e+00
 8.39975926e-01 3.09960154e+00
 1.02655296e+00 3.41506426e+00
 1.24930402e+00 3.78683733e+00
 1.58191347e+00 4.22810723e+00
 1.95991487e+00 4.75369431e+00
 2.60539508e+00 5.37592607e+00
 3.59518791e+00 6.08986679e+00
 5.05983033e+00 6.82565402e+00
 7.30842202e+00 7.30653745e+00
 1.07612241e+01 6.71630939e+00
 1.44256104e+01 3.55655243e+00
 1.52377859e+01 -2.14212190e+00
 1.23770154e+01 -6.65205341e+00
 8.74901209e+00 -8.16494023e+00
 5.93374866e+00 -8.00276204e+00
 4.12431731e+00 -7.32500672e+00
 2.95710851e+00 -6.58870462e+00
 2.13331501e+00 -5.92657208e+00
 1.78828237e+00 -5.36245995e+00
 1.27122896e+00 -4.88867882e+00
 1.11424070e+00 -4.49070446e+00
 9.31274781e-01 -4.15449544e+00
 7.32494690e-01 -3.86827289e+00
 5.55856679e-01 -3.62261090e+00
 5.46038050e-01 -3.41008052e+00
 4.97681933e-01 -3.22483823e+00
 4.67034014e-01 -3.06226900e+00
 2.40997108e-01 -2.91870308e+00
 2.64110571e-01 -2.79119893e+00
 2.89915682e-01 -2.67737885e+00
 2.42216329e-01 -2.57530481e+00
 3.17560537e-01 -2.48338429e+00
 1.47164967e-01 -2.40029860e+00
 1.31484313e-01 -2.32494779e+00
 1.59196023e-01 -2.25640809e+00
 1.30564337e-01 -2.19389867e+00
 1.18335674e-01 -2.13675562e+00
 1.24717253e-01 -2.08441123e+00
 1.09634051e-01 -2.03637755e+00
 1.66913058e-01 -1.99223316e+00
 3.44812628e-02 -1.95161246e+00
 1.18736368e-01 -1.91419695e+00
 8.98886274e-02 -1.87970810e+00
 1.20116875e-02 -1.84790148e+00
 -5.50949920e-02 -1.81856187e+00
 5.41346338e-02 -1.79149921e+00
 2.46203994e-02 -1.76654525e+00
 5.86834758e-02 -1.74355062e+00
 1.30840690e-01 -1.72238249e+00
 1.55633971e-01 -1.70292250e+00
 -6.66509492e-02 -1.68506502e+00
 8.12507184e-02 -1.66871567e+00
 5.73258585e-02 -1.65379007e+00
 6.31064320e-02 -1.64021271e+00
 5.84533220e-02 -1.62791605e+00
 -2.78871578e-02 -1.61683968e+00
 8.68858559e-02 -1.60692962e+00
 5.59331593e-02 -1.59813773e+00
 -4.32704415e-02 -1.59042116e+00
 2.91070820e-03 -1.58374191e+00
 6.65529064e-03 -1.57806640e+00
 -9.44401274e-05 -1.57336519e+00
 -1.58155325e-02 -1.56961260e+00
 7.27981103e-02 -1.56678651e+00
 -2.64884818e-02 -1.56486813e+00
 8.84053387e-03 -1.56384178e+00
 1.28316040e-02 -1.56369477e+00
 -6.06201713e-03 -1.56441725e+00
 -3.89396313e-02 -1.56600209e+00
 -2.47618124e-03 -1.56844482e+00
 -4.34496804e-04 -1.57174353e+00
 -4.38886034e-03 -1.57589887e+00
 -6.44940949e-02 -1.58091398e+00
 6.17036038e-02 -1.58679451e+00
 1.56323992e-02 -1.59354860e+00
 2.65339588e-02 -1.60118697e+00
 -1.13322174e-01 -1.60972287e+00
 -1.11602562e-01 -1.61917225e+00
 -1.09955707e-02 -1.62955377e+00
 -9.01836500e-02 -1.64088891e+00
 -1.07989059e-01 -1.65320216e+00
 6.90186614e-03 -1.66652107e+00
 -6.69334842e-02 -1.68087651e+00
 6.45845863e-03 -1.69630282e+00
 -7.26230602e-02 -1.71283805e+00
 -2.93434577e-02 -1.73052422e+00
 -8.93241299e-02 -1.74940764e+00
 -8.60610326e-02 -1.76953919e+00
 -3.48772648e-02 -1.79097478e+00
 3.09871789e-02 -1.81377571e+00
 -1.04406375e-01 -1.83800921e+00
 -7.02523700e-02 -1.86374897e+00
 -5.69379810e-02 -1.89107576e+00
 -7.31079388e-02 -1.92007819e+00
 -6.46953493e-02 -1.95085347e+00
 -9.32882123e-02 -1.98350836e+00
 -6.15836321e-02 -2.01816023e+00
 -1.59912872e-01 -2.05493825e+00
 -1.39464360e-01 -2.09398478e+00
 -1.34782812e-01 -2.13545699e+00
 -1.65023389e-01 -2.17952862e+00
 -1.49203575e-01 -2.22639219e+00
 -6.04785940e-02 -2.27626137e+00
 -2.31118082e-01 -2.32937389e+00
 -2.06541500e-01 -2.38599489e+00
 -8.26384926e-02 -2.44642077e+00
 -9.25506099e-02 -2.51098386e+00
 -1.49334139e-01 -2.58005780e+00
 -1.80415003e-01 -2.65406405e+00
 -1.79025371e-01 -2.73347957e+00
 -2.15516003e-01 -2.81884603e+00
 -2.48540670e-01 -2.91078093e+00
 -3.21195775e-01 -3.00999109e+00
 -2.82283078e-01 -3.11728900e+00
 -3.51803688e-01 -3.23361291e+00
 -4.66678834e-01 -3.36005160e+00
 -3.56817281e-01 -3.49787511e+00
 -4.41483651e-01 -3.64857310e+00
 -5.40204025e-01 -3.81390318e+00
 -6.37048469e-01 -3.99595209e+00
 -6.27195866e-01 -4.19721388e+00
 -6.93930636e-01 -4.42069039e+00
 -7.66086121e-01 -4.67002134e+00
 -8.61526021e-01 -4.94965383e+00
 -9.67418175e-01 -5.26506397e+00
 -1.08939914e+00 -5.62304718e+00
 -1.24863076e+00 -6.03209634e+00
 -1.53588556e+00 -6.50288631e+00
 -1.84684606e+00 -7.04886823e+00
 -2.25015663e+00 -7.68692228e+00
 -2.73746245e+00 -8.43784486e+00
 -3.33546408e+00 -9.32594208e+00
 -4.34547696e+00 -1.03755336e+01
 -5.77176378e+00 -1.15978673e+01
 -7.77695407e+00 -1.29492919e+01
 -1.10817500e+01 -1.42062018e+01
 -1.59518934e+01 -1.46286454e+01
 -2.26486479e+01 -1.23515099e+01
 -2.86671113e+01 -4.91153230e+00
 -2.85228508e+01 5.73643069e+00
 -2.23486610e+01 1.28337812e+01
 -1.55561756e+01 1.48686057e+01
 -1.07852960e+01 1.43604164e+01
 -7.66382205e+00 1.30888759e+01
 -5.51812166e+00 1.17455192e+01
 -4.19592351e+00 1.05363031e+01
 -3.35817128e+00 9.49941648e+00
 -2.69514515e+00 8.62225143e+00
 -2.17261574e+00 7.88040652e+00
 -1.77282721e+00 7.24983913e+00
 -1.48639549e+00 6.71006504e+00
 -1.35458167e+00 6.24447978e+00
 -1.21056160e+00 5.83985491e+00
 -1.07845197e+00 5.48568971e+00
 -7.90874058e-01 5.17362599e+00
 -8.66810662e-01 4.89697243e+00
 -6.43001344e-01 4.65033375e+00
 -6.71782555e-01 4.42932604e+00
 -4.54419271e-01 4.23035940e+00
 -5.02353582e-01 4.05047163e+00
 -4.05043139e-01 3.88720052e+00
 -4.14077865e-01 3.73848514e+00
 -3.55541203e-01 3.60258903e+00
 -2.86973771e-01 3.47804002e+00
 -3.42062847e-01 3.36358270e+00
 -2.62252810e-01 3.25814061e+00
 -2.66557299e-01 3.16078603e+00
 -2.91907944e-01 3.07071552e+00
 -2.35880231e-01 2.98723020e+00
 -1.71457024e-01 2.90971951e+00
 -3.12675157e-01 2.83764801e+00
 -1.20659765e-01 2.77054434e+00
 -1.96060556e-01 2.70799217e+00
 -9.82782671e-02 2.64962255e+00
 -1.00979728e-01 2.59510758e+00
 -1.35125114e-01 2.54415501e+00
 -1.42897990e-01 2.49650370e+00
 -5.48797058e-02 2.45191975e+00
 -8.15482986e-02 2.41019321e+00
 -1.27308432e-01 2.37113526e+00
 -9.65778193e-02 2.33457577e+00
 -3.45413096e-03 2.30036123e+00
 -2.20669930e-01 2.26835294e+00
 -4.56995656e-02 2.23842542e+00
 -7.60756012e-02 2.21046507e+00
 -5.51729051e-02 2.18436899e+00
 -3.26029448e-02 2.16004391e+00
 -9.85689455e-02 2.13740533e+00
 -2.00777001e-02 2.11637667e+00
 -2.24685902e-02 2.09688864e+00
 -1.13673583e-01 2.07887857e+00
 -5.79161337e-02 2.06228991e+00
 -1.35856061e-02 2.04707174e+00
 -2.72032484e-02 2.03317837e+00
 -1.17299135e-01 2.02056899e+00
 -3.19273678e-02 2.00920731e+00
 -8.10890751e-02 1.99906133e+00
 -4.87260193e-02 1.99010311e+00
 -5.24177850e-02 1.98230853e+00
 -3.92865890e-02 1.97565714e+00
 -7.53889834e-03 1.97013202e+00
 -7.42387257e-02 1.96571966e+00
 -1.52476235e-02 1.96240989e+00
 2.15325209e-02 1.96019578e+00
 5.91045268e-02 1.95907363e+00
 1.11425192e-02 1.95904296e+00
 7.41240878e-02 1.96010647e+00
 -1.09274683e-02 1.96227010e+00
 5.58496675e-02 1.96554310e+00
 -7.64608912e-02 1.96993808e+00
 -8.33446305e-02 1.97547112e+00
 -1.02284947e-01 1.98216188e+00
 2.10122178e-02 1.99003381e+00
 -2.61836079e-02 1.99911429e+00
 8.29991032e-03 2.00943487e+00
 2.83639662e-02 2.02103155e+00
 3.62046555e-02 2.03394503e+00
 4.07515662e-02 2.04822115e+00
 3.44252220e-02 2.06391117e+00
 2.73096876e-02 2.08107236e+00
 9.11116759e-02 2.09976841e+00
 5.03111830e-02 2.12007010e+00
 1.49114621e-01 2.14205597e+00
 9.90998623e-02 2.16581312e+00
 5.33796077e-02 2.19143807e+00
 1.08581377e-01 2.21903785e+00
 5.78700487e-02 2.24873115e+00
 1.34277763e-01 2.28064971e+00
 2.60748384e-02 2.31493990e+00
 1.22885551e-01 2.35176457e+00
 1.03100995e-01 2.39130516e+00
 1.00099110e-01 2.43376417e+00
 1.68587823e-01 2.47936812e+00
 2.31327646e-01 2.52837089e+00
 1.59430419e-01 2.58105778e+00
 1.48374509e-01 2.63775023e+00
 1.80738200e-01 2.69881145e+00
 2.44100151e-01 2.76465318e+00
 2.60989699e-01 2.83574372e+00
 2.37420696e-01 2.91261765e+00
 1.89136870e-01 2.99588760e+00
 2.70297247e-01 3.08625861e+00
 2.44791107e-01 3.18454566e+00
 3.31847857e-01 3.29169537e+00
 2.71588488e-01 3.40881284e+00
 4.26678251e-01 3.53719523e+00
 3.64846625e-01 3.67837395e+00
 4.10958321e-01 3.83416805e+00
 4.72164826e-01 4.00675231e+00
 5.84663989e-01 4.19874447e+00
 6.52735521e-01 4.41331781e+00
 7.41309106e-01 4.65434691e+00
 8.73590416e-01 4.92659663e+00
 9.96725954e-01 5.23596650e+00
 1.17917967e+00 5.58980247e+00
 1.40939560e+00 5.99728217e+00
 1.61354654e+00 6.46985547e+00
 2.00605008e+00 7.02164669e+00
 2.34653156e+00 7.66951167e+00
 3.07879841e+00 8.43184438e+00
 4.00405583e+00 9.32355026e+00
 5.24482678e+00 1.03398493e+01
 7.32603193e+00 1.14082893e+01
 1.03048925e+01 1.22550969e+01
 1.46915883e+01 1.20871971e+01
 2.02137475e+01 9.21550511e+00
 2.40089119e+01 2.25606166e+00
 2.23322596e+01 -5.92275221e+00
 1.70401541e+01 -1.06353837e+01
 1.21249044e+01 -1.17697656e+01
 8.46608482e+00 -1.12383569e+01
 6.03316808e+00 -1.02181182e+01
 4.53017940e+00 -9.16383325e+00
 3.39540793e+00 -8.21405106e+00
 2.78296066e+00 -7.39506290e+00
 2.20817667e+00 -6.69781932e+00
 1.77280777e+00 -6.10457280e+00
 1.48307698e+00 -5.59755596e+00
 1.28283751e+00 -5.16142169e+00
 1.04982734e+00 -4.78358418e+00
 9.17742969e-01 -4.45391722e+00
 7.83233299e-01 -4.16431462e+00
 6.46924021e-01 -3.90827712e+00
 6.91388927e-01 -3.68056870e+00
 4.82932573e-01 -3.47694408e+00
 5.59406344e-01 -3.29393689e+00
 4.80000086e-01 -3.12869621e+00
 4.93559130e-01 -2.97886037e+00
 3.80430236e-01 -2.84245938e+00
 3.00479190e-01 -2.71783896e+00
 3.18348728e-01 -2.60360111e+00
 2.72247124e-01 -2.49855731e+00
 2.65315471e-01 -2.40169139e+00
 3.39501975e-01 -2.31212989e+00
 2.28319699e-01 -2.22911820e+00
 1.91425206e-01 -2.15200134e+00
 2.12279676e-01 -2.08020823e+00
 2.10284358e-01 -2.01323885e+00
 1.64596959e-01 -1.95065365e+00
 1.63598765e-01 -1.89206482e+00
 1.57840117e-01 -1.83712896e+00
 1.35576216e-01 -1.78554097e+00
 1.40237446e-01 -1.73702897e+00
 1.77833230e-01 -1.69134991e+00
 1.83360946e-01 -1.64828593e+00
 9.20516826e-02 -1.60764123e+00
 1.33962134e-01 -1.56923937e+00
 5.56129418e-02 -1.53292101e+00
 8.30811260e-02 -1.49854189e+00
 6.84409944e-02 -1.46597117e+00
 6.49053500e-02 -1.43508992e+00
 3.79470699e-02 -1.40578982e+00
 5.84491396e-02 -1.37797209e+00
 1.02577346e-01 -1.35154643e+00
 4.80945558e-02 -1.32643023e+00
 6.63937796e-02 -1.30254778e+00
 1.93996783e-03 -1.27982960e+00
 7.27277016e-02 -1.25821185e+00
 1.29627995e-01 -1.23763583e+00
 1.85226943e-02 -1.21804750e+00
 4.46917877e-02 -1.19939707e+00
 6.17235252e-02 -1.18163864e+00
 -4.60592654e-02 -1.16472987e+00
 1.65239029e-01 -1.14863170e+00
 8.65558804e-04 -1.13330806e+00
 1.56583191e-02 -1.11872571e+00
 -5.59885664e-03 -1.10485394e+00
 5.74583596e-02 -1.09166445e+00
 8.94931299e-02 -1.07913119e+00
 5.00814502e-05 -1.06723015e+00
 3.15478339e-02 -1.05593930e+00
 9.87581868e-02 -1.04523844e+00
 6.53916132e-02 -1.03510911e+00
 -4.56375351e-02 -1.02553448e+00
 -4.18141955e-02 -1.01649930e+00
 -3.02227406e-02 -1.00798982e+00
 4.57642310e-02 -9.99993721e-01
 6.75358820e-03 -9.92500099e-01
 -2.97028924e-02 -9.85499399e-01
 7.19157661e-02 -9.78983401e-01
 1.72268273e-02 -9.72945197e-01
 -1.74028902e-02 -9.67379183e-01
 4.85856016e-03 -9.62281061e-01
 5.70132244e-02 -9.57647844e-01
 -5.47033519e-02 -9.53477879e-01
 2.68324986e-02 -9.49770877e-01
 -1.47575036e-03 -9.46527952e-01
 7.13582245e-02 -9.43751682e-01
 9.41371689e-02 -9.41446170e-01
 7.55365737e-03 -9.39617133e-01
 -2.52170300e-02 -9.38271997e-01
 -3.32058542e-03 -9.37420022e-01
 -3.85682228e-02 -9.37072439e-01
 2.42222683e-02 -9.37242620e-01
 3.71413119e-02 -9.37946269e-01
 -5.35715261e-02 -9.39201650e-01
 -8.00666957e-02 -9.41029861e-01
 -6.30229631e-02 -9.43455136e-01
 -1.97868782e-02 -9.46505218e-01
 -1.45936190e-02 -9.50211785e-01
 -3.57599771e-02 -9.54610957e-01
 -8.49629648e-03 -9.59743888e-01
 -7.26918229e-03 -9.65657470e-01
 -1.33844129e-01 -9.72405168e-01
 -3.71948617e-02 -9.80048010e-01
 -5.89673390e-03 -9.88655782e-01
 -6.72279651e-02 -9.98308443e-01
 -1.04859455e-02 -1.00909786e+00
 -7.22046722e-02 -1.02112987e+00
 -1.40343299e-01 -1.03452685e+00
 -4.20137155e-02 -1.04943084e+00
 -2.96849677e-02 -1.06600734e+00
 5.35189666e-04 -1.08445014e+00
 -5.70710207e-02 -1.10498723e+00
 -1.00870984e-01 -1.12788831e+00
 -1.97183526e-01 -1.15347422e+00
 -1.77390361e-01 -1.18212895e+00
 -4.77896603e-03 -1.21431503e+00
 -1.14510273e-01 -1.25059320e+00
 -2.08970430e-01 -1.29164780e+00
 -1.13142202e-01 -1.33831921e+00
 -2.33081983e-01 -1.39164524e+00
 -1.88992439e-01 -1.45291234e+00
 -2.46767976e-01 -1.52371579e+00
 -2.53162476e-01 -1.60602089e+00
 -3.22351596e-01 -1.70219841e+00
 -4.33912477e-01 -1.81495614e+00
 -5.14322716e-01 -1.94694974e+00
 -6.63047528e-01 -2.09947817e+00
 -1.02365083e+00 -2.26863648e+00
 -1.39845955e+00 -2.43458864e+00
 -1.91133692e+00 -2.53384426e+00
 -2.76667114e+00 -2.40302827e+00
 -3.53534583e+00 -1.75578326e+00
 -4.04252177e+00 -5.04492551e-01
 -3.60042835e+00 7.35361072e-01
 -2.69711876e+00 1.36502620e+00
 -1.82517303e+00 1.48631109e+00
 -1.36291866e+00 1.38365137e+00
 -9.72147586e-01 1.21670607e+00
 -6.33330060e-01 1.04715895e+00
 -5.56634375e-01 8.94183405e-01
 -5.02513934e-01 7.61475572e-01
 -3.23084954e-01 6.47686807e-01
 -3.39537880e-01 5.50163032e-01
 -2.04008321e-01 4.66211691e-01
 -1.84831017e-01 3.93478418e-01
 -9.61697831e-02 3.30011817e-01
 -1.54311770e-01 2.74227347e-01
 -1.90038856e-01 2.24846384e-01
 -1.09130639e-01 1.80836552e-01
 -1.40193334e-01 1.41360939e-01
 -1.64508035e-01 1.05737168e-01
 -1.31419189e-01 7.34052019e-02
 -4.50494316e-02 4.39022279e-02
 -7.70434069e-02 1.68431298e-02
 -2.66334188e-02 -8.09474371e-03
 -4.43080167e-02 -3.11834983e-02
 -3.03905263e-02 -5.26540756e-02
 -5.85692325e-02 -7.27036801e-02
 -4.32426797e-02 -9.15016962e-02
 -7.64834344e-02 -1.09194432e-01
 2.72466183e-02 -1.25908950e-01
 -3.58562767e-02 -1.41756170e-01
 -7.16383625e-02 -1.56833414e-01
 -7.83334198e-02 -1.71226488e-01
 4.85128890e-03 -1.85011409e-01
 -9.40572314e-02 -1.98255835e-01
 -2.73685624e-02 -2.11020265e-01
 -4.55314880e-02 -2.23359042e-01
 2.61631306e-02 -2.35321199e-01
 -7.05663019e-02 -2.46951183e-01
 -1.06458139e-01 -2.58289467e-01
 7.32633812e-02 -2.69373071e-01
 8.76485538e-03 -2.80236020e-01
 -7.43640490e-02 -2.90909729e-01
 3.97481964e-03 -3.01423347e-01
 -1.57039321e-02 -3.11804051e-01
 -9.99182919e-03 -3.22077304e-01
 1.10709359e-02 -3.32267088e-01
 -5.71593744e-02 -3.42396107e-01
 -3.55339370e-02 -3.52485965e-01
 -4.60970489e-02 -3.62557334e-01
 3.89366154e-02 -3.72630098e-01
 2.59198924e-02 -3.82723486e-01
 -6.11421419e-02 -3.92856200e-01
 -7.12887343e-02 -4.03046523e-01
 -7.83651664e-02 -4.13312430e-01
 -8.98737590e-02 -4.23671684e-01
 -1.29290292e-02 -4.34141933e-01
 -4.21101236e-02 -4.44740801e-01
 4.47743010e-05 -4.55485975e-01
 -4.72943647e-02 -4.66395294e-01
 1.98185292e-02 -4.77486831e-01
 2.90619869e-02 -4.88778984e-01
 -4.29882428e-02 -5.00290557e-01
 -7.34366292e-02 -5.12040852e-01
 2.58238846e-02 -5.24049758e-01
 -1.13568410e-01 -5.36337847e-01
 -1.04562012e-01 -5.48926471e-01
 -8.58603752e-02 -5.61837868e-01
 -6.77686082e-03 -5.75095269e-01
 -6.61081899e-02 -5.88723021e-01
 -3.42415018e-02 -6.02746709e-01
 -7.96079508e-02 -6.17193296e-01
 -5.09415208e-02 -6.32091269e-01
 -9.80616754e-02 -6.47470803e-01
 -4.64549365e-02 -6.63363934e-01
 -2.52180062e-02 -6.79804758e-01
 -1.16362536e-01 -6.96829639e-01
 -4.79254010e-02 -7.14477453e-01
 -1.06618446e-01 -7.32789840e-01
 -7.32791341e-02 -7.51811503e-01
 -2.73799694e-02 -7.71590531e-01
 -2.16498364e-02 -7.92178758e-01
 -9.31435613e-02 -8.13632179e-01
 -5.09926089e-02 -8.36011397e-01
 -7.60349597e-02 -8.59382149e-01
 -8.80907346e-02 -8.83815887e-01
 -1.42781073e-01 -9.09390441e-01
 -5.69143219e-02 -9.36190769e-01
 -1.44495115e-01 -9.64309825e-01
 -3.18327149e-02 -9.93849538e-01
 -1.16358898e-01 -1.02492194e+00
 -2.11658622e-02 -1.05765048e+00
 -1.41041743e-01 -1.09217149e+00
 -1.70064714e-01 -1.12863600e+00
 -1.95405610e-01 -1.16721169e+00
 -1.12778829e-01 -1.20808529e+00
 -1.59079415e-01 -1.25146538e+00
 -8.34657763e-02 -1.29758565e+00
 -1.64568532e-01 -1.34670872e+00
 -5.45135845e-02 -1.39913084e+00
 -1.90613367e-01 -1.45518726e+00
 -2.03975432e-01 -1.51525888e+00
 -2.42728681e-01 -1.57978016e+00
 -2.37139125e-01 -1.64924868e+00
 -2.51251567e-01 -1.72423688e+00
 -3.00322532e-01 -1.80540634e+00
 -2.07755714e-01 -1.89352544e+00
 -2.60128898e-01 -1.98949121e+00
 -3.36788792e-01 -2.09435655e+00
 -3.42173081e-01 -2.20936442e+00
 -5.03020439e-01 -2.33599093e+00
 -4.47961197e-01 -2.47599990e+00
 -5.10190795e-01 -2.63151236e+00
 -5.45196860e-01 -2.80509514e+00
 -6.20183087e-01 -2.99987377e+00
 -8.00522029e-01 -3.21967529e+00
 -8.87445206e-01 -3.46920578e+00
 -1.04743059e+00 -3.75426227e+00
 -1.22641540e+00 -4.08196253e+00
 -1.48813073e+00 -4.46093192e+00
 -1.71921546e+00 -4.90126921e+00
 -2.19052030e+00 -5.41380668e+00
 -2.71038058e+00 -6.00737498e+00
 -3.53288111e+00 -6.68064850e+00
 -4.79163606e+00 -7.39954848e+00
 -6.61945859e+00 -8.03765243e+00
 -9.26751821e+00 -8.23489942e+00
 -1.28882646e+01 -7.16870269e+00
 -1.61716831e+01 -3.70503697e+00
 -1.71304514e+01 1.84358516e+00
 -1.47346889e+01 6.58329169e+00
 -1.10121433e+01 8.73452562e+00
 -7.83727331e+00 9.03402022e+00
 -5.68106648e+00 8.55121431e+00
