 NaN NaN
 -6.47057984e-02 2.00022748e-01
 -2.18308381e-02 2.00087524e-01
 6.02600644e-03 2.00193640e-01
 1.31999470e-02 2.00340916e-01
 -8.46866186e-03 2.00529325e-01
 2.65829254e-03 2.00758923e-01
 -3.83710418e-02 2.01029830e-01
 5.21316507e-02 2.01342221e-01
 -3.14330324e-02 2.01696317e-01
 1.07695667e-01 2.02092385e-01
 8.21987564e-02 2.02530735e-01
 -1.25171650e-02 2.03011720e-01
 8.86839722e-02 2.03535734e-01
 -5.98128730e-02 2.04103215e-01
 -3.05327342e-02 2.04714643e-01
 5.74867726e-02 2.05370542e-01
 7.70085874e-02 2.06071478e-01
 3.11435542e-02 2.06818065e-01
 -3.17098611e-03 2.07610961e-01
 -1.20765037e-01 2.08450871e-01
 2.68033519e-02 2.09338549e-01
 -7.76459103e-03 2.10274802e-01
 3.06067900e-02 2.11260483e-01
 -5.24445891e-02 2.12296504e-01
 6.17628657e-02 2.13383830e-01
 5.44732927e-02 2.14523484e-01
 7.15318745e-02 2.15716547e-01
 1.10823454e-02 2.16964166e-01
 -1.15772227e-02 2.18267550e-01
 7.34626364e-02 2.19627977e-01
 -4.03426085e-02 2.21046795e-01
 -2.94653811e-03 2.22525426e-01
 -7.35377697e-02 2.24065369e-01
 -1.82231449e-02 2.25668205e-01
 6.92162195e-02 2.27335600e-01
 -1.82253421e-02 2.29069308e-01
 -1.84385850e-02 2.30871177e-01
 -2.21838847e-02 2.32743155e-01
 -3.47691433e-03 2.34687294e-01
 -8.88954982e-03 2.36705753e-01
 5.46327456e-02 2.38800808e-01
 9.41836808e-03 2.40974859e-01
 -7.37835113e-02 2.43230431e-01
 2.80552909e-02 2.45570189e-01
 1.03684933e-02 2.47996940e-01
 5.15462684e-02 2.50513646e-01
 -4.71256215e-02 2.53123428e-01
 4.99059855e-02 2.55829583e-01
 4.14327250e-02 2.58635590e-01
 4.74320624e-03 2.61545121e-01
 4.76849036e-02 2.64562058e-01
 2.43920129e-02 2.67690502e-01
 7.47719843e-03 2.70934791e-01
 -3.49158182e-02 2.74299513e-01
 -2.94913617e-02 2.77789527e-01
 -1.48553248e-02 2.81409979e-01
 7.00944789e-02 2.85166321e-01
 -3.07468909e-02 2.89064337e-01
 2.60358227e-02 2.93110165e-01
 4.21459309e-02 2.97310325e-01
 -2.58224607e-02 3.01671743e-01
 -1.92040635e-02 3.06201788e-01
 -1.78977444e-01 3.10908303e-01
 5.69543321e-02 3.15799643e-01
 1.43937543e-01 3.20884719e-01
 -3.41773642e-03 3.26173037e-01
 1.67222123e-02 3.31674754e-01
 -3.91297930e-02 3.37400731e-01
 6.89083781e-02 3.43362590e-01
 -7.39268611e-02 3.49572788e-01
 -1.95182622e-02 3.56044683e-01
 -2.48242382e-03 3.62792622e-01
 -5.41756636e-02 3.69832029e-01
 -4.81235253e-02 3.77179509e-01
 2.69064553e-02 3.84852959e-01
 2.95781733e-02 3.92871695e-01
 -9.59869499e-02 4.01256595e-01
 -1.16184956e-01 4.10030257e-01
 8.11858048e-02 4.19217176e-01
 -6.36355886e-03 4.28843949e-01
 6.43323974e-02 4.38939500e-01
 9.45172445e-02 4.49535339e-01
 -2.56235724e-02 4.60665856e-01
 9.41076348e-02 4.72368652e-01
 5.49754109e-02 4.84684924e-01
 6.51617494e-02 4.97659896e-01
 8.29140853e-02 5.11343330e-01
 7.73521735e-02 5.25790095e-01
 1.05994499e-03 5.41060845e-01
 1.05539420e-01 5.57222791e-01
 -1.52768363e-02 5.74350612e-01
 6.50673884e-02 5.92527514e-01
 -4.34314416e-03 6.11846478e-01
 6.32126906e-02 6.32411736e-01
 4.78425878e-02 6.54340515e-01
 1.82541654e-02 6.77765120e-01
 -9.74898046e-03 7.02835435e-01
 -2.39950660e-02 7.29721929e-01
 2.75203079e-03 7.58619309e-01
 3.41288366e-02 7.89750968e-01
 -7.07186764e-02 8.23374464e-01
 -4.15837795e-02 8.59788286e-01
 -1.15981624e-02 8.99340305e-01
 8.73426871e-02 9.42438401e-01
 1.64633059e-02 9.89563958e-01
 3.97424080e-02 1.04128915e+00
 4.18988030e-02 1.09829939e+00
 4.57236668e-02 1.16142267e+00
 7.37495693e-02 1.23166863e+00
 -1.90302880e-02 1.31028113e+00
 -4.90325586e-02 1.39881010e+00
 -3.40037192e-02 1.49921164e+00
 6.92385106e-02 1.61398985e+00
 1.05577331e-01 1.74640251e+00
 1.36694039e-01 1.90076641e+00
 1.41021042e-01 2.08292334e+00
 1.90280515e-01 2.30097444e+00
 1.54190243e-01 2.56648054e+00
 3.11146798e-01 2.89651030e+00
 3.04161591e-01 3.31731766e+00
 4.94660121e-01 3.87135732e+00
 7.52543050e-01 4.63167888e+00
 1.09968602e+00 5.73410880e+00
 1.76279806e+00 7.45602311e+00
 3.70310466e+00 1.04117888e+01
 1.03983305e+01 1.54823474e+01
 3.31758777e+01 4.78644593e+00
 1.38978483e+01 -1.67986684e+01
 4.55159576e+00 -1.16809429e+01
 2.11480681e+00 -8.33247718e+00
 1.16310484e+00 -6.41704848e+00
 7.27981020e-01 -5.21347935e+00
 4.87743136e-01 -4.39509040e+00
 3.49561461e-01 -3.80509529e+00
 3.54044010e-01 -3.36071534e+00
 1.75795633e-01 -3.01455784e+00
 1.83942214e-01 -2.73766658e+00
 1.49162210e-01 -2.51139977e+00
 1.93010065e-01 -2.32323289e+00
 1.08399951e-01 -2.16444879e+00
 5.75092515e-02 -2.02879762e+00
 1.31562937e-01 -1.91168397e+00
 6.42399024e-02 -1.80965477e+00
 1.49965206e-02 -1.72006597e+00
 5.75170106e-02 -1.64085922e+00
 5.65201051e-02 -1.57040861e+00
 6.46842029e-02 -1.50741304e+00
 -1.44788470e-02 -1.45081921e+00
 4.62635271e-02 -1.39976546e+00
 1.14439100e-01 -1.35354028e+00
 -1.44964849e-02 -1.31155106e+00
 5.05469116e-02 -1.27330043e+00
 2.89593410e-02 -1.23836793e+00
 9.33680911e-03 -1.20639588e+00
 1.92206796e-02 -1.17707812e+00
 5.18374606e-02 -1.15015122e+00
 3.80111633e-02 -1.12538735e+00
 5.17181052e-02 -1.10258858e+00
 2.23027549e-02 -1.08158224e+00
 1.99187041e-02 -1.06221710e+00
 -3.78890720e-02 -1.04436024e+00
 -2.54286442e-02 -1.02789450e+00
 7.29535239e-02 -1.01271627e+00
 6.68887197e-02 -9.98733727e-01
 7.38149908e-02 -9.85865296e-01
 3.16253932e-02 -9.74038370e-01
 1.88717319e-03 -9.63188222e-01
 5.30520538e-02 -9.53257081e-01
 -4.34686145e-02 -9.44193338e-01
 -1.82078007e-02 -9.35950871e-01
 7.58854441e-02 -9.28488455e-01
 -9.38758737e-02 -9.21769265e-01
 1.32858281e-02 -9.15760439e-01
 3.94694479e-02 -9.10432705e-01
 -1.10234567e-04 -9.05760053e-01
 -5.89929386e-02 -9.01719454e-01
 -4.57352422e-02 -8.98290620e-01
 1.47312099e-02 -8.95455787e-01
 -3.40099012e-02 -8.93199539e-01
 6.34330382e-03 -8.91508646e-01
 -3.96921165e-02 -8.90371935e-01
 3.48192700e-03 -8.89780171e-01
 -3.40258987e-02 -8.89725968e-01
 -4.05132941e-02 -8.90203704e-01
 2.49916679e-02 -8.91209459e-01
 -3.86986753e-02 -8.92740969e-01
 -1.09224954e-02 -8.94797583e-01
 -1.90581167e-02 -8.97380247e-01
 -3.91983328e-03 -9.00491486e-01
 2.79633292e-02 -9.04135406e-01
 -6.04762177e-02 -9.08317708e-01
 4.81731670e-02 -9.13045709e-01
 -4.64231258e-02 -9.18328378e-01
 -3.33654323e-02 -9.24176384e-01
 -9.69180236e-02 -9.30602156e-01
 -2.82335932e-02 -9.37619957e-01
 5.50133673e-02 -9.45245972e-01
 -7.66963118e-02 -9.53498413e-01
 -7.87320005e-03 -9.62397636e-01
 2.77881038e-02 -9.71966284e-01
 -7.85246327e-02 -9.82229440e-01
 -9.69117038e-02 -9.93214817e-01
 2.80460615e-02 -1.00495295e+00
 2.78058781e-02 -1.01747746e+00
 5.01093864e-03 -1.03082528e+00
 -8.94436191e-03 -1.04503699e+00
 -3.05160090e-02 -1.06015714e+00
 -2.66846841e-03 -1.07623466e+00
 -1.00910198e-01 -1.09332329e+00
 9.93677078e-02 -1.11148208e+00
 -3.14627548e-02 -1.13077599e+00
 9.59306695e-03 -1.15127654e+00
 -4.67131672e-02 -1.17306256e+00
 -1.25439653e-02 -1.19622107e+00
 -3.50982188e-02 -1.22084828e+00
 2.22355877e-03 -1.24705075e+00
 -7.01495755e-02 -1.27494676e+00
 -4.80150974e-02 -1.30466784e+00
 -5.86191636e-02 -1.33636063e+00
 -2.00726583e-02 -1.37018901e+00
 -6.06994670e-02 -1.40633665e+00
 1.02827541e-02 -1.44500998e+00
 -2.80471365e-02 -1.48644177e+00
 -4.01639494e-02 -1.53089539e+00
 4.48320307e-02 -1.57866985e+00
 -1.98471694e-02 -1.63010607e+00
 2.33140726e-03 -1.68559426e+00
 -4.34419555e-03 -1.74558318e+00
 -9.24750741e-02 -1.81059135e+00
 -6.14269027e-02 -1.88122110e+00
 -1.19334784e-01 -1.95817606e+00
 -1.31843561e-01 -2.04228321e+00
 -8.02609744e-02 -2.13452105e+00
 -1.51222989e-01 -2.23605570e+00
 -1.65392296e-01 -2.34828787e+00
 -9.94373049e-02 -2.47291470e+00
 -1.45560098e-01 -2.61201209e+00
 -1.38411933e-01 -2.76814593e+00
 -1.78250909e-01 -2.94452490e+00
 -2.17419241e-01 -3.14521383e+00
 -2.07921355e-01 -3.37543742e+00
 -2.24890156e-01 -3.64202213e+00
 -3.55221931e-01 -3.95405463e+00
 -4.36637294e-01 -4.32388990e+00
 -5.27430379e-01 -4.76874301e+00
 -5.96011072e-01 -5.31329169e+00
 -7.68578225e-01 -5.99410290e+00
 -1.12953529e+00 -6.86750113e+00
 -1.44764813e+00 -8.02422446e+00
 -2.15785629e+00 -9.61787435e+00
 -3.48463752e+00 -1.19201053e+01
 -6.06188401e+00 -1.54010409e+01
 -1.29682564e+01 -2.04311398e+01
 -3.26064853e+01 -2.04026848e+01
 -4.11260815e+01 1.34616399e+01
 -1.72858742e+01 2.22168459e+01
 -7.68823221e+00 1.71401286e+01
 -4.09221502e+00 1.31766082e+01
 -2.53703765e+00 1.05686125e+01
 -1.71722254e+00 8.79087690e+00
 -1.22901483e+00 7.51855637e+00
 -8.54785184e-01 6.56893263e+00
 -5.96022956e-01 5.83565686e+00
 -5.40082282e-01 5.25369303e+00
 -4.30602908e-01 4.78137435e+00
 -3.40956813e-01 4.39090047e+00
 -2.93598060e-01 4.06306672e+00
 -3.02934942e-01 3.78420575e+00
 -2.62444045e-01 3.54433865e+00
 -2.15167288e-01 3.33601621e+00
 -1.25399885e-01 3.15356891e+00
 -1.95841030e-01 2.99260772e+00
 -1.33367065e-01 2.84968339e+00
 -6.76350775e-02 2.72204862e+00
 -9.60700564e-02 2.60748887e+00
 -7.39033677e-02 2.50419962e+00
 1.10342207e-02 2.41069612e+00
 -1.11118664e-01 2.32574580e+00
 -2.61765264e-02 2.24831723e+00
 -1.22577523e-01 2.17754087e+00
 -5.31770486e-02 2.11267874e+00
 -2.72139053e-02 2.05310061e+00
 3.81211114e-02 1.99826519e+00
 -9.51823322e-02 1.94770516e+00
 -1.39760577e-01 1.90101509e+00
 1.12277990e-01 1.85784167e+00
 -7.57320562e-02 1.81787577e+00
 -5.63988118e-02 1.78084585e+00
 -7.30514391e-02 1.74651260e+00
 -5.24597511e-02 1.71466442e+00
 -3.81148785e-02 1.68511368e+00
 -5.03045230e-02 1.65769354e+00
 -2.67313380e-02 1.63225534e+00
 -8.56116990e-02 1.60866631e+00
 1.05941167e-02 1.58680767e+00
 -9.77024448e-02 1.56657300e+00
 -7.14805644e-02 1.54786680e+00
 -6.69471551e-02 1.53060335e+00
 -5.10256040e-02 1.51470560e+00
 -6.64648818e-02 1.50010434e+00
 -1.56749605e-02 1.48673737e+00
 4.78478558e-03 1.47454883e+00
 -2.33875595e-02 1.46348866e+00
 -2.41722715e-02 1.45351204e+00
 -2.93701105e-03 1.44457895e+00
 3.40873224e-02 1.43665383e+00
 3.49734761e-02 1.42970517e+00
 -4.09646663e-02 1.42370528e+00
 -1.01657098e-02 1.41863002e+00
 1.04943651e-02 1.41445857e+00
 2.04944735e-02 1.41117326e+00
 -1.03382509e-01 1.40875940e+00
 -1.35449698e-01 1.40720516e+00
 -8.11760741e-03 1.40650146e+00
 6.13032705e-02 1.40664189e+00
 -6.54081697e-02 1.40762264e+00
 3.53631241e-02 1.40944245e+00
 5.37743290e-02 1.41210261e+00
 5.52223959e-02 1.41560692e+00
 -1.03286052e-01 1.41996174e+00
 2.30027299e-02 1.42517600e+00
 1.37576757e-03 1.43126124e+00
 -3.75156746e-02 1.43823173e+00
 1.79606057e-02 1.44610449e+00
 5.51360217e-04 1.45489945e+00
 -7.47538804e-03 1.46463961e+00
 -4.05599277e-02 1.47535112e+00
 -4.18599418e-02 1.48706355e+00
 8.78789421e-02 1.49981006e+00
 5.37112875e-03 1.51362765e+00
 -5.73436738e-02 1.52855749e+00
 6.49204806e-02 1.54464522e+00
 3.88699228e-02 1.56194129e+00
 5.37621273e-02 1.58050147e+00
 1.06504851e-01 1.60038727e+00
 2.19270634e-02 1.62166651e+00
 6.89798448e-02 1.64441397e+00
 6.47404294e-03 1.66871211e+00
 9.28616261e-02 1.69465187e+00
 -2.17197504e-03 1.72233364e+00
 4.28052118e-02 1.75186838e+00
 -9.28464496e-02 1.78337880e+00
 1.01820139e-01 1.81700086e+00
 8.67485203e-03 1.85288545e+00
 -3.18226771e-02 1.89120028e+00
 -7.90220069e-03 1.93213223e+00
 3.63710519e-02 1.97588993e+00
 8.00971774e-02 2.02270690e+00
 1.10113123e-02 2.07284526e+00
 1.09120172e-01 2.12660001e+00
 -6.11357126e-02 2.18430429e+00
 3.48984168e-02 2.24633552e+00
 7.38763082e-02 2.31312287e+00
 -3.81223608e-02 2.38515631e+00
 3.42876799e-02 2.46299752e+00
 1.06859471e-01 2.54729341e+00
 3.42360843e-02 2.63879262e+00
 1.70828603e-01 2.73836620e+00
 1.65707574e-01 2.84703340e+00
 1.36563019e-01 2.96599431e+00
 2.38752637e-01 3.09667147e+00
 2.43851092e-01 3.24076349e+00
 1.79780147e-01 3.40031493e+00
 2.13394071e-01 3.57780834e+00
 2.36610034e-01 3.77628723e+00
 2.89548449e-01 3.99952258e+00
 3.14892047e-01 4.25224184e+00
 3.81164413e-01 4.54044954e+00
 4.71458785e-01 4.87188423e+00
 5.86277149e-01 5.25668412e+00
 5.70932253e-01 5.70837894e+00
 7.17951288e-01 6.24540653e+00
 8.90224925e-01 6.89349825e+00
 1.23048248e+00 7.68954667e+00
 1.51599663e+00 8.68807677e+00
 2.09891079e+00 9.97238161e+00
 2.88948959e+00 1.16739002e+01
 4.25803311e+00 1.40040394e+01
 6.71652881e+00 1.72859304e+01
 1.23743337e+01 2.17907524e+01
 2.56050083e+01 2.54943749e+01
 4.87390136e+01 1.06066958e+01
 3.89325397e+01 -2.18418472e+01
 1.83662122e+01 -2.46160860e+01
 9.41146158e+00 -1.98751661e+01
 5.42135664e+00 -1.59196367e+01
 3.48787777e+00 -1.31089456e+01
 2.41109640e+00 -1.10915938e+01
 1.71987225e+00 -9.59624127e+00
 1.38029011e+00 -8.45200000e+00
 1.00156783e+00 -7.55200608e+00
 8.52860242e-01 -6.82756839e+00
 7.53672534e-01 -6.23303721e+00
 6.20979504e-01 -5.73709029e+00
 4.48967502e-01 -5.31760746e+00
 4.55202526e-01 -4.95856365e+00
 4.21256429e-01 -4.64808577e+00
 3.11282110e-01 -4.37720111e+00
 3.40709934e-01 -4.13900920e+00
 2.13033497e-01 -3.92812007e+00
 1.95533938e-01 -3.74026480e+00
 3.26193824e-01 -3.57202010e+00
 1.42149299e-01 -3.42060986e+00
 2.86756197e-01 -3.28375990e+00
 1.32090550e-01 -3.15959001e+00
 1.85791484e-01 -3.04653264e+00
 1.00922308e-01 -2.94327087e+00
 1.02020769e-01 -2.84869055e+00
 1.21606258e-01 -2.76184300e+00
 1.07526286e-01 -2.68191559e+00
 6.65740237e-02 -2.60820846e+00
 8.98654792e-02 -2.54011581e+00
 6.73759322e-02 -2.47711079e+00
 8.79686361e-02 -2.41873322e+00
 1.90429233e-02 -2.36457959e+00
 6.99188990e-02 -2.31429476e+00
 8.86499715e-02 -2.26756506e+00
 9.69947479e-02 -2.22411265e+00
 1.36521933e-01 -2.18369066e+00
 8.28528932e-02 -2.14607923e+00
 1.43037952e-02 -2.11108202e+00
 1.31057805e-01 -2.07852340e+00
 9.21757366e-02 -2.04824592e+00
 3.80961593e-02 -2.02010825e+00
 -1.03055618e-02 -1.99398330e+00
 -8.61750017e-03 -1.96975675e+00
 -3.70839025e-02 -1.94732562e+00
 1.48071815e-01 -1.92659713e+00
 -1.13238599e-01 -1.90748773e+00
 -1.23099245e-02 -1.88992213e+00
 9.00145180e-02 -1.87383263e+00
 -1.73006414e-02 -1.85915837e+00
 5.41185579e-02 -1.84584479e+00
 -6.91158512e-02 -1.83384312e+00
 -4.93475834e-02 -1.82310991e+00
 1.86486410e-02 -1.81360668e+00
 -2.94757152e-03 -1.80529956e+00
 1.80466306e-02 -1.79815899e+00
 1.88200934e-02 -1.79215952e+00
 5.54025800e-02 -1.78727953e+00
 -1.23811039e-02 -1.78350110e+00
 -3.15211949e-02 -1.78080987e+00
 3.41081177e-02 -1.77919486e+00
 -1.02277254e-01 -1.77864846e+00
 -4.56030409e-02 -1.77916629e+00
 1.85493134e-02 -1.78074720e+00
 2.31748821e-02 -1.78339325e+00
 -1.71250155e-01 -1.78710969e+00
 -2.30822159e-02 -1.79190503e+00
 -2.69271508e-02 -1.79779105e+00
 -2.00621474e-02 -1.80478292e+00
 -8.29214245e-03 -1.81289924e+00
 -5.90605070e-02 -1.82216225e+00
 1.95826771e-02 -1.83259794e+00
 7.99692654e-02 -1.84423625e+00
 1.68342040e-02 -1.85711128e+00
 -1.18346069e-01 -1.87126157e+00
 -6.42957810e-03 -1.88673041e+00
 5.82732129e-02 -1.90356614e+00
 -6.62063117e-02 -1.92182261e+00
 4.13690424e-02 -1.94155958e+00
 -4.62028604e-02 -1.96284326e+00
 3.19054497e-02 -1.98574690e+00
 1.80373031e-02 -2.01035147e+00
 -1.74864591e-02 -2.03674642e+00
 3.19763249e-02 -2.06503056e+00
 1.00216967e-02 -2.09531309e+00
 -1.29966883e-01 -2.12771473e+00
 7.08731463e-03 -2.16236906e+00
 -5.46219286e-02 -2.19942408e+00
 3.72450209e-02 -2.23904395e+00
 -1.26489053e-01 -2.28141105e+00
 -1.51528948e-01 -2.32672837e+00
 -9.03871802e-02 -2.37522233e+00
 -1.74247656e-01 -2.42714599e+00
 -1.13465427e-01 -2.48278292e+00
 -1.44551902e-02 -2.54245173e+00
 6.45941518e-03 -2.60651145e+00
 -1.39037186e-01 -2.67536788e+00
 -9.77952932e-02 -2.74948134e+00
 -7.05415095e-02 -2.82937585e+00
 -1.47709594e-01 -2.91565031e+00
 -1.70792103e-01 -3.00899216e+00
 -1.66648981e-01 -3.11019409e+00
 -1.87463156e-01 -3.22017465e+00
 -1.43353073e-01 -3.34000401e+00
 -2.28525354e-01 -3.47093618e+00
 -1.99541078e-01 -3.61444978e+00
 -2.78213781e-01 -3.77230024e+00
 -3.04352324e-01 -3.94658704e+00
 -2.59972884e-01 -4.13984145e+00
 -2.94017275e-01 -4.35514238e+00
 -2.93426267e-01 -4.59627129e+00
 -4.08591817e-01 -4.86792222e+00
 -6.16773950e-01 -5.17599096e+00
 -5.03871557e-01 -5.52797996e+00
 -6.03006272e-01 -5.93357559e+00
 -6.58079843e-01 -6.40548778e+00
 -8.95131736e-01 -6.96069776e+00
 -1.12774630e+00 -7.62235540e+00
 -1.37826561e+00 -8.42273318e+00
 -1.70742529e+00 -9.40792917e+00
 -2.25309259e+00 -1.06454721e+01
 -3.04620893e+00 -1.22365392e+01
 -4.32944194e+00 -1.43339826e+01
 -6.42388371e+00 -1.71575798e+01
 -1.06278896e+01 -2.09243779e+01
 -1.91972698e+01 -2.51008944e+01
 -3.71025692e+01 -2.35010724e+01
 -5.19686777e+01 2.11534185e+00
 -3.44702163e+01 2.46281853e+01
 -1.78017835e+01 2.47341987e+01
 -9.96074250e+00 2.05101483e+01
 -6.19953512e+00 1.68722974e+01
 -4.06497294e+00 1.41567094e+01
 -3.00736784e+00 1.21348931e+01
 -2.19134310e+00 1.05961465e+01
 -1.64536447e+00 9.39555667e+00
 -1.39908588e+00 8.43717990e+00
 -1.07996888e+00 7.65679748e+00
 -8.82769315e-01 7.01042228e+00
 -7.94327425e-01 6.46715793e+00
 -6.70304477e-01 6.00477450e+00
 -5.87897761e-01 5.60692112e+00
 -4.76280744e-01 5.26132993e+00
 -4.01663452e-01 4.95863122e+00
 -3.97067752e-01 4.69155382e+00
 -3.02642504e-01 4.45437380e+00
 -3.51639574e-01 4.24252697e+00
 -2.15873357e-01 4.05233133e+00
 -2.87217356e-01 3.88078525e+00
 -2.86387201e-01 3.72541821e+00
 -2.14586711e-01 3.58417907e+00
 -2.21713361e-01 3.45535126e+00
 -2.12545020e-01 3.33748771e+00
 -1.82184011e-01 3.22936028e+00
 -1.49143569e-01 3.12992024e+00
 -1.41024840e-01 3.03826688e+00
 -2.82121438e-01 2.95362260e+00
 -1.01777860e-01 2.87531275e+00
 -8.97984096e-02 2.80274937e+00
 -1.32952892e-01 2.73541790e+00
 -1.39479790e-01 2.67286630e+00
 -4.69981039e-02 2.61469597e+00
 -3.77361814e-02 2.56055433e+00
 -7.77841956e-02 2.51012852e+00
 -7.06860809e-02 2.46314015e+00
 -3.44190433e-02 2.41934088e+00
 -1.04704499e-01 2.37850865e+00
 -1.19324895e-01 2.34044449e+00
 -8.01089343e-02 2.30496981e+00
 -4.82444568e-02 2.27192402e+00
 -7.18408018e-02 2.24116255e+00
 9.06994343e-02 2.21255509e+00
 -6.07041158e-02 2.18598411e+00
 -6.13720745e-03 2.16134357e+00
 -6.53285760e-02 2.13853772e+00
 -1.02487142e-01 2.11748020e+00
 3.95053256e-03 2.09809311e+00
 -3.17973440e-02 2.08030631e+00
 4.11839849e-02 2.06405674e+00
 1.15560971e-03 2.04928782e+00
 1.69224980e-02 2.03594902e+00
 -2.06529740e-02 2.02399535e+00
 -1.58330188e-02 2.01338702e+00
 6.77683032e-02 2.00408910e+00
 -4.14220036e-02 1.99607125e+00
 2.57411502e-02 1.98930744e+00
 -4.76169327e-02 1.98377580e+00
 6.12727071e-02 1.97945839e+00
 -3.50611442e-02 1.97634112e+00
 6.89189375e-03 1.97441358e+00
 -9.19188401e-03 1.97366902e+00
 -3.45279195e-02 1.97410425e+00
 -7.94197775e-03 1.97571962e+00
 -1.01036185e-01 1.97851907e+00
 -7.45066705e-03 1.98251007e+00
 6.04479571e-02 1.98770375e+00
 -5.30665809e-03 1.99411494e+00
 3.56779032e-02 2.00176225e+00
 -3.02281130e-04 2.01066830e+00
 1.00498086e-01 2.02085977e+00
 -4.21318424e-02 2.03236770e+00
 1.18465951e-02 2.04522767e+00
 4.21901755e-02 2.05948009e+00
 3.31504467e-02 2.07517056e+00
 1.36749764e-02 2.09235019e+00
 -2.18052316e-02 2.11107606e+00
 3.04427355e-02 2.13141169e+00
 -3.31295972e-02 2.15342763e+00
 1.16382269e-01 2.17720209e+00
 8.03751399e-02 2.20282165e+00
 -2.81569008e-02 2.23038212e+00
 8.14631895e-02 2.25998949e+00
 -3.51738821e-02 2.29176104e+00
 8.88406246e-02 2.32582659e+00
 5.02825977e-02 2.36232997e+00
 3.05350604e-02 2.40143065e+00
 3.63541455e-02 2.44330574e+00
 -1.12361309e-02 2.48815218e+00
 6.15904735e-02 2.53618941e+00
 9.00941060e-02 2.58766237e+00
 1.42363248e-02 2.64284512e+00
 1.36168864e-01 2.70204501e+00
 2.01925516e-01 2.76560772e+00
 5.58608314e-02 2.83392310e+00
 5.83494383e-02 2.90743227e+00
 1.59031345e-01 2.98663603e+00
 1.29787606e-01 3.07210507e+00
 1.90731558e-01 3.16449231e+00
 1.86229507e-01 3.26454798e+00
 1.51962420e-01 3.37313810e+00
 1.57920907e-01 3.49126733e+00
 2.00489939e-01 3.62010757e+00
 2.66433268e-01 3.76103367e+00
 2.85692748e-01 3.91566885e+00
 2.85730568e-01 4.08594274e+00
 3.46666040e-01 4.27416630e+00
 3.85767596e-01 4.48312975e+00
 4.06773336e-01 4.71623188e+00
 4.48351039e-01 4.97765314e+00
 4.17754943e-01 5.27259037e+00
 6.57412287e-01 5.60758005e+00
 7.22025979e-01 5.99095043e+00
 8.28989067e-01 6.43346510e+00
 8.59571580e-01 6.94925567e+00
 1.15987781e+00 7.55719944e+00
 1.43306229e+00 8.28299232e+00
 1.63469999e+00 9.16231832e+00
 2.18240263e+00 1.02457338e+01
 2.95587906e+00 1.16060782e+01
 3.90843665e+00 1.33487439e+01
 5.61280930e+00 1.56203973e+01
 8.49285110e+00 1.85833596e+01
 1.39914280e+01 2.21618253e+01
 2.50040301e+01 2.45022425e+01
 4.28243659e+01 1.61187336e+01
 4.64479725e+01 -1.05361411e+01
 2.90353142e+01 -2.40164883e+01
 1.61151895e+01 -2.29679708e+01
 9.55616229e+00 -1.93903739e+01
 6.12998822e+00 -1.62563126e+01
 4.34224894e+00 -1.38350204e+01
 3.06762930e+00 -1.19817892e+01
 2.41249605e+00 -1.05415964e+01
 1.93447859e+00 -9.39991335e+00
 1.50628127e+00 -8.47725162e+00
 1.13445168e+00 -7.71856541e+00
 1.00444183e+00 -7.08516600e+00
 8.69932537e-01 -6.54932403e+00
 6.75189199e-01 -6.09076155e+00
 6.99543241e-01 -5.69436340e+00
 5.85388352e-01 -5.34866208e+00
 5.59071032e-01 -5.04481637e+00
 4.11533880e-01 -4.77590974e+00
 3.83376608e-01 -4.53645933e+00
 2.54978707e-01 -4.32206643e+00
 2.41861002e-01 -4.12916350e+00
 3.50610285e-01 -3.95482828e+00
 2.58215030e-01 -3.79664538e+00
 3.21950150e-01 -3.65260173e+00
 2.18033001e-01 -3.52100681e+00
 2.02783426e-01 -3.40043102e+00
 1.68701407e-01 -3.28965761e+00
 1.00275751e-01 -3.18764481e+00
 1.23157974e-01 -3.09349576e+00
 1.42787526e-01 -3.00643442e+00
 1.09294914e-01 -2.92578613e+00
 9.63175838e-02 -2.85096176e+00
 1.65469686e-01 -2.78144481e+00
 6.02617611e-02 -2.71678075e+00
 1.26307095e-01 -2.65656814e+00
 1.08359801e-02 -2.60045135e+00
 7.06969805e-02 -2.54811433e+00
 1.08069505e-01 -2.49927547e+00
 1.24606791e-01 -2.45368322e+00
 7.44395342e-02 -2.41111234e+00
 1.57789504e-02 -2.37136074e+00
 8.06988427e-02 -2.33424679e+00
 4.43202351e-02 -2.29960696e+00
 5.21391965e-02 -2.26729385e+00
 9.05833964e-02 -2.23717442e+00
 8.42081882e-02 -2.20912848e+00
 2.75813324e-03 -2.18304743e+00
 7.49091569e-02 -2.15883311e+00
 5.46519786e-02 -2.13639678e+00
 5.22360189e-02 -2.11565827e+00
 2.20521129e-02 -2.09654526e+00
 1.09023337e-02 -2.07899256e+00
 -8.18928296e-03 -2.06294157e+00
 4.01647322e-02 -2.04833974e+00
 5.23990141e-02 -2.03514018e+00
 3.03448136e-02 -2.02330122e+00
 2.44820972e-02 -2.01278610e+00
 6.51172471e-02 -2.00356268e+00
 2.95983999e-03 -1.99560320e+00
 -8.71069640e-02 -1.98888404e+00
 2.33394386e-02 -1.98338557e+00
 9.16851613e-03 -1.97909201e+00
 3.13536248e-02 -1.97599127e+00
 2.67632694e-02 -1.97407494e+00
 -9.51980139e-02 -1.97333815e+00
 -5.34509106e-02 -1.97377959e+00
 2.05303434e-03 -1.97540150e+00
 2.43531183e-02 -1.97820967e+00
 -4.57635885e-02 -1.98221348e+00
 -3.29368247e-02 -1.98742600e+00
 -1.21019294e-02 -1.99386409e+00
 -4.34237015e-02 -2.00154848e+00
 -4.69938894e-03 -2.01050401e+00
 -3.70961149e-02 -2.02075975e+00
 1.83360639e-02 -2.03234927e+00
 1.02544453e-02 -2.04531091e+00
 -6.57365950e-02 -2.05968810e+00
 -5.60326559e-02 -2.07552967e+00
 -6.68013768e-02 -2.09289034e+00
 -5.19229219e-02 -2.11183117e+00
 -4.64796986e-02 -2.13242008e+00
 -4.14989438e-02 -2.15473252e+00
 -8.08628380e-02 -2.17885218e+00
 -4.30635698e-02 -2.20487179e+00
 -3.74160347e-02 -2.23289407e+00
 -6.12964120e-02 -2.26303282e+00
 -9.24746757e-02 -2.29541417e+00
 -1.44412996e-01 -2.33017797e+00
 -6.26625261e-02 -2.36747949e+00
 -6.18812748e-03 -2.40749130e+00
 -5.84411571e-02 -2.45040548e+00
 -5.78581016e-02 -2.49643623e+00
 -9.00958063e-02 -2.54582288e+00
 -8.51903360e-02 -2.59883341e+00
 -3.62375329e-02 -2.65576864e+00
 -1.13998015e-01 -2.71696716e+00
 -1.30300732e-01 -2.78281120e+00
 -1.49322372e-01 -2.85373360e+00
 -1.10316500e-01 -2.93022620e+00
 -1.93035004e-01 -3.01285001e+00
 -2.18305530e-01 -3.10224747e+00
 -1.90091150e-01 -3.19915746e+00
 -1.78981159e-01 -3.30443377e+00
 -3.13205828e-01 -3.41906790e+00
 -2.13580798e-01 -3.54421758e+00
 -2.64559623e-01 -3.68124259e+00
 -3.47342145e-01 -3.83175013e+00
 -3.13381747e-01 -3.99765302e+00
 -4.42923797e-01 -4.18124484e+00
 -3.06677295e-01 -4.38529811e+00
 -5.19858471e-01 -4.61319416e+00
 -4.36317154e-01 -4.86909679e+00
 -5.94603430e-01 -5.15818787e+00
 -7.76003986e-01 -5.48699122e+00
 -7.41208389e-01 -5.86382489e+00
 -8.50866788e-01 -6.29944241e+00
 -1.07465971e+00 -6.80795647e+00
 -1.26825954e+00 -7.40818953e+00
 -1.51992997e+00 -8.12567187e+00
 -1.83485993e+00 -8.99560721e+00
 -2.38676535e+00 -1.00671932e+01
 -3.22171901e+00 -1.14094076e+01
 -4.46858887e+00 -1.31163012e+01
 -6.30734155e+00 -1.52992245e+01
 -9.80395258e+00 -1.80017639e+01
 -1.61399848e+01 -2.07240797e+01
 -2.77409841e+01 -2.02945257e+01
 -4.11954893e+01 -7.37603512e+00
 -3.72620381e+01 1.38069327e+01
 -2.30052441e+01 2.10912674e+01
 -1.34794412e+01 1.96871491e+01
 -8.36685896e+00 1.68390618e+01
 -5.64591070e+00 1.43193549e+01
 -4.04660901e+00 1.23228707e+01
 -2.93147590e+00 1.07612522e+01
 -2.32385696e+00 9.52681213e+00
 -1.79513336e+00 8.53510998e+00
 -1.37488518e+00 7.72515791e+00
 -1.18305029e+00 7.05346982e+00
 -9.81432525e-01 6.48878842e+00
 -7.30424963e-01 6.00830909e+00
 -7.93613941e-01 5.59511322e+00
 -6.48467699e-01 5.23643864e+00
 -4.85025780e-01 4.92250576e+00
 -4.03173085e-01 4.64571034e+00
 -4.58932635e-01 4.40005988e+00
 -4.25960329e-01 4.18077376e+00
 -3.90942726e-01 3.98399521e+00
 -2.92810603e-01 3.80658083e+00
 -3.63912585e-01 3.64594448e+00
 -2.12309418e-01 3.49994020e+00
 -1.85109041e-01 3.36677316e+00
 -2.85363155e-01 3.24493128e+00
 -2.92239102e-01 3.13313217e+00
 -2.12335240e-01 3.03028142e+00
 -1.53570443e-01 2.93543976e+00
 -8.47642071e-02 2.84779673e+00
 -1.66902836e-01 2.76664960e+00
 -1.02614756e-01 2.69138623e+00
 -1.69335674e-01 2.62147113e+00
 -9.25139353e-02 2.55643403e+00
 -4.12479493e-02 2.49586039e+00
 -6.59332894e-02 2.43938355e+00
 -7.93259280e-02 2.38667821e+00
 -7.23916488e-02 2.33745486e+00
 -3.56178070e-02 2.29145520e+00
 1.13155723e-02 2.24844818e+00
 -8.42920825e-02 2.20822665e+00
 -8.10856094e-02 2.17060452e+00
 -9.46336533e-02 2.13541431e+00
 -3.35206792e-02 2.10250504e+00
 8.54122292e-03 2.07174044e+00
 -4.10718647e-02 2.04299733e+00
 -7.57252879e-02 2.01616430e+00
 -9.85581182e-02 1.99114052e+00
 -3.17357383e-02 1.96783466e+00
 7.60773392e-02 1.94616407e+00
 -1.20060800e-01 1.92605392e+00
 6.04405703e-02 1.90743653e+00
 1.28143665e-03 1.89025079e+00
 -1.92711752e-02 1.87444158e+00
 1.22370280e-01 1.85995935e+00
 -6.01888609e-03 1.84675969e+00
 -2.95110867e-02 1.83480297e+00
 2.46683786e-02 1.82405406e+00
 6.01261683e-02 1.81448203e+00
 -7.66712264e-03 1.80605991e+00
 2.00570006e-02 1.79876455e+00
 -8.20472096e-02 1.79257638e+00
 -1.87394784e-02 1.78747935e+00
 1.32233858e-01 1.78346073e+00
 1.11907343e-01 1.78051111e+00
 -8.51191661e-03 1.77862431e+00
 -8.68849567e-04 1.77779730e+00
 7.84846579e-03 1.77803027e+00
 -4.58491119e-03 1.77932657e+00
 2.28644062e-02 1.78169277e+00
 5.08808693e-02 1.78513875e+00
 -3.78472273e-02 1.78967770e+00
 4.17607558e-02 1.79532632e+00
 -3.23989124e-03 1.80210490e+00
 -1.15116683e-03 1.81003749e+00
 -8.17957528e-03 1.81915215e+00
 6.18639021e-02 1.82948109e+00
 4.11403537e-02 1.84106103e+00
 4.59732123e-02 1.85393348e+00
 1.87066000e-02 1.86814507e+00
 3.41837107e-02 1.88374804e+00
 3.57801190e-02 1.90080066e+00
 -5.45264120e-02 1.91936779e+00
 5.00004214e-02 1.93952154e+00
 3.23435829e-02 1.96134192e+00
 1.02576594e-02 1.98491777e+00
 1.33471254e-01 2.01034759e+00
 2.78640290e-02 2.03774072e+00
 5.87017384e-02 2.06721855e+00
 6.49801819e-02 2.09891601e+00
 1.34413163e-01 2.13298319e+00
 7.51501059e-02 2.16958735e+00
 3.83044485e-02 2.20891518e+00
 2.03181212e-01 2.25117545e+00
 1.13045934e-01 2.29660215e+00
 6.82689042e-02 2.34545817e+00
 5.20738758e-02 2.39803967e+00
 1.10462488e-01 2.45468123e+00
 1.90419365e-02 2.51576211e+00
 5.00693994e-02 2.58171362e+00
 1.25915554e-01 2.65302817e+00
 1.31056194e-01 2.73027014e+00
 2.06062971e-01 2.81408922e+00
 1.79719893e-01 2.90523686e+00
 1.29782749e-01 3.00458655e+00
 2.36059572e-01 3.11315921e+00
 2.53146465e-01 3.23215514e+00
 2.81609326e-01 3.36299451e+00
 3.41079766e-01 3.50736928e+00
 4.37397960e-01 3.66731028e+00
 3.98389005e-01 3.84527496e+00
 4.94329274e-01 4.04426331e+00
 4.83299933e-01 4.26797286e+00
 5.01071363e-01 4.52100870e+00
 6.14770989e-01 4.80917155e+00
 7.25160652e-01 5.13985857e+00
 8.27804106e-01 5.52262829e+00
 1.07593285e+00 5.97000678e+00
 1.13245568e+00 6.49864838e+00
 1.46769463e+00 7.13100838e+00
 1.83348809e+00 7.89770935e+00
 2.31611241e+00 8.84065502e+00
 3.15681022e+00 1.00161221e+01
 4.45128300e+00 1.14932926e+01
 6.49331604e+00 1.33274029e+01
 9.83126064e+00 1.54161512e+01
 1.61878590e+01 1.68628688e+01
 2.62426756e+01 1.39233424e+01
 3.34323756e+01 7.17398223e-01
 2.70068738e+01 -1.31021683e+01
 1.68028718e+01 -1.66003127e+01
 1.01930383e+01 -1.52933006e+01
 6.62464206e+00 -1.32110815e+01
 4.46912792e+00 -1.13578196e+01
 3.18478349e+00 -9.86072209e+00
 2.46832000e+00 -8.66898773e+00
 1.91630626e+00 -7.71341120e+00
 1.47608886e+00 -6.93693063e+00
 1.28028486e+00 -6.29690019e+00
 1.04232208e+00 -5.76212881e+00
 9.80580887e-01 -5.30974886e+00
 7.73845887e-01 -4.92281045e+00
 6.47130584e-01 -4.58857477e+00
 4.67727444e-01 -4.29732855e+00
 5.09798460e-01 -4.04156059e+00
 4.71988387e-01 -3.81538492e+00
 2.93610123e-01 -3.61413185e+00
 3.94017238e-01 -3.43405421e+00
 2.51082287e-01 -3.27211336e+00
 2.95326422e-01 -3.12582136e+00
 2.83677234e-01 -2.99312301e+00
 3.26073818e-01 -2.87230665e+00
 1.00030947e-01 -2.76193599e+00
 1.75243271e-01 -2.66079736e+00
 1.97050321e-01 -2.56785861e+00
 1.69926443e-01 -2.48223673e+00
 1.11995755e-01 -2.40317207e+00
 1.43664339e-01 -2.33000779e+00
 3.33551694e-02 -2.26217320e+00
 7.16003824e-02 -2.19917025e+00
 6.82105466e-02 -2.14056251e+00
 4.98737168e-02 -2.08596603e+00
 7.86238480e-02 -2.03504184e+00
 -2.52153849e-02 -1.98748969e+00
 3.78193213e-02 -1.94304274e+00
 1.36363860e-01 -1.90146323e+00
 9.15088546e-02 -1.86253871e+00
 1.43460025e-01 -1.82607885e+00
 5.16468977e-02 -1.79191282e+00
 7.73244983e-02 -1.75988690e+00
 -4.03929351e-02 -1.72986257e+00
 7.27270614e-02 -1.70171475e+00
 1.00199141e-02 -1.67533037e+00
 4.14332681e-02 -1.65060707e+00
 1.12201989e-01 -1.62745210e+00
 2.00661279e-02 -1.60578134e+00
 6.52136094e-02 -1.58551849e+00
 7.63766067e-03 -1.56659430e+00
 1.14853412e-02 -1.54894591e+00
 4.76914673e-02 -1.53251634e+00
 9.65842079e-02 -1.51725394e+00
 3.58634072e-02 -1.50311198e+00
 1.62668087e-02 -1.49004824e+00
 3.07139785e-02 -1.47802472e+00
 8.33737071e-02 -1.46700728e+00
 -1.45854722e-02 -1.45696544e+00
 3.18718685e-02 -1.44787213e+00
 5.89858520e-02 -1.43970349e+00
 -1.43685569e-02 -1.43243872e+00
 8.44652266e-03 -1.42605990e+00
 5.15509281e-02 -1.42055193e+00
 -4.05488750e-02 -1.41590239e+00
 4.67841783e-02 -1.41210148e+00
 -2.20537346e-02 -1.40914194e+00
 -4.52795010e-03 -1.40701905e+00
 7.49478974e-02 -1.40573058e+00
 1.06525652e-02 -1.40527678e+00
 -3.29628045e-02 -1.40566045e+00
 -7.03143236e-03 -1.40688689e+00
 -1.92608268e-02 -1.40896405e+00
 -1.77623937e-02 -1.41190252e+00
 -4.21746970e-02 -1.41571567e+00
 3.01106133e-02 -1.42041977e+00
 -3.52911979e-02 -1.42603410e+00
 -1.94073693e-02 -1.43258116e+00
 1.98360518e-02 -1.44008684e+00
 -2.87121794e-02 -1.44858065e+00
 -6.79112647e-02 -1.45809602e+00
 -5.76883260e-02 -1.46867056e+00
 -3.18643087e-02 -1.48034646e+00
 5.71989822e-02 -1.49317086e+00
 1.38294508e-02 -1.50719634e+00
 -3.91896146e-02 -1.52248146e+00
 -8.76477174e-03 -1.53909134e+00
 -7.62974720e-02 -1.55709843e+00
 3.44839270e-02 -1.57658325e+00
 -8.99390226e-02 -1.59763540e+00
 -2.60568010e-02 -1.62035460e+00
 -9.76569971e-02 -1.64485198e+00
 -7.08184361e-02 -1.67125153e+00
 -6.17479721e-03 -1.69969181e+00
 -7.98124602e-02 -1.73032797e+00
 -1.17368332e-01 -1.76333408e+00
 1.50583756e-02 -1.79890594e+00
 -1.12728129e-01 -1.83726432e+00
 -1.29719838e-01 -1.87865891e+00
 -9.35937440e-02 -1.92337298e+00
 -2.12426387e-01 -1.97172901e+00
 -8.73754047e-02 -2.02409549e+00
 -1.04236487e-01 -2.08089515e+00
 -1.70766783e-01 -2.14261510e+00
 -1.95533857e-01 -2.20981924e+00
 -1.64132645e-01 -2.28316367e+00
 -2.35121155e-01 -2.36341597e+00
 -1.80996405e-01 -2.45147941e+00
 -2.35925737e-01 -2.54842375e+00
 -2.69359347e-01 -2.65552465e+00
 -3.41975382e-01 -2.77431464e+00
 -3.17191791e-01 -2.90664982e+00
 -4.20409232e-01 -3.05479776e+00
 -3.79201857e-01 -3.22155512e+00
 -4.15745975e-01 -3.41040644e+00
 -4.00929486e-01 -3.62574136e+00
 -6.08560414e-01 -3.87315510e+00
 -7.56408573e-01 -4.15986846e+00
 -8.29790037e-01 -4.49531894e+00
 -9.92796149e-01 -4.89199280e+00
 -1.22614375e+00 -5.36657655e+00
 -1.64352724e+00 -5.94145885e+00
 -1.97952147e+00 -6.64632723e+00
 -2.63222481e+00 -7.51840115e+00
 -3.60519181e+00 -8.59510927e+00
 -5.37090076e+00 -9.87438305e+00
 -8.23885921e+00 -1.11453148e+01
 -1.33787037e+01 -1.13658906e+01
 -1.99970994e+01 -7.41795974e+00
 -2.23771124e+01 2.42539263e+00
 -1.68018777e+01 9.78998942e+00
 -1.05992114e+01 1.11784164e+01
 -6.74568065e+00 1.02199246e+01
 -4.46654127e+00 8.89445034e+00
 -3.12561106e+00 7.71017252e+00
 -2.27604847e+00 6.73878513e+00
 -1.71405982e+00 5.95422580e+00
 -1.44933645e+00 5.31744668e+00
 -1.06507970e+00 4.79484708e+00
 -9.33114808e-01 4.36056091e+00
 -8.06979020e-01 3.99524164e+00
 -6.45258287e-01 3.68445337e+00
 -5.87054333e-01 3.41734259e+00
 -4.96106675e-01 3.18565601e+00
 -3.74095880e-01 2.98303840e+00
 -3.92617304e-01 2.80453415e+00
 -2.39042302e-01 2.64623197e+00
 -2.67069330e-01 2.50500949e+00
 -2.85645262e-01 2.37834745e+00
 -2.94786738e-01 2.26419313e+00
 -2.23070869e-01 2.16085864e+00
 -1.87959453e-01 2.06694430e+00
 -1.45199477e-01 1.98128038e+00
 -9.57366980e-02 1.90288224e+00
 -1.95294324e-01 1.83091549e+00
 -1.13534265e-01 1.76466868e+00
 -9.98237550e-02 1.70353164e+00
 -9.31331852e-02 1.64697830e+00
 -5.38089675e-02 1.59455281e+00
 -8.23409755e-02 1.54585833e+00
 -1.06203393e-01 1.50054788e+00
 -2.11541556e-02 1.45831683e+00
 -9.42678540e-02 1.41889676e+00
 -6.39367499e-02 1.38205026e+00
 -8.31671160e-02 1.34756669e+00
 -5.74385521e-02 1.31525858e+00
 1.60233587e-02 1.28495857e+00
 -8.64256267e-02 1.25651688e+00
 -8.94373169e-02 1.22979911e+00
 -2.55312013e-02 1.20468439e+00
 -5.12535530e-02 1.18106377e+00
 -5.17750359e-02 1.15883887e+00
 1.50598537e-03 1.13792069e+00
 -3.54911018e-02 1.11822858e+00
 -3.95131321e-02 1.09968935e+00
 -3.05650474e-02 1.08223650e+00
 -3.09704640e-02 1.06580955e+00
 2.74371006e-02 1.05035344e+00
 4.00750491e-02 1.03581802e+00
 -2.44287136e-02 1.02215760e+00
 -5.00833707e-02 1.00933052e+00
 -7.52513857e-02 9.97298832e-01
 3.29023673e-02 9.86027990e-01
 -2.12550797e-02 9.75486547e-01
 5.44435007e-03 9.65645935e-01
 2.91243666e-02 9.56480249e-01
 -5.78325035e-02 9.47966057e-01
 1.16804910e-02 9.40082238e-01
 1.16238654e-02 9.32809836e-01
 2.65040060e-02 9.26131934e-01
 -4.72076839e-02 9.20033550e-01
 4.34639993e-02 9.14501540e-01
 -3.33036910e-02 9.09524517e-01
 -1.91752654e-02 9.05092793e-01
 -6.69875264e-02 9.01198321e-01
 5.14308809e-02 8.97834653e-01
 -6.07665197e-02 8.94996917e-01
 -7.81713084e-02 8.92681793e-01
 1.80942992e-02 8.90887512e-01
 -3.40570279e-02 8.89613857e-01
 -4.07404111e-02 8.88862180e-01
 4.41694129e-02 8.88635433e-01
 -1.07385494e-02 8.88938206e-01
 3.11835566e-02 8.89776781e-01
 8.38923856e-02 8.91159200e-01
 3.49157518e-02 8.93095348e-01
 2.88943178e-02 8.95597054e-01
 2.17667034e-02 8.98678205e-01
 8.36644803e-02 9.02354887e-01
 1.95589602e-02 9.06645544e-01
 2.24580886e-02 9.11571164e-01
 1.15704744e-02 9.17155495e-01
 2.87453301e-02 9.23425293e-01
 5.68260654e-02 9.30410604e-01
 5.86138125e-02 9.38145099e-01
 4.28987284e-02 9.46666451e-01
 6.16573785e-02 9.56016771e-01
 8.78496903e-02 9.66243120e-01
 -8.12153065e-02 9.77398092e-01
 1.91582312e-02 9.89540497e-01
 6.30311655e-02 1.00273616e+00
 3.68311159e-02 1.01705883e+00
 2.83003092e-02 1.03259129e+00
 6.86670557e-02 1.04942664e+00
 5.16835304e-02 1.06766977e+00
 3.46402942e-02 1.08743917e+00
 9.43319259e-02 1.10886909e+00
 4.68855866e-02 1.13211204e+00
 5.28083935e-02 1.15734188e+00
 5.00531607e-02 1.18475754e+00
 3.02937910e-02 1.21458753e+00
 3.44397756e-02 1.24709543e+00
 1.18050995e-02 1.28258676e+00
 8.15602023e-02 1.32141734e+00
 1.74850732e-01 1.36400389e+00
 1.49064511e-01 1.41083730e+00
 1.20845210e-01 1.46249948e+00
 1.48876154e-01 1.51968498e+00
 1.94490071e-01 1.58322891e+00
 1.27325957e-01 1.65414345e+00
 1.37378992e-01 1.73366592e+00
 2.70990256e-01 1.82332296e+00
 2.93321232e-01 1.92501689e+00
 3.34036263e-01 2.04114328e+00
 3.32866155e-01 2.17475239e+00
 3.79561395e-01 2.32977196e+00
 5.30668795e-01 2.51131498e+00
 6.02574768e-01 2.72609835e+00
 6.78923184e-01 2.98298630e+00
 9.22824130e-01 3.29359861e+00
 1.25607724e+00 3.67263342e+00
 1.57128965e+00 4.13649397e+00
 2.25909798e+00 4.69496243e+00
 3.32489740e+00 5.31663422e+00
 4.99348415e+00 5.80113169e+00
 7.79248772e+00 5.39939327e+00
 1.07566939e+01 2.54466560e+00
 1.06769498e+01 -2.26630186e+00
 7.70591814e+00 -5.04106661e+00
 4.95256830e+00 -5.40385429e+00
 3.29407561e+00 -4.91230161e+00
 2.12279284e+00 -4.29269547e+00
 1.62812124e+00 -3.73764993e+00
 1.16391746e+00 -3.27670978e+00
 9.01074193e-01 -2.89981959e+00
 7.69550797e-01 -2.59066407e+00
 6.19060578e-01 -2.33468321e+00
 5.05994166e-01 -2.12037544e+00
 5.00422665e-01 -1.93896579e+00
 3.74616365e-01 -1.78380226e+00
 3.45214273e-01 -1.64981869e+00
 1.99027600e-01 -1.53312111e+00
 2.07956844e-01 -1.43068387e+00
 1.64510134e-01 -1.34012935e+00
 2.13764612e-01 -1.25956845e+00
 1.37659227e-01 -1.18748426e+00
 2.23179820e-01 -1.12264662e+00
 1.00906682e-01 -1.06404859e+00
 9.45907688e-02 -1.01085878e+00
 1.22859458e-01 -9.62385233e-01
 5.99625148e-02 -9.18047729e-01
 1.25025954e-01 -8.77356333e-01
 5.20059231e-02 -8.39894685e-01
 6.44059239e-02 -8.05306809e-01
 7.89088969e-02 -7.73286650e-01
 1.60217083e-02 -7.43569684e-01
 2.75788877e-02 -7.15926165e-01
 3.05027312e-02 -6.90155628e-01
 -5.33326283e-03 -6.66082402e-01
 1.74959629e-03 -6.43551920e-01
 2.32047368e-03 -6.22427660e-01
 6.00782172e-02 -6.02588607e-01
 1.06637978e-01 -5.83927121e-01
 4.32803575e-02 -5.66347155e-01
 -4.27246284e-02 -5.49762744e-01
 1.11126341e-01 -5.34096722e-01
 -2.21527979e-02 -5.19279635e-01
 9.90489779e-02 -5.05248804e-01
 1.09084053e-02 -4.91947528e-01
 -1.08653446e-02 -4.79324387e-01
 5.34830744e-03 -4.67332652e-01
 2.81679032e-02 -4.55929762e-01
 7.13927439e-02 -4.45076871e-01
 1.08916075e-02 -4.34738461e-01
 4.77741547e-02 -4.24881990e-01
 7.07967789e-02 -4.15477592e-01
 -6.99377349e-02 -4.06497808e-01
 1.96003119e-02 -3.97917355e-01
 7.46083415e-03 -3.89712912e-01
 -1.87956180e-02 -3.81862936e-01
 -2.60467784e-03 -3.74347501e-01
 -6.84553926e-03 -3.67148148e-01
 -3.50886334e-02 -3.60247754e-01
 3.58208422e-02 -3.53630416e-01
 -7.78394696e-02 -3.47281346e-01
 -9.22944696e-03 -3.41186776e-01
 -5.88584675e-02 -3.35333871e-01
 9.25926630e-03 -3.29710658e-01
 -5.18354998e-03 -3.24305950e-01
 2.74818848e-02 -3.19109287e-01
 6.20246527e-04 -3.14110880e-01
 4.24764711e-02 -3.09301556e-01
 4.45145711e-02 -3.04672716e-01
 -3.84918880e-02 -3.00216287e-01
 -1.71483066e-02 -2.95924687e-01
 -2.71932631e-02 -2.91790789e-01
 2.54451265e-02 -2.87807887e-01
 -1.06350983e-02 -2.83969667e-01
 4.53221698e-02 -2.80270182e-01
 -3.33939808e-02 -2.76703822e-01
 2.16118528e-02 -2.73265297e-01
 2.12885872e-02 -2.69949613e-01
 -2.14642262e-02 -2.66752050e-01
 -5.66030361e-02 -2.63668150e-01
 9.82325037e-02 -2.60693697e-01
 3.94853421e-02 -2.57824700e-01
 1.82179477e-02 -2.55057383e-01
 4.78690690e-02 -2.52388172e-01
 1.07756897e-01 -2.49813677e-01
 -2.37443719e-02 -2.47330687e-01
 4.35286006e-02 -2.44936159e-01
 8.80766435e-03 -2.42627205e-01
 -6.05377244e-03 -2.40401087e-01
 4.98774022e-02 -2.38255204e-01
 -2.57352107e-02 -2.36187089e-01
 -4.23245715e-02 -2.34194401e-01
 -5.62857830e-02 -2.32274916e-01
 -2.13272579e-02 -2.30426522e-01
 -7.80735153e-03 -2.28647213e-01
 7.43389700e-03 -2.26935084e-01
 7.95843129e-02 -2.25288326e-01
 3.33389294e-02 -2.23705223e-01
 -7.43453496e-02 -2.22184141e-01
 2.02353169e-02 -2.20723533e-01
 2.05369975e-02 -2.19321929e-01
 2.25815661e-02 -2.17977934e-01
 -4.10227597e-02 -2.16690225e-01
 -6.48263928e-02 -2.15457546e-01
 -8.90930810e-02 -2.14278711e-01
 -3.21525961e-02 -2.13152592e-01
 -9.91918999e-02 -2.12078124e-01
 -1.28830281e-01 -2.11054300e-01
 -1.04583514e-03 -2.10080167e-01
 -7.77753320e-02 -2.09154829e-01
 -3.62032484e-02 -2.08277438e-01
 3.22121536e-02 -2.07447198e-01
 -2.55022117e-02 -2.06663361e-01
 -2.72579744e-02 -2.05925225e-01
 -2.83543736e-02 -2.05232133e-01
 -1.23492213e-01 -2.04583473e-01
 5.02232883e-03 -2.03978675e-01
 7.21368673e-02 -2.03417210e-01
 -7.85153257e-02 -2.02898589e-01
 1.29009406e-02 -2.02422365e-01
 8.82885789e-02 -2.01988125e-01
 -8.77093190e-02 -2.01595498e-01
 3.72394339e-02 -2.01244147e-01
 6.32215200e-02 -2.00933772e-01
 -4.08571238e-02 -2.00664111e-01
 -4.78815660e-02 -2.00434933e-01
 2.03590393e-04 -2.00246045e-01
 5.28971279e-02 -2.00097288e-01
 1.93665777e-03 -1.99988536e-01
 -2.92572009e-02 -1.99919696e-01
 -2.40479632e-02 -1.99890711e-01
 -4.98973477e-02 -1.99901557e-01
 -4.17821552e-02 -1.99952242e-01
 -1.05947611e-01 -2.00042808e-01
 -7.42701923e-03 -2.00173333e-01
 2.02736975e-02 -2.00343924e-01
 6.29525150e-02 -2.00554727e-01
 -1.15857531e-02 -2.00805920e-01
 3.01590700e-02 -2.01097713e-01
 1.96397615e-02 -2.01430356e-01
 5.27185217e-02 -2.01804131e-01
 5.13456719e-02 -2.02219356e-01
 -6.77763370e-02 -2.02676388e-01
 2.64440675e-03 -2.03175619e-01
 -2.93463556e-02 -2.03717481e-01
 -4.85560096e-02 -2.04302442e-01
 2.56217802e-02 -2.04931012e-01
 -6.39887282e-02 -2.05603743e-01
 -2.81541118e-02 -2.06321226e-01
 -1.54481812e-02 -2.07084098e-01
 -4.13035923e-02 -2.07893039e-01
 2.59044613e-02 -2.08748774e-01
 -6.48865659e-03 -2.09652079e-01
 3.23223433e-03 -2.10603774e-01
 4.89018748e-02 -2.11604734e-01
 7.93535386e-03 -2.12655885e-01
 -1.90005248e-02 -2.13758209e-01
 -6.46490354e-02 -2.14912741e-01
 -9.09793174e-03 -2.16120581e-01
 -1.22779974e-02 -2.17382887e-01
 -9.84814407e-02 -2.18700881e-01
 -4.47718794e-02 -2.20075853e-01
 3.39958234e-02 -2.21509166e-01
 -4.43277816e-02 -2.23002251e-01
 1.03894577e-02 -2.24556621e-01
 4.86802276e-02 -2.26173866e-01
 2.50727885e-02 -2.27855664e-01
 -5.40464556e-02 -2.29603778e-01
 4.15799421e-02 -2.31420068e-01
 -2.18150521e-02 -2.33306491e-01
 -6.61746030e-02 -2.35265107e-01
 1.41474495e-03 -2.37298085e-01
 -7.10939158e-04 -2.39407711e-01
 1.47183222e-02 -2.41596392e-01
 -1.03127560e-02 -2.43866662e-01
 -1.56061163e-02 -2.46221192e-01
 -7.06414266e-02 -2.48662798e-01
 -4.76683050e-02 -2.51194447e-01
 8.60565982e-03 -2.53819270e-01
 4.08340095e-02 -2.56540567e-01
 1.01643076e-01 -2.59361824e-01
 -2.86910922e-02 -2.62286717e-01
 1.09983870e-02 -2.65319132e-01
 2.23374209e-02 -2.68463174e-01
 -2.66197561e-02 -2.71723184e-01
 6.41119555e-02 -2.75103751e-01
 -1.67474178e-02 -2.78609734e-01
 7.32640179e-02 -2.82246279e-01
 3.47077461e-02 -2.86018836e-01
 -6.33904009e-02 -2.89933185e-01
 6.42970652e-02 -2.93995460e-01
 1.07969694e-02 -2.98212172e-01
 -1.58081190e-02 -3.02590237e-01
 5.17362857e-02 -3.07137012e-01
 -5.86048493e-02 -3.11860325e-01
 -4.00079623e-02 -3.16768511e-01
 -1.19059189e-01 -3.21870457e-01
 -1.88825306e-02 -3.27175642e-01
 1.53359746e-03 -3.32694190e-01
 -1.62676154e-02 -3.38436921e-01
 2.67876459e-03 -3.44415412e-01
 -3.59327218e-02 -3.50642062e-01
 8.68327298e-02 -3.57130168e-01
 -3.26354941e-02 -3.63893998e-01
 8.87152672e-02 -3.70948890e-01
 -7.13933575e-02 -3.78311343e-01
 1.41338792e-02 -3.85999134e-01
 -2.57035282e-02 -3.94031437e-01
 3.13890314e-03 -4.02428965e-01
 -1.66178086e-01 -4.11214122e-01
 -4.97457256e-02 -4.20411179e-01
 -2.01573536e-02 -4.30046466e-01
 2.74544184e-02 -4.40148600e-01
 -9.89568050e-02 -4.50748726e-01
 -7.01626415e-02 -4.61880808e-01
 -3.78676546e-02 -4.73581946e-01
 -5.25871205e-02 -4.85892743e-01
 1.02629158e-02 -4.98857726e-01
 -4.16250803e-02 -5.12525826e-01
 -2.66142737e-02 -5.26950931e-01
 -8.44049013e-02 -5.42192523e-01
 -1.15995122e-01 -5.58316414e-01
 3.68422278e-02 -5.75395608e-01
 -7.43614997e-02 -5.93511295e-01
 3.99831599e-02 -6.12754025e-01
 -5.21037805e-03 -6.33225080e-01
 -1.20310939e-02 -6.55038098e-01
 -1.40724321e-01 -6.78320997e-01
 -7.46045470e-02 -7.03218264e-01
 -7.49990590e-02 -7.29893701e-01
 -1.46782514e-01 -7.58533723e-01
 -1.11101792e-01 -7.89351353e-01
 -1.27332508e-01 -8.22591086e-01
 -8.06004071e-02 -8.58534835e-01
 -1.64401899e-01 -8.97509274e-01
 -4.82906625e-02 -9.39894940e-01
 -3.59745813e-02 -9.86137613e-01
 -1.54776134e-01 -1.03676264e+00
 -1.49330883e-01 -1.09239314e+00
 -1.19591868e-01 -1.15377327e+00
 -2.08590682e-01 -1.22179824e+00
 -1.56022893e-01 -1.29755351e+00
 -2.96871873e-01 -1.38236604e+00
 -1.99407234e-01 -1.47787234e+00
 -3.78954325e-01 -1.58610907e+00
 -3.64442040e-01 -1.70963443e+00
 -4.42277869e-01 -1.85169074e+00
 -4.96835893e-01 -2.01642033e+00
 -6.13076175e-01 -2.20914379e+00
 -6.88884307e-01 -2.43669172e+00
 -8.72165478e-01 -2.70771273e+00
 -1.15976322e+00 -3.03265733e+00
 -1.47575902e+00 -3.42242335e+00
 -2.00109347e+00 -3.88235413e+00
 -2.84168941e+00 -4.39087643e+00
 -4.22914774e+00 -4.82962995e+00
 -6.24446749e+00 -4.78690739e+00
 -8.79720772e+00 -3.28187266e+00
 -1.02331730e+01 3.18683253e-01
 -8.64202090e+00 3.81635263e+00
 -6.08887234e+00 5.19089368e+00
 -4.05208653e+00 5.18165918e+00
 -2.78318331e+00 4.73288699e+00
 -1.98155839e+00 4.22739832e+00
 -1.41190660e+00 3.77329618e+00
 -1.11439776e+00 3.38923368e+00
 -8.86945388e-01 3.06922118e+00
 -7.02486552e-01 2.80235411e+00
 -5.05685058e-01 2.57832466e+00
 -4.97279746e-01 2.38863654e+00
 -3.50396582e-01 2.22658682e+00
 -3.22206369e-01 2.08695444e+00
 -3.00595725e-01 1.96567291e+00
 -2.92164019e-01 1.85955736e+00
 -2.69435470e-01 1.76609340e+00
 -1.41271043e-01 1.68327802e+00
 -2.04925865e-01 1.60950093e+00
 -2.54279432e-01 1.54345579e+00
 -1.61955141e-01 1.48407370e+00
 -1.36022941e-01 1.43047284e+00
 -1.78979398e-01 1.38192013e+00
 -4.66030143e-02 1.33780175e+00
 -1.73752993e-01 1.29760028e+00
 -1.36035710e-01 1.26087680e+00
 -1.52319856e-01 1.22725688e+00
 -8.49406606e-02 1.19641931e+00
 -2.49421140e-02 1.16808719e+00
 -2.72336556e-02 1.14202068e+00
 -5.38097086e-02 1.11801115e+00
 4.04023249e-02 1.09587642e+00
 -6.08625428e-02 1.07545678e+00
 6.82898507e-02 1.05661176e+00
 3.23130272e-02 1.03921746e+00
 -3.53061552e-02 1.02316423e+00
 -5.47839933e-02 1.00835483e+00
 -2.17406741e-02 9.94702828e-01
 3.03445083e-02 9.82131223e-01
 2.03575145e-02 9.70571325e-01
 -5.32559765e-02 9.59961765e-01
 -3.75097132e-02 9.50247661e-01
 -1.05885390e-01 9.41379897e-01
 -3.95987124e-02 9.33314508e-01
 2.29076763e-02 9.26012141e-01
 4.25556067e-02 9.19437600e-01
 2.17441588e-02 9.13559440e-01
 -2.83143969e-02 9.08349627e-01
 2.05229791e-02 9.03783228e-01
 5.26956787e-04 8.99838161e-01
 -3.85435505e-02 8.96494958e-01
 1.60284503e-02 8.93736573e-01
 -3.21276344e-02 8.91548215e-01
 2.44579420e-02 8.89917194e-01
 -2.27206250e-02 8.88832805e-01
 5.29534927e-02 8.88286214e-01
 1.84648439e-02 8.88270371e-01
 1.22427881e-02 8.88779937e-01
 2.73838510e-02 8.89811226e-01
 -7.47363104e-02 8.91362154e-01
 -6.09749022e-02 8.93432210e-01
 2.59215862e-02 8.96022432e-01
 3.45985448e-02 8.99135395e-01
 1.14835137e-01 9.02775219e-01
 5.77615556e-02 9.06947571e-01
 -1.06788485e-01 9.11659697e-01
 6.77535405e-02 9.16920451e-01
 6.86032483e-02 9.22740345e-01
 -2.59944244e-02 9.29131606e-01
 -4.86601286e-02 9.36108245e-01
 -7.20628090e-03 9.43686147e-01
 5.46216949e-02 9.51883164e-01
 8.31697596e-03 9.60719239e-01
 -4.02050526e-03 9.70216530e-01
 1.96103169e-02 9.80399568e-01
 -1.81227996e-02 9.91295429e-01
 -1.41836655e-02 1.00293393e+00
 7.14882045e-03 1.01534786e+00
 3.59212387e-02 1.02857322e+00
 1.27146731e-02 1.04264951e+00
 3.94078335e-02 1.05762009e+00
 1.33384894e-01 1.07353249e+00
 3.89259633e-02 1.09043888e+00
 5.35113677e-02 1.10839652e+00
 1.17799881e-01 1.12746832e+00
 -2.53337665e-02 1.14772344e+00
 1.19485610e-01 1.16923801e+00
 1.30448887e-02 1.19209595e+00
 1.04119102e-01 1.21638989e+00
 9.43853331e-02 1.24222225e+00
 5.85612970e-02 1.26970646e+00
 9.61839652e-02 1.29896845e+00
 4.61802616e-02 1.33014827e+00
 8.19933992e-02 1.36340209e+00
 1.75057364e-01 1.39890445e+00
 9.22441456e-02 1.43685098e+00
 8.86864080e-02 1.47746158e+00
 1.31630945e-01 1.52098418e+00
 1.59483963e-01 1.56769926e+00
 7.52378681e-02 1.61792522e+00
 1.01901839e-01 1.67202489e+00
 1.94547722e-01 1.73041338e+00
 1.09477901e-01 1.79356764e+00
 2.18549696e-01 1.86203819e+00
 2.03452586e-01 1.93646357e+00
 2.86475607e-01 2.01758826e+00
 2.36980347e-01 2.10628511e+00
 3.01444274e-01 2.20358354e+00
 2.37234551e-01 2.31070534e+00
 3.76668488e-01 2.42911043e+00
 4.68316596e-01 2.56055582e+00
 3.31045257e-01 2.70717219e+00
 4.98397940e-01 2.87156412e+00
 4.57794517e-01 3.05694201e+00
 6.49325674e-01 3.26729664e+00
 6.78328850e-01 3.50763019e+00
 8.64393013e-01 3.78425986e+00
 1.02674355e+00 4.10520820e+00
 1.25131517e+00 4.48067652e+00
 1.47236955e+00 4.92353269e+00
 1.90396097e+00 5.44953785e+00
 2.34879559e+00 6.07640633e+00
 3.17244503e+00 6.81887266e+00
 4.33229220e+00 7.67103610e+00
 6.03781763e+00 8.54938691e+00
 8.79787265e+00 9.12311516e+00
 1.28926955e+01 8.41657910e+00
 1.71839092e+01 4.63866829e+00
 1.83504622e+01 -2.17402679e+00
 1.47878972e+01 -7.56570644e+00
 1.03472088e+01 -9.37484575e+00
 7.11059903e+00 -9.18165287e+00
 4.92561109e+00 -8.37210380e+00
 3.58193771e+00 -7.49250290e+00
 2.71243856e+00 -6.70149080e+00
 2.12314455e+00 -6.02757742e+00
 1.60464148e+00 -5.46157147e+00
 1.31777944e+00 -4.98611170e+00
 1.08186474e+00 -4.58441391e+00
 9.33788809e-01 -4.24239839e+00
 7.18339144e-01 -3.94879791e+00
 6.91280620e-01 -3.69473225e+00
 5.31997763e-01 -3.47321623e+00
 4.64973938e-01 -3.27873307e+00
 4.08686340e-01 -3.10689589e+00
 3.16148921e-01 -2.95418816e+00
 3.31059513e-01 -2.81776730e+00
 2.72901838e-01 -2.69531620e+00
 2.85739714e-01 -2.58493071e+00
 1.87390358e-01 -2.48503393e+00
 1.46196961e-01 -2.39431034e+00
 1.55044561e-01 -2.31165497e+00
 2.16083675e-01 -2.23613365e+00
 2.37377562e-01 -2.16695186e+00
 1.19479549e-01 -2.10343003e+00
 1.73640084e-01 -2.04498386e+00
 1.14245299e-01 -1.99110848e+00
 6.46331627e-02 -1.94136566e+00
 1.35016294e-01 -1.89537340e+00
 1.57769974e-01 -1.85279738e+00
 1.00606025e-01 -1.81334396e+00
 2.94105189e-02 -1.77675432e+00
 2.03673263e-02 -1.74279964e+00
 1.09986879e-01 -1.71127700e+00
 1.51828859e-01 -1.68200601e+00
 -1.10358004e-02 -1.65482591e+00
 -4.76870978e-03 -1.62959313e+00
 3.58507669e-02 -1.60617917e+00
 7.03851528e-02 -1.58446889e+00
 4.92639523e-02 -1.56435893e+00
 3.45125314e-02 -1.54575641e+00
 7.65297179e-02 -1.52857783e+00
 5.09107282e-02 -1.51274802e+00
 4.85313943e-02 -1.49819939e+00
 7.58273511e-02 -1.48487110e+00
 6.59266024e-02 -1.47270848e+00
 3.30731463e-02 -1.46166243e+00
 -6.72603523e-02 -1.45168897e+00
 4.58030069e-02 -1.44274878e+00
 5.43302576e-02 -1.43480687e+00
 -2.48978293e-02 -1.42783221e+00
 -5.05797626e-02 -1.42179750e+00
 1.33316450e-01 -1.41667886e+00
 3.08380100e-02 -1.41245571e+00
 7.56119030e-02 -1.40911049e+00
 3.22898155e-02 -1.40662862e+00
 5.80076396e-02 -1.40499825e+00
 -3.03842011e-02 -1.40421025e+00
 -6.26027162e-02 -1.40425811e+00
 -1.22216830e-02 -1.40513783e+00
 -4.32233675e-02 -1.40684793e+00
 -2.08611164e-02 -1.40938940e+00
 -3.26128210e-02 -1.41276569e+00
 -1.52667652e-02 -1.41698273e+00
 -3.10134476e-02 -1.42204897e+00
 4.64951937e-02 -1.42797540e+00
 5.18196668e-02 -1.43477563e+00
 -7.64253163e-02 -1.44246598e+00
 4.99417337e-02 -1.45106558e+00
 -1.20558908e-02 -1.46059649e+00
 1.16123027e-01 -1.47108387e+00
 -1.48516494e-01 -1.48255612e+00
 -8.98214075e-02 -1.49504515e+00
 4.08515158e-02 -1.50858654e+00
 -1.33704191e-02 -1.52321985e+00
 -1.16441385e-01 -1.53898892e+00
 1.25535682e-02 -1.55594224e+00
 -1.86343225e-01 -1.57413330e+00
 -8.46585657e-02 -1.59362110e+00
 -7.65764429e-02 -1.61447062e+00
 -1.02097481e-01 -1.63675344e+00
 -4.13644486e-03 -1.66054837e+00
 -1.18633642e-01 -1.68594226e+00
 -4.04964221e-02 -1.71303083e+00
 -9.83678901e-02 -1.74191971e+00
 -1.07460194e-01 -1.77272553e+00
 1.04608060e-02 -1.80557728e+00
 -1.22262278e-01 -1.84061780e+00
 -3.33826687e-02 -1.87800558e+00
 -1.30489811e-01 -1.91791672e+00
 -1.34760309e-01 -1.96054739e+00
 -6.85190116e-02 -2.00611654e+00
 -2.99098798e-02 -2.05486914e+00
 -8.96846966e-02 -2.10708004e+00
 -1.89304774e-01 -2.16305848e+00
 -1.41904127e-01 -2.22315342e+00
 -2.28302187e-01 -2.28775996e+00
 -1.68035722e-01 -2.35732699e+00
 -2.37120551e-01 -2.43236642e+00
 -1.85785240e-01 -2.51346437e+00
 -2.23575851e-01 -2.60129475e+00
 -3.03007496e-01 -2.69663597e+00
 -2.29213371e-01 -2.80039149e+00
 -3.45519205e-01 -2.91361533e+00
 -3.78701038e-01 -3.03754399e+00
 -2.89877226e-01 -3.17363649e+00
 -4.08315532e-01 -3.32362530e+00
 -4.25031249e-01 -3.48958119e+00
 -5.83848103e-01 -3.67399671e+00
 -5.81458897e-01 -3.87989429e+00
 -7.05671313e-01 -4.11096693e+00
 -7.90764478e-01 -4.37176239e+00
 -9.47744323e-01 -4.66792422e+00
 -1.05548785e+00 -5.00650594e+00
 -1.21852878e+00 -5.39637339e+00
 -1.55483110e+00 -5.84869844e+00
 -1.76412872e+00 -6.37750111e+00
 -2.22256598e+00 -7.00005427e+00
 -2.80249486e+00 -7.73654597e+00
 -3.49620920e+00 -8.60717549e+00
 -4.67715275e+00 -9.62128471e+00
 -6.51955266e+00 -1.07426160e+01
 -9.13238042e+00 -1.17854413e+01
 -1.32029975e+01 -1.21351542e+01
 -1.88955609e+01 -1.02425860e+01
 -2.38011482e+01 -4.06174302e+00
 -2.37141654e+01 4.78366600e+00
 -1.84268418e+01 1.06799317e+01
 -1.28865478e+01 1.23712551e+01
 -8.95803483e+00 1.19503508e+01
 -6.36685983e+00 1.08954122e+01
 -4.65476985e+00 9.78083083e+00
 -3.48844197e+00 8.77767574e+00
 -2.75489111e+00 7.91766742e+00
 -2.25786160e+00 7.19033447e+00
 -1.87625363e+00 6.57540973e+00
 -1.56350876e+00 6.05292410e+00
 -1.32035841e+00 5.60586412e+00
 -1.10850187e+00 5.22043885e+00
 -9.08295952e-01 4.88566153e+00
 -8.71010587e-01 4.59281107e+00
 -7.30018402e-01 4.33494596e+00
 -6.22036717e-01 4.10650926e+00
 -5.04410301e-01 3.90302051e+00
 -4.52620364e-01 3.72083935e+00
 -4.56236684e-01 3.55698493e+00
 -3.83079810e-01 3.40899780e+00
 -3.79400893e-01 3.27483384e+00
 -3.46809527e-01 3.15278225e+00
 -2.48215594e-01 3.04140180e+00
 -1.98503240e-01 2.93947077e+00
 -2.70065070e-01 2.84594753e+00
 -2.83875086e-01 2.75993915e+00
 -2.29154317e-01 2.68067625e+00
 -8.82328961e-02 2.60749275e+00
 -1.86236606e-01 2.53980943e+00
 -1.98176833e-01 2.47712051e+00
 -1.34932521e-01 2.41898263e+00
 -1.66792530e-01 2.36500572e+00
 -7.73862070e-02 2.31484546e+00
 -1.40397714e-01 2.26819698e+00
 -4.92983614e-02 2.22478953e+00
 -7.99821520e-02 2.18438206e+00
 -1.54703895e-01 2.14675942e+00
 -7.76706520e-02 2.11172917e+00
 -1.04613240e-01 2.07911883e+00
 -8.71629305e-02 2.04877358e+00
 -8.96013176e-02 2.02055419e+00
 -9.19188887e-02 1.99433534e+00
 -1.04483320e-01 1.97000410e+00
 -8.45382967e-02 1.94745866e+00
 -5.74231079e-02 1.92660717e+00
 -5.46770669e-03 1.90736679e+00
 -8.33700753e-02 1.88966280e+00
 -4.37229699e-02 1.87342793e+00
 3.88035769e-02 1.85860162e+00
 1.67381127e-02 1.84512950e+00
 -3.25348365e-02 1.83296292e+00
 -5.51176901e-02 1.82205844e+00
 -1.04981479e-02 1.81237753e+00
 5.30036483e-02 1.80388618e+00
 5.08445892e-03 1.79655464e+00
 -2.38379360e-02 1.79035721e+00
 -3.39095911e-02 1.78527194e+00
 -3.09193216e-02 1.78128056e+00
 -2.14208068e-02 1.77836825e+00
 -2.65993523e-02 1.77652354e+00
 -5.77075390e-02 1.77573826e+00
 -2.23107900e-02 1.77600741e+00
 -3.69802250e-03 1.77732915e+00
 4.35481063e-02 1.77970477e+00
 7.84225677e-03 1.78313869e+00
 5.53296346e-02 1.78763847e+00
 -6.30827802e-03 1.79321489e+00
 -9.57839964e-02 1.79988198e+00
 -2.45050668e-03 1.80765713e+00
 4.60697050e-02 1.81656121e+00
 4.01696986e-02 1.82661872e+00
 -1.48252711e-02 1.83785794e+00
 -2.03923438e-02 1.85031119e+00
 -3.61560251e-02 1.86401499e+00
 1.01295307e-01 1.87901041e+00
 -2.54024964e-02 1.89534335e+00
 4.79093264e-02 1.91306491e+00
 7.66269979e-02 1.93223181e+00
 5.69103530e-02 1.95290688e+00
 3.04101519e-02 1.97515958e+00
 3.50469076e-02 1.99906664e+00
 1.05717830e-01 2.02471272e+00
 1.26340050e-01 2.05219129e+00
 8.50519823e-02 2.08160546e+00
 1.33944380e-01 2.11306909e+00
 4.82464584e-02 2.14670795e+00
 1.07316096e-01 2.18266116e+00
 1.37522066e-01 2.22108270e+00
 1.42850647e-01 2.26214328e+00
 7.00819336e-02 2.30603248e+00
 1.51430706e-01 2.35296118e+00
 1.49156333e-01 2.40316444e+00
 1.01085625e-01 2.45690483e+00
 1.03422310e-01 2.51447641e+00
 1.74979309e-01 2.57620928e+00
 2.06781337e-01 2.64247512e+00
 1.71733544e-01 2.71369365e+00
 2.22738079e-01 2.79034040e+00
 2.90348289e-01 2.87295597e+00
 2.21127376e-01 2.96215726e+00
 2.94499966e-01 3.05865104e+00
 3.62403564e-01 3.16325042e+00
 2.23269964e-01 3.27689515e+00
 3.85629988e-01 3.40067654e+00
 4.79731361e-01 3.53586846e+00
 4.43429131e-01 3.68396595e+00
 5.51791045e-01 3.84673391e+00
 4.99345555e-01 4.02626855e+00
 6.00192560e-01 4.22507587e+00
 7.50895545e-01 4.44617217e+00
 8.06847730e-01 4.69321374e+00
 9.39280081e-01 4.97066480e+00
 9.94192927e-01 5.28401525e+00
 1.08782777e+00 5.64006221e+00
 1.29146211e+00 6.04726921e+00
 1.57065532e+00 6.51621010e+00
 1.89385162e+00 7.06007656e+00
 2.26622407e+00 7.69514159e+00
 2.83130436e+00 8.44082518e+00
 3.59194126e+00 9.31831943e+00
 4.54187566e+00 1.03447971e+01
 6.19331345e+00 1.15147505e+01
 8.36668159e+00 1.27447045e+01
 1.19400233e+01 1.37192339e+01
 1.69340768e+01 1.35246076e+01
 2.33265489e+01 1.02147682e+01
 2.76356665e+01 2.19520463e+00
 2.57944012e+01 -7.22931667e+00
 1.97264244e+01 -1.26603989e+01
 1.39566504e+01 -1.39689262e+01
 9.70719294e+00 -1.33583137e+01
 7.06888812e+00 -1.21845820e+01
 5.26652861e+00 -1.09717055e+01
 3.99289782e+00 -9.87931253e+00
 3.12313667e+00 -8.93769551e+00
 2.50324977e+00 -8.13642955e+00
 2.07052111e+00 -7.45506845e+00
 1.73163558e+00 -6.87314318e+00
 1.47201125e+00 -6.37297332e+00
 1.29144124e+00 -5.94005992e+00
 1.10248074e+00 -5.56273788e+00
 9.06691111e-01 -5.23166955e+00
 8.31600654e-01 -4.93936876e+00
 7.41884272e-01 -4.67980489e+00
 6.93041977e-01 -4.44808886e+00
 5.98115571e-01 -4.24022911e+00
 5.71242409e-01 -4.05294325e+00
 3.70848565e-01 -3.88351272e+00
 4.51869028e-01 -3.72967032e+00
 3.73220293e-01 -3.58951270e+00
 3.49777656e-01 -3.46143193e+00
 4.01198590e-01 -3.34406155e+00
 1.96692786e-01 -3.23623381e+00
 2.85890345e-01 -3.13694550e+00
 3.02470672e-01 -3.04533053e+00
 1.33487101e-01 -2.96063773e+00
 2.30631284e-01 -2.88221274e+00
 2.89975638e-01 -2.80948327e+00
 1.48874170e-01 -2.74194688e+00
 1.57655843e-01 -2.67916092e+00
 1.78341248e-01 -2.62073409e+00
 1.30970780e-01 -2.56631947e+00
 1.65687297e-01 -2.51560857e+00
 1.54264662e-01 -2.46832642e+00
 1.31073763e-01 -2.42422726e+00
 2.35267639e-02 -2.38309101e+00
 1.15808234e-01 -2.34472020e+00
 1.75772181e-01 -2.30893730e+00
 6.06352142e-02 -2.27558252e+00
 5.00521558e-02 -2.24451180e+00
 5.27077806e-03 -2.21559515e+00
 3.77997825e-02 -2.18871518e+00
 1.05297370e-01 -2.16376585e+00
 9.95576027e-02 -2.14065134e+00
 3.00286310e-02 -2.11928506e+00
 8.57503166e-02 -2.09958885e+00
 9.34171281e-02 -2.08149224e+00
 4.35933737e-02 -2.06493173e+00
 1.10350739e-01 -2.04985033e+00
 3.16307105e-02 -2.03619698e+00
 1.42900918e-01 -2.02392615e+00
 -2.00967697e-02 -2.01299747e+00
 -7.53026146e-02 -2.00337536e+00
 -3.35305288e-03 -1.99502882e+00
 1.18013091e-01 -1.98793109e+00
 5.07370550e-02 -1.98205954e+00
 1.04896078e-01 -1.97739542e+00
 6.00996965e-02 -1.97392377e+00
 -7.10349879e-02 -1.97163325e+00
 7.98944883e-02 -1.97051614e+00
 4.22888324e-02 -1.97056818e+00
 2.25100961e-03 -1.97178861e+00
 -5.83814082e-02 -1.97418013e+00
 -9.95611956e-02 -1.97774893e+00
 -6.70620095e-02 -1.98250473e+00
 7.30238828e-02 -1.98846081e+00
 -1.15437738e-01 -1.99563418e+00
 7.73352492e-03 -2.00404561e+00
 -6.00809312e-02 -2.01371987e+00
 -2.50303252e-02 -2.02468584e+00
 2.46780286e-03 -2.03697676e+00
 -2.85651976e-02 -2.05063051e+00
 -1.54781792e-01 -2.06568983e+00
 -5.29662906e-02 -2.08220273e+00
 -1.99231510e-02 -2.10022284e+00
 3.23677309e-02 -2.11980989e+00
 -7.75029079e-02 -2.14103017e+00
 -4.22194785e-02 -2.16395715e+00
 3.75901413e-02 -2.18867215e+00
 -4.60308578e-02 -2.21526504e+00
 -8.65144950e-02 -2.24383517e+00
 -5.39841666e-02 -2.27449232e+00
 -1.00148358e-01 -2.30735783e+00
 -1.06629525e-01 -2.34256590e+00
 -1.30613559e-01 -2.38026509e+00
 -4.71505280e-02 -2.42062000e+00
 -5.89013198e-02 -2.46381328e+00
 -1.15779781e-01 -2.51004791e+00
 -2.31023779e-01 -2.55954985e+00
 -7.15006771e-02 -2.61257113e+00
 -1.59492437e-01 -2.66939351e+00
 -1.50112316e-01 -2.73033270e+00
 -1.95218535e-01 -2.79574335e+00
 -2.44891649e-01 -2.86602504e+00
 -2.95145376e-01 -2.94162924e+00
 -1.89881267e-01 -3.02306777e+00
 -2.60306400e-01 -3.11092282e+00
 -2.90245551e-01 -3.20585913e+00
 -4.08979673e-01 -3.30863868e+00
 -2.45528095e-01 -3.42013860e+00
 -3.96976022e-01 -3.54137312e+00
 -3.56158540e-01 -3.67352065e+00
 -4.99805502e-01 -3.81795728e+00
 -5.13133057e-01 -3.97629871e+00
 -5.44269533e-01 -4.15045276e+00
 -6.53257163e-01 -4.34268587e+00
 -7.08677445e-01 -4.55570752e+00
 -7.24858177e-01 -4.79277819e+00
 -8.54787596e-01 -5.05784784e+00
 -9.25477160e-01 -5.35573405e+00
 -1.06019320e+00 -5.69235040e+00
 -1.41624131e+00 -6.07499686e+00
 -1.45229933e+00 -6.51271999e+00
 -1.72440330e+00 -7.01673569e+00
 -2.12090186e+00 -7.60085930e+00
 -2.67308640e+00 -8.28175466e+00
 -3.22723637e+00 -9.07845308e+00
 -4.10358421e+00 -1.00096189e+01
 -5.28955719e+00 -1.10843831e+01
 -7.06366977e+00 -1.22753095e+01
 -9.70640114e+00 -1.34430191e+01
 -1.35452007e+01 -1.41413874e+01
 -1.91732887e+01 -1.32224318e+01
 -2.52965472e+01 -8.67401302e+00
 -2.82358002e+01 1.19523009e-01
 -2.51806545e+01 8.83337984e+00
 -1.89511740e+01 1.32603275e+01
 -1.34958805e+01 1.41157412e+01
 -9.52418150e+00 1.33982596e+01
 -7.03638839e+00 1.22297575e+01
 -5.27874985e+00 1.10436700e+01
 -4.07254137e+00 9.97472634e+00
 -3.13687633e+00 9.04890258e+00
 -2.53444930e+00 8.25672740e+00
 -2.06258476e+00 7.57955723e+00
 -1.78263972e+00 6.99847874e+00
 -1.47511271e+00 6.49695556e+00
 -1.26526026e+00 6.06128353e+00
 -1.09685610e+00 5.68033688e+00
 -1.03255919e+00 5.34514011e+00
 -8.72532317e-01 5.04844873e+00
 -7.07415503e-01 4.78439237e+00
 -6.93327233e-01 4.54818731e+00
 -5.85409738e-01 4.33591017e+00
 -5.53337314e-01 4.14432153e+00
 -4.38538515e-01 3.97072873e+00
 -4.80781054e-01 3.81287883e+00
 -3.28375169e-01 3.66887493e+00
 -3.95518419e-01 3.53711025e+00
 -2.97267156e-01 3.41621600e+00
 -3.34290413e-01 3.30501982e+00
 -2.98917940e-01 3.20251250e+00
 -2.70383270e-01 3.10782110e+00
 -3.25154666e-01 3.02018718e+00
 -2.50357496e-01 2.93894899e+00
 -2.24736211e-01 2.86352686e+00
 -2.90689318e-01 2.79341115e+00
 -1.83671122e-01 2.72815223e+00
 -1.66171116e-01 2.66735215e+00
 -1.98240450e-01 2.61065761e+00
 -1.66694309e-01 2.55775412e+00
 -1.97359436e-01 2.50836096e+00
 -9.67649181e-02 2.46222702e+00
 -6.54305530e-02 2.41912714e+00
 2.40704336e-02 2.37885905e+00
 -1.35060481e-01 2.34124073e+00
 -1.47826418e-01 2.30610811e+00
 7.68239042e-03 2.27331315e+00
 -1.32687281e-01 2.24272207e+00
 -9.06098433e-02 2.21421392e+00
 -1.48031088e-01 2.18767927e+00
 -6.23216504e-02 2.16301909e+00
 -3.69872635e-02 2.14014376e+00
 -9.18865433e-02 2.11897225e+00
 3.99143529e-02 2.09943130e+00
 -5.73529155e-02 2.08145481e+00
 -8.61715059e-02 2.06498326e+00
 -6.02682654e-02 2.04996318e+00
 -4.38563792e-02 2.03634670e+00
 2.34294362e-02 2.02409121e+00
 4.42598981e-02 2.01315898e+00
 5.75851543e-02 2.00351686e+00
 -3.62329906e-02 1.99513607e+00
 -2.25692407e-02 1.98799194e+00
 -7.53715834e-02 1.98206376e+00
 1.76053458e-02 1.97733462e+00
 -4.60661922e-02 1.97379128e+00
 1.87884237e-02 1.97142407e+00
 -1.78814952e-02 1.97022687e+00
 3.46396901e-02 1.97019701e+00
 2.48921378e-02 1.97133529e+00
 8.34090703e-03 1.97364596e+00
 2.59319192e-02 1.97713679e+00
 1.54939215e-03 1.98181912e+00
 -8.60095590e-03 1.98770790e+00
 -1.96760712e-02 1.99482188e+00
 4.32146180e-02 2.00318368e+00
 9.60391762e-02 2.01282001e+00
 6.17349300e-02 2.02376186e+00
 9.86798587e-03 2.03604472e+00
 1.18699227e-01 2.04970892e+00
 2.00720947e-02 2.06479991e+00
 7.84730193e-03 2.08136862e+00
 1.19739528e-01 2.09947196e+00
 9.89620184e-02 2.11917325e+00
 1.07692615e-01 2.14054281e+00
 1.65033277e-02 2.16365860e+00
 1.16538486e-01 2.18860695e+00
 8.47735790e-02 2.21548339e+00
 1.94094585e-01 2.24439366e+00
 1.51079067e-02 2.27545472e+00
 1.83612146e-01 2.30879610e+00
 1.73672003e-01 2.34456130e+00
 1.48092279e-01 2.38290947e+00
 2.04176297e-01 2.42401733e+00
 9.49237781e-02 2.46808144e+00
 9.89561307e-02 2.51532076e+00
 5.51885393e-02 2.56597969e+00
 2.50334011e-01 2.62033162e+00
 2.59687383e-01 2.67868307e+00
 1.97826798e-01 2.74137862e+00
 2.48720078e-01 2.80880665e+00
 1.95313158e-01 2.88140631e+00
 2.10780539e-01 2.95967567e+00
 2.77952287e-01 3.04418164e+00
 1.98825919e-01 3.13557181e+00
 4.14000001e-01 3.23458892e+00
 3.66667924e-01 3.34208834e+00
 3.81795926e-01 3.45905965e+00
 3.12832298e-01 3.58665305e+00
 4.80940678e-01 3.72621226e+00
 4.84425563e-01 3.87931537e+00
 5.28671678e-01 4.04782622e+00
 6.31337838e-01 4.23395910e+00
 7.11606522e-01 4.44036075e+00
 7.75102844e-01 4.67021475e+00
 8.08475398e-01 4.92737464e+00
 9.62033482e-01 5.21653350e+00
 1.18359575e+00 5.54343855e+00
 1.29496187e+00 5.91515785e+00
 1.46928679e+00 6.34039866e+00
 1.86065940e+00 6.82985268e+00
 2.22729711e+00 7.39647685e+00
 2.60273278e+00 8.05544186e+00
 3.29240789e+00 8.82302061e+00
 4.12800725e+00 9.71247883e+00
 5.45838079e+00 1.07218233e+01
 7.25083418e+00 1.17998515e+01
 1.00767074e+01 1.27566213e+01
 1.41285623e+01 1.30511653e+01
 1.93694283e+01 1.14476039e+01
 2.44397551e+01 6.24214296e+00
 2.57705383e+01 -2.09569023e+00
 2.21181693e+01 -9.21805813e+00
 1.64918386e+01 -1.24513028e+01
 1.18274918e+01 -1.29023145e+01
 8.52451888e+00 -1.21778501e+01
