 NaN NaN
 -3.94315435e-02 1.50916557e+00
 4.00502391e-02 1.50937817e+00
 -5.25854920e-02 1.50972640e+00
 -2.55011953e-02 1.51020960e+00
 4.16390793e-02 1.51082757e+00
 7.06058821e-03 1.51158037e+00
 2.79310107e-02 1.51246825e+00
 8.22434885e-02 1.51349158e+00
 -1.91107328e-02 1.51465088e+00
 -2.54198781e-02 1.51594679e+00
 7.17466849e-02 1.51738004e+00
 -4.60134341e-02 1.51895149e+00
 3.36205886e-02 1.52066210e+00
 2.64435567e-02 1.52251294e+00
 -3.90506778e-02 1.52450519e+00
 8.30047191e-02 1.52664012e+00
 6.52130329e-02 1.52891914e+00
 -9.14788910e-02 1.53134374e+00
 -7.58106254e-03 1.53391555e+00
 3.45623787e-02 1.53663629e+00
 5.59287141e-02 1.53950784e+00
 -4.35700378e-03 1.54253215e+00
 -1.14530952e-02 1.54571134e+00
 -1.88059260e-03 1.54904764e+00
 -4.03228437e-03 1.55254342e+00
 -4.48349488e-02 1.55620118e+00
 4.45303007e-02 1.56002359e+00
 -3.50435294e-02 1.56401344e+00
 -1.38662253e-02 1.56817370e+00
 3.52703172e-02 1.57250749e+00
 2.42429795e-03 1.57701810e+00
 6.80051006e-03 1.58170899e+00
 -5.71097852e-02 1.58658383e+00
 -5.47445528e-02 1.59164647e+00
 -4.37866555e-02 1.59690094e+00
 6.82807845e-02 1.60235152e+00
 -5.62741732e-02 1.60800268e+00
 3.88723137e-02 1.61385914e+00
 -3.19370846e-02 1.61992587e+00
 6.69531995e-02 1.62620809e+00
 5.48983575e-02 1.63271129e+00
 -6.18249198e-02 1.63944126e+00
 4.45338758e-03 1.64640406e+00
 6.26842850e-02 1.65360611e+00
 7.22439872e-02 1.66105415e+00
 5.49968354e-02 1.66875527e+00
 4.53255240e-02 1.67671695e+00
 -3.36240501e-02 1.68494707e+00
 -5.61695975e-02 1.69345394e+00
 2.42665516e-02 1.70224630e+00
 3.85970525e-02 1.71133340e+00
 1.90526529e-02 1.72072500e+00
 5.24695635e-03 1.73043137e+00
 -6.79286098e-02 1.74046342e+00
 -2.27361577e-02 1.75083262e+00
 -9.97674028e-03 1.76155116e+00
 6.35734159e-02 1.77263189e+00
 4.13148919e-02 1.78408846e+00
 -6.13369408e-02 1.79593531e+00
 -3.98686003e-02 1.80818777e+00
 -4.52411002e-02 1.82086210e+00
 1.24992185e-01 1.83397557e+00
 1.93721865e-03 1.84754655e+00
 -1.41323705e-02 1.86159457e+00
 4.04774284e-02 1.87614044e+00
 1.38161355e-02 1.89120633e+00
 2.48594964e-02 1.90681589e+00
 4.89227533e-02 1.92299439e+00
 -1.21079985e-01 1.93976882e+00
 6.61613085e-02 1.95716809e+00
 7.91473240e-02 1.97522315e+00
 4.24770571e-02 1.99396722e+00
 7.74320542e-03 2.01343595e+00
 1.93365305e-03 2.03366770e+00
 1.42190376e-02 2.05470374e+00
 4.27280830e-03 2.07658859e+00
 4.33635541e-02 2.09937030e+00
 6.99978377e-03 2.12310082e+00
 -1.53580285e-02 2.14783644e+00
 3.90285077e-02 2.17363817e+00
 -6.26334996e-03 2.20057234e+00
 -1.19836958e-02 2.22871110e+00
 2.09634189e-02 2.25813314e+00
 7.04362218e-02 2.28892445e+00
 3.48011983e-02 2.32117911e+00
 7.81493593e-04 2.35500036e+00
 4.36617423e-02 2.39050167e+00
 7.04993772e-02 2.42780809e+00
 -5.49961346e-02 2.46705773e+00
 -3.31220045e-03 2.50840354e+00
 3.71138712e-02 2.55201535e+00
 2.22338045e-02 2.59808224e+00
 8.30675396e-03 2.64681539e+00
 7.54203432e-02 2.69845139e+00
 6.04326200e-03 2.75325618e+00
 1.39692253e-01 2.81152975e+00
 2.78873543e-02 2.87361177e+00
 1.62605807e-02 2.93988841e+00
 4.24312534e-02 3.01080051e+00
 1.46737944e-01 3.08685369e+00
 4.31396122e-02 3.16863065e+00
 1.42799276e-01 3.25680646e+00
 5.56570814e-02 3.35216763e+00
 7.34508675e-02 3.45563605e+00
 1.02078227e-01 3.56829944e+00
 7.87385488e-02 3.69145036e+00
 -1.41690033e-04 3.82663678e+00
 2.37956132e-01 3.97572834e+00
 6.98905318e-02 4.14100443e+00
 1.02330908e-01 4.32527268e+00
 1.08265251e-01 4.53203117e+00
 1.72405756e-01 4.76569402e+00
 6.94490907e-02 5.03191142e+00
 2.50895527e-01 5.33803342e+00
 2.65677897e-01 5.69379850e+00
 2.75226238e-01 6.11238470e+00
 4.53196795e-01 6.61206574e+00
 5.96352742e-01 7.21891812e+00
 6.13592721e-01 7.97144052e+00
 7.97888652e-01 8.92884759e+00
 1.09283419e+00 1.01868923e+01
 1.55304222e+00 1.19103294e+01
 2.30641875e+00 1.44054969e+01
 4.04556110e+00 1.82979749e+01
 8.31450762e+00 2.49733719e+01
 2.34563851e+01 3.64185120e+01
 7.47081776e+01 1.23051417e+01
 3.14026514e+01 -3.63668976e+01
 1.02158924e+01 -2.48148408e+01
 4.80215705e+00 -1.72528737e+01
 2.74873829e+00 -1.29226957e+01
 1.68111966e+00 -1.01978039e+01
 1.17393564e+00 -8.34142122e+00
 8.58374754e-01 -6.99993671e+00
 6.41780970e-01 -5.98665139e+00
 5.54811109e-01 -5.19467341e+00
 4.03069701e-01 -4.55869132e+00
 3.57199910e-01 -4.03665591e+00
 2.08030876e-01 -3.60031430e+00
 2.01092897e-01 -3.23000034e+00
 2.08257357e-01 -2.91161221e+00
 2.43503382e-01 -2.63477921e+00
 2.16159726e-01 -2.39170678e+00
 1.31416536e-01 -2.17642466e+00
 1.61009216e-01 -1.98428334e+00
 1.34345295e-01 -1.81160832e+00
 1.12539862e-01 -1.65545739e+00
 1.28020707e-01 -1.51344688e+00
 7.67967361e-02 -1.38362507e+00
 9.03299003e-02 -1.26437848e+00
 1.05059819e-01 -1.15436153e+00
 2.09261433e-02 -1.05244302e+00
 4.82239657e-02 -9.57664891e-01
 1.23676550e-01 -8.69210184e-01
 7.59701126e-02 -7.86377825e-01
 1.04701370e-01 -7.08562609e-01
 -1.95666380e-04 -6.35239195e-01
 5.10046597e-02 -5.65949182e-01
 1.51202104e-01 -5.00290611e-01
 -1.65835157e-02 -4.37909366e-01
 6.51262047e-02 -3.78492093e-01
 2.81065161e-02 -3.21760326e-01
 9.91190404e-03 -2.67465593e-01
 4.43383518e-02 -2.15385307e-01
 4.41447301e-03 -1.65319308e-01
 1.33469022e-01 -1.17086926e-01
 -2.00188104e-03 -7.05244893e-02
 -3.23316019e-02 -2.54831895e-02
 -4.64147819e-02 1.81727550e-02
 1.27964513e-02 6.05676793e-02
 3.56513461e-02 1.01815843e-01
 -1.02434417e-02 1.42022625e-01
 8.73745089e-02 1.81285563e-01
 3.27316558e-02 2.19695272e-01
 6.56087849e-03 2.57336249e-01
 6.02054855e-04 2.94287585e-01
 -4.83264951e-02 3.30623605e-01
 4.12327287e-02 3.66414430e-01
 -3.30927138e-04 4.01726492e-01
 -1.43631194e-02 4.36622988e-01
 5.24397659e-02 4.71164304e-01
 -2.36275303e-02 5.05408393e-01
 1.34110770e-01 5.39411126e-01
 -8.83090290e-02 5.73226621e-01
 -1.29841121e-02 6.06907542e-01
 3.33891772e-02 6.40505390e-01
 -8.78609644e-02 6.74070767e-01
 7.71560959e-02 7.07653644e-01
 2.71177306e-02 7.41303608e-01
 -2.37827610e-03 7.75070109e-01
 -4.39242330e-02 8.09002701e-01
 -6.77912062e-03 8.43151286e-01
 5.00392118e-02 8.77566359e-01
 1.65245256e-02 9.12299252e-01
 1.55668175e-02 9.47402392e-01
 6.47876563e-02 9.82929568e-01
 -1.78229403e-02 1.01893620e+00
 3.75000179e-02 1.05547965e+00
 1.84542477e-02 1.09261951e+00
 8.35414957e-02 1.13041795e+00
 4.12163084e-02 1.16894007e+00
 4.54100834e-02 1.20825432e+00
 -1.62560663e-02 1.24843288e+00
 6.74058451e-02 1.28955217e+00
 3.51157686e-02 1.33169336e+00
 8.44582304e-02 1.37494292e+00
 5.80934433e-02 1.41939329e+00
 9.45489996e-02 1.46514360e+00
 1.08060181e-01 1.51230043e+00
 1.33682797e-02 1.56097877e+00
 1.56808468e-01 1.61130301e+00
 4.43694829e-02 1.66340810e+00
 -2.09073225e-02 1.71744092e+00
 6.42278630e-02 1.77356172e+00
 5.71240586e-02 1.83194595e+00
 7.95216178e-02 1.89278618e+00
 1.14984932e-01 1.95629447e+00
 1.48051049e-01 2.02270504e+00
 6.71306423e-02 2.09227743e+00
 7.82741620e-02 2.16530016e+00
 1.31317064e-01 2.24209505e+00
 4.34303007e-02 2.32302234e+00
 2.20644379e-02 2.40848678e+00
 1.39858500e-02 2.49894483e+00
 1.02331491e-01 2.59491339e+00
 1.51289317e-01 2.69698032e+00
 6.51419706e-02 2.80581715e+00
 1.32798880e-01 2.92219470e+00
 8.71307750e-02 3.04700228e+00
 1.06833695e-01 3.18127154e+00
 1.53882615e-01 3.32620619e+00
 1.69602040e-01 3.48321962e+00
 1.72769976e-01 3.65398269e+00
 3.16391514e-01 3.84048522e+00
 2.65286789e-01 4.04511587e+00
 3.81870775e-01 4.27076727e+00
 3.47928064e-01 4.52097605e+00
 3.36992946e-01 4.80011206e+00
 3.68265947e-01 5.11363821e+00
 4.71150678e-01 5.46847324e+00
 4.40310142e-01 5.87350838e+00
 5.53636335e-01 6.34035872e+00
 5.94113991e-01 6.88448305e+00
 6.96839533e-01 7.52689820e+00
 9.20031713e-01 8.29688611e+00
 1.12136849e+00 9.23641971e+00
 1.36788763e+00 1.04076909e+01
 1.83110886e+00 1.19064912e+01
 2.50469573e+00 1.38871364e+01
 3.69180585e+00 1.66108480e+01
 5.84789938e+00 2.05396095e+01
 1.03268765e+01 2.64729228e+01
 2.20441116e+01 3.50407982e+01
 5.54255371e+01 3.50061063e+01
 7.01111294e+01 -2.25700753e+01
 2.95216135e+01 -3.74454325e+01
 1.30209384e+01 -2.87980463e+01
 6.94757321e+00 -2.20436989e+01
 4.36167158e+00 -1.75944884e+01
 2.89011533e+00 -1.45571399e+01
 2.13496773e+00 -1.23792129e+01
 1.56632627e+00 -1.07499691e+01
 1.32661631e+00 -9.48854431e+00
 9.33377332e-01 -8.48433129e+00
 8.07874554e-01 -7.66646447e+00
 6.83604248e-01 -6.98765957e+00
 5.48611482e-01 -6.41525007e+00
 5.48049304e-01 -5.92598608e+00
 3.82132912e-01 -5.50289020e+00
 4.21794819e-01 -5.13328684e+00
 2.83734933e-01 -4.80752680e+00
 2.62965316e-01 -4.51813834e+00
 1.87710209e-01 -4.25924765e+00
 2.44987321e-01 -4.02617453e+00
 1.77811411e-01 -3.81514450e+00
 1.92797218e-01 -3.62308020e+00
 1.61183206e-01 -3.44744774e+00
 1.25544830e-01 -3.28614189e+00
 2.40988043e-01 -3.13739915e+00
 1.13001825e-01 -2.99973107e+00
 1.10710958e-01 -2.87187258e+00
 1.54456760e-01 -2.75274154e+00
 2.35179581e-01 -2.64140672e+00
 1.16422095e-01 -2.53706227e+00
 5.94710848e-02 -2.43900722e+00
 1.02215767e-01 -2.34662882e+00
 6.86627252e-02 -2.25938900e+00
 1.95937399e-01 -2.17681315e+00
 4.24019490e-02 -2.09848099e+00
 2.91822871e-02 -2.02401880e+00
 -2.62478306e-02 -1.95309310e+00
 8.78254111e-02 -1.88540520e+00
 3.71060689e-02 -1.82068664e+00
 3.03311248e-02 -1.75869538e+00
 1.10795111e-01 -1.69921244e+00
 7.77656138e-02 -1.64203911e+00
 4.38847679e-02 -1.58699451e+00
 4.82200672e-02 -1.53391351e+00
 1.37064028e-02 -1.48264487e+00
 1.51271299e-02 -1.43304970e+00
 1.23495234e-01 -1.38500004e+00
 1.17454237e-01 -1.33837771e+00
 5.92396018e-02 -1.29307316e+00
 9.52556981e-02 -1.24898458e+00
 9.79884507e-03 -1.20601707e+00
 9.20737461e-02 -1.16408188e+00
 9.17786245e-02 -1.12309571e+00
 1.18190793e-01 -1.08298020e+00
 2.32757214e-02 -1.04366132e+00
 1.86288965e-02 -1.00506890e+00
 1.69965309e-02 -9.67136208e-01
 9.79987107e-02 -9.29799529e-01
 1.04784512e-01 -8.92997794e-01
 4.16528196e-02 -8.56672239e-01
 2.39026801e-02 -8.20766080e-01
 -2.46532662e-02 -7.85224218e-01
 1.25075038e-01 -7.49992947e-01
 1.11174227e-01 -7.15019683e-01
 3.43616474e-02 -6.80252709e-01
 -2.59187424e-02 -6.45640911e-01
 -2.49316403e-02 -6.11133535e-01
 5.77935841e-02 -5.76679938e-01
 2.36501069e-03 -5.42229339e-01
 7.70328192e-02 -5.07730570e-01
 -5.83762898e-02 -4.73131820e-01
 -7.73376390e-02 -4.38380369e-01
 1.80853055e-02 -4.03422314e-01
 1.42221496e-02 -3.68202279e-01
 5.79339633e-03 -3.32663110e-01
 -7.27397819e-03 -2.96745540e-01
 1.23493618e-01 -2.60387842e-01
 -4.99146675e-04 -2.23525438e-01
 4.15389850e-02 -1.86090486e-01
 -2.44109909e-02 -1.48011409e-01
 2.17776405e-02 -1.09212389e-01
 8.86837636e-02 -6.96128019e-02
 1.22951462e-03 -2.91265750e-02
 -2.19471089e-02 1.23385192e-02
 -2.28455094e-02 5.48816687e-02
 8.94287949e-02 9.86099315e-02
 -9.43782340e-03 1.43639270e-01
 2.19416305e-02 1.90095734e-01
 3.43685359e-02 2.38116813e-01
 1.61484706e-02 2.87853002e-01
 1.32051666e-01 3.39469601e-01
 8.97786941e-02 3.93148813e-01
 5.25305020e-02 4.49092192e-01
 6.10071087e-02 5.07523502e-01
 4.80377895e-02 5.68692091e-01
 4.18974060e-02 6.32876880e-01
 1.03982608e-01 7.00391102e-01
 9.05185002e-02 7.71587968e-01
 1.19582652e-01 8.46867475e-01
 6.32498329e-02 9.26684635e-01
 1.13062679e-01 1.01155949e+00
 1.58625884e-01 1.10208937e+00
 8.18348955e-02 1.19896400e+00
 1.85477164e-01 1.30298430e+00
 6.88481756e-02 1.41508592e+00
 2.31814260e-01 1.53636893e+00
 2.37190207e-01 1.66813577e+00
 1.66208093e-01 1.81194009e+00
 2.90826669e-01 1.96965037e+00
 3.07091060e-01 2.14353377e+00
 2.72264944e-01 2.33636812e+00
 2.98582864e-01 2.55159353e+00
 3.31373170e-01 2.79352104e+00
 2.39710688e-01 3.06762446e+00
 3.41294513e-01 3.38095662e+00
 5.01134515e-01 3.74275547e+00
 5.79768708e-01 4.16534735e+00
 7.04257295e-01 4.66552815e+00
 9.72426286e-01 5.26673556e+00
 1.09382764e+00 6.00257128e+00
 1.39177222e+00 6.92269406e+00
 1.93449986e+00 8.10296056e+00
 2.57826228e+00 9.66307213e+00
 3.78473083e+00 1.17955536e+01
 6.18180130e+00 1.47946729e+01
 1.12719102e+01 1.89073872e+01
 2.34168035e+01 2.22904021e+01
 4.43867881e+01 8.74294974e+00
 3.55113285e+01 -2.07965849e+01
 1.67460360e+01 -2.33129187e+01
 8.58998753e+00 -1.89855420e+01
 5.00393367e+00 -1.53734464e+01
 3.18727075e+00 -1.28039629e+01
 2.25254457e+00 -1.09569906e+01
 1.58203411e+00 -9.58542626e+00
 1.26612385e+00 -8.53364424e+00
 1.06259589e+00 -7.70432345e+00
 8.21977197e-01 -7.03490529e+00
 6.69789089e-01 -6.48381405e+00
 6.01557326e-01 -6.02252149e+00
 4.77408835e-01 -5.63087936e+00
 3.80105989e-01 -5.29428993e+00
 2.99449284e-01 -5.00193652e+00
 3.62023267e-01 -4.74564367e+00
 2.87367213e-01 -4.51912297e+00
 2.59810918e-01 -4.31746155e+00
 3.02206183e-01 -4.13676735e+00
 2.90941227e-01 -3.97391837e+00
 2.16925248e-01 -3.82638185e+00
 1.86223120e-01 -3.69208210e+00
 1.93181433e-01 -3.56930210e+00
 1.51700154e-01 -3.45660945e+00
 1.27833392e-01 -3.35279993e+00
 7.63815396e-02 -3.25685382e+00
 1.07939723e-01 -3.16790202e+00
 1.00606802e-01 -3.08519918e+00
 4.30514116e-02 -3.00810253e+00
 -1.12810065e-02 -2.93605478e+00
 -1.21856155e-03 -2.86857041e+00
 4.24093919e-02 -2.80522448e+00
 5.98507322e-02 -2.74564343e+00
 -2.83340051e-02 -2.68949757e+00
 1.03836930e-01 -2.63649483e+00
 4.32820488e-03 -2.58637549e+00
 3.84982207e-02 -2.53890786e+00
 8.14592143e-03 -2.49388456e+00
 -5.36969731e-02 -2.45111941e+00
 1.53698614e-01 -2.41044480e+00
 1.21394495e-01 -2.37170938e+00
 9.26471426e-02 -2.33477616e+00
 -2.25647955e-02 -2.29952083e+00
 4.33192227e-02 -2.26583029e+00
 6.64092603e-02 -2.23360144e+00
 7.42203085e-02 -2.20274006e+00
 3.16582370e-02 -2.17315988e+00
 3.92003414e-02 -2.14478171e+00
 -4.27843586e-03 -2.11753278e+00
 1.97678094e-02 -2.09134603e+00
 -9.11153277e-02 -2.06615958e+00
 -1.85597808e-02 -2.04191621e+00
 -1.55994959e-02 -2.01856293e+00
 -2.13600363e-02 -1.99605057e+00
 5.36506294e-02 -1.97433344e+00
 1.12124669e-01 -1.95336897e+00
 3.52659520e-03 -1.93311750e+00
 -2.13685006e-02 -1.91354197e+00
 -1.52521345e-02 -1.89460770e+00
 -4.42265449e-03 -1.87628218e+00
 4.07876685e-02 -1.85853492e+00
 -1.15205298e-02 -1.84133721e+00
 -3.98718572e-03 -1.82466202e+00
 9.22265060e-02 -1.80848385e+00
 6.46339372e-02 -1.79277857e+00
 -3.74461313e-03 -1.77752334e+00
 -3.44855300e-03 -1.76269647e+00
 3.74506254e-02 -1.74827734e+00
 -3.77528644e-02 -1.73424627e+00
 7.37953765e-02 -1.72058448e+00
 -8.66613795e-05 -1.70727396e+00
 -5.98135006e-02 -1.69429744e+00
 1.23557100e-02 -1.68163826e+00
 3.56536035e-02 -1.66928035e+00
 2.28085381e-02 -1.65720811e+00
 2.11694513e-02 -1.64540639e+00
 2.08624280e-03 -1.63386040e+00
 1.11631353e-03 -1.62255564e+00
 1.37484614e-02 -1.61147784e+00
 1.01213920e-02 -1.60061291e+00
 -5.43940140e-04 -1.58994685e+00
 1.31216946e-02 -1.57946566e+00
 5.45542287e-02 -1.56915531e+00
 3.72322315e-02 -1.55900165e+00
 -7.20462531e-02 -1.54899030e+00
 3.58456863e-03 -1.53910657e+00
 9.11706598e-04 -1.52933536e+00
 -2.18772747e-02 -1.51966107e+00
 7.16280504e-03 -1.51006744e+00
 5.18142805e-02 -1.50053741e+00
 1.18636661e-02 -1.49105300e+00
 5.81287054e-02 -1.48159509e+00
 -2.52761231e-02 -1.47214323e+00
 6.44613918e-02 -1.46267537e+00
 1.41762010e-02 -1.45316762e+00
 4.89349529e-03 -1.44359388e+00
 3.11668688e-02 -1.43392544e+00
 2.17434508e-02 -1.42413057e+00
 -8.27607947e-02 -1.41417386e+00
 -1.45229899e-02 -1.40401562e+00
 9.55182756e-03 -1.39361104e+00
 -3.64294573e-02 -1.38290912e+00
 5.81898987e-03 -1.37185153e+00
 2.40368197e-02 -1.36037093e+00
 6.01034632e-02 -1.34838916e+00
 -3.80829342e-02 -1.33581467e+00
 -1.13057495e-02 -1.32253948e+00
 -1.98767738e-02 -1.30843506e+00
 3.46786891e-02 -1.29334710e+00
 4.20176853e-02 -1.27708856e+00
 -2.34037969e-02 -1.25943034e+00
 -1.57394479e-02 -1.24008866e+00
 8.55700975e-03 -1.21870774e+00
 1.23139495e-02 -1.19483547e+00
 -1.39841778e-02 -1.16788874e+00
 1.41659712e-01 -1.13710305e+00
 1.18688312e-01 -1.10145762e+00
 9.95593978e-02 -1.05956149e+00
 7.63022155e-02 -1.00947619e+00
 9.86231668e-02 -9.48433426e-01
 6.84058904e-02 -8.72378606e-01
 1.85633403e-01 -7.75237412e-01
 2.54695705e-01 -6.47833746e-01
 4.62029905e-01 -4.76974270e-01
 5.60361988e-01 -2.49629658e-01
 1.14461037e+00 2.17752146e-03
 2.19200953e+00 -9.28809426e-02
 3.20902135e+00 -1.62970735e+00
 2.08899677e+00 -2.98036667e+00
 1.00132373e+00 -2.98614712e+00
 5.59575581e-01 -2.73213762e+00
 3.71054521e-01 -2.51344525e+00
 2.59746399e-01 -2.35024273e+00
 3.32092874e-01 -2.22881455e+00
 -7.81087294e-03 -2.13651305e+00
 6.41317196e-02 -2.06463980e+00
 1.38806444e-01 -2.00743591e+00
 6.66693314e-03 -1.96104690e+00
 1.56790794e-01 -1.92283283e+00
 1.06149144e-01 -1.89093963e+00
 1.19267695e-01 -1.86403356e+00
 3.59779913e-02 -1.84113383e+00
 1.16270423e-01 -1.82150486e+00
 -3.69376617e-02 -1.80458513e+00
 2.02863674e-02 -1.78993915e+00
 -4.47907868e-03 -1.77722445e+00
 1.40491474e-01 -1.76616823e+00
 -5.53421099e-02 -1.75655078e+00
 2.60611873e-02 -1.74819330e+00
 1.35412564e-01 -1.74094900e+00
 4.32751912e-02 -1.73469637e+00
 -5.77609392e-02 -1.72933409e+00
 1.25918912e-02 -1.72477714e+00
 6.51535466e-02 -1.72095376e+00
 3.36122259e-02 -1.71780308e+00
 -2.00896327e-02 -1.71527326e+00
 -7.56743234e-02 -1.71331995e+00
 -9.61149554e-02 -1.71190516e+00
 3.22684318e-02 -1.71099622e+00
 -1.57679139e-02 -1.71056503e+00
 7.63430245e-02 -1.71058739e+00
 5.61934161e-02 -1.71104249e+00
 -6.87999003e-02 -1.71191243e+00
 1.38336181e-01 -1.71318190e+00
 7.41245491e-02 -1.71483782e+00
 -1.19634972e-03 -1.71686914e+00
 -6.65125554e-02 -1.71926657e+00
 3.07079721e-02 -1.72202243e+00
 6.08254139e-03 -1.72513051e+00
 2.96716399e-02 -1.72858589e+00
 -6.62920613e-02 -1.73238490e+00
 -1.44244754e-02 -1.73652496e+00
 -6.56435527e-02 -1.74100457e+00
 1.86784077e-02 -1.74582319e+00
 1.65253925e-02 -1.75098123e+00
 -3.60215671e-02 -1.75648000e+00
 4.81363347e-02 -1.76232168e+00
 6.41999167e-03 -1.76850926e+00
 1.26305055e-02 -1.77504658e+00
 2.28163190e-02 -1.78193830e+00
 7.99557231e-03 -1.78918987e+00
 -7.22043929e-02 -1.79680757e+00
 -3.45431208e-02 -1.80479852e+00
 3.57884481e-02 -1.81317064e+00
 -3.79047313e-02 -1.82193275e+00
 -5.46292652e-02 -1.83109454e+00
 -2.92403805e-02 -1.84066661e+00
 -5.88020036e-02 -1.85066053e+00
 8.70214911e-03 -1.86108887e+00
 -2.84893001e-02 -1.87196524e+00
 1.85536444e-02 -1.88330439e+00
 -1.77610005e-01 -1.89512220e+00
 -8.96905618e-03 -1.90743584e+00
 3.86485074e-02 -1.92026379e+00
 7.21546685e-03 -1.93362595e+00
 2.06333146e-02 -1.94754377e+00
 3.87938228e-02 -1.96204033e+00
 6.13540063e-03 -1.97714046e+00
 -3.39026033e-02 -1.99287092e+00
 -5.14869519e-02 -2.00926055e+00
 -1.67754741e-01 -2.02634041e+00
 -1.18911577e-02 -2.04414403e+00
 -7.97936454e-02 -2.06270758e+00
 -6.34194526e-02 -2.08207017e+00
 -4.15949165e-03 -2.10227406e+00
 1.41480884e-02 -2.12336506e+00
 2.46553725e-02 -2.14539276e+00
 5.65195228e-02 -2.16841105e+00
 -9.42762288e-02 -2.19247847e+00
 -7.81646497e-02 -2.21765876e+00
 1.61550292e-02 -2.24402139e+00
 -1.55383434e-02 -2.27164225e+00
 -5.74169979e-02 -2.30060437e+00
 -1.40450014e-02 -2.33099875e+00
 -3.22224548e-02 -2.36292533e+00
 -8.91947104e-02 -2.39649414e+00
 -2.97174617e-02 -2.43182652e+00
 -6.82690334e-02 -2.46905665e+00
 -7.26271076e-02 -2.50833324e+00
 -3.12924313e-02 -2.54982159e+00
 -4.68443438e-03 -2.59370590e+00
 -2.07828122e-01 -2.64019204e+00
 -1.32261485e-01 -2.68951086e+00
 -3.52539602e-02 -2.74192201e+00
 -8.15425004e-02 -2.79771863e+00
 -3.38050247e-02 -2.85723283e+00
 -1.09955698e-01 -2.92084238e+00
 -2.09907071e-01 -2.98897885e+00
 -1.35885658e-01 -3.06213743e+00
 -9.68787260e-02 -3.14088907e+00
 -1.62465056e-01 -3.22589547e+00
 -1.88078206e-01 -3.31792775e+00
 -1.33897742e-01 -3.41788992e+00
 -2.15273625e-01 -3.52684858e+00
 -2.10335180e-01 -3.64607092e+00
 -1.71400846e-01 -3.77707385e+00
 -2.93794372e-01 -3.92168809e+00
 -2.65339067e-01 -4.08214284e+00
 -4.08570851e-01 -4.26117918e+00
 -2.83172568e-01 -4.46220376e+00
 -4.60768147e-01 -4.68950050e+00
 -5.22241252e-01 -4.94852668e+00
 -6.02525952e-01 -5.24633436e+00
 -8.15929835e-01 -5.59218123e+00
 -6.98369040e-01 -5.99843271e+00
 -9.78183163e-01 -6.48191949e+00
 -1.15725107e+00 -7.06601310e+00
 -1.48481599e+00 -7.78382437e+00
 -1.83848698e+00 -8.68305654e+00
 -2.52731274e+00 -9.83273042e+00
 -3.58587494e+00 -1.13288957e+01
 -5.63730915e+00 -1.32778537e+01
 -9.19437569e+00 -1.56299662e+01
 -1.63878097e+01 -1.71714183e+01
 -2.81950886e+01 -1.16902851e+01
 -3.04673272e+01 5.75595160e+00
 -1.90085818e+01 1.45746070e+01
 -1.05408582e+01 1.38787751e+01
 -6.24217534e+00 1.15266400e+01
 -4.12948876e+00 9.46484651e+00
 -2.78056072e+00 7.86970091e+00
 -2.12405406e+00 6.64643530e+00
 -1.53878808e+00 5.69352724e+00
 -1.25120167e+00 4.93597182e+00
 -9.70019363e-01 4.32171078e+00
 -7.97129392e-01 3.81469212e+00
 -7.23555643e-01 3.38957536e+00
 -6.04464055e-01 3.02819675e+00
 -5.27157021e-01 2.71727206e+00
 -4.69132023e-01 2.44689783e+00
 -3.99910191e-01 2.20955914e+00
 -2.90799616e-01 1.99946080e+00
 -3.26421886e-01 1.81206784e+00
 -3.51744855e-01 1.64378398e+00
 -2.43848345e-01 1.49172275e+00
 -2.59539345e-01 1.35354176e+00
 -2.10471287e-01 1.22732102e+00
 -2.48692364e-01 1.11147223e+00
 -1.94712988e-01 1.00467037e+00
 -1.55402806e-01 9.05801384e-01
 -2.10008742e-01 8.13921863e-01
 -1.32596943e-01 7.28227512e-01
 -6.09397970e-02 6.48028362e-01
 -6.36488661e-02 5.72729058e-01
 -7.95633197e-02 5.01813060e-01
 -7.30555629e-02 4.34829897e-01
 -1.02022448e-01 3.71384789e-01
 -1.07726082e-01 3.11130161e-01
 -1.84340326e-02 2.53758636e-01
 -9.51769988e-02 1.98997238e-01
 -1.06503711e-02 1.46602552e-01
 -7.04033334e-02 9.63566632e-02
 -1.43861725e-01 4.80637437e-02
 -1.01496216e-01 1.54715268e-03
 -8.50006312e-02 -4.33530262e-02
 -6.67027759e-02 -8.67820915e-02
 -6.79111404e-02 -1.28872533e-01
 -1.40831618e-01 -1.69745589e-01
 -2.81682175e-02 -2.09512604e-01
 -5.61938513e-02 -2.48276195e-01
 -6.13800515e-02 -2.86131283e-01
 -5.87064362e-02 -3.23165991e-01
 -8.95162866e-02 -3.59462437e-01
 -7.04277794e-02 -3.95097436e-01
 -1.68920733e-02 -4.30143121e-01
 -9.74974431e-02 -4.64667499e-01
 -3.28943283e-02 -4.98734952e-01
 -9.40947254e-02 -5.32406684e-01
 -7.83856805e-02 -5.65741135e-01
 -5.88118123e-02 -5.98794344e-01
 -1.07528525e-01 -6.31620300e-01
 -4.19063723e-03 -6.64271253e-01
 -5.50659689e-02 -6.96798008e-01
 -4.17531375e-02 -7.29250205e-01
 -2.54241295e-02 -7.61676581e-01
 -3.07558434e-02 -7.94125215e-01
 -7.93418454e-02 -8.26643776e-01
 4.18668080e-02 -8.59279755e-01
 -2.04372284e-02 -8.92080696e-01
 -1.21309153e-01 -9.25094430e-01
 -4.69865333e-02 -9.58369301e-01
 -8.88542768e-02 -9.91954407e-01
 6.75171154e-03 -1.02589983e+00
 -9.80905762e-02 -1.06025691e+00
 -3.50221223e-02 -1.09507846e+00
 -1.62238746e-01 -1.13041909e+00
 -6.68105707e-02 -1.16633546e+00
 -9.08253135e-02 -1.20288660e+00
 -5.71932461e-02 -1.24013426e+00
 -1.47263116e-02 -1.27814325e+00
 -1.23606449e-01 -1.31698183e+00
 -5.32289375e-02 -1.35672217e+00
 -7.29005050e-02 -1.39744080e+00
 -1.62466414e-01 -1.43921914e+00
 -5.42851099e-02 -1.48214406e+00
 -1.25449945e-01 -1.52630859e+00
 -5.18967024e-02 -1.57181259e+00
 -1.21067851e-01 -1.61876356e+00
 -1.11292016e-01 -1.66727761e+00
 -1.66101611e-01 -1.71748048e+00
 -2.83967068e-02 -1.76950870e+00
 -1.06224428e-01 -1.82351095e+00
 -1.07514523e-01 -1.87964963e+00
 -8.80038298e-02 -1.93810260e+00
 -1.39803836e-01 -1.99906523e+00
 -1.17598052e-01 -2.06275274e+00
 -1.58179616e-01 -2.12940300e+00
 -1.37852862e-01 -2.19927963e+00
 -1.70317599e-01 -2.27267583e+00
 -1.98234834e-01 -2.34991874e+00
 -1.57735856e-01 -2.43137459e+00
 -1.55271157e-01 -2.51745495e+00
 -2.29793446e-01 -2.60862402e+00
 -8.87082779e-02 -2.70540745e+00
 -2.01263461e-01 -2.80840300e+00
 -1.17454898e-01 -2.91829342e+00
 -2.42075152e-01 -3.03586218e+00
 -2.39243423e-01 -3.16201284e+00
 -2.10197438e-01 -3.29779297e+00
 -3.73973030e-01 -3.44442404e+00
 -4.05818105e-01 -3.60333889e+00
 -2.78284874e-01 -3.77622942e+00
 -3.63933285e-01 -3.96510743e+00
 -4.48999252e-01 -4.17238341e+00
 -4.15242366e-01 -4.40096943e+00
 -4.70624795e-01 -4.65441516e+00
 -4.71837219e-01 -4.93708984e+00
 -5.75803027e-01 -5.25442908e+00
 -6.47291182e-01 -5.61327421e+00
 -8.05746446e-01 -6.02234604e+00
 -1.01073409e+00 -6.49291671e+00
 -1.08200424e+00 -7.03977730e+00
 -1.29435861e+00 -7.68265278e+00
 -1.66518684e+00 -8.44829518e+00
 -2.04569327e+00 -9.37359037e+00
 -2.57053517e+00 -1.05100842e+01
 -3.41122518e+00 -1.19300445e+01
 -4.70039028e+00 -1.37320053e+01
 -6.70210847e+00 -1.60326239e+01
 -1.01976866e+01 -1.88775677e+01
 -1.69324026e+01 -2.17432080e+01
 -2.92106224e+01 -2.13069179e+01
 -4.31799978e+01 -7.78714348e+00
 -3.90229297e+01 1.43905437e+01
 -2.40915861e+01 2.20079485e+01
 -1.40560857e+01 2.05232771e+01
 -8.78455504e+00 1.75258820e+01
 -5.90601236e+00 1.48724801e+01
 -4.18206941e+00 1.27671832e+01
 -3.17694397e+00 1.11174220e+01
 -2.32901537e+00 9.81037679e+00
 -1.99734695e+00 8.75758125e+00
 -1.48283767e+00 7.89513806e+00
 -1.31712523e+00 7.17748482e+00
 -1.14509627e+00 6.57186999e+00
 -9.03794238e-01 6.05439701e+00
 -7.71541208e-01 5.60733546e+00
 -7.57130638e-01 5.21730915e+00
 -6.41019870e-01 4.87406630e+00
 -5.15739124e-01 4.56963398e+00
 -4.76011755e-01 4.29772757e+00
 -3.77853802e-01 4.05333188e+00
 -4.24350347e-01 3.83239946e+00
 -3.69924102e-01 3.63162996e+00
 -3.00649918e-01 3.44830671e+00
 -2.93721938e-01 3.28017396e+00
 -3.04026607e-01 3.12534364e+00
 -2.24279176e-01 2.98222370e+00
 -2.33715689e-01 2.84946243e+00
 -2.74489308e-01 2.72590491e+00
 -2.98294695e-01 2.61055843e+00
 -1.94063363e-01 2.50256500e+00
 -1.81835579e-01 2.40117919e+00
 -1.53895855e-01 2.30575019e+00
 -1.89792877e-01 2.21570717e+00
 -2.23550686e-01 2.13054730e+00
 -1.99611539e-01 2.04982578e+00
 -1.86858191e-02 1.97314759e+00
 -6.21313399e-02 1.90016063e+00
 -1.87867445e-01 1.83054991e+00
 -1.03912231e-01 1.76403266e+00
 -1.11022248e-01 1.70035419e+00
 -2.13547783e-01 1.63928433e+00
 -1.50965314e-01 1.58061447e+00
 -5.47959644e-02 1.52415490e+00
 -4.98007321e-02 1.46973262e+00
 -1.20728998e-01 1.41718935e+00
 -1.09367160e-01 1.36637989e+00
 -1.49271930e-01 1.31717063e+00
 -1.80193790e-01 1.26943826e+00
 -6.53375350e-02 1.22306862e+00
 -6.74969365e-02 1.17795574e+00
 -1.76634989e-01 1.13400092e+00
 -2.13015081e-02 1.09111199e+00
 -1.15811628e-01 1.04920253e+00
 -3.37609944e-02 1.00819131e+00
 -5.47841976e-02 9.68001713e-01
 -7.71851611e-02 9.28561197e-01
 -4.35223185e-02 8.89800853e-01
 1.20383058e-02 8.51654974e-01
 -3.80817854e-02 8.14060667e-01
 -4.60249932e-02 7.76957496e-01
 -1.37212521e-01 7.40287146e-01
 -4.65267305e-02 7.03993112e-01
 -1.45806046e-01 6.68020406e-01
 -6.84743998e-02 6.32315274e-01
 -8.12191877e-02 5.96824931e-01
 -7.35439575e-02 5.61497300e-01
 6.61043108e-03 5.26280758e-01
 -8.88220163e-02 4.91123889e-01
 -3.73262813e-02 4.55975232e-01
 -1.46647173e-01 4.20783030e-01
 -1.32454749e-01 3.85494977e-01
 2.88116034e-03 3.50057955e-01
 -5.38520075e-02 3.14417765e-01
 -6.98909841e-02 2.78518837e-01
 -1.28230854e-01 2.42303935e-01
 -9.02414090e-02 2.05713836e-01
 -3.53311756e-02 1.68686986e-01
 -1.58245008e-01 1.31159132e-01
 -6.35772762e-02 9.30629145e-02
 -8.09909046e-02 5.43274284e-02
 -4.79847384e-03 1.48777364e-02
 -1.66840214e-01 -2.53656702e-02
 -8.12293218e-02 -6.64874710e-02
 -9.94557750e-02 -1.08578187e-01
 -9.34609090e-03 -1.51734934e-01
 -3.12643673e-02 -1.96062272e-01
 -9.65652104e-03 -2.41673167e-01
 -1.33968021e-01 -2.88690088e-01
 -9.02330933e-02 -3.37246256e-01
 -1.16697202e-01 -3.87487080e-01
 1.95481270e-02 -4.39571803e-01
 -1.20246505e-01 -4.93675420e-01
 -1.00417348e-01 -5.49990883e-01
 -1.75134935e-01 -6.08731692e-01
 -6.54323329e-02 -6.70134916e-01
 -7.37617308e-02 -7.34464747e-01
 -6.10585717e-02 -8.02016703e-01
 -1.68816590e-01 -8.73122620e-01
 -1.65434513e-01 -9.48156603e-01
 -1.21373433e-01 -1.02754217e+00
 -1.17068337e-01 -1.11176087e+00
 -1.42453734e-01 -1.20136276e+00
 -1.16975378e-01 -1.29697918e+00
 -2.08296715e-01 -1.39933845e+00
 -2.34977555e-01 -1.50928538e+00
 -1.65947141e-01 -1.62780556e+00
 -2.58705672e-01 -1.75605589e+00
 -3.56035842e-01 -1.89540343e+00
 -2.51348283e-01 -2.04747500e+00
 -2.77681815e-01 -2.21422147e+00
 -4.17753419e-01 -2.39800170e+00
 -4.45516946e-01 -2.60169345e+00
 -4.03035500e-01 -2.82884176e+00
 -5.62792793e-01 -3.08385988e+00
 -6.37356901e-01 -3.37230498e+00
 -6.98397583e-01 -3.70126166e+00
 -8.95411671e-01 -4.07988254e+00
 -9.34918193e-01 -4.52015969e+00
 -1.25572198e+00 -5.03803532e+00
 -1.40909983e+00 -5.65500241e+00
 -1.77604177e+00 -6.40036897e+00
 -2.36745958e+00 -7.31423773e+00
 -3.04347769e+00 -8.45046474e+00
 -4.25462832e+00 -9.87525471e+00
 -6.15773103e+00 -1.16414681e+01
 -9.39669232e+00 -1.36512181e+01
 -1.54510680e+01 -1.50464947e+01
 -2.50597046e+01 -1.22444961e+01
 -3.19899403e+01 3.81461893e-01
 -2.57702277e+01 1.35946956e+01
 -1.60480171e+01 1.69315475e+01
 -9.79319020e+00 1.56704818e+01
 -6.26358005e+00 1.36677189e+01
 -4.34690261e+00 1.18841311e+01
 -3.09558583e+00 1.04414374e+01
 -2.45149515e+00 9.29102238e+00
 -1.87071912e+00 8.36665973e+00
 -1.50567752e+00 7.61374327e+00
 -1.24496092e+00 6.99146140e+00
 -1.00832108e+00 6.46996354e+00
 -8.08834544e-01 6.02736370e+00
 -6.83784130e-01 5.64743858e+00
 -5.81880931e-01 5.31799446e+00
 -5.03891661e-01 5.02973268e+00
 -4.90166832e-01 4.77546176e+00
 -3.91142208e-01 4.54954535e+00
 -3.12019857e-01 4.34751098e+00
 -4.64059660e-01 4.16576887e+00
 -3.44579008e-01 4.00140723e+00
 -2.23786719e-01 3.85204119e+00
 -2.84117214e-01 3.71569993e+00
 -2.60377642e-01 3.59074134e+00
 -1.72466977e-01 3.47578672e+00
 -2.29362200e-01 3.36967038e+00
 -2.74558194e-01 3.27140024e+00
 -2.54525589e-02 3.18012688e+00
 -1.30089729e-01 3.09511883e+00
 -1.78492947e-01 3.01574294e+00
 -1.40395809e-01 2.94144838e+00
 -1.19535818e-01 2.87175377e+00
 -1.44606814e-01 2.80623653e+00
 -9.62966815e-02 2.74452425e+00
 -7.88368311e-02 2.68628738e+00
 -1.58721175e-01 2.63123331e+00
 -7.82232426e-02 2.57910128e+00
 -8.04667174e-02 2.52965816e+00
 -9.29668460e-02 2.48269490e+00
 -1.43084010e-01 2.43802342e+00
 -1.22230254e-01 2.39547413e+00
 -1.17602813e-01 2.35489358e+00
 1.34640493e-02 2.31614267e+00
 -1.04215314e-01 2.27909491e+00
 -9.56070520e-02 2.24363506e+00
 7.38442806e-04 2.20965786e+00
 -6.74868819e-02 2.17706695e+00
 -8.09869009e-02 2.14577392e+00
 -5.33592722e-02 2.11569751e+00
 -1.42767769e-01 2.08676286e+00
 -4.24363812e-02 2.05890085e+00
 -7.48711723e-03 2.03204758e+00
 -9.63971457e-02 2.00614380e+00
 -1.47478862e-01 1.98113452e+00
 -5.79826932e-02 1.95696857e+00
 -3.84004240e-02 1.93359827e+00
 -2.54180119e-02 1.91097908e+00
 -7.95252041e-02 1.88906932e+00
 1.62702425e-02 1.86782992e+00
 -6.65276092e-02 1.84722419e+00
 -2.66882453e-03 1.82721756e+00
 -7.69287536e-02 1.80777744e+00
 5.94907600e-02 1.78887302e+00
 -1.57663913e-01 1.77047510e+00
 -5.67163029e-02 1.75255593e+00
 -1.52213630e-01 1.73508912e+00
 -8.50166309e-02 1.71804945e+00
 1.35281718e-02 1.70141278e+00
 -1.00605214e-01 1.68515594e+00
 -5.78126981e-02 1.66925662e+00
 -8.98547426e-02 1.65369326e+00
 -1.03759296e-01 1.63844496e+00
 -5.47836344e-03 1.62349137e+00
 -1.59029164e-03 1.60881264e+00
 -1.02625077e-01 1.59438928e+00
 7.94177129e-02 1.58020210e+00
 -4.01004784e-02 1.56623211e+00
 -1.23629311e-01 1.55246045e+00
 -1.07863383e-01 1.53886826e+00
 -7.46151663e-02 1.52543660e+00
 -8.87288580e-02 1.51214637e+00
 -4.15450081e-02 1.49897816e+00
 -1.94714784e-02 1.48591218e+00
 -9.50168963e-03 1.47292811e+00
 -4.86015574e-02 1.46000496e+00
 7.68497953e-02 1.44712095e+00
 2.12686885e-02 1.43425332e+00
 -5.45239506e-02 1.42137816e+00
 7.46304680e-02 1.40847021e+00
 1.04724773e-02 1.39550259e+00
 -4.77670050e-02 1.38244660e+00
 -6.43546633e-02 1.36927136e+00
 1.13169075e-02 1.35594350e+00
 -1.90411531e-02 1.34242671e+00
 -5.30658816e-02 1.32868132e+00
 -8.51354977e-02 1.31466373e+00
 -8.00794962e-02 1.30032572e+00
 -5.78238206e-02 1.28561375e+00
 -2.35940248e-02 1.27046797e+00
 -8.86141145e-02 1.25482118e+00
 -1.62664943e-02 1.23859746e+00
 -3.83682586e-02 1.22171056e+00
 -8.04495430e-03 1.20406198e+00
 -9.29139997e-02 1.18553849e+00
 -5.07573929e-02 1.16600916e+00
 -2.95983333e-02 1.14532161e+00
 -4.34172569e-04 1.12329733e+00
 -8.17773882e-02 1.09972567e+00
 -7.26850981e-02 1.07435620e+00
 -8.98181286e-02 1.04688883e+00
 -4.41228878e-02 1.01696085e+00
 -6.48649093e-02 9.84129891e-01
 -2.39683329e-02 9.47851124e-01
 -9.61371288e-02 9.07446431e-01
 -1.19972671e-01 8.62062290e-01
 -1.26767691e-01 8.10611499e-01
 -1.03812747e-01 7.51691717e-01
 -3.20273803e-01 6.83470821e-01
 -2.15746572e-01 6.03525547e-01
 -1.93908947e-01 5.08618161e-01
 -2.98848303e-01 3.94405199e-01
 -4.32506204e-01 2.55127797e-01
 -5.32451227e-01 8.35665020e-02
 -6.99548908e-01 -1.27538619e-01
 -1.07748323e+00 -3.77787557e-01
 -1.62576910e+00 -6.26279255e-01
 -2.67697963e+00 -6.70932974e-01
 -3.91347007e+00 9.29651178e-02
 -4.32906450e+00 2.00032135e+00
 -3.17090286e+00 3.42709929e+00
 -2.02506682e+00 3.69503160e+00
 -1.33947175e+00 3.50795210e+00
 -8.42396330e-01 3.24983688e+00
 -5.36411131e-01 3.01923863e+00
 -4.01383528e-01 2.83006098e+00
 -3.27978021e-01 2.67724937e+00
 -2.53522686e-01 2.55323104e+00
 -1.75919857e-01 2.45148965e+00
 -2.02877590e-01 2.36700900e+00
 -1.50833062e-01 2.29603730e+00
 -1.12227992e-01 2.23577521e+00
 -1.34917572e-01 2.18411821e+00
 -1.04490111e-01 2.13946615e+00
 9.10782151e-04 2.10058705e+00
 -3.36745458e-02 2.06652049e+00
 -8.03467221e-02 2.03650864e+00
 -5.14131512e-02 2.00994678e+00
 -5.92689008e-02 1.98634725e+00
 -8.29234241e-02 1.96531296e+00
 3.27213564e-02 1.94651767e+00
 4.61649641e-02 1.92969115e+00
 4.94369909e-02 1.91460787e+00
 -9.99694161e-03 1.90107831e+00
 -6.91442697e-02 1.88894218e+00
 -5.38508259e-02 1.87806317e+00
 5.67166793e-02 1.86832473e+00
 -5.10762324e-02 1.85962673e+00
 2.18376382e-02 1.85188280e+00
 -7.41371376e-02 1.84501814e+00
 -1.12661451e-02 1.83896777e+00
 -7.21400708e-04 1.83367505e+00
 -4.23235323e-02 1.82909053e+00
 9.97440955e-03 1.82517091e+00
 -4.54757841e-02 1.82187827e+00
 5.56560439e-02 1.81917934e+00
 5.31143306e-02 1.81704492e+00
 -3.47018690e-02 1.81544942e+00
 7.28461760e-02 1.81437041e+00
 -6.83474224e-02 1.81378833e+00
 5.16328050e-02 1.81368610e+00
 9.60136471e-02 1.81404894e+00
 -4.70742834e-02 1.81486412e+00
 9.67214683e-02 1.81612079e+00
 -2.94339926e-03 1.81780980e+00
 2.13647330e-03 1.81992360e+00
 3.98235367e-02 1.82245607e+00
 -6.43573022e-02 1.82540249e+00
 -1.26430553e-01 1.82875939e+00
 1.53061790e-02 1.83252454e+00
 -1.99910221e-02 1.83669686e+00
 -7.37090383e-02 1.84127638e+00
 5.07052738e-02 1.84626423e+00
 5.27846744e-02 1.85166257e+00
 6.87255538e-02 1.85747460e+00
 -2.45725135e-02 1.86370456e+00
 2.48356821e-02 1.87035770e+00
 4.53814107e-02 1.87744033e+00
 4.64867456e-03 1.88495976e+00
 8.94555526e-03 1.89292441e+00
 -4.66498301e-03 1.90134377e+00
 8.07287710e-02 1.91022845e+00
 3.50224727e-02 1.91959026e+00
 6.91482537e-02 1.92944220e+00
 -2.64475926e-02 1.93979858e+00
 4.75145962e-02 1.95067505e+00
 8.13773879e-03 1.96208868e+00
 5.61522426e-02 1.97405807e+00
 5.84813290e-02 1.98660343e+00
 3.39527552e-02 1.99974671e+00
 -1.00742848e-03 2.01351172e+00
 -6.40258126e-02 2.02792426e+00
 -1.23622802e-02 2.04301229e+00
 2.55759222e-03 2.05880615e+00
 3.92197241e-02 2.07533867e+00
 6.26663779e-02 2.09264549e+00
 3.00176610e-02 2.11076526e+00
 1.49194603e-01 2.12973994e+00
 9.60829958e-02 2.14961512e+00
 4.18830634e-02 2.17044039e+00
 1.04341201e-01 2.19226975e+00
 3.28811756e-02 2.21516204e+00
 1.19539160e-01 2.23918154e+00
 1.06131442e-01 2.26439848e+00
 3.44693002e-02 2.29088979e+00
 7.47139850e-02 2.31873985e+00
 9.22673684e-02 2.34804139e+00
 1.23320709e-01 2.37889651e+00
 3.05461480e-02 2.41141789e+00
 6.91851995e-02 2.44573012e+00
 1.14219404e-01 2.48197130e+00
 1.06707852e-01 2.52029495e+00
 4.38545043e-02 2.56087208e+00
 9.88115370e-02 2.60389380e+00
 7.89460816e-02 2.64957431e+00
 8.30530162e-02 2.69815443e+00
 3.64248097e-02 2.74990585e+00
 1.45988484e-01 2.80513616e+00
 1.51636565e-01 2.86419494e+00
 2.21963141e-01 2.92748110e+00
 2.61811433e-01 2.99545182e+00
 1.31698738e-01 3.06863344e+00
 1.64560469e-01 3.14763496e+00
 1.41483582e-01 3.23316469e+00
 2.10888135e-01 3.32605111e+00
 2.41174773e-01 3.42726914e+00
 4.05599880e-01 3.53797345e+00
 2.04312340e-01 3.65954115e+00
 3.84194001e-01 3.79362706e+00
 2.94252370e-01 3.94223573e+00
 3.36439935e-01 4.10781658e+00
 4.31827050e-01 4.29339063e+00
 5.49056898e-01 4.50272121e+00
 5.63749733e-01 4.74054632e+00
 6.39989816e-01 5.01289754e+00
 7.95180574e-01 5.32754048e+00
 9.77444913e-01 5.69458275e+00
 1.09236622e+00 6.12730148e+00
 1.46280954e+00 6.64321705e+00
 1.85006975e+00 7.26529504e+00
 2.30422765e+00 8.02258414e+00
 3.16378981e+00 8.94750244e+00
 4.40141924e+00 1.00593841e+01
 6.40129654e+00 1.12961743e+01
 9.97245573e+00 1.22619108e+01
 1.54160351e+01 1.14763780e+01
 2.12795613e+01 5.84352128e+00
 2.12026667e+01 -3.65503012e+00
 1.51922793e+01 -9.12981474e+00
 9.85384000e+00 -9.83826203e+00
 6.38567754e+00 -8.85841123e+00
 4.40447901e+00 -7.62547282e+00
 3.20216775e+00 -6.52006742e+00
 2.37102464e+00 -5.60057478e+00
 1.80510344e+00 -4.84712069e+00
 1.43137189e+00 -4.22746080e+00
 1.08396713e+00 -3.71281931e+00
 9.55712013e-01 -3.28046419e+00
 7.90914842e-01 -2.91305138e+00
 6.56449937e-01 -2.59743198e+00
 5.81562456e-01 -2.32359075e+00
 4.72346304e-01 -2.08382882e+00
 3.95306460e-01 -1.87216309e+00
 4.71992011e-01 -1.68389099e+00
 3.08005839e-01 -1.51527518e+00
 3.17032565e-01 -1.36331379e+00
 2.32861288e-01 -1.22557146e+00
 2.83862760e-01 -1.10005380e+00
 2.02654519e-01 -9.85113312e-01
 2.82586726e-01 -8.79377849e-01
 2.70895134e-01 -7.81695946e-01
 3.17973493e-01 -6.91094447e-01
 1.51404776e-01 -6.06745440e-01
 2.56834545e-01 -5.27940198e-01
 2.27932811e-01 -4.54068478e-01
 1.30155822e-01 -3.84601956e-01
 1.25042303e-01 -3.19080846e-01
 1.40841646e-01 -2.57103047e-01
 1.65420144e-01 -1.98315261e-01
 2.15415903e-01 -1.42405680e-01
 1.14994771e-01 -8.90979391e-02
 9.41645130e-02 -3.81460819e-02
 4.36687703e-02 1.06696592e-02
 1.77628267e-01 5.75464073e-02
 7.62492329e-02 1.02661640e-01
 1.25884042e-01 1.46175736e-01
 1.74368247e-01 1.88234151e-01
 7.23268639e-02 2.28969276e-01
 1.59636323e-01 2.68502047e-01
 5.23433377e-02 3.06943324e-01
 1.10654799e-01 3.44395103e-01
 1.19538734e-01 3.80951558e-01
 6.54694998e-02 4.16699960e-01
 1.03536894e-01 4.51721488e-01
 1.45388471e-01 4.86091936e-01
 8.14298672e-02 5.19882350e-01
 -1.37130590e-02 5.53159584e-01
 2.97680695e-02 5.85986808e-01
 2.55755020e-02 6.18423959e-01
 1.18085023e-01 6.50528150e-01
 4.58100640e-02 6.82354041e-01
 1.22081700e-01 7.13954184e-01
 8.48839879e-02 7.45379332e-01
 8.36645667e-02 7.76678732e-01
 8.99061349e-02 8.07900397e-01
 1.34370852e-01 8.39091364e-01
 1.59804695e-02 8.70297936e-01
 6.97102270e-02 9.01565916e-01
 1.06457417e-01 9.32940836e-01
 1.32158012e-01 9.64468179e-01
 7.66076311e-02 9.96193594e-01
 5.50906040e-02 1.02816312e+00
 1.97456950e-02 1.06042341e+00
 8.58735029e-02 1.09302195e+00
 7.53377168e-02 1.12600728e+00
 -3.51897511e-03 1.15942927e+00
 1.29280054e-01 1.19333933e+00
 7.34676412e-02 1.22779069e+00
 8.09781475e-02 1.26283872e+00
 8.07276912e-02 1.29854115e+00
 1.02008175e-01 1.33495849e+00
 1.25866917e-01 1.37215431e+00
 1.21688136e-01 1.41019567e+00
 8.11586190e-02 1.44915352e+00
 8.12786322e-02 1.48910318e+00
 -7.89801907e-03 1.53012484e+00
 4.88434859e-02 1.57230415e+00
 1.50990892e-01 1.61573283e+00
 1.17624866e-01 1.66050943e+00
 1.49594595e-01 1.70674009e+00
 1.67369808e-01 1.75453946e+00
 4.35425490e-02 1.80403172e+00
 5.07476172e-02 1.85535175e+00
 1.65875674e-01 1.90864644e+00
 6.16096717e-02 1.96407621e+00
 7.06737810e-02 2.02181676e+00
 1.38499211e-01 2.08206104e+00
 1.77573982e-01 2.14502156e+00
 1.12351013e-01 2.21093309e+00
 1.14985096e-01 2.28005574e+00
 2.12938097e-01 2.35267864e+00
 3.15375741e-01 2.42912419e+00
 2.10548702e-01 2.50975309e+00
 1.92164383e-01 2.59497034e+00
 2.21225550e-01 2.68523233e+00
 2.93586186e-01 2.78105533e+00
 2.43584779e-01 2.88302572e+00
 2.63726461e-01 2.99181232e+00
 2.77097357e-01 3.10818148e+00
 3.37913051e-01 3.23301543e+00
 3.28295967e-01 3.36733492e+00
 3.77708590e-01 3.51232742e+00
 3.56666181e-01 3.66938219e+00
 4.78906471e-01 3.84013455e+00
 3.57431882e-01 4.02652206e+00
 4.15706423e-01 4.23085648e+00
 6.51348703e-01 4.45591672e+00
 6.72903977e-01 4.70507008e+00
 7.76564058e-01 4.98243183e+00
 8.62400716e-01 5.29307732e+00
 1.01863145e+00 5.64332646e+00
 1.03215046e+00 6.04112810e+00
 1.27056082e+00 6.49658234e+00
 1.41125414e+00 7.02264992e+00
 1.62108915e+00 7.63610466e+00
 2.07229531e+00 8.35876524e+00
 2.53306222e+00 9.21892593e+00
 3.17067554e+00 1.02524624e+01
 4.23663699e+00 1.15015638e+01
 5.90235453e+00 1.30038806e+01
 8.15544729e+00 1.47472387e+01
 1.18864636e+01 1.65058090e+01
 1.80335199e+01 1.73077595e+01
 2.70406404e+01 1.42482700e+01
 3.40689495e+01 3.46715633e+00
 3.09243056e+01 -9.94658282e+00
 2.18072199e+01 -1.62198627e+01
 1.43361346e+01 -1.66383165e+01
 9.55303309e+00 -1.51140804e+01
 6.65029182e+00 -1.33159468e+01
 4.91036451e+00 -1.17010259e+01
 3.69076889e+00 -1.03441964e+01
 2.91954528e+00 -9.22098186e+00
 2.26208225e+00 -8.28901509e+00
 1.88076991e+00 -7.50929341e+00
 1.62366935e+00 -6.85030070e+00
 1.37874518e+00 -6.28756202e+00
 1.16327643e+00 -5.80225616e+00
 1.03033463e+00 -5.37987839e+00
 7.76054856e-01 -5.00916900e+00
 7.37141908e-01 -4.68130478e+00
 6.32295264e-01 -4.38930156e+00
 5.31367572e-01 -4.12757470e+00
 5.92047122e-01 -3.89161461e+00
 5.03791083e-01 -3.67774567e+00
 4.22176490e-01 -3.48294559e+00
 4.14087918e-01 -3.30470865e+00
 3.21264491e-01 -3.14094139e+00
 4.03533033e-01 -2.98988210e+00
 3.40270871e-01 -2.85003823e+00
 2.75657630e-01 -2.72013728e+00
 2.54452620e-01 -2.59908793e+00
 1.89892001e-01 -2.48594903e+00
 2.92317384e-01 -2.37990472e+00
 3.10866068e-01 -2.28024424e+00
 2.35974923e-01 -2.18634555e+00
 2.12852773e-01 -2.09766182e+00
 2.65004725e-01 -2.01371031e+00
 1.21864200e-01 -1.93406324e+00
 1.99177734e-01 -1.85834001e+00
 1.98704925e-01 -1.78620079e+00
 1.49705574e-01 -1.71734110e+00
 1.22462900e-01 -1.65148721e+00
 1.78848098e-01 -1.58839221e+00
 1.79076009e-01 -1.52783268e+00
 2.98584945e-02 -1.46960585e+00
 7.54929996e-02 -1.41352709e+00
 1.31401080e-01 -1.35942781e+00
 1.52150002e-01 -1.30715360e+00
 1.78781482e-01 -1.25656264e+00
 1.09410030e-01 -1.20752423e+00
 9.29892422e-02 -1.15991765e+00
 1.10822423e-01 -1.11363098e+00
 1.25151795e-01 -1.06856018e+00
 1.27894830e-01 -1.02460827e+00
 5.43979459e-02 -9.81684502e-01
 1.50308928e-01 -9.39703729e-01
 1.78676017e-01 -8.98585785e-01
 1.20228917e-01 -8.58254934e-01
 1.22742547e-01 -8.18639376e-01
 8.70034900e-02 -7.79670791e-01
 7.25796568e-02 -7.41283931e-01
 9.15671525e-02 -7.03416236e-01
 5.80688979e-02 -6.66007483e-01
 5.76760060e-02 -6.28999458e-01
 1.16482713e-01 -5.92335651e-01
 3.01188684e-02 -5.55960962e-01
 5.17671192e-02 -5.19821425e-01
 4.00409511e-02 -4.83863943e-01
 1.39253080e-01 -4.48036026e-01
 4.36490981e-02 -4.12285541e-01
 8.96324461e-02 -3.76560459e-01
 6.04381663e-02 -3.40808606e-01
 1.19903980e-01 -3.04977408e-01
 1.60448207e-01 -2.69013633e-01
 7.55443931e-02 -2.32863127e-01
 2.79834651e-03 -1.96470536e-01
 1.89802701e-02 -1.59779015e-01
 3.71247350e-02 -1.22729926e-01
 1.90733604e-01 -8.52625027e-02
 1.84256804e-01 -4.73135070e-02
 1.40800776e-01 -8.81684306e-03
 8.32842356e-02 3.02968552e-02
 1.07364402e-01 7.01006788e-02
 1.00088480e-02 1.10671944e-01
 1.37441071e-01 1.52092747e-01
 1.79604082e-01 1.94450582e-01
 1.65902495e-01 2.37839028e-01
 1.52707908e-01 2.82358527e-01
 9.21673149e-02 3.28117258e-01
 1.17142876e-01 3.75232124e-01
 5.15890220e-02 4.23829876e-01
 1.53300490e-01 4.74048404e-01
 1.77309051e-01 5.26038197e-01
 1.66705064e-01 5.79964043e-01
 9.98738582e-02 6.36006978e-01
 1.47091461e-01 6.94366551e-01
 1.55605929e-01 7.55263457e-01
 1.31210671e-01 8.18942620e-01
 1.20094857e-01 8.85676807e-01
 1.81984509e-01 9.55770892e-01
 1.00377345e-01 1.02956690e+00
 1.69247809e-01 1.10745004e+00
 1.53231065e-01 1.18985587e+00
 1.71155826e-01 1.27727898e+00
 3.04899449e-01 1.37028342e+00
 1.37674424e-01 1.46951549e+00
 2.91437513e-01 1.57571930e+00
 2.70021231e-01 1.68975599e+00
 3.13734403e-01 1.81262760e+00
 3.28655607e-01 1.94550682e+00
 4.22763733e-01 2.08977458e+00
 4.06408248e-01 2.24706763e+00
 4.29972173e-01 2.41933950e+00
 4.78523737e-01 2.60893918e+00
 5.69576683e-01 2.81871351e+00
 6.44994832e-01 3.05214163e+00
 7.61741998e-01 3.31351298e+00
 8.11343039e-01 3.60816454e+00
 9.10434180e-01 3.94279864e+00
 1.06150768e+00 4.32590865e+00
 1.29004486e+00 4.76834406e+00
 1.58305850e+00 5.28403916e+00
 1.90561397e+00 5.89088142e+00
 2.29781522e+00 6.61151789e+00
 2.91439774e+00 7.47331300e+00
 3.89223489e+00 8.50480240e+00
 5.22658742e+00 9.71997971e+00
 7.51251811e+00 1.10623702e+01
 1.08849161e+01 1.22221072e+01
 1.63616573e+01 1.21213316e+01
 2.31437336e+01 8.19218608e+00
 2.67063716e+01 -1.22308752e+00
 2.27704701e+01 -1.03689783e+01
 1.59364079e+01 -1.39564197e+01
 1.06469852e+01 -1.39210577e+01
 7.36469201e+00 -1.27349343e+01
 5.19728723e+00 -1.14002833e+01
 3.84535193e+00 -1.02001173e+01
 2.92486287e+00 -9.18326560e+00
 2.24738591e+00 -8.33404206e+00
 1.91292722e+00 -7.62389292e+00
 1.61922468e+00 -7.02582670e+00
 1.31588570e+00 -6.51759445e+00
 1.10907060e+00 -6.08164220e+00
 1.00027641e+00 -5.70429547e+00
 7.77920228e-01 -5.37490230e+00
 6.96247283e-01 -5.08511883e+00
 6.98778831e-01 -4.82835628e+00
 5.63853984e-01 -4.59936467e+00
 5.12338412e-01 -4.39392188e+00
 4.80085110e-01 -4.20860152e+00
 4.00708622e-01 -4.04059856e+00
 3.54418288e-01 -3.88759762e+00
 3.51069419e-01 -3.74767250e+00
 3.39864344e-01 -3.61920903e+00
 3.53918263e-01 -3.50084520e+00
 3.21505220e-01 -3.39142436e+00
 2.08893570e-01 -3.28995833e+00
 2.62997926e-01 -3.19559809e+00
 2.84825512e-01 -3.10761030e+00
 2.06989721e-01 -3.02535840e+00
 1.61042132e-01 -2.94828726e+00
 1.91317324e-01 -2.87591058e+00
 2.13513770e-01 -2.80780061e+00
 1.79099630e-01 -2.74357964e+00
 1.99428311e-01 -2.68291284e+00
 1.61604659e-01 -2.62550242e+00
 1.90169118e-01 -2.57108259e+00
 2.15750040e-01 -2.51941537e+00
 2.89851426e-01 -2.47028704e+00
 3.94753570e-02 -2.42350510e+00
 1.22071912e-01 -2.37889571e+00
 1.18607066e-01 -2.33630139e+00
 2.33332167e-01 -2.29557919e+00
 8.79771616e-02 -2.25659898e+00
 4.80321441e-02 -2.21924201e+00
 1.61261741e-01 -2.18339971e+00
 7.20957978e-02 -2.14897253e+00
 1.22406218e-01 -2.11586905e+00
 6.23594723e-02 -2.08400507e+00
 1.37707246e-01 -2.05330292e+00
 1.41077782e-02 -2.02369080e+00
 1.97244975e-01 -1.99510217e+00
 8.00452263e-03 -1.96747526e+00
 6.10704998e-02 -1.94075261e+00
 1.19716706e-01 -1.91488062e+00
 5.27922359e-02 -1.88980926e+00
 1.52413202e-01 -1.86549165e+00
 1.10211181e-01 -1.84188382e+00
 4.15424033e-02 -1.81894443e+00
 2.92410796e-02 -1.79663449e+00
 -3.84671703e-02 -1.77491718e+00
 5.77783754e-02 -1.75375763e+00
 1.14883716e-01 -1.73312273e+00
 4.47277816e-02 -1.71298094e+00
 6.05317711e-03 -1.69330218e+00
 1.29351069e-02 -1.67405761e+00
 2.15966698e-02 -1.65521956e+00
 -8.94879071e-04 -1.63676135e+00
 2.45272784e-02 -1.61865720e+00
 9.24625363e-02 -1.60088207e+00
 5.85891505e-02 -1.58341158e+00
 1.22349703e-01 -1.56622189e+00
 -5.36676834e-02 -1.54928959e+00
 7.07741686e-03 -1.53259158e+00
 8.67457385e-02 -1.51610498e+00
 -7.89131139e-02 -1.49980701e+00
 1.19532451e-01 -1.48367488e+00
 -2.84238970e-02 -1.46768568e+00
 -4.22419337e-02 -1.45181624e+00
 4.16831764e-02 -1.43604304e+00
 9.73248273e-02 -1.42034205e+00
 -2.65879993e-03 -1.40468859e+00
 3.37063003e-03 -1.38905718e+00
 5.28242005e-02 -1.37342135e+00
 8.44682359e-02 -1.35775349e+00
 5.26650979e-02 -1.34202462e+00
 -5.48671089e-02 -1.32620415e+00
 9.35719251e-02 -1.31025964e+00
 -7.31291701e-04 -1.29415651e+00
 -2.45715302e-02 -1.27785767e+00
 3.84552012e-02 -1.26132321e+00
 -4.18481068e-02 -1.24450987e+00
 4.50595784e-02 -1.22737065e+00
 -6.36227410e-03 -1.20985411e+00
 3.05794877e-02 -1.19190380e+00
 9.49130279e-02 -1.17345737e+00
 1.29532704e-01 -1.15444572e+00
 8.74658855e-02 -1.13479180e+00
 5.35086347e-02 -1.11440939e+00
 3.69003559e-02 -1.09320146e+00
 4.25458817e-02 -1.07105829e+00
 3.09119033e-02 -1.04785520e+00
 3.22414857e-03 -1.02344975e+00
 6.05154365e-02 -9.97678330e-01
 1.41747014e-01 -9.70351964e-01
 1.06173812e-01 -9.41251108e-01
 7.78193129e-02 -9.10119131e-01
 1.07356788e-01 -8.76654127e-01
 1.32956210e-01 -8.40498526e-01
 4.40480591e-02 -8.01225813e-01
 8.48395405e-02 -7.58323412e-01
 6.73016677e-02 -7.11170470e-01
 2.38676513e-01 -6.59008777e-01
 1.85405923e-01 -6.00904480e-01
 2.17834965e-01 -5.35697449e-01
 1.71517221e-01 -4.61934247e-01
 2.86402590e-01 -3.77780038e-01
 2.99465161e-01 -2.80905354e-01
 4.37631584e-01 -1.68348744e-01
 4.38052130e-01 -3.63752651e-02
 4.96984608e-01 1.19589311e-01
 7.13617143e-01 3.04685744e-01
 9.33926733e-01 5.23190251e-01
 1.19440311e+00 7.73392467e-01
 1.78770940e+00 1.03106682e+00
 2.65832556e+00 1.20024347e+00
 3.68926243e+00 9.97880555e-01
 4.92808407e+00 -9.56392316e-02
 5.30871485e+00 -2.06969954e+00
 4.29316927e+00 -3.63162873e+00
 3.00038830e+00 -4.15434653e+00
 2.10510542e+00 -4.09628576e+00
 1.38542161e+00 -3.85953068e+00
 1.04138321e+00 -3.60256874e+00
 7.90435887e-01 -3.37142246e+00
 5.26891471e-01 -3.17436225e+00
 4.33380858e-01 -3.00872112e+00
 4.37030632e-01 -2.86946192e+00
 2.07957491e-01 -2.75171504e+00
 2.55605606e-01 -2.65139547e+00
 2.66070736e-01 -2.56523426e+00
 2.12074151e-01 -2.49065496e+00
 1.01858272e-01 -2.42563100e+00
 1.91849743e-01 -2.36856187e+00
 1.02677498e-01 -2.31817490e+00
 1.00370372e-01 -2.27345002e+00
 9.41859398e-02 -2.23356273e+00
 5.71856695e-02 -2.19784104e+00
 1.21115837e-01 -2.16573284e+00
 1.12099325e-01 -2.13678103e+00
 1.15806881e-02 -2.11060444e+00
 -5.82118992e-03 -2.08688301e+00
 1.13286035e-01 -2.06534634e+00
 1.14615060e-01 -2.04576462e+00
 4.46083346e-02 -2.02794145e+00
 8.98415423e-02 -2.01170817e+00
 4.02110518e-03 -1.99691925e+00
 -6.00464404e-02 -1.98344856e+00
 5.31669743e-02 -1.97118638e+00
 9.44898999e-02 -1.96003694e+00
 -5.15144651e-02 -1.94991632e+00
 1.07187434e-03 -1.94075085e+00
 4.57357121e-02 -1.93247563e+00
 6.51496162e-02 -1.92503340e+00
 -6.83983680e-02 -1.91837353e+00
 -1.68294447e-02 -1.91245123e+00
 -1.86347761e-02 -1.90722677e+00
 -2.19277727e-02 -1.90266496e+00
 1.56255106e-03 -1.89873461e+00
 1.12996828e-02 -1.89540805e+00
 9.94472586e-04 -1.89266085e+00
 -2.41723746e-02 -1.89047139e+00
 6.53977904e-03 -1.88882069e+00
 1.05298106e-01 -1.88769207e+00
 -1.12174287e-02 -1.88707104e+00
 -7.33698490e-02 -1.88694504e+00
 -3.96914698e-03 -1.88730335e+00
 4.10754716e-02 -1.88813693e+00
 -3.57241051e-02 -1.88943831e+00
 -2.85706699e-02 -1.89120150e+00
 2.17070493e-02 -1.89342193e+00
 2.81110020e-03 -1.89609633e+00
 -4.44948220e-02 -1.89922273e+00
 4.31037662e-02 -1.90280040e+00
 -4.90430616e-02 -1.90682980e+00
 -1.28343638e-03 -1.91131258e+00
 2.86595025e-02 -1.91625155e+00
 -7.27051961e-02 -1.92165068e+00
 -4.64876040e-02 -1.92751511e+00
 2.30556274e-02 -1.93385114e+00
 -9.53856513e-03 -1.94066627e+00
 -9.38845463e-03 -1.94796922e+00
 -1.08527762e-01 -1.95576997e+00
 9.40981572e-02 -1.96407978e+00
 2.86106923e-02 -1.97291129e+00
 -4.21007916e-02 -1.98227854e+00
 2.36965559e-02 -1.99219707e+00
 3.79286435e-02 -2.00268398e+00
 -4.30832169e-03 -2.01375807e+00
 -7.34417080e-02 -2.02543991e+00
 -7.78660329e-02 -2.03775196e+00
 -7.69515429e-02 -2.05071877e+00
 -8.38868093e-02 -2.06436707e+00
 6.93018373e-03 -2.07872598e+00
 -6.81114142e-02 -2.09382723e+00
 -4.99814983e-02 -2.10970537e+00
 -8.43439718e-02 -2.12639799e+00
 -3.93013920e-02 -2.14394610e+00
 -1.11283961e-01 -2.16239437e+00
 -4.97076176e-02 -2.18179152e+00
 6.04527630e-02 -2.20219080e+00
 -4.86602736e-02 -2.22365036e+00
 -1.21582990e-01 -2.24623389e+00
 -7.42362208e-02 -2.27001116e+00
 -1.12120440e-01 -2.29505879e+00
 -3.31251827e-02 -2.32146099e+00
 -8.76925616e-02 -2.34931052e+00
 -4.84380256e-03 -2.37870977e+00
 2.36446045e-03 -2.40977194e+00
 -1.13347265e-01 -2.44262251e+00
 -1.21290054e-01 -2.47740090e+00
 -1.34690487e-01 -2.51426237e+00
 -9.27278261e-02 -2.55338033e+00
 -1.05002613e-01 -2.59494898e+00
 -1.42280500e-01 -2.63918647e+00
 -6.11866178e-02 -2.68633868e+00
 -1.30517694e-01 -2.73668362e+00
 -1.58197498e-01 -2.79053684e+00
 -2.11094237e-01 -2.84825783e+00
 -1.20289172e-01 -2.91025785e+00
 -1.81504470e-01 -2.97700940e+00
 -1.04501314e-01 -3.04905790e+00
 -2.36458279e-01 -3.12703600e+00
 -2.57808447e-01 -3.21168142e+00
 -3.48378897e-01 -3.30385915e+00
 -2.69607948e-01 -3.40458950e+00
 -2.18352590e-01 -3.51508354e+00
 -3.65255451e-01 -3.63678840e+00
 -3.75677041e-01 -3.77144549e+00
 -5.19838061e-01 -3.92116593e+00
 -5.07408209e-01 -4.08852874e+00
 -5.22697598e-01 -4.27670929e+00
 -5.49056002e-01 -4.48964752e+00
 -7.66870089e-01 -4.73226713e+00
 -9.71599519e-01 -5.01075628e+00
 -1.03062656e+00 -5.33291207e+00
 -1.23523906e+00 -5.70851879e+00
 -1.53939988e+00 -6.14963020e+00
 -1.95441162e+00 -6.67033406e+00
 -2.49556782e+00 -7.28472600e+00
 -3.34981973e+00 -7.99932658e+00
 -4.47495458e+00 -8.78884211e+00
 -6.39090593e+00 -9.52369492e+00
 -9.21667315e+00 -9.77508310e+00
 -1.30858253e+01 -8.46217003e+00
 -1.66126068e+01 -4.15748914e+00
 -1.65997983e+01 2.00611070e+00
 -1.29102760e+01 6.11199619e+00
 -9.10935858e+00 7.28400536e+00
 -6.26542067e+00 6.98220113e+00
 -4.42977142e+00 6.23790088e+00
 -3.16485617e+00 5.45184837e+00
 -2.46704284e+00 4.74339291e+00
 -1.84945980e+00 4.13466173e+00
 -1.57062944e+00 3.61834499e+00
 -1.32527376e+00 3.18029839e+00
 -1.00089054e+00 2.80658541e+00
 -8.10980849e-01 2.48533155e+00
 -8.51153500e-01 2.20691049e+00
 -6.84792132e-01 1.96365220e+00
 -6.06492233e-01 1.74946725e+00
 -5.38141676e-01 1.55950764e+00
 -5.28381052e-01 1.38989122e+00
 -3.67736061e-01 1.23748669e+00
 -4.19035123e-01 1.09974872e+00
 -2.71995807e-01 9.74591920e-01
 -2.49567944e-01 8.60294474e-01
 -1.97202137e-01 7.55424124e-01
 -2.77864577e-01 6.58780957e-01
 -2.20529586e-01 5.69352885e-01
 -2.99752654e-01 4.86280751e-01
 -1.82915301e-01 4.08830783e-01
 -1.48467365e-01 3.36372681e-01
 -1.96040886e-01 2.68362071e-01
 -2.29198647e-01 2.04326355e-01
 -1.28061739e-01 1.43853224e-01
 -1.24121300e-01 8.65812819e-02
 -1.66392305e-01 3.21923307e-02
 -1.60046357e-01 -1.95949969e-02
 -1.51059367e-01 -6.90305344e-02
 -2.06237235e-01 -1.16337004e-01
 -6.74233448e-04 -1.61713733e-01
 -1.29694907e-01 -2.05339786e-01
 -1.51472221e-01 -2.47376622e-01
 -5.87183118e-03 -2.87970360e-01
 -2.25582337e-02 -3.27253711e-01
 -3.59985471e-03 -3.65347642e-01
 -1.47803009e-01 -4.02362812e-01
 -2.85839528e-02 -4.38400809e-01
 -5.26707981e-02 -4.73555235e-01
 -9.84910468e-02 -5.07912647e-01
 -1.34007470e-01 -5.41553385e-01
 -1.48740822e-01 -5.74552300e-01
 -8.34987489e-02 -6.06979397e-01
 -1.13230753e-02 -6.38900408e-01
 -1.44460648e-01 -6.70377304e-01
 -3.86186458e-02 -7.01468748e-01
 5.59094636e-02 -7.32230511e-01
 -4.95706292e-02 -7.62715847e-01
 -5.28884310e-02 -7.92975828e-01
 -1.96512569e-02 -8.23059664e-01
 -1.54270607e-01 -8.53014985e-01
 -8.21481910e-02 -8.82888115e-01
 -9.33167974e-02 -9.12724318e-01
 -1.16583607e-01 -9.42568043e-01
 -1.02049350e-01 -9.72463147e-01
 -1.32242742e-02 -1.00245312e+00
 -6.88824139e-02 -1.03258127e+00
 -1.29161193e-01 -1.06289099e+00
 -1.39382144e-01 -1.09342591e+00
 -1.40236869e-01 -1.12423012e+00
 -1.21230454e-01 -1.15534840e+00
 -7.61252733e-02 -1.18682641e+00
 -7.44692973e-02 -1.21871092e+00
 -1.46041358e-01 -1.25105004e+00
 -1.33856107e-01 -1.28389348e+00
 2.63724465e-02 -1.31729278e+00
 -5.72208089e-02 -1.35130158e+00
 -1.39679715e-01 -1.38597594e+00
 -3.26579864e-03 -1.42137463e+00
 -1.27765527e-01 -1.45755950e+00
 -1.72903210e-01 -1.49459581e+00
 -1.24440831e-01 -1.53255267e+00
 -1.38755900e-01 -1.57150352e+00
 -7.30394393e-02 -1.61152654e+00
 -1.53692988e-01 -1.65270532e+00
 -6.38889891e-02 -1.69512937e+00
 -6.31155010e-02 -1.73889489e+00
 -9.98953515e-02 -1.78410550e+00
 -1.32878802e-01 -1.83087315e+00
 -6.89980193e-02 -1.87931907e+00
 -1.54815019e-01 -1.92957492e+00
 -2.42549409e-01 -1.98178407e+00
 -1.38775544e-01 -2.03610304e+00
 -1.58015253e-01 -2.09270317e+00
 -2.13803778e-01 -2.15177255e+00
 -2.25404397e-01 -2.21351823e+00
 -1.81574202e-01 -2.27816879e+00
 -1.75426676e-01 -2.34597731e+00
 -2.59155494e-01 -2.41722484e+00
 -1.84901895e-01 -2.49222450e+00
 -2.75253843e-01 -2.57132624e+00
 -1.91482909e-01 -2.65492252e+00
 -1.81934313e-01 -2.74345499e+00
 -2.98817527e-01 -2.83742253e+00
 -3.23069400e-01 -2.93739085e+00
 -3.02930165e-01 -3.04400401e+00
 -2.91974259e-01 -3.15799841e+00
 -3.55775285e-01 -3.28021990e+00
 -3.23786328e-01 -3.41164454e+00
 -4.20071162e-01 -3.55340445e+00
 -4.52562962e-01 -3.70681966e+00
 -5.11434143e-01 -3.87343798e+00
 -5.15285016e-01 -4.05508512e+00
 -5.52244992e-01 -4.25392810e+00
 -6.67209393e-01 -4.47255610e+00
 -7.53660762e-01 -4.71408404e+00
 -8.48331286e-01 -4.98228623e+00
 -9.68046933e-01 -5.28176949e+00
 -1.10220941e+00 -5.61819751e+00
 -1.20671385e+00 -5.99858101e+00
 -1.44952494e+00 -6.43164792e+00
 -1.68034363e+00 -6.92830079e+00
 -2.01444096e+00 -7.50213984e+00
 -2.35588006e+00 -8.16994063e+00
 -2.96212876e+00 -8.95172166e+00
 -3.79092431e+00 -9.86932762e+00
 -4.74102334e+00 -1.09404611e+01
 -6.36105301e+00 -1.21594522e+01
 -8.67473419e+00 -1.34402837e+01
 -1.21947049e+01 -1.44579096e+01
 -1.75093733e+01 -1.42707174e+01
 -2.40625081e+01 -1.08732623e+01
 -2.85408238e+01 -2.62237468e+00
 -2.66394580e+01 7.07631232e+00
 -2.03279980e+01 1.26596382e+01
 -1.43178715e+01 1.39945409e+01
 -1.01303824e+01 1.33516773e+01
 -7.16707387e+00 1.21284478e+01
 -5.43822591e+00 1.08648121e+01
 -4.17272180e+00 9.72526454e+00
 -3.27669565e+00 8.74101599e+00
 -2.65143772e+00 7.90131720e+00
 -2.13175209e+00 7.18509172e+00
 -1.74279980e+00 6.57123949e+00
 -1.57681568e+00 6.04153404e+00
 -1.25400613e+00 5.58102735e+00
 -1.11158715e+00 5.17769164e+00
 -9.51616325e-01 4.82189748e+00
 -8.34760150e-01 4.50592329e+00
 -7.49987483e-01 4.22354729e+00
 -7.04119367e-01 3.96972393e+00
 -7.11659357e-01 3.74033243e+00
 -6.21251109e-01 3.53198260e+00
 -4.83849435e-01 3.34186511e+00
 -5.24889270e-01 3.16763556e+00
 -4.91146622e-01 3.00732429e+00
 -4.36270177e-01 2.85926583e+00
 -3.78788053e-01 2.72204333e+00
 -2.87238072e-01 2.59444441e+00
 -3.23352531e-01 2.47542601e+00
 -3.15755006e-01 2.36408606e+00
 -3.49824044e-01 2.25964062e+00
 -3.13355507e-01 2.16140517e+00
 -2.65347531e-01 2.06877944e+00
 -3.14782601e-01 1.98123475e+00
 -4.03122918e-01 1.89830363e+00
 -2.25993562e-01 1.81957114e+00
 -2.08480588e-01 1.74466764e+00
 -1.64357863e-01 1.67326261e+00
 -1.57087465e-01 1.60505956e+00
 -2.61849922e-01 1.53979163e+00
 -1.07499748e-01 1.47721784e+00
 -1.01366062e-01 1.41711992e+00
 -2.44273681e-01 1.35929956e+00
 -7.97938751e-02 1.30357602e+00
 -9.37405858e-02 1.24978411e+00
 -1.10074767e-01 1.19777238e+00
 -1.96368973e-01 1.14740159e+00
 -8.36786217e-02 1.09854334e+00
 -7.47235649e-02 1.05107888e+00
 -1.38401971e-01 1.00489802e+00
 -1.18004875e-01 9.59898254e-01
 -1.83343445e-01 9.15983898e-01
 -1.48997715e-01 8.73065355e-01
 -8.44029085e-02 8.31058459e-01
 -1.74761817e-01 7.89883878e-01
 -1.21225877e-01 7.49466583e-01
 -1.03624655e-01 7.09735357e-01
 -2.59268955e-02 6.70622353e-01
 -1.19083164e-01 6.32062693e-01
 -1.07627929e-01 5.93994087e-01
 -8.05167927e-02 5.56356496e-01
 -1.67117866e-01 5.19091798e-01
 -1.46600488e-01 4.82143492e-01
 -2.48523192e-02 4.45456410e-01
 -5.46675041e-02 4.08976435e-01
 -3.08282098e-02 3.72650245e-01
 -9.60023458e-02 3.36425047e-01
 -8.57858163e-02 3.00248331e-01
 -1.11447335e-01 2.64067614e-01
 -1.22029707e-01 2.27830189e-01
 -1.97999680e-02 1.91482874e-01
 1.58758711e-03 1.54971747e-01
 -1.35317528e-01 1.18241881e-01
 8.19507988e-03 8.12370654e-02
 -6.53757909e-02 4.38995094e-02
 -1.03351958e-01 6.16953386e-03
 -1.34802899e-01 -3.20147616e-02
 -7.15700510e-02 -7.07178552e-02
 -1.07512040e-01 -1.10007189e-01
 -8.03508370e-02 -1.49953590e-01
 -8.80583409e-02 -1.90631731e-01
 -2.05324703e-01 -2.32120641e-01
 -1.29118679e-01 -2.74504263e-01
 -7.94916456e-02 -3.17872085e-01
 -3.83000984e-02 -3.62319837e-01
 -1.22435746e-01 -4.07950279e-01
 -2.11680323e-02 -4.54874081e-01
 -1.67774352e-01 -5.03210827e-01
 -1.95158683e-01 -5.53090154e-01
 -1.26409851e-01 -6.04653042e-01
 -1.91888390e-01 -6.58053302e-01
 -1.17602621e-01 -7.13459272e-01
 -2.18878593e-01 -7.71055788e-01
 -2.00618269e-01 -8.31046447e-01
 -1.39238498e-01 -8.93656249e-01
 -2.48884899e-01 -9.59134674e-01
 -1.83627962e-01 -1.02775929e+00
 -2.73298845e-01 -1.09983998e+00
 -2.97557235e-01 -1.17572396e+00
 -2.76763582e-01 -1.25580173e+00
 -2.39499675e-01 -1.34051414e+00
 -2.18158704e-01 -1.43036090e+00
 -2.98408718e-01 -1.52591082e+00
 -3.69332254e-01 -1.62781415e+00
 -4.01381205e-01 -1.73681775e+00
 -3.39671667e-01 -1.85378350e+00
 -3.73248983e-01 -1.97971110e+00
 -4.12276987e-01 -2.11576633e+00
 -4.61800687e-01 -2.26331626e+00
 -5.15426967e-01 -2.42397349e+00
 -5.16162360e-01 -2.59965209e+00
 -6.04930445e-01 -2.79263860e+00
 -7.20188670e-01 -3.00568294e+00
 -7.37579684e-01 -3.24211485e+00
 -8.55422475e-01 -3.50599375e+00
 -9.47034842e-01 -3.80230095e+00
 -1.14209200e+00 -4.13718390e+00
 -1.21858007e+00 -4.51825922e+00
 -1.60393420e+00 -4.95496834e+00
 -1.85745586e+00 -5.45893939e+00
 -2.33047944e+00 -6.04419665e+00
 -2.75157526e+00 -6.72675596e+00
 -3.46533115e+00 -7.52232435e+00
 -4.52601804e+00 -8.43858867e+00
 -5.99831868e+00 -9.45247353e+00
 -8.17266561e+00 -1.04467312e+01
 -1.14819660e+01 -1.10460630e+01
 -1.61506223e+01 -1.02847298e+01
 -2.12386475e+01 -6.47001721e+00
 -2.37262438e+01 9.15990803e-01
 -2.10865664e+01 8.23503900e+00
 -1.60270443e+01 1.19477754e+01
 -1.13832681e+01 1.26560070e+01
 -8.16233473e+00 1.20410908e+01
 -5.94931842e+00 1.10468032e+01
 -4.45768320e+00 1.00377681e+01
 -3.48901918e+00 9.12732216e+00
 -2.72713773e+00 8.33731310e+00
 -2.31729969e+00 7.65976835e+00
 -1.78511681e+00 7.07899915e+00
 -1.60739027e+00 6.57908982e+00
 -1.29746523e+00 6.14612426e+00
 -1.09067497e+00 5.76856898e+00
 -1.03048971e+00 5.43705952e+00
 -8.76769786e-01 5.14404034e+00
 -6.57253463e-01 4.88341203e+00
 -6.72242734e-01 4.65023117e+00
 -6.32967945e-01 4.44046837e+00
 -5.87345044e-01 4.25081801e+00
 -5.16772582e-01 4.07854975e+00
 -4.74455173e-01 3.92139313e+00
 -3.97801556e-01 3.77744753e+00
 -4.04439853e-01 3.64511177e+00
 -3.79066544e-01 3.52302861e+00
 -2.96894632e-01 3.41004094e+00
 -2.66022579e-01 3.30515676e+00
 -2.77935759e-01 3.20752119e+00
 -2.38020337e-01 3.11639387e+00
 -3.33253520e-01 3.03113059e+00
 -1.90688136e-01 2.95116834e+00
 -2.32094033e-01 2.87601299e+00
 -2.16104724e-01 2.80522912e+00
 -1.85208154e-01 2.73843163e+00
 -1.32532541e-01 2.67527866e+00
 -2.56792214e-01 2.61546572e+00
 -1.29041840e-01 2.55872069e+00
 -2.78444192e-01 2.50479966e+00
 -1.17767303e-01 2.45348331e+00
 -6.58818511e-02 2.40457388e+00
 -1.67539803e-01 2.35789258e+00
 -1.27610938e-01 2.31327729e+00
 -6.40184799e-02 2.27058070e+00
 -1.09751580e-01 2.22966856e+00
 -1.34861402e-01 2.19041824e+00
 -7.35736076e-02 2.15271749e+00
 -1.17204439e-01 2.11646330e+00
 -1.20731388e-02 2.08156092e+00
 -1.47509339e-01 2.04792303e+00
 -4.66921738e-02 2.01546894e+00
 -1.88935526e-01 1.98412399e+00
 -3.61731106e-02 1.95381885e+00
 -8.50279269e-02 1.92448911e+00
 -8.84582071e-02 1.89607470e+00
 -7.08482874e-02 1.86851954e+00
 -1.64577227e-01 1.84177114e+00
 -2.03606552e-01 1.81578023e+00
 -8.66774658e-02 1.79050049e+00
 -1.37102841e-01 1.76588824e+00
 -9.41961880e-02 1.74190220e+00
 -7.53175798e-02 1.71850326e+00
 -7.09079090e-02 1.69565424e+00
 -3.71130447e-02 1.67331974e+00
 5.24116124e-02 1.65146589e+00
 -1.31336224e-01 1.63006026e+00
 -6.66536070e-03 1.60907162e+00
 5.29629352e-02 1.58846985e+00
 -8.75496872e-02 1.56822578e+00
 -8.20537962e-02 1.54831103e+00
 -1.35640920e-01 1.52869791e+00
 -1.19235650e-01 1.50935930e+00
 -1.65032149e-02 1.49026846e+00
 -5.95378285e-02 1.47139900e+00
 -9.02461840e-02 1.45272468e+00
 -7.47034934e-02 1.43421931e+00
 -6.10779630e-02 1.41585664e+00
 -9.81141248e-02 1.39761021e+00
 -6.23925554e-02 1.37945320e+00
 -6.37372172e-02 1.36135831e+00
 -1.59749913e-01 1.34329761e+00
 -4.73529547e-02 1.32524233e+00
 -1.46685444e-01 1.30716275e+00
 -7.37241579e-02 1.28902793e+00
 -9.53454967e-02 1.27080558e+00
 -3.06205314e-02 1.25246175e+00
 -7.48751265e-02 1.23396063e+00
 -2.47166736e-02 1.21526419e+00
 -1.20761182e-01 1.19633193e+00
 -2.09242693e-02 1.17712044e+00
 -4.82398712e-02 1.15758304e+00
 -3.76384159e-02 1.13766924e+00
 -5.56232082e-02 1.11732422e+00
 -8.80603340e-02 1.09648817e+00
 -1.07463428e-01 1.07509559e+00
 -6.49326178e-02 1.05307437e+00
 -9.02140348e-02 1.03034484e+00
 -3.69808890e-02 1.00681856e+00
 -4.93426017e-02 9.82396915e-01
 -8.95704741e-02 9.56969486e-01
 -7.12949518e-02 9.30412065e-01
 -2.51551080e-02 9.02584294e-01
 -8.51903483e-03 8.73326825e-01
 -1.98262479e-02 8.42457875e-01
 -1.29048624e-02 8.09769038e-01
 -1.35237116e-01 7.75020157e-01
 -1.01209901e-01 7.37933003e-01
 -7.27280986e-02 6.98183452e-01
 -1.19093207e-01 6.55391730e-01
 -1.37012235e-01 6.09110183e-01
 -1.33363687e-01 5.58807860e-01
 -1.57576606e-01 5.03850971e-01
 -1.03622359e-01 4.43478027e-01
 -2.74764578e-01 3.76768128e-01
 -1.40088088e-01 3.02600571e-01
 -2.19354524e-01 2.19603742e-01
 -3.03448908e-01 1.26091591e-01
 -4.02839687e-01 1.99878134e-02
 -4.52467783e-01 -1.01256382e-01
 -5.42386314e-01 -2.40729140e-01
 -8.11506574e-01 -4.02045705e-01
 -8.95378298e-01 -5.89083713e-01
 -9.71806952e-01 -8.05004522e-01
 -1.25438239e+00 -1.04933543e+00
 -1.70378624e+00 -1.30988432e+00
 -2.39093766e+00 -1.54141773e+00
 -3.38023509e+00 -1.61510446e+00
 -4.57453738e+00 -1.23661792e+00
 -5.73816954e+00 -1.96351155e-04
 -6.15945131e+00 1.98233961e+00
 -5.32410116e+00 3.67553894e+00
 -3.98815259e+00 4.44266125e+00
 -2.66500224e+00 4.54731439e+00
 -2.01137887e+00 4.37215086e+00
