 NaN NaN
 -1.35327606e-02 1.18190655e+00
 -3.45965707e-02 1.18215817e+00
 -5.69987157e-02 1.18257033e+00
 3.30191194e-02 1.18314229e+00
 -3.89016195e-02 1.18387386e+00
 -3.06995737e-03 1.18476518e+00
 -4.37970249e-02 1.18581659e+00
 -7.37440314e-02 1.18702865e+00
 4.45444012e-03 1.18840206e+00
 2.86523762e-02 1.18993767e+00
 -1.14430243e-02 1.19163650e+00
 -1.58891203e-02 1.19349970e+00
 -1.23782484e-01 1.19552857e+00
 -3.27879218e-03 1.19772452e+00
 3.97696463e-02 1.20008916e+00
 3.70174863e-02 1.20262418e+00
 5.26594389e-03 1.20533147e+00
 3.19126908e-02 1.20821303e+00
 -4.34880664e-02 1.21127103e+00
 3.19578747e-02 1.21450779e+00
 5.22838612e-02 1.21792580e+00
 2.72117976e-02 1.22152770e+00
 1.10145203e-02 1.22531631e+00
 2.82917137e-02 1.22929461e+00
 -6.37001435e-03 1.23346579e+00
 -3.27985888e-02 1.23783319e+00
 -6.49351912e-02 1.24240037e+00
 2.13477120e-02 1.24717109e+00
 -5.19544530e-02 1.25214931e+00
 8.69242256e-02 1.25733922e+00
 8.48850719e-03 1.26274524e+00
 7.14106686e-02 1.26837201e+00
 -5.66699135e-03 1.27422444e+00
 -1.59163596e-02 1.28030769e+00
 -3.99226404e-02 1.28662720e+00
 5.13165530e-03 1.29318869e+00
 -1.28846300e-01 1.29999820e+00
 2.03824304e-02 1.30706205e+00
 -1.59216193e-02 1.31438692e+00
 -1.96655018e-02 1.32197984e+00
 -6.95584690e-03 1.32984821e+00
 3.48562649e-02 1.33799980e+00
 6.30227348e-02 1.34644281e+00
 4.14761456e-02 1.35518587e+00
 -2.06550600e-02 1.36423806e+00
 5.79563912e-02 1.37360897e+00
 -9.46077202e-03 1.38330869e+00
 2.68658112e-02 1.39334784e+00
 -5.42484922e-02 1.40373766e+00
 6.55836104e-02 1.41448997e+00
 4.57055779e-02 1.42561727e+00
 6.10838401e-02 1.43713276e+00
 7.03438142e-03 1.44905036e+00
 -3.77934898e-02 1.46138481e+00
 4.49744659e-02 1.47415168e+00
 -7.79677968e-02 1.48736747e+00
 -2.16993365e-02 1.50104964e+00
 -8.26433338e-03 1.51521667e+00
 -4.18254581e-02 1.52988819e+00
 -2.46119282e-02 1.54508499e+00
 1.07555934e-01 1.56082919e+00
 6.14797185e-02 1.57714425e+00
 2.06200578e-02 1.59405515e+00
 -2.85079905e-02 1.61158847e+00
 -1.31651087e-02 1.62977251e+00
 4.80313376e-02 1.64863748e+00
 6.20814665e-02 1.66821560e+00
 5.06087553e-03 1.68854128e+00
 -3.05115679e-03 1.70965136e+00
 -1.96768888e-02 1.73158524e+00
 -4.28923956e-02 1.75438518e+00
 -1.94506448e-03 1.77809650e+00
 7.65875254e-02 1.80276791e+00
 1.05587593e-02 1.82845178e+00
 -3.44149274e-02 1.85520454e+00
 4.08314271e-03 1.88308704e+00
 -9.68791738e-02 1.91216501e+00
 -1.18179652e-02 1.94250952e+00
 2.22919059e-02 1.97419758e+00
 4.39518248e-02 2.00731275e+00
 -4.91018847e-03 2.04194584e+00
 3.44019212e-03 2.07819570e+00
 -2.88282101e-02 2.11617017e+00
 3.00054538e-02 2.15598708e+00
 1.02531914e-01 2.19777546e+00
 6.77590409e-02 2.24167686e+00
 1.52813702e-02 2.28784698e+00
 -3.01410859e-02 2.33645737e+00
 1.13520733e-01 2.38769761e+00
 5.69289775e-02 2.44177766e+00
 4.70523439e-02 2.49893070e+00
 -5.01089431e-02 2.55941643e+00
 1.77797823e-02 2.62352492e+00
 8.78218382e-02 2.69158125e+00
 7.70499541e-02 2.76395084e+00
 1.35336595e-01 2.84104601e+00
 1.11218760e-01 2.92333368e+00
 1.26566667e-01 3.01134475e+00
 1.05665505e-01 3.10568540e+00
 6.87453817e-02 3.20705094e+00
 -1.36254549e-02 3.31624280e+00
 8.67856807e-02 3.43418957e+00
 -2.95923721e-03 3.56197320e+00
 4.90738188e-02 3.70086203e+00
 1.06647603e-01 3.85235268e+00
 8.52822261e-02 4.01822375e+00
 1.74489094e-01 4.20060544e+00
 6.86714076e-02 4.40207079e+00
 2.28177923e-01 4.62575690e+00
 2.01594738e-01 4.87552813e+00
 1.87444978e-01 5.15619932e+00
 3.50596198e-01 5.47384647e+00
 3.08960154e-01 5.83624727e+00
 2.76330416e-01 6.25351958e+00
 3.41489247e-01 6.73906951e+00
 5.25441195e-01 7.31103844e+00
 6.04904466e-01 7.99458307e+00
 5.86656114e-01 8.82560237e+00
 8.02202634e-01 9.85709726e+00
 1.01904439e+00 1.11705888e+01
 1.47502629e+00 1.28979014e+01
 2.14672350e+00 1.52658560e+01
 3.29469683e+00 1.86961951e+01
 5.56672007e+00 2.40501703e+01
 1.14559979e+01 3.32353851e+01
 3.22838507e+01 4.89871531e+01
 1.02868304e+02 1.57844651e+01
 4.31838088e+01 -5.12288985e+01
 1.41752842e+01 -3.53301927e+01
 6.59147672e+00 -2.49248416e+01
 3.74589706e+00 -1.89688738e+01
 2.33430075e+00 -1.52230404e+01
 1.68501231e+00 -1.26730021e+01
 1.23891075e+00 -1.08319352e+01
 9.77489802e-01 -9.44280802e+00
 7.79920892e-01 -8.35846191e+00
 6.51691864e-01 -7.48898302e+00
 4.76102781e-01 -6.77648332e+00
 4.57940528e-01 -6.18206868e+00
 3.34943124e-01 -5.67866662e+00
 2.57276986e-01 -5.24686531e+00
 2.38022028e-01 -4.87238974e+00
 2.45195784e-01 -4.54451163e+00
 1.73662636e-01 -4.25501437e+00
 1.26542735e-01 -3.99749974e+00
 2.15701297e-01 -3.76691197e+00
 1.63794511e-01 -3.55920354e+00
 1.45161147e-01 -3.37109601e+00
 1.61868012e-01 -3.19990573e+00
 1.43543378e-01 -3.04341485e+00
 1.00561236e-01 -2.89977447e+00
 7.64213125e-02 -2.76743093e+00
 1.25489364e-01 -2.64506913e+00
 7.73453608e-02 -2.53156836e+00
 6.83677346e-02 -2.42596760e+00
 9.95249417e-02 -2.32743798e+00
 3.84251461e-02 -2.23526076e+00
 4.08429434e-02 -2.14880951e+00
 9.88738320e-02 -2.06753574e+00
 1.02696613e-01 -1.99095700e+00
 7.65866868e-02 -1.91864715e+00
 8.86720909e-03 -1.85022834e+00
 -2.48596938e-02 -1.78536422e+00
 6.50364464e-02 -1.72375433e+00
 -2.18601778e-03 -1.66512935e+00
 4.84593059e-02 -1.60924704e+00
 2.09886703e-02 -1.55588888e+00
 1.00789619e-01 -1.50485710e+00
 1.16773696e-01 -1.45597220e+00
 3.68797165e-02 -1.40907076e+00
 1.68934641e-02 -1.36400361e+00
 5.80719610e-02 -1.32063417e+00
 -6.60284337e-02 -1.27883707e+00
 7.47201957e-02 -1.23849692e+00
 4.00886795e-02 -1.19950717e+00
 9.79700584e-02 -1.16176922e+00
 -1.52192613e-02 -1.12519155e+00
 4.53870523e-02 -1.08968897e+00
 4.31865787e-02 -1.05518197e+00
 6.82844657e-02 -1.02159608e+00
 1.09667553e-01 -9.88861398e-01
 -2.52199418e-02 -9.56912079e-01
 9.44575380e-03 -9.25685893e-01
 3.56126288e-02 -8.95123847e-01
 3.69687078e-03 -8.65169812e-01
 2.61366722e-02 -8.35770204e-01
 7.42902998e-02 -8.06873669e-01
 3.32131613e-02 -7.78430804e-01
 7.69873776e-03 -7.50393893e-01
 5.87046595e-02 -7.22716655e-01
 5.50148619e-02 -6.95354007e-01
 -1.19487009e-02 -6.68261840e-01
 1.34618896e-01 -6.41396798e-01
 9.39921975e-02 -6.14716064e-01
 6.70583461e-02 -5.88177149e-01
 -4.21501815e-03 -5.61737687e-01
 -2.47049891e-02 -5.35355219e-01
 -3.08367757e-02 -5.08986984e-01
 7.60240107e-02 -4.82589698e-01
 9.40523964e-02 -4.56119326e-01
 -7.29692913e-03 -4.29530847e-01
 6.03579365e-02 -4.02778000e-01
 5.25874253e-02 -3.75813019e-01
 -2.57931404e-02 -3.48586346e-01
 -2.88911523e-02 -3.21046316e-01
 4.78374526e-02 -2.93138822e-01
 -9.03369769e-02 -2.64806941e-01
 1.34740642e-02 -2.35990524e-01
 -3.44122293e-02 -2.06625736e-01
 9.88326990e-03 -1.76644549e-01
 2.49002890e-02 -1.45974167e-01
 1.29033113e-02 -1.14536378e-01
 -1.16625138e-02 -8.22468245e-02
 1.26547386e-01 -4.90141648e-02
 3.57899298e-02 -1.47391203e-02
 7.81159867e-02 2.06866228e-02
 8.90436301e-02 5.73816791e-02
 2.72034297e-02 9.54764323e-02
 4.44515789e-02 1.35114743e-01
 1.39724339e-03 1.76455948e-01
 6.77454067e-02 2.19677208e-01
 4.72330415e-02 2.64976279e-01
 9.75913220e-02 3.12574808e-01
 2.04622072e-02 3.62722254e-01
 1.37475553e-01 4.15700605e-01
 -3.45603847e-02 4.71830060e-01
 -1.19377511e-02 5.31475935e-01
 2.34296249e-02 5.95057108e-01
 1.45584653e-01 6.63056405e-01
 7.66922367e-02 7.36033491e-01
 8.36642275e-02 8.14640985e-01
 4.46739708e-02 8.99644777e-01
 1.23918409e-01 9.91949894e-01
 9.76165359e-02 1.09263376e+00
 9.84692155e-02 1.20298940e+00
 1.71431848e-01 1.32458231e+00
 2.01168581e-01 1.45932620e+00
 9.98008656e-02 1.60958531e+00
 1.03981726e-01 1.77831499e+00
 2.59716872e-01 1.96925788e+00
 9.96978952e-02 2.18722336e+00
 3.03586184e-01 2.43849398e+00
 3.28611159e-01 2.73143103e+00
 4.14313180e-01 3.07740191e+00
 5.16035889e-01 3.49224416e+00
 6.64646136e-01 3.99865930e+00
 7.19147342e-01 4.63028440e+00
 1.04315867e+00 5.43892926e+00
 1.42649855e+00 6.50805696e+00
 1.92310513e+00 7.97895180e+00
 3.17345756e+00 1.01014824e+01
 5.64989516e+00 1.33080677e+01
 1.20105115e+01 1.79394554e+01
 3.00509872e+01 1.79179154e+01
 3.78213141e+01 -1.32257264e+01
 1.58653562e+01 -2.12742744e+01
 7.04780202e+00 -1.66004129e+01
 3.74972143e+00 -1.29505581e+01
 2.36070474e+00 -1.05475994e+01
 1.59751474e+00 -8.90840007e+00
 1.11845374e+00 -7.73416793e+00
 8.56930449e-01 -6.85683809e+00
 6.30785768e-01 -6.17858978e+00
 5.02451739e-01 -5.63960155e+00
 4.12279639e-01 -5.20154683e+00
 3.33913880e-01 -4.83885334e+00
 3.33552878e-01 -4.53385515e+00
 2.82505109e-01 -4.27397948e+00
 2.13559838e-01 -4.05004627e+00
 1.22385446e-01 -3.85520224e+00
 1.64615446e-01 -3.68423112e+00
 1.21745854e-01 -3.53309446e+00
 1.20469131e-01 -3.39861823e+00
 1.65986266e-01 -3.27827412e+00
 1.39862131e-01 -3.17002381e+00
 2.40317213e-02 -3.07220622e+00
 -1.75831500e-02 -2.98345436e+00
 9.80065773e-02 -2.90263325e+00
 -2.56712999e-02 -2.82879291e+00
 8.05106218e-02 -2.76113234e+00
 1.84716269e-01 -2.69897150e+00
 4.58145700e-02 -2.64172952e+00
 1.91022523e-02 -2.58890735e+00
 5.76827831e-03 -2.54007399e+00
 6.64091359e-02 -2.49485535e+00
 6.31129397e-02 -2.45292534e+00
 8.43463024e-03 -2.41399849e+00
 1.07918313e-01 -2.37782390e+00
 7.63502110e-02 -2.34418036e+00
 6.49716077e-02 -2.31287211e+00
 2.12361679e-02 -2.28372547e+00
 1.31878377e-02 -2.25658587e+00
 4.55535495e-03 -2.23131548e+00
 2.02060200e-02 -2.20779106e+00
 2.73877697e-03 -2.18590224e+00
 3.39376339e-02 -2.16555001e+00
 -3.43456971e-02 -2.14664541e+00
 8.08654226e-02 -2.12910844e+00
 -2.43831651e-03 -2.11286709e+00
 3.67974909e-02 -2.09785651e+00
 -3.83123123e-02 -2.08401830e+00
 -2.16282624e-02 -2.07129988e+00
 3.49383144e-02 -2.05965395e+00
 1.33800919e-01 -2.04903801e+00
 -8.29509765e-02 -2.03941396e+00
 -8.77984416e-03 -2.03074774e+00
 -2.11430766e-02 -2.02300900e+00
 -7.22728473e-03 -2.01617085e+00
 6.45778497e-02 -2.01020960e+00
 -4.94577330e-03 -2.00510458e+00
 -2.67217000e-02 -2.00083794e+00
 1.01113547e-02 -1.99739453e+00
 5.31503717e-02 -1.99476172e+00
 2.31497706e-02 -1.99292938e+00
 1.09137694e-01 -1.99188969e+00
 1.49068085e-03 -1.99163719e+00
 1.61982120e-02 -1.99216860e+00
 4.93434111e-02 -1.99348292e+00
 1.38735849e-02 -1.99558132e+00
 7.08509095e-04 -1.99846718e+00
 -8.27563163e-02 -2.00214609e+00
 2.42289257e-03 -2.00662590e+00
 4.06589234e-02 -2.01191678e+00
 -9.65016836e-02 -2.01803123e+00
 -3.84116601e-02 -2.02498424e+00
 -3.46810848e-02 -2.03279334e+00
 -2.71360586e-02 -2.04147875e+00
 2.63845445e-02 -2.05106352e+00
 7.60281568e-02 -2.06157369e+00
 -1.48701690e-02 -2.07303853e+00
 4.26223657e-02 -2.08549073e+00
 -3.72358815e-02 -2.09896666e+00
 8.00164388e-03 -2.11350669e+00
 -1.03677245e-01 -2.12915556e+00
 -1.63188006e-02 -2.14596269e+00
 -1.10505153e-01 -2.16398273e+00
 -3.65350262e-02 -2.18327597e+00
 5.26049941e-02 -2.20390900e+00
 -5.20193280e-03 -2.22595535e+00
 -3.30039078e-02 -2.24949624e+00
 -1.12855185e-01 -2.27462150e+00
 -2.34730975e-02 -2.30143053e+00
 1.45018862e-02 -2.33003353e+00
 -5.31276108e-02 -2.36055279e+00
 -6.13792330e-02 -2.39312432e+00
 -2.23634689e-02 -2.42789966e+00
 3.00003641e-02 -2.46504804e+00
 -3.17525316e-02 -2.50475887e+00
 -9.12113307e-02 -2.54724475e+00
 -1.22802323e-01 -2.59274498e+00
 -5.34127726e-02 -2.64152974e+00
 -7.98416230e-03 -2.69390514e+00
 -1.56444949e-01 -2.75021922e+00
 -2.51167753e-02 -2.81086926e+00
 -4.72482642e-02 -2.87631067e+00
 -1.00397450e-01 -2.94706788e+00
 -1.05688218e-01 -3.02374774e+00
 -1.22435892e-01 -3.10705622e+00
 -1.32045246e-01 -3.19781929e+00
 -1.57588660e-01 -3.29700939e+00
 -1.64327283e-01 -3.40577904e+00
 -1.07893191e-01 -3.52550431e+00
 -1.58824166e-01 -3.65784134e+00
 -1.91615714e-01 -3.80480087e+00
 -2.84574289e-01 -3.96884776e+00
 -3.24879361e-01 -4.15303578e+00
 -3.31196818e-01 -4.36119299e+00
 -3.35530796e-01 -4.59818122e+00
 -3.89909103e-01 -4.87026601e+00
 -3.92132500e-01 -5.18565535e+00
 -5.53431972e-01 -5.55530256e+00
 -5.97122561e-01 -5.99413394e+00
 -6.61456337e-01 -6.52297961e+00
 -9.19589750e-01 -7.17170420e+00
 -1.28177436e+00 -7.98444504e+00
 -1.60428655e+00 -9.02862593e+00
 -2.34423207e+00 -1.04106426e+01
 -3.46821916e+00 -1.23016210e+01
 -5.44541558e+00 -1.49631227e+01
 -9.92095982e+00 -1.86146567e+01
 -2.07971663e+01 -2.16177883e+01
 -3.95178879e+01 -9.57227938e+00
 -3.15167948e+01 1.66877771e+01
 -1.49694308e+01 1.89277591e+01
 -7.55250613e+00 1.50844369e+01
 -4.49849769e+00 1.18767068e+01
 -2.86505099e+00 9.59552169e+00
 -1.98036225e+00 7.95635669e+00
 -1.45605947e+00 6.73957171e+00
 -1.26276798e+00 5.80683757e+00
 -9.62505354e-01 5.07164950e+00
 -7.50574628e-01 4.47840163e+00
 -6.14181448e-01 3.99013888e+00
 -4.86546817e-01 3.58150339e+00
 -4.32086353e-01 3.23458585e+00
 -3.44906364e-01 2.93641045e+00
 -3.00263844e-01 2.67736203e+00
 -3.29069324e-01 2.45017304e+00
 -1.88899063e-01 2.24925305e+00
 -2.26175499e-01 2.07023418e+00
 -1.70624309e-01 1.90965578e+00
 -1.96231238e-01 1.76474147e+00
 -1.54208239e-01 1.63323853e+00
 -2.26557757e-01 1.51330031e+00
 -1.21003707e-01 1.40339883e+00
 -1.35835266e-01 1.30225894e+00
 -1.96852069e-01 1.20880811e+00
 -8.03107299e-02 1.12213766e+00
 -5.75338426e-02 1.04147257e+00
 -1.14505725e-01 9.66147683e-01
 -8.36243556e-02 8.95588772e-01
 -6.17931414e-02 8.29297430e-01
 -1.02695708e-01 7.66838815e-01
 1.69550563e-02 7.07831706e-01
 -1.19077976e-01 6.51940351e-01
 -4.86991151e-02 5.98867747e-01
 -7.82778112e-02 5.48350065e-01
 -4.63258784e-02 5.00152001e-01
 -1.06176655e-01 4.54062878e-01
 -3.70293718e-02 4.09893357e-01
 -8.71518935e-02 3.67472648e-01
 -1.00811811e-01 3.26646145e-01
 -8.77047653e-02 2.87273389e-01
 -1.39484258e-01 2.49226331e-01
 -1.10447481e-01 2.12387829e-01
 -1.13685383e-01 1.76650342e-01
 -2.10211637e-01 1.41914800e-01
 -6.97802208e-02 1.08089612e-01
 -6.60628728e-02 7.50897978e-02
 -5.72361889e-02 4.28362259e-02
 2.42120071e-03 1.12549328e-02
 5.41123543e-02 -1.97234769e-02
 -1.22066034e-01 -5.01643673e-02
 -9.12732300e-02 -8.01295535e-02
 -7.36989495e-02 -1.09677736e-01
 -6.65365880e-02 -1.38864895e-01
 1.43665649e-02 -1.67744649e-01
 1.15682786e-02 -1.96368587e-01
 2.47894711e-02 -2.24786570e-01
 4.85356897e-02 -2.53047018e-01
 -6.28611380e-03 -2.81197176e-01
 -9.54048933e-02 -3.09283367e-01
 -4.17542910e-02 -3.37351229e-01
 -9.53709891e-02 -3.65445953e-01
 -3.07202843e-02 -3.93612508e-01
 -9.94445677e-02 -4.21895859e-01
 -1.10537463e-01 -4.50341194e-01
 -8.73281095e-02 -4.78994143e-01
 -1.73349338e-02 -5.07901004e-01
 -3.58514419e-02 -5.37108972e-01
 -5.39993135e-02 -5.66666380e-01
 -3.32514901e-02 -5.96622947e-01
 -1.10841625e-01 -6.27030039e-01
 -2.27943013e-02 -6.57940947e-01
 -8.05601461e-02 -6.89411186e-01
 -5.10384992e-03 -7.21498812e-01
 -1.38978370e-01 -7.54264771e-01
 2.27742620e-02 -7.87773275e-01
 3.25721085e-02 -8.22092217e-01
 -4.13054305e-03 -8.57293627e-01
 -4.69488321e-02 -8.93454176e-01
 -6.87743807e-02 -9.30655735e-01
 -1.16974029e-01 -9.68986006e-01
 -4.30055098e-02 -1.00853922e+00
 2.33643324e-02 -1.04941692e+00
 -1.22094622e-01 -1.09172887e+00
 -7.21489833e-02 -1.13559404e+00
 -6.17406515e-02 -1.18114180e+00
 -5.31175189e-02 -1.22851316e+00
 -6.52648887e-02 -1.27786234e+00
 -1.00718819e-01 -1.32935849e+00
 -1.16397798e-01 -1.38318764e+00
 -9.67357589e-02 -1.43955506e+00
 -2.41242702e-02 -1.49868795e+00
 -4.56989674e-02 -1.56083857e+00
 -1.42245605e-03 -1.62628796e+00
 -1.56672237e-01 -1.69535024e+00
 -1.94674147e-01 -1.76837785e+00
 -6.01832477e-02 -1.84576764e+00
 -1.98290046e-01 -1.92796823e+00
 -1.34825717e-01 -2.01548889e+00
 -1.59986201e-01 -2.10891019e+00
 -1.48163575e-01 -2.20889713e+00
 -1.20453132e-01 -2.31621509e+00
 -1.40827525e-01 -2.43174960e+00
 -2.84744912e-01 -2.55653095e+00
 -2.38359223e-01 -2.69176505e+00
 -2.13523063e-01 -2.83887244e+00
 -2.53760597e-01 -2.99953820e+00
 -2.32600048e-01 -3.17577627e+00
 -3.33926799e-01 -3.37001342e+00
 -4.12468271e-01 -3.58520004e+00
 -5.15658494e-01 -3.82495829e+00
 -4.68547315e-01 -4.09378303e+00
 -4.61403913e-01 -4.39731837e+00
 -5.66978760e-01 -4.74274498e+00
 -6.65656453e-01 -5.13933220e+00
 -7.26732975e-01 -5.59924109e+00
 -8.97875263e-01 -6.13871790e+00
 -1.09450126e+00 -6.77990870e+00
 -1.27218632e+00 -7.55368474e+00
 -1.79950974e+00 -8.50414056e+00
 -2.13744979e+00 -9.69586789e+00
 -2.90175809e+00 -1.12256412e+01
 -4.13819123e+00 -1.32396590e+01
 -6.15074244e+00 -1.59481303e+01
 -1.01356044e+01 -1.95586521e+01
 -1.83417086e+01 -2.35609826e+01
 -3.55029656e+01 -2.20385108e+01
 -4.96755337e+01 2.45453535e+00
 -3.29450021e+01 2.39792431e+01
 -1.70288553e+01 2.40731287e+01
 -9.46897725e+00 2.00255970e+01
 -6.00413282e+00 1.65387736e+01
 -4.05048150e+00 1.39340801e+01
 -2.70225289e+00 1.19929743e+01
 -2.00362742e+00 1.05139277e+01
 -1.66529077e+00 9.35833575e+00
 -1.26341571e+00 8.43443003e+00
 -1.12855246e+00 7.68078532e+00
 -9.44491471e-01 7.05532678e+00
 -7.76310802e-01 6.52850012e+00
 -6.03029106e-01 6.07903999e+00
 -4.94257386e-01 5.69130403e+00
 -5.14900364e-01 5.35355499e+00
 -3.65923272e-01 5.05682754e+00
 -3.93966178e-01 4.79416341e+00
 -3.15210462e-01 4.56008418e+00
 -3.32259511e-01 4.35022055e+00
 -2.64033783e-01 4.16104700e+00
 -3.11686149e-01 3.98968862e+00
 -2.11882989e-01 3.83377845e+00
 -1.39355619e-01 3.69135056e+00
 -2.02597015e-01 3.56075893e+00
 -1.64995425e-01 3.44061522e+00
 -1.32879487e-01 3.32974041e+00
 -1.82145709e-01 3.22712693e+00
 -7.63797891e-02 3.13190872e+00
 -1.31689337e-01 3.04333732e+00
 -9.97794993e-02 2.96076262e+00
 -1.33107798e-01 2.88361728e+00
 -7.06347067e-02 2.81140405e+00
 -1.07127842e-01 2.74368528e+00
 -1.32078494e-01 2.68007429e+00
 -1.41862057e-01 2.62022823e+00
 -2.86207907e-02 2.56384205e+00
 -2.65433690e-02 2.51064348e+00
 -8.94981257e-02 2.46038876e+00
 -4.87141936e-02 2.41285905e+00
 -8.38195838e-02 2.36785733e+00
 -1.38745785e-02 2.32520583e+00
 -4.06386431e-02 2.28474370e+00
 -7.10556673e-02 2.24632514e+00
 -6.89411087e-02 2.20981765e+00
 -9.25008328e-03 2.17510064e+00
 -2.34102205e-02 2.14206410e+00
 -9.31672825e-02 2.11060753e+00
 -3.71877951e-02 2.08063899e+00
 -6.36896820e-02 2.05207417e+00
 -4.28638893e-02 2.02483574e+00
 -4.67579027e-02 1.99885261e+00
 9.68525398e-03 1.97405939e+00
 -1.94518176e-02 1.95039587e+00
 -9.53636384e-02 1.92780654e+00
 -4.79225953e-02 1.90624022e+00
 3.80384547e-02 1.88564964e+00
 3.28010443e-02 1.86599119e+00
 -1.27246481e-02 1.84722456e+00
 -1.13793554e-01 1.82931254e+00
 -1.89871845e-02 1.81222075e+00
 -3.54084649e-02 1.79591747e+00
 -1.05116492e-01 1.78037342e+00
 -9.94880820e-02 1.76556162e+00
 5.40715455e-03 1.75145725e+00
 -1.64959049e-01 1.73803752e+00
 1.07989485e-02 1.72528152e+00
 -3.28123321e-02 1.71317018e+00
 7.03991848e-02 1.70168613e+00
 -3.19445651e-02 1.69081368e+00
 -9.43378557e-02 1.68053868e+00
 -6.58082859e-02 1.67084855e+00
 -1.44741397e-02 1.66173218e+00
 -1.69954014e-02 1.65317993e+00
 -2.59567141e-02 1.64518358e+00
 -4.26045473e-02 1.63773636e+00
 1.21330392e-02 1.63083291e+00
 6.98972972e-03 1.62446930e+00
 9.15958619e-02 1.61864306e+00
 -7.34179226e-02 1.61335321e+00
 1.58417832e-02 1.60860029e+00
 7.95753639e-02 1.60438645e+00
 -2.76644929e-02 1.60071551e+00
 -3.76691734e-03 1.59759302e+00
 2.79267043e-02 1.59502644e+00
 1.27200036e-02 1.59302520e+00
 1.99558860e-02 1.59160091e+00
 -5.81928428e-04 1.59076753e+00
 -5.96315351e-02 1.59054158e+00
 3.32037739e-02 1.59094240e+00
 1.49472283e-03 1.59199248e+00
 1.81880944e-02 1.59371779e+00
 2.49011388e-02 1.59614818e+00
 -1.17787619e-01 1.59931795e+00
 2.36370483e-02 1.60326634e+00
 1.38305292e-02 1.60803833e+00
 -4.33108845e-03 1.61368538e+00
 5.85993248e-02 1.62026646e+00
 8.55205695e-02 1.62784928e+00
 7.48011125e-02 1.63651165e+00
 4.91384585e-02 1.64634331e+00
 9.56304330e-02 1.65744800e+00
 -4.59236723e-02 1.66994614e+00
 -7.13956243e-02 1.68397804e+00
 -9.57333941e-03 1.69970799e+00
 5.31549565e-02 1.71732929e+00
 7.92241454e-02 1.73707077e+00
 3.93107826e-02 1.75920501e+00
 1.22285705e-01 1.78405898e+00
 3.00688630e-03 1.81202802e+00
 5.35655630e-02 1.84359421e+00
 6.21734598e-02 1.87935100e+00
 1.36650095e-01 1.92003661e+00
 5.31938373e-02 1.96658006e+00
 2.45325141e-02 2.02016545e+00
 1.84220441e-01 2.08232363e+00
 4.38626271e-02 2.15506485e+00
 2.37746980e-01 2.24107489e+00
 2.55391102e-01 2.34401001e+00
 1.66111019e-01 2.46894806e+00
 3.49169537e-01 2.62308353e+00
 4.04081789e-01 2.81678226e+00
 5.41907675e-01 3.06504296e+00
 8.91899851e-01 3.38873836e+00
 1.24174829e+00 3.81096918e+00
 2.03113305e+00 4.32094734e+00
 3.53105892e+00 4.65488511e+00
 6.12628236e+00 3.46280174e+00
 6.67466566e+00 -3.29414989e-01
 4.01898524e+00 -2.24654726e+00
 2.21359805e+00 -2.09585213e+00
 1.37748791e+00 -1.58507631e+00
 8.94809675e-01 -1.13726609e+00
 6.84620184e-01 -7.90736388e-01
 4.48084943e-01 -5.24891940e-01
 3.19185767e-01 -3.17669501e-01
 3.89593562e-01 -1.52768531e-01
 3.72608945e-01 -1.88751732e-02
 1.45869076e-01 9.18460348e-02
 1.24425007e-01 1.84902821e-01
 1.11233141e-01 2.64243365e-01
 1.00671082e-01 3.32755530e-01
 1.84999607e-01 3.92592578e-01
 9.89334455e-02 4.45388795e-01
 9.91542413e-02 4.92404848e-01
 2.83160907e-02 5.34627650e-01
 6.40279935e-02 5.72840225e-01
 -4.87970867e-02 6.07671473e-01
 7.10674368e-02 6.39632166e-01
 1.58181926e-02 6.69141414e-01
 8.65914590e-02 6.96546370e-01
 -8.49187871e-02 7.22137111e-01
 6.42111070e-02 7.46158000e-01
 2.65621931e-02 7.68816467e-01
 6.41034357e-02 7.90289857e-01
 2.01583837e-02 8.10730822e-01
 2.97160103e-02 8.30271619e-01
 3.08618772e-02 8.49027541e-01
 3.86065726e-02 8.67099701e-01
 1.19338070e-01 8.84577289e-01
 3.08444938e-02 9.01539430e-01
 1.68848383e-02 9.18056710e-01
 -1.40056761e-02 9.34192449e-01
 -3.18984026e-03 9.50003759e-01
 -4.15720666e-02 9.65542440e-01
 2.26772520e-02 9.80855734e-01
 4.61512606e-02 9.95986960e-01
 1.06384840e-01 1.01097607e+00
 6.61162316e-02 1.02586013e+00
 7.23512890e-02 1.04067369e+00
 9.28524761e-02 1.05544918e+00
 4.32082313e-02 1.07021721e+00
 1.28836784e-02 1.08500683e+00
 6.19801801e-02 1.09984580e+00
 4.99670763e-02 1.11476075e+00
 2.50172369e-02 1.12977746e+00
 2.80252373e-02 1.14492095e+00
 4.47896663e-02 1.16021572e+00
 8.01420329e-03 1.17568584e+00
 1.03074512e-02 1.19135511e+00
 -4.74926427e-02 1.20724719e+00
 -5.53959580e-02 1.22338576e+00
 2.82366714e-02 1.23979456e+00
 -7.91359954e-02 1.25649758e+00
 5.58283785e-02 1.27351915e+00
 2.62645322e-02 1.29088406e+00
 7.54940154e-02 1.30861763e+00
 -1.10293314e-02 1.32674590e+00
 5.93684644e-02 1.34529570e+00
 -4.45754963e-02 1.36429478e+00
 8.10166082e-02 1.38377194e+00
 -3.34308244e-02 1.40375716e+00
 3.84599371e-02 1.42428176e+00
 3.50610223e-02 1.44537854e+00
 1.14805635e-01 1.46708190e+00
 -5.64956622e-02 1.48942811e+00
 4.31302968e-05 1.51245538e+00
 3.55936885e-03 1.53620415e+00
 -2.94248780e-02 1.56071728e+00
 8.54251303e-02 1.58604029e+00
 7.88376428e-02 1.61222162e+00
 8.49386574e-03 1.63931295e+00
 9.68386512e-02 1.66736949e+00
 6.19563528e-02 1.69645036e+00
 -2.98736885e-02 1.72661897e+00
 3.19643011e-02 1.75794347e+00
 1.05550538e-02 1.79049728e+00
 4.71073881e-02 1.82435956e+00
 8.93147307e-02 1.85961591e+00
 2.96943165e-02 1.89635907e+00
 1.01898012e-01 1.93468963e+00
 1.02834772e-01 1.97471703e+00
 7.28808994e-02 2.01656051e+00
 5.16900307e-02 2.06035029e+00
 -5.39586920e-02 2.10622889e+00
 1.60318186e-01 2.15435268e+00
 5.82991118e-02 2.20489358e+00
 1.19066873e-01 2.25804110e+00
 1.03252124e-01 2.31400466e+00
 1.43994121e-01 2.37301632e+00
 9.81606185e-02 2.43533394e+00
 1.35875262e-01 2.50124487e+00
 1.89384496e-01 2.57107033e+00
 1.45897771e-01 2.64517053e+00
 1.03957671e-01 2.72395083e+00
 1.30704897e-01 2.80786900e+00
 1.62695770e-01 2.89744398e+00
 1.88156038e-01 2.99326646e+00
 1.87649938e-01 3.09601165e+00
 2.19986818e-01 3.20645493e+00
 1.81570367e-01 3.32549108e+00
 2.38357316e-01 3.45415802e+00
 2.93665617e-01 3.59366652e+00
 3.30776853e-01 3.74543744e+00
 3.85941914e-01 3.91114903e+00
 3.57502440e-01 4.09279746e+00
 3.71017266e-01 4.29277504e+00
 3.14419538e-01 4.51397243e+00
 4.72313223e-01 4.75991379e+00
 5.42237460e-01 5.03493757e+00
 5.78410883e-01 5.34444162e+00
 6.74893772e-01 5.69522041e+00
 7.88844268e-01 6.09593566e+00
 9.76359714e-01 6.55778376e+00
 1.12184910e+00 7.09545712e+00
 1.28076757e+00 7.72854981e+00
 1.67352866e+00 8.48363708e+00
 2.06148306e+00 9.39736185e+00
 2.52335996e+00 1.05209313e+01
 3.40162230e+00 1.19261390e+01
 4.66883954e+00 1.37108734e+01
 6.67026104e+00 1.59910277e+01
 1.01611045e+01 1.88119690e+01
 1.67804387e+01 2.16534885e+01
 2.90024189e+01 2.12146682e+01
 4.29510540e+01 7.77786772e+00
 3.88306999e+01 -1.42602610e+01
 2.38897777e+01 -2.18332382e+01
 1.39804005e+01 -2.03636065e+01
 8.79210528e+00 -1.73911294e+01
 5.73851920e+00 -1.47603932e+01
 4.16255474e+00 -1.26741777e+01
 3.10506764e+00 -1.10405203e+01
 2.28810227e+00 -9.74734014e+00
 1.85107761e+00 -8.70675071e+00
 1.47623572e+00 -7.85527397e+00
 1.26565213e+00 -7.14764698e+00
 9.92481313e-01 -6.55133398e+00
 9.59076790e-01 -6.04259633e+00
 7.38127624e-01 -5.60382127e+00
 7.14767204e-01 -5.22172179e+00
 5.68819923e-01 -4.88611496e+00
 4.31391225e-01 -4.58908178e+00
 4.64787512e-01 -4.32438056e+00
 3.81219917e-01 -4.08703080e+00
 3.73264311e-01 -3.87301341e+00
 3.41945034e-01 -3.67905156e+00
 3.57476780e-01 -3.50244833e+00
 2.48198737e-01 -3.34096475e+00
 3.05190512e-01 -3.19272714e+00
 3.11715744e-01 -3.05615596e+00
 1.13468027e-01 -2.92991051e+00
 2.89362052e-01 -2.81284560e+00
 2.11796247e-01 -2.70397727e+00
 2.04904485e-01 -2.60245545e+00
 7.66981042e-02 -2.50754196e+00
 1.43376541e-01 -2.41859266e+00
 9.21773047e-02 -2.33504298e+00
 1.79161141e-01 -2.25639592e+00
 1.27902434e-01 -2.18221226e+00
 1.55622444e-01 -2.11210229e+00
 1.99118779e-01 -2.04571903e+00
 1.78759659e-01 -1.98275246e+00
 7.92255900e-02 -1.92292467e+00
 8.97783437e-02 -1.86598573e+00
 8.38804059e-02 -1.81171023e+00
 1.45310100e-01 -1.75989424e+00
 1.11311943e-01 -1.71035278e+00
 1.61047755e-01 -1.66291756e+00
 -3.06611990e-02 -1.61743508e+00
 6.46352773e-02 -1.57376500e+00
 9.04021705e-03 -1.53177861e+00
 1.15254507e-01 -1.49135763e+00
 1.07373106e-01 -1.45239307e+00
 4.70845828e-02 -1.41478424e+00
 8.53912384e-02 -1.37843789e+00
 2.88933840e-02 -1.34326747e+00
 1.19635898e-02 -1.30919238e+00
 5.94977784e-02 -1.27613746e+00
 8.27220987e-02 -1.24403233e+00
 1.00592934e-01 -1.21281102e+00
 1.12056702e-01 -1.18241142e+00
 3.89995926e-02 -1.15277497e+00
 8.19055977e-02 -1.12384622e+00
 1.17352523e-01 -1.09557258e+00
 2.95435485e-02 -1.06790393e+00
 4.29844412e-02 -1.04079243e+00
 6.17909178e-02 -1.01419218e+00
 -1.62073949e-03 -9.88059025e-01
 2.45028256e-02 -9.62350316e-01
 9.37993811e-03 -9.37024696e-01
 9.45339284e-02 -9.12041896e-01
 9.46260985e-02 -8.87362535e-01
 4.63553386e-02 -8.62947934e-01
 5.36004919e-02 -8.38759927e-01
 7.00722207e-02 -8.14760678e-01
 6.90798249e-02 -7.90912493e-01
 6.61296955e-02 -7.67177644e-01
 5.65484671e-02 -7.43518168e-01
 -4.98963641e-04 -7.19895682e-01
 5.90321053e-02 -6.96271177e-01
 3.97070421e-02 -6.72604803e-01
 2.26329928e-02 -6.48855650e-01
 3.66002426e-02 -6.24981502e-01
 1.22977753e-01 -6.00938582e-01
 -9.86602246e-03 -5.76681266e-01
 1.47837772e-02 -5.52161779e-01
 8.70518411e-02 -5.27329853e-01
 -1.06280870e-02 -5.02132354e-01
 1.39636800e-01 -4.76512858e-01
 3.62216677e-02 -4.50411186e-01
 1.28337136e-02 -4.23762872e-01
 6.30279798e-02 -3.96498562e-01
 3.16941405e-02 -3.68543337e-01
 6.40768819e-02 -3.39815925e-01
 -3.86107389e-03 -3.10227815e-01
 6.23226476e-02 -2.79682214e-01
 1.45488407e-01 -2.48072857e-01
 -6.75972934e-02 -2.15282610e-01
 2.06144532e-02 -1.81181840e-01
 7.73643250e-02 -1.45626502e-01
 -7.27342428e-02 -1.08455876e-01
 9.37957389e-02 -6.94898848e-02
 7.85907334e-02 -2.85258943e-02
 6.70618152e-02 1.46651268e-02
 4.09066812e-02 6.03432368e-02
 1.87107371e-01 1.08805140e-01
 1.06430501e-01 1.60391053e-01
 8.55326303e-02 2.15493140e-01
 9.74905966e-02 2.74565967e-01
 1.32277717e-01 3.38139544e-01
 1.11497989e-01 4.06835730e-01
 1.11684671e-01 4.81389048e-01
 1.86854337e-01 5.62673347e-01
 2.36704631e-01 6.51736267e-01
 2.48133164e-01 7.49844293e-01
 2.24432924e-01 8.58542287e-01
 3.14226703e-01 9.79733103e-01
 2.51041451e-01 1.11578541e+00
 3.54328110e-01 1.26968163e+00
 3.78739067e-01 1.44522378e+00
 4.24038771e-01 1.64732349e+00
 5.32806672e-01 1.88241604e+00
 6.84378725e-01 2.15905633e+00
 7.58725051e-01 2.48877778e+00
 9.31789095e-01 2.88730743e+00
 1.28184573e+00 3.37616482e+00
 1.63350742e+00 3.98424965e+00
 2.26908343e+00 4.74708800e+00
 3.33847274e+00 5.69304520e+00
 5.06276693e+00 6.76959338e+00
 8.27268118e+00 7.51631216e+00
 1.34383257e+01 6.01062041e+00
 1.71938998e+01 -7.66838568e-01
 1.38451804e+01 -7.85953414e+00
 8.66866641e+00 -9.65252488e+00
 5.18292709e+00 -8.97830795e+00
 3.44565473e+00 -7.90618511e+00
 2.37794095e+00 -6.95177456e+00
 1.69765945e+00 -6.18039346e+00
 1.35216127e+00 -5.56595524e+00
 9.93673410e-01 -5.07292324e+00
 7.75984792e-01 -4.67199630e+00
 5.61309915e-01 -4.34127578e+00
 6.31166903e-01 -4.06474490e+00
 4.60098745e-01 -3.83066092e+00
 3.09739685e-01 -3.63031987e+00
 4.18862099e-01 -3.45718016e+00
 3.06819800e-01 -3.30625386e+00
 2.49150026e-01 -3.17368388e+00
 2.31702280e-01 -3.05644772e+00
 2.45059882e-01 -2.95214755e+00
 2.13073214e-01 -2.85885932e+00
 2.62445427e-01 -2.77502289e+00
 1.77291184e-01 -2.69936102e+00
 6.80785506e-02 -2.63081875e+00
 1.03005927e-01 -2.56851765e+00
 1.17131310e-01 -2.51172079e+00
 4.68758228e-02 -2.45980564e+00
 1.90361386e-01 -2.41224301e+00
 8.89367951e-02 -2.36858039e+00
 6.87596014e-02 -2.32842876e+00
 -5.62336458e-03 -2.29145196e+00
 2.65644050e-02 -2.25735823e+00
 8.85391841e-02 -2.22589324e+00
 3.79391978e-02 -2.19683439e+00
 -3.53465958e-02 -2.16998620e+00
 3.19889111e-02 -2.14517641e+00
 3.58571280e-02 -2.12225279e+00
 -7.75008162e-02 -2.10108043e+00
 5.46475955e-02 -2.08153948e+00
 1.60186424e-02 -2.06352327e+00
 6.18550585e-02 -2.04693667e+00
 -2.24003171e-02 -2.03169469e+00
 -2.03053583e-02 -2.01772137e+00
 6.68901018e-02 -2.00494872e+00
 3.52480698e-02 -1.99331585e+00
 -4.46612702e-03 -1.98276826e+00
 -1.10957677e-01 -1.97325718e+00
 2.48111060e-02 -1.96473900e+00
 1.78451450e-02 -1.95717480e+00
 9.93015710e-02 -1.95052992e+00
 -1.49674211e-02 -1.94477362e+00
 -6.84142949e-02 -1.93987872e+00
 -1.21076429e-02 -1.93582138e+00
 1.74153138e-02 -1.93258082e+00
 -1.04262341e-02 -1.93013913e+00
 5.90568805e-02 -1.92848111e+00
 2.62854463e-02 -1.92759409e+00
 2.18875073e-03 -1.92746783e+00
 2.79672923e-02 -1.92809442e+00
 3.74421837e-02 -1.92946815e+00
 -8.48835153e-03 -1.93158550e+00
 -1.70909492e-02 -1.93444506e+00
 -3.29429619e-02 -1.93804749e+00
 2.33308537e-02 -1.94239553e+00
 -6.01772084e-02 -1.94749396e+00
 -1.03588687e-01 -1.95334964e+00
 -4.51898379e-03 -1.95997154e+00
 -3.08088492e-02 -1.96737076e+00
 -3.94657735e-02 -1.97556059e+00
 -1.62201449e-02 -1.98455659e+00
 -5.81671633e-02 -1.99437671e+00
 2.46263516e-02 -2.00504132e+00
 -2.46760895e-02 -2.01657343e+00
 -1.05825838e-01 -2.02899878e+00
 -7.24730015e-02 -2.04234602e+00
 -6.33317574e-02 -2.05664691e+00
 -1.18843094e-01 -2.07193657e+00
 -3.86351531e-03 -2.08825368e+00
 -7.72936127e-02 -2.10564085e+00
 5.71654166e-02 -2.12414485e+00
 -1.59902632e-01 -2.14381708e+00
 -8.86254352e-02 -2.16471393e+00
 -9.10970739e-02 -2.18689729e+00
 -3.59283272e-02 -2.21043509e+00
 -8.43867103e-02 -2.23540192e+00
 -7.99493295e-02 -2.26187974e+00
 -1.00483147e-01 -2.28995872e+00
 -5.13194689e-02 -2.31973811e+00
 -7.08360887e-02 -2.35132737e+00
 -5.83387460e-02 -2.38484734e+00
 -6.37170149e-02 -2.42043168e+00
 -1.74355378e-01 -2.45822851e+00
 -7.41788976e-02 -2.49840231e+00
 -9.05137176e-02 -2.54113610e+00
 -9.63089193e-02 -2.58663407e+00
 -1.59498106e-01 -2.63512460e+00
 -9.85788517e-02 -2.68686381e+00
 -2.58748636e-02 -2.74213984e+00
 -1.44432027e-01 -2.80127786e+00
 -7.74911139e-02 -2.86464612e+00
 -1.60215464e-01 -2.93266316e+00
 -2.00204729e-01 -3.00580656e+00
 -1.97224957e-01 -3.08462358e+00
 -7.17327194e-02 -3.16974413e+00
 -1.47742648e-01 -3.26189680e+00
 -2.37679955e-01 -3.36192863e+00
 -2.74234940e-01 -3.47082994e+00
 -3.46929504e-01 -3.58976545e+00
 -2.75654388e-01 -3.72011388e+00
 -3.90082342e-01 -3.86351863e+00
 -3.03206522e-01 -4.02195335e+00
 -4.87768415e-01 -4.19780764e+00
 -4.44231710e-01 -4.39400016e+00
 -3.80066573e-01 -4.61412978e+00
 -5.91579572e-01 -4.86267979e+00
 -6.62231463e-01 -5.14529721e+00
 -7.46851979e-01 -5.46917913e+00
 -8.47692116e-01 -5.84361271e+00
 -1.05976738e+00 -6.28073524e+00
 -1.30321965e+00 -6.79660396e+00
 -1.59529339e+00 -7.41267664e+00
 -1.96802864e+00 -8.15774260e+00
 -2.61261725e+00 -9.06997577e+00
 -3.48686465e+00 -1.01972343e+01
 -4.73521776e+00 -1.15876454e+01
 -6.98319453e+00 -1.32385523e+01
 -1.08026504e+01 -1.48787819e+01
 -1.71850072e+01 -1.51685594e+01
 -2.57550518e+01 -1.00987007e+01
 -2.87592158e+01 2.55118553e+00
 -2.16333373e+01 1.20139314e+01
 -1.36391261e+01 1.37927053e+01
 -8.73281377e+00 1.25538428e+01
 -5.76216337e+00 1.08430593e+01
 -4.15113491e+00 9.31374672e+00
 -2.98095250e+00 8.05808275e+00
 -2.31376543e+00 7.04255413e+00
 -1.75049911e+00 6.21695129e+00
 -1.40540183e+00 5.53806833e+00
 -1.10472949e+00 4.97264411e+00
 -1.02011250e+00 4.49579996e+00
 -8.21201558e-01 4.08897105e+00
 -7.39915017e-01 3.73819849e+00
 -6.84547815e-01 3.43286660e+00
 -5.36511182e-01 3.16480000e+00
 -4.88870270e-01 2.92762280e+00
 -4.57973284e-01 2.71630175e+00
 -3.62908168e-01 2.52681779e+00
 -3.05926494e-01 2.35592724e+00
 -3.48444578e-01 2.20098613e+00
 -2.40064787e-01 2.05981937e+00
 -2.33276364e-01 1.93062237e+00
 -2.40897805e-01 1.81188599e+00
 -2.70414986e-01 1.70233893e+00
 -2.11852115e-01 1.60090286e+00
 -2.06459139e-01 1.50665736e+00
 -2.05424063e-01 1.41881204e+00
 -1.31790422e-01 1.33668442e+00
 -1.03831047e-01 1.25968208e+00
 -1.34972288e-01 1.18728822e+00
 -1.27212932e-01 1.11904994e+00
 -1.65914099e-01 1.05456853e+00
 -1.27093745e-01 9.93491521e-01
 -1.28517502e-01 9.35506066e-01
 -1.09071317e-01 8.80333413e-01
 -1.43624372e-01 8.27724261e-01
 -9.89739021e-02 7.77454848e-01
 -4.55091171e-02 7.29323634e-01
 -4.84205297e-02 6.83148477e-01
 -7.33034037e-02 6.38764217e-01
 -8.15385971e-02 5.96020602e-01
 -1.17846193e-01 5.54780499e-01
 -4.03740142e-02 5.14918345e-01
 -4.62849414e-02 4.76318801e-01
 -9.36597679e-02 4.38875579e-01
 4.34421239e-02 4.02490409e-01
 -9.95712112e-02 3.67072140e-01
 -1.19205517e-01 3.32535935e-01
 -7.39033932e-02 2.98802565e-01
 -5.49670303e-02 2.65797782e-01
 -5.16106041e-02 2.33451752e-01
 -1.11939198e-01 2.01698548e-01
 -6.56242848e-02 1.70475699e-01
 -6.61096088e-02 1.39723772e-01
 -6.14075828e-02 1.09385994e-01
 -5.88377786e-02 7.94079082e-02
 -7.74955150e-02 4.97370555e-02
 -8.59107376e-02 2.03226746e-02
 -1.33323041e-01 -8.88457401e-03
 1.87708041e-03 -3.79328707e-02
 -3.60817879e-03 -6.68694860e-02
 -4.61626263e-02 -9.57410206e-02
 -1.36484035e-02 -1.24593637e-01
 -4.06006069e-02 -1.53473287e-01
 -8.46249991e-02 -1.82425938e-01
 -1.08588968e-01 -2.11497793e-01
 -2.71949893e-02 -2.40735521e-01
 7.25799036e-03 -2.70186487e-01
 -4.97882596e-02 -2.99898987e-01
 -1.43835918e-01 -3.29922497e-01
 -4.51663471e-02 -3.60307929e-01
 -1.89453946e-01 -3.91107903e-01
 -1.32868102e-02 -4.22377042e-01
 -5.80031761e-02 -4.54172277e-01
 -6.53351880e-03 -4.86553189e-01
 -1.43954393e-01 -5.19582372e-01
 -8.97703553e-02 -5.53325835e-01
 -3.70792189e-02 -5.87853438e-01
 -6.10502869e-02 -6.23239382e-01
 -6.95793166e-02 -6.59562745e-01
 -1.42531192e-01 -6.96908087e-01
 -1.74819869e-01 -7.35366117e-01
 -7.90170852e-02 -7.75034455e-01
 -1.31784082e-01 -8.16018481e-01
 -6.09534162e-02 -8.58432306e-01
 -3.20677113e-02 -9.02399870e-01
 -1.54207751e-01 -9.48056192e-01
 -1.63115009e-01 -9.95548813e-01
 -1.11166811e-01 -1.04503945e+00
 -8.81425358e-02 -1.09670587e+00
 -1.50976942e-01 -1.15074417e+00
 -1.22609753e-01 -1.20737126e+00
 -5.74715724e-02 -1.26682792e+00
 -7.35396413e-02 -1.32938229e+00
 -1.38329007e-01 -1.39533404e+00
 -1.62461370e-01 -1.46501923e+00
 -1.73052435e-01 -1.53881619e+00
 -1.99148386e-01 -1.61715248e+00
 -2.02179292e-01 -1.70051325e+00
 -1.82303333e-01 -1.78945137e+00
 -2.86434238e-01 -1.88459977e+00
 -1.61919327e-01 -1.98668645e+00
 -2.63891131e-01 -2.09655306e+00
 -2.70187082e-01 -2.21517789e+00
 -2.75799112e-01 -2.34370458e+00
 -3.14155756e-01 -2.48347828e+00
 -3.02672102e-01 -2.63609164e+00
 -4.35216621e-01 -2.80344356e+00
 -3.85387930e-01 -2.98781533e+00
 -4.50194122e-01 -3.19196991e+00
 -5.33954530e-01 -3.41928293e+00
 -5.70227563e-01 -3.67391731e+00
 -6.10363717e-01 -3.96105851e+00
 -8.62531623e-01 -4.28723450e+00
 -9.90531343e-01 -4.66075523e+00
 -1.16510796e+00 -5.09231935e+00
 -1.27910843e+00 -5.59585181e+00
 -1.56258765e+00 -6.18964386e+00
 -2.01779333e+00 -6.89783227e+00
 -2.49044230e+00 -7.75205523e+00
 -3.21620295e+00 -8.79233106e+00
 -4.33075742e+00 -1.00633198e+01
 -5.98152503e+00 -1.15916565e+01
 -8.88559507e+00 -1.32918509e+01
 -1.35992303e+01 -1.46184085e+01
 -2.12691738e+01 -1.35321225e+01
 -2.92792489e+01 -5.76774026e+00
 -2.91197696e+01 7.32240713e+00
 -2.09648563e+01 1.48694758e+01
 -1.35304596e+01 1.58504717e+01
 -8.82042912e+00 1.45058297e+01
 -6.09175465e+00 1.28127565e+01
 -4.28452507e+00 1.12956126e+01
 -3.24280971e+00 1.00348268e+01
 -2.45151540e+00 9.00302187e+00
 -1.92172760e+00 8.15577932e+00
 -1.61839634e+00 7.45345921e+00
 -1.29398363e+00 6.86474792e+00
 -1.07057766e+00 6.36575468e+00
 -9.05014417e-01 5.93836834e+00
 -7.76532885e-01 5.56879503e+00
 -7.89536140e-01 5.24643215e+00
 -6.06068601e-01 4.96304103e+00
 -6.27338650e-01 4.71214734e+00
 -4.81335397e-01 4.48860671e+00
 -4.08368636e-01 4.28828819e+00
 -3.24961498e-01 4.10784147e+00
 -3.02479429e-01 3.94452406e+00
 -2.94625917e-01 3.79607153e+00
 -2.95907090e-01 3.66059910e+00
 -2.25177264e-01 3.53652624e+00
 -2.57315065e-01 3.42251836e+00
 -2.19891828e-01 3.31744124e+00
 -1.56450163e-01 3.22032518e+00
 -1.83822916e-01 3.13033643e+00
 -2.28822950e-01 3.04675447e+00
 -2.08133378e-01 2.96895350e+00
 -7.25707526e-02 2.89638757e+00
 -1.41550572e-01 2.82857834e+00
 -1.45132230e-01 2.76510501e+00
 -1.93542145e-01 2.70559603e+00
 -1.93002955e-02 2.64972216e+00
 -1.40104037e-01 2.59719070e+00
 -1.19046397e-01 2.54774062e+00
 -7.84949377e-02 2.50113846e+00
 -1.58543265e-01 2.45717485e+00
 -5.63978517e-03 2.41566151e+00
 -1.27470117e-01 2.37642877e+00
 -7.71311461e-02 2.33932335e+00
 -8.86472531e-02 2.30420648e+00
 -1.09679756e-01 2.27095234e+00
 2.38848386e-02 2.23944658e+00
 -4.43698270e-02 2.20958513e+00
 3.05037200e-03 2.18127315e+00
 -2.35479504e-02 2.15442407e+00
 -1.32493429e-01 2.12895878e+00
 1.37418441e-02 2.10480495e+00
 -3.12306116e-02 2.08189631e+00
 -3.50696195e-02 2.06017221e+00
 -9.87409310e-02 2.03957702e+00
 -1.03921096e-01 2.02005976e+00
 5.40940467e-02 2.00157369e+00
 7.77332233e-02 1.98407599e+00
 -7.18597149e-02 1.96752741e+00
 -8.97240049e-02 1.95189205e+00
 -6.82697378e-02 1.93713712e+00
 -9.63199920e-02 1.92323267e+00
 -8.04112860e-02 1.91015149e+00
 -3.45724422e-02 1.89786888e+00
 -2.16229226e-02 1.88636255e+00
 -1.40811218e-01 1.87561245e+00
 9.78634818e-02 1.86560072e+00
 -2.59535039e-02 1.85631154e+00
 -1.30360315e-01 1.84773110e+00
 1.44008463e-02 1.83984751e+00
 2.62633623e-02 1.83265077e+00
 -5.17664483e-02 1.82613270e+00
 -5.07693674e-02 1.82028698e+00
 -3.26810223e-02 1.81510907e+00
 2.18347408e-02 1.81059627e+00
 -6.85165478e-03 1.80674771e+00
 5.30774432e-02 1.80356437e+00
 -5.19752109e-03 1.80104915e+00
 1.61395317e-01 1.79920694e+00
 -2.59857602e-02 1.79804465e+00
 3.64842542e-02 1.79757136e+00
 -3.71962739e-03 1.79779840e+00
 -3.02309093e-02 1.79873950e+00
 -2.15024344e-02 1.80041098e+00
 1.40131237e-02 1.80283188e+00
 8.03752727e-02 1.80602424e+00
 -6.25289072e-02 1.81001334e+00
 1.31292456e-02 1.81482799e+00
 4.28872100e-02 1.82050089e+00
 9.47824554e-02 1.82706905e+00
 3.21552781e-03 1.83457421e+00
 6.65676279e-02 1.84306346e+00
 7.68488238e-02 1.85258979e+00
 5.77399582e-02 1.86321293e+00
 -6.10454584e-02 1.87500012e+00
 1.23179054e-01 1.88802719e+00
 3.46245591e-03 1.90237977e+00
 4.27941145e-03 1.91815465e+00
 5.43838424e-02 1.93546152e+00
 9.06222411e-02 1.95442496e+00
 9.72655072e-02 1.97518685e+00
 1.98671328e-02 1.99790926e+00
 8.16370486e-02 2.02277796e+00
 9.12546832e-02 2.05000669e+00
 3.36953490e-02 2.07984239e+00
 9.60654687e-02 2.11257163e+00
 1.42619886e-01 2.14852862e+00
 1.73986724e-01 2.18810520e+00
 2.04832860e-01 2.23176343e+00
 1.42742657e-01 2.28005154e+00
 6.65098137e-02 2.33362448e+00
 1.60979460e-01 2.39327029e+00
 1.49848886e-01 2.45994463e+00
 2.88916895e-01 2.53481625e+00
 1.44459222e-01 2.61932726e+00
 2.57707553e-01 2.71527418e+00
 2.93230287e-01 2.82491730e+00
 2.78612484e-01 2.95112935e+00
 4.35176827e-01 3.09759743e+00
 3.72462997e-01 3.26909405e+00
 5.82581176e-01 3.47182779e+00
 6.59535290e-01 3.71385047e+00
 9.28804606e-01 4.00537192e+00
 1.28813356e+00 4.35839913e+00
 1.63402600e+00 4.78364728e+00
 2.34386439e+00 5.27765020e+00
 3.28412955e+00 5.77612920e+00
 5.15828676e+00 6.00247116e+00
 7.61676072e+00 5.12987729e+00
 9.68215814e+00 2.05962392e+00
 8.86679903e+00 -1.75980946e+00
 6.24346000e+00 -3.54671337e+00
 4.03382683e+00 -3.66701757e+00
 2.70775280e+00 -3.23423231e+00
 1.93899132e+00 -2.72334564e+00
 1.32163938e+00 -2.26446474e+00
 1.09657032e+00 -1.87890231e+00
 8.04838502e-01 -1.55969139e+00
 6.06263148e-01 -1.29477284e+00
 5.19402099e-01 -1.07304497e+00
 4.06016447e-01 -8.85536893e-01
 3.96543727e-01 -7.25281749e-01
 3.69240238e-01 -5.86921786e-01
 2.75817573e-01 -4.66327750e-01
 2.44217995e-01 -3.60293894e-01
 1.62274330e-01 -2.66307858e-01
 1.97788830e-01 -1.82380621e-01
 2.79674670e-01 -1.06921380e-01
 1.92433621e-01 -3.86452084e-02
 5.86220551e-02 2.34955703e-02
 7.09180665e-02 8.03628111e-02
 7.52388435e-02 1.32671457e-01
 1.10724675e-01 1.81019256e-01
 1.48612813e-01 2.25909664e-01
 8.75207242e-02 2.67769670e-01
 1.64214564e-01 3.06963778e-01
 1.00263334e-01 3.43805080e-01
 1.22101055e-01 3.78564079e-01
 6.47962061e-02 4.11475786e-01
 1.14607181e-01 4.42745467e-01
 1.10323332e-01 4.72553322e-01
 5.66468653e-02 5.01058325e-01
 1.17599288e-01 5.28401395e-01
 9.02876856e-02 5.54708026e-01
 6.97951835e-02 5.80090487e-01
 -3.23636548e-02 6.04649663e-01
 1.14121254e-01 6.28476613e-01
 5.18430769e-02 6.51653890e-01
 9.26789413e-02 6.74256668e-01
 1.33707620e-01 6.96353699e-01
 4.57009722e-02 7.18008152e-01
 3.97940384e-02 7.39278319e-01
 5.51638343e-02 7.60218247e-01
 5.41581571e-02 7.80878278e-01
 -1.28805276e-01 8.01305524e-01
 -1.73762597e-03 8.21544290e-01
 -6.84745185e-03 8.41636450e-01
 1.55326020e-01 8.61621774e-01
 -9.08608919e-02 8.81538230e-01
 2.92097100e-02 9.01422252e-01
 -7.80501103e-02 9.21308987e-01
 8.17976173e-02 9.41232516e-01
 1.83340325e-02 9.61226066e-01
 1.18601832e-02 9.81322197e-01
 -5.90669791e-02 1.00155299e+00
 -1.77494876e-02 1.02195020e+00
 4.72966306e-03 1.04254546e+00
 2.46739197e-03 1.06337039e+00
 3.29182194e-03 1.08445678e+00
 4.85005677e-02 1.10583676e+00
 4.99255818e-02 1.12754290e+00
 -7.92773133e-02 1.14960841e+00
 9.60313721e-02 1.17206730e+00
 5.29226218e-02 1.19495449e+00
 1.14230702e-01 1.21830602e+00
 4.52391159e-02 1.24215922e+00
 9.22717979e-03 1.26655287e+00
 2.83517787e-02 1.29152743e+00
 6.47060655e-02 1.31712520e+00
 6.13678591e-02 1.34339059e+00
 2.14941740e-02 1.37037031e+00
 1.83209635e-02 1.39811369e+00
 9.62689306e-02 1.42667291e+00
 8.15787581e-02 1.45610333e+00
 5.74852158e-02 1.48646385e+00
 1.01852514e-01 1.51781724e+00
 1.07180600e-01 1.55023062e+00
 9.90735201e-02 1.58377586e+00
 1.09418089e-01 1.61853014e+00
 1.51443258e-01 1.65457650e+00
 1.17918155e-01 1.69200451e+00
 9.20973467e-02 1.73091095e+00
 1.58501504e-01 1.77140071e+00
 7.65343759e-02 1.81358761e+00
 8.20977260e-02 1.85759556e+00
 7.81979547e-02 1.90355967e+00
 1.24130639e-01 1.95162766e+00
 1.04173734e-01 2.00196142e+00
 1.44794155e-01 2.05473878e+00
 1.15897025e-01 2.11015561e+00
 2.31735245e-01 2.16842820e+00
 2.10099980e-01 2.22979604e+00
 1.64994313e-01 2.29452506e+00
 1.53228094e-01 2.36291144e+00
 1.68375217e-01 2.43528602e+00
 1.66296854e-01 2.51201961e+00
 1.68482411e-01 2.59352918e+00
 2.11680135e-01 2.68028531e+00
 2.96652769e-01 2.77282102e+00
 2.27704960e-01 2.87174253e+00
 2.90202644e-01 2.97774213e+00
 2.44171968e-01 3.09161393e+00
 2.77269193e-01 3.21427315e+00
 3.48515975e-01 3.34677983e+00
 3.73657566e-01 3.49036833e+00
 2.93676921e-01 3.64648413e+00
 4.09399652e-01 3.81683023e+00
 4.35517964e-01 4.00342599e+00
 4.69890687e-01 4.20868250e+00
 5.79703071e-01 4.43549975e+00
 6.74184815e-01 4.68739327e+00
 7.04111343e-01 4.96866025e+00
 8.96566353e-01 5.28459961e+00
 9.59545122e-01 5.64180519e+00
 1.24796198e+00 6.04855860e+00
 1.35587396e+00 6.51535542e+00
 1.49070799e+00 7.05560364e+00
 1.95488406e+00 7.68652435e+00
 2.29613053e+00 8.43022516e+00
 2.83074735e+00 9.31469692e+00
 3.60904077e+00 1.03737616e+01
 4.78039382e+00 1.16426888e+01
 6.46219094e+00 1.31387735e+01
 9.15905408e+00 1.47922068e+01
 1.34861346e+01 1.62199706e+01
 2.01187672e+01 1.60897558e+01
 2.85605775e+01 1.12275140e+01
 3.29345285e+01 -4.15858286e-01
 2.81049259e+01 -1.17261601e+01
 1.95991052e+01 -1.61657474e+01
 1.31716026e+01 -1.61272119e+01
 8.94243905e+00 -1.46661670e+01
 6.36425209e+00 -1.30214437e+01
 4.75658174e+00 -1.15428660e+01
 3.61936947e+00 -1.02907919e+01
 2.83399078e+00 -9.24583363e+00
 2.28620588e+00 -8.37269807e+00
 1.86262633e+00 -7.63802330e+00
 1.54996402e+00 -7.01430936e+00
 1.27016909e+00 -6.47985957e+00
 1.15424056e+00 -6.01777250e+00
 9.73966042e-01 -5.61488275e+00
 8.36663922e-01 -5.26087782e+00
 7.12087561e-01 -4.94761461e+00
 7.42512703e-01 -4.66860475e+00
 5.27508337e-01 -4.41863042e+00
 5.84788530e-01 -4.19345728e+00
 5.23914823e-01 -3.98961901e+00
 4.95366686e-01 -3.80425450e+00
 4.03495827e-01 -3.63498365e+00
 4.11827064e-01 -3.47981203e+00
 3.56075716e-01 -3.33705683e+00
 3.65924552e-01 -3.20528905e+00
 2.17638789e-01 -3.08328792e+00
 3.15929921e-01 -2.97000461e+00
 2.11680989e-01 -2.86453329e+00
 2.85499827e-01 -2.76608768e+00
 2.56913770e-01 -2.67398211e+00
 1.69371412e-01 -2.58761599e+00
 2.06809623e-01 -2.50646106e+00
 1.49435719e-01 -2.43005084e+00
 2.20701408e-01 -2.35797187e+00
 1.42759240e-01 -2.28985639e+00
 8.01034633e-02 -2.22537618e+00
 1.63307002e-01 -2.16423736e+00
 1.94576283e-01 -2.10617599e+00
 1.95410619e-01 -2.05095435e+00
 4.16777264e-02 -1.99835768e+00
 1.77304987e-01 -1.94819148e+00
 1.00702340e-01 -1.90027911e+00
 1.67199046e-01 -1.85445975e+00
 1.26270220e-01 -1.81058663e+00
 6.86370238e-02 -1.76852548e+00
 5.77326726e-02 -1.72815317e+00
 6.48981628e-04 -1.68935652e+00
 1.19613351e-01 -1.65203128e+00
 8.11817566e-02 -1.61608119e+00
 1.19703730e-01 -1.58141719e+00
 3.46641627e-02 -1.54795667e+00
 5.94110888e-02 -1.51562287e+00
 1.22530800e-01 -1.48434427e+00
 1.11189267e-01 -1.45405408e+00
 7.45919451e-02 -1.42468984e+00
 1.76905184e-01 -1.39619291e+00
 8.37746118e-02 -1.36850819e+00
 1.60518005e-01 -1.34158371e+00
 1.90569539e-02 -1.31537036e+00
 1.36898414e-02 -1.28982162e+00
 5.67490513e-02 -1.26489324e+00
 9.75257227e-02 -1.24054309e+00
 2.56288142e-02 -1.21673084e+00
 3.75459794e-02 -1.19341785e+00
 5.85937467e-02 -1.17056691e+00
 6.05609141e-02 -1.14814210e+00
 3.02414065e-02 -1.12610857e+00
 8.41533008e-02 -1.10443242e+00
 2.29837900e-03 -1.08308054e+00
 1.60277029e-01 -1.06202040e+00
 6.81955609e-02 -1.04121997e+00
 5.12433180e-02 -1.02064751e+00
 1.42775023e-01 -1.00027145e+00
 7.54481794e-05 -9.80060230e-01
 2.32876123e-02 -9.59982121e-01
 1.26097939e-02 -9.40005093e-01
 -1.05292849e-02 -9.20096622e-01
 6.74461100e-02 -9.00223517e-01
 -1.86229465e-02 -8.80351729e-01
 -6.07755873e-03 -8.60446138e-01
 3.88870159e-02 -8.40470339e-01
 5.05122367e-02 -8.20386386e-01
 1.06370319e-02 -8.00154536e-01
 4.85952376e-02 -7.79732940e-01
 1.37999122e-01 -7.59077319e-01
 7.78463362e-02 -7.38140588e-01
 5.73518437e-02 -7.16872438e-01
 4.01758235e-02 -6.95218865e-01
 9.41182454e-02 -6.73121620e-01
 -4.96950888e-04 -6.50517598e-01
 2.50757404e-02 -6.27338120e-01
 1.43148223e-01 -6.03508113e-01
 1.08837442e-01 -5.78945150e-01
 -3.50939671e-02 -5.53558335e-01
 -2.11861552e-02 -5.27246995e-01
 4.27200064e-02 -4.99899137e-01
 1.78123536e-01 -4.71389627e-01
 3.39881738e-02 -4.41578012e-01
 5.93821352e-02 -4.10305931e-01
 1.27711346e-01 -3.77393985e-01
 3.18176305e-02 -3.42637961e-01
 1.41170442e-01 -3.05804237e-01
 1.92091775e-01 -2.66624150e-01
 1.55338743e-01 -2.24787064e-01
 8.87589308e-02 -1.79931764e-01
 1.19698398e-01 -1.31635705e-01
 1.80602179e-01 -7.94014809e-02
 1.94220881e-01 -2.26396608e-02
 1.77764991e-01 3.93531513e-02
 1.27130291e-01 1.07422587e-01
 2.51088312e-01 1.82593226e-01
 1.61259434e-01 2.66116634e-01
 2.99922905e-01 3.59534610e-01
 3.06492109e-01 4.64762858e-01
 3.05942122e-01 5.84201712e-01
 3.86391239e-01 7.20881688e-01
 5.02267015e-01 8.78650567e-01
 6.01378885e-01 1.06240031e+00
 7.01292688e-01 1.27830086e+00
 9.23167385e-01 1.53390885e+00
 1.17457376e+00 1.83771695e+00
 1.49088465e+00 2.19678950e+00
 2.02999022e+00 2.60829999e+00
 2.94941614e+00 3.03222285e+00
 4.20561360e+00 3.30999847e+00
 6.16215858e+00 2.97399148e+00
 8.16539475e+00 1.16570242e+00
 8.81490945e+00 -2.09732917e+00
 7.13772060e+00 -4.67938360e+00
 4.92377867e+00 -5.54441485e+00
 3.31607680e+00 -5.44983471e+00
 2.39361418e+00 -5.05995730e+00
 1.68890955e+00 -4.63663207e+00
 1.23854194e+00 -4.25589664e+00
 9.80189781e-01 -3.93141553e+00
 7.77815731e-01 -3.65878268e+00
 6.17747427e-01 -3.42967617e+00
 5.53885842e-01 -3.23605076e+00
 2.83641127e-01 -3.07115757e+00
 4.72940096e-01 -2.92959588e+00
 2.97713089e-01 -2.80710916e+00
 2.59301746e-01 -2.70034931e+00
 1.66027986e-01 -2.60667212e+00
 2.62027718e-01 -2.52397504e+00
 1.97612107e-01 -2.45057280e+00
 1.79821267e-01 -2.38510322e+00
 1.35179959e-01 -2.32645609e+00
 1.71904937e-01 -2.27371925e+00
 2.50722181e-01 -2.22613746e+00
 2.91057980e-02 -2.18308087e+00
 7.14975660e-02 -2.14402064e+00
 1.03934953e-01 -2.10850990e+00
 6.94111088e-02 -2.07616884e+00
 8.73284462e-02 -2.04667281e+00
 3.14794602e-02 -2.01974296e+00
 2.67868014e-02 -1.99513861e+00
 1.09676028e-01 -1.97265116e+00
 7.56365990e-02 -1.95209904e+00
 -4.44305687e-02 -1.93332369e+00
 8.96990685e-02 -1.91618615e+00
 5.10439963e-02 -1.90056430e+00
 -7.74086268e-03 -1.88635051e+00
 3.55015538e-02 -1.87344974e+00
 -4.22167059e-03 -1.86177787e+00
 9.39606198e-02 -1.85126035e+00
 7.36582228e-02 -1.84183102e+00
 -1.02341631e-03 -1.83343113e+00
 7.76340057e-02 -1.82600849e+00
 8.86330416e-02 -1.81951674e+00
 -3.98130022e-02 -1.81391475e+00
 9.21087493e-03 -1.80916607e+00
 8.27619777e-02 -1.80523847e+00
 5.53746239e-02 -1.80210357e+00
 1.39621561e-02 -1.79973646e+00
 -1.75403741e-02 -1.79811543e+00
 -5.96850002e-02 -1.79722172e+00
 8.14453238e-02 -1.79703928e+00
 3.92288157e-02 -1.79755461e+00
 -4.70199347e-02 -1.79875657e+00
 4.17282674e-02 -1.80063627e+00
 3.88640030e-02 -1.80318695e+00
 -7.54434213e-02 -1.80640387e+00
 4.08447614e-02 -1.81028425e+00
 -2.85247693e-02 -1.81482721e+00
 -9.66403112e-03 -1.82003373e+00
 -6.91637369e-03 -1.82590658e+00
 -8.32108060e-02 -1.83245036e+00
 -3.49496939e-02 -1.83967148e+00
 6.63587877e-02 -1.84757814e+00
 -6.66162026e-02 -1.85618039e+00
 -1.75030368e-02 -1.86549013e+00
 -3.49399959e-02 -1.87552120e+00
 -1.17688703e-02 -1.88628942e+00
 1.23765101e-03 -1.89781264e+00
 -5.11444208e-02 -1.91011088e+00
 -1.21496844e-01 -1.92320642e+00
 -1.63016489e-02 -1.93712391e+00
 -3.48296329e-02 -1.95189051e+00
 -4.57388394e-02 -1.96753607e+00
 -1.60389275e-02 -1.98409331e+00
 -7.73316041e-03 -2.00159802e+00
 4.20847906e-02 -2.02008931e+00
 -5.69996682e-02 -2.03960986e+00
 1.31937393e-02 -2.06020622e+00
 -7.50254997e-02 -2.08192916e+00
 -1.25723225e-02 -2.10483405e+00
 -1.34084102e-01 -2.12898127e+00
 -1.36547427e-01 -2.15443674e+00
 -4.35030525e-02 -2.18127242e+00
 -1.28656565e-01 -2.20956695e+00
 -1.13428681e-01 -2.23940636e+00
 -1.27895901e-01 -2.27088490e+00
 -4.25084521e-02 -2.30410589e+00
 -9.25293272e-02 -2.33918285e+00
 -1.02662314e-01 -2.37624062e+00
 -1.14500275e-01 -2.41541680e+00
 -2.41094065e-02 -2.45686330e+00
 -2.22619386e-01 -2.50074816e+00
 -1.56801468e-01 -2.54725775e+00
 -8.61381748e-02 -2.59659913e+00
 -2.11940522e-01 -2.64900305e+00
 -1.63555824e-01 -2.70472723e+00
 -1.27349331e-01 -2.76406041e+00
 -2.73008021e-01 -2.82732704e+00
 -1.76437983e-01 -2.89489281e+00
 -2.27736756e-01 -2.96717138e+00
 -2.91473731e-01 -3.04463227e+00
 -1.55249301e-01 -3.12781054e+00
 -2.33795420e-01 -3.21731834e+00
 -2.32148831e-01 -3.31385914e+00
 -2.47901385e-01 -3.41824502e+00
 -3.00485522e-01 -3.53141809e+00
 -3.20048174e-01 -3.65447701e+00
 -3.39188193e-01 -3.78871018e+00
 -3.85920947e-01 -3.93563738e+00
 -4.73535068e-01 -4.09706275e+00
 -4.79326569e-01 -4.27514220e+00
 -6.08515805e-01 -4.47247025e+00
 -6.65173970e-01 -4.69219241e+00
 -6.97738838e-01 -4.93815150e+00
 -8.19664457e-01 -5.21507918e+00
 -9.30765387e-01 -5.52884658e+00
 -1.05743158e+00 -5.88679102e+00
 -1.27027541e+00 -6.29813436e+00
 -1.49216247e+00 -6.77449644e+00
 -1.86844579e+00 -7.33045876e+00
 -2.26667186e+00 -7.98398530e+00
 -2.84547610e+00 -8.75607146e+00
 -3.71583707e+00 -9.66772436e+00
 -4.92349281e+00 -1.07286611e+01
 -6.68869814e+00 -1.19011824e+01
 -9.55878572e+00 -1.29921627e+01
 -1.38255381e+01 -1.33625087e+01
 -1.96679963e+01 -1.14013261e+01
 -2.47858288e+01 -4.98109870e+00
 -2.44960485e+01 4.20976228e+00
 -1.93097979e+01 1.03338569e+01
 -1.35607018e+01 1.20853436e+01
 -9.33662306e+00 1.16403206e+01
 -6.62564460e+00 1.05358785e+01
 -4.85106241e+00 9.36929264e+00
 -3.73711442e+00 8.31844454e+00
 -2.91763056e+00 7.41631466e+00
 -2.30878549e+00 6.65201018e+00
 -1.80812210e+00 6.00445210e+00
 -1.58532976e+00 5.45287123e+00
 -1.32238657e+00 4.97957164e+00
 -1.14431043e+00 4.57020823e+00
 -1.00849095e+00 4.21335161e+00
 -7.88434330e-01 3.89992823e+00
 -7.62067858e-01 3.62271488e+00
 -6.72215744e-01 3.37592788e+00
 -5.29650728e-01 3.15490277e+00
 -5.82198777e-01 2.95584848e+00
 -4.39657176e-01 2.77565952e+00
 -4.25278676e-01 2.61177240e+00
 -3.49050260e-01 2.46205527e+00
 -3.96553408e-01 2.32472265e+00
 -3.59417433e-01 2.19826914e+00
 -2.56264102e-01 2.08141736e+00
 -2.54053193e-01 1.97307692e+00
 -2.55998972e-01 1.87231178e+00
 -2.71309451e-01 1.77831408e+00
 -2.03982000e-01 1.69038306e+00
 -1.54958617e-01 1.60790799e+00
 -1.43319092e-01 1.53035414e+00
 -2.55568331e-01 1.45725133e+00
 -7.44298991e-02 1.38818442e+00
 -1.80410764e-01 1.32278545e+00
 -1.23999045e-01 1.26072706e+00
 -1.56012293e-01 1.20171692e+00
 -1.31738338e-01 1.14549313e+00
 -1.19655259e-01 1.09182021e+00
 -1.26398863e-01 1.04048577e+00
 -7.26953836e-02 9.91297669e-01
 -1.33149276e-02 9.44081477e-01
 -1.03526529e-01 8.98678410e-01
 -1.27747859e-01 8.54943471e-01
 -1.80682358e-01 8.12743864e-01
 -7.77367465e-02 7.71957596e-01
 -8.65132287e-02 7.32472273e-01
 -5.67120124e-02 6.94184026e-01
 -1.26167035e-01 6.56996578e-01
 -5.92925418e-02 6.20820411e-01
 1.79750237e-03 5.85572033e-01
 -9.59207347e-02 5.51173317e-01
 -1.33172541e-01 5.17550922e-01
 -1.20143985e-01 4.84635761e-01
 -1.57723835e-01 4.52362527e-01
 -7.89675320e-02 4.20669266e-01
 -1.15522497e-01 3.89496982e-01
 -1.02882285e-01 3.58789281e-01
 -2.73062708e-02 3.28492039e-01
 -1.18013804e-01 2.98553097e-01
 3.91229355e-03 2.68921978e-01
 -3.46058534e-02 2.39549614e-01
 -6.82631799e-02 2.10388097e-01
 -9.60944460e-02 1.81390434e-01
 -1.40559065e-01 1.52510317e-01
 -5.78043916e-02 1.23701890e-01
 7.30179038e-03 9.49195319e-02
 -3.66688267e-02 6.61176344e-02
 -6.35937948e-02 3.72503787e-02
 -6.84317488e-02 8.27151345e-03
 -1.38355381e-01 -2.08658740e-02
 -5.40406795e-02 -5.02095934e-02
 -6.79956516e-02 -7.98085971e-02
 -1.64789401e-01 -1.09713238e-01
 -7.42056592e-02 -1.39975540e-01
 -1.75214618e-02 -1.70649496e-01
 1.44824470e-02 -2.01791371e-01
 -6.99543558e-02 -2.33460051e-01
 -1.35536225e-01 -2.65717405e-01
 2.81015775e-02 -2.98628696e-01
 -7.50941703e-02 -3.32263020e-01
 -3.84042901e-02 -3.66693804e-01
 -1.31281315e-01 -4.01999355e-01
 -9.34881445e-03 -4.38263470e-01
 -2.46450648e-02 -4.75576127e-01
 -1.73811352e-01 -5.14034258e-01
 -2.15331766e-01 -5.53742627e-01
 -1.06191055e-01 -5.94814824e-01
 -9.04491780e-02 -6.37374398e-01
 -1.44117254e-01 -6.81556157e-01
 -1.50532526e-01 -7.27507650e-01
 -2.34150166e-02 -7.75390891e-01
 -1.17096369e-01 -8.25384336e-01
 -1.72967678e-01 -8.77685192e-01
 -1.52578057e-01 -9.32512099e-01
 -2.02537733e-01 -9.90108283e-01
 -1.79254370e-01 -1.05074525e+00
 -1.59303805e-01 -1.11472714e+00
 -2.72843187e-01 -1.18239595e+00
 -2.67610935e-01 -1.25413766e+00
 -2.59630873e-01 -1.33038968e+00
 -2.00240183e-01 -1.41164971e+00
 -2.81555943e-01 -1.49848661e+00
 -1.87744809e-01 -1.59155345e+00
 -3.61253897e-01 -1.69160370e+00
 -3.88147937e-01 -1.79951101e+00
 -3.60057410e-01 -1.91629386e+00
 -4.21993607e-01 -2.04314628e+00
 -4.79236088e-01 -2.18147651e+00
 -4.72158844e-01 -2.33295589e+00
 -5.08719909e-01 -2.49958119e+00
 -5.43623383e-01 -2.68375451e+00
 -7.01486058e-01 -2.88838634e+00
 -7.54543854e-01 -3.11702902e+00
 -7.28450910e-01 -3.37404981e+00
 -8.55177406e-01 -3.66485455e+00
 -1.05347893e+00 -3.99617318e+00
 -1.21087785e+00 -4.37641243e+00
 -1.51009027e+00 -4.81605915e+00
 -1.76234930e+00 -5.32804863e+00
 -2.24793376e+00 -5.92781675e+00
 -2.94921593e+00 -6.63220749e+00
 -3.70700022e+00 -7.45487079e+00
 -4.82035312e+00 -8.39143368e+00
 -6.61839311e+00 -9.37556683e+00
 -9.36329396e+00 -1.01566236e+01
 -1.34090722e+01 -1.00085180e+01
 -1.85333998e+01 -7.38483436e+00
 -2.19403679e+01 -1.01851003e+00
 -2.04427031e+01 6.46434506e+00
 -1.56986353e+01 1.07739343e+01
 -1.10906853e+01 1.18076539e+01
 -7.85706839e+00 1.13164271e+01
 -5.67659132e+00 1.03778024e+01
 -4.20299108e+00 9.40814884e+00
 -3.17526874e+00 8.53431103e+00
 -2.43274566e+00 7.78035784e+00
 -1.96493859e+00 7.13800246e+00
 -1.71416531e+00 6.59099477e+00
 -1.44350689e+00 6.12306655e+00
 -1.20998510e+00 5.72016554e+00
 -9.15483985e-01 5.37076763e+00
 -8.74807665e-01 5.06560064e+00
 -8.37195543e-01 4.79724192e+00
 -6.80739056e-01 4.55974007e+00
 -6.64436082e-01 4.34830034e+00
 -5.69226730e-01 4.15903511e+00
 -4.93751624e-01 3.98877000e+00
 -5.11264434e-01 3.83489414e+00
 -4.10578178e-01 3.69524469e+00
 -2.81610729e-01 3.56801751e+00
 -2.96217579e-01 3.45169756e+00
 -3.37447735e-01 3.34500454e+00
 -2.46989477e-01 3.24685002e+00
 -2.12765784e-01 3.15630346e+00
 -1.77570019e-01 3.07256503e+00
 -2.15653304e-01 2.99494385e+00
 -1.75662946e-01 2.92284031e+00
 -2.25071827e-01 2.85573172e+00
 -2.28069008e-01 2.79316053e+00
 -1.41058417e-01 2.73472468e+00
 -1.29143448e-01 2.68006954e+00
 -7.55700977e-02 2.62888125e+00
 -8.86784183e-02 2.58088115e+00
 -1.00145989e-01 2.53582105e+00
 -3.99721814e-02 2.49347932e+00
 -4.58668303e-02 2.45365745e+00
 -1.37433498e-01 2.41617727e+00
 -1.63243127e-01 2.38087848e+00
 -4.60965339e-02 2.34761650e+00
 -1.37510846e-01 2.31626076e+00
 -2.11462237e-02 2.28669306e+00
 9.30881334e-04 2.25880626e+00
 -1.42049998e-01 2.23250310e+00
 -1.97800483e-02 2.20769516e+00
 -1.71307797e-01 2.18430202e+00
 -1.36418069e-01 2.16225041e+00
 -4.33316294e-03 2.14147358e+00
 -7.96752656e-02 2.12191067e+00
 -1.31290973e-01 2.10350619e+00
 -3.75061915e-02 2.08620955e+00
 -1.40573671e-01 2.06997466e+00
 -7.59918819e-02 2.05475956e+00
 -2.84900503e-02 2.04052608e+00
 -1.20529675e-02 2.02723961e+00
 -5.16149819e-02 2.01486878e+00
 -5.46664719e-02 2.00338531e+00
 -3.16060218e-02 1.99276378e+00
 6.22037215e-02 1.98298145e+00
 -7.75999828e-02 1.97401816e+00
 -3.77258385e-02 1.96585618e+00
 -9.61620060e-02 1.95848009e+00
 -4.88040594e-02 1.95187671e+00
 2.50808821e-02 1.94603504e+00
 -6.61023387e-02 1.94094616e+00
 -6.80879856e-02 1.93660324e+00
 -5.67439510e-02 1.93300149e+00
 2.67416918e-02 1.93013812e+00
 8.50803820e-02 1.92801241e+00
 3.12859060e-02 1.92662566e+00
 -1.23055398e-02 1.92598126e+00
 -3.58344556e-02 1.92608472e+00
 -9.41042874e-02 1.92694374e+00
 -1.82131144e-02 1.92856831e+00
 9.59757101e-02 1.93097077e+00
 5.35382146e-02 1.93416596e+00
 3.18727754e-02 1.93817136e+00
 3.59066764e-02 1.94300726e+00
 -2.14786512e-02 1.94869694e+00
 1.63109972e-02 1.95526691e+00
 3.96605264e-04 1.96274718e+00
 2.17638304e-02 1.97117153e+00
 1.88463526e-02 1.98057789e+00
 1.73762786e-02 1.99100872e+00
 3.85090956e-02 2.00251149e+00
 8.26893613e-02 2.01513917e+00
 9.44068587e-02 2.02895089e+00
 1.91736149e-02 2.04401260e+00
 1.00559996e-01 2.06039790e+00
 1.42740199e-01 2.07818898e+00
 9.60682166e-02 2.09747774e+00
 6.29240971e-02 2.11836705e+00
 5.89859960e-02 2.14097225e+00
 1.45538106e-01 2.16542290e+00
 9.03717074e-02 2.19186491e+00
 5.17889963e-02 2.22046290e+00
 4.83000964e-02 2.25140323e+00
 7.45513636e-02 2.28489741e+00
 1.73743143e-01 2.32118629e+00
 1.43673841e-01 2.36054513e+00
 8.71825709e-02 2.40328968e+00
 1.87882479e-01 2.44978363e+00
 1.33517164e-01 2.50044771e+00
 2.24509584e-01 2.55577096e+00
 2.81216905e-01 2.61632465e+00
 2.73776913e-01 2.68277963e+00
 1.65927091e-01 2.75592825e+00
 3.90309911e-01 2.83671189e+00
 4.05475554e-01 2.92625607e+00
 3.37361795e-01 3.02591530e+00
 3.88036575e-01 3.13733060e+00
 3.71438694e-01 3.26250347e+00
 5.33041127e-01 3.40389083e+00
 4.60593692e-01 3.56452558e+00
 6.59176088e-01 3.74816630e+00
 7.69526674e-01 3.95947280e+00
 8.59179439e-01 4.20418483e+00
 1.10276699e+00 4.48922556e+00
 1.30913845e+00 4.82250170e+00
 1.73541576e+00 5.21176762e+00
 2.12843635e+00 5.66081745e+00
 2.94936837e+00 6.15825489e+00
 4.02120862e+00 6.64618103e+00
 5.60597608e+00 6.93927026e+00
 7.90370713e+00 6.56063484e+00
 1.04339559e+01 4.67440328e+00
 1.17289010e+01 1.02482524e+00
 1.04374485e+01 -2.59151224e+00
 7.87486528e+00 -4.42686093e+00
 5.61753147e+00 -4.77839654e+00
 4.08981562e+00 -4.47638162e+00
 2.90278357e+00 -3.98685775e+00
 2.19596386e+00 -3.48987818e+00
 1.68213925e+00 -3.04140912e+00
 1.45526576e+00 -2.65223902e+00
 1.00361660e+00 -2.31843081e+00
 8.75288650e-01 -2.03223700e+00
 7.45153465e-01 -1.78579791e+00
 6.59495412e-01 -1.57224117e+00
 5.52365257e-01 -1.38587077e+00
 4.37474809e-01 -1.22206172e+00
 5.18384616e-01 -1.07708208e+00
 3.58556308e-01 -9.47918875e-01
 4.30311751e-01 -8.32129798e-01
 2.95004532e-01 -7.27723777e-01
 2.82245500e-01 -6.33066973e-01
 2.08316828e-01 -5.46809498e-01
 2.77529421e-01 -4.67828398e-01
 2.09892147e-01 -3.95183202e-01
 1.28518718e-01 -3.28081133e-01
 1.95869712e-01 -2.65849729e-01
 2.61975611e-01 -2.07915166e-01
 2.07002873e-01 -1.53784991e-01
 1.95162272e-01 -1.03034281e-01
 1.58204175e-01 -5.52944740e-02
 1.12419443e-01 -1.02443025e-02
 5.24269987e-02 3.23976120e-02
 1.82267152e-01 7.28788400e-02
 1.38961329e-01 1.11418169e-01
 5.48355963e-02 1.48209777e-01
 8.74644358e-02 1.83426717e-01
 8.93045500e-02 2.17223839e-01
 5.33156008e-02 2.49740257e-01
 1.39311065e-01 2.81101438e-01
 5.27022713e-02 3.11420978e-01
 2.46011439e-02 3.40802123e-01
 1.51273475e-01 3.69339071e-01
 5.21052659e-02 3.97118102e-01
 8.30403691e-02 4.24218546e-01
 1.22646347e-01 4.50713635e-01
 1.80412805e-02 4.76671240e-01
 -3.44099475e-02 5.02154524e-01
 -5.73442231e-02 5.27222507e-01
 1.58048375e-01 5.51930581e-01
 8.31467180e-02 5.76330952e-01
 1.03010199e-01 6.00473050e-01
 4.02708279e-02 6.24403884e-01
 4.53907514e-02 6.48168373e-01
 8.30542334e-02 6.71809645e-01
 4.86863528e-02 6.95369303e-01
 1.76221784e-02 7.18887683e-01
 5.45583507e-02 7.42404083e-01
 9.25286715e-02 7.65956983e-01
 3.15268392e-02 7.89584248e-01
 4.73481191e-02 8.13323332e-01
 6.94819069e-02 8.37211459e-01
 1.80227723e-01 8.61285812e-01
 1.16722726e-02 8.85583709e-01
 2.31629859e-02 9.10142789e-01
 1.51125455e-01 9.35001184e-01
 6.94002153e-02 9.60197701e-01
 1.11342503e-01 9.85772014e-01
 1.50443971e-01 1.01176484e+00
 1.10073000e-01 1.03821817e+00
 1.32170493e-01 1.06517541e+00
 4.99770940e-02 1.09268169e+00
 1.52610738e-01 1.12078403e+00
 7.63724889e-02 1.14953160e+00
 1.38201310e-01 1.17897602e+00
 7.64666761e-02 1.20917164e+00
 5.26113928e-02 1.24017581e+00
 3.59029449e-02 1.27204930e+00
 1.09220378e-01 1.30485664e+00
 1.70043984e-01 1.33866655e+00
 1.05706038e-01 1.37355240e+00
 1.38735624e-01 1.40959273e+00
 8.96391143e-02 1.44687184e+00
 1.75190014e-01 1.48548042e+00
 1.63249607e-01 1.52551627e+00
 1.58994596e-01 1.56708512e+00
 9.84146086e-02 1.61030158e+00
 9.37504455e-02 1.65529014e+00
 1.62322594e-01 1.70218636e+00
 1.04759684e-01 1.75113826e+00
 1.30018152e-01 1.80230782e+00
 2.01734940e-01 1.85587277e+00
 1.19610740e-01 1.91202863e+00
 2.48063783e-01 1.97099107e+00
 1.83311023e-01 2.03299862e+00
 1.64798596e-01 2.09831588e+00
 3.66292598e-01 2.16723720e+00
 2.74080817e-01 2.24009104e+00
 1.85212565e-01 2.31724510e+00
 2.48734406e-01 2.39911234e+00
 2.27612328e-01 2.48615822e+00
 2.87138378e-01 2.57890924e+00
 2.37261872e-01 2.67796323e+00
 3.91702084e-01 2.78400177e+00
 3.47011487e-01 2.89780515e+00
 3.96979591e-01 3.02027070e+00
 4.35752802e-01 3.15243513e+00
 4.66546377e-01 3.29550218e+00
 4.65764169e-01 3.45087672e+00
 5.73638845e-01 3.62020742e+00
 5.90660142e-01 3.80544013e+00
 7.54047936e-01 4.00888524e+00
 6.61440791e-01 4.23330310e+00
 7.19534482e-01 4.48201260e+00
 9.32543477e-01 4.75902978e+00
 1.11893749e+00 5.06924429e+00
 1.23799958e+00 5.41864274e+00
 1.31981511e+00 5.81458635e+00
 1.53690686e+00 6.26614218e+00
 1.86676931e+00 6.78444258e+00
 2.43493166e+00 7.38297732e+00
 2.74429379e+00 8.07754008e+00
 3.49968897e+00 8.88507161e+00
 4.42642613e+00 9.81938282e+00
 5.75436764e+00 1.08784036e+01
 7.58850440e+00 1.20088489e+01
 1.04357653e+01 1.30130388e+01
 1.46096589e+01 1.33279604e+01
 2.00537739e+01 1.16673638e+01
 2.53899089e+01 6.25801292e+00
 2.68855233e+01 -2.41142313e+00
 2.29565895e+01 -9.81588551e+00
 1.72015140e+01 -1.31727343e+01
 1.23138224e+01 -1.36339724e+01
 8.88496980e+00 -1.28718438e+01
