 NaN NaN
 -2.75534924e-02 7.09162134e-01
 4.70388874e-02 7.09364951e-01
 -5.77344963e-02 7.09697192e-01
 -2.98160300e-02 7.10158286e-01
 -2.94143602e-03 7.10748122e-01
 2.20728550e-02 7.11466852e-01
 4.87595577e-02 7.12314824e-01
 -1.59653396e-02 7.13292546e-01
 1.14760061e-01 7.14400668e-01
 -4.99778326e-02 7.15639977e-01
 2.08723527e-02 7.17011391e-01
 8.12138117e-02 7.18515954e-01
 -1.59837627e-02 7.20154835e-01
 -4.15799602e-02 7.21929332e-01
 -1.38026759e-02 7.23840868e-01
 1.05624412e-01 7.25890995e-01
 -7.23802332e-02 7.28081397e-01
 -2.29819907e-02 7.30413891e-01
 4.10085489e-02 7.32890431e-01
 -4.66017370e-02 7.35513110e-01
 5.28024967e-03 7.38284165e-01
 5.65183665e-02 7.41205985e-01
 4.52186826e-02 7.44281107e-01
 4.53166184e-02 7.47512230e-01
 -1.11930854e-03 7.50902216e-01
 2.97865344e-02 7.54454098e-01
 -1.84846255e-02 7.58171084e-01
 3.88929553e-02 7.62056568e-01
 -6.22493637e-02 7.66114133e-01
 7.72881819e-03 7.70347563e-01
 -1.49397496e-02 7.74760851e-01
 6.35012971e-02 7.79358206e-01
 8.12962408e-02 7.84144066e-01
 4.96351706e-02 7.89123108e-01
 -1.77488611e-02 7.94300258e-01
 -3.07140809e-02 7.99680704e-01
 -6.35921432e-03 8.05269912e-01
 -5.24290378e-02 8.11073635e-01
 -5.92143242e-03 8.17097935e-01
 -1.05890801e-03 8.23349191e-01
 2.61248135e-02 8.29834125e-01
 -5.17936944e-02 8.36559816e-01
 2.55678673e-02 8.43533719e-01
 1.36830839e-02 8.50763691e-01
 -2.64458920e-02 8.58258011e-01
 -3.65442370e-02 8.66025409e-01
 -4.36998010e-03 8.74075086e-01
 2.54213706e-02 8.82416752e-01
 -1.52378226e-02 8.91060650e-01
 3.40344809e-02 9.00017593e-01
 6.45618563e-02 9.09299003e-01
 1.41680186e-02 9.18916947e-01
 3.85766609e-02 9.28884178e-01
 5.51953117e-02 9.39214190e-01
 7.28632374e-02 9.49921257e-01
 3.32240387e-02 9.61020498e-01
 -4.41336905e-02 9.72527928e-01
 4.31181425e-02 9.84460527e-01
 1.65793491e-01 9.96836310e-01
 -8.09089728e-02 1.00967440e+00
 -4.61845198e-02 1.02299512e+00
 5.78183720e-02 1.03682007e+00
 -1.12549636e-02 1.05117224e+00
 2.96834354e-02 1.06607611e+00
 -5.13665345e-02 1.08155778e+00
 -3.15921108e-02 1.09764508e+00
 7.05331343e-03 1.11436776e+00
 5.64949458e-03 1.13175759e+00
 -4.47665368e-02 1.14984858e+00
 1.42622711e-02 1.16867715e+00
 -6.18829744e-03 1.18828236e+00
 2.95215284e-02 1.20870615e+00
 -3.15893477e-02 1.22999359e+00
 -3.65545288e-02 1.25219318e+00
 2.58127133e-02 1.27535719e+00
 -4.03903364e-02 1.29954203e+00
 -1.49209743e-02 1.32480862e+00
 1.48727666e-02 1.35122292e+00
 4.47326583e-02 1.37885638e+00
 -2.82840824e-02 1.40778659e+00
 -2.35644169e-03 1.43809789e+00
 1.41225517e-02 1.46988214e+00
 5.46666264e-02 1.50323957e+00
 1.88742299e-02 1.53827975e+00
 2.41141093e-02 1.57512272e+00
 3.30575020e-02 1.61390020e+00
 5.45926753e-02 1.65475711e+00
 -3.10063508e-02 1.69785321e+00
 -4.12099404e-02 1.74336508e+00
 1.72825954e-01 1.79148835e+00
 9.44999763e-02 1.84244034e+00
 1.29390049e-01 1.89646316e+00
 5.09610652e-02 1.95382731e+00
 2.92480164e-02 2.01483599e+00
 1.64671918e-01 2.07983013e+00
 1.21560406e-01 2.14919450e+00
 4.44721292e-02 2.22336489e+00
 7.07374937e-02 2.30283691e+00
 5.08174910e-02 2.38817659e+00
 9.11719807e-02 2.48003324e+00
 1.04515367e-01 2.57915545e+00
 2.05940865e-02 2.68641065e+00
 7.86083646e-02 2.80280973e+00
 7.09285561e-02 2.92953787e+00
 1.09705926e-01 3.06799368e+00
 1.24488303e-01 3.21983953e+00
 4.85346578e-02 3.38706656e+00
 1.44772586e-01 3.57208008e+00
 1.63348487e-01 3.77781291e+00
 2.46591264e-01 4.00787802e+00
 2.58060965e-01 4.26677735e+00
 3.08601319e-01 4.56019228e+00
 3.57387143e-01 4.89539575e+00
 2.88938018e-01 5.28184941e+00
 3.68154610e-01 5.73209025e+00
 4.43241020e-01 6.26308407e+00
 5.18402349e-01 6.89835796e+00
 6.52487251e-01 7.67148600e+00
 8.71822097e-01 8.63203741e+00
 1.05645068e+00 9.85625581e+00
 1.37348750e+00 1.14674326e+01
 2.04472790e+00 1.36777080e+01
 3.04132188e+00 1.68815291e+01
 5.14759830e+00 2.18844088e+01
 1.07349451e+01 3.04704960e+01
 3.01865244e+01 4.51980838e+01
 9.62031809e+01 1.41392581e+01
 4.03065866e+01 -4.85422476e+01
 1.30938219e+01 -3.36775196e+01
 6.15240909e+00 -2.39507391e+01
 3.49936024e+00 -1.83854989e+01
 2.35228723e+00 -1.48874677e+01
 1.59000980e+00 -1.25079531e+01
 1.14052856e+00 -1.07916392e+01
 8.89838520e-01 -9.49813132e+00
 6.71144118e-01 -8.48979718e+00
 5.69227609e-01 -7.68254483e+00
 4.73507356e-01 -7.02223567e+00
 3.33896390e-01 -6.47249588e+00
 3.74453216e-01 -6.00800835e+00
 2.36111311e-01 -5.61062099e+00
 3.41473445e-01 -5.26698621e+00
 1.95750212e-01 -4.96707378e+00
 2.04219212e-01 -4.70320267e+00
 1.63569790e-01 -4.46939279e+00
 2.27098345e-01 -4.26091970e+00
 2.49361599e-01 -4.07400216e+00
 1.21385719e-01 -3.90557839e+00
 8.75009482e-02 -3.75314307e+00
 1.65414299e-01 -3.61462674e+00
 1.37553221e-01 -3.48830518e+00
 5.75697549e-02 -3.37273053e+00
 8.23827309e-02 -3.26667824e+00
 7.36466832e-02 -3.16910580e+00
 2.00380144e-02 -3.07912027e+00
 7.20568414e-02 -2.99595257e+00
 7.21721666e-03 -2.91893687e+00
 7.24622878e-02 -2.84749397e+00
 1.96567200e-02 -2.78111779e+00
 5.46991193e-02 -2.71936435e+00
 3.29987492e-02 -2.66184268e+00
 1.45378857e-01 -2.60820724e+00
 5.65981256e-02 -2.55815171e+00
 8.17099665e-02 -2.51140366e+00
 2.58745045e-03 -2.46772021e+00
 -3.32903129e-02 -2.42688420e+00
 2.52898019e-02 -2.38870109e+00
 -2.39299935e-02 -2.35299622e+00
 -4.11098571e-02 -2.31961246e+00
 6.48586534e-02 -2.28840830e+00
 4.49895378e-02 -2.25925604e+00
 2.42781835e-02 -2.23204038e+00
 2.35460732e-02 -2.20665710e+00
 7.52560037e-03 -2.18301195e+00
 8.34482140e-02 -2.16101967e+00
 -6.52013189e-02 -2.14060316e+00
 1.03004925e-02 -2.12169273e+00
 -7.56446333e-02 -2.10422544e+00
 -8.87799520e-03 -2.08814454e+00
 6.66979666e-02 -2.07339898e+00
 -3.89442317e-02 -2.05994298e+00
 3.40274453e-02 -2.04773562e+00
 -1.93197015e-02 -2.03674056e+00
 -7.49565895e-02 -2.02692570e+00
 -2.01036221e-02 -2.01826296e+00
 -3.54692511e-02 -2.01072809e+00
 -1.56299461e-03 -2.00430043e+00
 -3.70068739e-02 -1.99896281e+00
 -4.09424615e-02 -1.99470142e+00
 -4.14921581e-02 -1.99150570e+00
 6.35068375e-02 -1.98936827e+00
 -2.83542468e-03 -1.98828489e+00
 -1.19829977e-02 -1.98825444e+00
 -8.58261819e-02 -1.98927891e+00
 3.36256552e-02 -1.99136342e+00
 3.73992898e-02 -1.99451627e+00
 7.43059561e-02 -1.99874902e+00
 2.26545484e-02 -2.00407655e+00
 -4.24827638e-02 -2.01051723e+00
 2.91032319e-02 -2.01809301e+00
 -1.65798199e-04 -2.02682966e+00
 3.01985785e-02 -2.03675693e+00
 6.39458530e-02 -2.04790883e+00
 -1.12404689e-01 -2.06032393e+00
 -3.80003390e-02 -2.07404563e+00
 1.60791864e-02 -2.08912263e+00
 3.13573936e-02 -2.10560931e+00
 -3.29111980e-03 -2.12356626e+00
 7.50943780e-03 -2.14306085e+00
 -3.54408964e-02 -2.16416792e+00
 2.36877564e-02 -2.18697050e+00
 -1.04438143e-01 -2.21156073e+00
 3.90738954e-04 -2.23804085e+00
 -1.95512517e-02 -2.26652434e+00
 -3.13925068e-02 -2.29713729e+00
 6.25356934e-02 -2.33001995e+00
 -6.86262731e-02 -2.36532854e+00
 -1.21390751e-02 -2.40323732e+00
 -1.04717804e-01 -2.44394108e+00
 5.77230366e-02 -2.48765803e+00
 -1.20803748e-01 -2.53463317e+00
 -1.10907499e-01 -2.58514237e+00
 -2.08755901e-02 -2.63949709e+00
 -5.72360980e-02 -2.69805016e+00
 -1.58892080e-02 -2.76120261e+00
 -4.98975926e-02 -2.82941200e+00
 -1.03607236e-01 -2.90320250e+00
 -9.76001361e-02 -2.98317721e+00
 -1.09248991e-01 -3.07003340e+00
 -7.85803255e-02 -3.16458134e+00
 -1.09570237e-01 -3.26776786e+00
 -1.34866007e-01 -3.38070616e+00
 -1.30053931e-01 -3.50471362e+00
 -1.29133572e-01 -3.64136051e+00
 -1.69087884e-01 -3.79253329e+00
 -2.26676239e-01 -3.96051787e+00
 -3.15726129e-01 -4.14811050e+00
 -2.99853839e-01 -4.35876775e+00
 -2.17549641e-01 -4.59681226e+00
 -3.47062407e-01 -4.86772020e+00
 -3.61045180e-01 -5.17853052e+00
 -3.71666093e-01 -5.53844024e+00
 -5.04485287e-01 -5.95969157e+00
 -5.74720153e-01 -6.45893008e+00
 -7.82282559e-01 -7.05934929e+00
 -8.64489433e-01 -7.79419695e+00
 -1.08756578e+00 -8.71273886e+00
 -1.45054285e+00 -9.89085952e+00
 -2.00952711e+00 -1.14508077e+01
 -2.92044256e+00 -1.35995260e+01
 -4.64031749e+00 -1.67030056e+01
 -8.22220363e+00 -2.13946283e+01
 -1.74709491e+01 -2.81735007e+01
 -4.39810504e+01 -2.81372808e+01
 -5.54977949e+01 1.74846884e+01
 -2.33545893e+01 2.92779110e+01
 -1.02648329e+01 2.24357515e+01
 -5.56380330e+00 1.70932396e+01
 -3.37377443e+00 1.35768532e+01
 -2.31383019e+00 1.11789202e+01
 -1.57197715e+00 9.46178681e+00
 -1.19167251e+00 8.17928120e+00
 -8.78933017e-01 7.18812136e+00
 -7.69110888e-01 6.40068446e+00
 -6.40895002e-01 5.76083208e+00
 -4.73378341e-01 5.23110743e+00
 -5.37632642e-01 4.78563428e+00
 -3.05883064e-01 4.40599644e+00
 -3.14809593e-01 4.07874697e+00
 -2.92990289e-01 3.79384691e+00
 -3.21756349e-01 3.54365487e+00
 -2.39743757e-01 3.32225450e+00
 -2.01975785e-01 3.12499537e+00
 -2.22575462e-01 2.94817267e+00
 -1.76172174e-01 2.78879912e+00
 -2.06533198e-01 2.64443974e+00
 -1.98977920e-01 2.51309009e+00
 -1.85950888e-01 2.39308538e+00
 -1.88678461e-01 2.28303156e+00
 -1.19665263e-01 2.18175250e+00
 -1.60052569e-01 2.08824907e+00
 -8.94656611e-02 2.00166710e+00
 -5.23827137e-02 1.92127200e+00
 -7.27257298e-02 1.84642860e+00
 -9.24549416e-02 1.77658483e+00
 -9.46670127e-02 1.71125856e+00
 -5.27359016e-02 1.65002691e+00
 -9.73506062e-02 1.59251734e+00
 -5.49614758e-02 1.53840038e+00
 -2.06998333e-01 1.48738359e+00
 -6.08150469e-02 1.43920643e+00
 -1.26798711e-01 1.39363606e+00
 -1.04835510e-01 1.35046366e+00
 -9.89062941e-02 1.30950146e+00
 -1.60331659e-03 1.27058007e+00
 -6.93322154e-02 1.23354627e+00
 2.50462626e-02 1.19826111e+00
 -1.92432327e-02 1.16459823e+00
 -3.82000553e-02 1.13244247e+00
 -2.62089904e-02 1.10168857e+00
 -2.64238506e-02 1.07224015e+00
 -4.44847376e-02 1.04400869e+00
 -1.08286709e-01 1.01691278e+00
 -3.28553891e-02 9.90877328e-01
 -5.13775911e-02 9.65832919e-01
 -2.68615293e-02 9.41715269e-01
 -5.43329970e-02 9.18464697e-01
 -1.03784909e-01 8.96025678e-01
 -8.63915634e-02 8.74346432e-01
 -2.87440161e-02 8.53378568e-01
 2.22217963e-02 8.33076752e-01
 3.29809008e-02 8.13398414e-01
 6.50932137e-02 7.94303481e-01
 -4.01845503e-02 7.75754134e-01
 8.47663302e-02 7.57714587e-01
 -3.50889045e-02 7.40150881e-01
 5.04049114e-02 7.23030703e-01
 -5.34229205e-02 7.06323208e-01
 -2.30302291e-02 6.89998859e-01
 1.06986873e-02 6.74029279e-01
 4.69095817e-02 6.58387106e-01
 2.62097347e-02 6.43045862e-01
 -6.13714701e-03 6.27979819e-01
 -6.79855506e-02 6.13163880e-01
 6.00400045e-02 5.98573459e-01
 3.96667856e-02 5.84184355e-01
 4.66894222e-02 5.69972643e-01
 4.32157643e-03 5.55914552e-01
 1.44006042e-02 5.41986346e-01
 2.57137500e-02 5.28164200e-01
 -4.09453983e-02 5.14424080e-01
 3.21560108e-02 5.00741602e-01
 7.46166209e-02 4.87091899e-01
 -1.93589035e-02 4.73449471e-01
 -4.99361754e-02 4.59788021e-01
 5.81036520e-02 4.46080287e-01
 -6.74356102e-02 4.32297846e-01
 5.12482181e-02 4.18410909e-01
 1.35488018e-02 4.04388085e-01
 -3.74227510e-03 3.90196124e-01
 -1.40078573e-01 3.75799616e-01
 -4.36701043e-02 3.61160671e-01
 -7.44058400e-02 3.46238532e-01
 7.87566187e-02 3.30989146e-01
 -7.53990925e-02 3.15364667e-01
 -2.24350612e-02 2.99312884e-01
 -2.64209489e-02 2.82776548e-01
 3.81462977e-02 2.65692594e-01
 -6.27917645e-02 2.47991225e-01
 -8.97041352e-02 2.29594827e-01
 -1.48522559e-01 2.10416687e-01
 -1.48168346e-02 1.90359460e-01
 8.53352581e-02 1.69313325e-01
 -1.03823116e-01 1.47153762e-01
 -7.99295070e-02 1.23738850e-01
 -3.37683661e-02 9.89059569e-02
 -1.22873057e-01 7.24676589e-02
 -3.23365677e-02 4.42066746e-02
 -2.44709767e-02 1.38695189e-02
 -1.24217954e-01 -1.88415144e-02
 -8.93333212e-02 -5.42785754e-02
 -3.27744406e-02 -9.28614281e-02
 6.83628104e-03 -1.35094603e-01
 -1.47936945e-01 -1.81590001e-01
 -1.77675465e-02 -2.33097084e-01
 -9.03163201e-02 -2.90543747e-01
 -2.44156962e-02 -3.55092551e-01
 -6.86826622e-02 -4.28219400e-01
 -1.46310186e-02 -5.11825745e-01
 -1.23340258e-01 -6.08401954e-01
 -5.61650364e-02 -7.21270800e-01
 -1.50796874e-01 -8.54959751e-01
 -2.38329715e-01 -1.01578651e+00
 -2.65478642e-01 -1.21280842e+00
 -3.48600886e-01 -1.45941099e+00
 -5.55311332e-01 -1.77604135e+00
 -6.67835703e-01 -2.19496498e+00
 -1.10540537e+00 -2.76807707e+00
 -1.70302726e+00 -3.57469783e+00
 -3.03246446e+00 -4.68139465e+00
 -6.32522284e+00 -5.59130215e+00
 -1.19219368e+01 -1.93746104e+00
 -9.58159061e+00 6.02718540e+00
 -4.34853392e+00 6.70775797e+00
 -2.32781259e+00 5.54369107e+00
 -1.39069425e+00 4.57253137e+00
 -9.01470573e-01 3.88251290e+00
 -6.76961216e-01 3.38735287e+00
 -3.99387537e-01 3.02044524e+00
 -3.60571034e-01 2.73984215e+00
 -2.37224202e-01 2.51931193e+00
 -2.43541197e-01 2.34199334e+00
 -2.28324806e-01 2.19668122e+00
 -1.26569344e-01 2.07568750e+00
 -4.16528136e-02 1.97358305e+00
 -1.44263662e-01 1.88643503e+00
 -1.91579484e-02 1.81132987e+00
 -1.43513572e-01 1.74606608e+00
 -7.66183374e-02 1.68895095e+00
 -1.31816689e-01 1.63866266e+00
 -1.22144775e-01 1.59415468e+00
 -7.20345221e-04 1.55458819e+00
 -8.52874558e-02 1.51928334e+00
 -4.99456073e-02 1.48768362e+00
 -6.41635736e-02 1.45932934e+00
 4.78885018e-02 1.43383770e+00
 -6.93989109e-02 1.41088755e+00
 -2.43384117e-02 1.39020765e+00
 -2.76166210e-02 1.37156752e+00
 -5.06671301e-02 1.35477025e+00
 -6.40302202e-02 1.33964673e+00
 3.14066375e-02 1.32605113e+00
 -1.29701095e-02 1.31385713e+00
 3.63565052e-02 1.30295501e+00
 1.24468096e-02 1.29324908e+00
 -9.84067854e-02 1.28465575e+00
 -4.71586056e-03 1.27710181e+00
 5.43105880e-02 1.27052303e+00
 -8.13662877e-02 1.26486304e+00
 -7.81782853e-03 1.26007228e+00
 -2.38044611e-02 1.25610726e+00
 1.00346205e-01 1.25292978e+00
 -2.37647069e-03 1.25050641e+00
 6.89173847e-02 1.24880793e+00
 -4.52316956e-02 1.24780894e+00
 -8.83758940e-02 1.24748745e+00
 -3.78021226e-02 1.24782463e+00
 -2.41672509e-02 1.24880449e+00
 -1.26535171e-01 1.25041365e+00
 -3.60771272e-02 1.25264119e+00
 4.91038437e-02 1.25547847e+00
 -2.30899634e-02 1.25891894e+00
 2.99557494e-02 1.26295810e+00
 1.04783911e-02 1.26759336e+00
 1.46879898e-02 1.27282399e+00
 -7.12159625e-02 1.27865102e+00
 2.16099089e-04 1.28507725e+00
 6.91653613e-02 1.29210717e+00
 -4.64094006e-02 1.29974697e+00
 2.29223642e-02 1.30800456e+00
 7.45302190e-02 1.31688950e+00
 9.54184878e-03 1.32641313e+00
 -6.23168160e-03 1.33658851e+00
 4.14761275e-02 1.34743052e+00
 -3.40113963e-02 1.35895591e+00
 4.91924662e-02 1.37118333e+00
 4.01847879e-02 1.38413350e+00
 -3.52976715e-02 1.39782923e+00
 2.09629320e-02 1.41229557e+00
 1.63147594e-02 1.42755994e+00
 9.05528330e-02 1.44365229e+00
 -6.56280458e-03 1.46060524e+00
 -2.27789703e-03 1.47845431e+00
 3.14656806e-02 1.49723811e+00
 3.20118942e-02 1.51699860e+00
 5.72139254e-02 1.53778134e+00
 1.50905256e-01 1.55963584e+00
 8.80436908e-02 1.58261584e+00
 4.07236642e-02 1.60677977e+00
 8.36353886e-02 1.63219114e+00
 -1.29415605e-03 1.65891903e+00
 2.16816218e-02 1.68703868e+00
 2.27072959e-02 1.71663209e+00
 -2.11798735e-02 1.74778873e+00
 -6.96559710e-02 1.78060637e+00
 6.69952211e-02 1.81519197e+00
 8.13639529e-02 1.85166274e+00
 1.85797410e-01 1.89014733e+00
 -2.75104444e-02 1.93078721e+00
 2.01266023e-02 1.97373822e+00
 7.48885986e-02 2.01917245e+00
 1.13939009e-01 2.06728025e+00
 6.07825544e-03 2.11827276e+00
 5.49200453e-02 2.17238469e+00
 1.50278931e-01 2.22987771e+00
 1.38194033e-01 2.29104432e+00
 1.05345750e-01 2.35621247e+00
 5.70118425e-02 2.42575105e+00
 1.34596441e-01 2.50007642e+00
 1.67224403e-01 2.57966017e+00
 2.62049109e-02 2.66503856e+00
 1.09802043e-01 2.75682389e+00
 1.33578286e-01 2.85571837e+00
 2.14031191e-01 2.96253111e+00
 1.24813322e-01 3.07819912e+00
 1.16953714e-01 3.20381349e+00
 2.63708463e-01 3.34065216e+00
 2.72314408e-01 3.49022141e+00
 2.87676407e-01 3.65430890e+00
 3.42296543e-01 3.83505209e+00
 2.43992166e-01 4.03502747e+00
 3.61910822e-01 4.25736836e+00
 3.42641709e-01 4.50592244e+00
 4.73526165e-01 4.78546534e+00
 5.33010576e-01 5.10199474e+00
 6.23401729e-01 5.46314209e+00
 6.78642960e-01 5.87875963e+00
 8.30902820e-01 6.36177430e+00
 8.64918025e-01 6.92945655e+00
 1.13133531e+00 7.60534976e+00
 1.37347827e+00 8.42227425e+00
 1.70865980e+00 9.42710979e+00
 2.24615680e+00 1.06885294e+01
 3.17066148e+00 1.23094237e+01
 4.42996850e+00 1.44452325e+01
 6.56736576e+00 1.73194534e+01
 1.07369742e+01 2.11528070e+01
 1.95484956e+01 2.54027869e+01
 3.76975977e+01 2.37786799e+01
 5.27556569e+01 -2.26836213e+00
 3.50320863e+01 -2.51593450e+01
 1.81068438e+01 -2.52644282e+01
 1.01340130e+01 -2.09662060e+01
 6.21096179e+00 -1.72641155e+01
 4.23917953e+00 -1.44999040e+01
 2.98001522e+00 -1.24412133e+01
 2.17806000e+00 -1.08737751e+01
 1.76494497e+00 -9.65022315e+00
 1.43868428e+00 -8.67298925e+00
 1.10559133e+00 -7.87676661e+00
 8.89686032e-01 -7.21682241e+00
 8.37346444e-01 -6.66173606e+00
 5.76333802e-01 -6.18890001e+00
 7.32924031e-01 -5.78168523e+00
 4.62181746e-01 -5.42761476e+00
 5.01711821e-01 -5.11715882e+00
 4.06796562e-01 -4.84292165e+00
 4.30062850e-01 -4.59908089e+00
 3.15593336e-01 -4.38099350e+00
 3.06141347e-01 -4.18491357e+00
 3.33929869e-01 -4.00778701e+00
 1.46286762e-01 -3.84709980e+00
 1.28565870e-01 -3.70076437e+00
 2.06261775e-01 -3.56703336e+00
 1.67712681e-01 -3.44443338e+00
 2.86585059e-01 -3.33171371e+00
 1.41633679e-01 -3.22780595e+00
 1.36580049e-01 -3.13179224e+00
 1.86063426e-01 -3.04287981e+00
 1.73807350e-01 -2.96038056e+00
 1.67713663e-01 -2.88369448e+00
 1.95935157e-01 -2.81229613e+00
 2.32347030e-02 -2.74572358e+00
 5.79770278e-02 -2.68356918e+00
 2.22936336e-02 -2.62547199e+00
 1.95908919e-01 -2.57111138e+00
 1.42461365e-01 -2.52020169e+00
 4.47918261e-04 -2.47248771e+00
 1.25913549e-01 -2.42774088e+00
 -5.30491629e-02 -2.38575598e+00
 4.23585887e-02 -2.34634842e+00
 1.55478727e-01 -2.30935178e+00
 1.04917442e-01 -2.27461581e+00
 4.61122861e-02 -2.24200463e+00
 -2.10655415e-02 -2.21139518e+00
 6.84445217e-02 -2.18267594e+00
 4.42614429e-02 -2.15574569e+00
 4.15191541e-02 -2.13051256e+00
 9.28245382e-02 -2.10689312e+00
 -9.35282824e-02 -2.08481159e+00
 1.98371861e-01 -2.06419919e+00
 2.28470416e-02 -2.04499349e+00
 -3.78754578e-02 -2.02713794e+00
 2.16034756e-02 -2.01058138e+00
 -2.81848500e-02 -1.99527764e+00
 5.68392576e-02 -1.98118517e+00
 6.43353767e-02 -1.96826676e+00
 2.90556577e-03 -1.95648922e+00
 -1.85663039e-02 -1.94582319e+00
 -5.59687985e-02 -1.93624294e+00
 -2.87894694e-03 -1.92772614e+00
 1.46355041e-02 -1.92025377e+00
 -5.66007298e-02 -1.91380999e+00
 -1.20764590e-03 -1.90838202e+00
 -7.88701575e-02 -1.90396008e+00
 -1.32855553e-02 -1.90053735e+00
 2.74943897e-02 -1.89810995e+00
 1.10285856e-01 -1.89667688e+00
 -2.91162894e-02 -1.89624010e+00
 -1.64697072e-02 -1.89680450e+00
 -5.94739331e-02 -1.89837803e+00
 -1.74943851e-02 -1.90097171e+00
 9.88108812e-03 -1.90459978e+00
 -9.21135610e-02 -1.90927983e+00
 3.56969289e-02 -1.91503293e+00
 1.69954409e-02 -1.92188385e+00
 5.64134583e-02 -1.92986128e+00
 -5.60230417e-02 -1.93899806e+00
 -1.03030468e-02 -1.94933156e+00
 -4.93622069e-02 -1.96090395e+00
 1.80770994e-02 -1.97376265e+00
 -3.77911833e-02 -1.98796079e+00
 6.32328762e-03 -2.00355774e+00
 -4.37219905e-02 -2.02061974e+00
 -8.50348313e-02 -2.03922058e+00
 -7.08052618e-02 -2.05944247e+00
 -4.85180317e-02 -2.08137692e+00
 -7.47778892e-04 -2.10512587e+00
 -2.95809273e-02 -2.13080294e+00
 -6.70847815e-02 -2.15853489e+00
 -2.85150206e-02 -2.18846335e+00
 -6.68571469e-02 -2.22074675e+00
 -7.93860936e-02 -2.25556275e+00
 -5.27483718e-02 -2.29311091e+00
 -8.08946299e-03 -2.33361601e+00
 -1.13041797e-01 -2.37733184e+00
 -8.34627491e-02 -2.42454591e+00
 -7.02160593e-02 -2.47558487e+00
 -1.31958704e-01 -2.53082128e+00
 -1.00564115e-01 -2.59068160e+00
 7.15761157e-03 -2.65565614e+00
 -2.21461783e-02 -2.72631108e+00
 -1.52280236e-01 -2.80330353e+00
 -1.09689734e-01 -2.88740016e+00
 -1.65231511e-01 -2.97950065e+00
 -2.85750648e-01 -3.08066740e+00
 -2.64217077e-01 -3.19216351e+00
 -2.29621305e-01 -3.31550194e+00
 -1.94665954e-01 -3.45250951e+00
 -2.66703275e-01 -3.60541167e+00
 -3.41119702e-01 -3.77694583e+00
 -3.28707085e-01 -3.97051504e+00
 -3.45053383e-01 -4.19039970e+00
 -4.24615423e-01 -4.44205367e+00
 -4.97452776e-01 -4.73252564e+00
 -5.43177598e-01 -5.07107000e+00
 -7.87197163e-01 -5.47004894e+00
 -9.44509697e-01 -5.94628996e+00
 -1.01020222e+00 -6.52316148e+00
 -1.47989541e+00 -7.23377123e+00
 -1.90810248e+00 -8.12581943e+00
 -2.58840024e+00 -9.26832387e+00
 -3.63714279e+00 -1.07573313e+01
 -5.54349577e+00 -1.26991402e+01
 -9.15661374e+00 -1.50441092e+01
 -1.63583427e+01 -1.65784207e+01
 -2.80935310e+01 -1.10901470e+01
 -3.05088422e+01 6.36323298e+00
 -1.89992512e+01 1.51890373e+01
 -1.05231898e+01 1.45003628e+01
 -6.29565821e+00 1.21553963e+01
 -4.03116073e+00 1.01007854e+01
 -2.82222792e+00 8.51283930e+00
 -2.01976942e+00 7.29679278e+00
 -1.49294607e+00 6.35112625e+00
 -1.25986775e+00 5.60083760e+00
 -9.94957549e-01 4.99387140e+00
 -8.30075081e-01 4.49417850e+00
 -5.96126305e-01 4.07642127e+00
 -5.84817759e-01 3.72243886e+00
 -5.76852896e-01 3.41894996e+00
 -4.27015325e-01 3.15605402e+00
 -4.18774482e-01 2.92623913e+00
 -3.61016881e-01 2.72371311e+00
 -2.14561905e-01 2.54394403e+00
 -2.80766814e-01 2.38333875e+00
 -2.49806294e-01 2.23901392e+00
 -2.29211300e-01 2.10863037e+00
 -1.47571087e-01 1.99027138e+00
 -1.46797728e-01 1.88235199e+00
 -1.35114001e-01 1.78355057e+00
 -9.50464694e-02 1.69275656e+00
 -1.08230535e-01 1.60903009e+00
 -2.47165314e-01 1.53157050e+00
 -6.15267255e-02 1.45969157e+00
 -4.05709334e-02 1.39280176e+00
 -3.52479236e-02 1.33038846e+00
 -9.55424047e-02 1.27200524e+00
 -6.63853829e-02 1.21726149e+00
 -5.10518186e-02 1.16581389e+00
 -6.18212871e-02 1.11735950e+00
 -5.60038439e-02 1.07162988e+00
 -6.09685895e-02 1.02838632e+00
 -9.89602664e-02 9.87415772e-01
 -1.42727393e-01 9.48527430e-01
 -8.98182661e-02 9.11549859e-01
 -9.58267265e-02 8.76328539e-01
 -6.28635165e-02 8.42723768e-01
 -4.84971975e-02 8.10608866e-01
 -7.71789830e-02 7.79868630e-01
 2.02436289e-02 7.50397997e-01
 -1.50711176e-02 7.22100884e-01
 -6.98014022e-02 6.94889177e-01
 -1.30327327e-02 6.68681851e-01
 -9.82139535e-02 6.43404195e-01
 -2.25847810e-02 6.18987132e-01
 -3.52091880e-02 5.95366615e-01
 -5.24411797e-02 5.72483098e-01
 -1.00849561e-01 5.50281057e-01
 -5.24345799e-02 5.28708573e-01
 -1.20846557e-02 5.07716949e-01
 -7.56749390e-02 4.87260369e-01
 -3.40247173e-02 4.67295592e-01
 -2.04353660e-02 4.47781669e-01
 -2.22275817e-02 4.28679693e-01
 1.06121595e-01 4.09952563e-01
 -1.99027352e-02 3.91564769e-01
 4.52958714e-02 3.73482190e-01
 -1.01883796e-02 3.55671915e-01
 -8.24059232e-02 3.38102059e-01
 1.83798242e-02 3.20741608e-01
 7.01480697e-03 3.03560249e-01
 -7.51557186e-02 2.86528230e-01
 -1.65458926e-01 2.69616202e-01
 -7.68647474e-02 2.52795080e-01
 -9.32554274e-02 2.36035899e-01
 -4.62291186e-02 2.19309664e-01
 -8.32783575e-02 2.02587213e-01
 2.90539260e-02 1.85839062e-01
 -1.43124549e-01 1.69035252e-01
 -7.30482700e-02 1.52145191e-01
 -3.93979087e-02 1.35137485e-01
 5.96565628e-02 1.17979757e-01
 -6.12903604e-02 1.00638457e-01
 -2.16794756e-02 8.30786541e-02
 1.20534414e-02 6.52638151e-02
 -1.41275629e-02 4.71555556e-02
 -2.80924442e-03 2.87133711e-02
 -1.59889924e-02 9.89433751e-03
 8.94027959e-03 -9.34722171e-03
 -7.31723252e-02 -2.90601088e-02
 -4.35608696e-02 -4.92966706e-02
 -6.78314619e-02 -7.01132721e-02
 -3.64227101e-02 -9.15708339e-02
 -6.11847355e-02 -1.13735444e-01
 -3.05529698e-02 -1.36679060e-01
 -9.03233778e-03 -1.60480313e-01
 8.79012774e-02 -1.85225436e-01
 -4.98666382e-02 -2.11009346e-01
 -5.88707774e-02 -2.37936894e-01
 2.71447694e-02 -2.66124335e-01
 -1.29919999e-01 -2.95701049e-01
 -4.17169355e-02 -3.26811579e-01
 -7.57219877e-02 -3.59618038e-01
 -1.25690419e-01 -3.94302993e-01
 -1.12025057e-01 -4.31072907e-01
 -8.35793404e-02 -4.70162301e-01
 -1.03568813e-01 -5.11838796e-01
 -1.17553677e-01 -5.56409264e-01
 -8.11675667e-02 -6.04227391e-01
 -1.59716506e-01 -6.55703033e-01
 -1.09748975e-01 -7.11313887e-01
 -1.11779353e-01 -7.71620154e-01
 -1.31601738e-01 -8.37283139e-01
 -1.34697958e-01 -9.09089058e-01
 -2.06689773e-01 -9.87979802e-01
 -1.53229356e-01 -1.07509315e+00
 -1.14287665e-01 -1.17181590e+00
 -2.23709406e-01 -1.27985497e+00
 -1.73258521e-01 -1.40133385e+00
 -3.36710814e-01 -1.53892514e+00
 -3.15783846e-01 -1.69603570e+00
 -3.32279156e-01 -1.87706909e+00
 -4.88552316e-01 -2.08780369e+00
 -5.20060752e-01 -2.33594544e+00
 -5.95760646e-01 -2.63194574e+00
 -8.23979670e-01 -2.99021519e+00
 -9.19256835e-01 -3.43089204e+00
 -1.39282916e+00 -3.98221058e+00
 -1.75622454e+00 -4.68266729e+00
 -2.63375173e+00 -5.57783947e+00
 -4.05432541e+00 -6.68556828e+00
 -6.69559487e+00 -7.80126892e+00
 -1.14601076e+01 -7.62677859e+00
 -1.68485744e+01 -2.34041037e+00
 -1.51561693e+01 6.32875194e+00
 -9.43029295e+00 9.30928429e+00
 -5.54818702e+00 8.73372764e+00
 -3.45724555e+00 7.56726914e+00
 -2.22983285e+00 6.53533612e+00
 -1.60113309e+00 5.71767784e+00
 -1.18078953e+00 5.07812940e+00
 -9.97718143e-01 4.57261407e+00
 -6.93315535e-01 4.16657015e+00
 -6.14599409e-01 3.83503530e+00
 -4.12722891e-01 3.56021079e+00
 -4.77242305e-01 3.32930326e+00
 -4.11706576e-01 3.13297916e+00
 -3.85205730e-01 2.96431419e+00
 -2.17636526e-01 2.81808539e+00
 -2.18134835e-01 2.69029070e+00
 -1.90913733e-01 2.57781852e+00
 -1.74999404e-01 2.47821705e+00
 -1.69733653e-01 2.38953062e+00
 -2.18775461e-01 2.31018183e+00
 -2.01447949e-02 2.23888533e+00
 -8.32535456e-02 2.17458401e+00
 -9.41812519e-02 2.11640103e+00
 4.27177706e-02 2.06360341e+00
 -2.34837458e-02 2.01557400e+00
 -1.91352216e-02 1.97178980e+00
 -6.09970127e-02 1.93180491e+00
 -8.02040660e-02 1.89523703e+00
 -1.31609548e-01 1.86175675e+00
 -8.09394287e-03 1.83107890e+00
 -9.42119841e-02 1.80295554e+00
 -9.19932838e-02 1.77717028e+00
 -4.49100417e-02 1.75353358e+00
 -5.51025836e-02 1.73187888e+00
 -1.68422052e-02 1.71205942e+00
 -5.68308688e-02 1.69394554e+00
 -4.81554229e-02 1.67742247e+00
 -7.81738614e-02 1.66238837e+00
 -4.64795823e-02 1.64875282e+00
 -6.50703026e-02 1.63643540e+00
 -5.38920192e-02 1.62536454e+00
 -6.61242592e-04 1.61547658e+00
 -7.49703526e-02 1.60671487e+00
 -4.88529507e-02 1.59902904e+00
 -3.50503262e-02 1.59237441e+00
 -6.45592584e-03 1.58671145e+00
 -7.07646538e-02 1.58200525e+00
 -3.46025241e-02 1.57822521e+00
 4.70833191e-02 1.57534461e+00
 -4.03085460e-02 1.57334036e+00
 -1.45549792e-01 1.57219272e+00
 2.59231779e-02 1.57188509e+00
 -3.41023530e-02 1.57240381e+00
 -2.71436598e-02 1.57373803e+00
 4.90554492e-02 1.57587952e+00
 -7.52352867e-03 1.57882264e+00
 -2.02839501e-02 1.58256418e+00
 6.66625939e-03 1.58710333e+00
 4.31612683e-02 1.59244164e+00
 2.92831812e-02 1.59858298e+00
 6.36882407e-03 1.60553351e+00
 -6.28393990e-03 1.61330173e+00
 4.81620921e-02 1.62189845e+00
 -8.41321739e-04 1.63133688e+00
 -7.97147927e-03 1.64163263e+00
 2.38631714e-02 1.65280384e+00
 1.04947048e-01 1.66487124e+00
 1.29418375e-01 1.67785826e+00
 -4.11752820e-02 1.69179119e+00
 -2.89317252e-02 1.70669927e+00
 2.40877725e-02 1.72261495e+00
 9.92432247e-02 1.73957403e+00
 7.97030542e-02 1.75761592e+00
 7.52648932e-02 1.77678388e+00
 -1.69549402e-02 1.79712537e+00
 4.30559224e-02 1.81869230e+00
 -3.30925539e-02 1.84154149e+00
 -4.04243484e-02 1.86573506e+00
 1.57933952e-01 1.89134095e+00
 1.06477738e-01 1.91843342e+00
 -2.98316780e-02 1.94709370e+00
 6.46812683e-02 1.97741072e+00
 1.10611925e-01 2.00948189e+00
 9.55454969e-02 2.04341399e+00
 -1.98562622e-02 2.07932427e+00
 1.08440475e-01 2.11734159e+00
 1.93849488e-01 2.15760783e+00
 5.91819418e-02 2.20027941e+00
 1.21190329e-01 2.24552916e+00
 6.36498476e-02 2.29354834e+00
 1.71064984e-01 2.34454914e+00
 4.10605675e-02 2.39876745e+00
 2.14118992e-01 2.45646620e+00
 1.75032170e-01 2.51793920e+00
 1.96023344e-01 2.58351572e+00
 2.37839603e-01 2.65356585e+00
 1.63393979e-01 2.72850697e+00
 1.20683812e-01 2.80881134e+00
 1.42417922e-01 2.89501536e+00
 1.96423542e-01 2.98773060e+00
 2.12097508e-01 3.08765732e+00
 1.27271120e-01 3.19560093e+00
 3.11169008e-01 3.31249225e+00
 1.67512276e-01 3.43941257e+00
 2.16244837e-01 3.57762502e+00
 2.93366031e-01 3.72861397e+00
 4.03699897e-01 3.89413499e+00
 3.92884682e-01 4.07627896e+00
 4.10252387e-01 4.27755485e+00
 5.13599836e-01 4.50099800e+00
 4.74115291e-01 4.75031317e+00
 6.32984558e-01 5.03006585e+00
 6.20421979e-01 5.34594142e+00
 7.22175267e-01 5.70510065e+00
 8.84921201e-01 6.11667434e+00
 1.04947962e+00 6.59246044e+00
 1.30528922e+00 7.14791896e+00
 1.52915107e+00 7.80360430e+00
 1.82877977e+00 8.58722956e+00
 2.32944340e+00 9.53658654e+00
 3.02217837e+00 1.07033886e+01
 3.90887046e+00 1.21570860e+01
 5.35847160e+00 1.39830547e+01
 7.89585277e+00 1.62494613e+01
 1.21354928e+01 1.88300617e+01
 1.99093844e+01 2.06183216e+01
 3.22714186e+01 1.69936886e+01
 4.12705704e+01 6.99723762e-01
 3.33521288e+01 -1.63515192e+01
 2.06238472e+01 -2.06656242e+01
 1.25960324e+01 -1.90499489e+01
 8.18103267e+00 -1.64776591e+01
 5.57391582e+00 -1.41879444e+01
 4.18308588e+00 -1.23377836e+01
 3.02030287e+00 -1.08644837e+01
 2.33083508e+00 -9.68264051e+00
 1.88043446e+00 -8.72183511e+00
 1.53203847e+00 -7.92943897e+00
 1.23866104e+00 -7.26695928e+00
 1.05082261e+00 -6.70617477e+00
 8.50124553e-01 -6.22616702e+00
 6.97728134e-01 -5.81121430e+00
 6.68256763e-01 -5.44932856e+00
 6.85777993e-01 -5.13123920e+00
 5.67328956e-01 -4.84968125e+00
 4.04346345e-01 -4.59889071e+00
 4.36463095e-01 -4.37424199e+00
 4.33258738e-01 -4.17198387e+00
 3.07138136e-01 -3.98904471e+00
 2.90319275e-01 -3.82288689e+00
 3.16175783e-01 -3.67139672e+00
 3.19602358e-01 -3.53280033e+00
 2.05112722e-01 -3.40559853e+00
 2.72173227e-01 -3.28851616e+00
 1.05329704e-01 -3.18046203e+00
 1.78051163e-01 -3.08049723e+00
 1.86824666e-01 -2.98780962e+00
 1.68159031e-01 -2.90169341e+00
 1.89788986e-01 -2.82153240e+00
 3.27626394e-02 -2.74678637e+00
 1.30346381e-01 -2.67697987e+00
 6.26462801e-02 -2.61169288e+00
 1.36378412e-01 -2.55055314e+00
 1.09361480e-01 -2.49322958e+00
 1.18530050e-01 -2.43942695e+00
 4.16460231e-02 -2.38888116e+00
 2.02811210e-01 -2.34135542e+00
 5.50342884e-02 -2.29663688e+00
 1.00251508e-01 -2.25453375e+00
 1.06131262e-01 -2.21487294e+00
 -5.66247463e-04 -2.17749787e+00
 6.00256692e-02 -2.14226667e+00
 4.81400917e-03 -2.10905063e+00
 1.45664328e-01 -2.07773277e+00
 6.09278161e-02 -2.04820669e+00
 7.15044257e-02 -2.02037549e+00
 -2.41336370e-02 -1.99415087e+00
 3.38776418e-02 -1.96945231e+00
 1.44113047e-01 -1.94620638e+00
 1.35894411e-02 -1.92434608e+00
 3.14487254e-02 -1.90381034e+00
 -1.73517024e-03 -1.88454350e+00
 1.00110142e-01 -1.86649487e+00
 -2.04235520e-02 -1.84961839e+00
 -1.20743429e-03 -1.83387228e+00
 3.78440905e-02 -1.81921874e+00
 1.57927854e-02 -1.80562370e+00
 6.76917708e-02 -1.79305658e+00
 8.38174293e-02 -1.78149012e+00
 -1.20375040e-02 -1.77090019e+00
 -2.72477883e-02 -1.76126567e+00
 1.33282600e-02 -1.75256830e+00
 3.12557825e-02 -1.74479258e+00
 -1.48063097e-02 -1.73792572e+00
 -3.52562399e-03 -1.73195757e+00
 3.56007795e-04 -1.72688055e+00
 3.23401435e-02 -1.72268967e+00
 -5.27672992e-02 -1.71938250e+00
 -2.31686654e-02 -1.71695919e+00
 -6.74802399e-02 -1.71542251e+00
 -2.34148688e-02 -1.71477790e+00
 -8.75569108e-03 -1.71503356e+00
 5.87544814e-02 -1.71620050e+00
 7.12515222e-02 -1.71829275e+00
 1.69986864e-02 -1.72132740e+00
 2.99693026e-02 -1.72532486e+00
 -6.23215245e-02 -1.73030905e+00
 1.01553681e-02 -1.73630761e+00
 -1.82908484e-02 -1.74335222e+00
 -4.58171385e-02 -1.75147891e+00
 -8.52963892e-02 -1.76072845e+00
 -2.87418343e-02 -1.77114679e+00
 1.85677849e-02 -1.78278554e+00
 -4.70179551e-03 -1.79570259e+00
 -9.93159955e-03 -1.80996275e+00
 -3.72260159e-02 -1.82563857e+00
 -1.64275843e-01 -1.84281118e+00
 -5.32413190e-02 -1.86157142e+00
 7.42691670e-03 -1.88202099e+00
 -4.27934671e-02 -1.90427391e+00
 -2.21330501e-02 -1.92845818e+00
 -1.31229605e-01 -1.95471776e+00
 -7.81653398e-03 -1.98321486e+00
 -7.82119428e-02 -2.01413271e+00
 1.11541731e-02 -2.04767881e+00
 -1.86322481e-02 -2.08408886e+00
 -6.43181432e-02 -2.12363144e+00
 -1.68574141e-01 -2.16661370e+00
 -2.15117995e-01 -2.21338827e+00
 -1.00747365e-01 -2.26436171e+00
 -1.89565416e-01 -2.32000490e+00
 -1.15200407e-01 -2.38086592e+00
 -2.35666543e-01 -2.44758619e+00
 -1.69332305e-01 -2.52092073e+00
 -1.82789970e-01 -2.60176389e+00
 -9.44850043e-02 -2.69118236e+00
 -2.55957682e-01 -2.79045779e+00
 -1.96434490e-01 -2.90114256e+00
 -2.15765983e-01 -3.02513339e+00
 -2.78535823e-01 -3.16476966e+00
 -3.27854469e-01 -3.32296629e+00
 -3.48353497e-01 -3.50339545e+00
 -3.88535364e-01 -3.71073797e+00
 -4.58767011e-01 -3.95103463e+00
 -6.72857069e-01 -4.23218078e+00
 -7.59067075e-01 -4.56462234e+00
 -1.03538571e+00 -4.96231918e+00
 -1.19981355e+00 -5.44400156e+00
 -1.71219232e+00 -6.03450594e+00
 -2.29303347e+00 -6.76496994e+00
 -3.13366385e+00 -7.66670625e+00
 -4.60579671e+00 -8.73798482e+00
 -7.05469543e+00 -9.80236378e+00
 -1.12146707e+01 -9.98810935e+00
 -1.68229961e+01 -6.68662096e+00
 -1.87469858e+01 1.54681352e+00
 -1.40818177e+01 7.70647386e+00
 -8.87072443e+00 8.86647133e+00
 -5.56559887e+00 8.06298577e+00
 -3.77733832e+00 6.95240323e+00
 -2.57091176e+00 5.95985804e+00
 -2.02657547e+00 5.14532725e+00
 -1.46016324e+00 4.48700632e+00
 -1.10392312e+00 3.95222708e+00
 -8.72392061e-01 3.51287835e+00
 -8.74104843e-01 3.14731953e+00
 -5.80982102e-01 2.83936408e+00
 -5.91176195e-01 2.57693357e+00
 -4.24464566e-01 2.35094646e+00
 -4.13051071e-01 2.15449643e+00
 -4.63038727e-01 1.98226495e+00
 -3.69082322e-01 1.83010430e+00
 -3.91130774e-01 1.69474033e+00
 -1.76268183e-01 1.57355880e+00
 -2.75999029e-01 1.46444991e+00
 -2.33973239e-01 1.36569404e+00
 -2.03411858e-01 1.27587668e+00
 -1.89178359e-01 1.19382432e+00
 -6.92192241e-02 1.11855569e+00
 -2.00776253e-01 1.04924425e+00
 -1.13303101e-01 9.85188994e-01
 -1.26856626e-01 9.25791650e-01
 -5.29554169e-02 8.70538536e-01
 -5.59805282e-02 8.18986160e-01
 -3.62550386e-02 7.70749616e-01
 -4.55575459e-02 7.25493193e-01
 -1.50198650e-01 6.82922723e-01
 -8.89598522e-02 6.42779296e-01
 -7.87633558e-02 6.04834073e-01
 -8.24690267e-02 5.68883980e-01
 -1.14291616e-01 5.34748112e-01
 -2.72861032e-02 5.02264713e-01
 8.99847228e-03 4.71288633e-01
 -1.05032091e-01 4.41689165e-01
 -1.42908700e-01 4.13348210e-01
 -8.43261496e-02 3.86158706e-01
 -6.65214168e-02 3.60023277e-01
 -5.83196550e-02 3.34853072e-01
 -1.03746868e-01 3.10566753e-01
 -6.72196445e-02 2.87089622e-01
 -2.76327853e-02 2.64352856e-01
 -4.65584837e-02 2.42292836e-01
 -9.87011250e-02 2.20850561e-01
 -3.69446846e-02 1.99971125e-01
 -4.48261200e-02 1.79603258e-01
 1.43600781e-02 1.59698913e-01
 1.57744798e-02 1.40212904e-01
 4.42625144e-02 1.21102571e-01
 -1.41123264e-01 1.02327486e-01
 -2.82269135e-02 8.38491817e-02
 -5.81176170e-02 6.56309057e-02
 -3.77043780e-02 4.76373950e-02
 -1.72024970e-02 2.98346673e-02
 -3.27397118e-03 1.21898264e-02
 -3.71910200e-02 -5.32911883e-03
 4.21956806e-02 -2.27534269e-02
 3.36916615e-02 -4.01137866e-02
 -5.10049899e-02 -5.74404748e-02
 -4.06146427e-02 -7.47635088e-02
 2.80622964e-02 -9.21127958e-02
 6.71449542e-04 -1.09518281e-01
 -5.85714168e-02 -1.27010097e-01
 4.59414424e-03 -1.44618709e-01
 -1.61290139e-02 -1.62375075e-01
 -5.54582620e-02 -1.80310793e-01
 -5.43406653e-02 -1.98458275e-01
 1.78636354e-02 -2.16850911e-01
 -2.23162282e-02 -2.35523253e-01
 -9.00894064e-02 -2.54511207e-01
 -6.88963286e-02 -2.73852243e-01
 -4.83065251e-02 -2.93585620e-01
 4.61994804e-02 -3.13752626e-01
 1.15116752e-02 -3.34396849e-01
 -1.79103312e-02 -3.55564469e-01
 -2.00706627e-02 -3.77304584e-01
 7.42458064e-04 -3.99669570e-01
 -1.72947512e-02 -4.22715486e-01
 -3.56675021e-02 -4.46502518e-01
 -7.88052853e-02 -4.71095494e-01
 -8.61205542e-02 -4.96564449e-01
 -9.97810800e-02 -5.22985277e-01
 -4.82514488e-02 -5.50440467e-01
 -5.30401342e-02 -5.79019941e-01
 -2.76192829e-02 -6.08822022e-01
 -9.17364060e-02 -6.39954536e-01
 -9.32597749e-02 -6.72536094e-01
 -1.12177855e-01 -7.06697572e-01
 -1.44022586e-01 -7.42583831e-01
 -8.06902510e-02 -7.80355732e-01
 -1.39869081e-01 -8.20192492e-01
 -1.50491252e-01 -8.62294467e-01
 -1.48984597e-01 -9.06886441e-01
 -7.54952777e-02 -9.54221537e-01
 -5.66484567e-02 -1.00458590e+00
 -2.13832342e-01 -1.05830430e+00
 -1.75930792e-01 -1.11574697e+00
 -3.88262104e-02 -1.17733780e+00
 -1.66247601e-01 -1.24356449e+00
 -1.15375351e-01 -1.31499097e+00
 -1.29048158e-01 -1.39227284e+00
 -1.67951657e-01 -1.47617662e+00
 -2.27879734e-01 -1.56760403e+00
 -1.68911195e-01 -1.66762283e+00
 -3.18586784e-01 -1.77750626e+00
 -3.36263842e-01 -1.89878408e+00
 -3.53198888e-01 -2.03330923e+00
 -2.89091562e-01 -2.18334571e+00
 -4.30179669e-01 -2.35168573e+00
 -5.03754837e-01 -2.54180755e+00
 -5.47102725e-01 -2.75809020e+00
 -6.53048710e-01 -3.00610827e+00
 -8.38791582e-01 -3.29303907e+00
 -9.60838750e-01 -3.62822459e+00
 -1.00995359e+00 -4.02393637e+00
 -1.23747479e+00 -4.49636801e+00
 -1.60499167e+00 -5.06674619e+00
 -2.13385447e+00 -5.76192027e+00
 -2.91103697e+00 -6.61185396e+00
 -4.14025366e+00 -7.63441692e+00
 -5.93359253e+00 -8.77224790e+00
 -9.17756119e+00 -9.65934325e+00
 -1.42632700e+01 -8.92748594e+00
 -1.95647802e+01 -3.71488211e+00
 -1.94623118e+01 5.07111629e+00
 -1.40150897e+01 1.01380062e+01
 -9.01003925e+00 1.07994061e+01
 -5.84273066e+00 9.90045827e+00
 -4.05622767e+00 8.76778089e+00
 -2.87310921e+00 7.75319792e+00
 -2.19870819e+00 6.91067500e+00
 -1.66993453e+00 6.22184505e+00
 -1.36050090e+00 5.65690699e+00
 -1.12018781e+00 5.18926605e+00
 -8.26993508e-01 4.79791408e+00
 -7.16511034e-01 4.46682341e+00
 -6.62687375e-01 4.18384430e+00
 -5.30507107e-01 3.93972375e+00
 -5.08985710e-01 3.72735008e+00
 -4.02909700e-01 3.54119774e+00
 -2.84767656e-01 3.37692506e+00
 -4.00235900e-01 3.23108281e+00
 -1.80424170e-01 3.10090178e+00
 -2.47848324e-01 2.98413667e+00
 -3.32711446e-01 2.87895005e+00
 -1.89227396e-01 2.78382536e+00
 -2.63255860e-01 2.69750090e+00
 -1.51046653e-01 2.61891918e+00
 -1.83168219e-01 2.54718786e+00
 -1.49417957e-01 2.48154918e+00
 -1.60025737e-01 2.42135586e+00
 -1.13946864e-01 2.36605199e+00
 -1.44785587e-01 2.31515776e+00
 -1.35982442e-01 2.26825709e+00
 -5.52932616e-02 2.22498760e+00
 7.55474360e-03 2.18503246e+00
 -4.18455705e-02 2.14811362e+00
 -4.55484989e-02 2.11398623e+00
 -7.54367702e-02 2.08243407e+00
 -8.37720949e-02 2.05326559e+00
 -1.07148055e-01 2.02631076e+00
 -5.11987301e-02 2.00141821e+00
 1.84162254e-02 1.97845303e+00
 -3.48753834e-02 1.95729469e+00
 1.96627605e-02 1.93783541e+00
 5.00219396e-02 1.91997871e+00
 -1.49620132e-02 1.90363813e+00
 2.47289157e-02 1.88873623e+00
 -2.00206091e-02 1.87520359e+00
 -1.15076038e-02 1.86297807e+00
 6.40186441e-03 1.85200407e+00
 -2.49189307e-02 1.84223199e+00
 -2.41791156e-02 1.83361762e+00
 -2.17233676e-02 1.82612179e+00
 -3.68661523e-03 1.81970989e+00
 -5.54396816e-02 1.81435156e+00
 3.21503389e-02 1.81002040e+00
 -2.14078771e-03 1.80669371e+00
 8.72008492e-03 1.80435229e+00
 -4.38209069e-02 1.80298020e+00
 -4.39075785e-02 1.80256468e+00
 8.78594441e-03 1.80309595e+00
 -1.72672452e-02 1.80456715e+00
 -4.28948916e-02 1.80697426e+00
 2.61062576e-02 1.81031602e+00
 1.01993116e-02 1.81459391e+00
 -1.09400160e-04 1.81981210e+00
 -1.27802483e-02 1.82597752e+00
 2.39668134e-03 1.83309981e+00
 -4.98730361e-02 1.84119141e+00
 2.87093307e-02 1.85026758e+00
 -3.17323493e-02 1.86034655e+00
 8.05098241e-03 1.87144954e+00
 1.78423012e-02 1.88360096e+00
 4.88546512e-02 1.89682851e+00
 3.23787563e-02 1.91116340e+00
 6.77404814e-02 1.92664053e+00
 7.21098236e-02 1.94329872e+00
 -6.45540414e-03 1.96118103e+00
 6.67151696e-02 1.98033501e+00
 6.15716737e-02 2.00081309e+00
 6.17466143e-02 2.02267299e+00
 2.62653005e-02 2.04597814e+00
 1.86732436e-02 2.07079823e+00
 1.20875966e-01 2.09720979e+00
 4.27052479e-03 2.12529684e+00
 1.01971666e-01 2.15515168e+00
 1.46822684e-01 2.18687573e+00
 1.58225943e-01 2.22058052e+00
 1.23276991e-01 2.25638882e+00
 4.93775284e-02 2.29443592e+00
 7.81573690e-02 2.33487114e+00
 3.94257723e-02 2.37785951e+00
 5.72261741e-02 2.42358374e+00
 9.86651191e-02 2.47224652e+00
 1.38498991e-01 2.52407316e+00
 7.76481024e-02 2.57931468e+00
 1.11289174e-01 2.63825145e+00
 4.65590093e-02 2.70119741e+00
 2.00746094e-01 2.76850514e+00
 1.85135088e-01 2.84057176e+00
 2.05192874e-01 2.91784607e+00
 2.25113742e-01 3.00083698e+00
 1.62061034e-01 3.09012376e+00
 2.81639462e-01 3.18636837e+00
 1.70186592e-01 3.29033045e+00
 1.95188804e-01 3.40288575e+00
 3.13052751e-01 3.52504874e+00
 3.14644894e-01 3.65800076e+00
 3.01169867e-01 3.80312511e+00
 3.68789059e-01 3.96205131e+00
 5.04834326e-01 4.13671127e+00
 4.35332714e-01 4.32941122e+00
 5.65727618e-01 4.54292470e+00
 6.07051741e-01 4.78061371e+00
 7.14875588e-01 5.04658838e+00
 7.98579022e-01 5.34591899e+00
 9.71611268e-01 5.68492049e+00
 1.01048123e+00 6.07153686e+00
 1.23574402e+00 6.51586342e+00
 1.29640187e+00 7.03085619e+00
 1.82884080e+00 7.63328435e+00
 2.07358391e+00 8.34496201e+00
 2.53150323e+00 9.19417890e+00
 3.22980073e+00 1.02168062e+01
 4.14146598e+00 1.14550288e+01
 5.70268294e+00 1.29464925e+01
 8.09637677e+00 1.46790191e+01
 1.18714851e+01 1.64267751e+01
 1.80002625e+01 1.72179241e+01
 2.70290896e+01 1.41476418e+01
 3.38508120e+01 3.35573969e+00
 3.07881094e+01 -1.00687878e+01
 2.18655554e+01 -1.63528601e+01
 1.43128213e+01 -1.67821148e+01
 9.59709059e+00 -1.52686921e+01
 6.68577337e+00 -1.34813889e+01
 4.82447460e+00 -1.18773196e+01
 3.69158830e+00 -1.05313672e+01
 2.84765086e+00 -9.41905957e+00
 2.25969789e+00 -8.49803392e+00
 1.87711226e+00 -7.72929196e+00
 1.55517294e+00 -7.08132205e+00
 1.36650985e+00 -6.52965373e+00
 1.10258897e+00 -6.05547034e+00
 9.57700755e-01 -5.64427180e+00
 7.55101908e-01 -5.28480306e+00
 7.06921996e-01 -4.96824566e+00
 7.03848514e-01 -4.68762030e+00
 4.97130743e-01 -4.43734725e+00
 5.45709026e-01 -4.21292193e+00
 5.02558115e-01 -4.01067388e+00
 4.07124981e-01 -3.82758600e+00
 4.19092289e-01 -3.66115795e+00
 3.77677596e-01 -3.50930173e+00
 2.80076436e-01 -3.37026124e+00
 3.23972540e-01 -3.24254967e+00
 3.30542735e-01 -3.12490043e+00
 3.53246303e-01 -3.01622825e+00
 2.11782945e-01 -2.91559823e+00
 2.63609943e-01 -2.82220092e+00
 2.47423170e-01 -2.73533217e+00
 1.98512427e-01 -2.65437675e+00
 2.24251914e-01 -2.57879486e+00
 1.93016462e-01 -2.50811105e+00
 1.90463970e-01 -2.44190501e+00
 1.68576688e-01 -2.37980394e+00
 3.02526694e-01 -2.32147606e+00
 1.37405104e-01 -2.26662523e+00
 1.52245400e-01 -2.21498637e+00
 1.16413352e-01 -2.16632155e+00
 1.15833472e-01 -2.12041669e+00
 8.70776126e-02 -2.07707872e+00
 1.49222893e-01 -2.03613312e+00
 8.41688911e-03 -1.99742183e+00
 9.62634138e-02 -1.96080140e+00
 8.39192355e-02 -1.92614145e+00
 3.15665562e-03 -1.89332323e+00
 2.61557808e-02 -1.86223851e+00
 1.12152026e-01 -1.83278841e+00
 5.75736631e-02 -1.80488258e+00
 8.42200940e-02 -1.77843833e+00
 7.39121131e-02 -1.75337992e+00
 5.83271811e-02 -1.72963795e+00
 3.69558197e-02 -1.70714877e+00
 4.54717597e-02 -1.68585404e+00
 5.58923920e-03 -1.66570020e+00
 1.13603381e-01 -1.64663819e+00
 2.21462613e-02 -1.62862301e+00
 -2.32470657e-02 -1.61161348e+00
 3.96508303e-02 -1.59557193e+00
 -6.71158438e-02 -1.58046397e+00
 2.17393784e-02 -1.56625829e+00
 6.88681255e-02 -1.55292646e+00
 3.49967040e-02 -1.54044277e+00
 4.75282854e-02 -1.52878409e+00
 -2.23556376e-02 -1.51792974e+00
 5.58369453e-02 -1.50786137e+00
 3.13723223e-02 -1.49856292e+00
 -3.57091921e-02 -1.49002050e+00
 -6.89209724e-03 -1.48222235e+00
 -6.95700600e-02 -1.47515880e+00
 8.18745740e-02 -1.46882224e+00
 -1.04835850e-02 -1.46320712e+00
 4.17255856e-02 -1.45830993e+00
 3.64742588e-03 -1.45412924e+00
 3.12937499e-02 -1.45066570e+00
 3.53483184e-02 -1.44792215e+00
 6.16555635e-02 -1.44590361e+00
 3.99347461e-02 -1.44461744e+00
 -6.09360041e-02 -1.44407340e+00
 -2.28294382e-02 -1.44428380e+00
 -5.30072164e-02 -1.44526365e+00
 -4.31059733e-02 -1.44703083e+00
 7.05766044e-03 -1.44960633e+00
 -4.92374085e-03 -1.45301449e+00
 -7.00225493e-02 -1.45728328e+00
 1.62364177e-02 -1.46244465e+00
 2.35156213e-02 -1.46853494e+00
 6.38138568e-02 -1.47559530e+00
 -1.09967092e-01 -1.48367223e+00
 -4.17916964e-02 -1.49281823e+00
 4.62564566e-02 -1.50309249e+00
 -6.61309985e-03 -1.51456170e+00
 -3.95323384e-02 -1.52730110e+00
 4.93340292e-02 -1.54139560e+00
 -6.04736261e-02 -1.55694111e+00
 -6.10131934e-02 -1.57404620e+00
 -7.02801650e-03 -1.59283400e+00
 -4.42743119e-02 -1.61344442e+00
 8.24976987e-03 -1.63603699e+00
 4.59637854e-02 -1.66079405e+00
 -2.32983508e-02 -1.68792479e+00
 -8.50308456e-02 -1.71767008e+00
 -1.19414817e-01 -1.75030842e+00
 -9.01836795e-02 -1.78616328e+00
 -1.13328692e-01 -1.82561217e+00
 -5.98728340e-02 -1.86909805e+00
 -1.66919956e-01 -1.91714360e+00
 -1.36885977e-01 -1.97036948e+00
 -1.99369630e-01 -2.02951752e+00
 -1.38077965e-01 -2.09548082e+00
 -1.51885557e-01 -2.16934281e+00
 -2.07980731e-01 -2.25242864e+00
 -2.65570747e-01 -2.34637315e+00
 -3.02914821e-01 -2.45321147e+00
 -3.77018290e-01 -2.57550039e+00
 -4.95398207e-01 -2.71648100e+00
 -5.37209536e-01 -2.88029450e+00
 -5.69140662e-01 -3.07226053e+00
 -5.98351865e-01 -3.29920883e+00
 -7.71404757e-01 -3.56978733e+00
 -1.13562274e+00 -3.89444592e+00
 -1.52469329e+00 -4.28408202e+00
 -1.97465705e+00 -4.74403861e+00
 -2.87940290e+00 -5.25274229e+00
 -4.12610591e+00 -5.69183267e+00
 -6.25082103e+00 -5.64960251e+00
 -8.86935338e+00 -4.14521590e+00
 -1.01800564e+01 -5.45464141e-01
 -8.68745869e+00 2.95124462e+00
 -6.00218429e+00 4.32466803e+00
 -4.09581997e+00 4.31415817e+00
 -2.81922682e+00 3.86395211e+00
 -2.08228416e+00 3.35687009e+00
 -1.45963712e+00 2.90101405e+00
 -1.10971983e+00 2.51503589e+00
 -9.02721292e-01 2.19294463e+00
 -7.14558710e-01 1.92383422e+00
 -5.98501745e-01 1.69739521e+00
 -4.74719328e-01 1.50512957e+00
 -4.34945458e-01 1.34033244e+00
 -2.83031802e-01 1.19778072e+00
 -2.94874962e-01 1.07340568e+00
 -2.03982045e-01 9.64020103e-01
 -3.03931223e-01 8.67107055e-01
 -2.42800035e-01 7.80660844e-01
 -1.66429323e-01 7.03068289e-01
 -1.12085106e-01 6.33020022e-01
 -1.38322112e-01 5.69443906e-01
 -7.68844352e-02 5.11454705e-01
 -2.20130555e-01 4.58315724e-01
 -1.57901928e-01 4.09409321e-01
 -1.99548253e-01 3.64214041e-01
 -1.09997964e-01 3.22286739e-01
 -1.44274348e-01 2.83248486e-01
 -2.53788122e-02 2.46773364e-01
 -5.94642609e-02 2.12579504e-01
 -8.67067103e-02 1.80421847e-01
 -3.44893814e-02 1.50086280e-01
 -5.17154988e-02 1.21384829e-01
 -9.12377278e-02 9.41517183e-02
 -4.50717787e-02 6.82401024e-02
 -8.83697864e-02 4.35193517e-02
 -1.67766260e-01 1.98727807e-02
 6.40196487e-03 -2.80426158e-03
 -6.74463672e-02 -2.46060054e-02
 -8.97786718e-02 -4.56176298e-02
 -6.85056095e-02 -6.59164307e-02
 -9.46646438e-02 -8.55728223e-02
 2.04343271e-02 -1.04651198e-01
 -1.32796558e-01 -1.23210676e-01
 2.26562590e-02 -1.41305743e-01
 -9.51640492e-02 -1.58986822e-01
 -4.44958578e-02 -1.76300762e-01
 -3.01963368e-02 -1.93291274e-01
 -9.73346074e-02 -2.09999315e-01
 -8.09582062e-02 -2.26463430e-01
 -4.83439970e-02 -2.42720051e-01
 1.06058420e-02 -2.58803777e-01
 -5.20761423e-02 -2.74747617e-01
 4.61006576e-03 -2.90583213e-01
 2.46962178e-03 -3.06341046e-01
 -6.96979968e-02 -3.22050625e-01
 -1.81217076e-02 -3.37740660e-01
 -3.81541924e-02 -3.53439226e-01
 1.08477400e-02 -3.69173917e-01
 2.16272058e-02 -3.84971993e-01
 -7.42878188e-02 -4.00860521e-01
 -4.34233247e-03 -4.16866510e-01
 -3.69471676e-02 -4.33017048e-01
 -5.92581616e-02 -4.49339430e-01
 -5.12725128e-04 -4.65861296e-01
 -8.77851680e-02 -4.82610761e-01
 -4.26672332e-02 -4.99616554e-01
 -7.79162018e-02 -5.16908157e-01
 -1.00874521e-01 -5.34515954e-01
 -7.60397655e-02 -5.52471381e-01
 -4.35687358e-02 -5.70807091e-01
 -3.25511610e-02 -5.89557122e-01
 -9.29759669e-02 -6.08757088e-01
 -1.11611473e-01 -6.28444371e-01
 -1.32315559e-01 -6.48658339e-01
 -4.37835956e-02 -6.69440581e-01
 -9.76291363e-02 -6.90835162e-01
 -1.09013998e-01 -7.12888907e-01
 -4.94681581e-02 -7.35651708e-01
 -3.04870072e-02 -7.59176872e-01
 -8.85398738e-02 -7.83521505e-01
 -1.29860501e-01 -8.08746933e-01
 -3.94617083e-02 -8.34919190e-01
 -7.17110312e-02 -8.62109547e-01
 -9.50139716e-02 -8.90395123e-01
 -1.73150742e-01 -9.19859568e-01
 -1.25962285e-02 -9.50593840e-01
 -1.14344983e-01 -9.82697088e-01
 -7.55869392e-02 -1.01627766e+00
 -1.18882785e-01 -1.05145426e+00
 -1.19432059e-01 -1.08835727e+00
 -4.18475214e-02 -1.12713028e+00
 -1.86410005e-01 -1.16793188e+00
 -4.32761863e-02 -1.21093767e+00
 -9.65529334e-02 -1.25634270e+00
 -1.79273146e-01 -1.30436426e+00
 -1.23296689e-01 -1.35524516e+00
 -1.58511826e-01 -1.40925764e+00
 -2.05994705e-01 -1.46670801e+00
 -1.61665089e-01 -1.52794209e+00
 -2.39364741e-01 -1.59335184e+00
 -1.02486093e-01 -1.66338327e+00
 -1.66312322e-01 -1.73854604e+00
 -2.89141643e-01 -1.81942514e+00
 -1.97089980e-01 -1.90669519e+00
 -2.60145182e-01 -2.00113807e+00
 -3.64556009e-01 -2.10366483e+00
 -3.00920228e-01 -2.21534300e+00
 -3.13046673e-01 -2.33743106e+00
 -3.66135538e-01 -2.47142208e+00
 -4.23761136e-01 -2.61909957e+00
 -4.45291104e-01 -2.78260944e+00
 -5.01505105e-01 -2.96455339e+00
 -5.85322476e-01 -3.16811124e+00
 -7.09106166e-01 -3.39720187e+00
 -7.71252749e-01 -3.65669618e+00
 -8.90489720e-01 -3.95269899e+00
 -1.07567609e+00 -4.29291942e+00
 -1.24964245e+00 -4.68714721e+00
 -1.47139424e+00 -5.14783019e+00
 -1.80448585e+00 -5.69066951e+00
 -2.27850100e+00 -6.33489625e+00
 -2.96283613e+00 -7.10212438e+00
 -3.68666191e+00 -8.01033235e+00
 -5.22613237e+00 -9.05232232e+00
 -7.37530428e+00 -1.01262090e+01
 -1.07247685e+01 -1.08283865e+01
 -1.57243655e+01 -9.96851704e+00
 -2.09659491e+01 -5.36134421e+00
 -2.23214251e+01 2.94848835e+00
 -1.81033305e+01 9.52464763e+00
 -1.26488464e+01 1.17299479e+01
 -8.60048455e+00 1.14923328e+01
 -6.06623704e+00 1.05027717e+01
 -4.31293212e+00 9.42778632e+00
 -3.29129650e+00 8.46092642e+00
 -2.49212577e+00 7.63697474e+00
 -1.97438217e+00 6.94471643e+00
 -1.55567886e+00 6.36296889e+00
 -1.34304456e+00 5.87125354e+00
 -1.05880142e+00 5.45239146e+00
 -8.99748696e-01 5.09263517e+00
 -8.20601694e-01 4.78114945e+00
 -6.82652188e-01 4.50941122e+00
 -5.56100391e-01 4.27068892e+00
 -5.86558001e-01 4.05962952e+00
 -5.71272567e-01 3.87194195e+00
 -3.83515610e-01 3.70415739e+00
 -3.99766429e-01 3.55344811e+00
 -3.09535848e-01 3.41749027e+00
 -3.56822676e-01 3.29435927e+00
 -1.96481406e-01 3.18244949e+00
 -2.33553231e-01 3.08041213e+00
 -1.90858346e-01 2.98710683e+00
 -2.19930047e-01 2.90156361e+00
 -1.12859159e-01 2.82295275e+00
 -1.03607697e-01 2.75056077e+00
 -9.50206534e-02 2.68377110e+00
 -1.60325990e-01 2.62204852e+00
 -9.78701356e-02 2.56492637e+00
 -1.23724341e-01 2.51199623e+00
 -1.00901468e-01 2.46289924e+00
 -8.88135221e-02 2.41731909e+00
 -9.92642997e-02 2.37497603e+00
 -1.52125530e-01 2.33562197e+00
 -8.22029299e-02 2.29903626e+00
 -8.18316925e-02 2.26502223e+00
 -1.38492655e-01 2.23340413e+00
 -7.35607803e-02 2.20402469e+00
 -1.10472704e-02 2.17674285e+00
 -6.68568129e-02 2.15143195e+00
 -4.31455528e-02 2.12797814e+00
 -1.04514525e-01 2.10627895e+00
 -3.91185457e-02 2.08624214e+00
 -3.05563913e-02 2.06778463e+00
 -4.79980954e-02 2.05083164e+00
 -7.39924662e-02 2.03531584e+00
 -1.68526189e-02 2.02117675e+00
 -5.14015082e-02 2.00836007e+00
 3.43728360e-02 1.99681721e+00
 -4.72845609e-02 1.98650480e+00
 -5.41452047e-02 1.97738432e+00
 -4.08924880e-02 1.96942175e+00
 -8.94001207e-02 1.96258726e+00
 -5.36386433e-03 1.95685498e+00
 2.81370342e-02 1.95220272e+00
 5.79050674e-02 1.94861186e+00
 1.97694536e-02 1.94606712e+00
 -2.67832533e-02 1.94455649e+00
 1.84236874e-02 1.94407107e+00
 -6.55292923e-03 1.94460504e+00
 7.20388586e-03 1.94615556e+00
 2.73630444e-02 1.94872276e+00
 1.10975561e-01 1.95230972e+00
 -3.96950424e-02 1.95692249e+00
 -7.88305278e-02 1.96257008e+00
 4.00874026e-02 1.96926455e+00
 -1.69757916e-02 1.97702109e+00
 5.57374340e-02 1.98585805e+00
 -8.37799212e-03 1.99579716e+00
 2.87356263e-02 2.00686356e+00
 1.18512246e-01 2.01908609e+00
 5.04820517e-02 2.03249740e+00
 8.73768991e-02 2.04713423e+00
 2.13412921e-03 2.06303768e+00
 3.85697923e-02 2.08025352e+00
 5.57962891e-02 2.09883252e+00
 5.77974902e-02 2.11883091e+00
 -1.59867191e-03 2.14031078e+00
 1.14758856e-01 2.16334065e+00
 4.60962911e-02 2.18799607e+00
 7.05905594e-02 2.21436027e+00
 8.84320374e-02 2.24252496e+00
 1.45500432e-01 2.27259122e+00
 1.16114121e-01 2.30467050e+00
 1.29553333e-01 2.33888578e+00
 1.70694593e-01 2.37537292e+00
 6.15688733e-02 2.41428217e+00
 1.60039669e-01 2.45577998e+00
 1.39846175e-01 2.50005095e+00
 1.52462594e-01 2.54730032e+00
 2.79235747e-01 2.59775664e+00
 1.42866537e-01 2.65167503e+00
 1.25917091e-01 2.70934095e+00
 1.66770916e-01 2.77107467e+00
 1.58053065e-01 2.83723649e+00
 2.57577453e-01 2.90823300e+00
 1.38927856e-01 2.98452453e+00
 2.66525237e-01 3.06663406e+00
 2.41230630e-01 3.15515798e+00
 3.29167132e-01 3.25077905e+00
 3.01175547e-01 3.35428233e+00
 2.35866305e-01 3.46657451e+00
 2.98052306e-01 3.58870792e+00
 3.11252268e-01 3.72191019e+00
 3.88400926e-01 3.86762140e+00
 5.27563906e-01 4.02754076e+00
 5.59710617e-01 4.20368580e+00
 5.95584998e-01 4.39846797e+00
 6.15434547e-01 4.61478976e+00
 7.49880716e-01 4.85617057e+00
 7.08258120e-01 5.12691050e+00
 8.86678946e-01 5.43230478e+00
 1.06230903e+00 5.77892440e+00
 1.29731811e+00 6.17498180e+00
 1.50921148e+00 6.63079938e+00
 1.74994820e+00 7.15938420e+00
 2.12377721e+00 7.77705911e+00
 2.62372314e+00 8.50393394e+00
 3.30930007e+00 9.36351235e+00
 4.15576653e+00 1.03793111e+01
 5.47079731e+00 1.15622071e+01
 7.50902480e+00 1.28699910e+01
 1.06954337e+01 1.40864423e+01
 1.54392830e+01 1.44960477e+01
 2.19328253e+01 1.22952917e+01
 2.76516953e+01 5.10226318e+00
 2.74766673e+01 -5.19274117e+00
 2.15734187e+01 -1.20543311e+01
 1.50793485e+01 -1.40205245e+01
 1.04769250e+01 -1.35276239e+01
 7.37810982e+00 -1.22965161e+01
 5.39916562e+00 -1.09958967e+01
 4.10381924e+00 -9.82491960e+00
 3.28751819e+00 -8.82051141e+00
 2.53303248e+00 -7.97047954e+00
 2.06863086e+00 -7.25122727e+00
 1.72756764e+00 -6.63950479e+00
 1.50015151e+00 -6.11550312e+00
 1.19611839e+00 -5.66316479e+00
 1.13430399e+00 -5.26969684e+00
 8.59204432e-01 -4.92494386e+00
 8.54912747e-01 -4.62082210e+00
 7.32609465e-01 -4.35085960e+00
 5.65126554e-01 -4.10983754e+00
 4.99783687e-01 -3.89351498e+00
 5.52995402e-01 -3.69841870e+00
 4.15102474e-01 -3.52168234e+00
 4.10408813e-01 -3.36092292e+00
 4.33554791e-01 -3.21414542e+00
 2.62566007e-01 -3.07966845e+00
 3.71335788e-01 -2.95606607e+00
 2.12234550e-01 -2.84212184e+00
 2.24279171e-01 -2.73679225e+00
 1.44120967e-01 -2.63917749e+00
 2.87661653e-01 -2.54849780e+00
 2.02145300e-01 -2.46407439e+00
 2.44004338e-01 -2.38531376e+00
 1.38652837e-01 -2.31169484e+00
 2.53305884e-01 -2.24275844e+00
 1.43227393e-01 -2.17809838e+00
 1.94966075e-01 -2.11735415e+00
 2.03966319e-01 -2.06020473e+00
 1.47143653e-01 -2.00636340e+00
 1.74537392e-01 -1.95557333e+00
 1.32404035e-01 -1.90760381e+00
 1.87119114e-02 -1.86224707e+00
 8.36907334e-02 -1.81931554e+00
 8.07026933e-02 -1.77863949e+00
 2.61059629e-03 -1.74006498e+00
 2.08145309e-01 -1.70345212e+00
 1.33540559e-01 -1.66867353e+00
 5.21121944e-03 -1.63561299e+00
 5.79388817e-02 -1.60416430e+00
 4.28555635e-02 -1.57423024e+00
 7.69917440e-02 -1.54572167e+00
 8.57910248e-02 -1.51855675e+00
 1.86298242e-02 -1.49266025e+00
 3.81317829e-02 -1.46796290e+00
 6.90141148e-02 -1.44440087e+00
 7.83939069e-02 -1.42191528e+00
 5.28721546e-02 -1.40045175e+00
 1.14715474e-01 -1.37996005e+00
 1.22926666e-02 -1.36039370e+00
 -7.10131616e-02 -1.34170972e+00
 1.32482334e-02 -1.32386832e+00
 1.07552614e-01 -1.30683265e+00
 1.18796040e-01 -1.29056862e+00
 9.02893417e-03 -1.27504464e+00
 1.25586076e-01 -1.26023151e+00
 1.33210240e-03 -1.24610220e+00
 9.49372739e-02 -1.23263174e+00
 -7.01499151e-02 -1.21979710e+00
 8.40263598e-02 -1.20757707e+00
 2.85720476e-02 -1.19595214e+00
 3.19703081e-02 -1.18490444e+00
 1.13702220e-01 -1.17441766e+00
 5.63157886e-03 -1.16447696e+00
 2.41124146e-02 -1.15506894e+00
 4.84294521e-02 -1.14618159e+00
 -6.00809808e-02 -1.13780424e+00
 7.36604857e-02 -1.12992755e+00
 2.11080958e-02 -1.12254344e+00
 -5.87381993e-02 -1.11564518e+00
 6.17478143e-02 -1.10922727e+00
 1.26269738e-03 -1.10328555e+00
 8.30733909e-03 -1.09781716e+00
 7.58770152e-02 -1.09282056e+00
 -2.71806060e-02 -1.08829565e+00
 3.25743691e-02 -1.08424372e+00
 4.03703343e-04 -1.08066760e+00
 3.54808925e-02 -1.07757169e+00
 3.27131603e-02 -1.07496211e+00
 8.89225581e-03 -1.07284678e+00
 -4.41081294e-02 -1.07123557e+00
 1.04806259e-02 -1.07014051e+00
 -6.73966360e-03 -1.06957593e+00
 -3.79075246e-02 -1.06955875e+00
 -2.18552183e-02 -1.07010873e+00
 -4.66377253e-02 -1.07124880e+00
 1.63746238e-02 -1.07300549e+00
 7.61432866e-03 -1.07540930e+00
 -4.47254772e-02 -1.07849535e+00
 7.79658944e-02 -1.08230392e+00
 -2.22516126e-02 -1.08688130e+00
 -6.30518608e-02 -1.09228068e+00
 -3.45111965e-02 -1.09856323e+00
 5.40178932e-02 -1.10579947e+00
 -8.35070527e-02 -1.11407088e+00
 -5.93987694e-02 -1.12347185e+00
 -4.46739260e-02 -1.13411213e+00
 -3.74026806e-02 -1.14611978e+00
 -3.32378424e-02 -1.15964493e+00
 -1.05709567e-01 -1.17486434e+00
 -1.87103948e-01 -1.19198728e+00
 -4.73156654e-02 -1.21126287e+00
 -1.04762847e-01 -1.23298947e+00
 -1.72973994e-02 -1.25752675e+00
 -7.25408140e-02 -1.28531121e+00
 -5.38028651e-02 -1.31687631e+00
 -9.49358625e-02 -1.35287858e+00
 -1.58244472e-01 -1.39413134e+00
 -1.61628561e-01 -1.44164775e+00
 -2.61326369e-01 -1.49669404e+00
 -2.79637783e-01 -1.56085030e+00
 -2.54462623e-01 -1.63606606e+00
 -2.96993208e-01 -1.72466815e+00
 -4.44856297e-01 -1.82919591e+00
 -5.36745959e-01 -1.95170701e+00
 -7.94609516e-01 -2.09154083e+00
 -8.89137969e-01 -2.23869183e+00
 -1.38024349e+00 -2.35535361e+00
 -1.99035146e+00 -2.33200829e+00
 -2.73873068e+00 -1.93540590e+00
 -3.37232925e+00 -9.74432071e-01
 -3.06499917e+00 1.54811505e-01
 -2.37994115e+00 8.05285400e-01
 -1.57841535e+00 9.61513793e-01
 -1.18248004e+00 8.87592448e-01
 -9.07999941e-01 7.46050327e-01
 -6.39706465e-01 5.99689140e-01
 -5.33163193e-01 4.67640865e-01
 -3.35971959e-01 3.53535457e-01
 -2.66870667e-01 2.56122486e-01
 -3.33905562e-01 1.72950282e-01
 -2.37056974e-01 1.01564333e-01
 -1.39968017e-01 3.98442503e-02
 -1.04344107e-01 -1.39491486e-02
 -1.09649648e-01 -6.12155003e-02
 -1.18722679e-01 -1.03075598e-01
 -8.51631456e-02 -1.40428445e-01
 -7.73775836e-02 -1.73998711e-01
 -9.97522510e-02 -2.04374373e-01
 1.82043438e-03 -2.32035964e-01
 -8.90776939e-02 -2.57379157e-01
 -7.46246850e-02 -2.80732188e-01
 2.81488203e-03 -3.02369340e-01
 -1.15284769e-01 -3.22521436e-01
 -2.15965366e-02 -3.41384049e-01
 3.22860074e-02 -3.59123974e-01
 1.04614236e-02 -3.75884358e-01
 -1.60932211e-02 -3.91788803e-01
 -3.81716889e-02 -4.06944660e-01
 5.49330941e-03 -4.21445699e-01
 -6.59698254e-02 -4.35374283e-01
 -4.94734990e-02 -4.48803148e-01
 3.01562149e-02 -4.61796879e-01
 -6.32621082e-02 -4.74413122e-01
 5.16963796e-02 -4.86703604e-01
 1.15986383e-02 -4.98714989e-01
 -1.07187485e-01 -5.10489592e-01
 7.39218271e-03 -5.22065993e-01
 -4.04935353e-02 -5.33479558e-01
 -1.76487828e-02 -5.44762882e-01
 -2.61523480e-02 -5.55946172e-01
 2.26296093e-02 -5.67057583e-01
 -1.60601661e-02 -5.78123506e-01
 -7.48154644e-02 -5.89168822e-01
 2.18807363e-02 -6.00217126e-01
 -1.26549459e-01 -6.11290924e-01
 -8.42638358e-02 -6.22411811e-01
 7.30369844e-03 -6.33600634e-01
 1.64923180e-02 -6.44877631e-01
 -7.71882314e-02 -6.56262566e-01
 3.09888780e-02 -6.67774851e-01
 -2.51327466e-02 -6.79433660e-01
 -1.18992724e-01 -6.91258033e-01
 1.17935451e-02 -7.03266981e-01
 5.25947502e-02 -7.15479579e-01
 -4.04262171e-02 -7.27915065e-01
 2.24149592e-02 -7.40592928e-01
 -6.28824618e-02 -7.53533001e-01
 -2.74852783e-02 -7.66755554e-01
 -8.57996147e-02 -7.80281384e-01
 1.81765663e-02 -7.94131912e-01
 -2.74254583e-03 -8.08329277e-01
 -3.43530486e-02 -8.22896442e-01
 -1.14117501e-01 -8.37857294e-01
 -4.54452469e-02 -8.53236758e-01
 -5.52319742e-04 -8.69060917e-01
 -5.85981435e-02 -8.85357135e-01
 -3.41246076e-02 -9.02154194e-01
 -3.07642422e-02 -9.19482437e-01
 -2.58285425e-02 -9.37373931e-01
 -1.21180747e-01 -9.55862631e-01
 -6.37063513e-02 -9.74984576e-01
 -1.35954944e-01 -9.94778086e-01
 -8.11251738e-02 -1.01528399e+00
 -8.45298528e-02 -1.03654588e+00
 -2.27324214e-02 -1.05861036e+00
 -1.58231177e-01 -1.08152739e+00
 -1.41251861e-01 -1.10535059e+00
 -9.44655620e-02 -1.13013763e+00
 -1.55359042e-01 -1.15595063e+00
 -9.58202353e-02 -1.18285667e+00
 -3.34190971e-02 -1.21092826e+00
 -1.26554348e-01 -1.24024399e+00
 -9.17259582e-02 -1.27088915e+00
 -1.20014625e-01 -1.30295652e+00
 -1.06906928e-01 -1.33654720e+00
 3.89876536e-03 -1.37177162e+00
 -8.58508274e-02 -1.40875061e+00
 -1.76642866e-01 -1.44761671e+00
 -7.82010623e-02 -1.48851563e+00
 -8.64872788e-02 -1.53160789e+00
 -1.08362675e-01 -1.57707081e+00
 -1.53729404e-01 -1.62510078e+00
 -1.22116364e-01 -1.67591579e+00
 -1.59257449e-01 -1.72975861e+00
 -1.38559614e-01 -1.78690030e+00
 -2.08496028e-01 -1.84764446e+00
 -1.96864006e-01 -1.91233222e+00
 -1.67315560e-01 -1.98134820e+00
 -3.20549200e-01 -2.05512754e+00
 -3.39949460e-01 -2.13416442e+00
 -2.53767672e-01 -2.21902226e+00
 -2.57283872e-01 -2.31034611e+00
 -3.30084426e-01 -2.40887772e+00
 -2.71189361e-01 -2.51547404e+00
 -3.36866911e-01 -2.63112996e+00
 -5.10886586e-01 -2.75700653e+00
 -3.48240360e-01 -2.89446625e+00
 -4.80599233e-01 -3.04511721e+00
 -4.09219522e-01 -3.21086909e+00
 -5.89314721e-01 -3.39400415e+00
 -5.95175317e-01 -3.59726805e+00
 -7.51669157e-01 -3.82398641e+00
 -8.82289389e-01 -4.07821458e+00
 -9.17254406e-01 -4.36492986e+00
 -1.11453860e+00 -4.69027575e+00
 -1.36107501e+00 -5.06186498e+00
 -1.47357788e+00 -5.48913517e+00
 -1.94321827e+00 -5.98371061e+00
 -2.19568379e+00 -6.55961186e+00
 -2.66156027e+00 -7.23285103e+00
 -3.48629382e+00 -8.01913147e+00
 -4.41163477e+00 -8.92613636e+00
 -5.86905557e+00 -9.93078669e+00
 -8.16200795e+00 -1.09158311e+01
 -1.14043949e+01 -1.15059673e+01
 -1.61395122e+01 -1.07354525e+01
 -2.12510838e+01 -6.91156885e+00
 -2.37149967e+01 4.83603371e-01
 -2.11029166e+01 7.81181251e+00
 -1.59905603e+01 1.15337102e+01
 -1.13097309e+01 1.22511070e+01
 -8.05429207e+00 1.16453636e+01
 -5.84303254e+00 1.06602601e+01
 -4.45027506e+00 9.66042403e+00
 -3.30398162e+00 8.75919576e+00
 -2.67077398e+00 7.97842679e+00
 -2.23577410e+00 7.31014833e+00
 -1.88071901e+00 6.73867548e+00
 -1.43911812e+00 6.24809641e+00
 -1.35364670e+00 5.82449901e+00
 -1.12139092e+00 5.45635375e+00
 -9.89884815e-01 5.13430028e+00
 -7.90533855e-01 4.85078718e+00
 -7.67564538e-01 4.59971926e+00
 -6.55111420e-01 4.37615740e+00
 -6.12822879e-01 4.17607663e+00
 -5.20542603e-01 3.99617578e+00
 -4.12165235e-01 3.83372912e+00
 -4.36198905e-01 3.68647087e+00
 -4.05446439e-01 3.55250526e+00
 -3.58407331e-01 3.43023602e+00
 -3.73085715e-01 3.31831100e+00
 -3.49746897e-01 3.21557829e+00
 -3.58055324e-01 3.12105126e+00
 -3.12037092e-01 3.03388056e+00
 -2.36389426e-01 2.95333150e+00
 -2.08357185e-01 2.87876576e+00
 -1.96009294e-01 2.80962637e+00
 -1.44921180e-01 2.74542546e+00
 -2.18948778e-01 2.68573410e+00
 -1.71514433e-01 2.63017388e+00
 -1.66821827e-01 2.57840987e+00
 -1.32297131e-01 2.53014478e+00
 -1.30756813e-01 2.48511395e+00
 -9.60785546e-02 2.44308121e+00
 -1.35786098e-01 2.40383528e+00
 -9.88879600e-02 2.36718679e+00
 -4.24228088e-02 2.33296565e+00
 -1.31337536e-01 2.30101881e+00
 -1.36894863e-01 2.27120840e+00
 -7.80137537e-02 2.24341004e+00
 -4.31706612e-02 2.21751140e+00
 -7.31149389e-02 2.19341097e+00
 -1.23174352e-01 2.17101698e+00
 -2.25685892e-02 2.15024645e+00
 -1.24350904e-01 2.13102437e+00
 -1.23261240e-01 2.11328296e+00
 -6.42131573e-02 2.09696107e+00
 -9.16872359e-02 2.08200360e+00
 -4.97980266e-02 2.06836103e+00
 -3.86497541e-03 2.05598898e+00
 -3.59843182e-02 2.04484789e+00
 4.50316452e-02 2.03490259e+00
 -5.61766813e-02 2.02612215e+00
 8.42856085e-02 2.01847953e+00
 -4.82049335e-02 2.01195144e+00
 3.04781972e-02 2.00651811e+00
 7.76470560e-02 2.00216319e+00
 1.98563085e-02 1.99887359e+00
 -4.94191760e-02 1.99663942e+00
 9.79624104e-03 1.99545387e+00
 8.71605767e-02 1.99531320e+00
 -4.85560759e-02 1.99621671e+00
 1.24060627e-01 1.99816669e+00
 1.03470777e-01 2.00116850e+00
 1.02790530e-02 2.00523056e+00
 -7.55243595e-03 2.01036443e+00
 1.29762080e-01 2.01658488e+00
 8.16170385e-02 2.02391002e+00
 5.90551975e-02 2.03236138e+00
 -8.16192777e-02 2.04196416e+00
 3.45495948e-02 2.05274734e+00
 1.81643563e-02 2.06474391e+00
 -2.57716790e-02 2.07799119e+00
 -2.42093090e-02 2.09253106e+00
 7.34799041e-02 2.10841032e+00
 9.29250990e-03 2.12568112e+00
 -4.47682100e-03 2.14440134e+00
 5.57220430e-02 2.16463515e+00
 4.78254116e-03 2.18645358e+00
 9.66172536e-02 2.20993517e+00
 7.08865733e-02 2.23516675e+00
 1.44959988e-01 2.26224427e+00
 1.40080186e-01 2.29127385e+00
 1.09641619e-01 2.32237286e+00
 1.23836436e-01 2.35567123e+00
 4.67143706e-02 2.39131302e+00
 9.94199361e-02 2.42945807e+00
 1.40140240e-01 2.47028408e+00
 1.64631251e-01 2.51398893e+00
 1.47425388e-01 2.56079339e+00
 1.55713225e-01 2.61094434e+00
 1.84423976e-01 2.66471849e+00
 6.40289911e-02 2.72242680e+00
 1.29079370e-01 2.78441972e+00
 2.30795059e-01 2.85109335e+00
 2.54043026e-01 2.92289690e+00
 2.63520156e-01 3.00034154e+00
 3.78681291e-01 3.08401112e+00
 2.11337911e-01 3.17457514e+00
 2.60983626e-01 3.27280455e+00
 4.28246570e-01 3.37959112e+00
 3.77372856e-01 3.49597130e+00
 3.96762252e-01 3.62315576e+00
 4.01588236e-01 3.76256625e+00
 4.79248221e-01 3.91588180e+00
 5.45069239e-01 4.08509701e+00
 5.64370924e-01 4.27259589e+00
 7.21422206e-01 4.48124584e+00
 8.22576042e-01 4.71451753e+00
 9.76156281e-01 4.97663759e+00
 1.06812201e+00 5.27278182e+00
 1.15276469e+00 5.60931535e+00
 1.36263480e+00 5.99407931e+00
 1.66001693e+00 6.43670169e+00
 1.91129102e+00 6.94885015e+00
 2.40683423e+00 7.54418567e+00
 2.96598888e+00 8.23736173e+00
 3.80928398e+00 9.04032412e+00
 4.92810272e+00 9.95127917e+00
 6.61643306e+00 1.09241244e+01
 9.06563110e+00 1.17878335e+01
 1.25773030e+01 1.20553105e+01
 1.73704786e+01 1.06137476e+01
 2.20269411e+01 5.92901806e+00
 2.32553658e+01 -1.57610566e+00
 1.98395392e+01 -7.98674821e+00
 1.48447670e+01 -1.08954967e+01
 1.06883198e+01 -1.12990142e+01
 7.63789586e+00 -1.06440533e+01
