 NaN NaN
 7.78022803e-02 6.00062729e-01
 -4.65473405e-02 6.00241352e-01
 -7.80302684e-02 6.00533963e-01
 6.09386677e-02 6.00940064e-01
 -5.89069089e-02 6.01459560e-01
 -6.98079970e-02 6.02092595e-01
 1.07633706e-01 6.02839482e-01
 9.58850180e-03 6.03700678e-01
 -7.64269414e-02 6.04676768e-01
 5.19539795e-02 6.05768459e-01
 -1.68178198e-02 6.06976572e-01
 -6.11425047e-02 6.08302043e-01
 -4.02218862e-02 6.09745922e-01
 -1.69293348e-02 6.11309369e-01
 -1.60169429e-02 6.12993661e-01
 -1.21936057e-02 6.14800187e-01
 -7.89781610e-02 6.16730457e-01
 2.28330955e-02 6.18786096e-01
 -1.82022151e-02 6.20968856e-01
 4.30152080e-02 6.23280612e-01
 -2.27211128e-02 6.25723367e-01
 -1.54640577e-02 6.28299261e-01
 -6.03742510e-02 6.31010567e-01
 -1.23575204e-01 6.33859703e-01
 2.07580210e-02 6.36849233e-01
 -1.27416306e-02 6.39981874e-01
 -6.66024214e-02 6.43260500e-01
 5.33269124e-02 6.46688153e-01
 -9.01152887e-02 6.50268043e-01
 5.32356035e-02 6.54003562e-01
 2.77749455e-02 6.57898288e-01
 7.71975773e-02 6.61955994e-01
 -6.20535164e-02 6.66180659e-01
 9.57608648e-03 6.70576473e-01
 5.38338195e-02 6.75147854e-01
 -1.43689594e-01 6.79899455e-01
 4.60642788e-02 6.84836174e-01
 1.31057215e-02 6.89963174e-01
 -4.61152035e-02 6.95285888e-01
 6.44374266e-02 7.00810040e-01
 -1.70669139e-02 7.06541659e-01
 -6.88357994e-02 7.12487094e-01
 4.57216524e-03 7.18653036e-01
 -1.43764231e-03 7.25046534e-01
 -6.03103121e-03 7.31675018e-01
 7.43542377e-02 7.38546322e-01
 2.76947087e-02 7.45668704e-01
 -5.37095746e-03 7.53050881e-01
 -5.21908984e-02 7.60702047e-01
 6.10338546e-02 7.68631913e-01
 -1.13069706e-02 7.76850733e-01
 4.69802047e-02 7.85369342e-01
 5.19853472e-02 7.94199197e-01
 6.90953079e-02 8.03352414e-01
 1.75620307e-03 8.12841819e-01
 -4.05428424e-02 8.22680992e-01
 -3.82760709e-02 8.32884323e-01
 -5.62992504e-02 8.43467070e-01
 -5.76024893e-02 8.54445421e-01
 -1.11993427e-02 8.65836564e-01
 -1.70905378e-02 8.77658763e-01
 1.07263507e-01 8.89931438e-01
 8.67601729e-02 9.02675255e-01
 1.68740337e-02 9.15912227e-01
 -1.26106979e-02 9.29665818e-01
 2.79434324e-02 9.43961066e-01
 5.63935304e-03 9.58824709e-01
 3.15769445e-02 9.74285333e-01
 -1.15326744e-01 9.90373525e-01
 5.37442534e-02 1.00712206e+00
 1.76318373e-02 1.02456607e+00
 -3.79073836e-02 1.04274328e+00
 1.67943868e-02 1.06169427e+00
 -1.55931667e-02 1.08146268e+00
 5.71106163e-02 1.10209554e+00
 7.92856107e-04 1.12364362e+00
 -6.44629533e-02 1.14616178e+00
 2.71183986e-02 1.16970937e+00
 -1.48605710e-02 1.19435074e+00
 -2.78779334e-02 1.22015573e+00
 2.13816652e-03 1.24720028e+00
 3.44209418e-02 1.27556710e+00
 4.36852136e-02 1.30534647e+00
 -1.00848405e-02 1.33663707e+00
 7.01154592e-02 1.36954698e+00
 7.93643347e-02 1.40419487e+00
 -3.67123169e-02 1.44071126e+00
 -3.86984821e-02 1.47924008e+00
 3.23405822e-02 1.51994039e+00
 3.30809865e-02 1.56298843e+00
 -2.82480230e-02 1.60858000e+00
 -9.01369530e-03 1.65693323e+00
 3.85425274e-02 1.70829187e+00
 1.41852753e-01 1.76292910e+00
 1.00127335e-02 1.82115215e+00
 6.81355087e-02 1.88330774e+00
 8.49475892e-02 1.94978861e+00
 1.47933928e-01 2.02104142e+00
 6.70399306e-02 2.09757625e+00
 4.94994823e-02 2.17997836e+00
 1.21426972e-01 2.26892241e+00
 9.46464184e-02 2.36519026e+00
 2.13479735e-01 2.46969305e+00
 2.88769617e-02 2.58349905e+00
 1.29450861e-01 2.70786896e+00
 8.23227299e-02 2.84430124e+00
 1.46426139e-01 2.99459072e+00
 3.48628937e-02 3.16090563e+00
 1.47104196e-01 3.34588973e+00
 1.59020155e-01 3.55279997e+00
 2.30200946e-01 3.78569467e+00
 2.16710102e-01 4.04969545e+00
 1.92019687e-01 4.35135874e+00
 2.11372701e-01 4.69921409e+00
 3.42704060e-01 5.10456354e+00
 3.63318039e-01 5.58270172e+00
 4.58781597e-01 6.15483837e+00
 5.61909676e-01 6.85124070e+00
 6.71122461e-01 7.71659576e+00
 9.12803562e-01 8.81963795e+00
 1.14775896e+00 1.02715158e+01
 1.82588061e+00 1.22634764e+01
 2.78468966e+00 1.51511189e+01
 4.79729624e+00 1.96606237e+01
 9.64876010e+00 2.74004255e+01
 2.72494285e+01 4.06768600e+01
 8.66589066e+01 1.26762000e+01
 3.63384952e+01 -4.38327548e+01
 1.18308163e+01 -3.04327315e+01
 5.54925377e+00 -2.16646541e+01
 3.11155332e+00 -1.66482786e+01
 1.99869280e+00 -1.34955371e+01
 1.39807229e+00 -1.13511706e+01
 1.06368485e+00 -9.80470623e+00
 7.95657585e-01 -8.63942532e+00
 6.66428348e-01 -7.73125096e+00
 4.84587920e-01 -7.00437363e+00
 3.88375535e-01 -6.40998717e+00
 3.32710356e-01 -5.91530063e+00
 2.43620670e-01 -5.49749087e+00
 2.89914256e-01 -5.14019412e+00
 2.13191467e-01 -4.83137797e+00
 1.48549398e-01 -4.56200065e+00
 1.98249672e-01 -4.32513830e+00
 1.92619838e-01 -4.11540044e+00
 1.00298528e-01 -3.92852868e+00
 -1.08258311e-02 -3.76111489e+00
 1.05888785e-01 -3.61039963e+00
 9.65875626e-02 -3.47412511e+00
 8.69628945e-02 -3.35042653e+00
 -7.25220302e-03 -3.23775035e+00
 7.03877033e-02 -3.13479222e+00
 3.47265452e-02 -3.04044912e+00
 6.24363472e-02 -2.95378219e+00
 1.21402350e-01 -2.87398748e+00
 4.36502421e-02 -2.80037270e+00
 2.03297572e-02 -2.73233872e+00
 1.53943995e-01 -2.66936454e+00
 -2.68966949e-02 -2.61099513e+00
 1.45306564e-01 -2.55683151e+00
 5.57142683e-02 -2.50652252e+00
 3.99203178e-03 -2.45975805e+00
 6.38822007e-02 -2.41626337e+00
 -2.06114336e-02 -2.37579442e+00
 3.43324118e-02 -2.33813377e+00
 -1.53343286e-02 -2.30308734e+00
 4.31122691e-02 -2.27048147e+00
 -3.71507977e-02 -2.24016049e+00
 3.79497094e-02 -2.21198468e+00
 2.99850564e-02 -2.18582842e+00
 1.24731057e-02 -2.16157871e+00
 5.77858348e-02 -2.13913378e+00
 -3.66331048e-03 -2.11840198e+00
 -3.61556058e-02 -2.09930077e+00
 -5.76804754e-02 -2.08175583e+00
 5.31278350e-02 -2.06570034e+00
 1.09264821e-01 -2.05107428e+00
 -1.44162859e-02 -2.03782389e+00
 -4.81460011e-03 -2.02590114e+00
 5.97101752e-02 -2.01526331e+00
 7.50912093e-03 -2.00587262e+00
 2.40639443e-02 -1.99769587e+00
 -1.63838559e-02 -1.99070418e+00
 2.02507974e-02 -1.98487274e+00
 -3.57202643e-02 -1.98018061e+00
 3.74176794e-02 -1.97661051e+00
 9.99727047e-02 -1.97414875e+00
 -4.58749920e-02 -1.97278504e+00
 4.56635797e-02 -1.97251244e+00
 8.10692425e-02 -1.97332730e+00
 -4.02492097e-02 -1.97522920e+00
 9.97544473e-02 -1.97822099e+00
 -1.80184381e-02 -1.98230872e+00
 9.56658749e-03 -1.98750175e+00
 -4.01049424e-02 -1.99381277e+00
 -9.63830619e-03 -2.00125789e+00
 -3.12843197e-02 -2.00985675e+00
 -6.08545000e-02 -2.01963269e+00
 -5.92705167e-02 -2.03061284e+00
 -1.74220604e-02 -2.04282843e+00
 2.13378971e-02 -2.05631492e+00
 -4.10858295e-02 -2.07111233e+00
 -7.98176959e-02 -2.08726556e+00
 4.45254158e-03 -2.10482472e+00
 -4.41417021e-02 -2.12384556e+00
 2.51690462e-02 -2.14438996e+00
 -5.93890667e-02 -2.16652642e+00
 -2.89671282e-02 -2.19033077e+00
 -7.82290923e-02 -2.21588679e+00
 -1.29712812e-02 -2.24328706e+00
 -6.88288120e-02 -2.27263386e+00
 2.40637304e-02 -2.30404029e+00
 -4.62167554e-02 -2.33763140e+00
 -3.93343511e-02 -2.37354567e+00
 -3.38243071e-03 -2.41193656e+00
 -8.26466497e-02 -2.45297446e+00
 8.34861516e-03 -2.49684879e+00
 -6.07142972e-03 -2.54377057e+00
 -4.96489244e-02 -2.59397537e+00
 -3.44279761e-02 -2.64772677e+00
 -1.45692602e-01 -2.70532049e+00
 8.97608557e-03 -2.76708917e+00
 -1.44505933e-01 -2.83340817e+00
 -5.02781615e-02 -2.90470242e+00
 -1.26625567e-01 -2.98145468e+00
 -4.43479452e-02 -3.06421553e+00
 -6.30391674e-02 -3.15361548e+00
 -9.38338055e-02 -3.25037976e+00
 -3.54920368e-02 -3.35534663e+00
 -1.12028331e-01 -3.46949000e+00
 -1.55893816e-01 -3.59394775e+00
 -8.45064035e-02 -3.73005747e+00
 -1.75399417e-01 -3.87940192e+00
 -1.74878238e-01 -4.04386756e+00
 -2.61538665e-01 -4.22572047e+00
 -1.98109785e-01 -4.42770646e+00
 -2.50642311e-01 -4.65318418e+00
 -3.13687769e-01 -4.90630524e+00
 -3.34693041e-01 -5.19226137e+00
 -3.99087812e-01 -5.51762959e+00
 -4.47980075e-01 -5.89086372e+00
 -4.39338726e-01 -6.32300939e+00
 -5.73118384e-01 -6.82876931e+00
 -7.94994747e-01 -7.42813455e+00
 -9.68921743e-01 -8.14896000e+00
 -1.01020290e+00 -9.03117548e+00
 -1.30380658e+00 -1.01339480e+01
 -1.85957385e+00 -1.15484131e+01
 -2.33287190e+00 -1.34213887e+01
 -3.40201640e+00 -1.60014076e+01
 -5.57836652e+00 -1.97280170e+01
 -9.97674697e+00 -2.53618937e+01
 -2.09547355e+01 -3.35024528e+01
 -5.27269636e+01 -3.34581846e+01
 -6.67301229e+01 2.13335851e+01
 -2.80525219e+01 3.54978605e+01
 -1.23623993e+01 2.72815259e+01
 -6.63217233e+00 2.08662927e+01
 -4.03758051e+00 1.66442540e+01
 -2.74055918e+00 1.37655126e+01
 -1.84481681e+00 1.17044567e+01
 -1.38616812e+00 1.01654404e+01
 -1.27214428e+00 8.97638613e+00
 -8.68081076e-01 8.03206164e+00
 -7.36490841e-01 7.26504685e+00
 -6.04772601e-01 6.63035797e+00
 -5.43870756e-01 6.09691925e+00
 -4.81653201e-01 5.64261433e+00
 -4.03348892e-01 5.25129485e+00
 -3.87616061e-01 4.91090544e+00
 -3.21882326e-01 4.61227024e+00
 -3.59261187e-01 4.34828513e+00
 -2.60448735e-01 4.11336646e+00
 -2.69150581e-01 3.90306629e+00
 -2.24906779e-01 3.71379850e+00
 -1.47691855e-01 3.54264034e+00
 -1.23725902e-01 3.38718624e+00
 -2.15321486e-01 3.24543858e+00
 -2.17100623e-01 3.11572500e+00
 -9.40962256e-02 2.99663496e+00
 -5.91140860e-02 2.88697058e+00
 -9.46957181e-02 2.78570817e+00
 -1.36590368e-01 2.69196777e+00
 -1.24117755e-01 2.60498890e+00
 -9.80451007e-02 2.52411101e+00
 -1.54115701e-01 2.44875771e+00
 -7.87699409e-02 2.37842382e+00
 2.73126967e-02 2.31266479e+00
 -3.63264622e-02 2.25108794e+00
 -1.17011458e-01 2.19334518e+00
 -3.42493954e-02 2.13912693e+00
 -5.87931695e-02 2.08815697e+00
 -3.46474317e-02 2.04018818e+00
 -7.92028184e-02 1.99499882e+00
 -9.10831782e-02 1.95238947e+00
 1.04452224e-02 1.91218031e+00
 -5.15254830e-02 1.87420887e+00
 4.66561126e-03 1.83832803e+00
 -1.34795463e-01 1.80440434e+00
 -2.30634232e-02 1.77231653e+00
 -8.12291758e-02 1.74195420e+00
 1.14837472e-03 1.71321674e+00
 -5.90802996e-03 1.68601233e+00
 -3.06600362e-02 1.66025708e+00
 -1.09381919e-01 1.63587426e+00
 -1.18504643e-01 1.61279364e+00
 -2.91332899e-02 1.59095094e+00
 -3.90366917e-02 1.57028726e+00
 -6.53324724e-02 1.55074864e+00
 -5.85876540e-02 1.53228565e+00
 3.97988495e-02 1.51485307e+00
 -1.95443039e-02 1.49840949e+00
 -4.81261809e-02 1.48291711e+00
 -7.94719857e-02 1.46834145e+00
 -8.42143503e-02 1.45465112e+00
 -4.28129628e-02 1.44181767e+00
 -2.13237502e-02 1.42981536e+00
 -9.47353612e-02 1.41862106e+00
 -7.36321198e-02 1.40821411e+00
 1.15614928e-02 1.39857621e+00
 2.59345296e-02 1.38969130e+00
 1.70440102e-02 1.38154555e+00
 -2.40594660e-02 1.37412723e+00
 -1.14988233e-01 1.36742671e+00
 5.41042212e-02 1.36143642e+00
 -3.18143165e-02 1.35615082e+00
 -1.67595147e-02 1.35156643e+00
 7.15108755e-03 1.34768183e+00
 1.63498470e-02 1.34449768e+00
 -2.41204222e-02 1.34201681e+00
 1.01095556e-02 1.34024423e+00
 2.91426609e-02 1.33918726e+00
 2.01785781e-02 1.33885563e+00
 -1.56047282e-02 1.33926157e+00
 1.22604275e-02 1.34042003e+00
 -9.68804260e-03 1.34234882e+00
 2.26145289e-02 1.34506882e+00
 -2.59888949e-02 1.34860426e+00
 -5.82873097e-02 1.35298299e+00
 2.66775785e-02 1.35823684e+00
 -6.50128938e-02 1.36440197e+00
 -3.64693537e-02 1.37151942e+00
 7.50975024e-03 1.37963555e+00
 4.07761428e-02 1.38880271e+00
 1.38939110e-02 1.39907998e+00
 4.62487044e-02 1.41053397e+00
 1.88639677e-02 1.42323990e+00
 -4.39467737e-03 1.43728269e+00
 6.68258877e-03 1.45275843e+00
 5.64239495e-02 1.46977598e+00
 4.19955081e-02 1.48845896e+00
 9.93586110e-02 1.50894810e+00
 1.68812286e-02 1.53140409e+00
 7.81353629e-02 1.55601101e+00
 9.52573037e-02 1.58298051e+00
 7.35588938e-02 1.61255695e+00
 6.00167688e-02 1.64502370e+00
 6.72453901e-02 1.68071107e+00
 1.18491026e-01 1.72000607e+00
 3.68119827e-02 1.76336495e+00
 7.47086410e-02 1.81132908e+00
 1.11809709e-01 1.86454539e+00
 7.72474517e-02 1.92379307e+00
 3.42598118e-02 1.99001874e+00
 9.95494401e-02 2.06438341e+00
 1.03375556e-01 2.14832607e+00
 1.26441092e-01 2.24365116e+00
 8.06562673e-02 2.35265102e+00
 1.84309974e-01 2.47828046e+00
 2.21729989e-01 2.62441096e+00
 2.99175603e-01 2.79620955e+00
 2.78200154e-01 3.00071811e+00
 3.86257141e-01 3.24776448e+00
 4.14592651e-01 3.55143979e+00
 6.13658444e-01 3.93257027e+00
 7.94437684e-01 4.42297065e+00
 1.04709716e+00 5.07284593e+00
 1.65100042e+00 5.96294610e+00
 2.61311222e+00 7.21669622e+00
 4.63808324e+00 8.93767751e+00
 9.78688167e+00 1.03527410e+01
 1.86196082e+01 4.66667265e+00
 1.48908396e+01 -7.72693522e+00
 6.98872834e+00 -8.78585344e+00
 3.57392874e+00 -6.97412197e+00
 2.10980943e+00 -5.46226796e+00
 1.40383210e+00 -4.38758752e+00
 8.68499389e-01 -3.61581930e+00
 7.39597278e-01 -3.04331979e+00
 5.46476846e-01 -2.60481459e+00
 4.44471965e-01 -2.25948431e+00
 3.58471785e-01 -1.98109012e+00
 2.68366758e-01 -1.75219413e+00
 2.43180970e-01 -1.56083094e+00
 2.15262557e-01 -1.39854995e+00
 1.69538597e-01 -1.25922855e+00
 2.00054809e-01 -1.13832991e+00
 1.40420373e-01 -1.03242499e+00
 5.40295963e-02 -9.38876082e-01
 7.97258347e-02 -8.55622362e-01
 6.75308930e-02 -7.81031068e-01
 7.00885401e-02 -7.13792300e-01
 2.52157379e-01 -6.52843227e-01
 8.48862956e-03 -5.97312592e-01
 1.30018958e-01 -5.46479479e-01
 6.40487936e-02 -4.99742242e-01
 -3.15361718e-02 -4.56594806e-01
 2.23594191e-03 -4.16608383e-01
 1.16748331e-01 -3.79417208e-01
 7.44625340e-02 -3.44707320e-01
 -2.36268751e-02 -3.12207632e-01
 1.22420520e-01 -2.81682785e-01
 4.56001472e-02 -2.52927377e-01
 1.11390404e-01 -2.25761262e-01
 -2.68654760e-03 -2.00025705e-01
 -2.58822988e-02 -1.75580210e-01
 6.68639360e-02 -1.52299884e-01
 4.91495061e-02 -1.30073248e-01
 7.87774322e-02 -1.08800388e-01
 8.85958185e-02 -8.83914069e-02
 -1.43401283e-02 -6.87651034e-02
 -9.79010011e-03 -4.98478530e-02
 -7.30637352e-02 -3.15726474e-02
 -3.72721771e-02 -1.38782690e-02
 -4.93305223e-03 3.29142098e-03
 1.25005720e-01 1.99881008e-02
 -6.35136224e-02 3.62595265e-02
 3.85170954e-02 5.21500026e-02
 5.25345777e-02 6.77007965e-02
 3.93343032e-02 8.29505037e-02
 2.93912649e-02 9.79353724e-02
 1.03053893e-01 1.12689593e-01
 1.03967637e-01 1.27245556e-01
 -9.42382596e-03 1.41634087e-01
 -4.84425403e-03 1.55884659e-01
 2.60106477e-02 1.70025584e-01
 2.17744172e-02 1.84084191e-01
 7.09898916e-03 1.98086993e-01
 -1.03050487e-01 2.12059837e-01
 7.82164621e-02 2.26028049e-01
 5.01617815e-02 2.40016574e-01
 -4.26479239e-02 2.54050104e-01
 -5.36368365e-02 2.68153206e-01
 -5.20049927e-02 2.82350447e-01
 -2.99212101e-02 2.96666518e-01
 -3.69309251e-02 3.11126353e-01
 1.77891965e-02 3.25755256e-01
 5.82670228e-02 3.40579023e-01
 4.91386610e-02 3.55624078e-01
 7.86123584e-03 3.70917600e-01
 1.09604372e-01 3.86487668e-01
 -3.99408511e-02 4.02363409e-01
 9.41813020e-02 4.18575155e-01
 6.90305108e-02 4.35154613e-01
 7.18808842e-03 4.52135047e-01
 1.14693105e-02 4.69551476e-01
 2.32914471e-02 4.87440890e-01
 -4.74786496e-03 5.05842488e-01
 1.15993317e-01 5.24797934e-01
 9.36085753e-02 5.44351650e-01
 7.79468508e-02 5.64551136e-01
 5.94583137e-02 5.85447321e-01
 -4.08767309e-02 6.07094970e-01
 2.48297458e-02 6.29553126e-01
 -1.39523425e-02 6.52885622e-01
 -3.04948780e-02 6.77161645e-01
 4.89127024e-02 7.02456392e-01
 -1.06163735e-02 7.28851806e-01
 1.16648699e-01 7.56437419e-01
 8.75821183e-02 7.85311324e-01
 1.41617017e-01 8.15581285e-01
 1.95018223e-02 8.47366029e-01
 6.39691359e-02 8.80796736e-01
 4.32949039e-02 9.16018779e-01
 6.32879751e-02 9.53193752e-01
 7.11604485e-02 9.92501861e-01
 5.45860952e-02 1.03414473e+00
 5.65745562e-02 1.07834874e+00
 1.32158752e-01 1.12536898e+00
 1.61858660e-01 1.17549403e+00
 8.66523075e-02 1.22905165e+00
 1.50302952e-01 1.28641571e+00
 1.01633302e-01 1.34801460e+00
 8.41830786e-02 1.41434161e+00
 9.14181222e-02 1.48596767e+00
 7.74663352e-02 1.56355726e+00
 8.22684937e-02 1.64788832e+00
 1.47494845e-01 1.73987751e+00
 1.82482386e-01 1.84061239e+00
 1.73126295e-01 1.95139305e+00
 1.85299772e-01 2.07378632e+00
 3.43738900e-01 2.20969738e+00
 3.12356168e-01 2.36146549e+00
 3.67120933e-01 2.53199381e+00
 2.88911845e-01 2.72492812e+00
 2.18016806e-01 2.94490708e+00
 3.56237552e-01 3.19791897e+00
 4.22250517e-01 3.49182065e+00
 5.63172606e-01 3.83710871e+00
 6.83623835e-01 4.24809207e+00
 8.74550245e-01 4.74471764e+00
 1.11006976e+00 5.35547695e+00
 1.42856928e+00 6.12210634e+00
 1.84846327e+00 7.10713795e+00
 2.64694032e+00 8.40504066e+00
 3.90938221e+00 1.01516456e+01
 6.44580550e+00 1.24810961e+01
 1.19445694e+01 1.50636827e+01
 2.28919207e+01 1.40762131e+01
 3.20431389e+01 -1.75440905e+00
 2.12342776e+01 -1.56670003e+01
 1.10341355e+01 -1.57314899e+01
 6.19571573e+00 -1.31199330e+01
 3.77525387e+00 -1.08707472e+01
 2.63063442e+00 -9.19163035e+00
 1.76180739e+00 -7.94136701e+00
 1.35236035e+00 -6.98973575e+00
 1.02534547e+00 -6.24717520e+00
 7.93222962e-01 -5.65438877e+00
 7.25862476e-01 -5.17168695e+00
 5.97457295e-01 -4.77188416e+00
 4.83172389e-01 -4.43588538e+00
 3.23514922e-01 -4.14995184e+00
 4.07092568e-01 -3.90397828e+00
 2.74928025e-01 -3.69038293e+00
 2.21681675e-01 -3.50337526e+00
 2.49747129e-01 -3.33846176e+00
 2.40963795e-01 -3.19210525e+00
 1.98243410e-01 -3.06148535e+00
 1.34075073e-01 -2.94432702e+00
 2.73278403e-01 -2.83877572e+00
 2.23372536e-01 -2.74330529e+00
 1.26041926e-01 -2.65664877e+00
 1.32911872e-01 -2.57774612e+00
 1.63857094e-01 -2.50570388e+00
 2.17032935e-01 -2.43976400e+00
 1.35343812e-01 -2.37927941e+00
 1.17761195e-01 -2.32369458e+00
 6.28773350e-02 -2.27253017e+00
 3.65629615e-02 -2.22537055e+00
 1.25420965e-02 -2.18185376e+00
 1.22154113e-01 -2.14166332e+00
 1.10365911e-01 -2.10452147e+00
 6.80075897e-02 -2.07018360e+00
 3.79250052e-04 -2.03843365e+00
 8.35553628e-02 -2.00908021e+00
 4.39030892e-03 -1.98195332e+00
 8.06294150e-02 -1.95690170e+00
 4.06647663e-02 -1.93379044e+00
 -2.79206329e-02 -1.91249908e+00
 8.37192605e-02 -1.89291984e+00
 -8.60499736e-02 -1.87495627e+00
 6.07281897e-02 -1.85852195e+00
 2.01572186e-02 -1.84353948e+00
 1.49644476e-02 -1.82993952e+00
 1.23016463e-01 -1.81765999e+00
 1.86772918e-02 -1.80664543e+00
 -5.12662872e-02 -1.79684636e+00
 5.59811113e-02 -1.78821876e+00
 9.63361808e-02 -1.78072366e+00
 -5.97722980e-02 -1.77432668e+00
 -4.96081977e-03 -1.76899778e+00
 1.70741233e-02 -1.76471089e+00
 -5.70965239e-02 -1.76144370e+00
 -1.95432615e-02 -1.75917744e+00
 -4.64650681e-02 -1.75789667e+00
 -9.33987629e-02 -1.75758918e+00
 7.56980010e-02 -1.75824583e+00
 1.41305570e-02 -1.75986046e+00
 3.46835473e-02 -1.76242980e+00
 -3.65712570e-02 -1.76595346e+00
 -3.21918180e-02 -1.77043386e+00
 1.15958347e-02 -1.77587621e+00
 -2.82674813e-02 -1.78228859e+00
 -6.20294506e-02 -1.78968190e+00
 3.15258556e-02 -1.79806995e+00
 -7.64503752e-03 -1.80746956e+00
 -5.53509295e-02 -1.81790058e+00
 1.33171181e-02 -1.82938611e+00
 4.60396854e-02 -1.84195255e+00
 -1.03169015e-02 -1.85562983e+00
 -3.32819917e-02 -1.87045158e+00
 -4.54977815e-02 -1.88645537e+00
 -3.60280852e-02 -1.90368300e+00
 4.30938877e-02 -1.92218073e+00
 -1.80505961e-02 -1.94199972e+00
 -9.58249292e-02 -1.96319636e+00
 -2.21165139e-02 -1.98583272e+00
 -5.58501734e-02 -2.00997708e+00
 -1.22459210e-01 -2.03570452e+00
 -1.19061551e-01 -2.06309753e+00
 -8.69840783e-02 -2.09224679e+00
 2.68870723e-03 -2.12325201e+00
 -7.59518217e-02 -2.15622289e+00
 -8.37478244e-02 -2.19128028e+00
 -4.23765532e-02 -2.22855737e+00
 2.41518229e-03 -2.26820123e+00
 -1.42416944e-01 -2.31037443e+00
 -1.91432390e-02 -2.35525705e+00
 -7.57996407e-02 -2.40304888e+00
 -9.56782726e-02 -2.45397206e+00
 -8.64822092e-02 -2.50827417e+00
 -8.71977914e-02 -2.56623175e+00
 -2.39817820e-02 -2.62815459e+00
 -7.50466288e-02 -2.69439068e+00
 -1.03586225e-01 -2.76533210e+00
 -2.28623191e-01 -2.84142212e+00
 -1.76100820e-01 -2.92316361e+00
 -2.12557781e-01 -3.01112929e+00
 -2.09971657e-01 -3.10597399e+00
 -1.61482791e-01 -3.20844981e+00
 -1.00521772e-01 -3.31942456e+00
 -1.00234354e-01 -3.43990471e+00
 -1.64686032e-01 -3.57106380e+00
 -3.63790807e-01 -3.71427835e+00
 -2.81301201e-01 -3.87117319e+00
 -2.36522023e-01 -4.04367950e+00
 -3.07322071e-01 -4.23410974e+00
 -4.51636463e-01 -4.44525563e+00
 -4.09266650e-01 -4.68051739e+00
 -5.58206287e-01 -4.94407687e+00
 -5.34242243e-01 -5.24113229e+00
 -5.95063698e-01 -5.57822147e+00
 -6.20810785e-01 -5.96367399e+00
 -7.83452242e-01 -6.40825472e+00
 -9.24154665e-01 -6.92609655e+00
 -1.14974663e+00 -7.53607803e+00
 -1.37530684e+00 -8.26389628e+00
 -1.70158276e+00 -9.14523655e+00
 -2.18029812e+00 -1.02306563e+01
 -2.85946756e+00 -1.15929964e+01
 -3.82896025e+00 -1.33376501e+01
 -5.57215679e+00 -1.56112852e+01
 -8.46289800e+00 -1.85762238e+01
 -1.39295082e+01 -2.21566618e+01
 -2.51307116e+01 -2.44990483e+01
 -4.29414473e+01 -1.61175068e+01
 -4.65249088e+01 1.05354012e+01
 -2.90715996e+01 2.40137812e+01
 -1.60245344e+01 2.29632950e+01
 -9.56892686e+00 1.93837267e+01
 -6.09798473e+00 1.62476902e+01
 -4.21129421e+00 1.38244179e+01
 -3.04120692e+00 1.19692004e+01
 -2.30642988e+00 1.05270142e+01
 -1.90344254e+00 9.38332910e+00
 -1.58536893e+00 8.45865581e+00
 -1.20184860e+00 7.69794723e+00
 -9.91767075e-01 7.06251344e+00
 -8.60916033e-01 6.52462385e+00
 -7.55305273e-01 6.06399929e+00
 -5.85259701e-01 5.66552331e+00
 -5.10313336e-01 5.31772713e+00
 -4.87565245e-01 5.01176823e+00
 -4.12284011e-01 4.74072873e+00
 -4.67349994e-01 4.49912441e+00
 -3.63098997e-01 4.28255517e+00
 -4.14309139e-01 4.08745202e+00
 -2.03708632e-01 3.91089125e+00
 -2.70263877e-01 3.75045596e+00
 -2.88436780e-01 3.60413154e+00
 -1.24927221e-01 3.47022587e+00
 -1.79794071e-01 3.34730773e+00
 -2.17925629e-01 3.23415868e+00
 -1.52134394e-01 3.12973520e+00
 -1.33019272e-01 3.03313866e+00
 -2.28275303e-01 2.94359117e+00
 -1.99445795e-01 2.86041612e+00
 -1.27389603e-01 2.78302243e+00
 -1.29771844e-01 2.71089154e+00
 -1.24162245e-01 2.64356678e+00
 -1.13191807e-01 2.58064451e+00
 -3.90373852e-02 2.52176679e+00
 -7.91253093e-02 2.46661521e+00
 -1.57342483e-01 2.41490566e+00
 -1.36009911e-01 2.36638400e+00
 -4.64569137e-02 2.32082231e+00
 -1.34036235e-01 2.27801570e+00
 -1.06690150e-01 2.23777959e+00
 -8.63878645e-02 2.19994741e+00
 -6.25321005e-02 2.16436855e+00
 -1.38295669e-01 2.13090661e+00
 -4.16523277e-02 2.09943792e+00
 -2.31249286e-02 2.06985022e+00
 7.06282537e-02 2.04204147e+00
 -1.36490747e-01 2.01591892e+00
 -6.24415093e-02 1.99139815e+00
 -5.31967565e-02 1.96840239e+00
 -7.73600761e-03 1.94686177e+00
 -4.61155122e-02 1.92671274e+00
 -4.39875198e-02 1.90789759e+00
 1.60047541e-02 1.89036393e+00
 3.74030090e-02 1.87406432e+00
 1.93222745e-02 1.85895591e+00
 -6.96432948e-02 1.84500012e+00
 5.90760882e-02 1.83216235e+00
 -5.61166171e-02 1.82041178e+00
 1.25793306e-02 1.80972114e+00
 -3.40783424e-02 1.80006652e+00
 5.19539498e-02 1.79142725e+00
 3.08783719e-02 1.78378576e+00
 9.06781788e-03 1.77712747e+00
 -2.98579992e-02 1.77144071e+00
 1.25570126e-02 1.76671669e+00
 -1.42095748e-02 1.76294943e+00
 -4.57673123e-02 1.76013577e+00
 6.94505850e-02 1.75827533e+00
 -5.97390490e-02 1.75737060e+00
 4.39212997e-02 1.75742692e+00
 -4.54245416e-02 1.75845261e+00
 -5.61438497e-02 1.76045901e+00
 2.72948998e-02 1.76346061e+00
 -1.66933918e-02 1.76747521e+00
 -2.42023352e-02 1.77252407e+00
 1.10988240e-02 1.77863214e+00
 -7.73747418e-02 1.78582828e+00
 6.44129865e-05 1.79414552e+00
 2.90818182e-02 1.80362142e+00
 -7.50096120e-03 1.81429843e+00
 6.65978026e-03 1.82622431e+00
 -3.21213606e-02 1.83945264e+00
 6.79009687e-02 1.85404336e+00
 1.02597042e-01 1.87006347e+00
 -2.76488231e-04 1.88758776e+00
 5.15976743e-02 1.90669968e+00
 5.01142343e-02 1.92749237e+00
 -7.62694859e-03 1.95006981e+00
 3.34486028e-02 1.97454821e+00
 -4.44272939e-02 2.00105757e+00
 7.25932253e-02 2.02974357e+00
 4.57665312e-02 2.06076971e+00
 9.11665849e-02 2.09431992e+00
 1.13424831e-01 2.13060160e+00
 1.20779433e-01 2.16984921e+00
 8.61224702e-02 2.21232860e+00
 4.82829015e-02 2.25834221e+00
 7.81907573e-02 2.30823531e+00
 1.37672285e-01 2.36240360e+00
 8.94789338e-02 2.42130246e+00
 1.26828290e-01 2.48545840e+00
 2.00071892e-01 2.55548310e+00
 1.75808211e-01 2.63209109e+00
 1.97831148e-01 2.71612183e+00
 1.77702898e-01 2.80856778e+00
 2.15663215e-01 2.91061036e+00
 2.37511825e-01 3.02366638e+00
 2.22804163e-01 3.14944875e+00
 2.20166715e-01 3.29004668e+00
 2.52312265e-01 3.44803307e+00
 3.61492593e-01 3.62661007e+00
 3.91080991e-01 3.82980928e+00
 4.41473360e-01 4.06277127e+00
 5.07222703e-01 4.33214186e+00
 6.89834247e-01 4.64664302e+00
 7.09045013e-01 5.01790760e+00
 9.10454660e-01 5.46171414e+00
 1.14006931e+00 5.99981979e+00
 1.52911926e+00 6.66263043e+00
 1.90824975e+00 7.49277694e+00
 2.73633736e+00 8.54838601e+00
 3.93060814e+00 9.89827636e+00
 6.12971013e+00 1.15693862e+01
 9.94669431e+00 1.32527982e+01
 1.71465676e+01 1.29883274e+01
 2.55040790e+01 5.00534990e+00
 2.30655581e+01 -8.08527430e+00
 1.42112624e+01 -1.25859889e+01
 8.26767959e+00 -1.17168618e+01
 5.11173113e+00 -9.95522933e+00
 3.45642556e+00 -8.39646285e+00
 2.53493236e+00 -7.16098058e+00
 1.80443904e+00 -6.19417384e+00
 1.35400292e+00 -5.42948720e+00
 1.15392724e+00 -4.81473234e+00
 9.09909824e-01 -4.31221547e+00
 8.00267337e-01 -3.89505939e+00
 6.42926349e-01 -3.54394461e+00
 6.18295704e-01 -3.24477563e+00
 4.13624891e-01 -2.98709458e+00
 4.17449912e-01 -2.76301236e+00
 3.18894292e-01 -2.56648308e+00
 3.09282757e-01 -2.39280523e+00
 1.30514527e-01 -2.23827327e+00
 1.53846295e-01 -2.09993058e+00
 1.64271363e-01 -1.97539140e+00
 1.34658521e-01 -1.86271071e+00
 9.37997650e-02 -1.76028782e+00
 2.18047429e-01 -1.66679396e+00
 1.41008629e-01 -1.58111723e+00
 1.07040932e-01 -1.50232038e+00
 1.24695868e-01 -1.42960794e+00
 1.11520578e-01 -1.36230053e+00
 1.63076528e-01 -1.29981445e+00
 1.53228217e-01 -1.24164549e+00
 3.25470102e-03 -1.18735585e+00
 1.52532658e-01 -1.13656354e+00
 5.87586021e-02 -1.08893380e+00
 1.31151794e-01 -1.04417194e+00
 1.36477040e-01 -1.00201755e+00
 -9.95240679e-02 -9.62239619e-01
 -3.39620947e-03 -9.24632444e-01
 1.77822371e-02 -8.89012247e-01
 1.99748940e-02 -8.55214282e-01
 -1.06945380e-02 -8.23090394e-01
 4.14525128e-02 -7.92506941e-01
 2.78289482e-02 -7.63343010e-01
 8.37374514e-02 -7.35488895e-01
 3.17611047e-02 -7.08844773e-01
 4.40625757e-02 -6.83319569e-01
 1.08618096e-02 -6.58829963e-01
 -7.38747291e-02 -6.35299528e-01
 8.20717166e-02 -6.12657972e-01
 7.43401247e-02 -5.90840476e-01
 2.33967435e-02 -5.69787114e-01
 -4.92938097e-02 -5.49442329e-01
 1.42086763e-01 -5.29754482e-01
 1.73591797e-02 -5.10675443e-01
 -2.01408050e-02 -4.92160225e-01
 -4.57669288e-02 -4.74166658e-01
 -3.66424960e-02 -4.56655101e-01
 4.96991220e-02 -4.39588170e-01
 -1.32474079e-02 -4.22930501e-01
 -9.43057320e-03 -4.06648533e-01
 2.88453515e-02 -3.90710301e-01
 1.27316784e-01 -3.75085259e-01
 -2.23819150e-02 -3.59744102e-01
 7.36656259e-02 -3.44658612e-01
 2.54390201e-02 -3.29801504e-01
 3.35613003e-02 -3.15146289e-01
 3.32810822e-02 -3.00667135e-01
 4.60360681e-02 -2.86338740e-01
 1.02016570e-01 -2.72136206e-01
 3.12030407e-02 -2.58034917e-01
 -1.86462400e-02 -2.44010416e-01
 5.91968147e-02 -2.30038285e-01
 3.85697505e-02 -2.16094020e-01
 7.54619808e-03 -2.02152913e-01
 8.98515300e-03 -1.88189915e-01
 1.20808695e-01 -1.74179508e-01
 4.95076536e-03 -1.60095564e-01
 -2.51072854e-02 -1.45911197e-01
 5.93183022e-02 -1.31598601e-01
 1.38346770e-01 -1.17128885e-01
 6.05789669e-02 -1.02471882e-01
 6.37932412e-02 -8.75959512e-02
 7.18792361e-02 -7.24677518e-02
 4.89453865e-02 -5.70519991e-02
 8.05077633e-02 -4.13111892e-02
 -1.44596863e-02 -2.52052928e-02
 1.76527239e-02 -8.69141062e-03
 5.74544652e-02 8.27661615e-03
 -2.71200772e-02 2.57486475e-02
 3.49721647e-03 4.37787481e-02
 -4.32287241e-02 6.24257637e-02
 4.03149773e-02 8.17539842e-02
 6.76961285e-02 1.01833908e-01
 1.13964915e-01 1.22743132e-01
 5.53242184e-02 1.44567381e-01
 -1.66054945e-02 1.67401723e-01
 1.00478269e-02 1.91351984e-01
 1.50429245e-01 2.16536436e-01
 6.82261571e-02 2.43087782e-01
 -1.02708174e-01 2.71155542e-01
 1.35057424e-01 3.00908900e-01
 1.34728356e-01 3.32540153e-01
 8.44213921e-02 3.66268881e-01
 1.44434168e-01 4.02347061e-01
 1.66241337e-01 4.41065335e-01
 4.07800847e-02 4.82760786e-01
 2.02596676e-01 5.27826640e-01
 2.33898135e-01 5.76724464e-01
 1.39673973e-01 6.29999653e-01
 1.32264707e-01 6.88301257e-01
 1.21183853e-01 7.52407621e-01
 1.60119080e-01 8.23259897e-01
 1.33543541e-01 9.02006326e-01
 2.05237422e-01 9.90061461e-01
 2.45516888e-01 1.08918637e+00
 1.68844661e-01 1.20159871e+00
 2.62808633e-01 1.33012577e+00
 3.54664748e-01 1.47842030e+00
 4.25001625e-01 1.65126846e+00
 4.01670267e-01 1.85503313e+00
 5.86967850e-01 2.09829285e+00
 7.01588628e-01 2.39274568e+00
 9.41449657e-01 2.75439861e+00
 1.20684266e+00 3.20474850e+00
 1.68237093e+00 3.77022146e+00
 2.38856207e+00 4.47191685e+00
 3.71250557e+00 5.27075959e+00
 6.09528850e+00 5.82425341e+00
 1.01404945e+01 4.70223665e+00
 1.28007935e+01 -3.41316656e-01
 1.02952779e+01 -5.61936641e+00
 6.37929297e+00 -6.95509694e+00
 3.84517773e+00 -6.45553404e+00
 2.51088039e+00 -5.65998129e+00
 1.78500228e+00 -4.95199530e+00
 1.16213483e+00 -4.38016491e+00
 9.88115938e-01 -3.92508595e+00
 7.41415762e-01 -3.56032459e+00
 4.49183895e-01 -3.26408546e+00
 4.19938380e-01 -3.02007975e+00
 2.64773103e-01 -2.81639405e+00
 3.06250085e-01 -2.64429433e+00
 1.42652564e-01 -2.49730703e+00
 1.90281746e-01 -2.37056719e+00
 1.89599405e-01 -2.26036560e+00
 2.18924103e-01 -2.16383424e+00
 1.68227850e-01 -2.07872602e+00
 1.42156388e-01 -2.00325852e+00
 1.65184503e-01 -1.93600180e+00
 1.20453909e-01 -1.87579665e+00
 1.16961064e-01 -1.82169436e+00
 5.38114761e-02 -1.77291161e+00
 9.85638548e-02 -1.72879642e+00
 4.98051529e-02 -1.68880215e+00
 8.03139020e-02 -1.65246729e+00
 5.74420499e-02 -1.61939982e+00
 4.81254702e-02 -1.58926482e+00
 1.17629886e-02 -1.56177464e+00
 -1.27133203e-02 -1.53668106e+00
 8.91382628e-03 -1.51376892e+00
 1.12896134e-01 -1.49285098e+00
 -2.92639242e-02 -1.47376368e+00
 -4.98327503e-02 -1.45636373e+00
 7.56657440e-04 -1.44052518e+00
 1.23554502e-02 -1.42613707e+00
 6.55977998e-02 -1.41310143e+00
 4.98488459e-02 -1.40133159e+00
 -4.52917368e-03 -1.39075079e+00
 -8.22030417e-03 -1.38129096e+00
 2.54375310e-02 -1.37289171e+00
 1.45518796e-02 -1.36549949e+00
 1.94537506e-02 -1.35906680e+00
 1.08489443e-01 -1.35355159e+00
 6.40285640e-02 -1.34891670e+00
 -3.28998928e-02 -1.34512940e+00
 2.34683431e-02 -1.34216098e+00
 -1.01007779e-02 -1.33998637e+00
 -3.38253459e-02 -1.33858392e+00
 -4.20635368e-03 -1.33793506e+00
 -1.16196602e-01 -1.33802411e+00
 -1.52951607e-03 -1.33883812e+00
 5.41039378e-02 -1.34036665e+00
 -2.15832546e-02 -1.34260169e+00
 2.48399573e-02 -1.34553751e+00
 -1.62936609e-02 -1.34917061e+00
 -5.39056199e-02 -1.35349960e+00
 -1.81685903e-02 -1.35852519e+00
 -4.26829868e-03 -1.36425012e+00
 2.66913395e-03 -1.37067915e+00
 -7.36958936e-02 -1.37781907e+00
 -3.78596952e-02 -1.38567869e+00
 3.84738250e-02 -1.39426886e+00
 -3.17051306e-02 -1.40360252e+00
 -3.74776354e-02 -1.41369476e+00
 -7.49535485e-03 -1.42456285e+00
 7.50738798e-02 -1.43622636e+00
 -3.28390651e-03 -1.44870726e+00
 1.08318078e-02 -1.46203003e+00
 -2.76667551e-02 -1.47622177e+00
 -4.00350626e-02 -1.49131240e+00
 -4.88067337e-03 -1.50733483e+00
 -9.65216790e-02 -1.52432514e+00
 -5.69894403e-02 -1.54232283e+00
 -9.54960766e-02 -1.56137111e+00
 -3.52564377e-02 -1.58151714e+00
 -7.10435393e-02 -1.60281240e+00
 -4.85512643e-02 -1.62531307e+00
 -3.20683853e-02 -1.64908043e+00
 -3.45461021e-02 -1.67418137e+00
 -6.97859824e-02 -1.70068891e+00
 -4.48809747e-02 -1.72868283e+00
 -1.34085459e-01 -1.75825036e+00
 -1.75041878e-01 -1.78948696e+00
 -4.27616860e-02 -1.82249726e+00
 -1.05818328e-01 -1.85739602e+00
 -5.70829726e-02 -1.89430938e+00
 2.03188070e-02 -1.93337614e+00
 -7.47441227e-02 -1.97474934e+00
 -8.10733650e-02 -2.01859805e+00
 -8.91939948e-02 -2.06510940e+00
 -1.91510032e-01 -2.11449101e+00
 -1.16242359e-01 -2.16697375e+00
 -1.30149854e-01 -2.22281500e+00
 -1.22853805e-01 -2.28230249e+00
 -1.22409751e-01 -2.34575880e+00
 -1.19858180e-01 -2.41354668e+00
 -2.31385511e-01 -2.48607541e+00
 -1.81064547e-01 -2.56380837e+00
 -2.18508137e-01 -2.64727214e+00
 -2.67448534e-01 -2.73706755e+00
 -2.07986488e-01 -2.83388299e+00
 -2.04524829e-01 -2.93851082e+00
 -2.26503664e-01 -3.05186744e+00
 -3.66042826e-01 -3.17501829e+00
 -2.50087688e-01 -3.30920900e+00
 -3.68494978e-01 -3.45590459e+00
 -4.39741866e-01 -3.61683932e+00
 -2.86212862e-01 -3.79408043e+00
 -3.40032109e-01 -3.99011070e+00
 -5.15013634e-01 -4.20793625e+00
 -5.16977438e-01 -4.45122889e+00
 -6.43141804e-01 -4.72451638e+00
 -6.97625960e-01 -5.03343936e+00
 -8.89178847e-01 -5.38510283e+00
 -9.02475532e-01 -5.78856241e+00
 -1.02504551e+00 -6.25550376e+00
 -1.35580895e+00 -6.80119923e+00
 -1.65323186e+00 -7.44585398e+00
 -1.95796837e+00 -8.21646929e+00
 -2.50976179e+00 -9.14927257e+00
 -3.27785274e+00 -1.02923010e+01
 -4.39641045e+00 -1.17057785e+01
 -5.93609275e+00 -1.34502676e+01
 -8.67499161e+00 -1.55224227e+01
 -1.35116113e+01 -1.75809895e+01
 -2.16137340e+01 -1.79399552e+01
 -3.25945928e+01 -1.15540473e+01
 -3.62627220e+01 4.37093990e+00
 -2.72540035e+01 1.62853022e+01
 -1.70972958e+01 1.85301035e+01
 -1.08832058e+01 1.69775944e+01
 -7.26146205e+00 1.48313783e+01
 -5.10179425e+00 1.29137050e+01
 -3.63748837e+00 1.13405771e+01
 -2.88521212e+00 1.00698241e+01
 -2.24468819e+00 9.03826476e+00
 -1.78579797e+00 8.19153134e+00
 -1.42390036e+00 7.48777118e+00
 -1.23282908e+00 6.89568050e+00
 -1.04843189e+00 6.39190118e+00
 -8.63143357e-01 5.95887156e+00
 -8.62897564e-01 5.58323729e+00
 -7.48173080e-01 5.25471522e+00
 -6.21091357e-01 4.96528689e+00
 -5.20017319e-01 4.70862367e+00
 -4.32371686e-01 4.47967344e+00
 -3.33263562e-01 4.27436007e+00
 -4.68413169e-01 4.08936232e+00
 -3.12578094e-01 3.92194931e+00
 -3.74026026e-01 3.76985662e+00
 -2.71400557e-01 3.63119192e+00
 -2.87849638e-01 3.50436245e+00
 -2.45917966e-01 3.38801863e+00
 -2.29354789e-01 3.28100983e+00
 -2.58039539e-01 3.18234945e+00
 -1.87235501e-01 3.09118698e+00
 -1.34180797e-01 3.00678564e+00
 -1.26308531e-01 2.92850417e+00
 -1.80068774e-01 2.85578211e+00
 -2.06667487e-01 2.78812760e+00
 -1.66211919e-01 2.72510743e+00
 -1.06974445e-01 2.66633871e+00
 -1.05351320e-01 2.61148192e+00
 -3.89195825e-02 2.56023512e+00
 -9.03139188e-02 2.51232905e+00
 -1.53294810e-01 2.46752297e+00
 -1.24582844e-01 2.42560117e+00
 -1.21316465e-01 2.38636992e+00
 -5.63376160e-02 2.34965492e+00
 1.81710876e-02 2.31529910e+00
 -1.78933088e-02 2.28316069e+00
 -1.03936361e-01 2.25311158e+00
 -2.65013054e-02 2.22503588e+00
 -8.50288396e-02 2.19882869e+00
 -9.09957359e-02 2.17439503e+00
 8.04611599e-03 2.15164883e+00
 -1.65097065e-04 2.13051218e+00
 -6.02075803e-02 2.11091457e+00
 2.14874776e-02 2.09279225e+00
 -2.73370011e-02 2.07608766e+00
 -4.51654321e-02 2.06074900e+00
 -8.54436414e-02 2.04672973e+00
 -2.45961473e-02 2.03398825e+00
 2.84761230e-02 2.02248754e+00
 -3.08205476e-02 2.01219490e+00
 -2.61745389e-02 2.00308168e+00
 -3.00585711e-02 1.99512310e+00
 -4.46033849e-02 1.98829805e+00
 5.34043759e-02 1.98258894e+00
 -2.51546544e-02 1.97798159e+00
 -3.49890742e-02 1.97446514e+00
 1.05539220e-01 1.97203196e+00
 -1.12568280e-02 1.97067764e+00
 -2.74655488e-02 1.97040090e+00
 1.01860544e-02 1.97120367e+00
 5.62569867e-02 1.97309105e+00
 6.77615300e-02 1.97607141e+00
 3.94406269e-02 1.98015641e+00
 2.10865367e-02 1.98536113e+00
 -4.07308758e-02 1.99170417e+00
 -8.25983818e-04 1.99920782e+00
 6.04945832e-03 2.00789825e+00
 -1.78663801e-02 2.01780568e+00
 3.32393216e-02 2.02896469e+00
 6.28516330e-02 2.04141446e+00
 6.20430652e-02 2.05519914e+00
 -2.57899864e-02 2.07036824e+00
 1.07469288e-01 2.08697706e+00
 2.65172135e-02 2.10508719e+00
 2.63083568e-02 2.12476714e+00
 -4.53185852e-02 2.14609295e+00
 7.66060213e-03 2.16914901e+00
 9.89781858e-03 2.19402889e+00
 4.09011862e-02 2.22083641e+00
 -5.33572621e-02 2.24968675e+00
 8.94758013e-02 2.28070780e+00
 7.56129798e-02 2.31404174e+00
 4.59035331e-02 2.34984682e+00
 1.12524187e-02 2.38829943e+00
 3.85484151e-02 2.42959656e+00
 1.30601559e-01 2.47395867e+00
 1.44910045e-01 2.52163302e+00
 4.83406501e-02 2.57289763e+00
 6.86950534e-02 2.62806600e+00
 1.18593014e-01 2.68749265e+00
 1.26343501e-01 2.75157987e+00
 1.55590106e-01 2.82078569e+00
 1.69399232e-01 2.89563366e+00
 1.78991095e-01 2.97672460e+00
 2.36733100e-01 3.06475116e+00
 2.58087157e-01 3.16051553e+00
 2.04523099e-01 3.26495162e+00
 2.86122667e-01 3.37915265e+00
 3.82045399e-01 3.50440589e+00
 3.55021415e-01 3.64223686e+00
 4.14753830e-01 3.79446588e+00
 4.22101308e-01 3.96328121e+00
 4.01513947e-01 4.15133456e+00
 5.98006334e-01 4.36186704e+00
 6.59693636e-01 4.59887712e+00
 5.59427299e-01 4.86734676e+00
 7.73735938e-01 5.17354925e+00
 8.45069545e-01 5.52547170e+00
 1.03960451e+00 5.93339858e+00
 1.23397492e+00 6.41071722e+00
 1.53863438e+00 6.97501406e+00
 1.86421121e+00 7.64949724e+00
 2.41742073e+00 8.46458901e+00
 3.19804733e+00 9.45877078e+00
 4.09018145e+00 1.06749880e+01
 5.79705892e+00 1.21388518e+01
 8.49799294e+00 1.37681449e+01
 1.31216636e+01 1.50382731e+01
 2.03642744e+01 1.39881686e+01
 2.81908213e+01 6.51601884e+00
 2.79772697e+01 -6.07766827e+00
 2.01451373e+01 -1.33405416e+01
 1.29587063e+01 -1.42888103e+01
 8.50168847e+00 -1.30004193e+01
 5.74916566e+00 -1.13768116e+01
 4.14391317e+00 -9.92225658e+00
 3.09188324e+00 -8.71410269e+00
 2.41425106e+00 -7.72602375e+00
 1.86959171e+00 -6.91530504e+00
 1.48430585e+00 -6.24382726e+00
 1.16533422e+00 -5.68147823e+00
 1.13153295e+00 -5.20528414e+00
 9.26421448e-01 -4.79782920e+00
 7.70096454e-01 -4.44584938e+00
 7.19343218e-01 -4.13914957e+00
 6.90617177e-01 -3.86980791e+00
 6.57880816e-01 -3.63159918e+00
 4.57654520e-01 -3.41957708e+00
 3.66347526e-01 -3.22976979e+00
 3.87399192e-01 -3.05895619e+00
 2.11720985e-01 -2.90449955e+00
 4.24564265e-01 -2.76422282e+00
 2.90555555e-01 -2.63631398e+00
 2.73140994e-01 -2.51925350e+00
 2.09897823e-01 -2.41175829e+00
 2.38405747e-01 -2.31273788e+00
 1.33311262e-01 -2.22125991e+00
 2.22067552e-01 -2.13652270e+00
 1.26524886e-01 -2.05783333e+00
 2.23840157e-01 -1.98458995e+00
 1.39632496e-01 -1.91626736e+00
 1.66911027e-01 -1.85240529e+00
 4.69600696e-02 -1.79259873e+00
 1.96802076e-01 -1.73648992e+00
 1.66764754e-01 -1.68376173e+00
 1.05418621e-01 -1.63413201e+00
 1.43914079e-01 -1.58734902e+00
 7.81326846e-02 -1.54318738e+00
 8.77591352e-03 -1.50144478e+00
 8.35760890e-02 -1.46193911e+00
 6.19813406e-02 -1.42450600e+00
 8.16112868e-02 -1.38899673e+00
 1.15069465e-01 -1.35527641e+00
 2.15181678e-02 -1.32322246e+00
 2.23109207e-02 -1.29272320e+00
 4.43580275e-02 -1.26367670e+00
 1.06765105e-01 -1.23598973e+00
 9.52143111e-02 -1.20957687e+00
 4.83258741e-02 -1.18435970e+00
 -1.42370697e-02 -1.16026613e+00
 1.42352383e-01 -1.13722975e+00
 -1.09437898e-02 -1.11518930e+00
 6.26092492e-02 -1.09408819e+00
 -1.45897971e-02 -1.07387405e+00
 3.25515068e-02 -1.05449837e+00
 3.03497648e-03 -1.03591613e+00
 7.12681336e-02 -1.01808554e+00
 -1.11641045e-02 -1.00096770e+00
 4.36612608e-03 -9.84526384e-01
 -4.96328118e-02 -9.68727845e-01
 6.58327377e-02 -9.53540566e-01
 -5.11330671e-04 -9.38935109e-01
 -1.40494594e-02 -9.24883937e-01
 -2.64624284e-02 -9.11361276e-01
 1.13148957e-02 -8.98342968e-01
 2.92545452e-02 -8.85806360e-01
 3.07573506e-02 -8.73730184e-01
 6.61985931e-02 -8.62094458e-01
 -4.33019164e-02 -8.50880394e-01
 -3.83080762e-02 -8.40070312e-01
 1.93459617e-02 -8.29647562e-01
 2.35931414e-03 -8.19596453e-01
 -1.39525029e-02 -8.09902189e-01
 1.76243773e-02 -8.00550807e-01
 7.54484861e-02 -7.91529121e-01
 3.33200345e-03 -7.82824674e-01
 9.13385833e-04 -7.74425691e-01
 2.18254404e-02 -7.66321033e-01
 3.79202864e-02 -7.58500159e-01
 4.17131907e-02 -7.50953089e-01
 -4.48855149e-02 -7.43670370e-01
 4.42222599e-02 -7.36643044e-01
 3.91854905e-02 -7.29862620e-01
 1.25491733e-01 -7.23321044e-01
 1.12601303e-01 -7.17010677e-01
 4.08341617e-02 -7.10924269e-01
 1.10458605e-02 -7.05054940e-01
 1.94153655e-02 -6.99396158e-01
 5.03410017e-02 -6.93941719e-01
 -8.94950755e-02 -6.88685732e-01
 -3.48603867e-02 -6.83622602e-01
 -3.70336465e-02 -6.78747014e-01
 6.60991186e-02 -6.74053919e-01
 5.03197547e-02 -6.69538520e-01
 1.07147254e-02 -6.65196262e-01
 3.99126645e-02 -6.61022818e-01
 -1.78813165e-02 -6.57014079e-01
 -2.47285126e-02 -6.53166146e-01
 8.10062102e-02 -6.49475316e-01
 -8.59214645e-02 -6.45938076e-01
 -3.10080397e-02 -6.42551096e-01
 3.20802800e-02 -6.39311219e-01
 2.55314423e-02 -6.36215456e-01
 5.19931442e-02 -6.33260974e-01
 4.10463596e-03 -6.30445098e-01
 2.17007394e-02 -6.27765299e-01
 1.43429202e-02 -6.25219188e-01
 -2.05395029e-02 -6.22804518e-01
 -1.00242800e-01 -6.20519169e-01
 -1.72271614e-03 -6.18361152e-01
 -7.06157603e-02 -6.16328602e-01
 -5.81059978e-02 -6.14419772e-01
 -2.32776365e-03 -6.12633033e-01
 -1.22379272e-02 -6.10966867e-01
 -1.74057513e-02 -6.09419868e-01
 -1.69092221e-02 -6.07990737e-01
 -1.12344898e-03 -6.06678278e-01
 -8.10199498e-02 -6.05481400e-01
 -5.05144487e-02 -6.04399109e-01
 1.15668203e-01 -6.03430512e-01
 6.44558147e-02 -6.02574811e-01
 6.38672637e-02 -6.01831302e-01
 -2.18038441e-02 -6.01199378e-01
 2.52166550e-02 -6.00678521e-01
 -5.49132687e-03 -6.00268307e-01
 4.94104343e-02 -5.99968401e-01
 -1.06768977e-01 -5.99778558e-01
 3.25287738e-02 -5.99698624e-01
 4.95791564e-02 -5.99728534e-01
 -9.16165393e-03 -5.99868312e-01
 4.76366569e-02 -6.00118070e-01
 -6.97689596e-04 -6.00478010e-01
 5.70532108e-03 -6.00948426e-01
 7.12060583e-03 -6.01529699e-01
 5.54107396e-02 -6.02222304e-01
 -6.67686766e-03 -6.03026806e-01
 7.68973443e-03 -6.03943864e-01
 3.60754099e-02 -6.04974231e-01
 3.52464130e-02 -6.06118756e-01
 8.50634276e-02 -6.07378385e-01
 5.05842463e-02 -6.08754164e-01
 -6.06290430e-02 -6.10247239e-01
 6.98309654e-02 -6.11858861e-01
 1.55528402e-02 -6.13590385e-01
 -2.27043202e-02 -6.15443277e-01
 -1.05213988e-01 -6.17419113e-01
 -8.20635470e-02 -6.19519583e-01
 2.31769414e-03 -6.21746498e-01
 -4.22501939e-02 -6.24101788e-01
 5.78318036e-02 -6.26587510e-01
 -6.57175118e-02 -6.29205851e-01
 2.59122403e-03 -6.31959132e-01
 -3.65445258e-02 -6.34849817e-01
 -1.89404110e-02 -6.37880510e-01
 3.95317147e-02 -6.41053970e-01
 2.89900760e-02 -6.44373110e-01
 -2.21266250e-02 -6.47841007e-01
 -1.58774712e-02 -6.51460910e-01
 -2.58275616e-02 -6.55236243e-01
 -2.73607128e-02 -6.59170618e-01
 2.46872190e-02 -6.63267840e-01
 -2.70305676e-02 -6.67531917e-01
 -2.12584858e-02 -6.71967073e-01
 1.36022485e-02 -6.76577751e-01
 -4.41656481e-02 -6.81368633e-01
 1.09363113e-02 -6.86344646e-01
 -3.41424724e-02 -6.91510977e-01
 -5.50611291e-03 -6.96873084e-01
 3.15705068e-02 -7.02436718e-01
 -7.93955083e-02 -7.08207929e-01
 -6.16197716e-02 -7.14193090e-01
 -2.05190494e-02 -7.20398914e-01
 -1.99275929e-02 -7.26832469e-01
 -4.35760458e-02 -7.33501207e-01
 -3.50144021e-02 -7.40412978e-01
 -2.62853095e-03 -7.47576060e-01
 7.41488769e-04 -7.54999185e-01
 -3.53675230e-02 -7.62691562e-01
 -1.10654639e-02 -7.70662914e-01
 -3.82685265e-02 -7.78923508e-01
 -9.49364942e-02 -7.87484187e-01
 -6.66166695e-02 -7.96356416e-01
 2.19967635e-02 -8.05552316e-01
 -6.90110188e-02 -8.15084713e-01
 -5.18989261e-02 -8.24967187e-01
 5.66498826e-02 -8.35214123e-01
 -2.88272022e-02 -8.45840768e-01
 8.54998597e-03 -8.56863298e-01
 -8.42840208e-03 -8.68298882e-01
 7.48536502e-02 -8.80165756e-01
 -3.68082455e-02 -8.92483308e-01
 6.16009202e-03 -9.05272164e-01
 -4.30604526e-02 -9.18554286e-01
 -9.51024154e-02 -9.32353078e-01
 -1.13535659e-01 -9.46693503e-01
 -7.25691519e-02 -9.61602215e-01
 2.91509582e-03 -9.77107692e-01
 -1.12750065e-01 -9.93240403e-01
 -5.48405961e-02 -1.01003297e+00
 -3.87541839e-02 -1.02752037e+00
 2.55309263e-02 -1.04574013e+00
 2.21627426e-02 -1.06473257e+00
 -4.35198053e-02 -1.08454108e+00
 -1.39627743e-01 -1.10521238e+00
 -3.29427294e-02 -1.12679686e+00
 -1.06753200e-01 -1.14934894e+00
 -6.14287740e-02 -1.17292748e+00
 -1.32802792e-01 -1.19759622e+00
 -1.93861743e-02 -1.22342432e+00
 2.59309158e-02 -1.25048690e+00
 3.66058484e-03 -1.27886574e+00
 -9.75021825e-02 -1.30864998e+00
 -6.17564466e-02 -1.33993698e+00
 -1.20642680e-01 -1.37283330e+00
 -9.92183428e-02 -1.40745576e+00
 -1.86423329e-01 -1.44393272e+00
 -1.50689644e-01 -1.48240551e+00
 -8.52268629e-02 -1.52303015e+00
 -1.48171782e-01 -1.56597921e+00
 -1.54241271e-01 -1.61144411e+00
 -1.25844898e-01 -1.65963770e+00
 -1.41587589e-01 -1.71079734e+00
 -1.17716965e-01 -1.76518852e+00
 -1.41707921e-01 -1.82310906e+00
 -2.47738995e-01 -1.88489419e+00
 -1.75453286e-01 -1.95092252e+00
 -2.63807981e-01 -2.02162325e+00
 -2.37850273e-01 -2.09748478e+00
 -1.84726388e-01 -2.17906518e+00
 -2.34048046e-01 -2.26700493e+00
 -1.89390141e-01 -2.36204250e+00
 -2.57841645e-01 -2.46503352e+00
 -2.33605099e-01 -2.57697468e+00
 -3.82850525e-01 -2.69903348e+00
 -3.70279965e-01 -2.83258574e+00
 -3.44583011e-01 -2.97926326e+00
 -4.55527009e-01 -3.14101473e+00
 -4.78275446e-01 -3.32018438e+00
 -5.64938253e-01 -3.51961442e+00
 -5.65640084e-01 -3.74277943e+00
 -7.95553313e-01 -3.99396437e+00
 -7.69379366e-01 -4.27850186e+00
 -9.58008935e-01 -4.60308991e+00
 -1.06348197e+00 -4.97621762e+00
 -1.20086075e+00 -5.40873031e+00
 -1.54699929e+00 -5.91455813e+00
 -1.94310691e+00 -6.51158448e+00
 -2.36186093e+00 -7.22245238e+00
 -3.00227774e+00 -8.07452225e+00
 -3.87001186e+00 -9.09632578e+00
 -5.17695038e+00 -1.03018527e+01
 -7.43928836e+00 -1.16346243e+01
 -1.08649654e+01 -1.27847700e+01
 -1.63736475e+01 -1.26744270e+01
 -2.31257998e+01 -8.73573394e+00
 -2.66532219e+01 6.89071094e-01
 -2.27294360e+01 9.84448107e+00
 -1.58890411e+01 1.34414334e+01
 -1.06495571e+01 1.34155777e+01
 -7.25446828e+00 1.22389600e+01
 -5.22258186e+00 1.09138180e+01
 -3.86125407e+00 9.72316818e+00
 -2.90615868e+00 8.71584378e+00
 -2.30610560e+00 7.87616264e+00
 -1.84300840e+00 7.17557500e+00
 -1.53178571e+00 6.58709346e+00
 -1.22110813e+00 6.08847317e+00
 -1.10567056e+00 5.66216431e+00
 -9.09804901e-01 5.29449661e+00
 -8.27037322e-01 4.97482241e+00
 -6.97978081e-01 4.69480217e+00
 -6.93054216e-01 4.44785157e+00
 -5.68276974e-01 4.22872512e+00
 -5.03171030e-01 4.03320532e+00
 -4.04963858e-01 3.85787045e+00
 -3.72881644e-01 3.69992030e+00
 -3.39509296e-01 3.55704438e+00
 -3.40607107e-01 3.42732153e+00
 -2.86213763e-01 3.30914274e+00
 -2.39046428e-01 3.20115127e+00
 -1.92684193e-01 3.10219591e+00
 -1.89484908e-01 3.01129406e+00
 -2.01297960e-01 2.92760245e+00
 -2.04677591e-01 2.85039366e+00
 -1.30203425e-01 2.77903724e+00
 -1.19914283e-01 2.71298433e+00
 -9.63382145e-02 2.65175515e+00
 -1.53209912e-01 2.59492866e+00
 -1.38606747e-01 2.54213411e+00
 -6.70964406e-02 2.49304388e+00
 -1.23297574e-01 2.44736762e+00
 -1.23728342e-01 2.40484729e+00
 -1.41810129e-01 2.36525294e+00
 -4.74206668e-02 2.32837919e+00
 -7.70112986e-02 2.29404223e+00
 -9.99481384e-02 2.26207722e+00
 -2.06867575e-01 2.23233611e+00
 -6.47909265e-02 2.20468574e+00
 -5.88405353e-02 2.17900618e+00
 -1.11725903e-01 2.15518937e+00
 -6.36700684e-02 2.13313788e+00
 -8.86394670e-02 2.11276380e+00
 -3.86776827e-03 2.09398790e+00
 1.80903149e-02 2.07673875e+00
 -3.30252235e-02 2.06095207e+00
 3.11403711e-02 2.04657006e+00
 -3.83427471e-02 2.03354092e+00
 -1.08262434e-02 2.02181835e+00
 -5.69091825e-02 2.01136114e+00
 1.85327194e-02 2.00213282e+00
 1.02088160e-02 1.99410136e+00
 -7.90842247e-02 1.98723888e+00
 4.07804386e-02 1.98152145e+00
 -6.32908044e-02 1.97692885e+00
 -1.37675012e-02 1.97344447e+00
 5.24140391e-02 1.97105512e+00
 1.16196720e-01 1.96975094e+00
 -5.19286984e-02 1.96952532e+00
 1.17155712e-02 1.97037487e+00
 1.00393901e-01 1.97229933e+00
 1.56671491e-02 1.97530160e+00
 -1.10641880e-01 1.97938773e+00
 4.32062912e-02 1.98456699e+00
 -2.72263344e-03 1.99085187e+00
 7.67641633e-02 1.99825822e+00
 -4.46515313e-02 2.00680531e+00
 -4.63368089e-02 2.01651600e+00
 3.20927878e-02 2.02741689e+00
 9.21274733e-02 2.03953847e+00
 -1.28857357e-02 2.05291543e+00
 1.10629919e-01 2.06758683e+00
 1.33757422e-01 2.08359647e+00
 -2.21627749e-02 2.10099320e+00
 7.06751043e-03 2.11983131e+00
 2.25377311e-02 2.14017101e+00
 -2.89555211e-02 2.16207891e+00
 4.25854930e-02 2.18562863e+00
 1.42051057e-01 2.21090145e+00
 1.19576332e-01 2.23798711e+00
 8.49459706e-02 2.26698460e+00
 1.04269726e-01 2.29800325e+00
 1.66988437e-01 2.33116378e+00
 1.85183977e-01 2.36659967e+00
 -2.92583748e-02 2.40445862e+00
 8.03709044e-02 2.44490433e+00
 9.16356366e-02 2.48811844e+00
 1.40966249e-01 2.53430289e+00
 1.39073203e-01 2.58368265e+00
 7.06589965e-02 2.63650882e+00
 7.74606889e-02 2.69306236e+00
 2.19803884e-01 2.75365846e+00
 1.99231275e-01 2.81865166e+00
 2.48847560e-01 2.88844196e+00
 1.88492137e-01 2.96348209e+00
 1.58735042e-01 3.04428628e+00
 3.16195167e-01 3.13144067e+00
 2.86759260e-01 3.22561610e+00
 3.01122796e-01 3.32758356e+00
 2.84752183e-01 3.43823315e+00
 3.23798230e-01 3.55859743e+00
 3.40548755e-01 3.68988050e+00
 3.71913376e-01 3.83349421e+00
 4.74187359e-01 3.99110382e+00
 5.13209782e-01 4.16468591e+00
 4.85658638e-01 4.35660244e+00
 6.66506047e-01 4.56969613e+00
 6.76069387e-01 4.80741441e+00
 7.50894957e-01 5.07397150e+00
 9.02975828e-01 5.37456198e+00
 1.04431119e+00 5.71564314e+00
 1.18435990e+00 6.10530882e+00
 1.44832775e+00 6.55378066e+00
 1.63513186e+00 7.07403972e+00
 2.01377469e+00 7.68259238e+00
 2.41656237e+00 8.40025967e+00
 3.01645072e+00 9.25254416e+00
 3.85497393e+00 1.02681087e+01
 5.02070992e+00 1.14707949e+01
 6.90722712e+00 1.28510557e+01
 9.71518545e+00 1.42737704e+01
 1.43433083e+01 1.52036779e+01
 2.07197356e+01 1.40621577e+01
 2.78264517e+01 7.95113296e+00
 2.95946058e+01 -3.07019058e+00
 2.40621548e+01 -1.17921765e+01
 1.68636856e+01 -1.47174030e+01
 1.14108165e+01 -1.44026992e+01
 7.93646972e+00 -1.30906203e+01
 5.71792637e+00 -1.16651039e+01
 4.25751264e+00 -1.03828344e+01
 3.28194468e+00 -9.28994045e+00
 2.65234013e+00 -8.37154855e+00
 2.10450508e+00 -7.59956596e+00
 1.78896782e+00 -6.94683350e+00
 1.52504398e+00 -6.39056786e+00
 1.27983779e+00 -5.91253633e+00
 1.11054073e+00 -5.49836834e+00
 9.42256385e-01 -5.13675950e+00
 8.05415503e-01 -4.81878121e+00
 8.09968853e-01 -4.53733296e+00
 7.43198528e-01 -4.28672244e+00
 5.65334437e-01 -4.06234764e+00
 5.69151641e-01 -3.86045668e+00
 4.78458454e-01 -3.67796573e+00
 3.94886029e-01 -3.51232032e+00
 4.05295392e-01 -3.36138881e+00
 3.86448041e-01 -3.22338003e+00
 3.32340251e-01 -3.09677906e+00
 3.26034837e-01 -2.98029676e+00
 2.44208339e-01 -2.87282984e+00
 2.32159919e-01 -2.77342897e+00
 2.70420237e-01 -2.68127314e+00
 2.42629484e-01 -2.59564903e+00
 2.53936557e-01 -2.51593407e+00
 2.06900035e-01 -2.44158263e+00
 2.00933575e-01 -2.37211467e+00
 1.55688930e-01 -2.30710630e+00
 9.42171212e-02 -2.24618186e+00
 1.27137726e-01 -2.18900743e+00
 9.31706425e-02 -2.13528523e+00
 1.00790295e-01 -2.08474893e+00
 1.63445067e-01 -2.03715975e+00
 1.23641487e-01 -1.99230300e+00
 6.78416649e-02 -1.94998521e+00
 1.01639395e-01 -1.91003167e+00
 1.43368863e-01 -1.87228426e+00
 1.61522249e-01 -1.83659958e+00
 7.27296498e-02 -1.80284737e+00
 9.08383360e-02 -1.77090913e+00
 7.94384747e-02 -1.74067684e+00
 1.00510772e-01 -1.71205196e+00
 5.69642647e-02 -1.68494444e+00
 1.53356430e-02 -1.65927194e+00
 5.74187624e-02 -1.63495907e+00
 8.19790469e-02 -1.61193679e+00
 5.30309015e-02 -1.59014181e+00
 6.55999598e-02 -1.56951611e+00
 1.73892364e-02 -1.55000649e+00
 5.36633252e-02 -1.53156419e+00
 5.21327956e-02 -1.51414453e+00
 5.54997696e-02 -1.49770661e+00
 1.11489370e-01 -1.48221302e+00
 1.08342412e-01 -1.46762961e+00
 8.39922204e-02 -1.45392528e+00
 3.66487061e-02 -1.44107179e+00
 1.14120876e-01 -1.42904358e+00
 7.77523977e-02 -1.41781763e+00
 5.77304473e-02 -1.40737336e+00
 -9.79506186e-02 -1.39769249e+00
 -1.90538180e-02 -1.38875895e+00
 9.94547924e-02 -1.38055882e+00
 2.38209125e-02 -1.37308030e+00
 5.27916879e-02 -1.36631358e+00
 -7.46631951e-02 -1.36025089e+00
 -3.06730150e-02 -1.35488647e+00
 -1.26485659e-02 -1.35021652e+00
 -2.11178220e-02 -1.34623926e+00
 1.12021454e-02 -1.34295497e+00
 -1.30858511e-02 -1.34036596e+00
 1.11523278e-03 -1.33847672e+00
 -4.75500922e-02 -1.33729394e+00
 5.10869010e-02 -1.33682662e+00
 7.10057360e-03 -1.33708620e+00
 3.07319213e-02 -1.33808669e+00
 -2.48618882e-02 -1.33984485e+00
 -1.26578812e-02 -1.34238039e+00
 3.18582688e-02 -1.34571616e+00
 -8.93787225e-02 -1.34987848e+00
 -3.48643308e-02 -1.35489741e+00
 -1.49792822e-02 -1.36080712e+00
 -5.21208455e-02 -1.36764633e+00
 -3.20092698e-02 -1.37545875e+00
 -6.30483622e-02 -1.38429369e+00
 -6.25790559e-02 -1.39420669e+00
 -2.03612214e-02 -1.40526030e+00
 8.35908130e-02 -1.41752496e+00
 -3.69589866e-03 -1.43108004e+00
 -7.44132387e-02 -1.44601509e+00
 -6.96667527e-02 -1.46243128e+00
 7.52318112e-03 -1.48044310e+00
 -4.57690439e-02 -1.50018042e+00
 -2.99385290e-03 -1.52179091e+00
 -5.50516197e-02 -1.54544298e+00
 -2.57153835e-02 -1.57132925e+00
 -8.74616587e-02 -1.59967088e+00
 -1.53394627e-01 -1.63072269e+00
 -1.38635254e-01 -1.66477959e+00
 -8.87830894e-02 -1.70218437e+00
 -1.10803495e-01 -1.74333750e+00
 -9.01302147e-02 -1.78870926e+00
 -5.59861168e-02 -1.83885507e+00
 -1.69607451e-01 -1.89443491e+00
 -5.81017275e-02 -1.95623812e+00
 -2.04619488e-01 -2.02521523e+00
 -2.53704746e-01 -2.10251932e+00
 -3.62807105e-01 -2.18955970e+00
 -3.09620214e-01 -2.28807227e+00
 -3.24164389e-01 -2.40021159e+00
 -4.17976828e-01 -2.52867090e+00
 -5.26987909e-01 -2.67683578e+00
 -5.27006979e-01 -2.84897274e+00
 -6.60950637e-01 -3.05043626e+00
 -7.78854108e-01 -3.28782342e+00
 -1.07515127e+00 -3.56884489e+00
 -1.32408312e+00 -3.90121572e+00
 -1.74791152e+00 -4.28850390e+00
 -2.43566938e+00 -4.71686004e+00
 -3.43354746e+00 -5.11534224e+00
 -5.13665187e+00 -5.24919168e+00
 -7.17837882e+00 -4.52667871e+00
 -9.03816698e+00 -2.16630341e+00
 -9.00906129e+00 1.21173240e+00
 -7.12978159e+00 3.46318218e+00
 -4.91786034e+00 4.10837301e+00
 -3.39430318e+00 3.94665017e+00
 -2.44493389e+00 3.54263265e+00
 -1.77521383e+00 3.11571783e+00
 -1.39704178e+00 2.73124738e+00
 -1.08330800e+00 2.40133657e+00
 -9.45638357e-01 2.12198466e+00
 -6.29755726e-01 1.88544916e+00
 -6.76532500e-01 1.68410134e+00
 -5.03634340e-01 1.51144130e+00
 -3.95323265e-01 1.36219996e+00
 -3.25301558e-01 1.23217918e+00
 -3.26398399e-01 1.11804617e+00
 -2.41064375e-01 1.01714772e+00
 -1.96691700e-01 9.27359393e-01
 -1.98554658e-01 8.46967782e-01
 -1.72724395e-01 7.74580257e-01
 -1.85210768e-01 7.09055963e-01
 -5.90848789e-02 6.49453072e-01
 -1.48647823e-01 5.94988252e-01
 -8.48630550e-02 5.45005349e-01
 -6.31656379e-02 4.98951012e-01
 -5.83521302e-02 4.56355596e-01
 -5.26234533e-02 4.16818072e-01
 -9.80714486e-02 3.79994039e-01
 -9.24227717e-02 3.45586114e-01
 -1.38866735e-01 3.13336188e-01
 -6.48863162e-02 2.83019136e-01
 -2.21104467e-02 2.54437683e-01
 -4.88935157e-02 2.27418182e-01
 1.89682531e-02 2.01807127e-01
 -1.01092865e-01 1.77468257e-01
 -5.16166790e-02 1.54280127e-01
 1.19579768e-02 1.32134081e-01
 -7.76179248e-02 1.10932534e-01
 -4.51153745e-02 9.05875137e-02
 -8.75052991e-03 7.10194267e-02
 -1.09774820e-01 5.21559948e-02
 -6.14755419e-02 3.39313462e-02
 -3.43621945e-02 1.62852291e-02
 -4.75110733e-02 -8.37668719e-04
 -9.43792100e-02 -1.74883116e-02
 -8.06113613e-02 -3.37138335e-02
 1.08846139e-02 -4.95579919e-02
 -1.18750550e-01 -6.50615666e-02
 3.19456198e-02 -8.02627145e-02
 3.28717967e-03 -9.51972830e-02
 -6.90498113e-02 -1.09899091e-01
 -9.21076081e-02 -1.24400181e-01
 3.29093274e-02 -1.38731047e-01
 -8.18583353e-02 -1.52920839e-01
 -5.93448139e-03 -1.66997555e-01
 -5.36266925e-02 -1.80988209e-01
 -3.76448506e-02 -1.94918997e-01
 -7.61736205e-02 -2.08815443e-01
 1.45906368e-02 -2.22702543e-01
 5.68177130e-02 -2.36604893e-01
 2.43201036e-02 -2.50546823e-01
 -6.36561345e-02 -2.64552518e-01
 -2.41144273e-03 -2.78646137e-01
 1.50932526e-03 -2.92851936e-01
 -3.01308238e-02 -3.07194383e-01
 -3.29667244e-02 -3.21698279e-01
 -9.93630228e-02 -3.36388878e-01
 -3.03390196e-02 -3.51292013e-01
 -3.76128173e-02 -3.66434223e-01
 -9.07199287e-02 -3.81842890e-01
 -9.73510100e-02 -3.97546378e-01
 -1.44523116e-02 -4.13574181e-01
 -1.43543887e-02 -4.29957092e-01
 -4.95128008e-02 -4.46727364e-01
 6.80354343e-03 -4.63918907e-01
 3.10040395e-02 -4.81567482e-01
 -1.53705920e-02 -4.99710931e-01
 -4.10647461e-02 -5.18389412e-01
 -1.16364569e-01 -5.37645674e-01
 -1.52479107e-01 -5.57525354e-01
 -1.62303803e-01 -5.78077303e-01
 -1.20981316e-01 -5.99353960e-01
 -7.14486680e-02 -6.21411761e-01
 -3.06194250e-02 -6.44311608e-01
 -2.93867157e-02 -6.68119385e-01
 -4.47952769e-02 -6.92906558e-01
 -5.39779363e-02 -7.18750839e-01
 -6.35443301e-02 -7.45736955e-01
 -9.36686617e-02 -7.73957519e-01
 -1.03679104e-01 -8.03514029e-01
 -1.26480724e-01 -8.34518019e-01
 -1.44711424e-01 -8.67092385e-01
 -1.38762692e-01 -9.01372923e-01
 -1.94687359e-02 -9.37510111e-01
 -6.02082120e-02 -9.75671198e-01
 -7.76798437e-02 -1.01604264e+00
 -3.74295135e-02 -1.05883297e+00
 -1.17287230e-01 -1.10427620e+00
 -9.55056317e-02 -1.15263583e+00
 -1.92887618e-01 -1.20420966e+00
 -1.69294241e-01 -1.25933554e+00
 -1.38257172e-01 -1.31839830e+00
 -1.17300217e-01 -1.38183814e+00
 -2.92324675e-01 -1.45016082e+00
 -2.93489801e-01 -1.52395024e+00
 -1.95189877e-01 -1.60388380e+00
 -2.83532124e-01 -1.69075162e+00
 -2.23985552e-01 -1.78548036e+00
 -4.16326568e-01 -1.88916333e+00
 -3.67279930e-01 -2.00309851e+00
 -3.44157152e-01 -2.12883700e+00
 -4.25263764e-01 -2.26824518e+00
 -4.75549908e-01 -2.42358486e+00
 -6.71732478e-01 -2.59761707e+00
 -6.73199825e-01 -2.79373665e+00
 -7.46866497e-01 -3.01614626e+00
 -7.68268724e-01 -3.27007835e+00
 -9.40644216e-01 -3.56206954e+00
 -1.20605242e+00 -3.90027424e+00
 -1.36940855e+00 -4.29475119e+00
 -1.73180374e+00 -4.75750395e+00
 -2.20351765e+00 -5.30163125e+00
 -2.87690309e+00 -5.93774762e+00
 -3.76188143e+00 -6.66245030e+00
 -5.07400695e+00 -7.42414983e+00
 -7.35978258e+00 -8.02790376e+00
 -1.04015534e+01 -7.90899604e+00
 -1.43114897e+01 -5.86469797e+00
 -1.70962925e+01 -9.09548216e-01
 -1.60338441e+01 4.91399445e+00
 -1.21953629e+01 8.26953670e+00
 -8.60468794e+00 9.07728000e+00
 -6.08414404e+00 8.69900924e+00
 -4.36898450e+00 7.97279086e+00
 -3.23547198e+00 7.22245834e+00
 -2.36318084e+00 6.54666716e+00
 -1.94876491e+00 5.96413881e+00
 -1.49607078e+00 5.46843012e+00
 -1.26758090e+00 5.04690453e+00
 -1.03699473e+00 4.68691141e+00
 -8.92734000e-01 4.37752362e+00
 -6.66359279e-01 4.10978039e+00
 -6.41534752e-01 3.87647239e+00
 -5.42274050e-01 3.67182881e+00
 -4.69818768e-01 3.49122319e+00
 -5.25067817e-01 3.33092870e+00
 -2.71410461e-01 3.18792409e+00
 -3.21948812e-01 3.05974288e+00
 -2.81113984e-01 2.94435696e+00
 -2.65726919e-01 2.84008673e+00
 -2.27458777e-01 2.74553163e+00
 -3.06874311e-01 2.65951605e+00
 -2.33703332e-01 2.58104702e+00
 -1.27119535e-01 2.50928090e+00
 -1.42581875e-01 2.44349693e+00
 -1.53360089e-01 2.38307613e+00
 -9.48832864e-02 2.32748432e+00
 -1.68220644e-01 2.27625846e+00
 -6.37585637e-02 2.22899544e+00
 -1.60998164e-01 2.18534293e+00
 -1.78114244e-01 2.14499190e+00
 -1.74411639e-01 2.10767035e+00
 -1.45496813e-01 2.07313812e+00
 -2.31113481e-02 2.04118260e+00
 -8.21005601e-02 2.01161504e+00
 -5.78371097e-02 1.98426752e+00
 -8.37402773e-02 1.95899030e+00
 -3.43677160e-02 1.93564965e+00
 -9.48337990e-02 1.91412593e+00
 -5.61580416e-02 1.89431198e+00
 -4.27733557e-02 1.87611175e+00
 5.55082344e-02 1.85943907e+00
 -4.54886054e-02 1.84421663e+00
 -7.47839477e-02 1.83037509e+00
 -1.84637957e-02 1.81785230e+00
 5.81274493e-03 1.80659261e+00
 -7.81912216e-02 1.79654632e+00
 -1.43390646e-03 1.78766913e+00
 -2.51006973e-02 1.77992172e+00
 2.32551476e-02 1.77326934e+00
 1.67193582e-03 1.76768152e+00
 -1.12432027e-01 1.76313172e+00
 -7.91204438e-02 1.75959713e+00
 -5.36166697e-02 1.75705844e+00
 -1.01435007e-02 1.75549964e+00
 -1.72120094e-02 1.75490789e+00
 -3.86323338e-02 1.75527338e+00
 6.37423245e-03 1.75658924e+00
 -4.17301713e-03 1.75885145e+00
 1.23208305e-02 1.76205881e+00
 9.93917399e-02 1.76621285e+00
 -2.24601826e-02 1.77131788e+00
 -2.07160657e-02 1.77738094e+00
 1.25187099e-01 1.78441188e+00
 -2.93524157e-02 1.79242333e+00
 6.26589977e-02 1.80143086e+00
 4.15920233e-02 1.81145295e+00
 -4.70796897e-02 1.82251122e+00
 4.64466263e-02 1.83463047e+00
 3.63526148e-02 1.84783886e+00
 1.67924017e-02 1.86216812e+00
 6.34337506e-02 1.87765371e+00
 1.56513741e-01 1.89433513e+00
 -8.65651680e-03 1.91225612e+00
 1.48402096e-01 1.93146503e+00
 6.63733687e-02 1.95201518e+00
 -1.01324955e-02 1.97396522e+00
 1.01158037e-01 1.99737966e+00
 3.36653117e-02 2.02232934e+00
 1.07123316e-01 2.04889206e+00
 6.40979703e-02 2.07715323e+00
 8.01721181e-02 2.10720666e+00
 1.84201117e-01 2.13915545e+00
 9.31821220e-02 2.17311293e+00
 7.76808533e-02 2.20920386e+00
 1.28482960e-01 2.24756570e+00
 6.86877084e-02 2.28835011e+00
 4.84149814e-02 2.33172469e+00
 7.78662348e-02 2.37787493e+00
 1.24749597e-01 2.42700657e+00
 1.55127311e-01 2.47934817e+00
 1.39933016e-01 2.53515431e+00
 2.21809917e-01 2.59470916e+00
 1.22895412e-01 2.65833075e+00
 1.77657297e-01 2.72637601e+00
 2.08830162e-01 2.79924665e+00
 1.93978501e-01 2.87739624e+00
 2.44688640e-01 2.96133860e+00
 3.04672014e-01 3.05165787e+00
 3.17111454e-01 3.14902067e+00
 3.11071522e-01 3.25419079e+00
 3.26030147e-01 3.36804712e+00
 4.10533320e-01 3.49160560e+00
 4.84899169e-01 3.62604628e+00
 4.46953874e-01 3.77274687e+00
 5.52153101e-01 3.93332462e+00
 5.33331701e-01 4.10968889e+00
 5.88079590e-01 4.30410757e+00
 7.37815785e-01 4.51929161e+00
 7.69573014e-01 4.75850287e+00
 8.20026355e-01 5.02569273e+00
 1.00006002e+00 5.32568007e+00
 1.11177572e+00 5.66437982e+00
 1.31687984e+00 6.04909323e+00
 1.54908043e+00 6.48886814e+00
 1.77733363e+00 6.99492168e+00
 2.27491429e+00 7.58107044e+00
 2.61187449e+00 8.26397946e+00
 3.19893050e+00 9.06268125e+00
 4.01359928e+00 9.99584136e+00
 5.29646659e+00 1.10725919e+01
 7.13325826e+00 1.22654978e+01
 9.65278873e+00 1.34351813e+01
 1.36059451e+01 1.41355189e+01
 1.91579432e+01 1.32185293e+01
 2.51942469e+01 8.67207429e+00
 2.82454830e+01 -1.19499093e-01
 2.51306777e+01 -8.83139326e+00
 1.90962702e+01 -1.32563772e+01
 1.34741757e+01 -1.41098248e+01
 9.49755848e+00 -1.33903737e+01
 7.05962675e+00 -1.22198977e+01
 5.22868613e+00 -1.10318306e+01
 4.08902075e+00 -9.96090052e+00
 3.21462711e+00 -9.03308237e+00
 2.58268285e+00 -8.23890368e+00
 2.16597919e+00 -7.55971969e+00
 1.79167222e+00 -6.97661587e+00
 1.66729498e+00 -6.47305465e+00
 1.18109381e+00 -6.03533063e+00
 1.11475242e+00 -5.65231680e+00
 9.62353180e-01 -5.31503639e+00
 8.39257871e-01 -5.01624360e+00
 7.64379157e-01 -4.75006677e+00
 5.86927765e-01 -4.51172080e+00
 6.27526912e-01 -4.29728095e+00
 5.82659785e-01 -4.10350641e+00
 4.51877049e-01 -3.92770304e+00
 4.94223512e-01 -3.76761644e+00
 3.85642998e-01 -3.62134819e+00
 4.39070446e-01 -3.48728994e+00
 3.96757307e-01 -3.36407131e+00
 3.35830668e-01 -3.25051827e+00
 3.42483233e-01 -3.14561991e+00
 2.45337884e-01 -3.04850153e+00
 2.97615157e-01 -2.95840289e+00
 2.56012982e-01 -2.87466033e+00
 2.91702932e-01 -2.79669227e+00
 2.73312666e-01 -2.72398704e+00
 1.92467902e-01 -2.65609293e+00
 1.90561123e-01 -2.59260983e+00
 1.68799821e-01 -2.53318220e+00
 9.97193926e-02 -2.47749320e+00
 6.18434680e-02 -2.42525972e+00
 1.33933183e-01 -2.37622809e+00
 1.00412943e-01 -2.33017054e+00
 1.09179957e-01 -2.28688206e+00
 1.14177832e-01 -2.24617777e+00
 2.26403702e-02 -2.20789063e+00
 1.14917007e-01 -2.17186947e+00
 1.26084608e-01 -2.13797725e+00
 1.22027834e-01 -2.10608963e+00
 2.01973288e-01 -2.07609359e+00
 9.22459925e-02 -2.04788638e+00
 6.36823023e-02 -2.02137446e+00
 1.04474160e-01 -1.99647266e+00
 4.83308893e-02 -1.97310342e+00
 5.66477331e-02 -1.95119609e+00
 3.54903181e-02 -1.93068637e+00
 8.50287711e-02 -1.91151575e+00
 8.97932024e-02 -1.89363109e+00
 3.27414099e-02 -1.87698417e+00
 -2.46032918e-02 -1.86153135e+00
 -7.00303188e-03 -1.84723328e+00
 7.14541778e-02 -1.83405458e+00
 9.94851892e-02 -1.82196362e+00
 2.70914358e-02 -1.81093233e+00
 4.31075748e-02 -1.80093597e+00
 6.67885786e-02 -1.79195301e+00
 -2.93285912e-02 -1.78396501e+00
 -1.00500487e-02 -1.77695647e+00
 -1.48385006e-02 -1.77091479e+00
 7.11677399e-02 -1.76583018e+00
 1.68619995e-02 -1.76169562e+00
 3.66069819e-02 -1.75850684e+00
 -9.29607089e-02 -1.75626232e+00
 -3.49791282e-02 -1.75496329e+00
 -7.78927749e-02 -1.75461377e+00
 4.40125456e-02 -1.75522064e+00
 7.47633961e-03 -1.75679370e+00
 -6.97471298e-02 -1.75934577e+00
 -1.06467691e-01 -1.76289285e+00
 2.27634000e-02 -1.76745421e+00
 1.34633038e-02 -1.77305263e+00
 -8.91330108e-02 -1.77971459e+00
 -1.16131939e-01 -1.78747050e+00
 -6.84837260e-02 -1.79635502e+00
 -4.44385088e-02 -1.80640737e+00
 -2.61390715e-02 -1.81767174e+00
 5.19784046e-02 -1.83019769e+00
 4.04263761e-03 -1.84404069e+00
 7.72125986e-03 -1.85926269e+00
 -1.17974804e-01 -1.87593280e+00
 -4.42266306e-02 -1.89412804e+00
 2.47372674e-02 -1.91393423e+00
 -1.57451601e-01 -1.93544703e+00
 -1.16442224e-01 -1.95877312e+00
 -3.38250919e-02 -1.98403156e+00
 -1.99987357e-01 -2.01135541e+00
 -2.24107072e-01 -2.04089356e+00
 -6.41318729e-02 -2.07281297e+00
 -2.28017020e-01 -2.10730116e+00
 -1.85891576e-01 -2.14456932e+00
 -1.96572335e-01 -2.18485579e+00
 -1.05897449e-01 -2.22843040e+00
 -1.12944610e-01 -2.27559951e+00
 -1.61737032e-01 -2.32671209e+00
 -2.23538896e-01 -2.38216710e+00
 -2.74168969e-01 -2.44242238e+00
 -1.77270836e-01 -2.50800546e+00
 -3.15256604e-01 -2.57952690e+00
 -2.79577065e-01 -2.65769663e+00
 -3.19117381e-01 -2.74334423e+00
 -3.02564970e-01 -2.83744422e+00
 -4.78547781e-01 -2.94114782e+00
 -3.72697574e-01 -3.05582287e+00
 -4.17913227e-01 -3.18310458e+00
 -4.94059590e-01 -3.32496000e+00
 -6.03821176e-01 -3.48377032e+00
 -6.88073546e-01 -3.66243566e+00
 -6.90072130e-01 -3.86450767e+00
 -8.34621864e-01 -4.09435443e+00
 -9.53572259e-01 -4.35735714e+00
 -1.11969524e+00 -4.66012354e+00
 -1.25924957e+00 -5.01066139e+00
 -1.60556584e+00 -5.41834671e+00
 -2.11649137e+00 -5.89323680e+00
 -2.69224169e+00 -6.44353046e+00
 -3.30726565e+00 -7.06799598e+00
 -4.47614736e+00 -7.73498881e+00
 -6.22864347e+00 -8.32711852e+00
 -8.69607291e+00 -8.51004926e+00
 -1.19287154e+01 -7.51996584e+00
 -1.51006571e+01 -4.30386621e+00
 -1.59573363e+01 8.48065324e-01
 -1.36665054e+01 5.24871672e+00
 -1.02040249e+01 7.24567577e+00
 -7.21676121e+00 7.52303754e+00
 -5.33004562e+00 7.07383152e+00
