 NaN NaN
 4.37541156e-02 1.29099561e+00
 8.42487122e-02 1.29124197e+00
 -3.30086167e-02 1.29164552e+00
 -4.29287192e-02 1.29220551e+00
 -1.31068723e-02 1.29292175e+00
 -1.16744660e-02 1.29379434e+00
 1.12417971e-02 1.29482362e+00
 -3.32599634e-02 1.29601009e+00
 -6.23393140e-02 1.29735441e+00
 7.07299677e-02 1.29885739e+00
 9.61852230e-02 1.30051998e+00
 -2.63053161e-02 1.30234326e+00
 -5.54913655e-02 1.30432846e+00
 -5.55143353e-02 1.30647692e+00
 1.06179125e-03 1.30879014e+00
 -9.85538171e-02 1.31126974e+00
 1.35620904e-02 1.31391747e+00
 -4.92925807e-02 1.31673525e+00
 9.36871189e-02 1.31972513e+00
 1.73340149e-02 1.32288928e+00
 6.69257069e-03 1.32623005e+00
 -5.01036636e-02 1.32974996e+00
 8.44785421e-02 1.33345164e+00
 -4.01232265e-02 1.33733793e+00
 -4.69312375e-02 1.34141182e+00
 -5.76516000e-02 1.34567649e+00
 3.97661620e-02 1.35013528e+00
 -3.79132577e-02 1.35479174e+00
 -6.59132714e-02 1.35964961e+00
 1.42168809e-02 1.36471286e+00
 1.87504974e-02 1.36998563e+00
 3.57517231e-02 1.37547233e+00
 7.08145835e-03 1.38117757e+00
 -2.37834605e-02 1.38710623e+00
 7.80375439e-02 1.39326343e+00
 9.43760813e-02 1.39965458e+00
 8.43849669e-02 1.40628535e+00
 -1.02635389e-01 1.41316172e+00
 -4.14538347e-02 1.42028999e+00
 -9.96331523e-02 1.42767678e+00
 5.56623505e-02 1.43532905e+00
 3.68907648e-02 1.44325413e+00
 4.08676785e-03 1.45145975e+00
 3.81356506e-02 1.45995404e+00
 -4.92271511e-02 1.46874556e+00
 -3.68960674e-02 1.47784332e+00
 -5.91783468e-03 1.48725682e+00
 -8.30888250e-03 1.49699608e+00
 1.98118365e-02 1.50707166e+00
 -3.58283470e-02 1.51749470e+00
 -6.04884281e-02 1.52827695e+00
 2.07439081e-02 1.53943082e+00
 7.51804859e-03 1.55096942e+00
 -7.77097675e-03 1.56290661e+00
 -6.73142954e-03 1.57525703e+00
 -2.26397942e-03 1.58803619e+00
 5.05539255e-02 1.60126050e+00
 -2.90249953e-02 1.61494735e+00
 -2.31693597e-02 1.62911515e+00
 7.24469137e-02 1.64378348e+00
 1.04641438e-01 1.65897308e+00
 -3.26439511e-02 1.67470601e+00
 7.87065102e-02 1.69100572e+00
 7.47554361e-02 1.70789717e+00
 6.47915661e-02 1.72540695e+00
 1.95515558e-02 1.74356339e+00
 -1.07262202e-01 1.76239675e+00
 1.48648155e-02 1.78193933e+00
 4.82758964e-02 1.80222568e+00
 -2.07588656e-02 1.82329279e+00
 1.15051592e-02 1.84518027e+00
 -5.72824694e-02 1.86793066e+00
 -4.34420545e-02 1.89158963e+00
 5.45358547e-02 1.91620629e+00
 -5.59598800e-02 1.94183355e+00
 -3.25681045e-02 1.96852847e+00
 1.28442924e-01 1.99635263e+00
 4.48039787e-02 2.02537268e+00
 2.09032091e-02 2.05566078e+00
 1.05272790e-02 2.08729522e+00
 6.25651972e-02 2.12036108e+00
 2.32222887e-02 2.15495100e+00
 -1.70377327e-02 2.19116598e+00
 6.63569276e-03 2.22911640e+00
 -2.07027879e-02 2.26892309e+00
 3.18889961e-02 2.31071864e+00
 -1.53608579e-02 2.35464882e+00
 -2.33720077e-02 2.40087429e+00
 6.44950297e-02 2.44957252e+00
 7.15723717e-02 2.50094010e+00
 2.29701963e-02 2.55519530e+00
 3.06336029e-02 2.61258122e+00
 -6.21700519e-03 2.67336937e+00
 4.08321995e-02 2.73786398e+00
 -1.63241850e-02 2.80640707e+00
 -9.84844216e-03 2.87938449e+00
 -1.48516092e-02 2.95723317e+00
 5.17582922e-02 3.04044988e+00
 8.46028534e-02 3.12960182e+00
 6.50305188e-03 3.22533955e+00
 1.58394034e-01 3.32841289e+00
 4.78359702e-02 3.43969060e+00
 6.27829036e-02 3.56018487e+00
 1.34246670e-01 3.69108224e+00
 5.36980952e-02 3.83378275e+00
 1.22711166e-01 3.98995020e+00
 1.20082101e-01 4.16157722e+00
 1.00827851e-01 4.35107065e+00
 1.46725351e-01 4.56136488e+00
 1.44831236e-01 4.79607450e+00
 3.07448715e-01 5.05970311e+00
 2.33163659e-01 5.35793382e+00
 2.84182326e-01 5.69804132e+00
 2.75080319e-01 6.08948908e+00
 3.52291385e-01 6.54481596e+00
 3.79071702e-01 7.08098970e+00
 4.95029267e-01 7.72153936e+00
 6.28152366e-01 8.50004107e+00
 7.93937765e-01 9.46606616e+00
 1.10182476e+00 1.06958604e+01
 1.34228046e+00 1.23127175e+01
 2.00262117e+00 1.45287799e+01
 3.08498975e+00 1.77384971e+01
 5.28620050e+00 2.27473845e+01
 1.07949769e+01 3.13395936e+01
 3.01681662e+01 4.60734199e+01
 9.62841677e+01 1.50209521e+01
 4.02771424e+01 -4.76540734e+01
 1.31242320e+01 -3.27827401e+01
 6.16726023e+00 -2.30492262e+01
 3.49869476e+00 -1.74771216e+01
 2.22145155e+00 -1.39720916e+01
 1.56007957e+00 -1.15854407e+01
 1.12856466e+00 -9.86184939e+00
 9.11599838e-01 -8.56091968e+00
 6.86860348e-01 -7.54501559e+00
 6.00990427e-01 -6.73004142e+00
 4.69276589e-01 -6.06185469e+00
 3.43756356e-01 -5.50407755e+00
 3.47428602e-01 -5.03138874e+00
 2.65877651e-01 -4.62563184e+00
 2.62143597e-01 -4.27345482e+00
 2.77690042e-01 -3.96482279e+00
 2.53127312e-01 -3.69204994e+00
 1.37434863e-01 -3.44915118e+00
 1.96735601e-01 -3.23139694e+00
 1.01825423e-01 -3.03500060e+00
 1.49122775e-01 -2.85689481e+00
 1.79766079e-01 -2.69456851e+00
 7.66983311e-02 -2.54594622e+00
 1.37572524e-01 -2.40929749e+00
 6.40826289e-02 -2.28316799e+00
 1.08222751e-02 -2.16632644e+00
 9.37331038e-02 -2.05772331e+00
 9.50434848e-02 -1.95645839e+00
 1.08950773e-01 -1.86175501e+00
 -7.08087828e-03 -1.77293944e+00
 9.01543240e-02 -1.68942424e+00
 8.13111545e-02 -1.61069477e+00
 1.25391023e-01 -1.53629812e+00
 4.71317528e-02 -1.46583397e+00
 3.03954183e-02 -1.39894707e+00
 1.96796737e-02 -1.33532092e+00
 9.49838497e-02 -1.27467251e+00
 8.77474732e-02 -1.21674786e+00
 -2.58185429e-03 -1.16131822e+00
 4.47730701e-02 -1.10817694e+00
 1.40825242e-01 -1.05713666e+00
 3.33163511e-03 -1.00802700e+00
 5.88297057e-02 -9.60692522e-01
 5.98129197e-02 -9.14990963e-01
 9.94372693e-03 -8.70791734e-01
 7.04271211e-02 -8.27974581e-01
 9.11096375e-02 -7.86428418e-01
 1.15089113e-02 -7.46050312e-01
 7.93674603e-02 -7.06744573e-01
 3.43288410e-02 -6.68421961e-01
 -7.20353903e-02 -6.30998972e-01
 5.05860624e-02 -5.94397203e-01
 1.08768930e-01 -5.58542783e-01
 -4.06416825e-02 -5.23365861e-01
 6.15697982e-02 -4.88800138e-01
 -8.95202698e-03 -4.54782448e-01
 3.67754415e-02 -4.21252367e-01
 -5.13731509e-02 -3.88151858e-01
 1.03993195e-01 -3.55424942e-01
 -5.17982673e-02 -3.23017385e-01
 5.55041805e-02 -2.90876410e-01
 1.03787334e-01 -2.58950423e-01
 6.32686272e-02 -2.27188744e-01
 2.03130722e-04 -1.95541358e-01
 9.80344315e-02 -1.63958662e-01
 4.63044950e-02 -1.32391224e-01
 5.93050745e-03 -1.00789537e-01
 -5.77636302e-02 -6.91037724e-02
 3.69191233e-02 -3.72835351e-02
 9.94498525e-02 -5.27760545e-03
 9.32749628e-02 2.69663247e-02
 9.20983875e-02 5.95019287e-02
 5.24054375e-02 9.23845376e-02
 3.69482021e-02 1.25671451e-01
 2.23369372e-02 1.59422269e-01
 7.77505608e-02 1.93699257e-01
 8.68549969e-02 2.28567730e-01
 5.94606038e-02 2.64096490e-01
 5.65597921e-02 3.00358292e-01
 2.52672340e-02 3.37430369e-01
 -4.48479256e-03 3.75395013e-01
 -8.13217923e-02 4.14340225e-01
 3.91778542e-02 4.54360445e-01
 8.16121205e-02 4.95557375e-01
 7.41767196e-02 5.38040909e-01
 4.77559698e-02 5.81930194e-01
 6.76442440e-02 6.27354841e-01
 2.86779081e-02 6.74456308e-01
 1.49436451e-01 7.23389498e-01
 -7.58607898e-03 7.74324603e-01
 2.02461680e-02 8.27449243e-01
 -5.57409132e-02 8.82970958e-01
 3.82294574e-02 9.41120130e-01
 3.79556905e-02 1.00215341e+00
 4.81351662e-02 1.06635778e+00
 1.51952568e-01 1.13405534e+00
 1.15262215e-01 1.20560912e+00
 1.49372581e-01 1.28142987e+00
 1.53529123e-01 1.36198449e+00
 7.63460064e-02 1.44780608e+00
 1.33074727e-01 1.53950629e+00
 5.35729009e-02 1.63779059e+00
 1.13782603e-01 1.74347708e+00
 1.45695047e-01 1.85752014e+00
 5.23056547e-02 1.98104016e+00
 5.95344561e-02 2.11536144e+00
 1.18574973e-01 2.26206088e+00
 1.41386393e-01 2.42303130e+00
 2.67853146e-01 2.60056468e+00
 1.47046941e-01 2.79746316e+00
 3.06372945e-01 3.01718887e+00
 3.20542477e-01 3.26406985e+00
 2.94981005e-01 3.54358742e+00
 3.63116067e-01 3.86278547e+00
 3.49403459e-01 4.23086576e+00
 4.51821935e-01 4.66007505e+00
 6.08663179e-01 5.16706327e+00
 7.51409303e-01 5.77502809e+00
 8.99280263e-01 6.51722128e+00
 1.10931558e+00 7.44291246e+00
 1.50227792e+00 8.62798980e+00
 1.97155736e+00 1.01947056e+01
 2.93796248e+00 1.23500057e+01
 4.62331109e+00 1.54598847e+01
 8.23882940e+00 2.01577273e+01
 1.74852546e+01 2.69426430e+01
 4.39065532e+01 2.69122927e+01
 5.55077234e+01 -1.87039780e+01
 2.32976126e+01 -3.04916706e+01
 1.03113361e+01 -2.36441474e+01
 5.52879920e+00 -1.82964356e+01
 3.34846428e+00 -1.47750109e+01
 2.28231987e+00 -1.23721994e+01
 1.70189025e+00 -1.06503453e+01
 1.24462673e+00 -9.36327479e+00
 1.05741866e+00 -8.36770431e+00
 8.31498294e-01 -7.57600941e+00
 6.78989688e-01 -6.93205015e+00
 4.45238398e-01 -6.39836836e+00
 4.92427552e-01 -5.94908654e+00
 3.31170418e-01 -5.56578733e+00
 3.95016490e-01 -5.23502271e+00
 2.84428751e-01 -4.94675274e+00
 3.04685376e-01 -4.69333519e+00
 3.15202324e-01 -4.46885292e+00
 3.09770667e-01 -4.26865485e+00
 1.37010886e-01 -4.08903560e+00
 2.42493016e-01 -3.92700744e+00
 1.79342049e-01 -3.78013502e+00
 1.50862178e-01 -3.64641367e+00
 1.43104581e-01 -3.52417844e+00
 1.86137235e-01 -3.41203524e+00
 2.03715031e-01 -3.30880801e+00
 8.29573650e-02 -3.21349779e+00
 8.40996154e-02 -3.12525070e+00
 1.02174523e-01 -3.04333257e+00
 -5.27401381e-03 -2.96710871e+00
 5.38467419e-02 -2.89602770e+00
 -1.73056460e-02 -2.82960819e+00
 1.19736387e-01 -2.76742813e+00
 8.52165071e-02 -2.70911602e+00
 -1.67786811e-02 -2.65434353e+00
 8.23916970e-02 -2.60281949e+00
 -1.14400357e-02 -2.55428478e+00
 1.08592466e-01 -2.50850811e+00
 1.10659482e-01 -2.46528240e+00
 -3.66994070e-03 -2.42442173e+00
 4.16960355e-02 -2.38575875e+00
 8.93765117e-03 -2.34914246e+00
 -6.36909163e-02 -2.31443629e+00
 -5.45873235e-03 -2.28151646e+00
 6.30577515e-02 -2.25027057e+00
 1.15095728e-02 -2.22059636e+00
 -5.53198532e-03 -2.19240061e+00
 8.09582754e-02 -2.16559826e+00
 6.27922732e-02 -2.14011153e+00
 7.66524576e-02 -2.11586924e+00
 5.19444269e-02 -2.09280618e+00
 6.49442512e-02 -2.07086253e+00
 -3.36601710e-02 -2.04998335e+00
 4.72303216e-02 -2.03011823e+00
 -3.59583269e-02 -2.01122078e+00
 1.00478220e-01 -1.99324842e+00
 2.02335174e-02 -1.97616196e+00
 -4.31885843e-02 -1.95992542e+00
 2.80420912e-02 -1.94450572e+00
 -1.09366405e-01 -1.92987253e+00
 9.63750669e-02 -1.91599804e+00
 3.50648211e-02 -1.90285680e+00
 -9.69311526e-03 -1.89042558e+00
 1.52384092e-02 -1.87868325e+00
 -7.92210549e-02 -1.86761063e+00
 3.13165547e-02 -1.85719044e+00
 3.53807154e-02 -1.84740717e+00
 1.84020158e-02 -1.83824705e+00
 -5.06041729e-02 -1.82969795e+00
 8.23546898e-02 -1.82174935e+00
 3.97745793e-02 -1.81439231e+00
 -2.29567597e-02 -1.80761945e+00
 1.12559023e-01 -1.80142489e+00
 -1.63364689e-02 -1.79580432e+00
 -7.87854409e-02 -1.79075494e+00
 -5.82064142e-02 -1.78627552e+00
 7.35632534e-02 -1.78236640e+00
 1.09245225e-01 -1.77902960e+00
 -2.84279256e-02 -1.77626877e+00
 -1.56402755e-01 -1.77408939e+00
 -1.46325029e-02 -1.77249876e+00
 -2.01416288e-02 -1.77150616e+00
 -9.37258648e-02 -1.77112298e+00
 3.14085718e-02 -1.77136287e+00
 -2.52719085e-02 -1.77224189e+00
 -6.50327300e-02 -1.77377878e+00
 -2.76263867e-02 -1.77599519e+00
 -4.13499236e-02 -1.77891594e+00
 -7.06845358e-02 -1.78256939e+00
 6.81679583e-02 -1.78698784e+00
 -4.02046666e-02 -1.79220797e+00
 -2.29046269e-02 -1.79827142e+00
 -8.22223517e-02 -1.80522539e+00
 -4.56804483e-02 -1.81312341e+00
 -9.49182457e-02 -1.82202626e+00
 -1.95751795e-01 -1.83200297e+00
 -1.42415050e-02 -1.84313215e+00
 5.20012300e-02 -1.85550345e+00
 -1.74533748e-02 -1.86921941e+00
 2.19292302e-02 -1.88439765e+00
 -4.77984777e-02 -1.90117359e+00
 -3.11239907e-02 -1.91970369e+00
 -1.62976296e-01 -1.94016957e+00
 -5.81126792e-02 -1.96278303e+00
 1.20797817e-03 -1.98779240e+00
 -5.11816219e-02 -2.01549053e+00
 -4.25577434e-03 -2.04622501e+00
 -2.50078816e-02 -2.08041134e+00
 -8.24690670e-02 -2.11855006e+00
 4.12950538e-02 -2.16124936e+00
 -4.61748477e-02 -2.20925523e+00
 -6.87304767e-02 -2.26349237e+00
 -2.53202132e-02 -2.32512037e+00
 -4.67038620e-02 -2.39561244e+00
 -1.33265200e-01 -2.47686753e+00
 -1.53359256e-01 -2.57137377e+00
 -1.84864764e-01 -2.68245191e+00
 -1.35934962e-01 -2.81462759e+00
 -2.57021041e-01 -2.97421695e+00
 -3.26966302e-01 -3.17027596e+00
 -3.91701837e-01 -3.41618896e+00
 -4.93409010e-01 -3.73240211e+00
 -7.05482071e-01 -4.15118018e+00
 -9.93820852e-01 -4.72441778e+00
 -1.65141376e+00 -5.53143480e+00
 -3.02533922e+00 -6.63879849e+00
 -6.29228478e+00 -7.54964353e+00
 -1.19365290e+01 -3.89701090e+00
 -9.62617248e+00 4.06615566e+00
 -4.47921265e+00 4.74497627e+00
 -2.38118202e+00 3.57888448e+00
 -1.33788435e+00 2.60542587e+00
 -8.52273260e-01 1.91283319e+00
 -6.05376975e-01 1.41482217e+00
 -4.44721865e-01 1.04478506e+00
 -3.33451424e-01 7.60772104e-01
 -1.78940143e-01 5.36549501e-01
 -2.57972471e-01 3.55253657e-01
 -1.83354347e-01 2.05676853e-01
 -1.84273014e-01 8.01282189e-02
 -1.42521722e-01 -2.68243983e-02
 -8.71593220e-02 -1.19117121e-01
 -1.05752950e-01 -1.99667022e-01
 -8.81573532e-02 -2.70679353e-01
 -9.71362598e-02 -3.33850851e-01
 -1.00210330e-01 -3.90507620e-01
 -1.42518746e-02 -4.41700735e-01
 -3.29219377e-02 -4.88273869e-01
 -2.80710848e-03 -5.30912000e-01
 -9.88419949e-02 -5.70177075e-01
 -9.44431889e-02 -6.06534521e-01
 3.22178854e-02 -6.40373208e-01
 7.22345837e-03 -6.72020688e-01
 -5.47092968e-02 -7.01754950e-01
 -2.09289399e-02 -7.29813586e-01
 -4.10152041e-02 -7.56401013e-01
 -4.64383926e-02 -7.81694212e-01
 -7.75613648e-02 -8.05847326e-01
 -9.72555785e-02 -8.28995380e-01
 -1.19071268e-02 -8.51257301e-01
 -4.78615618e-02 -8.72738401e-01
 5.97412606e-02 -8.93532419e-01
 -7.52047893e-02 -9.13723225e-01
 -2.61768093e-02 -9.33386236e-01
 3.46055092e-02 -9.52589607e-01
 -7.63126981e-02 -9.71395243e-01
 -2.75273311e-02 -9.89859650e-01
 3.91337003e-02 -1.00803467e+00
 2.98658236e-02 -1.02596811e+00
 -6.28484143e-02 -1.04370428e+00
 1.03310436e-02 -1.06128446e+00
 -1.07249638e-02 -1.07874733e+00
 4.70690764e-02 -1.09612931e+00
 -1.37433001e-01 -1.11346489e+00
 -7.45652827e-02 -1.13078689e+00
 -3.22210226e-03 -1.14812675e+00
 4.10881210e-02 -1.16551475e+00
 -5.63565988e-02 -1.18298019e+00
 -2.23765230e-02 -1.20055160e+00
 -1.29117504e-01 -1.21825690e+00
 -8.31028634e-02 -1.23612361e+00
 4.10837918e-02 -1.25417892e+00
 4.59217522e-02 -1.27244993e+00
 -3.37514317e-02 -1.29096370e+00
 -1.00254711e-01 -1.30974745e+00
 -8.03092193e-02 -1.32882868e+00
 2.02809306e-02 -1.34823525e+00
 -9.66099392e-02 -1.36799559e+00
 -9.77069400e-03 -1.38813878e+00
 5.80650173e-03 -1.40869470e+00
 -1.01125710e-01 -1.42969418e+00
 -9.37472419e-02 -1.45116912e+00
 -9.60918458e-02 -1.47315266e+00
 -4.13473034e-03 -1.49567934e+00
 -1.74968747e-01 -1.51878528e+00
 -2.44542348e-02 -1.54250833e+00
 -7.48092977e-02 -1.56688831e+00
 -1.12993513e-01 -1.59196718e+00
 -2.53371150e-02 -1.61778930e+00
 -2.76502986e-02 -1.64440168e+00
 -1.20912209e-01 -1.67185424e+00
 -2.73031257e-02 -1.70020012e+00
 -4.97754153e-02 -1.72949602e+00
 -6.57843243e-03 -1.75980257e+00
 -9.35950996e-04 -1.79118474e+00
 8.47013037e-02 -1.82371228e+00
 -2.38468594e-01 -1.85746026e+00
 -4.90157329e-03 -1.89250964e+00
 -8.10255585e-02 -1.92894789e+00
 -8.19099084e-03 -1.96686976e+00
 -3.47914418e-03 -2.00637804e+00
 -2.87020430e-02 -2.04758455e+00
 -4.51218588e-02 -2.09061117e+00
 -6.29802837e-02 -2.13559105e+00
 -1.43120653e-01 -2.18267000e+00
 -1.02419017e-01 -2.23200807e+00
 -1.00065183e-01 -2.28378136e+00
 -3.43662865e-02 -2.33818419e+00
 -1.09525881e-01 -2.39543148e+00
 -1.23096872e-01 -2.45576164e+00
 9.15534674e-02 -2.51943993e+00
 -9.57171009e-02 -2.58676234e+00
 -5.36219767e-02 -2.65806021e+00
 -2.10687011e-01 -2.73370576e+00
 -1.97969672e-01 -2.81411859e+00
 -2.34297713e-01 -2.89977345e+00
 -1.47966372e-01 -2.99120973e+00
 -1.80365977e-01 -3.08904275e+00
 -1.18080365e-01 -3.19397771e+00
 -6.21545991e-02 -3.30682665e+00
 -2.02397725e-01 -3.42852951e+00
 -1.68468622e-01 -3.56018019e+00
 -2.55164234e-01 -3.70305947e+00
 -1.70143018e-01 -3.85867640e+00
 -2.52351776e-01 -4.02882141e+00
 -2.48907872e-01 -4.21563468e+00
 -3.54200070e-01 -4.42169541e+00
 -4.54698252e-01 -4.65013961e+00
 -3.94134127e-01 -4.90481765e+00
 -4.64346036e-01 -5.19050784e+00
 -4.84958600e-01 -5.51321050e+00
 -5.34630293e-01 -5.88055974e+00
 -6.61639286e-01 -6.30241049e+00
 -7.99061844e-01 -6.79169235e+00
 -9.33977277e-01 -7.36567842e+00
 -1.16740935e+00 -8.04791480e+00
 -1.35846271e+00 -8.87122449e+00
 -1.79552400e+00 -9.88248998e+00
 -2.32674731e+00 -1.11503870e+01
 -3.11522907e+00 -1.27778090e+01
 -4.34531148e+00 -1.49201985e+01
 -6.58004407e+00 -1.78010560e+01
 -1.07541609e+01 -2.16411050e+01
 -1.94945963e+01 -2.58978418e+01
 -3.78266073e+01 -2.42805562e+01
 -5.27733065e+01 1.75959678e+00
 -3.51306734e+01 2.46436201e+01
 -1.81164292e+01 2.47416702e+01
 -1.01255015e+01 2.04363380e+01
 -6.27299549e+00 1.67270575e+01
 -4.28311742e+00 1.39555729e+01
 -3.04986887e+00 1.18895225e+01
 -2.22618900e+00 1.03146346e+01
 -1.76257665e+00 9.08353955e+00
 -1.44773266e+00 8.09866553e+00
 -1.09287916e+00 7.29470211e+00
 -1.00138675e+00 6.62691272e+00
 -8.43501992e-01 6.06387294e+00
 -6.49098403e-01 5.58297127e+00
 -6.44453621e-01 5.16757464e+00
 -4.98734825e-01 4.80520192e+00
 -5.22032809e-01 4.48631904e+00
 -4.00255254e-01 4.20352581e+00
 -3.25581191e-01 3.95099535e+00
 -2.65509762e-01 3.72407992e+00
 -3.06620901e-01 3.51902876e+00
 -2.96417361e-01 3.33278279e+00
 -3.44420984e-01 3.16282284e+00
 -2.76682456e-01 3.00705600e+00
 -2.03833999e-01 2.86372938e+00
 -1.68414491e-01 2.73136390e+00
 -2.33852808e-01 2.60870290e+00
 -3.00446394e-01 2.49467187e+00
 -5.27671892e-02 2.38834659e+00
 -1.54968419e-01 2.28892771e+00
 -5.60417259e-02 2.19572027e+00
 -1.15273474e-01 2.10811716e+00
 -8.69692287e-02 2.02558557e+00
 -1.12412588e-01 1.94765586e+00
 -6.96737017e-03 1.87391242e+00
 -5.94817005e-02 1.80398597e+00
 -1.31026167e-01 1.73754723e+00
 -1.24098189e-01 1.67430151e+00
 -1.69478888e-01 1.61398417e+00
 -8.96213562e-02 1.55635683e+00
 -4.38375191e-02 1.50120402e+00
 -1.01673626e-01 1.44833042e+00
 -1.68727062e-01 1.39755840e+00
 -1.00881176e-01 1.34872601e+00
 -7.86265546e-02 1.30168508e+00
 -9.78571145e-02 1.25629972e+00
 -1.27411036e-01 1.21244493e+00
 -7.02874843e-02 1.17000540e+00
 -6.11236525e-02 1.12887443e+00
 4.13390921e-02 1.08895303e+00
 -7.96199714e-02 1.05014909e+00
 -9.03273182e-02 1.01237663e+00
 -1.97118918e-02 9.75555167e-01
 -2.27343084e-02 9.39609098e-01
 -9.21168483e-02 9.04467207e-01
 -3.70232885e-02 8.70062168e-01
 -4.10701724e-02 8.36330120e-01
 1.96387704e-02 8.03210268e-01
 -3.74375470e-02 7.70644525e-01
 -1.40871324e-01 7.38577179e-01
 -1.12824515e-01 7.06954578e-01
 1.66542451e-02 6.75724850e-01
 -1.14696002e-01 6.44837621e-01
 -6.53367216e-02 6.14243762e-01
 -4.65556381e-02 5.83895144e-01
 3.13039343e-02 5.53744392e-01
 -3.26474626e-02 5.23744661e-01
 -4.12152968e-02 4.93849401e-01
 -1.47580785e-01 4.64012132e-01
 -7.20401369e-02 4.34186218e-01
 -7.45650699e-02 4.04324629e-01
 9.50793952e-03 3.74379709e-01
 -5.10534597e-02 3.44302929e-01
 -3.49188581e-02 3.14044629e-01
 -6.25271656e-02 2.83553746e-01
 2.83141948e-03 2.52777529e-01
 -2.88575882e-02 2.21661229e-01
 2.79441071e-02 1.90147762e-01
 2.33785671e-03 1.58177350e-01
 6.76689279e-02 1.25687121e-01
 -6.40202467e-02 9.26106722e-02
 -3.36183842e-02 5.88775838e-02
 -6.92244557e-02 2.44128787e-02
 -6.73229469e-02 -1.08635826e-02
 -2.28141444e-02 -4.70377816e-02
 -9.45949443e-02 -8.42023110e-02
 4.29465356e-02 -1.22457246e-01
 -4.21943819e-02 -1.61911136e-01
 -4.62058693e-02 -2.02682145e-01
 -7.24146692e-02 -2.44899352e-01
 -2.13147225e-02 -2.88704260e-01
 -6.05369494e-02 -3.34252539e-01
 -3.19296133e-02 -3.81716056e-01
 -8.75288049e-02 -4.31285248e-01
 -8.89361206e-02 -4.83171906e-01
 -5.27495419e-02 -5.37612458e-01
 -1.68971987e-01 -5.94871861e-01
 -1.31811516e-04 -6.55248241e-01
 -9.08232456e-02 -7.19078442e-01
 -4.76333947e-02 -7.86744717e-01
 -9.10713337e-02 -8.58682835e-01
 -1.12728425e-01 -9.35391957e-01
 -5.58010953e-02 -1.01744677e+00
 -3.91348122e-02 -1.10551250e+00
 -1.44865883e-01 -1.20036355e+00
 -1.58126075e-01 -1.30290702e+00
 -2.19533361e-01 -1.41421240e+00
 -2.21049771e-01 -1.53554957e+00
 -2.72004428e-01 -1.66843793e+00
 -2.65672818e-01 -1.81471052e+00
 -2.35988706e-01 -1.97659868e+00
 -2.92258188e-01 -2.15684545e+00
 -3.82193927e-01 -2.35885928e+00
 -4.62010340e-01 -2.58692570e+00
 -5.28366474e-01 -2.84650346e+00
 -5.35410286e-01 -3.14464595e+00
 -6.39174915e-01 -3.49061197e+00
 -7.42388621e-01 -3.89676797e+00
 -8.86210262e-01 -4.37994547e+00
 -1.22695895e+00 -4.96351670e+00
 -1.45319018e+00 -5.68059305e+00
 -1.81026555e+00 -6.57887816e+00
 -2.51491439e+00 -7.72739308e+00
 -3.64795018e+00 -9.22218768e+00
 -5.50630074e+00 -1.11695632e+01
 -9.17294142e+00 -1.35198812e+01
 -1.63566349e+01 -1.50593265e+01
 -2.80894707e+01 -9.57597389e+00
 -3.03826962e+01 7.87269551e+00
 -1.90875924e+01 1.66939977e+01
 -1.04953796e+01 1.60010275e+01
 -6.26760429e+00 1.36519700e+01
 -4.06613127e+00 1.15934713e+01
 -2.72234816e+00 1.00018389e+01
 -2.07067861e+00 8.78230635e+00
 -1.50420418e+00 7.83335287e+00
 -1.21706422e+00 7.07997532e+00
 -1.02480579e+00 6.47011735e+00
 -7.74972922e-01 5.96772904e+00
 -6.99895434e-01 5.54747218e+00
 -5.17993203e-01 5.19118543e+00
 -4.92912352e-01 4.88558715e+00
 -3.99027260e-01 4.62077662e+00
 -3.56061828e-01 4.38924188e+00
 -3.66401536e-01 4.18519086e+00
 -3.39169381e-01 4.00409190e+00
 -2.86851079e-01 3.84235223e+00
 -1.92730191e-01 3.69708909e+00
 -2.79580135e-01 3.56596401e+00
 -1.14461705e-01 3.44706114e+00
 -2.23286863e-01 3.33879653e+00
 -1.12422061e-01 3.23984976e+00
 -1.51279361e-01 3.14911160e+00
 -1.35763778e-01 3.06564371e+00
 -1.91134289e-01 2.98864715e+00
 -1.03862609e-01 2.91743755e+00
 -4.32301236e-02 2.85142545e+00
 -8.19895466e-02 2.79010050e+00
 -1.48805050e-01 2.73301872e+00
 -1.95297979e-03 2.67979213e+00
 -4.45812064e-02 2.63008032e+00
 -1.25230234e-01 2.58358340e+00
 -8.48312634e-02 2.54003627e+00
 -8.87212967e-02 2.49920376e+00
 -4.70540378e-02 2.46087662e+00
 -9.30462397e-02 2.42486812e+00
 -7.93813070e-02 2.39101113e+00
 -7.42671940e-02 2.35915575e+00
 -9.94445924e-02 2.32916719e+00
 8.10225920e-03 2.30092398e+00
 -1.57557266e-01 2.27431646e+00
 -1.57727999e-02 2.24924544e+00
 -9.09802030e-02 2.22562110e+00
 -9.59470275e-02 2.20336194e+00
 -1.17583582e-01 2.18239397e+00
 -1.07229802e-02 2.16264991e+00
 -3.41271452e-02 2.14406860e+00
 -5.26614736e-02 2.12659436e+00
 2.81276389e-02 2.11017651e+00
 -9.23975613e-02 2.09476895e+00
 6.36349723e-03 2.08032973e+00
 1.02621945e-01 2.06682072e+00
 4.25811349e-02 2.05420734e+00
 -3.32982418e-02 2.04245825e+00
 -8.67295128e-02 2.03154513e+00
 8.80580178e-02 2.02144250e+00
 1.91098091e-02 2.01212749e+00
 2.31874649e-02 2.00357975e+00
 -6.13169154e-03 1.99578124e+00
 -5.05423061e-02 1.98871620e+00
 -7.35441408e-02 1.98237096e+00
 3.28100766e-02 1.97673393e+00
 -5.41367439e-02 1.97179550e+00
 -4.82958312e-02 1.96754799e+00
 -5.44076655e-02 1.96398563e+00
 -1.52137255e-02 1.96110451e+00
 3.07398905e-02 1.95890260e+00
 -8.24214754e-02 1.95737972e+00
 -5.42534601e-03 1.95653759e+00
 -9.73856833e-02 1.95637984e+00
 2.92470639e-02 1.95691206e+00
 7.76989446e-03 1.95814184e+00
 -2.54485352e-03 1.96007892e+00
 -1.97624049e-02 1.96273518e+00
 2.22557753e-02 1.96612484e+00
 -8.26839463e-02 1.97026456e+00
 2.47984545e-02 1.97517360e+00
 -1.12750660e-02 1.98087400e+00
 2.49228212e-02 1.98739080e+00
 4.95089016e-02 1.99475230e+00
 1.91691489e-02 2.00299033e+00
 1.04991910e-01 2.01214059e+00
 -2.68364786e-02 2.02224299e+00
 -1.12995643e-02 2.03334215e+00
 -1.16497525e-01 2.04548784e+00
 -2.32692519e-02 2.05873561e+00
 1.02579874e-01 2.07314741e+00
 9.16149199e-03 2.08879240e+00
 2.37170712e-02 2.10574787e+00
 1.38049883e-02 2.12410022e+00
 8.06201686e-02 2.14394629e+00
 1.20264246e-01 2.16539472e+00
 7.28842598e-02 2.18856771e+00
 1.11554903e-01 2.21360298e+00
 1.18354136e-01 2.24065624e+00
 4.96537092e-02 2.26990400e+00
 1.09653951e-01 2.30154698e+00
 1.08165145e-01 2.33581434e+00
 9.18914778e-02 2.37296861e+00
 6.69575681e-02 2.41331189e+00
 1.24335785e-01 2.45719341e+00
 4.93948286e-02 2.50501882e+00
 1.58716460e-01 2.55726191e+00
 1.17448267e-01 2.61447921e+00
 8.07572264e-02 2.67732864e+00
 1.39617652e-01 2.74659325e+00
 1.86637513e-01 2.82321202e+00
 9.83320408e-02 2.90832005e+00
 1.43463797e-01 3.00330168e+00
 1.94698186e-01 3.10986160e+00
 1.62763398e-01 3.23012128e+00
 3.01911698e-01 3.36675151e+00
 2.56707941e-01 3.52315755e+00
 3.99634231e-01 3.70374157e+00
 3.98269040e-01 3.91428074e+00
 5.99414237e-01 4.16248003e+00
 6.69620665e-01 4.45879000e+00
 7.45292611e-01 4.81762065e+00
 9.87569310e-01 5.25910982e+00
 1.35478071e+00 5.81149154e+00
 1.80832377e+00 6.51326225e+00
 2.64672860e+00 7.40999940e+00
 4.04128719e+00 8.51954445e+00
 6.50622609e+00 9.63731312e+00
 1.12799060e+01 9.46514331e+00
 1.68194633e+01 4.18134898e+00
 1.52529932e+01 -4.48498500e+00
 9.39908204e+00 -7.46243333e+00
 5.49607592e+00 -6.88353551e+00
 3.48266592e+00 -5.71347706e+00
 2.27285229e+00 -4.67768346e+00
 1.64000597e+00 -3.85590197e+00
 1.16143845e+00 -3.21196542e+00
 8.97833458e-01 -2.70179466e+00
 7.48243471e-01 -2.29082534e+00
 5.47206570e-01 -1.95409228e+00
 5.81729228e-01 -1.67379366e+00
 3.44169698e-01 -1.43713284e+00
 4.74851520e-01 -1.23477275e+00
 3.08596866e-01 -1.05978533e+00
 2.89384246e-01 -9.06943633e-01
 2.22325144e-01 -7.72241356e-01
 2.09601362e-01 -6.52562414e-01
 1.87283788e-01 -5.45450252e-01
 1.68487139e-01 -4.48944180e-01
 1.29945138e-01 -3.61461480e-01
 1.17146766e-01 -2.81711228e-01
 6.77042242e-02 -2.08630416e-01
 1.05017408e-01 -1.41336003e-01
 8.74944450e-02 -7.90884693e-02
 7.32785281e-02 -2.12638171e-02
 9.37879056e-02 3.26681715e-02
 1.49664412e-01 8.31609840e-02
 -1.35237415e-02 1.30604866e-01
 4.62621462e-02 1.75337583e-01
 -2.72367243e-02 2.17653081e-01
 4.07658972e-02 2.57808498e-01
 8.55312069e-02 2.96029888e-01
 7.03003707e-02 3.32516928e-01
 -5.44582597e-03 3.67446798e-01
 1.02789801e-01 4.00977419e-01
 1.04166865e-01 4.33250150e-01
 4.70661995e-02 4.64392066e-01
 2.52596741e-02 4.94517871e-01
 7.98038387e-02 5.23731534e-01
 1.48637765e-02 5.52127680e-01
 1.18658774e-01 5.79792779e-01
 -1.50641836e-02 6.06806182e-01
 8.75038157e-02 6.33241001e-01
 5.99866364e-02 6.59164891e-01
 -1.91813691e-02 6.84640721e-01
 8.03371583e-02 7.09727168e-01
 8.06214246e-03 7.34479241e-01
 7.09290840e-02 7.58948742e-01
 -1.01700090e-02 7.83184682e-01
 1.37692061e-02 8.07233649e-01
 -1.25699523e-02 8.31140142e-01
 7.49896125e-02 8.54946873e-01
 1.17238734e-01 8.78695046e-01
 5.03858258e-02 9.02424607e-01
 7.88662962e-02 9.26174481e-01
 4.09445060e-02 9.49982795e-01
 -4.98670893e-02 9.73887082e-01
 4.94687009e-02 9.97924481e-01
 -4.09202451e-03 1.02213192e+00
 2.51974213e-02 1.04654633e+00
 8.45985354e-02 1.07120476e+00
 3.30797067e-02 1.09614465e+00
 -1.90739356e-02 1.12140391e+00
 1.28040559e-01 1.14702119e+00
 9.23764799e-02 1.17303601e+00
 1.20734782e-01 1.19948898e+00
 -2.49184212e-02 1.22642195e+00
 6.05034585e-02 1.25387831e+00
 4.62750476e-03 1.28190312e+00
 1.16399068e-02 1.31054339e+00
 6.36389757e-02 1.33984833e+00
 4.99867078e-02 1.36986960e+00
 7.86590429e-02 1.40066164e+00
 4.93836762e-02 1.43228194e+00
 7.60209257e-02 1.46479145e+00
 8.73888935e-02 1.49825491e+00
 1.29555726e-01 1.53274133e+00
 6.89368091e-02 1.56832440e+00
 9.84660247e-02 1.60508309e+00
 6.45217315e-02 1.64310216e+00
 6.50020473e-02 1.68247287e+00
 7.90514051e-02 1.72329370e+00
 1.12089246e-01 1.76567118e+00
 8.24273638e-02 1.80972085e+00
 1.05892704e-01 1.85556828e+00
 1.80667911e-01 1.90335034e+00
 7.30686053e-02 1.95321655e+00
 1.66728913e-01 2.00533072e+00
 7.31451122e-02 2.05987270e+00
 2.19679217e-01 2.11704055e+00
 1.59018893e-01 2.17705297e+00
 1.61480129e-01 2.24015213e+00
 7.58333410e-02 2.30660700e+00
 8.74312117e-02 2.37671722e+00
 1.40694034e-01 2.45081768e+00
 1.44489811e-01 2.52928391e+00
 1.47796760e-01 2.61253854e+00
 2.02584728e-01 2.70105891e+00
 2.27138471e-01 2.79538634e+00
 1.84950413e-01 2.89613718e+00
 2.02803421e-01 3.00401632e+00
 2.26421860e-01 3.11983366e+00
 1.09986841e-01 3.24452439e+00
 2.40807694e-01 3.37917408e+00
 3.89291497e-01 3.52505000e+00
 3.24180548e-01 3.68364056e+00
 3.15326965e-01 3.85670529e+00
 4.86702057e-01 4.04633892e+00
 4.22544469e-01 4.25505422e+00
 5.19261295e-01 4.48589020e+00
 4.79976327e-01 4.74255528e+00
 5.97897947e-01 5.02961851e+00
 6.92669339e-01 5.35276875e+00
 8.39720336e-01 5.71917025e+00
 9.46858713e-01 6.13795719e+00
 1.07198640e+00 6.62093087e+00
 1.33046741e+00 7.18355460e+00
 1.51833987e+00 7.84638609e+00
 1.85184425e+00 8.63714163e+00
 2.29093783e+00 9.59361627e+00
 2.98329669e+00 1.07675265e+01
 3.93088880e+00 1.22283259e+01
 5.47626639e+00 1.40613934e+01
 7.86168915e+00 1.63348988e+01
 1.23411466e+01 1.89226011e+01
 1.99954115e+01 2.07179692e+01
 3.22703271e+01 1.71004538e+01
 4.12418468e+01 8.13619077e-01
 3.33208375e+01 -1.62304781e+01
 2.05790957e+01 -2.05374185e+01
 1.26534184e+01 -1.89145566e+01
 8.18169739e+00 -1.63350551e+01
 5.69564361e+00 -1.40381004e+01
 3.95716383e+00 -1.21806679e+01
 3.07347480e+00 -1.07000615e+01
 2.35635017e+00 -9.51087355e+00
 1.90647762e+00 -8.54268193e+00
 1.52683783e+00 -7.74285467e+00
 1.24515154e+00 -7.07289552e+00
 1.17680889e+00 -6.50457973e+00
 9.61585609e-01 -6.01698533e+00
 8.78494583e-01 -5.59438697e+00
 7.27753030e-01 -5.22479293e+00
 7.00651716e-01 -4.89892885e+00
 5.41789021e-01 -4.60952593e+00
 5.75032026e-01 -4.35081626e+00
 4.95681619e-01 -4.11817023e+00
 4.26506057e-01 -3.90783252e+00
 3.60445277e-01 -3.71672728e+00
 2.61428743e-01 -3.54231258e+00
 2.51176629e-01 -3.38247030e+00
 3.77681980e-01 -3.23542200e+00
 2.36036539e-01 -3.09966381e+00
 2.65330654e-01 -2.97391574e+00
 2.24062587e-01 -2.85708163e+00
 2.19057570e-01 -2.74821742e+00
 1.87064651e-01 -2.64650570e+00
 2.05813653e-01 -2.55123518e+00
 1.77293379e-01 -2.46178399e+00
 4.91727269e-02 -2.37760608e+00
 1.26643145e-01 -2.29821991e+00
 1.59889964e-01 -2.22319918e+00
 1.75881564e-01 -2.15216509e+00
 1.28102103e-01 -2.08477980e+00
 2.24824981e-01 -2.02074103e+00
 1.47889802e-01 -1.95977737e+00
 1.33440519e-01 -1.90164441e+00
 1.08455360e-01 -1.84612136e+00
 7.31168230e-02 -1.79300820e+00
 1.01511982e-01 -1.74212319e+00
 8.65119237e-02 -1.69330076e+00
 1.39586241e-01 -1.64638968e+00
 1.23914967e-01 -1.60125138e+00
 1.69964702e-01 -1.55775865e+00
 2.88360474e-02 -1.51579432e+00
 1.35787503e-01 -1.47525025e+00
 1.30561517e-01 -1.43602633e+00
 8.17265343e-02 -1.39802966e+00
 5.81422463e-02 -1.36117381e+00
 4.12457725e-02 -1.32537814e+00
 1.07451373e-01 -1.29056720e+00
 2.01138991e-03 -1.25667021e+00
 3.74507276e-02 -1.22362059e+00
 9.78023461e-02 -1.19135548e+00
 1.14809601e-01 -1.15981541e+00
 2.43725980e-02 -1.12894387e+00
 4.85921760e-02 -1.09868705e+00
 1.07962984e-01 -1.06899349e+00
 7.25012546e-02 -1.03981379e+00
 -7.14604130e-02 -1.01110041e+00
 1.21454372e-02 -9.82807343e-01
 7.78870396e-02 -9.54889947e-01
 -6.46252024e-02 -9.27304690e-01
 1.76109209e-01 -9.00008944e-01
 2.63890632e-02 -8.72960783e-01
 6.27960653e-02 -8.46118775e-01
 2.68890509e-02 -8.19441785e-01
 2.50184437e-02 -7.92888774e-01
 -1.81677879e-02 -7.66418601e-01
 -1.68508111e-02 -7.39989814e-01
 6.56492354e-02 -7.13560441e-01
 3.80374363e-04 -6.87087770e-01
 4.29673850e-02 -6.60528120e-01
 -1.47319001e-02 -6.33836594e-01
 2.94388886e-02 -6.06966824e-01
 1.14863383e-01 -5.79870686e-01
 -1.68193014e-03 -5.52497995e-01
 1.16532577e-02 -5.24796177e-01
 5.64636272e-02 -4.96709902e-01
 8.16549132e-02 -4.68180676e-01
 7.08339797e-02 -4.39146395e-01
 1.37153784e-01 -4.09540840e-01
 2.15870893e-02 -3.79293108e-01
 -1.38080594e-02 -3.48326978e-01
 -1.36695075e-02 -3.16560177e-01
 8.19061297e-02 -2.83903559e-01
 6.17571759e-02 -2.50260152e-01
 -1.44521654e-02 -2.15524066e-01
 6.05110006e-02 -1.79579238e-01
 1.30157802e-03 -1.42297962e-01
 1.18718626e-02 -1.03539189e-01
 8.69320890e-02 -6.31465315e-02
 1.18919736e-01 -2.09459119e-02
 8.63132436e-02 2.32572084e-02
 3.73485232e-02 6.96811258e-02
 1.23483576e-01 1.18571829e-01
 9.67889697e-02 1.70207722e-01
 1.77098763e-01 2.24905329e-01
 1.33058189e-01 2.83026218e-01
 1.17538132e-01 3.44985467e-01
 1.47483942e-01 4.11262085e-01
 1.36707545e-01 4.82411922e-01
 1.35176250e-01 5.59083785e-01
 1.71200915e-01 6.42039739e-01
 3.02927271e-01 7.32180854e-01
 2.49933903e-01 8.30580205e-01
 2.41897766e-01 9.38525544e-01
 3.43425202e-01 1.05757504e+00
 3.13247287e-01 1.18963093e+00
 3.56829408e-01 1.33703781e+00
 2.50598451e-01 1.50271558e+00
 5.02613726e-01 1.69034113e+00
 4.50655743e-01 1.90459973e+00
 5.22173002e-01 2.15153641e+00
 7.15540091e-01 2.43905051e+00
 9.08302900e-01 2.77759169e+00
 9.87973551e-01 3.18112339e+00
 1.35855837e+00 3.66837920e+00
 1.66165033e+00 4.26419868e+00
 2.24481065e+00 4.99972239e+00
 3.18848154e+00 5.90626572e+00
 4.51837452e+00 6.98210116e+00
 6.97207319e+00 8.05078916e+00
 1.11524645e+01 8.24059810e+00
 1.67462776e+01 4.94292934e+00
 1.88405352e+01 -3.28692746e+00
 1.40771710e+01 -9.44325047e+00
 8.93356483e+00 -1.06001496e+01
 5.59443145e+00 -9.79380331e+00
 3.85094660e+00 -8.68059673e+00
 2.65395431e+00 -7.68566322e+00
 1.83388892e+00 -6.86897915e+00
 1.46014943e+00 -6.20873941e+00
 1.19570919e+00 -5.67227547e+00
 1.03164553e+00 -5.23147595e+00
 7.20508475e-01 -4.86470021e+00
 6.13310313e-01 -4.55576188e+00
 5.65350853e-01 -4.29258284e+00
 4.39424996e-01 -4.06608206e+00
 3.19572366e-01 -3.86935389e+00
 3.22633559e-01 -3.69708066e+00
 2.59139671e-01 -3.54511570e+00
 2.67260134e-01 -3.41018610e+00
 1.72526108e-01 -3.28967902e+00
 1.64195602e-01 -3.18148628e+00
 2.93994106e-01 -3.08389010e+00
 2.13981635e-01 -2.99547795e+00
 2.24120568e-01 -2.91507856e+00
 5.73024970e-02 -2.84171309e+00
 1.20450379e-01 -2.77455765e+00
 1.30258721e-01 -2.71291412e+00
 1.33667893e-01 -2.65618735e+00
 7.40728307e-02 -2.60386699e+00
 1.14810150e-01 -2.55551315e+00
 9.92495465e-02 -2.51074479e+00
 1.05877684e-01 -2.46923032e+00
 3.40775376e-02 -2.43067997e+00
 -1.74046787e-02 -2.39483952e+00
 8.11098790e-02 -2.36148512e+00
 -8.11951446e-04 -2.33041900e+00
 -1.01154942e-02 -2.30146586e+00
 3.40380978e-02 -2.27446994e+00
 1.65314440e-01 -2.24929240e+00
 -1.87471789e-02 -2.22580924e+00
 -2.11831656e-02 -2.20390944e+00
 4.06386424e-03 -2.18349344e+00
 -5.24644944e-02 -2.16447182e+00
 7.49115109e-02 -2.14676409e+00
 9.46452869e-02 -2.13029780e+00
 3.20025795e-02 -2.11500761e+00
 9.28573337e-04 -2.10083463e+00
 3.02963113e-02 -2.08772569e+00
 -5.77868754e-02 -2.07563287e+00
 8.98684321e-02 -2.06451295e+00
 5.73882530e-02 -2.05432705e+00
 1.54341870e-01 -2.04504019e+00
 -6.46540046e-02 -2.03662101e+00
 7.23335946e-03 -2.02904150e+00
 7.11849332e-02 -2.02227670e+00
 -5.20430900e-02 -2.01630456e+00
 4.93061296e-02 -2.01110568e+00
 -3.08304568e-02 -2.00666320e+00
 -3.86727769e-02 -2.00296264e+00
 -1.08539332e-01 -1.99999180e+00
 7.85762096e-02 -1.99774064e+00
 5.08148293e-02 -1.99620122e+00
 -2.55494214e-03 -1.99536761e+00
 -4.74624199e-02 -1.99523589e+00
 -7.65136959e-02 -1.99580405e+00
 -1.93053348e-02 -1.99707204e+00
 -3.30342056e-02 -1.99904170e+00
 2.60190355e-02 -2.00171682e+00
 8.08454351e-02 -2.00510314e+00
 2.07433239e-02 -2.00920836e+00
 -5.05347907e-02 -2.01404226e+00
 -6.20060229e-03 -2.01961671e+00
 -5.27499348e-03 -2.02594574e+00
 5.25313324e-03 -2.03304571e+00
 -5.89885513e-02 -2.04093536e+00
 -1.13015566e-01 -2.04963599e+00
 -4.60625672e-02 -2.05917159e+00
 -5.26375943e-02 -2.06956906e+00
 -7.62795977e-02 -2.08085839e+00
 3.17719830e-02 -2.09307293e+00
 -1.06502942e-01 -2.10624967e+00
 3.79495246e-04 -2.12042953e+00
 -4.25200727e-02 -2.13565774e+00
 -5.00931827e-02 -2.15198428e+00
 -1.15257705e-01 -2.16946431e+00
 -4.58414543e-02 -2.18815872e+00
 -2.28578485e-02 -2.20813479e+00
 -7.50990047e-02 -2.22946685e+00
 -5.57095884e-02 -2.25223710e+00
 -1.23176028e-02 -2.27653661e+00
 -6.59993501e-02 -2.30246631e+00
 -9.69844331e-02 -2.33013832e+00
 -7.42179328e-02 -2.35967741e+00
 -6.99497991e-02 -2.39122266e+00
 -1.08788084e-01 -2.42492949e+00
 -1.86126986e-01 -2.46097200e+00
 1.80072730e-02 -2.49954573e+00
 -1.30212727e-01 -2.54087094e+00
 -6.76075102e-02 -2.58519650e+00
 -1.36823067e-01 -2.63280458e+00
 -1.19002275e-01 -2.68401625e+00
 -1.41226499e-01 -2.73919825e+00
 -1.55112175e-01 -2.79877125e+00
 -1.11281607e-01 -2.86321995e+00
 -1.45162411e-01 -2.93310551e+00
 -1.30731577e-01 -3.00908096e+00
 -1.62660911e-01 -3.09191048e+00
 -3.19301154e-01 -3.18249364e+00
 -2.28065193e-01 -3.28189625e+00
 -3.17484754e-01 -3.39138980e+00
 -2.74827530e-01 -3.51250248e+00
 -2.71444425e-01 -3.64708585e+00
 -3.61717081e-01 -3.79740271e+00
 -4.86156590e-01 -3.96624424e+00
 -4.29538881e-01 -4.15708785e+00
 -5.55696078e-01 -4.37431188e+00
 -6.60512345e-01 -4.62349042e+00
 -7.83501386e-01 -4.91180043e+00
 -8.73696242e-01 -5.24858373e+00
 -1.17607992e+00 -5.64611183e+00
 -1.30325186e+00 -6.12057847e+00
 -1.67931338e+00 -6.69321065e+00
 -2.16374749e+00 -7.39085819e+00
 -2.99737485e+00 -8.24348543e+00
 -3.99925626e+00 -9.26896283e+00
 -5.96991638e+00 -1.04099301e+01
 -9.15850188e+00 -1.13003846e+01
 -1.42055172e+01 -1.05721108e+01
 -1.96396535e+01 -5.36331604e+00
 -1.95349168e+01 3.41864598e+00
 -1.40455380e+01 8.48127042e+00
 -9.09576946e+00 9.13817394e+00
 -5.84918155e+00 8.23449658e+00
 -4.09428245e+00 7.09685425e+00
 -2.97002070e+00 6.07706846e+00
 -2.17341707e+00 5.22910217e+00
 -1.64427684e+00 4.53458548e+00
 -1.25321886e+00 3.96371426e+00
 -1.12363620e+00 3.48989052e+00
 -8.65914186e-01 3.09210268e+00
 -7.69968106e-01 2.75431945e+00
 -6.92110716e-01 2.46438722e+00
 -5.58193383e-01 2.21304895e+00
 -4.23139169e-01 1.99318866e+00
 -4.91924830e-01 1.79927629e+00
 -4.21449158e-01 1.62696542e+00
 -3.81965941e-01 1.47280180e+00
 -3.38814581e-01 1.33401098e+00
 -2.49874299e-01 1.20834211e+00
 -2.60402640e-01 1.09395199e+00
 -2.24517494e-01 9.89317959e-01
 -1.64269896e-01 8.93171923e-01
 -9.40431086e-02 8.04449721e-01
 -7.05069294e-02 7.22251995e-01
 -1.22994732e-01 6.45813621e-01
 -9.40534099e-02 5.74479622e-01
 -2.12089472e-01 5.07686035e-01
 -1.39724495e-01 4.44944591e-01
 -1.21914399e-01 3.85830359e-01
 -8.74143117e-02 3.29971703e-01
 -1.14876303e-01 2.77042073e-01
 -1.14024753e-01 2.26753253e-01
 -4.21273022e-02 1.78849760e-01
 -1.16302912e-01 1.33104196e-01
 -2.67557806e-02 8.93133473e-02
 -1.04127559e-02 4.72949039e-02
 -1.51065927e-01 6.88468937e-03
 -2.45281495e-02 -3.20656956e-02
 -1.03830599e-01 -6.96908831e-02
 -7.55546845e-02 -1.06113461e-01
 -8.79569327e-02 -1.41445457e-01
 -1.02422651e-01 -1.75789622e-01
 -9.38007029e-02 -2.09240540e-01
 -9.23014658e-02 -2.41885606e-01
 -1.46190548e-01 -2.73805870e-01
 -7.04156959e-02 -3.05076789e-01
 -1.46002250e-02 -3.35768883e-01
 -5.13919507e-02 -3.65948327e-01
 -9.32399898e-02 -3.95677466e-01
 -5.22233649e-02 -4.25015289e-01
 -6.87616301e-02 -4.54017847e-01
 -1.12178928e-01 -4.82738635e-01
 1.75067399e-02 -5.11228939e-01
 -6.92808352e-02 -5.39538154e-01
 -3.53739826e-02 -5.67714080e-01
 -8.61455926e-02 -5.95803193e-01
 -5.05197343e-02 -6.23850905e-01
 -6.51032571e-02 -6.51901800e-01
 -6.47161154e-02 -6.79999872e-01
 -7.19421133e-02 -7.08188741e-01
 -7.49252481e-02 -7.36511876e-01
 -6.26243447e-02 -7.65012802e-01
 -1.03915845e-01 -7.93735314e-01
 -1.02641628e-01 -8.22723686e-01
 -8.45451811e-02 -8.52022887e-01
 -1.10225055e-01 -8.81678797e-01
 -3.72232364e-02 -9.11738438e-01
 -5.86165136e-02 -9.42250201e-01
 -2.36536448e-02 -9.73264098e-01
 2.70707591e-02 -1.00483202e+00
 -1.69074820e-02 -1.03700803e+00
 -4.19732281e-02 -1.06984862e+00
 -2.47240007e-02 -1.10341309e+00
 -4.49761630e-02 -1.13776386e+00
 -5.09859873e-02 -1.17296685e+00
 -1.47106707e-01 -1.20909195e+00
 -1.60784890e-01 -1.24621340e+00
 -8.69791448e-02 -1.28441038e+00
 -1.31320665e-01 -1.32376754e+00
 -6.35742586e-02 -1.36437564e+00
 -8.70253906e-02 -1.40633227e+00
 -1.42442412e-01 -1.44974264e+00
 -5.90097779e-02 -1.49472051e+00
 -7.46600099e-02 -1.54138915e+00
 -1.60864841e-01 -1.58988260e+00
 -1.10939656e-01 -1.64034687e+00
 -7.22016350e-02 -1.69294155e+00
 -1.71775185e-01 -1.74784151e+00
 -1.44767484e-01 -1.80523886e+00
 -1.97668152e-01 -1.86534533e+00
 -8.98726256e-02 -1.92839487e+00
 -1.86921118e-01 -1.99464680e+00
 -1.93400022e-01 -2.06438947e+00
 -1.95759865e-01 -2.13794449e+00
 -1.23759012e-01 -2.21567180e+00
 -1.69566073e-01 -2.29797560e+00
 -2.18731266e-01 -2.38531153e+00
 -2.54902491e-01 -2.47819508e+00
 -3.10452150e-01 -2.57721185e+00
 -2.58819022e-01 -2.68302992e+00
 -3.49674987e-01 -2.79641484e+00
 -3.35755055e-01 -2.91824807e+00
 -3.62168176e-01 -3.04954961e+00
 -3.10534823e-01 -3.19150613e+00
 -2.74775126e-01 -3.34550611e+00
 -3.06461776e-01 -3.51318408e+00
 -5.55721350e-01 -3.69647681e+00
 -4.96567280e-01 -3.89769526e+00
 -5.68396977e-01 -4.11961753e+00
 -6.32811546e-01 -4.36561010e+00
 -6.43187678e-01 -4.63978741e+00
 -8.17757358e-01 -4.94722399e+00
 -9.45284522e-01 -5.29423888e+00
 -1.01430974e+00 -5.68878008e+00
 -1.22432437e+00 -6.14094683e+00
 -1.55610674e+00 -6.66369899e+00
 -1.69296220e+00 -7.27380946e+00
 -2.10592048e+00 -7.99309603e+00
 -2.55560432e+00 -8.84985201e+00
 -3.27367884e+00 -9.87995211e+00
 -4.23516259e+00 -1.11255847e+01
 -5.89782982e+00 -1.26243989e+01
 -8.12289948e+00 -1.43642200e+01
 -1.18932707e+01 -1.61192176e+01
 -1.81270868e+01 -1.69175588e+01
 -2.69376032e+01 -1.38544223e+01
 -3.39131404e+01 -3.06962275e+00
 -3.09290374e+01 1.03478422e+01
 -2.17512310e+01 1.66248888e+01
 -1.42808038e+01 1.70471518e+01
 -9.63236523e+00 1.55267681e+01
 -6.71214149e+00 1.37325317e+01
 -4.83113361e+00 1.21215538e+01
 -3.76397952e+00 1.07687147e+01
 -2.82330131e+00 9.64953905e+00
 -2.24509898e+00 8.72166110e+00
 -1.86881361e+00 7.94607958e+00
 -1.59564532e+00 7.29127982e+00
 -1.31913775e+00 6.73278836e+00
 -1.20953594e+00 6.25178552e+00
 -8.58814751e-01 5.83376817e+00
 -8.30190976e-01 5.46747822e+00
 -8.51770730e-01 5.14409411e+00
 -6.45123430e-01 4.85663344e+00
 -6.60259700e-01 4.59951333e+00
 -5.30152567e-01 4.36822604e+00
 -4.48647782e-01 4.15909787e+00
 -3.32893910e-01 3.96910847e+00
 -3.52248264e-01 3.79575418e+00
 -3.56119964e-01 3.63694364e+00
 -3.00683402e-01 3.49091730e+00
 -3.41520456e-01 3.35618489e+00
 -2.82888145e-01 3.23147622e+00
 -1.95078626e-01 3.11570241e+00
 -1.77662653e-01 3.00792481e+00
 -2.77711562e-01 2.90733017e+00
 -2.10601488e-01 2.81321045e+00
 -2.06325129e-01 2.72494637e+00
 -2.63392578e-01 2.64199404e+00
 -1.91931060e-01 2.56387376e+00
 -1.63997941e-01 2.49016088e+00
 -1.73952217e-01 2.42047808e+00
 -1.44726834e-01 2.35448895e+00
 -2.49173160e-02 2.29189255e+00
 -8.86625832e-02 2.23241886e+00
 -1.28952764e-01 2.17582482e+00
 -1.14444730e-01 2.12189105e+00
 -1.24531777e-01 2.07041896e+00
 -1.11426424e-01 2.02122832e+00
 -8.37819657e-02 1.97415512e+00
 -1.52025579e-01 1.92904974e+00
 -7.44484821e-02 1.88577537e+00
 -7.56237238e-02 1.84420658e+00
 -3.86319692e-02 1.80422811e+00
 -5.63201317e-02 1.76573381e+00
 -8.17473553e-02 1.72862571e+00
 -5.49058840e-02 1.69281312e+00
 -1.36523900e-01 1.65821198e+00
 -7.84955518e-02 1.62474413e+00
 -3.79293469e-02 1.59233675e+00
 -1.07437292e-01 1.56092184e+00
 -1.22215449e-01 1.53043576e+00
 -1.23078957e-02 1.50081877e+00
 -4.43726564e-02 1.47201468e+00
 -6.14978510e-02 1.44397048e+00
 -5.73013394e-03 1.41663605e+00
 -4.83588383e-02 1.38996384e+00
 -3.24292219e-02 1.36390864e+00
 -7.24013551e-02 1.33842731e+00
 -2.39585065e-02 1.31347854e+00
 -8.08549744e-02 1.28902270e+00
 -5.98214569e-02 1.26502158e+00
 -1.41435750e-01 1.24143820e+00
 -9.39070567e-02 1.21823670e+00
 2.63433030e-02 1.19538210e+00
 9.10370973e-03 1.17284017e+00
 -6.05154133e-02 1.15057723e+00
 -5.26775062e-02 1.12856006e+00
 3.33093950e-02 1.10675569e+00
 -1.58495654e-01 1.08513122e+00
 -2.32389197e-02 1.06365374e+00
 -5.12682019e-02 1.04229007e+00
 -6.42124950e-02 1.02100667e+00
 -2.86901929e-02 9.99769394e-01
 -2.53147454e-02 9.78543340e-01
 -4.14932450e-03 9.57292637e-01
 -5.29196699e-02 9.35980221e-01
 -6.12473693e-02 9.14567602e-01
 -1.11529443e-02 8.93014606e-01
 -1.23653409e-02 8.71279086e-01
 -1.90906010e-01 8.49316611e-01
 -4.97554540e-03 8.27080107e-01
 -8.26206572e-02 8.04519468e-01
 -7.09712687e-02 7.81581106e-01
 6.65382685e-03 7.58207450e-01
 -1.02845779e-01 7.34336363e-01
 -7.48791520e-02 7.09900491e-01
 -5.87845965e-02 6.84826499e-01
 -8.44130287e-03 6.59034201e-01
 -4.01014176e-02 6.32435535e-01
 -4.93510339e-02 6.04933384e-01
 -7.57199247e-02 5.76420181e-01
 -7.79076848e-02 5.46776276e-01
 -1.12412627e-01 5.15867995e-01
 -1.06778836e-01 4.83545339e-01
 -1.80245883e-01 4.49639228e-01
 -1.14669694e-01 4.13958188e-01
 -7.04474288e-02 3.76284346e-01
 -1.45791503e-01 3.36368565e-01
 -1.23304151e-01 2.93924472e-01
 -1.37058569e-01 2.48621122e-01
 -1.72426810e-01 2.00073878e-01
 -1.01787511e-01 1.47833029e-01
 -1.86546254e-01 9.13694510e-02
 -1.52327038e-01 3.00564100e-02
 -1.39286898e-01 -3.68537213e-02
 -1.94216516e-01 -1.10259513e-01
 -9.79711451e-02 -1.91249596e-01
 -2.10581343e-01 -2.81154022e-01
 -2.71371198e-01 -3.81612251e-01
 -2.42903498e-01 -4.94663777e-01
 -3.59781906e-01 -6.22869515e-01
 -4.40170874e-01 -7.69474405e-01
 -4.52489117e-01 -9.38623261e-01
 -4.83815065e-01 -1.13563909e+00
 -7.24642704e-01 -1.36735481e+00
 -9.52216367e-01 -1.64242124e+00
 -1.09198898e+00 -1.97129099e+00
 -1.51996741e+00 -2.36486396e+00
 -2.03651743e+00 -2.82848541e+00
 -2.73992495e+00 -3.34058399e+00
 -4.18244208e+00 -3.78280119e+00
 -6.20295006e+00 -3.74343140e+00
 -8.87333275e+00 -2.24164020e+00
 -1.01215712e+01 1.35577988e+00
 -8.63736934e+00 4.85041961e+00
 -6.08556606e+00 6.22203576e+00
 -4.11438428e+00 6.20997977e+00
 -2.76884038e+00 5.75848819e+00
 -1.96296092e+00 5.25038099e+00
 -1.44681532e+00 4.79376000e+00
 -1.17103028e+00 4.40727723e+00
 -8.03362740e-01 4.08494198e+00
 -7.15493918e-01 3.81584868e+00
 -6.01833698e-01 3.58968858e+00
 -4.44476157e-01 3.39796449e+00
 -4.10173141e-01 3.23397267e+00
 -3.12724348e-01 3.09249128e+00
 -2.64854880e-01 2.96945309e+00
 -3.35947739e-01 2.86167256e+00
 -2.67361431e-01 2.76663469e+00
 -1.80043826e-01 2.68233589e+00
 -1.60043776e-01 2.60716535e+00
 -1.65252326e-01 2.53981627e+00
 -1.96069645e-01 2.47921932e+00
 -1.32678698e-01 2.42449233e+00
 -1.18941580e-01 2.37490188e+00
 -9.17948938e-02 2.32983388e+00
 -9.87815979e-02 2.28877070e+00
 -1.46000457e-02 2.25127326e+00
 -1.29735452e-01 2.21696699e+00
 -8.45279084e-02 2.18553063e+00
 -3.24453358e-02 2.15668725e+00
 2.30831619e-02 2.13019705e+00
 5.31232507e-02 2.10585150e+00
 -8.40561746e-02 2.08346853e+00
 -5.60528015e-02 2.06288866e+00
 -6.16984157e-02 2.04397165e+00
 -4.86150887e-02 2.02659390e+00
 4.30930857e-02 2.01064613e+00
 -3.17291407e-02 1.99603153e+00
 4.58862879e-04 1.98266414e+00
 -6.68967273e-02 1.97046750e+00
 -6.61216953e-02 1.95937354e+00
 3.81766581e-03 1.94932154e+00
 -1.62849555e-02 1.94025739e+00
 -6.47779495e-02 1.93213276e+00
 -6.42710765e-02 1.92490457e+00
 -1.09622873e-01 1.91853444e+00
 -4.98159789e-04 1.91298820e+00
 -4.09513210e-02 1.90823552e+00
 -1.34913309e-01 1.90424958e+00
 1.21734346e-02 1.90100674e+00
 1.07049268e-01 1.89848629e+00
 4.75365733e-02 1.89667027e+00
 8.74251908e-03 1.89554319e+00
 -7.22072487e-03 1.89509198e+00
 1.65280749e-02 1.89530574e+00
 1.13771174e-02 1.89617571e+00
 -1.55955456e-02 1.89769509e+00
 5.10871080e-02 1.89985903e+00
 -7.96385336e-03 1.90266453e+00
 2.98623953e-02 1.90611037e+00
 -5.53577650e-02 1.91019712e+00
 -3.71679361e-02 1.91492707e+00
 -2.37634435e-02 1.92030425e+00
 -2.57484059e-02 1.92633443e+00
 8.76561197e-02 1.93302512e+00
 -1.28708840e-01 1.94038561e+00
 -1.15441243e-02 1.94842699e+00
 1.87234058e-01 1.95716223e+00
 6.38126512e-02 1.96660623e+00
 8.71924171e-02 1.97677589e+00
 -1.15012509e-02 1.98769022e+00
 1.00780338e-01 1.99937045e+00
 2.78967619e-02 2.01184015e+00
 -3.83211327e-02 2.02512539e+00
 -3.86062310e-02 2.03925488e+00
 -2.91179386e-02 2.05426021e+00
 4.18562531e-02 2.07017600e+00
 -7.79830859e-03 2.08704021e+00
 9.75428277e-03 2.10489438e+00
 9.41777039e-02 2.12378394e+00
 6.73246279e-02 2.14375859e+00
 6.18444607e-02 2.16487267e+00
 9.55835521e-02 2.18718566e+00
 -6.04970681e-02 2.21076264e+00
 -3.29401851e-02 2.23567490e+00
 6.02872940e-02 2.26200062e+00
 4.74691268e-02 2.28982561e+00
 8.71666521e-02 2.31924417e+00
 1.28147784e-01 2.35036010e+00
 7.90260956e-02 2.38328783e+00
 1.68281827e-01 2.41815375e+00
 1.03779901e-01 2.45509770e+00
 2.31619349e-02 2.49427474e+00
 1.30866876e-01 2.53585723e+00
 1.07251683e-01 2.58003714e+00
 1.01800902e-01 2.62702891e+00
 1.31445487e-01 2.67707274e+00
 1.36917914e-01 2.73043842e+00
 7.12137466e-02 2.78742999e+00
 1.56318983e-01 2.84839121e+00
 1.06641462e-01 2.91371214e+00
 1.74698075e-01 2.98383707e+00
 1.96228913e-01 3.05927409e+00
 2.31806573e-01 3.14060679e+00
 1.77325531e-01 3.22850854e+00
 1.78749441e-01 3.32376014e+00
 2.99486136e-01 3.42727167e+00
 2.02281537e-01 3.54010988e+00
 3.78121442e-01 3.66353256e+00
 2.95802293e-01 3.79903228e+00
 4.46882297e-01 3.94839216e+00
 4.63141561e-01 4.11375784e+00
 5.61769898e-01 4.29773091e+00
 6.23691996e-01 4.50349119e+00
 6.50298327e-01 4.73495770e+00
 6.90573672e-01 4.99700161e+00
 9.43680591e-01 5.29572812e+00
 1.01548585e+00 5.63884689e+00
 1.28282252e+00 6.03614829e+00
 1.49548340e+00 6.50008092e+00
 1.85705510e+00 7.04634683e+00
 2.27403743e+00 7.69417813e+00
 2.85313432e+00 8.46518994e+00
 3.89900562e+00 9.37736199e+00
 5.21368617e+00 1.04234979e+01
 7.37187504e+00 1.15017137e+01
 1.08268142e+01 1.22084055e+01
 1.57217020e+01 1.13532371e+01
 2.10728235e+01 6.75095417e+00
 2.23245043e+01 -1.55379768e+00
 1.80764168e+01 -8.12468320e+00
 1.27458940e+01 -1.03245142e+01
 8.61191290e+00 -1.00812320e+01
 6.00677602e+00 -9.08580316e+00
 4.29405571e+00 -8.00474666e+00
 3.24362999e+00 -7.03160921e+00
 2.43819219e+00 -6.20117048e+00
 2.02304402e+00 -5.50221232e+00
 1.58773285e+00 -4.91354863e+00
 1.37687774e+00 -4.41469723e+00
 1.09375451e+00 -3.98847535e+00
 1.00531410e+00 -3.62113150e+00
 8.52593003e-01 -3.30182627e+00
 7.16092497e-01 -3.02203217e+00
 6.58432578e-01 -2.77501303e+00
 5.78900654e-01 -2.55541099e+00
 4.17160262e-01 -2.35892995e+00
 5.57814545e-01 -2.18209579e+00
 4.95936889e-01 -2.02207527e+00
 4.45968315e-01 -1.87653879e+00
 3.54033245e-01 -1.74355572e+00
 3.14024200e-01 -1.62151414e+00
 3.52480957e-01 -1.50905866e+00
 3.05756314e-01 -1.40504205e+00
 2.46967136e-01 -1.30848714e+00
 1.84282795e-01 -1.21855673e+00
 1.63635473e-01 -1.13452947e+00
 1.87788706e-01 -1.05578062e+00
 2.04895653e-01 -9.81766382e-01
 9.94548846e-02 -9.12011160e-01
 1.75932998e-01 -8.46097158e-01
 4.58435411e-02 -7.83655767e-01
 2.15327055e-01 -7.24360434e-01
 6.38158949e-02 -6.67920728e-01
 1.41102683e-01 -6.14077354e-01
 1.09847465e-01 -5.62597967e-01
 1.74259457e-01 -5.13273625e-01
 1.68904788e-01 -4.65915772e-01
 1.24235616e-01 -4.20353670e-01
 2.13838395e-01 -3.76432190e-01
 7.46927022e-02 -3.34009916e-01
 5.90221246e-02 -2.92957504e-01
 1.87438185e-01 -2.53156258e-01
 1.45598518e-01 -2.14496893e-01
 3.43246884e-02 -1.76878446e-01
 1.37051455e-01 -1.40207327e-01
 9.55102662e-02 -1.04396480e-01
 1.13760715e-01 -6.93646403e-02
 1.48757548e-01 -3.50356751e-02
 1.03984424e-02 -1.33799375e-03
 8.58756423e-02 3.17959792e-02
 4.09168805e-02 6.44302797e-02
 1.05693206e-01 9.66258347e-02
 5.29011387e-02 1.28440854e-01
 1.02480216e-01 1.59931189e-01
 1.48121580e-01 1.91150663e-01
 5.76678632e-02 2.22151380e-01
 1.29804985e-01 2.52984008e-01
 6.06667584e-02 2.83698054e-01
 2.36188469e-02 3.14342116e-01
 7.22270150e-02 3.44964131e-01
 1.36255046e-01 3.75611613e-01
 8.26232498e-02 4.06331886e-01
 4.94850527e-03 4.37172313e-01
 1.33175030e-01 4.68180524e-01
 1.01873547e-01 4.99404646e-01
 3.99301425e-02 5.30893540e-01
 6.84879030e-02 5.62697034e-01
 9.69942301e-02 5.94866182e-01
 6.86552434e-02 6.27453512e-01
 8.50995663e-02 6.60513312e-01
 1.43722169e-01 6.94101913e-01
 6.04297798e-02 7.28278001e-01
 3.86420076e-02 7.63102957e-01
 8.38363824e-02 7.98641218e-01
 1.16238976e-01 8.34960671e-01
 1.40267121e-01 8.72133093e-01
 1.00848729e-01 9.10234623e-01
 1.45252015e-01 9.49346298e-01
 1.45940408e-01 9.89554637e-01
 8.18624269e-02 1.03095230e+00
 1.52079292e-01 1.07363882e+00
 1.98807926e-01 1.11772143e+00
 1.20190561e-01 1.16331600e+00
 1.51234870e-01 1.21054809e+00
 1.17337021e-01 1.25955415e+00
 1.20445385e-01 1.31048290e+00
 2.34208306e-01 1.36349688e+00
 4.31842303e-02 1.41877424e+00
 1.74344675e-01 1.47651084e+00
 2.65710306e-01 1.53692266e+00
 1.76698766e-01 1.60024853e+00
 1.68048306e-01 1.66675342e+00
 1.84160767e-01 1.73673225e+00
 2.20085501e-01 1.81051434e+00
 2.74964246e-01 1.88846868e+00
 2.72448506e-01 1.97101021e+00
 2.26063345e-01 2.05860727e+00
 2.12781604e-01 2.15179053e+00
 3.35481550e-01 2.25116379e+00
 2.83620339e-01 2.35741693e+00
 2.50624627e-01 2.47134186e+00
 2.72032786e-01 2.59385187e+00
 3.66429785e-01 2.72600565e+00
 4.72379719e-01 2.86903694e+00
 4.81868906e-01 3.02439174e+00
 5.35889738e-01 3.19377495e+00
 5.72583350e-01 3.37920960e+00
 6.05025465e-01 3.58311245e+00
 6.32340485e-01 3.80839113e+00
 7.58941661e-01 4.05856998e+00
 8.75719745e-01 4.33795392e+00
 9.78929164e-01 4.65184281e+00
 1.11769773e+00 5.00681211e+00
 1.20657908e+00 5.41107865e+00
 1.45590454e+00 5.87496903e+00
 1.82976798e+00 6.41149439e+00
 2.04462533e+00 7.03698156e+00
 2.59792669e+00 7.77154421e+00
 3.18267374e+00 8.63868976e+00
 4.19589671e+00 9.66193862e+00
 5.44886141e+00 1.08521711e+01
 7.59125320e+00 1.21671814e+01
 1.07484241e+01 1.33907525e+01
 1.55203022e+01 1.38073741e+01
 2.19233492e+01 1.16135340e+01
 2.77302026e+01 4.42732427e+00
 2.75483591e+01 -5.86095553e+00
 2.16399182e+01 -1.27159121e+01
 1.51871805e+01 -1.46755606e+01
 1.05082570e+01 -1.41762005e+01
 7.44714524e+00 -1.29387159e+01
 5.45046317e+00 -1.16317998e+01
 4.22628049e+00 -1.04546034e+01
 3.20715102e+00 -9.44405061e+00
 2.46611361e+00 -8.58794639e+00
 2.08614293e+00 -7.86269148e+00
 1.78326478e+00 -7.24503358e+00
 1.43841338e+00 -6.71516127e+00
 1.15362560e+00 -6.25701470e+00
 1.09986849e+00 -5.85779852e+00
 8.82487494e-01 -5.50735499e+00
 7.55648370e-01 -5.19759805e+00
 7.43150881e-01 -4.92205346e+00
 6.58547283e-01 -4.67550011e+00
 5.70986634e-01 -4.45369484e+00
 3.83767360e-01 -4.25316218e+00
 4.43569241e-01 -4.07103355e+00
 4.05777392e-01 -3.90492377e+00
 4.30921077e-01 -3.75283562e+00
 3.03351955e-01 -3.61308552e+00
 3.16677437e-01 -3.48424533e+00
 3.97272909e-01 -3.36509641e+00
 3.52212575e-01 -3.25459308e+00
 2.62409504e-01 -3.15183330e+00
 2.55583671e-01 -3.05603512e+00
 1.73731946e-01 -2.96651751e+00
 1.77192540e-01 -2.88268473e+00
 1.55323910e-01 -2.80401347e+00
 1.97605525e-01 -2.73004225e+00
 1.34275437e-01 -2.66036257e+00
 2.17654583e-01 -2.59461160e+00
 2.24435730e-01 -2.53246594e+00
 1.84203834e-01 -2.47363648e+00
 1.78764676e-01 -2.41786393e+00
 1.27786436e-01 -2.36491508e+00
 1.65902375e-01 -2.31457962e+00
 1.42472231e-01 -2.26666739e+00
 1.64235770e-01 -2.22100599e+00
 1.24837136e-01 -2.17743876e+00
 4.07448151e-02 -2.13582301e+00
 5.31008507e-02 -2.09602848e+00
 7.80939997e-02 -2.05793600e+00
 1.05574608e-01 -2.02143632e+00
 1.57516335e-01 -1.98642906e+00
 8.91303118e-02 -1.95282183e+00
 1.34435995e-01 -1.92052943e+00
 7.58599980e-02 -1.88947313e+00
 1.07698670e-01 -1.85958004e+00
 2.32399190e-01 -1.83078256e+00
 2.25069847e-02 -1.80301790e+00
 8.76172937e-02 -1.77622758e+00
 2.63401870e-02 -1.75035710e+00
 1.18410846e-01 -1.72535554e+00
 -3.29231275e-02 -1.70117523e+00
 3.91502818e-02 -1.67777151e+00
 1.54181868e-01 -1.65510240e+00
 2.38828334e-02 -1.63312840e+00
 3.17546824e-02 -1.61181226e+00
 6.55621557e-02 -1.59111880e+00
 1.33102145e-01 -1.57101468e+00
 1.03655687e-01 -1.55146828e+00
 5.15607516e-02 -1.53244952e+00
 9.05405941e-02 -1.51392973e+00
 5.55931204e-02 -1.49588147e+00
 4.54382697e-03 -1.47827849e+00
 4.02577226e-02 -1.46109552e+00
 1.45403935e-02 -1.44430821e+00
 3.29264999e-02 -1.42789301e+00
 2.78620334e-02 -1.41182704e+00
 5.62566752e-02 -1.39608806e+00
 5.76999260e-02 -1.38065427e+00
 1.20290044e-01 -1.36550430e+00
 -2.87481551e-02 -1.35061706e+00
 1.21553671e-01 -1.33597167e+00
 -8.68307414e-02 -1.32154733e+00
 9.78593296e-02 -1.30732325e+00
 9.43166118e-02 -1.29327851e+00
 8.05046376e-02 -1.27939197e+00
 1.65207799e-02 -1.26564211e+00
 8.93119585e-02 -1.25200698e+00
 1.72891071e-02 -1.23846394e+00
 1.23920172e-01 -1.22498962e+00
 4.45829481e-02 -1.21155966e+00
 7.09570823e-02 -1.19814859e+00
 4.28050469e-02 -1.18472954e+00
 8.33924538e-02 -1.17127406e+00
 3.48887092e-02 -1.15775184e+00
 3.80953238e-02 -1.14413033e+00
 3.62922117e-02 -1.13037448e+00
 3.03713235e-02 -1.11644623e+00
 3.13741183e-03 -1.10230407e+00
 1.12660024e-01 -1.08790247e+00
 1.63784605e-02 -1.07319120e+00
 1.59324962e-01 -1.05811452e+00
 7.04305066e-02 -1.04261028e+00
 3.14693394e-02 -1.02660876e+00
 2.06802697e-02 -1.01003134e+00
 4.18614088e-02 -9.92788844e-01
 -9.89478958e-03 -9.74779566e-01
 1.05380904e-01 -9.55886829e-01
 1.30760925e-02 -9.35975982e-01
 6.24735240e-02 -9.14890688e-01
 1.62531417e-02 -8.92448275e-01
 1.10095184e-01 -8.68433910e-01
 2.50220578e-02 -8.42593208e-01
 8.11611244e-02 -8.14622838e-01
 1.18820041e-01 -7.84158459e-01
 1.44230259e-01 -7.50759172e-01
 8.60681223e-02 -7.13887391e-01
 1.85947943e-01 -6.72882734e-01
 9.97752991e-02 -6.26928278e-01
 2.00738223e-01 -5.75007498e-01
 2.69725189e-01 -5.15851065e-01
 2.35748021e-01 -4.47876008e-01
 3.26391156e-01 -3.69130157e-01
 3.89419568e-01 -2.77284275e-01
 5.15218639e-01 -1.69796841e-01
 5.70592807e-01 -4.46081994e-02
 7.49498516e-01 9.76227782e-02
 9.91159972e-01 2.46892097e-01
 1.32993423e+00 3.65394677e-01
 2.08796666e+00 3.43613762e-01
 2.84657846e+00 -5.16997014e-02
 3.32129514e+00 -1.01165937e+00
 3.03995817e+00 -2.14016305e+00
 2.33633170e+00 -2.79017100e+00
 1.74225420e+00 -2.94620730e+00
 1.04419567e+00 -2.87236782e+00
 8.52784188e-01 -2.73118183e+00
 6.30700694e-01 -2.58545154e+00
 4.86075088e-01 -2.45430965e+00
 3.66080582e-01 -2.34138703e+00
 3.15241196e-01 -2.24543437e+00
 2.40254930e-01 -2.16400135e+00
 2.41400667e-01 -2.09463501e+00
 1.58666677e-01 -2.03521673e+00
 1.12427775e-01 -1.98400931e+00
 1.32746112e-01 -1.93961534e+00
 1.67430602e-01 -1.90091645e+00
 1.21967225e-01 -1.86701632e+00
 4.64795359e-02 -1.83719320e+00
 -3.16503508e-02 -1.81086227e+00
 1.04934177e-03 -1.78754640e+00
 5.36685463e-02 -1.76685359e+00
 1.09900037e-02 -1.74845953e+00
 -1.45432718e-02 -1.73209414e+00
 6.73363947e-03 -1.71753110e+00
 1.25683752e-01 -1.70457961e+00
 1.97249284e-03 -1.69307795e+00
 -6.33777183e-02 -1.68288838e+00
 -1.87859988e-02 -1.67389301e+00
 -1.43450201e-02 -1.66599054e+00
 3.15702101e-02 -1.65909362e+00
 6.29578592e-02 -1.65312665e+00
 2.35321409e-02 -1.64802405e+00
 4.78250523e-04 -1.64372878e+00
 7.21754598e-02 -1.64019116e+00
 -3.77183667e-02 -1.63736786e+00
 6.28202715e-03 -1.63522106e+00
 5.76739098e-02 -1.63371777e+00
 5.44339475e-02 -1.63282924e+00
 -5.93803990e-02 -1.63253044e+00
 -7.07682537e-02 -1.63279967e+00
 -1.60118497e-04 -1.63361821e+00
 1.01644547e-02 -1.63496997e+00
 7.97959023e-03 -1.63684128e+00
 1.08142710e-01 -1.63922067e+00
 2.66109342e-02 -1.64209865e+00
 9.65999986e-03 -1.64546757e+00
 -2.47333428e-02 -1.64932151e+00
 8.65907160e-02 -1.65365613e+00
 2.96600300e-02 -1.65846858e+00
 -5.97526820e-02 -1.66375745e+00
 -2.75282740e-02 -1.66952269e+00
 8.63841693e-02 -1.67576555e+00
 -4.11229787e-02 -1.68248855e+00
 -3.66338781e-02 -1.68969544e+00
 -1.20015073e-01 -1.69739122e+00
 5.76899172e-04 -1.70558209e+00
 3.18994113e-02 -1.71427545e+00
 -2.06369838e-02 -1.72347996e+00
 -1.53344765e-04 -1.73320548e+00
 -1.67393319e-02 -1.74346318e+00
 4.27549083e-02 -1.75426550e+00
 -4.89422268e-02 -1.76562625e+00
 1.36615491e-02 -1.77756062e+00
 -7.44147146e-02 -1.79008526e+00
 5.39288970e-02 -1.80321838e+00
 1.06608845e-02 -1.81697975e+00
 1.97365220e-02 -1.83139090e+00
 5.71661626e-03 -1.84647514e+00
 -7.92778781e-03 -1.86225772e+00
 -6.99634203e-02 -1.87876595e+00
 -7.72019845e-02 -1.89602934e+00
 -2.89352776e-02 -1.91407980e+00
 -2.04805704e-01 -1.93295178e+00
 -1.01822814e-01 -1.95268252e+00
 -1.45967433e-01 -1.97331223e+00
 -7.57822923e-02 -1.99488442e+00
 -7.64311317e-02 -2.01744613e+00
 -9.13620729e-02 -2.04104828e+00
 -5.21897827e-02 -2.06574601e+00
 -1.13004199e-01 -2.09159913e+00
 -1.10079518e-01 -2.11867255e+00
 -1.06799208e-01 -2.14703681e+00
 -1.38755249e-01 -2.17676863e+00
 -8.33605137e-02 -2.20795164e+00
 -1.15144246e-01 -2.24067706e+00
 -1.60369189e-01 -2.27504457e+00
 -1.02637815e-01 -2.31116333e+00
 -5.69552949e-02 -2.34915300e+00
 -1.62147848e-01 -2.38914508e+00
 -9.60589672e-02 -2.43128434e+00
 -1.56962264e-01 -2.47573050e+00
 -6.26626366e-02 -2.52266016e+00
 -1.46235376e-01 -2.57226908e+00
 -2.20200433e-01 -2.62477476e+00
 -1.49327771e-01 -2.68041954e+00
 -2.05324566e-01 -2.73947415e+00
 -9.38565882e-02 -2.80224197e+00
 -2.43955602e-01 -2.86906399e+00
 -2.52881362e-01 -2.94032476e+00
 -2.44170597e-01 -3.01645945e+00
 -1.94449759e-01 -3.09796235e+00
 -2.46327078e-01 -3.18539708e+00
 -2.35554071e-01 -3.27940896e+00
 -3.48526573e-01 -3.38074009e+00
 -3.39414325e-01 -3.49024786e+00
 -3.69456434e-01 -3.60892766e+00
 -5.00197415e-01 -3.73794115e+00
 -4.85706149e-01 -3.87865146e+00
 -4.02517608e-01 -4.03266747e+00
 -5.31500432e-01 -4.20189966e+00
 -6.90834731e-01 -4.38863118e+00
 -6.60412254e-01 -4.59560869e+00
 -7.89867015e-01 -4.82615885e+00
 -8.93665328e-01 -5.08433815e+00
 -1.02294151e+00 -5.37512510e+00
 -1.09055208e+00 -5.70466450e+00
 -1.21347242e+00 -6.08057046e+00
 -1.56227899e+00 -6.51228204e+00
 -1.87597239e+00 -7.01142509e+00
 -2.25676660e+00 -7.59202179e+00
 -2.66175293e+00 -8.27008596e+00
 -3.58118688e+00 -9.06132274e+00
 -4.44124575e+00 -9.97341724e+00
 -5.97492441e+00 -1.09832924e+01
 -8.13596371e+00 -1.19736989e+01
 -1.13817774e+01 -1.25693367e+01
 -1.61722798e+01 -1.18044653e+01
 -2.12546154e+01 -7.98636909e+00
 -2.37506563e+01 -5.97130926e-01
 -2.11200998e+01 6.72499496e+00
 -1.59430906e+01 1.04406575e+01
 -1.13874999e+01 1.11516645e+01
 -8.03584025e+00 1.05393737e+01
 -6.00207893e+00 9.54756210e+00
 -4.42112908e+00 8.54085415e+00
 -3.51950154e+00 7.63258685e+00
 -2.71891069e+00 6.84460827e+00
 -2.19710373e+00 6.16894607e+00
 -1.79740862e+00 5.58991161e+00
 -1.59597648e+00 5.09158921e+00
 -1.18372015e+00 4.66006271e+00
 -1.17325359e+00 4.28379844e+00
 -1.03627673e+00 3.95343166e+00
 -8.68309470e-01 3.66140643e+00
 -7.53147419e-01 3.40162287e+00
 -6.88340472e-01 3.16913695e+00
 -4.92449219e-01 2.95991861e+00
 -5.22653416e-01 2.77066139e+00
 -5.03676698e-01 2.59863403e+00
 -4.34398215e-01 2.44156504e+00
 -3.98333245e-01 2.29755266e+00
 -3.39476882e-01 2.16499440e+00
 -3.45065768e-01 2.04253167e+00
 -4.24042492e-01 1.92900580e+00
 -3.43621286e-01 1.82342315e+00
 -2.80407139e-01 1.72492706e+00
 -1.82213404e-01 1.63277522e+00
 -1.82225577e-01 1.54632137e+00
 -2.15858926e-01 1.46500027e+00
 -1.13565581e-01 1.38831540e+00
 -2.27927701e-01 1.31582884e+00
 -2.42133646e-01 1.24715276e+00
 -1.54018215e-01 1.18194243e+00
 -1.27989434e-01 1.11989029e+00
 -2.05039908e-01 1.06072100e+00
 -5.76720319e-02 1.00418717e+00
 -1.11754802e-01 9.50065839e-01
 -1.46161009e-01 8.98155385e-01
 -1.29950468e-01 8.48272903e-01
 -8.88341225e-02 8.00251957e-01
 -7.64593521e-02 7.53940621e-01
 -1.53057694e-01 7.09199795e-01
 -8.99936535e-02 6.65901728e-01
 -1.49272616e-01 6.23928732e-01
 -2.64669818e-01 5.83172057e-01
 -7.94900135e-02 5.43530893e-01
 -8.79553252e-02 5.04911498e-01
 -1.23062967e-01 4.67226416e-01
 -1.45963979e-01 4.30393787e-01
 4.52584784e-02 3.94336729e-01
 -8.29057996e-02 3.58982779e-01
 -1.55660806e-01 3.24263399e-01
 -8.52206836e-02 2.90113515e-01
 -1.93012472e-02 2.56471108e-01
 -9.31634464e-02 2.23276839e-01
 -6.35221478e-02 1.90473695e-01
 -1.01667032e-01 1.58006671e-01
 -9.41796542e-02 1.25822467e-01
 -3.32263524e-02 9.38692099e-02
 -1.85528405e-01 6.20961788e-02
 -6.83329799e-02 3.04535547e-02
 -1.62626992e-01 -1.10782825e-03
 -1.22350805e-01 -3.26367218e-02
 -1.54583336e-01 -6.41816997e-02
 -8.69442695e-02 -9.57913910e-02
 -1.21656786e-01 -1.27514715e-01
 -5.69117088e-02 -1.59401116e-01
 -1.24970158e-01 -1.91500809e-01
 -4.17321104e-02 -2.23865026e-01
 -1.62740507e-01 -2.56546279e-01
 -1.23170413e-01 -2.89598632e-01
 -3.78701916e-02 -3.23077990e-01
 -1.64110616e-01 -3.57042406e-01
 1.08019719e-02 -3.91552419e-01
 -1.59150397e-01 -4.26671404e-01
 -2.11313356e-02 -4.62465970e-01
 -1.37532679e-01 -4.99006384e-01
 -1.79552171e-01 -5.36367043e-01
 -1.10098937e-01 -5.74626993e-01
 -8.76190103e-02 -6.13870507e-01
 -1.44841260e-01 -6.54187731e-01
 -1.86297411e-02 -6.95675404e-01
 -1.26050876e-01 -7.38437671e-01
 -1.12162687e-01 -7.82587004e-01
 -1.62021234e-01 -8.28245231e-01
 -1.71708781e-01 -8.75544726e-01
 -2.18838325e-01 -9.24629755e-01
 -1.39145847e-01 -9.75658015e-01
 -1.43383711e-01 -1.02880242e+00
 -2.36345302e-01 -1.08425312e+00
 -1.34982582e-01 -1.14221992e+00
 -1.48845381e-01 -1.20293499e+00
 -2.24593417e-01 -1.26665612e+00
 -1.96765170e-01 -1.33367045e+00
 -2.52515628e-01 -1.40429894e+00
 -2.39829085e-01 -1.47890160e+00
 -2.30826713e-01 -1.55788372e+00
 -2.43104067e-01 -1.64170329e+00
 -3.15572721e-01 -1.73087993e+00
 -3.14035355e-01 -1.82600555e+00
 -4.21981326e-01 -1.92775743e+00
 -2.66863944e-01 -2.03691396e+00
 -3.93744062e-01 -2.15437406e+00
 -3.90259542e-01 -2.28118106e+00
 -5.25258280e-01 -2.41855221e+00
 -5.27002338e-01 -2.56791560e+00
 -6.40028864e-01 -2.73095635e+00
 -5.78972087e-01 -2.90967493e+00
 -6.13119194e-01 -3.10646097e+00
 -6.72279480e-01 -3.32418728e+00
 -8.00330566e-01 -3.56632975e+00
 -9.58306644e-01 -3.83712000e+00
 -1.05991938e+00 -4.14173867e+00
 -1.22317509e+00 -4.48655552e+00
 -1.39040622e+00 -4.87941615e+00
 -1.69036071e+00 -5.32995283e+00
 -1.97718290e+00 -5.84983736e+00
 -2.44836049e+00 -6.45273472e+00
 -3.07133569e+00 -7.15330222e+00
 -3.82002915e+00 -7.96348931e+00
 -4.91141843e+00 -8.88150589e+00
 -6.53062377e+00 -9.86125292e+00
 -9.01112041e+00 -1.07317073e+01
 -1.25618456e+01 -1.10057764e+01
 -1.73804455e+01 -9.57065516e+00
 -2.19837711e+01 -4.89222011e+00
 -2.32618528e+01 2.60675366e+00
 -1.99670057e+01 9.01138804e+00
 -1.49380752e+01 1.19142675e+01
 -1.07703629e+01 1.23120528e+01
 -7.67819345e+00 1.16514938e+01
