 NaN NaN
 4.14800623e-02 7.81894277e-01
 -2.40533828e-02 7.82110962e-01
 2.69506746e-02 7.82465917e-01
 8.47731310e-03 7.82958529e-01
 -7.12153184e-02 7.83588675e-01
 1.36154953e-02 7.84356512e-01
 1.16946085e-02 7.85262401e-01
 -8.17798642e-02 7.86306877e-01
 2.17871898e-02 7.87490625e-01
 5.04589518e-02 7.88814474e-01
 2.17717879e-02 7.90279389e-01
 1.22440869e-02 7.91886471e-01
 -3.72440990e-02 7.93636954e-01
 -1.63109264e-02 7.95532204e-01
 3.76706662e-02 7.97573723e-01
 1.33130863e-02 7.99763148e-01
 -9.42146018e-03 8.02102254e-01
 9.53397559e-03 8.04592958e-01
 1.42665299e-02 8.07237319e-01
 -1.16087730e-02 8.10037545e-01
 2.58128788e-02 8.12995996e-01
 -3.09613764e-02 8.16115190e-01
 9.19916124e-02 8.19397803e-01
 -2.32796861e-02 8.22846681e-01
 5.04071450e-02 8.26464842e-01
 1.63302207e-02 8.30255482e-01
 -3.62942531e-02 8.34221986e-01
 -4.37122700e-02 8.38367930e-01
 5.36076220e-02 8.42697093e-01
 4.55446093e-02 8.47213464e-01
 1.67142532e-02 8.51921251e-01
 -8.04372775e-02 8.56824892e-01
 -2.26251767e-02 8.61929063e-01
 4.30675881e-02 8.67238694e-01
 -1.00033978e-01 8.72758977e-01
 1.66178099e-02 8.78495378e-01
 -2.41787971e-02 8.84453657e-01
 5.13642261e-03 8.90639877e-01
 9.16135122e-02 8.97060423e-01
 2.78248630e-02 9.03722017e-01
 1.12554190e-02 9.10631739e-01
 -7.19828137e-03 9.17797045e-01
 -1.94478134e-03 9.25225789e-01
 7.28600731e-03 9.32926246e-01
 -7.64743961e-03 9.40907135e-01
 -2.36310443e-02 9.49177648e-01
 1.11226110e-02 9.57747474e-01
 1.90357358e-02 9.66626837e-01
 2.88872939e-02 9.75826520e-01
 4.91640260e-03 9.85357908e-01
 -2.24103530e-02 9.95233023e-01
 1.64549025e-02 1.00546457e+00
 1.89269135e-02 1.01606596e+00
 -6.31934241e-03 1.02705141e+00
 -1.73015658e-02 1.03843593e+00
 -3.98550865e-02 1.05023543e+00
 -2.03808801e-02 1.06246677e+00
 -3.31103542e-03 1.07514780e+00
 2.44764089e-02 1.08829748e+00
 1.15451724e-01 1.10193593e+00
 -6.82322015e-03 1.11608452e+00
 7.15405945e-03 1.13076597e+00
 1.24596375e-02 1.14600447e+00
 2.52993969e-02 1.16182574e+00
 -2.48358896e-02 1.17825724e+00
 -3.13264898e-02 1.19532825e+00
 5.42173241e-02 1.21307001e+00
 -4.61428780e-02 1.23151595e+00
 4.21671013e-02 1.25070180e+00
 2.09050015e-02 1.27066587e+00
 -4.39688078e-02 1.29144921e+00
 -1.38559742e-02 1.31309589e+00
 4.27936972e-02 1.33565328e+00
 4.17691094e-02 1.35917236e+00
 6.72454168e-02 1.38370805e+00
 -1.58386030e-03 1.40931962e+00
 8.20852462e-02 1.43607109e+00
 -3.19753143e-02 1.46403175e+00
 -8.53741644e-02 1.49327668e+00
 -1.86616238e-02 1.52388738e+00
 -4.51380722e-02 1.55595245e+00
 -2.23116504e-02 1.58956838e+00
 -3.10978209e-02 1.62484046e+00
 -8.65843527e-02 1.66188378e+00
 -2.37084081e-02 1.70082439e+00
 -2.07740630e-02 1.74180065e+00
 1.29279684e-01 1.78496474e+00
 3.23059070e-02 1.83048445e+00
 -6.71590166e-02 1.87854517e+00
 -4.84980205e-02 1.92935235e+00
 2.13016855e-02 1.98313418e+00
 6.19646062e-02 2.04014486e+00
 -2.72526572e-03 2.10066840e+00
 1.99124796e-02 2.16502314e+00
 1.11170783e-01 2.23356701e+00
 1.00644320e-01 2.30670395e+00
 2.98965241e-02 2.38489148e+00
 2.25785212e-02 2.46864988e+00
 -4.61631529e-02 2.55857332e+00
 1.17391552e-01 2.65534344e+00
 -2.50799132e-02 2.75974603e+00
 9.54070914e-02 2.87269163e+00
 9.18009807e-02 2.99524135e+00
 8.13425299e-02 3.12863921e+00
 1.46565792e-01 3.27435326e+00
 1.10063575e-01 3.43412836e+00
 -1.12499944e-02 3.61005444e+00
 8.41191747e-02 3.80465610e+00
 1.52126944e-01 4.02101160e+00
 1.75744682e-01 4.26291304e+00
 2.32724451e-01 4.53508550e+00
 2.12457702e-01 4.84349196e+00
 2.52978376e-01 5.19576577e+00
 3.74831677e-01 5.60183737e+00
 4.56977216e-01 6.07486493e+00
 4.59415076e-01 6.63265472e+00
 5.57138327e-01 7.29989929e+00
 6.45908990e-01 8.11183582e+00
 8.10486426e-01 9.12048878e+00
 1.09878908e+00 1.04058782e+01
 1.37913493e+00 1.20974021e+01
 2.10554509e+00 1.44177077e+01
 3.24345157e+00 1.77807784e+01
 5.41409513e+00 2.30320224e+01
 1.12174340e+01 3.20439534e+01
 3.17020369e+01 4.75015708e+01
 1.01039250e+02 1.49050991e+01
 4.23747113e+01 -5.08802331e+01
 1.38282847e+01 -3.52786443e+01
 6.47092743e+00 -2.50694590e+01
 3.62356209e+00 -1.92279110e+01
 2.38863575e+00 -1.55559413e+01
 1.64683822e+00 -1.30578708e+01
 1.07330469e+00 -1.12558325e+01
 8.96125039e-01 -9.89752515e+00
 7.83542208e-01 -8.83849950e+00
 6.45211642e-01 -7.99049826e+00
 6.00637924e-01 -7.29670104e+00
 3.27477398e-01 -6.71893205e+00
 3.81059212e-01 -6.23061978e+00
 3.11271218e-01 -5.81271263e+00
 2.90927585e-01 -5.45120140e+00
 1.54244939e-01 -5.13555853e+00
 2.38028699e-01 -4.85772203e+00
 1.48045718e-01 -4.61141502e+00
 1.92235108e-01 -4.39167848e+00
 1.82281296e-01 -4.19454326e+00
 1.19130248e-01 -4.01679527e+00
 1.53248283e-01 -3.85580444e+00
 1.28289206e-01 -3.70939810e+00
 1.14343283e-01 -3.57576589e+00
 5.83664925e-02 -3.45338749e+00
 5.26181892e-02 -3.34097688e+00
 3.90860949e-02 -3.23743909e+00
 6.09316603e-02 -3.14183610e+00
 1.09427856e-01 -3.05335983e+00
 6.96642496e-02 -2.97131053e+00
 4.37937954e-02 -2.89507932e+00
 9.11547337e-02 -2.82413405e+00
 3.43737223e-02 -2.75800769e+00
 9.61396816e-02 -2.69628875e+00
 7.76079329e-02 -2.63861346e+00
 2.34106816e-02 -2.58465907e+00
 -4.44303240e-02 -2.53413841e+00
 4.52948286e-02 -2.48679521e+00
 2.15666304e-02 -2.44240020e+00
 6.15675192e-02 -2.40074772e+00
 2.85031724e-02 -2.36165293e+00
 8.30893762e-02 -2.32494933e+00
 1.23651430e-02 -2.29048670e+00
 1.02485765e-01 -2.25812928e+00
 2.90732699e-03 -2.22775420e+00
 1.01504188e-01 -2.19925014e+00
 1.75866301e-03 -2.17251613e+00
 -3.67721945e-02 -2.14746055e+00
 1.30373096e-02 -2.12400023e+00
 -2.95222091e-02 -2.10205965e+00
 5.24724138e-02 -2.08157024e+00
 9.36981844e-03 -2.06246982e+00
 1.17274631e-01 -2.04470202e+00
 2.26573911e-02 -2.02821586e+00
 -4.88544831e-02 -2.01296531e+00
 5.06874740e-03 -1.99890893e+00
 4.50221657e-02 -1.98600959e+00
 1.11458637e-03 -1.97423415e+00
 -3.71692682e-02 -1.96355326e+00
 -1.22883247e-01 -1.95394113e+00
 1.61412009e-01 -1.94537539e+00
 3.10221746e-02 -1.93783689e+00
 2.19638361e-02 -1.93130963e+00
 8.18197581e-02 -1.92578062e+00
 1.11942536e-02 -1.92123984e+00
 8.38711537e-02 -1.91768017e+00
 5.14205121e-02 -1.91509735e+00
 -6.90665093e-03 -1.91348999e+00
 -7.65459487e-02 -1.91285957e+00
 1.74556059e-02 -1.91321047e+00
 -1.61770179e-02 -1.91455001e+00
 1.22944903e-01 -1.91688857e+00
 -4.82078248e-02 -1.92023965e+00
 7.34348724e-02 -1.92462001e+00
 3.96094454e-04 -1.93004983e+00
 -9.43940866e-03 -1.93655289e+00
 -7.67724827e-02 -1.94415677e+00
 7.45110853e-02 -1.95289316e+00
 -4.64409119e-02 -1.96279808e+00
 -1.00301299e-02 -1.97391229e+00
 -2.89338161e-02 -1.98628164e+00
 5.33958463e-02 -1.99995756e+00
 -2.98729135e-02 -2.01499756e+00
 -3.10995823e-02 -2.03146583e+00
 1.29379548e-02 -2.04943395e+00
 -7.53061946e-02 -2.06898169e+00
 -4.73504835e-02 -2.09019791e+00
 -1.17323217e-01 -2.11318164e+00
 -6.78094272e-02 -2.13804334e+00
 -3.98632751e-03 -2.16490629e+00
 -1.04387709e-01 -2.19390830e+00
 -3.58094501e-02 -2.22520369e+00
 -1.33635819e-02 -2.25896552e+00
 -8.21033429e-02 -2.29538840e+00
 -2.78771482e-02 -2.33469163e+00
 -1.30737572e-01 -2.37712307e+00
 -4.37760486e-02 -2.42296368e+00
 -1.05395596e-01 -2.47253303e+00
 7.47463031e-03 -2.52619592e+00
 -6.85236601e-02 -2.58437046e+00
 -5.02169115e-02 -2.64753791e+00
 -1.12928303e-01 -2.71625485e+00
 -1.15435190e-01 -2.79116823e+00
 -3.53630223e-02 -2.87303424e+00
 -1.77099846e-01 -2.96274206e+00
 -1.98982474e-01 -3.06134415e+00
 -6.45085555e-02 -3.17009517e+00
 -1.40011308e-01 -3.29050256e+00
 -1.98862322e-01 -3.42439310e+00
 -2.04114681e-01 -3.57400156e+00
 -1.70981091e-01 -3.74209059e+00
 -2.23250002e-01 -3.93211515e+00
 -2.42263663e-01 -4.14845234e+00
 -2.23677772e-01 -4.39672850e+00
 -4.25124170e-01 -4.68429511e+00
 -3.74408467e-01 -5.02093783e+00
 -5.33311475e-01 -5.41996223e+00
 -5.72788603e-01 -5.89990807e+00
 -7.36618423e-01 -6.48735204e+00
 -9.61103465e-01 -7.22167504e+00
 -1.21091866e+00 -8.16353579e+00
 -1.64470871e+00 -9.41065471e+00
 -2.36133736e+00 -1.11284527e+01
 -3.73619124e+00 -1.36094874e+01
 -6.61845569e+00 -1.73600570e+01
 -1.39162672e+01 -2.27791259e+01
 -3.51597298e+01 -2.27505464e+01
 -4.43052303e+01 1.37172699e+01
 -1.86791139e+01 2.31438047e+01
 -8.21781821e+00 1.76739772e+01
 -4.49043091e+00 1.34028602e+01
 -2.66414790e+00 1.05914255e+01
 -1.86402926e+00 8.67399063e+00
 -1.28334555e+00 7.30071337e+00
 -1.06947366e+00 6.27481428e+00
 -7.29679869e-01 5.48175945e+00
 -6.74048336e-01 4.85150648e+00
 -5.65623033e-01 4.33918019e+00
 -4.07046527e-01 3.91483869e+00
 -3.48127100e-01 3.55779703e+00
 -3.53358872e-01 3.25333345e+00
 -2.88228850e-01 2.99069836e+00
 -2.57807952e-01 2.76186630e+00
 -2.15986300e-01 2.56072832e+00
 -2.74866460e-01 2.38255429e+00
 -6.70891931e-02 2.22362602e+00
 -2.02119537e-01 2.08098109e+00
 -1.25582399e-01 1.95223065e+00
 -1.32771767e-01 1.83542725e+00
 -2.25402088e-01 1.72896755e+00
 -9.54797859e-02 1.63151967e+00
 -1.65106154e-01 1.54196804e+00
 -7.18292029e-02 1.45937128e+00
 -1.59687998e-01 1.38292941e+00
 -9.16327547e-02 1.31195825e+00
 -6.54262933e-02 1.24586916e+00
 -5.25541308e-02 1.18415286e+00
 1.42865130e-03 1.12636646e+00
 -8.92344725e-02 1.07212289e+00
 5.64300027e-02 1.02108234e+00
 -2.67228578e-02 9.72945159e-01
 -6.12107384e-02 9.27446048e-01
 -1.65389979e-02 8.84349189e-01
 -1.34330769e-01 8.43444184e-01
 -1.09052150e-02 8.04542643e-01
 -4.01997983e-02 7.67475299e-01
 -1.22024116e-02 7.32089558e-01
 -8.06572378e-03 6.98247412e-01
 -3.93724834e-02 6.65823648e-01
 -7.83239979e-03 6.34704311e-01
 2.52360346e-02 6.04785374e-01
 -6.87247935e-02 5.75971586e-01
 -2.63653089e-02 5.48175470e-01
 -1.72080551e-02 5.21316446e-01
 -4.30024020e-02 4.95320062e-01
 -1.07185567e-01 4.70117319e-01
 -5.82947978e-03 4.45644073e-01
 1.82864819e-03 4.21840501e-01
 -1.00502348e-02 3.98650636e-01
 1.98403500e-02 3.76021937e-01
 -4.36814097e-02 3.53904914e-01
 1.21989997e-02 3.32252788e-01
 -1.02538321e-01 3.11021174e-01
 -7.21401918e-02 2.90167805e-01
 6.21485829e-02 2.69652269e-01
 -1.97743424e-02 2.49435772e-01
 3.47260880e-02 2.29480915e-01
 4.77236119e-02 2.09751490e-01
 -3.84958921e-02 1.90212282e-01
 -4.98246267e-02 1.70828884e-01
 -2.55135806e-02 1.51567522e-01
 -8.31806794e-02 1.32394881e-01
 -1.00436151e-01 1.13277941e-01
 -4.91400792e-02 9.41838101e-02
 -6.53643017e-02 7.50795595e-02
 2.76556011e-02 5.59320611e-02
 -8.67836877e-02 3.67078180e-02
 -1.05827019e-01 1.73727927e-02
 -7.88627262e-03 -2.10777164e-03
 2.84215329e-04 -2.17695378e-02
 -1.32652312e-01 -4.16492721e-02
 -8.16310105e-02 -6.17850547e-02
 -1.27397066e-02 -8.22165048e-02
 -5.74102740e-02 -1.02985025e-01
 -2.59905284e-02 -1.24134065e-01
 -2.68286972e-02 -1.45709417e-01
 -6.37673504e-02 -1.67759528e-01
 -8.37265492e-03 -1.90335863e-01
 -4.70211286e-02 -2.13493294e-01
 -1.13951708e-01 -2.37290546e-01
 -6.02231284e-02 -2.61790689e-01
 1.17829258e-02 -2.87061702e-01
 -1.52345427e-02 -3.13177108e-01
 -7.59916413e-02 -3.40216694e-01
 -1.29377080e-01 -3.68267339e-01
 -9.14868918e-03 -3.97423964e-01
 9.39416628e-03 -4.27790617e-01
 -3.53611747e-02 -4.59481746e-01
 -8.02635181e-02 -4.92623655e-01
 -2.40385900e-02 -5.27356226e-01
 -4.81234907e-02 -5.63834917e-01
 -7.92491024e-02 -6.02233129e-01
 -6.27862653e-02 -6.42744997e-01
 -7.08743540e-02 -6.85588710e-01
 8.35962430e-03 -7.31010483e-01
 -1.02256929e-01 -7.79289326e-01
 -8.80325544e-02 -8.30742812e-01
 -1.13538310e-01 -8.85734091e-01
 -1.35867392e-01 -9.44680483e-01
 -7.86635781e-02 -1.00806407e+00
 -8.22300245e-02 -1.07644487e+00
 -2.84990906e-02 -1.15047731e+00
 -1.25330189e-01 -1.23093108e+00
 -1.09610101e-01 -1.31871770e+00
 -9.68790162e-02 -1.41492473e+00
 -1.20218882e-01 -1.52086043e+00
 -1.53504494e-01 -1.63811246e+00
 -1.24839323e-01 -1.76862641e+00
 -1.90105195e-01 -1.91481207e+00
 -2.20454764e-01 -2.07968966e+00
 -3.45436210e-01 -2.26709437e+00
 -3.13872366e-01 -2.48196816e+00
 -4.10200620e-01 -2.73078457e+00
 -3.64834475e-01 -3.02218181e+00
 -4.52248181e-01 -3.36793089e+00
 -5.13833325e-01 -3.78445815e+00
 -8.02731448e-01 -4.29531408e+00
 -9.67449859e-01 -4.93530385e+00
 -1.28385913e+00 -5.75759530e+00
 -1.78235677e+00 -6.84608788e+00
 -2.67430693e+00 -8.33572449e+00
 -4.35473055e+00 -1.04327620e+01
 -7.85344157e+00 -1.33102960e+01
 -1.63027082e+01 -1.56763205e+01
 -3.11737431e+01 -6.17537236e+00
 -2.48646576e+01 1.45348165e+01
 -1.18389452e+01 1.63039256e+01
 -5.98626966e+00 1.32761889e+01
 -3.54694633e+00 1.07498660e+01
 -2.22801446e+00 8.95439216e+00
 -1.58989427e+00 7.66540431e+00
 -1.21829144e+00 6.70970479e+00
 -8.94587495e-01 5.97821481e+00
 -6.58709640e-01 5.40272241e+00
 -5.22170801e-01 4.93938148e+00
 -4.66547262e-01 4.55905338e+00
 -3.27841884e-01 4.24174477e+00
 -3.34610617e-01 3.97333611e+00
 -2.53313569e-01 3.74359844e+00
 -3.38702480e-01 3.54495309e+00
 -2.40542967e-01 3.37167280e+00
 -1.83471338e-01 3.21935306e+00
 -3.00347188e-01 3.08455361e+00
 -1.31529837e-01 2.96454986e+00
 -1.02273238e-01 2.85715701e+00
 -1.11352384e-01 2.76060346e+00
 -4.17905566e-02 2.67343808e+00
 -2.07626570e-01 2.59446128e+00
 -8.38984398e-02 2.52267311e+00
 -1.04737195e-01 2.45723371e+00
 -3.33243352e-02 2.39743270e+00
 -3.05722776e-02 2.34266542e+00
 -5.92530613e-03 2.29241416e+00
 -5.59248215e-02 2.24623325e+00
 -3.54746919e-03 2.20373717e+00
 -1.68782574e-02 2.16459088e+00
 -3.83711107e-02 2.12850203e+00
 7.86908348e-03 2.09521451e+00
 -1.07902228e-01 2.06450319e+00
 -3.09419563e-02 2.03616957e+00
 -1.05714839e-01 2.01003808e+00
 -3.92451312e-02 1.98595309e+00
 -4.80833997e-02 1.96377630e+00
 -4.79873775e-02 1.94338458e+00
 -1.90844861e-02 1.92466814e+00
 5.55846253e-03 1.90752898e+00
 1.67941124e-02 1.89187948e+00
 9.44955429e-03 1.87764133e+00
 -4.23702080e-02 1.86474450e+00
 -5.89742927e-04 1.85312641e+00
 -7.42523972e-03 1.84273115e+00
 -3.70952423e-02 1.83350891e+00
 4.64475573e-02 1.82541537e+00
 5.91035866e-02 1.81841126e+00
 1.16466456e-02 1.81246193e+00
 2.37959814e-02 1.80753700e+00
 2.67629071e-02 1.80361002e+00
 8.87100887e-02 1.80065825e+00
 -4.66239054e-02 1.79866241e+00
 5.21750684e-02 1.79760648e+00
 4.51195942e-02 1.79747753e+00
 8.56982965e-03 1.79826561e+00
 -2.72060754e-02 1.79996361e+00
 3.14251003e-02 1.80256720e+00
 2.03060893e-02 1.80607474e+00
 -3.21588752e-02 1.81048726e+00
 3.13119924e-03 1.81580842e+00
 4.68267175e-02 1.82204451e+00
 -5.26525788e-02 1.82920446e+00
 -1.77220923e-02 1.83729988e+00
 5.64498589e-04 1.84634514e+00
 7.79999010e-02 1.85635737e+00
 -7.00987168e-02 1.86735665e+00
 4.48143860e-02 1.87936604e+00
 5.33253008e-04 1.89241179e+00
 8.88730767e-02 1.90652345e+00
 -1.60320925e-02 1.92173410e+00
 3.85636565e-02 1.93808055e+00
 6.27553842e-02 1.95560359e+00
 1.41510952e-02 1.97434830e+00
 -9.03629252e-03 1.99436439e+00
 6.90105227e-02 2.01570650e+00
 -3.09430903e-02 2.03843475e+00
 2.65270871e-02 2.06261509e+00
 -4.49786871e-02 2.08831996e+00
 5.46006266e-02 2.11562884e+00
 1.05813582e-01 2.14462898e+00
 -9.57962326e-03 2.17541622e+00
 -8.24213982e-02 2.20809591e+00
 9.54144493e-02 2.24278391e+00
 5.38817335e-02 2.27960786e+00
 8.93276134e-02 2.31870853e+00
 6.80271222e-02 2.36024141e+00
 8.46571110e-02 2.40437852e+00
 1.16000740e-01 2.45131060e+00
 8.06425821e-02 2.50124950e+00
 1.26132472e-01 2.55443113e+00
 1.53732892e-01 2.61111878e+00
 1.71801573e-01 2.67160710e+00
 6.02900126e-03 2.73622678e+00
 1.48686806e-01 2.80535006e+00
 1.25664221e-01 2.87939738e+00
 7.20119144e-02 2.95884526e+00
 1.76123155e-01 3.04423581e+00
 2.28533822e-01 3.13618830e+00
 9.99862746e-02 3.23541314e+00
 8.99411737e-02 3.34272919e+00
 7.99385341e-02 3.45908497e+00
 7.94216078e-02 3.58558522e+00
 2.23507805e-01 3.72352407e+00
 2.39934590e-01 3.87442713e+00
 2.55503905e-01 4.04010521e+00
 3.53024200e-01 4.22272365e+00
 3.80763656e-01 4.42489275e+00
 3.31582891e-01 4.64978714e+00
 3.11908241e-01 4.90130545e+00
 3.81432270e-01 5.18428668e+00
 4.54314960e-01 5.50480830e+00
 6.44535220e-01 5.87060343e+00
 7.71667867e-01 6.29165579e+00
 7.62059780e-01 6.78106492e+00
 8.16538493e-01 7.35633202e+00
 1.16181421e+00 8.04131518e+00
 1.46087787e+00 8.86927357e+00
 1.67643732e+00 9.88771387e+00
 2.32494893e+00 1.11662276e+01
 3.15202988e+00 1.28090815e+01
 4.47036292e+00 1.49737944e+01
 6.66698562e+00 1.78868535e+01
 1.08494163e+01 2.17719315e+01
 1.97390138e+01 2.60792662e+01
 3.82132223e+01 2.44340054e+01
 5.35238753e+01 -1.96079155e+00
 3.55159045e+01 -2.51572580e+01
 1.84387841e+01 -2.52630015e+01
 1.02119707e+01 -2.09064852e+01
 6.37292596e+00 -1.71540140e+01
 4.09890068e+00 -1.43519056e+01
 2.99839391e+00 -1.22646933e+01
 2.33704253e+00 -1.06752424e+01
 1.81075235e+00 -9.43421505e+00
 1.36351502e+00 -8.44273715e+00
 1.21025718e+00 -7.63462776e+00
 1.00704081e+00 -6.96455491e+00
 7.74914971e-01 -6.40067688e+00
 6.45413887e-01 -5.92008282e+00
 5.67758432e-01 -5.50592029e+00
 5.55476014e-01 -5.14554439e+00
 4.40695769e-01 -4.82929677e+00
 3.74078210e-01 -4.54968154e+00
 3.53607563e-01 -4.30079724e+00
 3.22273333e-01 -4.07793741e+00
 2.39532184e-01 -3.87730463e+00
 2.51101853e-01 -3.69580251e+00
 1.89130507e-01 -3.53088186e+00
 1.81139981e-01 -3.38042557e+00
 1.20452630e-01 -3.24266119e+00
 1.11231929e-01 -3.11609384e+00
 2.11117858e-01 -2.99945417e+00
 2.14373925e-01 -2.89165753e+00
 1.68237910e-01 -2.79177169e+00
 1.83678693e-01 -2.69899112e+00
 1.42649174e-01 -2.61261619e+00
 1.28352253e-01 -2.53203649e+00
 1.09096995e-01 -2.45671702e+00
 6.08623079e-02 -2.38618701e+00
 1.16640141e-01 -2.32003061e+00
 1.47100794e-01 -2.25787912e+00
 1.11334041e-01 -2.19940456e+00
 6.65338872e-02 -2.14431424e+00
 1.39494843e-01 -2.09234618e+00
 5.09160126e-02 -2.04326520e+00
 -2.23977934e-02 -1.99685965e+00
 1.45826140e-02 -1.95293853e+00
 8.94581657e-02 -1.91132911e+00
 1.08041239e-01 -1.87187481e+00
 8.86015498e-02 -1.83443341e+00
 -6.16350056e-02 -1.79887542e+00
 1.44129015e-01 -1.76508281e+00
 1.14143948e-01 -1.73294773e+00
 3.98327632e-03 -1.70237152e+00
 1.35296844e-01 -1.67326375e+00
 -2.05640832e-02 -1.64554148e+00
 1.55089850e-02 -1.61912845e+00
 -1.76460495e-02 -1.59395456e+00
 4.43761541e-02 -1.56995523e+00
 -1.19035467e-02 -1.54707095e+00
 6.74588871e-02 -1.52524681e+00
 6.75984994e-04 -1.50443215e+00
 7.55867909e-03 -1.48458017e+00
 2.90305048e-02 -1.46564765e+00
 8.69584689e-02 -1.44759466e+00
 9.72268080e-02 -1.43038429e+00
 -2.62277111e-02 -1.41398248e+00
 3.51700485e-02 -1.39835777e+00
 -1.59676404e-03 -1.38348116e+00
 3.68885829e-02 -1.36932594e+00
 6.04581367e-02 -1.35586754e+00
 -1.32346714e-02 -1.34308341e+00
 8.70493756e-03 -1.33095294e+00
 -1.86117438e-02 -1.31945732e+00
 1.45934649e-02 -1.30857949e+00
 -3.34194685e-03 -1.29830406e+00
 -2.80269343e-02 -1.28861724e+00
 5.48890825e-03 -1.27950682e+00
 2.26118989e-02 -1.27096209e+00
 1.67211872e-01 -1.26297385e+00
 4.82003527e-02 -1.25553441e+00
 5.76622096e-03 -1.24863750e+00
 8.18742608e-03 -1.24227839e+00
 -4.57554427e-02 -1.23645380e+00
 1.40654499e-02 -1.23116203e+00
 3.78297201e-02 -1.22640291e+00
 2.17803232e-02 -1.22217792e+00
 1.32292394e-02 -1.21849023e+00
 -7.16458731e-03 -1.21534482e+00
 3.52406983e-03 -1.21274855e+00
 1.07104540e-01 -1.21071032e+00
 4.39997560e-02 -1.20924122e+00
 1.94932196e-02 -1.20835470e+00
 -2.36347543e-02 -1.20806681e+00
 7.82000585e-02 -1.20839645e+00
 7.35160105e-02 -1.20936565e+00
 3.26419102e-02 -1.21099996e+00
 4.11678993e-02 -1.21332885e+00
 2.05506660e-02 -1.21638620e+00
 -1.00861503e-01 -1.22021092e+00
 3.35496435e-02 -1.22484757e+00
 -9.87422526e-02 -1.23034730e+00
 -4.42786168e-02 -1.23676873e+00
 3.10318112e-02 -1.24417922e+00
 -1.22437481e-02 -1.25265629e+00
 4.16752496e-02 -1.26228934e+00
 6.24691608e-02 -1.27318182e+00
 -7.73390633e-02 -1.28545383e+00
 4.17396101e-02 -1.29924542e+00
 -1.59888880e-03 -1.31472055e+00
 -5.98316056e-02 -1.33207227e+00
 -3.56418797e-02 -1.35152911e+00
 3.73785773e-02 -1.37336338e+00
 -1.12131220e-01 -1.39790178e+00
 -5.72473832e-02 -1.42553938e+00
 -6.55514208e-02 -1.45675798e+00
 -1.01112362e-01 -1.49215078e+00
 -5.79342073e-02 -1.53245572e+00
 -1.24882099e-01 -1.57860155e+00
 -6.05352361e-02 -1.63177213e+00
 -1.07685225e-02 -1.69349801e+00
 -1.57287144e-01 -1.76578921e+00
 -2.44521556e-01 -1.85133121e+00
 -1.50357617e-01 -1.95378003e+00
 -2.80578729e-01 -2.07821322e+00
 -3.08022717e-01 -2.23182502e+00
 -4.33718383e-01 -2.42498099e+00
 -5.70588166e-01 -2.67267954e+00
 -7.41570507e-01 -2.99579315e+00
 -1.16333233e+00 -3.41742224e+00
 -1.94714097e+00 -3.92677843e+00
 -3.57374715e+00 -4.26007372e+00
 -6.09715676e+00 -3.06732704e+00
 -6.63304611e+00 7.25574131e-01
 -4.12875056e+00 2.64341229e+00
 -2.24764034e+00 2.49344479e+00
 -1.37631402e+00 1.98341868e+00
 -8.66014161e-01 1.53638059e+00
 -6.06380111e-01 1.19064575e+00
 -5.10357284e-01 9.25619260e-01
 -2.41891943e-01 7.19238222e-01
 -2.77299729e-01 5.55202458e-01
 -1.83949371e-01 4.22198482e-01
 -1.93004999e-01 3.12391211e-01
 -1.34502889e-01 2.20273308e-01
 -1.52742096e-01 1.41896993e-01
 -1.40114364e-01 7.43748143e-02
 -8.56810170e-02 1.55539339e-02
 -5.57123429e-02 -3.61994990e-02
 -2.28542292e-02 -8.21457049e-02
 -7.99804973e-02 -1.23271133e-01
 -8.67880900e-02 -1.60358335e-01
 -2.72551676e-02 -1.94035718e-01
 -4.61478684e-02 -2.24813553e-01
 -1.41650298e-01 -2.53110425e-01
 -9.90023690e-02 -2.79272951e-01
 -1.02377701e-01 -3.03590652e-01
 2.57366849e-02 -3.26307319e-01
 -1.13091099e-01 -3.47629789e-01
 -8.92676672e-02 -3.67734791e-01
 -2.85769210e-02 -3.86774345e-01
 -1.63180132e-02 -4.04880052e-01
 -8.97333755e-02 -4.22166524e-01
 -1.28347123e-01 -4.38734170e-01
 -1.36518658e-01 -4.54671453e-01
 -6.28947322e-02 -4.70056739e-01
 -4.28066380e-02 -4.84959830e-01
 -9.58791024e-02 -4.99443232e-01
 6.89038219e-02 -5.13563212e-01
 9.64791454e-04 -5.27370691e-01
 -7.94418977e-02 -5.40911999e-01
 4.27837884e-02 -5.54229507e-01
 -6.32967608e-02 -5.67362181e-01
 -1.05546793e-02 -5.80346049e-01
 8.23785781e-02 -5.93214605e-01
 -6.27443373e-02 -6.05999164e-01
 -1.91276742e-02 -6.18729168e-01
 -5.55298461e-02 -6.31432459e-01
 -2.49634906e-02 -6.44135519e-01
 -7.40408287e-02 -6.56863681e-01
 4.29261355e-03 -6.69641323e-01
 2.43572749e-02 -6.82492043e-01
 -6.04704778e-02 -6.95438813e-01
 -7.49894431e-02 -7.08504126e-01
 4.71339948e-02 -7.21710133e-01
 3.69250093e-03 -7.35078768e-01
 -1.03710826e-01 -7.48631866e-01
 -4.42376273e-02 -7.62391280e-01
 3.70272762e-02 -7.76378990e-01
 5.80633890e-03 -7.90617213e-01
 -2.47405437e-02 -8.05128507e-01
 -9.15420563e-02 -8.19935879e-01
 -6.71892601e-02 -8.35062896e-01
 -3.03413403e-02 -8.50533787e-01
 -3.01370734e-02 -8.66373564e-01
 9.98114132e-03 -8.82608131e-01
 -3.19449222e-03 -8.99264415e-01
 -5.76733188e-02 -9.16370484e-01
 -4.83636807e-02 -9.33955696e-01
 -3.73044395e-04 -9.52050832e-01
 -6.35506868e-02 -9.70688261e-01
 -1.79449033e-02 -9.89902107e-01
 -3.30138898e-02 -1.00972843e+00
 -1.13989653e-01 -1.03020542e+00
 -3.09274328e-02 -1.05137363e+00
 -5.92380338e-02 -1.07327620e+00
 -8.15718876e-03 -1.09595912e+00
 -1.76882923e-02 -1.11947152e+00
 -3.40043896e-02 -1.14386599e+00
 -9.97137402e-03 -1.16919897e+00
 -1.06179573e-01 -1.19553107e+00
 -5.79082843e-02 -1.22292758e+00
 -1.41634231e-01 -1.25145894e+00
 -7.96755495e-02 -1.28120130e+00
 -6.81090699e-02 -1.31223715e+00
 -5.12590747e-02 -1.34465601e+00
 -3.95965384e-02 -1.37855526e+00
 -1.02887535e-01 -1.41404102e+00
 -8.25987162e-03 -1.45122921e+00
 -1.52029052e-01 -1.49024671e+00
 -9.19921410e-02 -1.53123276e+00
 -3.38722031e-02 -1.57434047e+00
 -3.13492924e-03 -1.61973864e+00
 -6.48328371e-02 -1.66761386e+00
 6.53935521e-03 -1.71817290e+00
 -1.73961743e-01 -1.77164558e+00
 -1.32838545e-01 -1.82828805e+00
 -1.57036035e-01 -1.88838669e+00
 5.85093318e-02 -1.95226269e+00
 -1.51560826e-01 -2.02027758e+00
 -1.33815156e-01 -2.09283969e+00
 -1.97607485e-01 -2.17041198e+00
 -1.81102546e-01 -2.25352148e+00
 -1.81738431e-01 -2.34277074e+00
 -1.41741138e-01 -2.43885178e+00
 -2.08452892e-01 -2.54256328e+00
 -1.10034193e-01 -2.65483181e+00
 -2.93375625e-01 -2.77673832e+00
 -2.85347523e-01 -2.90955148e+00
 -3.22826890e-01 -3.05476993e+00
 -2.24837036e-01 -3.21417631e+00
 -2.57164778e-01 -3.38990722e+00
 -3.83589763e-01 -3.58454452e+00
 -3.65346856e-01 -3.80123607e+00
 -4.93281463e-01 -4.04385730e+00
 -5.90707581e-01 -4.31723020e+00
 -6.91458674e-01 -4.62742464e+00
 -6.98851360e-01 -4.98217893e+00
 -8.70082838e-01 -5.39149608e+00
 -9.92415203e-01 -5.86850288e+00
 -1.32571598e+00 -6.43070588e+00
 -1.43076847e+00 -7.10184941e+00
 -1.85590573e+00 -7.91467353e+00
 -2.29099189e+00 -8.91493181e+00
 -2.99732454e+00 -1.01667724e+01
 -4.09951555e+00 -1.17576596e+01
 -5.96825155e+00 -1.37911457e+01
 -9.13526839e+00 -1.63077659e+01
 -1.51108312e+01 -1.88426974e+01
 -2.58729654e+01 -1.84464765e+01
 -3.83474858e+01 -6.43612014e+00
 -3.46233576e+01 1.32598431e+01
 -2.12891375e+01 2.00308753e+01
 -1.24850194e+01 1.87221706e+01
 -7.75889840e+00 1.60707194e+01
 -5.24504277e+00 1.37247126e+01
 -3.71106517e+00 1.18653419e+01
 -2.73108992e+00 1.04104385e+01
 -2.07856577e+00 9.25985738e+00
 -1.64835243e+00 8.33507194e+00
 -1.33701799e+00 7.57936536e+00
 -1.05782177e+00 6.95229657e+00
 -9.95272517e-01 6.42479670e+00
 -8.03976118e-01 5.97565743e+00
 -7.10390578e-01 5.58914421e+00
 -5.65950022e-01 5.25338775e+00
 -5.47176186e-01 4.95929246e+00
 -3.35559959e-01 4.69978576e+00
 -3.49279026e-01 4.46929392e+00
 -3.69511082e-01 4.26337022e+00
 -3.13442259e-01 4.07842712e+00
 -4.02105838e-01 3.91154049e+00
 -2.90515195e-01 3.76030447e+00
 -2.09141435e-01 3.62272254e+00
 -2.17507163e-01 3.49712477e+00
 -2.28039088e-01 3.38210419e+00
 -1.26472802e-01 3.27646744e+00
 -2.02659364e-01 3.17919601e+00
 -9.94516382e-02 3.08941568e+00
 -1.76028772e-01 3.00637204e+00
 -2.69256175e-01 2.92941088e+00
 -1.13391734e-01 2.85796224e+00
 -1.65121524e-01 2.79152750e+00
 -1.07217543e-01 2.72966867e+00
 -1.66503761e-01 2.67199962e+00
 -9.49359587e-02 2.61817877e+00
 -4.10092139e-02 2.56790300e+00
 -1.12100781e-01 2.52090251e+00
 -7.93727234e-02 2.47693652e+00
 -9.74677203e-02 2.43578961e+00
 -8.53518185e-02 2.39726861e+00
 -1.01733750e-01 2.36119994e+00
 -1.24397473e-01 2.32742733e+00
 -3.11408230e-02 2.29580989e+00
 -1.24503603e-01 2.26622038e+00
 -3.16895185e-02 2.23854379e+00
 -5.08542243e-02 2.21267604e+00
 -6.46526263e-02 2.18852287e+00
 -1.03441522e-01 2.16599894e+00
 -2.39245716e-02 2.14502690e+00
 -5.77062035e-02 2.12553674e+00
 -6.01172228e-02 2.10746508e+00
 -1.28681447e-01 2.09075465e+00
 1.02708162e-02 2.07535378e+00
 2.02012176e-02 2.06121595e+00
 4.87137435e-02 2.04829944e+00
 3.30676711e-02 2.03656699e+00
 -8.07578239e-02 2.02598548e+00
 -3.93296598e-02 2.01652574e+00
 -5.51903955e-02 2.00816226e+00
 6.31549757e-03 2.00087307e+00
 -7.02634860e-02 1.99463955e+00
 1.41942214e-01 1.98944630e+00
 4.33811764e-03 1.98528107e+00
 6.86361912e-02 1.98213463e+00
 8.76133747e-02 1.98000073e+00
 1.76767073e-03 1.97887611e+00
 -3.35764559e-02 1.97876040e+00
 -1.34077680e-02 1.97965622e+00
 4.70236465e-02 1.98156912e+00
 3.60252469e-02 1.98450770e+00
 -2.19715872e-02 1.98848365e+00
 5.49886129e-02 1.99351185e+00
 -3.42671779e-02 1.99961051e+00
 4.71454767e-02 2.00680129e+00
 2.18861100e-02 2.01510950e+00
 -6.84447165e-02 2.02456433e+00
 1.73068919e-02 2.03519904e+00
 4.45420276e-02 2.04705129e+00
 3.14988724e-02 2.06016349e+00
 4.05186124e-02 2.07458310e+00
 1.32967559e-01 2.09036315e+00
 3.52063121e-02 2.10756268e+00
 -8.66910054e-02 2.12624736e+00
 -4.26063556e-02 2.14649011e+00
 1.13708848e-02 2.16837184e+00
 7.09676685e-02 2.19198235e+00
 1.27143956e-01 2.21742132e+00
 3.33269689e-02 2.24479941e+00
 4.22125508e-02 2.27423963e+00
 3.95014263e-02 2.30587884e+00
 9.31675443e-02 2.33986956e+00
 3.62766361e-02 2.37638201e+00
 1.51380151e-01 2.41560655e+00
 1.08988392e-01 2.45775652e+00
 1.09956881e-01 2.50307161e+00
 1.59597392e-01 2.55182184e+00
 2.06967813e-01 2.60431222e+00
 1.44598129e-01 2.66088849e+00
 1.00294902e-01 2.72194382e+00
 1.00384444e-01 2.78792701e+00
 8.92703929e-02 2.85935245e+00
 1.30730634e-01 2.93681226e+00
 1.42405138e-01 3.02099122e+00
 2.11684574e-01 3.11268529e+00
 1.62434127e-01 3.21282471e+00
 2.32680855e-01 3.32250312e+00
 2.46263889e-01 3.44301438e+00
 2.58247786e-01 3.57589990e+00
 3.36911065e-01 3.72300974e+00
 3.63138470e-01 3.88658247e+00
 3.71923626e-01 4.06935075e+00
 3.52230642e-01 4.27468253e+00
 5.52746423e-01 4.50677223e+00
 5.68559074e-01 4.77090314e+00
 6.07414651e-01 5.07381242e+00
 6.74392093e-01 5.42420549e+00
 9.01630735e-01 5.83349027e+00
 1.13912214e+00 6.31683416e+00
 1.36573064e+00 6.89468732e+00
 1.74802696e+00 7.59493756e+00
 2.17319556e+00 8.45574606e+00
 2.91232381e+00 9.52836301e+00
 4.02053242e+00 1.08757908e+01
 5.83467655e+00 1.25483326e+01
 9.03385055e+00 1.44528269e+01
 1.45915481e+01 1.57727130e+01
 2.38144260e+01 1.30982787e+01
 3.04193679e+01 1.07467403e+00
 2.44714172e+01 -1.15076645e+01
 1.51635008e+01 -1.46906046e+01
 9.32210168e+00 -1.34975988e+01
 6.01372292e+00 -1.15985680e+01
 4.11091720e+00 -9.90796493e+00
 3.02681865e+00 -8.54163057e+00
 2.22627370e+00 -7.45330047e+00
 1.70717432e+00 -6.57995011e+00
 1.45561258e+00 -5.86961351e+00
 1.22247202e+00 -5.28345278e+00
 9.76046915e-01 -4.79306134e+00
 7.99571643e-01 -4.37761237e+00
 6.97757152e-01 -4.02166806e+00
 5.43308386e-01 -3.71362537e+00
 5.06797457e-01 -3.44463643e+00
 4.38291362e-01 -3.20785858e+00
 3.40295225e-01 -2.99792912e+00
 3.62861495e-01 -2.81059290e+00
 3.70496531e-01 -2.64243471e+00
 2.41998284e-01 -2.49068450e+00
 2.45057386e-01 -2.35307359e+00
 2.18746423e-01 -2.22772727e+00
 2.32007400e-01 -2.11308355e+00
 2.01107276e-01 -2.00783104e+00
 2.78909653e-01 -1.91086100e+00
 2.99529646e-01 -1.82122981e+00
 6.63482279e-02 -1.73812951e+00
 1.12331781e-01 -1.66086433e+00
 7.91194487e-02 -1.58883196e+00
 9.86624212e-02 -1.52150834e+00
 1.05087108e-01 -1.45843540e+00
 1.63598121e-01 -1.39921097e+00
 7.90547446e-02 -1.34348048e+00
 3.68624159e-02 -1.29093008e+00
 1.35947438e-01 -1.24128095e+00
 7.86766974e-02 -1.19428448e+00
 1.01784025e-01 -1.14971826e+00
 1.56597368e-01 -1.10738266e+00
 1.22976842e-01 -1.06709791e+00
 1.54444230e-01 -1.02870170e+00
 8.35271810e-02 -9.92046971e-01
 1.17729181e-01 -9.57000164e-01
 9.27749368e-02 -9.23439615e-01
 1.65715120e-01 -8.91254203e-01
 3.28314890e-02 -8.60342159e-01
 3.47372473e-02 -8.30610035e-01
 9.29295426e-03 -8.01971797e-01
 3.92158008e-02 -7.74348025e-01
 -6.54676009e-03 -7.47665215e-01
 -4.11025993e-02 -7.21855154e-01
 3.53756686e-03 -6.96854370e-01
 3.28751200e-02 -6.72603636e-01
 1.18292339e-01 -6.49047536e-01
 5.77645676e-02 -6.26134066e-01
 7.49277906e-02 -6.03814280e-01
 6.02457493e-02 -5.82041968e-01
 -3.83265988e-02 -5.60773362e-01
 3.60625788e-02 -5.39966873e-01
 -2.68746208e-02 -5.19582842e-01
 8.15402560e-02 -4.99583316e-01
 9.37531441e-02 -4.79931838e-01
 8.40373730e-02 -4.60593253e-01
 5.65595771e-02 -4.41533521e-01
 -6.22392235e-03 -4.22719544e-01
 1.26676057e-01 -4.04119002e-01
 3.69299809e-02 -3.85700188e-01
 5.47830264e-02 -3.67431853e-01
 2.56758307e-02 -3.49283056e-01
 -3.89669622e-02 -3.31223008e-01
 -1.14510788e-01 -3.13220924e-01
 4.06104806e-02 -2.95245863e-01
 7.96122228e-02 -2.77266578e-01
 1.05417883e-01 -2.59251348e-01
 3.55002481e-02 -2.41167810e-01
 1.12161487e-01 -2.22982780e-01
 9.90920037e-02 -2.04662066e-01
 5.02233984e-02 -1.86170264e-01
 8.82766321e-02 -1.67470536e-01
 9.40116099e-02 -1.48524378e-01
 8.34559784e-02 -1.29291353e-01
 6.19516727e-02 -1.09728810e-01
 -8.84904518e-03 -8.97915622e-02
 5.37402064e-02 -6.94315339e-02
 5.64769951e-02 -4.85973648e-02
 5.89029692e-02 -2.72339622e-02
 1.42141783e-02 -5.28199741e-03
 6.73313252e-02 1.73226684e-02
 4.28368945e-02 4.06496377e-02
 6.01537893e-02 6.47747263e-02
 2.12152447e-02 8.97808256e-02
 7.77224743e-02 1.15758899e-01
 2.07483180e-02 1.42809138e-01
 1.77697442e-02 1.71042312e-01
 6.96307873e-02 2.00581346e-01
 1.88126998e-01 2.31563177e-01
 4.93758283e-02 2.64140950e-01
 9.61173894e-02 2.98486627e-01
 1.08018239e-01 3.34794099e-01
 1.32269768e-01 3.73282923e-01
 1.05047678e-01 4.14202840e-01
 9.37599625e-02 4.57839252e-01
 1.43575356e-01 5.04519926e-01
 1.09302942e-01 5.54623242e-01
 8.41801308e-02 6.08588406e-01
 1.04700176e-01 6.66928218e-01
 1.23236855e-01 7.30245133e-01
 9.54257992e-02 7.99251646e-01
 1.89205266e-01 8.74796415e-01
 2.18625320e-01 9.57898036e-01
 2.53561307e-01 1.04978918e+00
 2.24435630e-01 1.15197486e+00
 2.86401609e-01 1.26631032e+00
 3.39071330e-01 1.39510618e+00
 3.39002817e-01 1.54127231e+00
 3.32780540e-01 1.70851686e+00
 4.36395081e-01 1.90162438e+00
 6.27650495e-01 2.12684733e+00
 7.07620475e-01 2.39245709e+00
 7.97962375e-01 2.70950661e+00
 9.97546623e-01 3.09282503e+00
 1.41840111e+00 3.56207515e+00
 1.74772741e+00 4.14190778e+00
 2.46442555e+00 4.85711215e+00
 3.63574972e+00 5.70631973e+00
 5.53182151e+00 6.54985483e+00
 8.86572521e+00 6.69762828e+00
 1.32930468e+01 4.08459641e+00
 1.48695088e+01 -2.43291666e+00
 1.11819641e+01 -7.30897854e+00
 7.00052531e+00 -8.22737048e+00
 4.43637489e+00 -7.59162102e+00
 2.89974068e+00 -6.71297394e+00
 2.12052009e+00 -5.92797843e+00
 1.55609267e+00 -5.28411474e+00
 1.07716419e+00 -4.76412256e+00
 8.93554755e-01 -4.34214183e+00
 7.70600078e-01 -3.99592008e+00
 6.24680054e-01 -3.70832731e+00
 4.57172934e-01 -3.46655133e+00
 4.16527504e-01 -3.26103218e+00
 3.30097527e-01 -3.08458253e+00
 2.62463506e-01 -2.93173722e+00
 2.51394194e-01 -2.79828820e+00
 1.85372561e-01 -2.68095447e+00
 1.91430906e-01 -2.57714680e+00
 1.67954675e-01 -2.48479852e+00
 1.94836307e-01 -2.40224254e+00
 1.69974765e-01 -2.32812086e+00
 2.17962820e-01 -2.26131724e+00
 8.47860147e-02 -2.20090644e+00
 6.26270387e-02 -2.14611566e+00
 5.70743802e-02 -2.09629482e+00
 7.85353913e-02 -2.05089352e+00
 9.50209985e-02 -2.00944289e+00
 6.45573057e-03 -1.97154135e+00
 6.14214913e-02 -1.93684316e+00
 5.14512522e-02 -1.90504926e+00
 -1.81276262e-02 -1.87589985e+00
 6.84415396e-02 -1.84916834e+00
 4.70421911e-02 -1.82465640e+00
 4.57704699e-02 -1.80218986e+00
 -2.14000755e-02 -1.78161533e+00
 6.75805483e-03 -1.76279736e+00
 -4.61229540e-03 -1.74561607e+00
 -1.99631454e-02 -1.72996516e+00
 5.57265766e-03 -1.71575022e+00
 -7.78074583e-03 -1.70288730e+00
 4.16080573e-02 -1.69130170e+00
 1.00690592e-02 -1.68092691e+00
 -8.04003749e-02 -1.67170374e+00
 7.84891130e-02 -1.66357953e+00
 -4.22970261e-02 -1.65650751e+00
 4.56812506e-02 -1.65044623e+00
 -1.56570776e-02 -1.64535905e+00
 1.14321916e-02 -1.64121374e+00
 1.94081192e-02 -1.63798210e+00
 9.77554178e-02 -1.63563963e+00
 -3.33959870e-02 -1.63416529e+00
 2.23645602e-02 -1.63354126e+00
 -1.03821738e-03 -1.63375270e+00
 -7.41373588e-02 -1.63478763e+00
 -2.01734050e-02 -1.63663676e+00
 7.94841663e-02 -1.63929339e+00
 4.98539608e-02 -1.64275330e+00
 1.00300614e-03 -1.64701468e+00
 5.19946854e-04 -1.65207808e+00
 -7.77296647e-02 -1.65794636e+00
 -1.81428651e-02 -1.66462471e+00
 4.58238657e-03 -1.67212059e+00
 -1.73664750e-02 -1.68044380e+00
 -2.50812548e-02 -1.68960646e+00
 -7.93474169e-02 -1.69962310e+00
 -1.36327796e-02 -1.71051072e+00
 -4.98481003e-02 -1.72228885e+00
 -1.06791400e-03 -1.73497966e+00
 1.16158482e-04 -1.74860810e+00
 2.98370570e-02 -1.76320202e+00
 -1.06247193e-01 -1.77879235e+00
 -1.03657095e-01 -1.79541328e+00
 -3.75719708e-02 -1.81310246e+00
 1.49489309e-02 -1.83190131e+00
 5.84309841e-03 -1.85185520e+00
 -3.19480251e-02 -1.87301386e+00
 -8.31740459e-02 -1.89543169e+00
 -6.67889483e-02 -1.91916817e+00
 -2.00112985e-02 -1.94428830e+00
 8.41243512e-03 -1.97086316e+00
 -8.38414772e-02 -1.99897045e+00
 -4.84732616e-02 -2.02869519e+00
 -3.64734910e-02 -2.06013043e+00
 -8.02238970e-02 -2.09337813e+00
 3.88383536e-03 -2.12855012e+00
 -7.28726041e-02 -2.16576923e+00
 -5.52195529e-02 -2.20517050e+00
 -1.16203619e-01 -2.24690274e+00
 -8.42414640e-02 -2.29113007e+00
 -1.46561786e-01 -2.33803399e+00
 -8.80645057e-02 -2.38781548e+00
 -1.71128815e-01 -2.44069771e+00
 -1.10707798e-01 -2.49692900e+00
 -1.74887061e-01 -2.55678635e+00
 -9.36639616e-02 -2.62057965e+00
 -1.68236780e-01 -2.68865653e+00
 -1.86443249e-01 -2.76140815e+00
 -1.41353974e-01 -2.83927618e+00
 -2.04755116e-01 -2.92276098e+00
 -1.78321596e-01 -3.01243155e+00
 -2.09793828e-01 -3.10893756e+00
 -2.18752290e-01 -3.21302393e+00
 -2.84912966e-01 -3.32554867e+00
 -3.11058582e-01 -3.44750488e+00
 -3.49441271e-01 -3.58004806e+00
 -3.55448130e-01 -3.72453014e+00
 -3.40948558e-01 -3.88254243e+00
 -4.53257344e-01 -4.05597013e+00
 -4.84419126e-01 -4.24706209e+00
 -5.61568856e-01 -4.45852113e+00
 -5.53884293e-01 -4.69362188e+00
 -6.16684211e-01 -4.95636622e+00
 -7.41598811e-01 -5.25169054e+00
 -8.19747239e-01 -5.58574483e+00
 -9.47021394e-01 -5.96627254e+00
 -1.18052972e+00 -6.40313198e+00
 -1.32987491e+00 -6.90901645e+00
 -1.67430912e+00 -7.50044824e+00
 -1.92949906e+00 -8.19913149e+00
 -2.29725158e+00 -9.03370774e+00
 -2.90532422e+00 -1.00417210e+01
 -3.81219752e+00 -1.12706607e+01
 -5.10686130e+00 -1.27735250e+01
 -7.17763273e+00 -1.45819206e+01
 -1.06405368e+01 -1.65943883e+01
 -1.61541805e+01 -1.81635524e+01
 -2.50985104e+01 -1.68693542e+01
 -3.47062963e+01 -7.64994431e+00
 -3.46050307e+01 7.88978188e+00
 -2.49134691e+01 1.68510779e+01
 -1.61262877e+01 1.80198939e+01
 -1.04743246e+01 1.64286256e+01
 -7.14527283e+00 1.44237520e+01
 -5.26061821e+00 1.26275672e+01
 -3.83096461e+00 1.11355226e+01
 -2.94996488e+00 9.91513002e+00
 -2.40048370e+00 8.91367672e+00
 -1.91021184e+00 8.08412115e+00
 -1.52840001e+00 7.38930300e+00
 -1.30993779e+00 6.80087111e+00
 -1.11773302e+00 6.29733330e+00
 -9.22497574e-01 5.86232088e+00
 -8.55808832e-01 5.48325246e+00
 -6.88764589e-01 5.15035200e+00
 -6.24554279e-01 4.85593725e+00
 -6.05450776e-01 4.59390426e+00
 -4.95172055e-01 4.35935173e+00
 -4.03203254e-01 4.14830477e+00
 -4.11615930e-01 3.95750976e+00
 -3.78501035e-01 3.78428038e+00
 -3.35674662e-01 3.62638081e+00
 -3.08851144e-01 3.48193630e+00
 -2.15904979e-01 3.34936390e+00
 -2.23833300e-01 3.22731843e+00
 -2.44050071e-01 3.11464986e+00
 -2.32515873e-01 3.01036957e+00
 -2.63203553e-01 2.91362314e+00
 -1.67229051e-01 2.82366865e+00
 -2.69747732e-01 2.73985882e+00
 -1.44091261e-01 2.66162660e+00
 -1.63274794e-01 2.58847317e+00
 -1.20398076e-01 2.51995815e+00
 -8.68971390e-02 2.45569130e+00
 -5.77059855e-02 2.39532574e+00
 -6.10964624e-02 2.33855211e+00
 -1.26599986e-01 2.28509374e+00
 -1.13387377e-01 2.23470250e+00
 -2.22520449e-01 2.18715527e+00
 -8.36023100e-02 2.14225097e+00
 -5.80906114e-02 2.09980790e+00
 -6.34946390e-02 2.05966161e+00
 -1.76378500e-01 2.02166289e+00
 -8.38709794e-03 1.98567616e+00
 -1.00407907e-01 1.95157798e+00
 -1.07566713e-01 1.91925582e+00
 -2.58895114e-02 1.88860691e+00
 -9.46530346e-02 1.85953732e+00
 -9.98760649e-02 1.83196105e+00
 -1.17386818e-02 1.80579934e+00
 -8.23265718e-02 1.78097995e+00
 5.72375522e-03 1.75743661e+00
 -2.52448794e-02 1.73510849e+00
 3.98365707e-02 1.71393974e+00
 -1.84082823e-01 1.69387908e+00
 1.49004100e-02 1.67487944e+00
 -5.97202972e-02 1.65689763e+00
 -5.44163144e-02 1.63989409e+00
 -3.96755425e-02 1.62383257e+00
 -7.66903644e-02 1.60867998e+00
 -9.51011834e-03 1.59440612e+00
 -1.02184366e-02 1.58098358e+00
 9.99051205e-03 1.56838751e+00
 -7.39761688e-03 1.55659554e+00
 -5.64064436e-02 1.54558765e+00
 -9.80868986e-02 1.53534608e+00
 3.26522857e-02 1.52585522e+00
 7.01437522e-02 1.51710156e+00
 -1.70776033e-02 1.50907366e+00
 -7.46968594e-02 1.50176208e+00
 -9.55099139e-03 1.49515937e+00
 -2.53752374e-02 1.48926007e+00
 1.10896929e-02 1.48406069e+00
 4.39527288e-02 1.47955977e+00
 -4.02163803e-02 1.47575786e+00
 -2.82018587e-03 1.47265765e+00
 -2.74717543e-02 1.47026394e+00
 5.85104925e-02 1.46858384e+00
 -1.13606231e-01 1.46762678e+00
 6.24533388e-02 1.46740470e+00
 1.81417641e-02 1.46793220e+00
 2.01515249e-03 1.46922669e+00
 -5.93944364e-02 1.47130867e+00
 8.96137657e-03 1.47420192e+00
 -2.09930327e-02 1.47793385e+00
 6.90244108e-02 1.48253580e+00
 1.63345035e-02 1.48804347e+00
 -4.25107365e-02 1.49449738e+00
 4.97263825e-02 1.50194340e+00
 4.39676136e-02 1.51043342e+00
 -6.69494388e-03 1.52002602e+00
 6.07559376e-02 1.53078741e+00
 6.67276675e-02 1.54279241e+00
 1.02420406e-04 1.55612563e+00
 1.06275148e-02 1.57088295e+00
 -2.45572851e-02 1.58717313e+00
 3.71187378e-02 1.60511986e+00
 4.76165111e-02 1.62486416e+00
 8.18141463e-02 1.64656727e+00
 9.54232824e-02 1.67041415e+00
 4.79116304e-02 1.69661775e+00
 8.66790382e-02 1.72542425e+00
 1.22660587e-01 1.75711947e+00
 1.11127895e-01 1.79203691e+00
 8.13860406e-02 1.83056767e+00
 1.17075089e-01 1.87317312e+00
 6.40449516e-02 1.92040083e+00
 1.86897248e-01 1.97290505e+00
 2.32852194e-01 2.03147317e+00
 1.83337922e-01 2.09706023e+00
 1.70364499e-01 2.17083430e+00
 1.70076069e-01 2.25423690e+00
 2.28927307e-01 2.34906390e+00
 2.89722468e-01 2.45757499e+00
 4.20535423e-01 2.58264229e+00
 4.80367477e-01 2.72795229e+00
 4.11406879e-01 2.89827691e+00
 5.58511572e-01 3.09982412e+00
 7.32479647e-01 3.34064514e+00
 9.70899891e-01 3.63094922e+00
 1.20541650e+00 3.98274277e+00
 1.64287750e+00 4.40674034e+00
 2.28319355e+00 4.89947520e+00
 3.45166617e+00 5.39666805e+00
 5.19381341e+00 5.62170516e+00
 7.69266064e+00 4.74778716e+00
 9.67380615e+00 1.67618977e+00
 8.69682880e+00 -2.14460815e+00
 6.17991659e+00 -3.93289771e+00
 4.06926522e+00 -4.05460930e+00
 2.71647048e+00 -3.62325381e+00
 1.92895469e+00 -3.11381993e+00
 1.41126746e+00 -2.65641546e+00
 1.02969097e+00 -2.27235377e+00
 8.00303619e-01 -1.95466858e+00
 6.51937849e-01 -1.69130140e+00
 4.66410885e-01 -1.47115124e+00
 4.47204365e-01 -1.28524793e+00
 4.53746682e-01 -1.12662531e+00
 2.96440147e-01 -9.89926360e-01
 2.76415661e-01 -8.71022575e-01
 2.60599045e-01 -7.66708970e-01
 2.06519134e-01 -6.74473966e-01
 1.74934623e-01 -5.92329343e-01
 1.25448074e-01 -5.18685117e-01
 1.73866105e-01 -4.52257202e-01
 1.46843393e-01 -3.91998784e-01
 1.82349179e-01 -3.37048897e-01
 1.68154346e-01 -2.86693507e-01
 1.32144455e-01 -2.40335806e-01
 3.31021508e-02 -1.97473304e-01
 7.86508729e-02 -1.57680007e-01
 7.19292005e-02 -1.20592436e-01
 3.87028882e-02 -8.58985581e-02
 7.31337781e-02 -5.33289640e-02
 5.36296423e-02 -2.26497702e-02
 9.88845774e-02 6.34312175e-03
 -1.75985638e-02 3.38287042e-02
 3.15365188e-02 5.99647022e-02
 -3.42355548e-02 8.48907404e-02
 5.53271655e-02 1.08730972e-01
 3.50563307e-02 1.31596275e-01
 6.95606815e-02 1.53586091e-01
 2.99528124e-02 1.74789981e-01
 8.98886927e-02 1.95288941e-01
 4.14863753e-02 2.15156524e-01
 5.95527964e-02 2.34459803e-01
 3.76571209e-02 2.53260190e-01
 3.57218387e-02 2.71614154e-01
 -4.40824646e-02 2.89573838e-01
 8.56974697e-02 3.07187599e-01
 -5.91680227e-04 3.24500478e-01
 1.30087028e-02 3.41554620e-01
 1.56092691e-02 3.58389635e-01
 4.13450647e-02 3.75042931e-01
 -8.98048511e-02 3.91550003e-01
 7.29941055e-02 4.07944695e-01
 -6.55319512e-02 4.24259439e-01
 7.57174039e-02 4.40525471e-01
 1.74945569e-02 4.56773030e-01
 -3.85001168e-02 4.73031540e-01
 2.22998755e-02 4.89329781e-01
 8.11276155e-02 5.05696050e-01
 8.15774012e-02 5.22158316e-01
 1.02988324e-01 5.38744359e-01
 3.73120005e-02 5.55481921e-01
 9.85766782e-02 5.72398834e-01
 1.56641429e-02 5.89523163e-01
 2.44808851e-02 6.06883338e-01
 5.05413982e-02 6.24508293e-01
 8.91234958e-02 6.42427605e-01
 1.39387447e-02 6.60671635e-01
 -4.56805245e-02 6.79271679e-01
 2.50238574e-02 6.98260121e-01
 1.03535925e-02 7.17670597e-01
 4.74937359e-04 7.37538167e-01
 6.79187769e-02 7.57899501e-01
 2.30619041e-02 7.78793079e-01
 5.37265049e-02 8.00259403e-01
 8.12776023e-02 8.22341232e-01
 -3.94273692e-03 8.45083837e-01
 9.03081865e-02 8.68535278e-01
 7.85105899e-02 8.92746717e-01
 6.18423981e-02 9.17772750e-01
 1.21193977e-01 9.43671790e-01
 -5.47582494e-03 9.70506485e-01
 5.14266444e-02 9.98344183e-01
 -1.30764705e-02 1.02725746e+00
 1.96349986e-01 1.05732471e+00
 1.16658085e-02 1.08863081e+00
 2.87470795e-02 1.12126785e+00
 8.28027150e-02 1.15533603e+00
 1.93706442e-01 1.19094458e+00
 7.55960519e-02 1.22821289e+00
 1.06161656e-01 1.26727178e+00
 1.49567161e-01 1.30826494e+00
 6.10274059e-02 1.35135061e+00
 1.29309778e-01 1.39670352e+00
 1.42547453e-01 1.44451713e+00
 1.19499814e-01 1.49500628e+00
 9.69566173e-02 1.54841023e+00
 2.23541701e-01 1.60499624e+00
 1.92389281e-01 1.66506391e+00
 1.30284381e-01 1.72895013e+00
 2.48802828e-01 1.79703511e+00
 1.68114132e-01 1.86974960e+00
 2.12834850e-01 1.94758347e+00
 2.50245726e-01 2.03109625e+00
 2.44729102e-01 2.12092979e+00
 2.45213562e-01 2.21782387e+00
 2.56951171e-01 2.32263542e+00
 3.08883508e-01 2.43636237e+00
 3.55601884e-01 2.56017341e+00
 3.50399706e-01 2.69544552e+00
 4.65327010e-01 2.84381161e+00
 3.04591692e-01 3.00722146e+00
 4.98760496e-01 3.18802035e+00
 5.56476430e-01 3.38905148e+00
 6.27887936e-01 3.61379045e+00
 6.94163865e-01 3.86652317e+00
 7.95879923e-01 4.15258317e+00
 8.57896709e-01 4.47866937e+00
 1.02045898e+00 4.85327176e+00
 1.24518008e+00 5.28723651e+00
 1.49154431e+00 5.79449460e+00
 1.88915428e+00 6.39293023e+00
 2.34254078e+00 7.10518723e+00
 3.02184949e+00 7.95862679e+00
 3.89966107e+00 8.98178136e+00
 5.19494742e+00 1.01886414e+01
 7.39668428e+00 1.15227289e+01
 1.08659224e+01 1.26741742e+01
 1.62786679e+01 1.25651149e+01
 2.31507128e+01 8.62769042e+00
 2.67286127e+01 -7.95860408e-01
 2.27605961e+01 -9.95002992e+00
 1.58114194e+01 -1.35457548e+01
 1.06074902e+01 -1.35186842e+01
 7.26726700e+00 -1.23408633e+01
 5.18383263e+00 -1.10145294e+01
 3.73291947e+00 -9.82269808e+00
 2.88097085e+00 -8.81420213e+00
 2.45291137e+00 -7.97335874e+00
 1.85565557e+00 -7.27161753e+00
 1.47518632e+00 -6.68199048e+00
 1.29953769e+00 -6.18223214e+00
 9.66845699e-01 -5.75479208e+00
 9.42465559e-01 -5.38599942e+00
 8.47432066e-01 -5.06520587e+00
 7.78680347e-01 -4.78407132e+00
 6.04607249e-01 -4.53601080e+00
 5.64405646e-01 -4.31577822e+00
 4.48302760e-01 -4.11915545e+00
 3.88009080e-01 -3.94272015e+00
 3.99679161e-01 -3.78367148e+00
 2.83035074e-01 -3.63969830e+00
 1.48714946e-01 -3.50887882e+00
 2.49875335e-01 -3.38960336e+00
 2.43725516e-01 -3.28051452e+00
 1.26388212e-01 -3.18046041e+00
 3.24499448e-01 -3.08845775e+00
 3.13274577e-01 -3.00366255e+00
 1.84818003e-01 -2.92534669e+00
 7.56618771e-02 -2.85287897e+00
 1.48142930e-01 -2.78570980e+00
 2.51981353e-01 -2.72335861e+00
 1.08291460e-01 -2.66540360e+00
 1.53210266e-01 -2.61147317e+00
 1.01896648e-01 -2.56123889e+00
 4.92244170e-02 -2.51440955e+00
 1.50415176e-01 -2.47072622e+00
 1.38394194e-01 -2.42995803e+00
 1.28701563e-01 -2.39189866e+00
 1.16572747e-01 -2.35636332e+00
 1.08234829e-01 -2.32318615e+00
 9.69411861e-02 -2.29221805e+00
 1.15595176e-01 -2.26332477e+00
 3.40797957e-02 -2.23638524e+00
 7.12992854e-02 -2.21129022e+00
 3.75281548e-02 -2.18794104e+00
 3.04148818e-02 -2.16624851e+00
 1.04804393e-01 -2.14613206e+00
 3.09804246e-02 -2.12751886e+00
 -8.53758849e-02 -2.11034314e+00
 5.24208301e-02 -2.09454559e+00
 1.30265318e-01 -2.08007279e+00
 6.44826366e-02 -2.06687675e+00
 1.14095363e-02 -2.05491448e+00
 -4.38191876e-02 -2.04414764e+00
 -9.39125435e-02 -2.03454225e+00
 1.05312158e-01 -2.02606835e+00
 4.63473749e-02 -2.01869982e+00
 -8.58239115e-02 -2.01241416e+00
 5.57892742e-02 -2.00719230e+00
 -1.60368164e-02 -2.00301849e+00
 -6.92942430e-02 -1.99988014e+00
 1.44414720e-02 -1.99776776e+00
 -8.86070515e-02 -1.99667488e+00
 6.80947565e-02 -1.99659800e+00
 -3.51662627e-02 -1.99753655e+00
 3.63406113e-02 -1.99949291e+00
 -5.38436594e-02 -2.00247242e+00
 -4.65352033e-02 -2.00648340e+00
 1.24465735e-02 -2.01153721e+00
 -7.04071971e-03 -2.01764837e+00
 1.38702385e-02 -2.02483462e+00
 -6.96624163e-02 -2.03311707e+00
 -1.08874723e-01 -2.04252036e+00
 -3.63823164e-02 -2.05307285e+00
 7.86579652e-03 -2.06480683e+00
 7.33015934e-03 -2.07775878e+00
 -5.11268995e-02 -2.09196965e+00
 -8.33055113e-02 -2.10748522e+00
 -6.35710732e-02 -2.12435648e+00
 -2.81063951e-02 -2.14264005e+00
 -7.33282307e-02 -2.16239873e+00
 -4.75662233e-02 -2.18370201e+00
 -6.71530716e-02 -2.20662679e+00
 -7.91217312e-02 -2.23125809e+00
 -1.26732869e-01 -2.25768992e+00
 1.94857179e-03 -2.28602627e+00
 -1.10513267e-01 -2.31638225e+00
 2.37580944e-02 -2.34888537e+00
 -9.42352683e-02 -2.38367704e+00
 -1.53856793e-02 -2.42091433e+00
 -1.07025006e-01 -2.46077198e+00
 -9.45030545e-02 -2.50344470e+00
 -1.33388935e-01 -2.54915000e+00
 -2.01053880e-01 -2.59813130e+00
 -1.28287468e-01 -2.65066177e+00
 -1.65898629e-01 -2.70704880e+00
 -1.93819619e-01 -2.76763924e+00
 -1.77650096e-01 -2.83282579e+00
 -6.56156154e-02 -2.90305449e+00
 -2.73472503e-01 -2.97883390e+00
 -3.31880803e-01 -3.06074609e+00
 -2.64397356e-01 -3.14946009e+00
 -1.65413443e-01 -3.24574835e+00
 -3.43056322e-01 -3.35050702e+00
 -3.59001958e-01 -3.46478112e+00
 -3.36044251e-01 -3.58979606e+00
 -2.84199850e-01 -3.72699721e+00
 -4.51033703e-01 -3.87810017e+00
 -4.86169641e-01 -4.04515509e+00
 -5.47115719e-01 -4.23062941e+00
 -5.86228759e-01 -4.43751543e+00
 -6.57900473e-01 -4.66947107e+00
 -8.29950598e-01 -4.93100513e+00
 -8.79978759e-01 -5.22772247e+00
 -1.03087973e+00 -5.56664835e+00
 -1.19727121e+00 -5.95665497e+00
 -1.31658654e+00 -6.40900954e+00
 -1.67393931e+00 -6.93803914e+00
 -2.06562755e+00 -7.56181579e+00
 -2.66061301e+00 -8.30247488e+00
 -3.33844370e+00 -9.18489481e+00
 -4.43881800e+00 -1.02297694e+01
 -5.92241450e+00 -1.14288128e+01
 -8.42783862e+00 -1.26647470e+01
 -1.23405179e+01 -1.34729915e+01
 -1.81360811e+01 -1.24833790e+01
 -2.41625436e+01 -7.18051726e+00
 -2.57684219e+01 2.38420547e+00
 -2.08598572e+01 9.95316642e+00
 -1.45461975e+01 1.24907688e+01
 -9.85743907e+00 1.22162182e+01
 -6.87903553e+00 1.10759452e+01
 -4.95730595e+00 9.83716485e+00
 -3.72994626e+00 8.72266629e+00
 -2.88311421e+00 7.77248597e+00
 -2.32470220e+00 6.97371351e+00
 -1.86214580e+00 6.30196476e+00
 -1.47891026e+00 5.73366582e+00
 -1.24701313e+00 5.24904076e+00
 -1.07055695e+00 4.83226336e+00
 -9.69414892e-01 4.47085945e+00
 -8.60602997e-01 4.15501615e+00
 -6.56447598e-01 3.87698257e+00
 -6.19561272e-01 3.63059446e+00
 -5.38536452e-01 3.41090978e+00
 -4.78803680e-01 3.21393274e+00
 -4.25165169e-01 3.03640537e+00
 -4.41118358e-01 2.87564947e+00
 -3.54921888e-01 2.72944622e+00
 -3.19229871e-01 2.59594373e+00
 -3.34596905e-01 2.47358554e+00
 -3.43353707e-01 2.36105489e+00
 -2.34413466e-01 2.25723092e+00
 -2.21155628e-01 2.16115395e+00
 -1.83137245e-01 2.07199787e+00
 -2.01882555e-01 1.98904786e+00
 -2.07528638e-01 1.91168244e+00
 -2.78823913e-01 1.83935881e+00
 -2.33978917e-01 1.77160084e+00
 -1.08196037e-01 1.70798921e+00
 -1.79938624e-01 1.64815321e+00
 -1.90609999e-01 1.59176389e+00
 -8.01089078e-02 1.53852835e+00
 -1.18624249e-01 1.48818495e+00
 -1.57641925e-01 1.44049919e+00
 -1.24011384e-01 1.39526031e+00
 -1.08774373e-01 1.35227831e+00
 3.40425225e-03 1.31138145e+00
 -8.02491614e-02 1.27241404e+00
 -1.20759284e-01 1.23523462e+00
 -1.03154652e-01 1.19971431e+00
 -1.13913110e-02 1.16573540e+00
 -2.12457002e-02 1.13319014e+00
 -1.71205267e-01 1.10197967e+00
 -8.43342019e-02 1.07201305e+00
 -1.03396672e-01 1.04320646e+00
 -7.39088550e-02 1.01548247e+00
 -1.16487037e-01 9.88769356e-01
 -1.72808253e-01 9.63000576e-01
 -5.37359666e-02 9.38114226e-01
 4.32359012e-02 9.14052590e-01
 1.99283141e-03 8.90761732e-01
 -6.72991013e-02 8.68191126e-01
 -3.76885221e-02 8.46293328e-01
 -1.22519285e-01 8.25023667e-01
 -4.71627765e-02 8.04339981e-01
 -3.37319440e-02 7.84202361e-01
 -3.81345633e-02 7.64572927e-01
 1.96534099e-02 7.45415617e-01
 -1.02000059e-01 7.26695990e-01
 -1.73816493e-02 7.08381052e-01
 -9.57100372e-02 6.90439080e-01
 -2.70040474e-02 6.72839470e-01
 2.44785631e-02 6.55552582e-01
 -1.05215327e-01 6.38549597e-01
 -7.23052267e-02 6.21802381e-01
 9.89469611e-02 6.05283349e-01
 -7.83220322e-02 5.88965334e-01
 -1.30654565e-01 5.72821456e-01
 1.34723931e-02 5.56824992e-01
 -2.75445346e-02 5.40949245e-01
 -5.00932104e-02 5.25167412e-01
 5.14046365e-03 5.09452440e-01
 -7.63511909e-02 4.93776889e-01
 -2.07395284e-02 4.78112774e-01
 -8.85887905e-02 4.62431410e-01
 -4.50049905e-02 4.46703237e-01
 -7.82762941e-02 4.30897635e-01
 1.66786833e-02 4.14982722e-01
 -2.60245863e-02 3.98925134e-01
 -6.72035790e-02 3.82689776e-01
 -7.59516331e-02 3.66239558e-01
 -1.04780316e-01 3.49535083e-01
 -4.80529487e-02 3.32534313e-01
 -4.92192342e-04 3.15192180e-01
 -2.63487332e-02 2.97460148e-01
 -6.13328604e-02 2.79285718e-01
 1.79559771e-02 2.60611849e-01
 -8.49918672e-02 2.41376305e-01
 -2.27242753e-02 2.21510889e-01
 -8.08412367e-02 2.00940554e-01
 -1.15435206e-01 1.79582372e-01
 -5.31439652e-02 1.57344314e-01
 -1.15235612e-01 1.34123820e-01
 -7.59013144e-02 1.09806100e-01
 -5.29664965e-02 8.42621151e-02
 -2.19370390e-02 5.73461553e-02
 -4.02228868e-02 2.88929323e-02
 -9.44095201e-02 -1.28594400e-03
 -1.49648933e-01 -3.34062519e-02
 -5.85201980e-02 -6.77164073e-02
 -1.31816769e-01 -1.04503934e-01
 2.31872958e-02 -1.44103487e-01
 -1.02250482e-01 -1.86906884e-01
 -1.93901430e-01 -2.33375710e-01
 -1.94254579e-01 -2.84057308e-01
 -6.50638140e-02 -3.39605174e-01
 -9.40737176e-02 -4.00805198e-01
 -2.14476950e-01 -4.68609620e-01
 -2.62506810e-01 -5.44181268e-01
 -2.52836050e-01 -6.28951418e-01
 -4.19306069e-01 -7.24695556e-01
 -3.90344572e-01 -8.33632092e-01
 -4.15991848e-01 -9.58548808e-01
 -4.92685939e-01 -1.10295799e+00
 -6.60535854e-01 -1.27126678e+00
 -7.62903778e-01 -1.46890438e+00
 -8.50450333e-01 -1.70221587e+00
 -1.14961572e+00 -1.97754981e+00
 -1.46911465e+00 -2.29784289e+00
 -1.93465231e+00 -2.65170291e+00
 -2.84228090e+00 -2.98076932e+00
 -3.98432310e+00 -3.09191449e+00
 -5.91658649e+00 -2.49834220e+00
 -7.47664985e+00 -5.57138181e-01
 -7.45861481e+00 2.22147713e+00
 -5.83325519e+00 4.07350093e+00
 -4.11912756e+00 4.60432169e+00
 -2.77936509e+00 4.47153520e+00
 -1.94608837e+00 4.13963563e+00
 -1.41114051e+00 3.78911462e+00
 -1.09410044e+00 3.47372733e+00
 -8.69876016e-01 3.20344142e+00
 -7.03147479e-01 2.97496662e+00
 -5.91442097e-01 2.78193461e+00
 -4.04323107e-01 2.61807085e+00
 -4.04833457e-01 2.47802963e+00
 -3.42894647e-01 2.35747797e+00
 -3.18118356e-01 2.25296413e+00
 -2.43140833e-01 2.16174845e+00
 -2.37356230e-01 2.08165053e+00
 -2.24821910e-01 2.01092517e+00
 -1.17678831e-01 1.94816556e+00
 -1.45800982e-01 1.89222894e+00
 -1.11081189e-01 1.84217993e+00
 -9.36225262e-02 1.79724711e+00
 -1.13110987e-01 1.75678966e+00
 5.24672846e-03 1.72027166e+00
 -2.17028618e-02 1.68724197e+00
 -4.37317057e-02 1.65731859e+00
 -1.34312200e-01 1.63017625e+00
 -8.81706678e-02 1.60553652e+00
 -1.79034138e-01 1.58315995e+00
 -7.71123555e-02 1.56283968e+00
 4.48796624e-02 1.54439633e+00
 -4.02922620e-02 1.52767372e+00
 -7.81774549e-02 1.51253547e+00
 -6.73997845e-02 1.49886213e+00
 3.41287086e-02 1.48654877e+00
 -8.69706774e-03 1.47550309e+00
 -2.19651000e-02 1.46564367e+00
 -3.31434332e-02 1.45689865e+00
 1.04392416e-02 1.44920453e+00
 -4.76151832e-02 1.44250516e+00
 -4.24573069e-04 1.43675090e+00
 1.42466042e-03 1.43189793e+00
 -2.35084778e-02 1.42790757e+00
 2.24698891e-03 1.42474580e+00
 3.06238154e-02 1.42238280e+00
 7.37327559e-03 1.42079253e+00
 7.36212829e-02 1.41995242e+00
 -3.61090235e-02 1.41984308e+00
 5.26794467e-02 1.42044805e+00
 6.80470288e-02 1.42175357e+00
 -3.53101448e-02 1.42374843e+00
 1.04151558e-01 1.42642379e+00
 4.15711912e-02 1.42977307e+00
 5.67598051e-02 1.43379183e+00
 3.10169241e-02 1.43847771e+00
 -1.84747003e-02 1.44383032e+00
 -2.77320180e-02 1.44985121e+00
 2.26226014e-02 1.45654385e+00
 4.77054749e-02 1.46391356e+00
 1.28467967e-01 1.47196758e+00
 6.21208140e-02 1.48071499e+00
 -4.65763722e-02 1.49016679e+00
 5.46669898e-02 1.50033590e+00
 -8.00839951e-02 1.51123723e+00
 -9.40798396e-03 1.52288773e+00
 -9.24350819e-02 1.53530644e+00
 2.58946287e-02 1.54851464e+00
 3.84029519e-02 1.56253588e+00
 4.43801420e-02 1.57739616e+00
 3.03676329e-02 1.59312404e+00
 6.28754111e-02 1.60975082e+00
 8.07136467e-02 1.62731068e+00
 1.08168249e-01 1.64584094e+00
 -5.78711551e-02 1.66538225e+00
 5.50528740e-02 1.68597886e+00
 4.70324694e-02 1.70767892e+00
 5.31270198e-02 1.73053479e+00
 7.71259568e-02 1.75460343e+00
 1.69438273e-02 1.77994679e+00
 1.45872907e-01 1.80663231e+00
 4.50387938e-02 1.83473339e+00
 4.71712310e-02 1.86433006e+00
 2.29240049e-02 1.89550957e+00
 7.32896906e-02 1.92836721e+00
 9.60626627e-02 1.96300714e+00
 9.21745081e-02 1.99954338e+00
 1.57153701e-01 2.03810091e+00
 1.84731291e-01 2.07881697e+00
 1.62875584e-01 2.12184251e+00
 1.24685155e-01 2.16734384e+00
 2.48726907e-01 2.21550463e+00
 1.45502746e-01 2.26652805e+00
 1.47001377e-01 2.32063945e+00
 1.33193025e-01 2.37808932e+00
 2.22469483e-01 2.43915680e+00
 1.64441100e-01 2.50415388e+00
 1.49433354e-01 2.57343015e+00
 2.33498947e-01 2.64737862e+00
 2.87872103e-01 2.72644251e+00
 2.60773366e-01 2.81112336e+00
 2.69059022e-01 2.90199080e+00
 2.08694055e-01 2.99969427e+00
 3.15260347e-01 3.10497723e+00
 4.49033865e-01 3.21869449e+00
 4.32729336e-01 3.34183341e+00
 4.37783164e-01 3.47554005e+00
 4.38898949e-01 3.62115164e+00
 5.53321051e-01 3.78023705e+00
 5.05084010e-01 3.95464774e+00
 5.67959399e-01 4.14658226e+00
 6.64421290e-01 4.35866833e+00
 7.17834305e-01 4.59406824e+00
 7.32072221e-01 4.85661469e+00
 9.86103356e-01 5.15098669e+00
 1.08502469e+00 5.48293775e+00
 1.25461545e+00 5.85959076e+00
 1.45751646e+00 6.28981433e+00
 1.64762672e+00 6.78468781e+00
 2.00332893e+00 7.35803296e+00
 2.43677788e+00 8.02689954e+00
 2.94919282e+00 8.81163406e+00
 3.75744159e+00 9.73443949e+00
 4.86391316e+00 1.08133081e+01
 6.42103652e+00 1.20424720e+01
 8.84235466e+00 1.33344842e+01
 1.23647610e+01 1.43589056e+01
 1.78285212e+01 1.41585086e+01
 2.43589386e+01 1.06945954e+01
 2.89694509e+01 2.29674988e+00
 2.70559052e+01 -7.57293557e+00
 2.07079833e+01 -1.32590706e+01
 1.47420612e+01 -1.46263908e+01
 1.02979404e+01 -1.39832034e+01
 7.37062557e+00 -1.27500807e+01
 5.56020153e+00 -1.14759388e+01
 4.20003119e+00 -1.03280033e+01
 3.29694296e+00 -9.33800676e+00
 2.58750345e+00 -8.49502594e+00
 2.13402287e+00 -7.77763926e+00
 1.87046459e+00 -7.16440120e+00
 1.54468113e+00 -6.63678757e+00
 1.35132708e+00 -6.17960705e+00
 9.34641245e-01 -5.78063707e+00
 9.80406844e-01 -5.43009326e+00
 9.01590921e-01 -5.12013085e+00
 6.99623913e-01 -4.84442981e+00
 6.74915104e-01 -4.59786599e+00
 5.46164634e-01 -4.37625545e+00
 5.27842362e-01 -4.17615707e+00
 4.65844989e-01 -3.99472038e+00
 4.60773619e-01 -3.82956768e+00
 4.89045720e-01 -3.67870239e+00
 3.87965989e-01 -3.54043731e+00
 3.70377164e-01 -3.41333816e+00
 3.97112178e-01 -3.29617871e+00
 3.38720486e-01 -3.18790505e+00
 2.46680868e-01 -3.08760680e+00
 2.14599883e-01 -2.99449388e+00
 3.70285814e-01 -2.90787754e+00
 2.20228878e-01 -2.82715486e+00
 1.64979407e-01 -2.75179600e+00
 1.58816883e-01 -2.68133361e+00
 2.01631898e-01 -2.61535403e+00
 1.36437978e-01 -2.55348993e+00
 1.51458571e-01 -2.49541409e+00
 1.64334244e-01 -2.44083424e+00
 1.38965801e-01 -2.38948856e+00
 8.32561471e-02 -2.34114194e+00
 1.81277836e-01 -2.29558275e+00
 1.02832693e-01 -2.25262008e+00
 1.07672627e-01 -2.21208135e+00
 1.06515002e-01 -2.17381024e+00
 1.81274250e-01 -2.13766496e+00
 4.05858519e-02 -2.10351662e+00
 1.38206055e-02 -2.07124795e+00
 1.54978204e-01 -2.04075209e+00
 -1.18881279e-02 -2.01193157e+00
 2.22637509e-02 -1.98469738e+00
 1.06567766e-01 -1.95896821e+00
 1.29185419e-01 -1.93466970e+00
 -3.30922880e-02 -1.91173388e+00
 3.34372027e-02 -1.89009856e+00
 9.67118742e-02 -1.86970690e+00
 1.25103267e-01 -1.85050694e+00
 5.12119419e-03 -1.83245124e+00
 8.66265587e-02 -1.81549656e+00
 4.94433322e-02 -1.79960353e+00
 3.56487571e-02 -1.78473641e+00
 5.19141012e-03 -1.77086284e+00
 4.37373267e-02 -1.75795367e+00
 1.16533664e-01 -1.74598277e+00
 7.11837827e-02 -1.73492684e+00
 2.54413299e-02 -1.72476534e+00
 3.13113624e-02 -1.71548035e+00
 2.05093714e-02 -1.70705647e+00
 7.08687913e-02 -1.69948077e+00
 2.84214227e-02 -1.69274269e+00
 -5.39297651e-03 -1.68683408e+00
 3.29555034e-02 -1.68174909e+00
 2.63231231e-02 -1.67748422e+00
 2.18941061e-02 -1.67403832e+00
 -5.18130475e-02 -1.67141260e+00
 3.23118318e-02 -1.66961073e+00
 2.05034104e-02 -1.66863881e+00
 -5.89930256e-02 -1.66850557e+00
 -4.29196523e-02 -1.66922238e+00
 3.90910510e-03 -1.67080344e+00
 2.85249972e-02 -1.67326591e+00
 2.72991957e-02 -1.67663011e+00
 4.83492493e-02 -1.68091974e+00
 1.75414158e-02 -1.68616209e+00
 2.43625266e-02 -1.69238838e+00
 -3.83147109e-03 -1.69963411e+00
 4.29962333e-04 -1.70793939e+00
 -6.74983962e-05 -1.71734945e+00
 -9.18951200e-02 -1.72791512e+00
 -4.66039721e-02 -1.73969347e+00
 -1.19379498e-01 -1.75274849e+00
 -1.43525286e-01 -1.76715190e+00
 5.81729984e-03 -1.78298408e+00
 -2.35046288e-03 -1.80033518e+00
 1.44835456e-02 -1.81930638e+00
 4.94974359e-03 -1.84001143e+00
 -6.83468983e-02 -1.86257832e+00
 -8.17765282e-02 -1.88715144e+00
 -1.14363199e-01 -1.91389400e+00
 -1.18637929e-01 -1.94299093e+00
 -1.04831883e-01 -1.97465237e+00
 -5.45741718e-02 -2.00911787e+00
 -1.61206269e-01 -2.04666141e+00
 -1.39725016e-01 -2.08759749e+00
 -7.54951625e-02 -2.13228859e+00
 -6.45599394e-02 -2.18115428e+00
 -1.86289118e-01 -2.23468245e+00
 -1.65639328e-01 -2.29344323e+00
 -2.35927498e-01 -2.35810642e+00
 -2.67494586e-01 -2.42946326e+00
 -2.49431564e-01 -2.50845411e+00
 -3.06471243e-01 -2.59620345e+00
 -3.05943440e-01 -2.69406479e+00
 -4.67465031e-01 -2.80367815e+00
 -4.77010434e-01 -2.92704408e+00
 -4.51332607e-01 -3.06661852e+00
 -5.02272147e-01 -3.22543344e+00
 -5.72462900e-01 -3.40724646e+00
 -7.52803015e-01 -3.61671647e+00
 -8.83374151e-01 -3.85958232e+00
 -1.07927449e+00 -4.14276626e+00
 -1.33395568e+00 -4.47417409e+00
 -1.67887178e+00 -4.86155929e+00
 -2.23549291e+00 -5.30871510e+00
 -2.93500899e+00 -5.80424430e+00
 -4.02167414e+00 -6.29024712e+00
 -5.61131675e+00 -6.58139704e+00
 -7.98346041e+00 -6.20080545e+00
 -1.05874279e+01 -4.31259994e+00
 -1.17481524e+01 -6.61029289e-01
 -1.04739043e+01 2.95732037e+00
 -7.91686044e+00 4.79470172e+00
 -5.63332213e+00 5.14829136e+00
 -3.96497186e+00 4.84835279e+00
 -2.82049176e+00 4.36092849e+00
 -2.16579661e+00 3.86607269e+00
 -1.69850136e+00 3.41975251e+00
 -1.41709200e+00 3.03275738e+00
 -1.01396708e+00 2.70115122e+00
 -8.10373600e-01 2.41718752e+00
 -8.02300949e-01 2.17300761e+00
 -6.17488643e-01 1.96174013e+00
 -4.57193578e-01 1.77769014e+00
 -5.32579456e-01 1.61623370e+00
 -4.45147638e-01 1.47363997e+00
 -3.82096663e-01 1.34689707e+00
 -3.70687662e-01 1.23356383e+00
 -3.53296158e-01 1.13165035e+00
 -2.49150049e-01 1.03952397e+00
 -2.07601551e-01 9.55836018e-01
 -2.81804424e-01 8.79464799e-01
 -2.86813055e-01 8.09471123e-01
 -1.91857070e-01 7.45063533e-01
 -1.06131679e-01 6.85570921e-01
 -1.92470235e-01 6.30420860e-01
 -1.33463080e-01 5.79122337e-01
 -1.07472672e-01 5.31251912e-01
 -1.19443111e-01 4.86442551e-01
 -7.71807403e-02 4.44374565e-01
 -2.98821307e-02 4.04768209e-01
 -9.99920664e-02 3.67377596e-01
 -1.10437254e-01 3.31985686e-01
 -1.12425300e-01 2.98400105e-01
 -1.64448932e-01 2.66449674e-01
 -1.04941224e-01 2.35981481e-01
 6.23013577e-03 2.06858426e-01
 -7.16266219e-02 1.78957131e-01
 -8.41248473e-02 1.52166172e-01
 -1.36113234e-01 1.26384559e-01
 -5.30233595e-02 1.01520443e-01
 -1.21883467e-01 7.74899881e-02
 -4.83658188e-02 5.42164103e-02
 4.18127131e-03 3.16291324e-02
 -7.35787852e-02 9.66305149e-03
 -1.01684127e-01 -1.17421030e-02
 -1.55371176e-02 -3.26423340e-02
 -1.08804185e-02 -5.30898750e-02
 -8.16316534e-02 -7.31336318e-02
 -1.28453766e-01 -9.28195759e-02
 -1.36820990e-01 -1.12191096e-01
 3.42056078e-02 -1.31289316e-01
 -6.63905127e-02 -1.50153378e-01
 -4.23501808e-02 -1.68820706e-01
 -7.63583243e-02 -1.87327239e-01
 -9.40509698e-02 -2.05707656e-01
 -1.24365692e-01 -2.23995571e-01
 -2.44481902e-02 -2.42223729e-01
 -1.33644993e-01 -2.60424182e-01
 -9.65097504e-02 -2.78628458e-01
 -1.03962725e-01 -2.96867722e-01
 -1.26751183e-01 -3.15172937e-01
 -1.38799022e-01 -3.33575011e-01
 -9.25356747e-02 -3.52104956e-01
 -3.85012821e-02 -3.70794033e-01
 -7.14701741e-02 -3.89673903e-01
 -4.72006258e-02 -4.08776786e-01
 -1.29892249e-01 -4.28135617e-01
 -6.91263834e-02 -4.47784207e-01
 -3.56951984e-02 -4.67757420e-01
 -9.77337465e-02 -4.88091346e-01
 -1.21055577e-01 -5.08823499e-01
 -8.73693442e-02 -5.29993016e-01
 -7.27035964e-03 -5.51640882e-01
 -6.01256166e-02 -5.73810161e-01
 3.59396443e-03 -5.96546262e-01
 -1.24310113e-01 -6.19897216e-01
 1.03778961e-02 -6.43913991e-01
 -3.24251792e-02 -6.68650832e-01
 -3.94865056e-02 -6.94165642e-01
 -2.80221293e-02 -7.20520406e-01
 -4.56197012e-02 -7.47781660e-01
 -7.22885473e-02 -7.76021022e-01
 -1.33984341e-01 -8.05315786e-01
 -1.33965364e-01 -8.35749593e-01
 -6.83797838e-02 -8.67413184e-01
 -9.93277520e-02 -9.00405272e-01
 -9.52873513e-02 -9.34833512e-01
 -1.71578236e-01 -9.70815629e-01
 -1.33940848e-01 -1.00848070e+00
 -1.43806601e-01 -1.04797064e+00
 -1.58480996e-01 -1.08944191e+00
 -1.02370073e-01 -1.13306748e+00
 -1.82785351e-01 -1.17903914e+00
 -1.14552273e-01 -1.22757023e+00
 -1.74609544e-01 -1.27889872e+00
 -1.23566823e-01 -1.33329096e+00
 -1.32384146e-01 -1.39104608e+00
 -2.23482543e-01 -1.45250118e+00
 -1.60597208e-01 -1.51803754e+00
 -1.52444877e-01 -1.58808809e+00
 -1.59174251e-01 -1.66314637e+00
 -3.33462017e-01 -1.74377743e+00
 -3.05178775e-01 -1.83063103e+00
 -3.48097808e-01 -1.92445793e+00
 -3.29863763e-01 -2.02612980e+00
 -3.64538457e-01 -2.13666404e+00
 -3.64684538e-01 -2.25725461e+00
 -4.52560989e-01 -2.38931075e+00
 -3.91107286e-01 -2.53450579e+00
 -5.11222486e-01 -2.69483899e+00
 -5.75787731e-01 -2.87271424e+00
 -7.01241676e-01 -3.07104048e+00
 -8.06629243e-01 -3.29335955e+00
 -8.50558610e-01 -3.54400802e+00
 -9.47381281e-01 -3.82831827e+00
 -1.14257548e+00 -4.15285859e+00
 -1.46589724e+00 -4.52569350e+00
 -1.70149045e+00 -4.95659547e+00
 -2.05854934e+00 -5.45700611e+00
 -2.60171199e+00 -6.03919804e+00
 -3.15850470e+00 -6.71317623e+00
 -4.20074179e+00 -7.47743973e+00
 -5.46748565e+00 -8.29338198e+00
 -7.48217938e+00 -9.01778136e+00
 -1.06086605e+01 -9.24273017e+00
 -1.44736607e+01 -8.03633109e+00
 -1.84155211e+01 -4.11386203e+00
 -1.94884270e+01 2.17063470e+00
 -1.66339123e+01 7.53872727e+00
 -1.24628282e+01 9.97437730e+00
 -8.86288503e+00 1.03122198e+01
 -6.40148952e+00 9.76380772e+00
