 NaN NaN
 1.10408770e-02 1.10917914e+00
 -1.66956272e-02 1.10943039e+00
 5.10568071e-02 1.10984195e+00
 -7.71710943e-03 1.11041309e+00
 -1.00246145e-03 1.11114362e+00
 2.22525937e-02 1.11203369e+00
 -8.17800527e-03 1.11308368e+00
 -3.90633903e-02 1.11429412e+00
 -9.45073771e-02 1.11566576e+00
 3.02082283e-02 1.11719947e+00
 3.41186475e-02 1.11889628e+00
 1.99484146e-02 1.12075738e+00
 -3.89542352e-02 1.12278407e+00
 2.81062941e-02 1.12497782e+00
 -4.94276471e-03 1.12734025e+00
 -7.66471324e-02 1.12987311e+00
 2.39348227e-02 1.13257831e+00
 1.72718849e-02 1.13545790e+00
 -2.58507958e-03 1.13851409e+00
 5.92939484e-02 1.14174925e+00
 -2.60207368e-02 1.14516592e+00
 -5.71238144e-02 1.14876679e+00
 3.46354114e-02 1.15255474e+00
 1.09997283e-01 1.15653282e+00
 5.76586650e-02 1.16070427e+00
 3.19549638e-02 1.16507252e+00
 -4.27914093e-02 1.16964118e+00
 5.55245922e-02 1.17441411e+00
 -7.24584313e-02 1.17939534e+00
 7.49376885e-03 1.18458915e+00
 3.15460162e-02 1.19000005e+00
 -4.85223451e-02 1.19563279e+00
 -5.59254370e-02 1.20149237e+00
 1.95608529e-02 1.20758407e+00
 -5.82268077e-02 1.21391344e+00
 -2.22238291e-02 1.22048632e+00
 1.43198789e-02 1.22730887e+00
 1.35134449e-02 1.23438758e+00
 -4.41346946e-02 1.24172925e+00
 6.36503299e-02 1.24934107e+00
 1.41632172e-02 1.25723059e+00
 1.13378396e-02 1.26540577e+00
 3.19438997e-02 1.27387498e+00
 1.99200552e-02 1.28264704e+00
 3.38403210e-02 1.29173125e+00
 -1.87266027e-02 1.30113739e+00
 9.69792283e-03 1.31087578e+00
 8.03399253e-02 1.32095730e+00
 1.37028563e-03 1.33139343e+00
 3.65966620e-02 1.34219627e+00
 5.61632670e-02 1.35337859e+00
 -2.38298700e-02 1.36495390e+00
 -7.98715856e-02 1.37693645e+00
 -1.77721377e-02 1.38934131e+00
 3.82325992e-02 1.40218444e+00
 3.22635839e-02 1.41548269e+00
 3.34984003e-04 1.42925395e+00
 7.98707569e-02 1.44351715e+00
 1.68696959e-02 1.45829235e+00
 8.92796606e-03 1.47360088e+00
 3.66821838e-02 1.48946536e+00
 2.67570453e-02 1.50590982e+00
 4.59658529e-02 1.52295985e+00
 -2.57844970e-02 1.54064267e+00
 -9.60238202e-02 1.55898727e+00
 -9.08917013e-02 1.57802461e+00
 2.41432604e-02 1.59778767e+00
 1.25151385e-01 1.61831176e+00
 3.86152719e-02 1.63963458e+00
 8.71272326e-02 1.66179654e+00
 -1.69692437e-03 1.68484093e+00
 4.47837631e-02 1.70881423e+00
 -6.15065333e-02 1.73376635e+00
 1.17329993e-01 1.75975100e+00
 -6.55791511e-02 1.78682603e+00
 -8.26297124e-03 1.81505382e+00
 6.93426637e-03 1.84450178e+00
 -1.39046100e-02 1.87524280e+00
 2.67503189e-02 1.90735586e+00
 -6.41091830e-03 1.94092665e+00
 6.77365863e-02 1.97604833e+00
 -2.75225072e-02 2.01282231e+00
 -1.54545751e-02 2.05135920e+00
 1.03499284e-01 2.09177990e+00
 5.38322291e-02 2.13421678e+00
 1.00760782e-01 2.17881511e+00
 7.97991980e-02 2.22573463e+00
 6.07361509e-02 2.27515140e+00
 6.51106921e-03 2.32725997e+00
 1.86318156e-02 2.38227581e+00
 -4.01637154e-02 2.44043825e+00
 -2.72587912e-02 2.50201384e+00
 -7.41403302e-02 2.56730034e+00
 2.43829403e-02 2.63663140e+00
 1.46248185e-02 2.71038216e+00
 8.36725278e-02 2.78897587e+00
 -2.80838899e-02 2.87289190e+00
 -1.35274849e-02 2.96267525e+00
 6.43379584e-02 3.05894828e+00
 1.16065885e-01 3.16242487e+00
 1.04591566e-02 3.27392785e+00
 9.88839908e-02 3.39441065e+00
 1.10925036e-01 3.52498420e+00
 1.04025759e-01 3.66695081e+00
 1.24836188e-01 3.82184723e+00
 1.27526026e-02 3.99149979e+00
 1.59456628e-01 4.17809589e+00
 1.84460535e-01 4.38427769e+00
 2.17918943e-01 4.61326662e+00
 1.47076169e-01 4.86903094e+00
 1.09497899e-01 5.15651505e+00
 2.36717612e-01 5.48195844e+00
 2.65335831e-01 5.85334816e+00
 2.74321780e-01 6.28107454e+00
 3.64600892e-01 6.77890472e+00
 4.28256943e-01 7.36546876e+00
 5.78390560e-01 8.06660112e+00
 6.49809780e-01 8.91916805e+00
 8.29100442e-01 9.97759865e+00
 1.14766935e+00 1.13256109e+01
 1.57932737e+00 1.30985819e+01
 2.18937158e+00 1.55294456e+01
 3.39158223e+00 1.90513113e+01
 5.71322017e+00 2.45486433e+01
 1.17249176e+01 3.39804595e+01
 3.31729576e+01 5.01557973e+01
 1.05628838e+02 1.60572093e+01
 4.42974881e+01 -5.27633594e+01
 1.45184189e+01 -3.64371790e+01
 6.78644989e+00 -2.57524330e+01
 3.84556603e+00 -1.96370127e+01
 2.47819677e+00 -1.57913159e+01
 1.71492580e+00 -1.31736648e+01
 1.24993834e+00 -1.12841148e+01
 1.00597250e+00 -9.85870733e+00
 7.04566375e-01 -8.74631775e+00
 5.82510762e-01 -7.85460937e+00
 5.42990857e-01 -7.12413451e+00
 5.27284374e-01 -6.51495132e+00
 3.99546354e-01 -5.99925822e+00
 3.41270206e-01 -5.55712082e+00
 2.85199109e-01 -5.17387999e+00
 2.02135283e-01 -4.83851898e+00
 1.61008170e-01 -4.54260038e+00
 2.90766304e-01 -4.27955426e+00
 1.98178348e-01 -4.04418932e+00
 2.40339609e-01 -3.83234970e+00
 1.46270541e-01 -3.64066941e+00
 1.53106964e-01 -3.46639329e+00
 1.32957339e-01 -3.30724456e+00
 7.73664569e-02 -3.16132539e+00
 4.28552125e-02 -3.02704116e+00
 6.93579601e-02 -2.90304230e+00
 2.56162540e-02 -2.78817888e+00
 6.85843500e-02 -2.68146502e+00
 5.02517881e-02 -2.58205059e+00
 6.21308513e-02 -2.48919859e+00
 1.01251086e-01 -2.40226691e+00
 8.11212301e-02 -2.32069346e+00
 4.72842355e-03 -2.24398407e+00
 7.34121976e-02 -2.17170245e+00
 9.10945953e-02 -2.10346194e+00
 7.61941423e-02 -2.03891856e+00
 8.74767344e-02 -1.97776525e+00
 8.24773944e-02 -1.91972701e+00
 5.29657441e-02 -1.86455672e+00
 8.79265930e-02 -1.81203168e+00
 4.06946174e-02 -1.76195058e+00
 2.51051735e-02 -1.71413095e+00
 1.70615564e-02 -1.66840695e+00
 7.22037485e-02 -1.62462743e+00
 7.44872689e-02 -1.58265430e+00
 5.64623560e-02 -1.54236108e+00
 5.94172282e-02 -1.50363161e+00
 3.16404524e-02 -1.46635898e+00
 -2.81345920e-02 -1.43044456e+00
 1.94602296e-02 -1.39579711e+00
 1.34194174e-02 -1.36233203e+00
 4.37699647e-03 -1.32997070e+00
 -1.01610815e-02 -1.29863988e+00
 6.59411761e-02 -1.26827115e+00
 1.72966239e-02 -1.23880045e+00
 2.79771408e-02 -1.21016765e+00
 1.00960450e-01 -1.18231613e+00
 -5.69649272e-03 -1.15519245e+00
 -6.49814065e-02 -1.12874604e+00
 -2.51737481e-02 -1.10292885e+00
 1.04160150e-01 -1.07769515e+00
 -8.48756762e-02 -1.05300121e+00
 8.09611262e-02 -1.02880512e+00
 -1.73885293e-02 -1.00506655e+00
 4.94253880e-02 -9.81746537e-01
 6.74758024e-02 -9.58807312e-01
 9.62569877e-05 -9.36212097e-01
 3.02756143e-02 -9.13924930e-01
 1.29713812e-02 -8.91910497e-01
 -1.03998794e-02 -8.70133952e-01
 -2.27763478e-02 -8.48560754e-01
 6.80737980e-02 -8.27156496e-01
 1.92181780e-02 -8.05886729e-01
 -4.07739862e-02 -7.84716791e-01
 1.09756620e-02 -7.63611621e-01
 -4.91028341e-02 -7.42535570e-01
 9.09813127e-03 -7.21452203e-01
 3.19826682e-02 -7.00324077e-01
 6.00895432e-02 -6.79112523e-01
 4.52226961e-02 -6.57777385e-01
 -2.95178132e-04 -6.36276759e-01
 -2.48518179e-02 -6.14566686e-01
 9.25963865e-02 -5.92600824e-01
 5.57886220e-02 -5.70330080e-01
 5.84146551e-02 -5.47702194e-01
 5.26298069e-02 -5.24661272e-01
 -2.50968403e-02 -5.01147259e-01
 3.08207866e-03 -4.77095334e-01
 4.70100921e-02 -4.52435220e-01
 3.31418966e-02 -4.27090387e-01
 6.66936336e-02 -4.00977134e-01
 8.42406863e-02 -3.74003520e-01
 4.27478244e-02 -3.46068112e-01
 6.07299498e-02 -3.17058522e-01
 4.25359695e-02 -2.86849678e-01
 -9.87607348e-03 -2.55301771e-01
 3.83082046e-02 -2.22257809e-01
 5.74470755e-02 -1.87540684e-01
 6.21464227e-02 -1.50949637e-01
 1.02913352e-01 -1.12255954e-01
 1.27188668e-01 -7.11977223e-02
 1.24311216e-02 -2.74733636e-02
 3.41714593e-02 1.92663781e-02
 1.08216660e-01 6.94284561e-02
 9.54201801e-02 1.23490155e-01
 6.68475374e-02 1.82015171e-01
 -3.24221025e-02 2.45674281e-01
 2.90306153e-02 3.15272216e-01
 -3.23497907e-02 3.91782994e-01
 1.44265543e-01 4.76397003e-01
 1.65262948e-01 5.70584627e-01
 1.19730210e-01 6.76183586e-01
 2.08679208e-01 7.95520921e-01
 1.36509989e-01 9.31586664e-01
 1.68411225e-01 1.08828647e+00
 2.18509121e-01 1.27081806e+00
 2.25164918e-01 1.48624760e+00
 2.59172858e-01 1.74441973e+00
 4.10219841e-01 2.05944557e+00
 6.11652193e-01 2.45223340e+00
 6.86613152e-01 2.95498724e+00
 7.76810127e-01 3.61958594e+00
 1.23447304e+00 4.53384862e+00
 1.89337662e+00 5.85308770e+00
 3.52592369e+00 7.84608459e+00
 7.36393666e+00 1.07246399e+01
 1.86976327e+01 1.07109819e+01
 2.34415474e+01 -8.64749449e+00
 9.87456881e+00 -1.36506782e+01
 4.37558783e+00 -1.07459817e+01
 2.32792597e+00 -8.47784873e+00
 1.39583536e+00 -6.98482205e+00
 9.87856927e-01 -5.96659588e+00
 7.55818774e-01 -5.23744850e+00
 4.84049728e-01 -4.69291525e+00
 4.83782399e-01 -4.27219355e+00
 3.91037752e-01 -3.93810036e+00
 2.26847908e-01 -3.66681338e+00
 2.34271563e-01 -3.44243815e+00
 1.91605645e-01 -3.25399464e+00
 1.42260417e-01 -3.09366868e+00
 1.50019123e-01 -2.95575496e+00
 1.96117000e-01 -2.83599454e+00
 9.41358661e-02 -2.73114604e+00
 4.49884364e-02 -2.63870026e+00
 4.78617538e-02 -2.55668537e+00
 5.45798419e-02 -2.48353094e+00
 6.74070396e-02 -2.41797123e+00
 6.40195489e-02 -2.35897502e+00
 9.58297152e-02 -2.30569395e+00
 1.08026910e-01 -2.25742399e+00
 6.21015109e-03 -2.21357616e+00
 1.17062919e-01 -2.17365414e+00
 -1.40034246e-02 -2.13723694e+00
 1.48261973e-01 -2.10396524e+00
 4.05768035e-02 -2.07353071e+00
 1.74177213e-02 -2.04566741e+00
 -8.48407585e-03 -2.02014487e+00
 3.73582205e-03 -1.99676255e+00
 1.57073499e-02 -1.97534528e+00
 -8.55954465e-03 -1.95573952e+00
 -1.09285654e-01 -1.93781027e+00
 1.25623748e-02 -1.92143848e+00
 7.68867331e-04 -1.90651898e+00
 -5.40345981e-03 -1.89295862e+00
 6.05183616e-02 -1.88067477e+00
 4.57740071e-02 -1.86959406e+00
 3.03102729e-02 -1.85965127e+00
 -2.09707191e-02 -1.85078843e+00
 -2.90796476e-03 -1.84295397e+00
 7.60937938e-03 -1.83610212e+00
 -2.96584999e-02 -1.83019225e+00
 5.22129242e-02 -1.82518843e+00
 -2.83051643e-02 -1.82105893e+00
 8.08799484e-02 -1.81777592e+00
 4.11064052e-02 -1.81531508e+00
 -2.06060341e-02 -1.81365537e+00
 2.86240496e-02 -1.81277878e+00
 -6.11216562e-02 -1.81267010e+00
 -2.03168550e-02 -1.81331677e+00
 9.96306573e-02 -1.81470873e+00
 4.59524380e-03 -1.81683830e+00
 3.68108279e-02 -1.81970006e+00
 -5.05520641e-02 -1.82329078e+00
 -8.26505850e-02 -1.82760938e+00
 -2.47805312e-02 -1.83265683e+00
 -6.10284947e-02 -1.83843618e+00
 1.61803653e-04 -1.84495249e+00
 -4.37789027e-02 -1.85221288e+00
 -2.98196234e-03 -1.86022653e+00
 1.00138457e-02 -1.86900467e+00
 -3.22339600e-02 -1.87856070e+00
 -2.86789803e-02 -1.88891020e+00
 3.02901742e-02 -1.90007101e+00
 7.20142698e-04 -1.91206335e+00
 1.22063382e-01 -1.92490989e+00
 -2.65234575e-02 -1.93863594e+00
 -4.63925689e-03 -1.95326954e+00
 -1.28970627e-01 -1.96884166e+00
 -1.43014059e-01 -1.98538642e+00
 -5.95625366e-02 -2.00294128e+00
 -7.20267582e-04 -2.02154731e+00
 -1.17979988e-01 -2.04124948e+00
 -3.97725439e-02 -2.06209698e+00
 -3.42792242e-02 -2.08414363e+00
 -1.14972612e-04 -2.10744822e+00
 -2.76884607e-02 -2.13207508e+00
 1.65020089e-02 -2.15809452e+00
 -7.98416959e-02 -2.18558354e+00
 -1.27469937e-01 -2.21462643e+00
 -2.47627178e-02 -2.24531562e+00
 3.05917143e-02 -2.27775257e+00
 -2.29550851e-02 -2.31204879e+00
 -9.99209220e-02 -2.34832700e+00
 -5.25865109e-02 -2.38672252e+00
 -9.07459926e-02 -2.42738485e+00
 -5.11115417e-02 -2.47047942e+00
 -1.45704815e-01 -2.51618974e+00
 -7.42446020e-02 -2.56471983e+00
 -1.33220887e-01 -2.61629709e+00
 7.68752176e-04 -2.67117565e+00
 -1.39337869e-01 -2.72964033e+00
 -9.06673285e-02 -2.79201134e+00
 -1.04950262e-01 -2.85864985e+00
 -2.95820718e-02 -2.92996469e+00
 -8.33995731e-02 -3.00642032e+00
 9.37898123e-03 -3.08854663e+00
 -8.14194577e-02 -3.17695065e+00
 -1.17862050e-01 -3.27233112e+00
 -1.11625001e-01 -3.37549628e+00
 -2.05283004e-01 -3.48738609e+00
 -8.53802116e-02 -3.60909999e+00
 -1.57822006e-01 -3.74193206e+00
 -1.99854225e-01 -3.88741582e+00
 -2.04854694e-01 -4.04738190e+00
 -1.41290847e-01 -4.22403329e+00
 -3.15362512e-01 -4.42004440e+00
 -2.78290724e-01 -4.63869340e+00
 -3.79808737e-01 -4.88404145e+00
 -3.95849358e-01 -5.16117921e+00
 -4.83926881e-01 -5.47657181e+00
 -4.75943717e-01 -5.83855082e+00
 -5.69794881e-01 -6.25803052e+00
 -5.98928623e-01 -6.74957555e+00
 -8.35384151e-01 -7.33303318e+00
 -1.03103352e+00 -8.03610076e+00
 -1.22868878e+00 -8.89848847e+00
 -1.72938533e+00 -9.97888435e+00
 -2.06121965e+00 -1.13669396e+01
 -3.04328298e+00 -1.32041250e+01
 -4.48845735e+00 -1.57179809e+01
 -7.18871358e+00 -1.92562968e+01
 -1.32638350e+01 -2.41109461e+01
 -2.75701754e+01 -2.81033575e+01
 -5.24350923e+01 -1.20860236e+01
 -4.19281049e+01 2.28319913e+01
 -1.97651518e+01 2.58114089e+01
 -1.01273139e+01 2.07021439e+01
 -5.99231351e+00 1.64380852e+01
 -3.84564137e+00 1.34061033e+01
 -2.75062720e+00 1.12278760e+01
 -2.00005148e+00 9.61135572e+00
 -1.39891801e+00 8.37261174e+00
 -1.21496625e+00 7.39662234e+00
 -1.02253006e+00 6.60945113e+00
 -7.76083509e-01 5.96196112e+00
 -6.98465526e-01 5.42043582e+00
 -6.28021477e-01 4.96106285e+00
 -4.74939912e-01 4.56658982e+00
 -4.44987276e-01 4.22423301e+00
 -4.06073845e-01 3.92433022e+00
 -3.48953001e-01 3.65944941e+00
 -2.93331884e-01 3.42378416e+00
 -2.82727815e-01 3.21273444e+00
 -2.02627192e-01 3.02261019e+00
 -2.84139863e-01 2.85041770e+00
 -1.78585234e-01 2.69370328e+00
 -1.50365343e-01 2.55043708e+00
 -1.61580152e-01 2.41892550e+00
 -1.32211004e-01 2.29774448e+00
 -1.75503097e-01 2.18568792e+00
 -2.20789778e-01 2.08172754e+00
 -1.48500996e-01 1.98498127e+00
 -1.34140390e-01 1.89468806e+00
 -1.39168798e-01 1.81018779e+00
 -1.18658121e-01 1.73090498e+00
 -1.90373784e-01 1.65633562e+00
 -1.20817839e-01 1.58603625e+00
 -1.02838692e-01 1.51961511e+00
 -1.11195416e-01 1.45672470e+00
 -1.33757071e-01 1.39705560e+00
 -6.14385039e-02 1.34033132e+00
 -4.10211563e-02 1.28630392e+00
 9.33394628e-03 1.23475030e+00
 -1.05767932e-01 1.18546908e+00
 -4.80518407e-02 1.13827791e+00
 -7.22723324e-02 1.09301115e+00
 -4.55717938e-02 1.04951791e+00
 -6.35928867e-02 1.00766031e+00
 -1.59506238e-01 9.67311976e-01
 -3.95900709e-02 9.28356772e-01
 -8.81981216e-02 8.90687643e-01
 -9.75281310e-03 8.54205614e-01
 -2.17024031e-02 8.18818917e-01
 -3.60297062e-02 7.84442206e-01
 -1.16096893e-01 7.50995866e-01
 -1.65414257e-02 7.18405399e-01
 -4.53604818e-02 6.86600868e-01
 1.26334929e-03 6.55516406e-01
 -7.31408755e-02 6.25089761e-01
 2.72616998e-03 5.95261899e-01
 -1.86552408e-02 5.65976626e-01
 -1.06963246e-02 5.37180253e-01
 -4.70035075e-02 5.08821284e-01
 2.59808623e-05 4.80850123e-01
 7.30998056e-03 4.53218805e-01
 2.24318808e-02 4.25880743e-01
 -3.28823053e-02 3.98790483e-01
 -3.68740333e-02 3.71903474e-01
 5.84330755e-02 3.45175846e-01
 3.99200227e-02 3.18564193e-01
 -3.17971532e-02 2.92025357e-01
 -6.12434650e-02 2.65516217e-01
 -4.14943463e-02 2.38993474e-01
 -6.77300026e-02 2.12413437e-01
 -1.66041978e-02 1.85731796e-01
 -3.36932455e-02 1.58903401e-01
 -5.96301109e-02 1.31882009e-01
 -1.44011108e-02 1.04620045e-01
 -9.70502347e-02 7.70683195e-02
 -6.07307074e-02 4.91757494e-02
 -6.20517027e-02 2.08890407e-02
 -3.10820379e-02 -7.84764908e-03
 -6.53510855e-02 -3.70930825e-02
 -7.94427751e-02 -6.69093513e-02
 -7.00082377e-02 -9.73623297e-02
 -1.41382090e-01 -1.28522179e-01
 8.16147429e-02 -1.60463910e-01
 -7.95593078e-02 -1.93268020e-01
 -4.65963893e-02 -2.27021208e-01
 3.39951856e-02 -2.61817184e-01
 -4.73586229e-02 -2.97757595e-01
 -8.57880286e-02 -3.34953083e-01
 7.91477841e-02 -3.73524498e-01
 -6.21562775e-02 -4.13604294e-01
 -1.21293448e-01 -4.55338150e-01
 -9.70781136e-02 -4.98886852e-01
 1.98817069e-03 -5.44428492e-01
 -5.34485203e-02 -5.92161045e-01
 -1.09254137e-01 -6.42305405e-01
 -1.09088850e-01 -6.95108984e-01
 -1.50945758e-01 -7.50849993e-01
 -8.23244941e-02 -8.09842564e-01
 -1.00978267e-01 -8.72442912e-01
 -1.11527620e-01 -9.39056796e-01
 -8.49330543e-02 -1.01014860e+00
 -1.60072579e-01 -1.08625250e+00
 -1.56151858e-01 -1.16798616e+00
 -1.65676219e-01 -1.25606793e+00
 -1.46038359e-01 -1.35133827e+00
 -2.40320117e-01 -1.45478692e+00
 -1.30223471e-01 -1.56758763e+00
 -1.24151590e-01 -1.69114295e+00
 -2.85721236e-01 -1.82714264e+00
 -3.36567138e-01 -1.97764074e+00
 -2.32692353e-01 -2.14515876e+00
 -3.50683735e-01 -2.33282540e+00
 -3.53672552e-01 -2.54456910e+00
 -3.93527188e-01 -2.78538751e+00
 -4.23150688e-01 -3.06173172e+00
 -5.20587363e-01 -3.38206510e+00
 -5.00357547e-01 -3.75769386e+00
 -7.49353511e-01 -4.20402981e+00
 -8.67912349e-01 -4.74255656e+00
 -1.16386217e+00 -5.40395975e+00
 -1.51066890e+00 -6.23318893e+00
 -2.08514588e+00 -7.29758957e+00
 -2.96715475e+00 -8.69890121e+00
 -4.35381531e+00 -1.05834083e+01
 -7.02640004e+00 -1.30955774e+01
 -1.27290280e+01 -1.58803315e+01
 -2.46667993e+01 -1.48203036e+01
 -3.45995787e+01 2.22501027e+00
 -2.29285225e+01 1.72047341e+01
 -1.18664516e+01 1.72708347e+01
 -6.60718460e+00 1.44550009e+01
 -4.12926891e+00 1.20294397e+01
 -2.74692523e+00 1.02178290e+01
 -1.94863139e+00 8.86808568e+00
 -1.46900364e+00 7.83996690e+00
 -1.11776607e+00 7.03701831e+00
 -9.19180507e-01 6.39537913e+00
 -7.94256125e-01 5.87230432e+00
 -6.30086663e-01 5.43851482e+00
 -5.36614692e-01 5.07344472e+00
 -4.28443057e-01 4.76229643e+00
 -4.57017700e-01 4.49418547e+00
 -3.65364281e-01 4.26094498e+00
 -3.28466891e-01 4.05633716e+00
 -3.59560823e-01 3.87552099e+00
 -2.48928913e-01 3.71468536e+00
 -2.28031602e-01 3.57079107e+00
 -1.70448077e-01 3.44138618e+00
 -1.97761694e-01 3.32447162e+00
 -1.61813330e-01 3.21840184e+00
 -1.38778648e-01 3.12181050e+00
 -1.14351133e-01 3.03355396e+00
 -7.14987992e-02 2.95266801e+00
 -8.63047388e-02 2.87833417e+00
 -9.24468182e-02 2.80985343e+00
 -1.26229941e-01 2.74662534e+00
 -7.61755276e-02 2.68813138e+00
 -6.47347277e-02 2.63392162e+00
 -7.35851960e-02 2.58360385e+00
 -2.56515884e-02 2.53683476e+00
 -8.14424259e-02 2.49331265e+00
 -1.15543138e-01 2.45277144e+00
 -1.32451050e-01 2.41497571e+00
 -4.95100832e-02 2.37971649e+00
 -5.98493225e-02 2.34680777e+00
 -1.18872873e-02 2.31608359e+00
 -4.40694007e-02 2.28739550e+00
 -5.66300989e-03 2.26061043e+00
 -3.27903948e-02 2.23560890e+00
 -7.04679024e-02 2.21228343e+00
 -8.45576755e-02 2.19053724e+00
 -6.24783736e-02 2.17028304e+00
 -5.33535463e-03 2.15144210e+00
 1.30096415e-02 2.13394330e+00
 -3.34034969e-02 2.11772245e+00
 -1.32437874e-01 2.10272158e+00
 -5.96902322e-02 2.08888840e+00
 2.52788103e-02 2.07617578e+00
 6.46622446e-02 2.06454132e+00
 1.10305548e-02 2.05394696e+00
 -1.15367458e-01 2.04435868e+00
 -5.01516888e-02 2.03574614e+00
 3.30659850e-02 2.02808251e+00
 -3.00109286e-02 2.02134418e+00
 6.49593062e-02 2.01551059e+00
 -1.21169068e-01 2.01056412e+00
 5.39030629e-02 2.00648985e+00
 -1.00950921e-01 2.00327556e+00
 -2.95746572e-02 2.00091153e+00
 2.10740280e-02 1.99939055e+00
 -5.35150471e-03 1.99870782e+00
 3.10967561e-03 1.99886092e+00
 -6.30230715e-02 1.99984982e+00
 8.46579991e-03 2.00167681e+00
 -6.37757024e-02 2.00434660e+00
 1.11140129e-01 2.00786630e+00
 3.64485270e-02 2.01224547e+00
 5.68782666e-03 2.01749621e+00
 3.72337152e-02 2.02363325e+00
 -1.76058373e-01 2.03067403e+00
 2.45359071e-02 2.03863887e+00
 1.70750565e-02 2.04755109e+00
 3.76230485e-02 2.05743722e+00
 5.31448967e-02 2.06832721e+00
 -1.52499368e-02 2.08025463e+00
 5.22587870e-02 2.09325703e+00
 7.49347395e-02 2.10737617e+00
 1.06871336e-01 2.12265847e+00
 4.38612109e-03 2.13915537e+00
 7.16773359e-02 2.15692384e+00
 3.45637118e-02 2.17602691e+00
 5.27797825e-04 2.19653433e+00
 1.80816499e-02 2.21852324e+00
 6.13032925e-02 2.24207905e+00
 1.08102112e-01 2.26729635e+00
 1.42402341e-02 2.29428003e+00
 3.52395254e-02 2.32314652e+00
 4.92188799e-02 2.35402532e+00
 3.94397166e-02 2.38706065e+00
 6.94713275e-03 2.42241347e+00
 7.18995627e-02 2.46026386e+00
 2.12197970e-02 2.50081373e+00
 7.12621881e-02 2.54429009e+00
 4.72082867e-02 2.59094894e+00
 1.29948675e-01 2.64107989e+00
 5.34156731e-02 2.69501164e+00
 4.15753482e-02 2.75311871e+00
 7.39080069e-02 2.81582952e+00
 1.39667615e-01 2.88363622e+00
 1.25936262e-01 2.95710683e+00
 1.07913389e-01 3.03690022e+00
 1.51771756e-01 3.12378479e+00
 1.05974810e-01 3.21866191e+00
 1.10287975e-01 3.32259561e+00
 1.38925110e-01 3.43685064e+00
 2.16232187e-01 3.56294150e+00
 2.46643795e-01 3.70269658e+00
 1.96278436e-01 3.85834286e+00
 3.25561039e-01 4.03261922e+00
 2.99031019e-01 4.22893021e+00
 3.28950718e-01 4.45155767e+00
 5.48761109e-01 4.70595690e+00
 4.96230774e-01 4.99917802e+00
 6.63493575e-01 5.34047680e+00
 7.88507099e-01 5.74221684e+00
 9.79280271e-01 6.22122702e+00
 1.20116962e+00 6.80087711e+00
 1.46592924e+00 7.51427623e+00
 1.91256945e+00 8.40912596e+00
 2.54058236e+00 9.55444544e+00
 3.74211235e+00 1.10462828e+01
 5.52786701e+00 1.29909378e+01
 9.19147543e+00 1.53387705e+01
 1.64001965e+01 1.68759647e+01
 2.81294529e+01 1.13905940e+01
 3.04802226e+01 -6.05986133e+00
 1.88929405e+01 -1.48827179e+01
 1.05040396e+01 -1.41910711e+01
 6.19684067e+00 -1.18431065e+01
 3.93522789e+00 -9.78547028e+00
 2.81029590e+00 -8.19446998e+00
 2.06721074e+00 -6.97533908e+00
 1.61974284e+00 -6.02655649e+00
 1.17534507e+00 -5.27311860e+00
 9.91070951e-01 -4.66296845e+00
 8.37063840e-01 -4.16005533e+00
 6.75738592e-01 -3.73904004e+00
 6.28583207e-01 -3.38176012e+00
 5.71737419e-01 -3.07493260e+00
 4.21168050e-01 -2.80865529e+00
 4.66289025e-01 -2.57541453e+00
 2.64145572e-01 -2.36941639e+00
 2.28529255e-01 -2.18612716e+00
 3.03496310e-01 -2.02195184e+00
 2.18201401e-01 -1.87400519e+00
 2.46255699e-01 -1.73994610e+00
 1.13016802e-01 -1.61785587e+00
 8.86457433e-02 -1.50614746e+00
 1.81111046e-01 -1.40349715e+00
 1.50391991e-01 -1.30879218e+00
 1.66630057e-01 -1.22109045e+00
 1.19633733e-01 -1.13958899e+00
 4.22141503e-02 -1.06359916e+00
 1.54539635e-01 -9.92526970e-01
 1.46665686e-01 -9.25857244e-01
 9.13654736e-02 -8.63140906e-01
 1.31782482e-01 -8.03984592e-01
 2.82365542e-02 -7.48042162e-01
 9.02337149e-02 -6.95007707e-01
 1.92222153e-01 -6.44609743e-01
 9.52995803e-02 -5.96606376e-01
 8.81478089e-02 -5.50781251e-01
 6.59374474e-02 -5.06940130e-01
 7.69513266e-02 -4.64908003e-01
 5.22441138e-02 -4.24526625e-01
 5.21250757e-02 -3.85652412e-01
 8.76570187e-03 -3.48154638e-01
 4.29714361e-02 -3.11913874e-01
 1.11356169e-01 -2.76820645e-01
 2.78474154e-02 -2.42774258e-01
 3.20610386e-02 -2.09681777e-01
 1.73206339e-02 -1.77457131e-01
 6.79566310e-02 -1.46020324e-01
 4.68956838e-02 -1.15296740e-01
 1.03538245e-01 -8.52165229e-02
 6.82757990e-02 -5.57140302e-02
 2.37637226e-02 -2.67273364e-02
 8.61380119e-02 1.80220919e-03
 -7.68744346e-03 2.99303837e-02
 -5.06137811e-02 5.77104557e-02
 8.05681414e-04 8.51935188e-02
 -2.24033720e-03 1.12428799e-01
 1.44577230e-02 1.39463942e-01
 8.39327735e-02 1.66345275e-01
 1.04763122e-01 1.93118061e-01
 8.05534470e-03 2.19826740e-01
 1.26477708e-01 2.46515149e-01
 5.19043010e-02 2.73226753e-01
 1.71683233e-02 3.00004852e-01
 3.01609349e-02 3.26892804e-01
 1.82152664e-02 3.53934228e-01
 9.82237730e-02 3.81173227e-01
 4.76758082e-02 4.08654600e-01
 3.92314797e-02 4.36424070e-01
 -1.38112791e-02 4.64528516e-01
 1.09180463e-01 4.93016215e-01
 -4.13880359e-03 5.21937103e-01
 4.98295880e-02 5.51343043e-01
 4.10320732e-02 5.81288123e-01
 1.02939935e-01 6.11828972e-01
 7.43502026e-02 6.43025101e-01
 7.72451338e-02 6.74939281e-01
 3.19511142e-02 7.07637954e-01
 3.76182439e-02 7.41191686e-01
 9.26696447e-02 7.75675676e-01
 4.27289140e-02 8.11170311e-01
 8.12438530e-02 8.47761800e-01
 1.56817239e-01 8.85542873e-01
 1.53183788e-01 9.24613578e-01
 1.14807616e-01 9.65082175e-01
 1.23107550e-01 1.00706616e+00
 1.25169859e-01 1.05069343e+00
 7.56477929e-02 1.09610359e+00
 7.58882745e-02 1.14344949e+00
 1.09064923e-01 1.19289901e+00
 -1.63169460e-02 1.24463702e+00
 1.73313486e-02 1.29886781e+00
 4.96067552e-02 1.35581777e+00
 7.45536779e-02 1.41573866e+00
 1.52144477e-02 1.47891137e+00
 1.87167094e-01 1.54565037e+00
 9.17995955e-02 1.61630902e+00
 1.15510926e-01 1.69128589e+00
 8.42967251e-02 1.77103235e+00
 1.93493286e-01 1.85606167e+00
 1.44073502e-01 1.94696016e+00
 2.31125041e-01 2.04440064e+00
 2.29707625e-01 2.14915911e+00
 1.64071250e-01 2.26213534e+00
 1.59182371e-01 2.38437848e+00
 3.90729337e-01 2.51711935e+00
 3.67331446e-01 2.66181137e+00
 2.50593740e-01 2.82018288e+00
 2.50152594e-01 2.99430487e+00
 3.37375189e-01 3.18667940e+00
 4.09634546e-01 3.40035647e+00
 5.73124870e-01 3.63909052e+00
 4.30522388e-01 3.90755243e+00
 6.11633403e-01 4.21162130e+00
 5.76822822e-01 4.55879160e+00
 8.01179228e-01 4.95875060e+00
 9.56605287e-01 5.42421011e+00
 1.14714810e+00 5.97212254e+00
 1.36601243e+00 6.62548003e+00
 1.68011206e+00 7.41598476e+00
 2.20428402e+00 8.38793912e+00
 2.89152789e+00 9.60345598e+00
 4.05558824e+00 1.11472240e+01
 5.67400149e+00 1.31195090e+01
 8.87210445e+00 1.55595606e+01
 1.45402729e+01 1.80173171e+01
 2.50418325e+01 1.76369728e+01
 3.70599147e+01 6.01126153e+00
 3.35710468e+01 -1.30560312e+01
 2.06977555e+01 -1.96088243e+01
 1.20745393e+01 -1.83384581e+01
 7.70572601e+00 -1.57679978e+01
 5.05083049e+00 -1.34932972e+01
 3.54666377e+00 -1.16897929e+01
 2.60722105e+00 -1.02779237e+01
 2.04952223e+00 -9.16072313e+00
 1.59158425e+00 -8.26215660e+00
 1.39702321e+00 -7.52730676e+00
 1.07224690e+00 -6.91701519e+00
 9.47562391e-01 -6.40313455e+00
 7.83930511e-01 -5.96512847e+00
 7.44797741e-01 -5.58776047e+00
 5.85257126e-01 -5.25953666e+00
 5.01038621e-01 -4.97164868e+00
 4.79719686e-01 -4.71724698e+00
 4.73252967e-01 -4.49093321e+00
 3.62410824e-01 -4.28840024e+00
 4.06927379e-01 -4.10617283e+00
 3.20272793e-01 -3.94141800e+00
 3.23346753e-01 -3.79180462e+00
 2.68135469e-01 -3.65539783e+00
 2.21333120e-01 -3.53057896e+00
 1.75998887e-01 -3.41598392e+00
 2.37809199e-01 -3.31045539e+00
 1.22721122e-01 -3.21300535e+00
 9.02399529e-02 -3.12278536e+00
 1.53241976e-01 -3.03906301e+00
 2.09023350e-01 -2.96120282e+00
 1.63395341e-01 -2.88865083e+00
 9.43099603e-02 -2.82092209e+00
 4.49458771e-02 -2.75759029e+00
 1.27651769e-01 -2.69827927e+00
 7.64499382e-02 -2.64265592e+00
 1.35121121e-01 -2.59042429e+00
 1.25418906e-01 -2.54132062e+00
 6.47143747e-02 -2.49510912e+00
 8.82842969e-02 -2.45157851e+00
 -4.63364659e-02 -2.41053889e+00
 2.79234584e-02 -2.37181927e+00
 2.52043821e-02 -2.33526528e+00
 1.18563647e-01 -2.30073730e+00
 8.81875677e-02 -2.26810883e+00
 5.42282566e-02 -2.23726503e+00
 6.36888981e-02 -2.20810152e+00
 4.50850477e-02 -2.18052325e+00
 3.75089423e-02 -2.15444363e+00
 3.17324813e-02 -2.12978366e+00
 9.57982633e-02 -2.10647118e+00
 1.02216684e-01 -2.08444031e+00
 1.18860388e-01 -2.06363081e+00
 2.48238483e-02 -2.04398765e+00
 2.20636179e-02 -2.02546052e+00
 3.72840515e-02 -2.00800349e+00
 5.10932201e-02 -1.99157462e+00
 9.54785423e-02 -1.97613572e+00
 1.06243349e-01 -1.96165201e+00
 -7.15425964e-02 -1.94809196e+00
 8.68095886e-02 -1.93542704e+00
 7.26209460e-02 -1.92363153e+00
 -1.72907863e-02 -1.91268241e+00
 -1.17158478e-02 -1.90255917e+00
 -6.62917032e-03 -1.89324373e+00
 2.86009631e-02 -1.88472033e+00
 5.99109440e-03 -1.87697545e+00
 -3.85469631e-02 -1.86999774e+00
 3.32795520e-02 -1.86377797e+00
 1.41965138e-02 -1.85830902e+00
 4.17982561e-02 -1.85358582e+00
 -3.58600756e-02 -1.84960539e+00
 -1.32729242e-01 -1.84636680e+00
 8.11043529e-03 -1.84387126e+00
 6.42416575e-02 -1.84212209e+00
 -6.79359319e-03 -1.84112485e+00
 3.89707978e-02 -1.84088738e+00
 6.94248316e-02 -1.84141989e+00
 2.69772626e-02 -1.84273510e+00
 -1.95543489e-02 -1.84484837e+00
 -4.46125540e-02 -1.84777787e+00
 -1.90634007e-02 -1.85154479e+00
 -3.05025704e-03 -1.85617354e+00
 -7.59389194e-04 -1.86169205e+00
 -5.65876189e-02 -1.86813204e+00
 -9.31501612e-02 -1.87552941e+00
 -1.52204996e-04 -1.88392466e+00
 -8.24086753e-02 -1.89336332e+00
 -2.68684752e-02 -1.90389654e+00
 3.24797466e-03 -1.91558173e+00
 2.02625364e-02 -1.92848329e+00
 -1.09093077e-02 -1.94267351e+00
 8.99305948e-03 -1.95823351e+00
 -4.74826752e-02 -1.97525452e+00
 -5.29576026e-02 -1.99383922e+00
 -9.16041948e-03 -2.01410338e+00
 4.09480393e-02 -2.03617785e+00
 1.09183871e-02 -2.06021085e+00
 -3.18404240e-03 -2.08637073e+00
 -1.13886612e-01 -2.11484936e+00
 -9.17729696e-02 -2.14586608e+00
 -1.50042701e-01 -2.17967268e+00
 -1.22358398e-01 -2.21655927e+00
 -1.01418415e-01 -2.25686173e+00
 -1.52767185e-01 -2.30097077e+00
 -1.11879210e-01 -2.34934334e+00
 -1.44551972e-01 -2.40251691e+00
 -5.55528463e-02 -2.46112765e+00
 -2.10786261e-01 -2.52593375e+00
 -2.24434666e-01 -2.59784542e+00
 -1.94960038e-01 -2.67796432e+00
 -2.02583256e-01 -2.76763547e+00
 -1.94951411e-01 -2.86851684e+00
 -2.12829523e-01 -2.98267346e+00
 -2.38687740e-01 -3.11270664e+00
 -3.91299766e-01 -3.26193372e+00
 -4.09050823e-01 -3.43464139e+00
 -4.93649458e-01 -3.63644726e+00
 -5.66884497e-01 -3.87482035e+00
 -6.43989670e-01 -4.15983124e+00
 -8.24756749e-01 -4.50521324e+00
 -1.12171068e+00 -4.92975888e+00
 -1.38038111e+00 -5.45870638e+00
 -1.98454018e+00 -6.12308145e+00
 -2.85016421e+00 -6.94765605e+00
 -4.42912493e+00 -7.88655327e+00
 -7.22771417e+00 -8.53765860e+00
 -1.18184315e+01 -7.22186201e+00
 -1.50723369e+01 -1.30217150e+00
 -1.20962873e+01 4.89256746e+00
 -7.41307050e+00 6.45847820e+00
 -4.59612917e+00 5.86935609e+00
 -3.11592930e+00 4.93245044e+00
 -2.08275214e+00 4.09808209e+00
 -1.41718332e+00 3.42329584e+00
 -1.17079899e+00 2.88530777e+00
 -8.93720056e-01 2.45308037e+00
 -7.16302268e-01 2.10102182e+00
 -5.99205872e-01 1.81000515e+00
 -4.74237501e-01 1.56604019e+00
 -4.18792163e-01 1.35886934e+00
 -3.36768106e-01 1.18088872e+00
 -2.50308742e-01 1.02638278e+00
 -2.68182910e-01 8.90992677e-01
 -2.80386840e-01 7.71346927e-01
 -2.26591222e-01 6.64802755e-01
 -2.04422631e-01 5.69262686e-01
 -2.38264863e-01 4.83042781e-01
 -1.84898577e-01 4.04776691e-01
 -1.67599090e-01 3.33344854e-01
 -1.34873122e-01 2.67821596e-01
 -7.64010856e-02 2.07435123e-01
 -1.50806662e-01 1.51536927e-01
 -6.03713701e-02 9.95781447e-02
 -7.49217877e-02 5.10911006e-02
 -6.26540150e-02 5.67477399e-03
 -1.71676866e-01 -3.70167523e-02
 -1.12028663e-01 -7.72835428e-02
 -1.62544996e-01 -1.15387277e-01
 -9.89335002e-02 -1.51557321e-01
 -6.72686929e-03 -1.85995695e-01
 -4.38293193e-02 -2.18881167e-01
 -1.34897565e-01 -2.50372645e-01
 -7.90089934e-02 -2.80612006e-01
 -5.56245491e-02 -3.09726462e-01
 -1.43325804e-02 -3.37830561e-01
 -3.50409446e-02 -3.65027877e-01
 -1.10591988e-01 -3.91412447e-01
 -7.18258245e-02 -4.17070004e-01
 -3.86799216e-02 -4.42079034e-01
 -2.93674614e-03 -4.66511688e-01
 2.89842503e-02 -4.90434575e-01
 -1.01488960e-01 -5.13909449e-01
 -1.17466773e-01 -5.36993815e-01
 -3.22096427e-02 -5.59741458e-01
 -1.93982493e-02 -5.82202912e-01
 -6.56768117e-02 -6.04425880e-01
 -8.81900846e-02 -6.26455601e-01
 -4.49276056e-02 -6.48335189e-01
 -7.20484333e-05 -6.70105932e-01
 -4.23730065e-02 -6.91807572e-01
 2.01810861e-02 -7.13478551e-01
 -4.91014951e-02 -7.35156249e-01
 -6.35916716e-02 -7.56877197e-01
 -5.53699211e-02 -7.78677285e-01
 3.03340761e-03 -8.00591950e-01
 -4.02132561e-02 -8.22656365e-01
 -7.28337241e-02 -8.44905614e-01
 -5.78241676e-02 -8.67374867e-01
 -1.89802313e-01 -8.90099554e-01
 -3.64300750e-02 -9.13115532e-01
 1.61087985e-02 -9.36459261e-01
 -4.49098865e-02 -9.60167976e-01
 3.98742440e-02 -9.84279869e-01
 -1.02036260e-01 -1.00883427e+00
 -7.68817950e-02 -1.03387186e+00
 -8.79308438e-02 -1.05943485e+00
 1.46599675e-03 -1.08556720e+00
 -3.35217039e-02 -1.11231487e+00
 -7.20351554e-02 -1.13972608e+00
 -1.01347105e-01 -1.16785153e+00
 -8.05876612e-03 -1.19674473e+00
 -6.07229753e-02 -1.22646233e+00
 -3.46229439e-02 -1.25706442e+00
 -1.13826311e-01 -1.28861499e+00
 -8.27539869e-02 -1.32118228e+00
 -2.84342521e-02 -1.35483932e+00
 -7.35416106e-02 -1.38966440e+00
 -6.27055533e-03 -1.42574172e+00
 -1.73256161e-02 -1.46316200e+00
 -3.72341411e-02 -1.50202325e+00
 -1.44320026e-01 -1.54243162e+00
 -9.97766532e-02 -1.58450230e+00
 -4.04208675e-02 -1.62836068e+00
 -1.33241865e-01 -1.67414349e+00
 -8.42126419e-02 -1.72200028e+00
 8.55875297e-04 -1.77209499e+00
 -2.35280176e-04 -1.82460780e+00
 -2.49104463e-01 -1.87973729e+00
 -1.55735308e-01 -1.93770294e+00
 -2.38512858e-01 -1.99874794e+00
 -1.64504933e-01 -2.06314264e+00
 -2.77899156e-02 -2.13118847e+00
 -1.50208963e-01 -2.20322257e+00
 -2.31700221e-01 -2.27962335e+00
 -2.20322756e-01 -2.36081697e+00
 -1.84048218e-01 -2.44728524e+00
 -2.01916146e-01 -2.53957495e+00
 -2.36993285e-01 -2.63830925e+00
 -3.95546891e-01 -2.74420142e+00
 -2.17802975e-01 -2.85807175e+00
 -2.98320325e-01 -2.98086828e+00
 -2.78839334e-01 -3.11369252e+00
 -3.05479101e-01 -3.25783156e+00
 -3.39286390e-01 -3.41479852e+00
 -3.06050841e-01 -3.58638384e+00
 -4.84784741e-01 -3.77472109e+00
 -4.74719371e-01 -3.98237193e+00
 -5.84652743e-01 -4.21243730e+00
 -6.67449924e-01 -4.46870409e+00
 -6.63928209e-01 -4.75584117e+00
 -7.45728885e-01 -5.07966421e+00
 -9.15467856e-01 -5.44749792e+00
 -9.43589152e-01 -5.86867706e+00
 -1.21400910e+00 -6.35524672e+00
 -1.41208638e+00 -6.92294803e+00
 -1.67790703e+00 -7.59260552e+00
 -2.13355938e+00 -8.39204716e+00
 -2.52358454e+00 -9.35860867e+00
 -3.37287911e+00 -1.05417959e+01
 -4.48149114e+00 -1.20036734e+01
 -6.10848178e+00 -1.38066545e+01
 -8.99256455e+00 -1.59472942e+01
 -1.39201312e+01 -1.80739256e+01
 -2.23073875e+01 -1.84490817e+01
 -3.35477883e+01 -1.18735120e+01
 -3.73783337e+01 4.53226540e+00
 -2.81066959e+01 1.68050096e+01
 -1.77151211e+01 1.91130723e+01
 -1.11988112e+01 1.75079216e+01
 -7.46265976e+00 1.52909314e+01
 -5.19966419e+00 1.33094441e+01
 -3.77748709e+00 1.16829998e+01
 -2.98486802e+00 1.03681386e+01
 -2.32462609e+00 9.29974812e+00
 -1.90607625e+00 8.42179874e+00
 -1.53461058e+00 7.69115774e+00
 -1.31936523e+00 7.07556320e+00
 -1.06299543e+00 6.55094132e+00
 -9.04173632e-01 6.09919162e+00
 -8.51893125e-01 5.70654930e+00
 -8.07735370e-01 5.36241443e+00
 -5.28814193e-01 5.05852080e+00
 -5.55519650e-01 4.78834359e+00
 -4.83374412e-01 4.54667335e+00
 -4.01533832e-01 4.32930635e+00
 -4.93858238e-01 4.13281671e+00
 -3.49229799e-01 3.95438685e+00
 -3.77039031e-01 3.79167976e+00
 -3.32859232e-01 3.64274184e+00
 -2.16575939e-01 3.50592806e+00
 -2.60965204e-01 3.37984391e+00
 -2.62829080e-01 3.26329979e+00
 -2.40595662e-01 3.15527499e+00
 -3.46525604e-01 3.05488895e+00
 -1.73479767e-01 2.96137815e+00
 -2.25526788e-01 2.87407737e+00
 -1.36327008e-01 2.79240452e+00
 -1.78140741e-01 2.71584803e+00
 -1.82624689e-01 2.64395660e+00
 -1.26847640e-01 2.57633059e+00
 -1.58856192e-01 2.51261490e+00
 -1.12262230e-01 2.45249293e+00
 -1.80138728e-01 2.39568153e+00
 -2.04375374e-01 2.34192675e+00
 -3.13114093e-02 2.29100014e+00
 -9.92089088e-02 2.24269569e+00
 -1.08255471e-01 2.19682712e+00
 -1.19308018e-01 2.15322561e+00
 -1.15685522e-01 2.11173781e+00
 -7.74478267e-02 2.07222413e+00
 -5.65805360e-02 2.03455719e+00
 -6.08052499e-02 1.99862061e+00
 -1.33418071e-01 1.96430779e+00
 -6.30976377e-02 1.93152095e+00
 1.11592389e-02 1.90017021e+00
 -1.27028319e-01 1.87017288e+00
 -9.29874133e-02 1.84145270e+00
 3.90435730e-02 1.81393929e+00
 -4.72880405e-02 1.78756758e+00
 6.88174082e-03 1.76227732e+00
 -3.02346633e-02 1.73801267e+00
 -9.37618469e-02 1.71472184e+00
 -5.78827920e-02 1.69235667e+00
 1.11748678e-04 1.67087240e+00
 -6.39933689e-03 1.65022736e+00
 -3.17011433e-02 1.63038273e+00
 -3.49928931e-02 1.61130230e+00
 -2.67162137e-02 1.59295228e+00
 -5.06049969e-02 1.57530111e+00
 -7.55669546e-02 1.55831930e+00
 8.11386865e-04 1.54197930e+00
 -2.65842546e-02 1.52625532e+00
 -9.43834323e-02 1.51112325e+00
 -7.58054206e-03 1.49656050e+00
 4.27992749e-02 1.48254597e+00
 -3.19783210e-02 1.46905989e+00
 2.49833391e-02 1.45608378e+00
 -1.67645100e-01 1.44360036e+00
 -1.18928091e-01 1.43159348e+00
 -8.56662532e-02 1.42004806e+00
 -1.20355172e-01 1.40895007e+00
 -2.69259071e-02 1.39828641e+00
 -2.37458970e-02 1.38804495e+00
 -1.16941784e-01 1.37821444e+00
 -4.90343655e-02 1.36878450e+00
 3.13146084e-02 1.35974559e+00
 -3.80921968e-02 1.35108898e+00
 -6.52117436e-02 1.34280677e+00
 7.95661954e-02 1.33489184e+00
 1.03788524e-02 1.32733786e+00
 7.66812192e-03 1.32013932e+00
 -6.71975246e-02 1.31329148e+00
 1.72100830e-02 1.30679047e+00
 -1.19142501e-01 1.30063323e+00
 9.85772957e-03 1.29481759e+00
 -6.89771231e-03 1.28934232e+00
 7.06698007e-03 1.28420715e+00
 -2.35919257e-02 1.27941289e+00
 -4.01313240e-02 1.27496145e+00
 7.09767331e-03 1.27085601e+00
 -6.74458693e-03 1.26710109e+00
 -3.79602364e-02 1.26370274e+00
 5.61045920e-03 1.26066871e+00
 -1.96598376e-02 1.25800868e+00
 -3.80189721e-02 1.25573452e+00
 6.77936843e-02 1.25386064e+00
 -8.16876230e-02 1.25240441e+00
 -1.88853055e-02 1.25138660e+00
 -2.99983028e-02 1.25083208e+00
 -1.49527102e-01 1.25077055e+00
 1.17305756e-01 1.25123750e+00
 8.42065100e-02 1.25227546e+00
 3.02242820e-02 1.25393553e+00
 -4.96503397e-02 1.25627938e+00
 6.40010248e-03 1.25938183e+00
 -5.96838466e-02 1.26333419e+00
 1.99637888e-02 1.26824875e+00
 3.63738433e-02 1.27426467e+00
 1.84212575e-02 1.28155594e+00
 -6.84156794e-02 1.29034229e+00
 1.11371923e-01 1.30090408e+00
 -4.35329717e-02 1.31360288e+00
 -2.77419196e-02 1.32890989e+00
 8.32309444e-02 1.34744469e+00
 4.31307365e-02 1.37002539e+00
 7.93217314e-02 1.39772485e+00
 6.74388894e-02 1.43190053e+00
 1.65902121e-01 1.47406758e+00
 1.89448328e-01 1.52512938e+00
 2.72606503e-01 1.58218343e+00
 5.93384361e-01 1.62671261e+00
 7.27706863e-01 1.58949644e+00
 1.08894846e+00 1.32575218e+00
 1.02775182e+00 8.81384117e-01
 7.37390589e-01 6.25331251e-01
 4.68929875e-01 5.92318855e-01
 4.30848505e-01 6.38407106e-01
 1.48801977e-01 6.96480763e-01
 1.57431976e-01 7.48741043e-01
 5.36659609e-02 7.92458396e-01
 8.89466821e-02 8.28562815e-01
 3.77801705e-02 8.58562880e-01
 1.08266159e-01 8.83805084e-01
 5.68180146e-02 9.05353407e-01
 1.46148863e-01 9.24019992e-01
 3.43701742e-02 9.40420918e-01
 7.70100818e-02 9.55025848e-01
 8.11015413e-02 9.68196249e-01
 4.82075075e-02 9.80213483e-01
 -1.60466481e-04 9.91299157e-01
 4.86635625e-03 1.00162988e+00
 5.00586617e-02 1.01134800e+00
 -3.70856262e-03 1.02056952e+00
 1.21000948e-01 1.02938998e+00
 1.22242545e-02 1.03788882e+00
 -3.63712166e-02 1.04613279e+00
 5.51466754e-02 1.05417846e+00
 -8.29447348e-02 1.06207425e+00
 -7.26881099e-02 1.06986193e+00
 6.31405469e-02 1.07757791e+00
 5.53842057e-02 1.08525417e+00
 -1.06400791e-01 1.09291903e+00
 1.05566697e-02 1.10059785e+00
 8.22379936e-02 1.10831347e+00
 9.10030080e-02 1.11608669e+00
 1.07343978e-02 1.12393657e+00
 1.61388637e-02 1.13188079e+00
 1.02824884e-01 1.13993583e+00
 1.62076614e-03 1.14811724e+00
 6.81572315e-02 1.15643975e+00
 4.89122282e-02 1.16491749e+00
 -1.11497703e-02 1.17356409e+00
 3.67334597e-02 1.18239280e+00
 -3.64468157e-02 1.19141659e+00
 -5.58383047e-02 1.20064828e+00
 5.13984031e-02 1.21010055e+00
 -2.14631337e-02 1.21978611e+00
 3.02655395e-02 1.22971768e+00
 -4.29979672e-02 1.23990814e+00
 4.79072230e-02 1.25037052e+00
 -1.65865805e-02 1.26111812e+00
 9.56339688e-02 1.27216453e+00
 5.60063114e-02 1.28352373e+00
 4.40650316e-02 1.29521009e+00
 4.38500946e-02 1.30723848e+00
 3.14937833e-03 1.31962430e+00
 2.74607839e-02 1.33238357e+00
 2.95804612e-02 1.34553297e+00
 6.14676766e-02 1.35908990e+00
 8.18634192e-03 1.37307259e+00
 6.79880916e-02 1.38750010e+00
 1.65283114e-02 1.40239250e+00
 8.22662317e-02 1.41777086e+00
 6.67014022e-02 1.43365738e+00
 3.31815130e-02 1.45007550e+00
 3.58934887e-02 1.46704996e+00
 -1.12190351e-02 1.48460698e+00
 6.75297940e-02 1.50277428e+00
 6.88924550e-02 1.52158132e+00
 4.86776401e-02 1.54105938e+00
 5.20279753e-02 1.56124173e+00
 -3.08705620e-03 1.58216380e+00
 -4.99307115e-02 1.60386340e+00
 1.14784806e-02 1.62638088e+00
 4.80356778e-02 1.64975941e+00
 6.90218440e-02 1.67404519e+00
 9.18861362e-02 1.69928777e+00
 9.34154031e-02 1.72554033e+00
 1.07110073e-01 1.75286008e+00
 -3.62514625e-02 1.78130857e+00
 6.08900649e-02 1.81095220e+00
 5.31502707e-02 1.84186266e+00
 3.16957407e-02 1.87411751e+00
 2.14829699e-02 1.90780075e+00
 9.37211037e-02 1.94300354e+00
 1.07083468e-01 1.97982498e+00
 8.03000855e-02 2.01837299e+00
 5.26297650e-02 2.05876530e+00
 9.91605046e-02 2.10113062e+00
 6.18612543e-02 2.14560993e+00
 1.77411272e-01 2.19235798e+00
 7.11459501e-02 2.24154502e+00
 2.07402206e-01 2.29335877e+00
 1.55025785e-01 2.34800670e+00
 1.47199475e-01 2.40571876e+00
 1.89226893e-01 2.46675040e+00
 2.02404837e-01 2.53138626e+00
 8.35564851e-02 2.59994440e+00
 8.94694180e-02 2.67278135e+00
 1.59485021e-01 2.75029809e+00
 1.73621592e-01 2.83294708e+00
 2.62566072e-01 2.92124083e+00
 1.52987659e-01 3.01576205e+00
 2.68921932e-01 3.11717605e+00
 2.38731747e-01 3.22624572e+00
 2.72000832e-01 3.34384995e+00
 3.19826075e-01 3.47100627e+00
 3.46186975e-01 3.60889898e+00
 3.75758726e-01 3.75891428e+00
 3.75834771e-01 3.92268450e+00
 3.92655276e-01 4.10214429e+00
 4.66421546e-01 4.29960257e+00
 5.27985859e-01 4.51783547e+00
 6.96301827e-01 4.76020756e+00
 6.73265269e-01 5.03083146e+00
 8.43244306e-01 5.33477993e+00
 9.76782812e-01 5.67837031e+00
 1.00203272e+00 6.06954894e+00
 1.17202021e+00 6.51841347e+00
 1.50378676e+00 7.03792221e+00
 1.70886169e+00 7.64484659e+00
 2.10547077e+00 8.36100295e+00
 2.70180323e+00 9.21468322e+00
 3.16164070e+00 1.02417608e+01
 4.27305578e+00 1.14844226e+01
 5.75306093e+00 1.29803167e+01
 8.03684127e+00 1.47172670e+01
 1.19057515e+01 1.64694420e+01
 1.80143655e+01 1.72650076e+01
 2.69328520e+01 1.41991414e+01
 3.39564725e+01 3.41165713e+00
 3.08668030e+01 -1.00084488e+01
 2.17776502e+01 -1.62880937e+01
 1.43658051e+01 -1.67129130e+01
 9.51598036e+00 -1.51950450e+01
 6.73352760e+00 -1.34032842e+01
 4.85578648e+00 -1.17947430e+01
 3.63470424e+00 -1.04443024e+01
 2.88164317e+00 -9.32748785e+00
 2.27317035e+00 -8.40193461e+00
 2.01091381e+00 -7.62864211e+00
 1.64056733e+00 -6.97609649e+00
 1.38316506e+00 -6.41982503e+00
 1.15404628e+00 -5.94100878e+00
 9.63838884e-01 -5.52514534e+00
 8.20475317e-01 -5.16097730e+00
 7.77472215e-01 -4.83968380e+00
 7.43846310e-01 -4.55428309e+00
 6.05274814e-01 -4.29919294e+00
 4.45014084e-01 -4.06990623e+00
 5.08719834e-01 -3.86274987e+00
 4.61778037e-01 -3.67470411e+00
 3.61033955e-01 -3.50326587e+00
 3.10498916e-01 -3.34634435e+00
 3.45572776e-01 -3.20218057e+00
 3.71461121e-01 -3.06928476e+00
 3.15511151e-01 -2.94638729e+00
 2.54974014e-01 -2.83239978e+00
 2.76298874e-01 -2.72638408e+00
 2.38447672e-01 -2.62752743e+00
 2.23162156e-01 -2.53512225e+00
 1.80819819e-01 -2.44854976e+00
 1.33942296e-01 -2.36726649e+00
 2.24176132e-01 -2.29079321e+00
 1.78800507e-01 -2.21870568e+00
 1.74095455e-01 -2.15062702e+00
 1.49596160e-01 -2.08622123e+00
 2.33040321e-01 -2.02518779e+00
 6.44577912e-02 -1.96725706e+00
 1.11816424e-01 -1.91218638e+00
 1.14000270e-01 -1.85975673e+00
 6.99927105e-02 -1.80976992e+00
 1.87707125e-01 -1.76204607e+00
 1.11975055e-01 -1.71642153e+00
 8.72464876e-02 -1.67274704e+00
 1.15656428e-01 -1.63088612e+00
 2.21946962e-02 -1.59071367e+00
 9.59594275e-02 -1.55211477e+00
 1.60515153e-01 -1.51498361e+00
 5.85175007e-02 -1.47922251e+00
 1.17234526e-01 -1.44474111e+00
 1.44961245e-01 -1.41145565e+00
 6.86956983e-02 -1.37928827e+00
 2.99542553e-02 -1.34816644e+00
 -6.61373779e-03 -1.31802247e+00
 6.11039105e-02 -1.28879298e+00
 2.59207910e-02 -1.26041853e+00
 8.10982366e-02 -1.23284319e+00
 1.46557662e-01 -1.20601423e+00
 2.53902648e-03 -1.17988180e+00
 5.99682527e-02 -1.15439861e+00
 6.81870740e-02 -1.12951970e+00
 -5.59261442e-03 -1.10520220e+00
 7.67671430e-02 -1.08140505e+00
 -1.48895497e-02 -1.05808886e+00
 8.45042478e-02 -1.03521566e+00
 5.66520985e-02 -1.01274874e+00
 5.75508927e-02 -9.90652443e-01
 -2.47899864e-02 -9.68892039e-01
 5.23681285e-03 -9.47433524e-01
 7.52193266e-02 -9.26243469e-01
 4.89722349e-02 -9.05288862e-01
 -2.67210446e-02 -8.84536952e-01
 1.03338450e-01 -8.63955085e-01
 2.42214592e-02 -8.43510547e-01
 1.00891958e-01 -8.23170397e-01
 1.31599766e-01 -8.02901291e-01
 1.24653591e-01 -7.82669311e-01
 1.17861242e-01 -7.62439764e-01
 7.52675086e-02 -7.42176990e-01
 1.32236128e-02 -7.21844134e-01
 4.18230499e-02 -7.01402914e-01
 5.65855581e-02 -6.80813363e-01
 3.95252104e-03 -6.60033541e-01
 -3.75778635e-02 -6.39019220e-01
 1.02538525e-01 -6.17723530e-01
 -2.94329322e-02 -5.96096569e-01
 3.07375579e-02 -5.74084952e-01
 4.51973286e-02 -5.51631306e-01
 5.69894494e-02 -5.28673700e-01
 4.97282741e-02 -5.05144980e-01
 3.93948021e-02 -4.80972011e-01
 7.38897851e-02 -4.56074807e-01
 5.94529786e-02 -4.30365509e-01
 1.45538694e-01 -4.03747201e-01
 1.88866071e-01 -3.76112516e-01
 5.77426632e-02 -3.47342007e-01
 8.17627514e-02 -3.17302203e-01
 1.25560973e-01 -2.85843308e-01
 1.45781822e-01 -2.52796445e-01
 1.33480254e-01 -2.17970346e-01
 5.94551988e-02 -1.81147345e-01
 1.49262569e-01 -1.42078510e-01
 7.22984644e-02 -1.00477680e-01
 1.73882459e-01 -5.60141180e-02
 1.73987220e-01 -8.30340099e-03
 1.49115002e-01 4.31039682e-02
 1.23992952e-01 9.87368981e-02
 1.66257637e-01 1.59221904e-01
 1.99716042e-01 2.25306392e-01
 1.42794802e-01 2.97888710e-01
 2.14399347e-01 3.78057261e-01
 1.86148166e-01 4.67141870e-01
 2.47152160e-01 5.66781763e-01
 3.65978255e-01 6.79016199e-01
 3.97541221e-01 8.06405853e-01
 4.52544196e-01 9.52195424e-01
 5.03574586e-01 1.12052948e+00
 6.10391889e-01 1.31673078e+00
 6.76166369e-01 1.54763197e+00
 9.56869134e-01 1.82188363e+00
 1.15383435e+00 2.14993809e+00
 1.47921697e+00 2.54269499e+00
 2.04508913e+00 3.00549931e+00
 2.87229942e+00 3.51677943e+00
 4.11039189e+00 3.95817652e+00
 6.20816634e+00 3.91798471e+00
 8.84977279e+00 2.41536926e+00
 1.01984745e+01 -1.18287759e+00
 8.64260288e+00 -4.67834694e+00
 6.06430285e+00 -6.05079589e+00
 4.07493555e+00 -6.03957618e+00
 2.87128589e+00 -5.58892474e+00
 1.94155096e+00 -5.08166185e+00
 1.37580247e+00 -4.62588973e+00
 1.07834002e+00 -4.24026073e+00
 8.54352103e-01 -3.91878456e+00
 6.80924006e-01 -3.65055601e+00
 5.44041678e-01 -3.42526674e+00
 5.18284474e-01 -3.23441999e+00
 4.04527959e-01 -3.07131242e+00
 4.15155640e-01 -2.93072263e+00
 2.95526861e-01 -2.80858386e+00
 2.43215984e-01 -2.70171103e+00
 2.08392877e-01 -2.60758962e+00
 1.94396576e-01 -2.52421654e+00
 1.65659499e-01 -2.44998149e+00
 1.29735592e-01 -2.38357821e+00
 9.18108887e-02 -2.32393791e+00
 8.07318669e-02 -2.27017900e+00
 1.30602727e-01 -2.22156866e+00
 1.24294069e-01 -2.17749340e+00
 1.82158240e-01 -2.13743622e+00
 1.13064652e-01 -2.10095872e+00
 7.69181121e-02 -2.06768700e+00
 2.44181579e-02 -2.03730051e+00
 4.67335828e-02 -2.00952306e+00
 3.45699652e-02 -1.98411563e+00
 1.57481684e-01 -1.96087048e+00
 2.36021933e-02 -1.93960638e+00
 4.28130906e-02 -1.92016469e+00
 -8.98049116e-03 -1.90240610e+00
 2.93728284e-02 -1.88620794e+00
 2.73473310e-02 -1.87146192e+00
 2.02278212e-02 -1.85807225e+00
 -8.10382500e-02 -1.84595402e+00
 1.14667750e-01 -1.83503192e+00
 1.91189324e-02 -1.82523901e+00
 3.09628791e-02 -1.81651583e+00
 3.39346312e-02 -1.80880950e+00
 2.36284347e-02 -1.80207307e+00
 3.99153905e-03 -1.79626485e+00
 3.34850938e-02 -1.79134791e+00
 -5.87151793e-02 -1.78728963e+00
 1.82316414e-02 -1.78406130e+00
 -4.51281302e-02 -1.78163779e+00
 5.52713820e-02 -1.77999725e+00
 5.49070198e-02 -1.77912084e+00
 8.18431544e-03 -1.77899256e+00
 7.51585358e-02 -1.77959902e+00
 1.77124554e-02 -1.78092931e+00
 6.40413408e-02 -1.78297486e+00
 5.42835075e-02 -1.78572932e+00
 -8.53222925e-02 -1.78918847e+00
 -6.89774636e-02 -1.79335016e+00
 -3.84469250e-02 -1.79821427e+00
 -1.16678733e-01 -1.80378260e+00
 -3.20106187e-03 -1.81005893e+00
 -3.63021252e-02 -1.81704896e+00
 -2.10045952e-02 -1.82476033e+00
 3.41247071e-02 -1.83320264e+00
 -7.39301775e-02 -1.84238747e+00
 -8.39828842e-02 -1.85232842e+00
 -3.60841983e-02 -1.86304121e+00
 5.18056183e-02 -1.87454369e+00
 -6.30657133e-02 -1.88685600e+00
 -7.17428968e-04 -1.90000063e+00
 -1.29825389e-01 -1.91400255e+00
 1.63227240e-02 -1.92888937e+00
 -6.53597443e-02 -1.94469149e+00
 -3.26725560e-02 -1.96144231e+00
 -6.61548442e-02 -1.97917840e+00
 2.30074355e-02 -1.99793979e+00
 -1.25422713e-02 -2.01777019e+00
 -5.64265207e-02 -2.03871735e+00
 -3.79087879e-02 -2.06083337e+00
 -3.13598831e-02 -2.08417510e+00
 8.70517313e-03 -2.10880457e+00
 -7.64188888e-02 -2.13478950e+00
 -6.99128095e-02 -2.16220388e+00
 -7.09140675e-02 -2.19112856e+00
 2.33974945e-02 -2.22165202e+00
 -6.71683647e-02 -2.25387115e+00
 -1.99346461e-04 -2.28789224e+00
 -1.03163207e-01 -2.32383200e+00
 -1.24269640e-01 -2.36181881e+00
 -6.53890716e-02 -2.40199413e+00
 -1.17952609e-01 -2.44451412e+00
 -4.11716959e-02 -2.48955150e+00
 -1.27135585e-01 -2.53729773e+00
 -1.85893167e-01 -2.58796555e+00
 -8.71373438e-02 -2.64179189e+00
 -1.11562779e-01 -2.69904133e+00
 -5.78552339e-02 -2.76001018e+00
 -2.31812009e-01 -2.82503125e+00
 -1.88958421e-01 -2.89447952e+00
 -1.22546447e-01 -2.96877897e+00
 -1.87807072e-01 -3.04841061e+00
 -1.64723667e-01 -3.13392232e+00
 -2.70096232e-01 -3.22594066e+00
 -2.79425249e-01 -3.32518523e+00
 -3.28708959e-01 -3.43248638e+00
 -3.22589590e-01 -3.54880686e+00
 -3.15580863e-01 -3.67526891e+00
 -4.39061999e-01 -3.81318790e+00
 -4.62553917e-01 -3.96411482e+00
 -3.96489695e-01 -4.12989017e+00
 -4.75997386e-01 -4.31271274e+00
 -5.91992478e-01 -4.51522841e+00
 -6.06586016e-01 -4.74064538e+00
 -7.19399366e-01 -4.99288488e+00
 -7.09658790e-01 -5.27677982e+00
 -8.43097116e-01 -5.59833733e+00
 -1.27187921e+00 -5.96508645e+00
 -1.26865357e+00 -6.38653496e+00
 -1.39495690e+00 -6.87475670e+00
 -1.76139039e+00 -7.44510392e+00
 -2.18230684e+00 -8.11694123e+00
 -2.72974572e+00 -8.91398685e+00
 -3.61752215e+00 -9.86289790e+00
 -4.65875923e+00 -1.09858479e+01
 -6.44694578e+00 -1.22739610e+01
 -9.17183216e+00 -1.36015839e+01
 -1.31645593e+01 -1.44709541e+01
 -1.93099709e+01 -1.34140389e+01
 -2.59751655e+01 -7.73578059e+00
 -2.75714991e+01 2.50876053e+00
 -2.24636207e+01 1.06149965e+01
 -1.56661057e+01 1.33305052e+01
 -1.06839255e+01 1.30330021e+01
 -7.43765522e+00 1.18079439e+01
 -5.42038563e+00 1.04773441e+01
 -4.11418492e+00 9.27990356e+00
 -3.07125179e+00 8.25851681e+00
 -2.53201041e+00 7.39934981e+00
 -1.96094771e+00 6.67627518e+00
 -1.60558039e+00 6.06403365e+00
 -1.45181088e+00 5.54143524e+00
 -1.15298003e+00 5.09152172e+00
 -1.04567030e+00 4.70092638e+00
 -9.48077812e-01 4.35913383e+00
 -8.23421547e-01 4.05783798e+00
 -6.91652327e-01 3.79043266e+00
 -6.39714623e-01 3.55162119e+00
 -5.93162731e-01 3.33712073e+00
 -5.39821117e-01 3.14343891e+00
 -4.62739196e-01 2.96770453e+00
 -4.38436430e-01 2.80753855e+00
 -3.35360193e-01 2.66095502e+00
 -3.32101990e-01 2.52628451e+00
 -2.79118027e-01 2.40211438e+00
 -3.57832014e-01 2.28724179e+00
 -3.07122055e-01 2.18063661e+00
 -2.54948939e-01 2.08141175e+00
 -2.64898461e-01 1.98879930e+00
 -1.84827896e-01 1.90213131e+00
 -2.54530356e-01 1.82082408e+00
 -2.49941615e-01 1.74436529e+00
 -1.57657753e-01 1.67230340e+00
 -2.03121589e-01 1.60423888e+00
 -1.08070070e-01 1.53981688e+00
 -2.36655740e-01 1.47872112e+00
 -1.51667441e-01 1.42066868e+00
 -9.68516163e-02 1.36540568e+00
 -1.18987505e-01 1.31270355e+00
 -9.83235854e-02 1.26235587e+00
 -1.20074990e-01 1.21417567e+00
 -1.48253351e-01 1.16799308e+00
 -1.57357676e-01 1.12365334e+00
 -5.05242656e-02 1.08101504e+00
 -8.69331242e-02 1.03994862e+00
 -1.18032938e-03 1.00033503e+00
 -7.77946494e-02 9.62064575e-01
 -1.07247371e-01 9.25035911e-01
 -1.47864337e-01 8.89155131e-01
 -1.13655022e-01 8.54334975e-01
 -6.83501115e-02 8.20494127e-01
 -3.71475398e-02 7.87556580e-01
 -1.53143045e-01 7.55451079e-01
 -1.02475392e-01 7.24110611e-01
 -7.33223770e-03 6.93471952e-01
 -9.18259585e-02 6.63475251e-01
 -6.72073341e-02 6.34063659e-01
 -5.67363256e-02 6.05182980e-01
 -1.01630541e-01 5.76781358e-01
 -6.36255742e-02 5.48808985e-01
 -2.68274586e-02 5.21217827e-01
 -8.73456950e-02 4.93961373e-01
 -1.38638331e-01 4.66994389e-01
 -5.38756532e-02 4.40272693e-01
 -4.11352082e-02 4.13752936e-01
 -5.23215498e-02 3.87392385e-01
 -8.48863122e-02 3.61148721e-01
 -7.81932791e-02 3.34979829e-01
 -6.62377807e-02 3.08843594e-01
 -1.78153617e-01 2.82697700e-01
 -3.89587669e-02 2.56499413e-01
 -1.16404745e-02 2.30205374e-01
 -6.70062232e-02 2.03771369e-01
 -3.33933572e-02 1.77152101e-01
 -4.89264146e-02 1.50300937e-01
 -2.35105035e-02 1.23169655e-01
 -1.89232123e-02 9.57081543e-02
 -9.53381673e-02 6.78641533e-02
 -1.49444480e-01 3.95828606e-02
 2.89243146e-02 1.08066102e-02
 -1.52965976e-01 -1.85255368e-02
 -1.06381062e-01 -4.84782350e-02
 -1.18741100e-02 -7.91203458e-02
 -6.81619696e-02 -1.10525489e-01
 -1.52380796e-02 -1.42772658e-01
 -3.43937924e-02 -1.75946920e-01
 -1.34433660e-01 -2.10140205e-01
 -4.54337094e-02 -2.45452200e-01
 -7.12428600e-02 -2.81991380e-01
 -1.34867042e-01 -3.19876180e-01
 -2.01305015e-01 -3.59236348e-01
 -1.53204237e-01 -4.00214509e-01
 -1.16114747e-01 -4.42967981e-01
 -1.25131785e-01 -4.87670881e-01
 -6.95403668e-02 -5.34516606e-01
 -1.52788571e-01 -5.83720727e-01
 -9.23267680e-02 -6.35524425e-01
 -1.16683937e-01 -6.90198548e-01
 -2.13807222e-01 -7.48048457e-01
 -1.38375261e-01 -8.09419825e-01
 -1.23212525e-01 -8.74705611e-01
 -2.29878081e-01 -9.44354519e-01
 -2.32373895e-01 -1.01888128e+00
 -1.96924398e-01 -1.09887924e+00
 -1.48510922e-01 -1.18503593e+00
 -2.41859346e-01 -1.27815230e+00
 -2.54580304e-01 -1.37916680e+00
 -3.22913186e-01 -1.48918568e+00
 -3.27126078e-01 -1.60952139e+00
 -4.52882996e-01 -1.74174153e+00
 -3.08330135e-01 -1.88773193e+00
 -4.23659390e-01 -2.04977817e+00
 -6.04692048e-01 -2.23067184e+00
 -5.91437565e-01 -2.43384956e+00
 -6.92693598e-01 -2.66357489e+00
 -8.35670317e-01 -2.92517554e+00
 -1.06672807e+00 -3.22534698e+00
 -1.18808870e+00 -3.57252520e+00
 -1.26992591e+00 -3.97729584e+00
 -1.60042224e+00 -4.45269968e+00
 -2.16122131e+00 -5.01397777e+00
 -2.66361438e+00 -5.67637955e+00
 -3.53531136e+00 -6.44695915e+00
 -4.93062008e+00 -7.29835200e+00
 -6.95274809e+00 -8.09037282e+00
 -1.00851554e+01 -8.35911780e+00
 -1.42020897e+01 -6.93527345e+00
 -1.80509542e+01 -2.27452145e+00
 -1.78709099e+01 4.39755682e+00
 -1.39458859e+01 8.84371838e+00
 -9.79351668e+00 1.01160812e+01
 -6.75282867e+00 9.79422879e+00
 -4.79881072e+00 8.99390291e+00
 -3.50571030e+00 8.14865371e+00
 -2.71372183e+00 7.38760246e+00
 -2.00660143e+00 6.73469006e+00
 -1.78737315e+00 6.18201085e+00
 -1.35713818e+00 5.71426538e+00
 -1.16488089e+00 5.31637924e+00
 -9.58804521e-01 4.97550899e+00
 -8.20774105e-01 4.68124360e+00
 -6.98939868e-01 4.42528869e+00
 -5.93715721e-01 4.20106006e+00
 -5.45412128e-01 4.00331680e+00
 -4.90787541e-01 3.82786309e+00
 -4.10874930e-01 3.67131571e+00
 -3.81536621e-01 3.53092556e+00
 -3.13432970e-01 3.40444140e+00
 -2.15647465e-01 3.29000558e+00
 -2.46490227e-01 3.18607395e+00
 -3.07233673e-01 3.09135403e+00
 -2.16123615e-01 3.00475679e+00
 -2.17986577e-01 2.92535896e+00
 -2.23074083e-01 2.85237322e+00
 -1.63927510e-01 2.78512450e+00
 -1.36792281e-01 2.72303104e+00
 -9.59247316e-02 2.66558906e+00
 -1.68565536e-01 2.61236037e+00
 -1.53344808e-01 2.56296224e+00
 -8.18108685e-02 2.51705906e+00
 -5.51347111e-02 2.47435549e+00
 -6.79391678e-02 2.43459074e+00
 -4.06559607e-02 2.39753379e+00
 -6.56925760e-02 2.36297940e+00
 -9.75482808e-02 2.33074479e+00
 -1.57426562e-01 2.30066672e+00
 -1.21762276e-01 2.27259910e+00
 -1.24266656e-01 2.24641095e+00
 -3.94392075e-02 2.22198458e+00
 -6.16387365e-02 2.19921414e+00
 -1.08544420e-01 2.17800424e+00
 -5.61468147e-02 2.15826888e+00
 -1.71377422e-02 2.13993043e+00
 2.80442930e-02 2.12291881e+00
 -9.15224375e-02 2.10717072e+00
 -4.09700643e-02 2.09262902e+00
 2.80818582e-02 2.07924216e+00
 -1.13912386e-01 2.06696368e+00
 8.92135348e-03 2.05575179e+00
 -6.10713796e-02 2.04556897e+00
 7.21739574e-03 2.03638169e+00
 -5.84244383e-02 2.02816007e+00
 -1.72572296e-02 2.02087763e+00
 1.15973246e-02 2.01451113e+00
 -5.00901646e-02 2.00904033e+00
 2.79382295e-02 2.00444783e+00
 -2.92912300e-02 2.00071895e+00
 7.24902773e-02 1.99784162e+00
 -5.15277860e-02 1.99580626e+00
 -6.60402542e-03 1.99460576e+00
 -6.03068601e-02 1.99423533e+00
 7.03778384e-03 1.99469257e+00
 -5.27080032e-03 1.99597735e+00
 3.24114315e-02 1.99809190e+00
 -4.71091109e-02 2.00104072e+00
 2.90284149e-02 2.00483069e+00
 3.70688750e-02 2.00947109e+00
 -5.65148540e-02 2.01497363e+00
 -1.02261295e-01 2.02135259e+00
 1.10774106e-02 2.02862487e+00
 1.27557217e-02 2.03681013e+00
 4.58417407e-02 2.04593093e+00
 1.58465441e-02 2.05601293e+00
 -7.52560043e-02 2.06708502e+00
 -2.95174481e-02 2.07917961e+00
 8.69702836e-02 2.09233284e+00
 -2.96716610e-03 2.10658491e+00
 1.29506329e-02 2.12198039e+00
 2.50241194e-02 2.13856864e+00
 6.86715107e-02 2.15640418e+00
 4.32075803e-02 2.17554729e+00
 8.29357838e-02 2.19606448e+00
 3.66348825e-02 2.21802919e+00
 5.81441427e-02 2.24152256e+00
 6.11765814e-02 2.26663422e+00
 2.67843311e-02 2.29346333e+00
 2.21762163e-02 2.32211964e+00
 8.05131615e-02 2.35272489e+00
 7.48331492e-03 2.38541422e+00
 7.82809926e-02 2.42033798e+00
 1.53734969e-01 2.45766374e+00
 2.43681457e-02 2.49757868e+00
 1.55652480e-01 2.54029238e+00
 1.90715442e-01 2.58604014e+00
 1.39935063e-01 2.63508680e+00
 1.12345211e-01 2.68773145e+00
 2.03454293e-01 2.74431284e+00
 1.46001422e-01 2.80521608e+00
 1.95311903e-01 2.87088055e+00
 1.25474412e-01 2.94180955e+00
 2.33673693e-01 3.01858206e+00
 2.66946638e-01 3.10186711e+00
 3.11785187e-01 3.19244155e+00
 2.51216154e-01 3.29121206e+00
 2.98570442e-01 3.39924262e+00
 3.88312703e-01 3.51778910e+00
 2.83901379e-01 3.64834300e+00
 4.78439892e-01 3.79268721e+00
 4.24185855e-01 3.95296747e+00
 5.72469972e-01 4.13178458e+00
 6.36312203e-01 4.33231382e+00
 7.05070919e-01 4.55845977e+00
 8.45860604e-01 4.81505644e+00
 9.22199749e-01 5.10812266e+00
 1.06529331e+00 5.44517774e+00
 1.28815923e+00 5.83560220e+00
 1.67018384e+00 6.29096741e+00
 1.99500257e+00 6.82508218e+00
 2.61155494e+00 7.45301534e+00
 3.28939345e+00 8.18697812e+00
 4.38606213e+00 9.02305672e+00
 6.01890373e+00 9.90190460e+00
 8.50715592e+00 1.05992653e+01
 1.20330369e+01 1.04655035e+01
 1.65560127e+01 8.11702831e+00
 1.96165119e+01 2.42018884e+00
 1.84010186e+01 -4.27541484e+00
 1.41168029e+01 -8.13166926e+00
 9.89380956e+00 -9.05677405e+00
 7.00736639e+00 -8.61729369e+00
 5.03593969e+00 -7.77731863e+00
 3.72749861e+00 -6.90937713e+00
 2.82379582e+00 -6.12695758e+00
 2.29913531e+00 -5.45159389e+00
 1.86522721e+00 -4.87587099e+00
 1.51204684e+00 -4.38524881e+00
 1.25911281e+00 -3.96517094e+00
 9.40493620e-01 -3.60306344e+00
 8.89487008e-01 -3.28861417e+00
 7.66123652e-01 -3.01352566e+00
 6.78167015e-01 -2.77115501e+00
 6.25750115e-01 -2.55617555e+00
 4.30804946e-01 -2.36429527e+00
 5.37571227e-01 -2.19203361e+00
 4.22477125e-01 -2.03654794e+00
 4.26033965e-01 -1.89549965e+00
 3.12365376e-01 -1.76695080e+00
 2.36223762e-01 -1.64928413e+00
 2.58460730e-01 -1.54114089e+00
 3.57227024e-01 -1.44137212e+00
 2.62308547e-01 -1.34900031e+00
 3.02131019e-01 -1.26318898e+00
 2.01041941e-01 -1.18321837e+00
 1.46836939e-01 -1.10846596e+00
 1.91328240e-01 -1.03839062e+00
 2.22077984e-01 -9.72519772e-01
 1.89093361e-01 -9.10438875e-01
 1.12689468e-01 -8.51782713e-01
 1.31680076e-01 -7.96228223e-01
 6.60732046e-02 -7.43488507e-01
 1.58841747e-01 -6.93307817e-01
 1.12991976e-01 -6.45457340e-01
 1.98305483e-02 -5.99731638e-01
 8.73140436e-02 -5.55945620e-01
 1.30850173e-01 -5.13931966e-01
 4.44962182e-02 -4.73538918e-01
 8.91084271e-02 -4.34628382e-01
 4.20326749e-02 -3.97074289e-01
 9.96895658e-02 -3.60761176e-01
 8.63107488e-02 -3.25582950e-01
 9.22810817e-02 -2.91441810e-01
 7.96982213e-02 -2.58247304e-01
 1.68565356e-02 -2.25915493e-01
 9.56882643e-02 -1.94368220e-01
 1.11518822e-01 -1.63532458e-01
 7.16809718e-02 -1.33339728e-01
 1.12748732e-01 -1.03725581e-01
 1.10738263e-01 -7.46291350e-02
 1.82634244e-01 -4.59926487e-02
 1.60599491e-01 -1.77611444e-02
 2.43252414e-02 1.01179423e-02
 3.26908580e-02 3.76950812e-02
 5.91898039e-02 6.50189432e-02
 -3.52832756e-04 9.21366744e-02
 9.22782995e-02 1.19094153e-01
 8.21089162e-02 1.45936234e-01
 1.03855943e-01 1.72706975e-01
 1.14819423e-01 1.99449865e-01
 1.01078553e-01 2.26208037e-01
 6.96317416e-02 2.53024477e-01
 -1.66280606e-02 2.79942235e-01
 1.43172004e-01 3.07004633e-01
 9.08707768e-02 3.34255475e-01
 6.48769929e-02 3.61739260e-01
 4.01280739e-02 3.89501405e-01
 2.85728737e-02 4.17588471e-01
 6.34852514e-02 4.46048405e-01
 -1.84216693e-02 4.74930792e-01
 5.34174471e-02 5.04287121e-01
 1.16040452e-01 5.34171082e-01
 1.99245207e-01 5.64638866e-01
 8.62375105e-02 5.95749513e-01
 7.38961679e-02 6.27565273e-01
 1.46455355e-01 6.60152016e-01
 8.51328567e-02 6.93579675e-01
 7.94025446e-02 7.27922744e-01
 5.06088295e-02 7.63260821e-01
 1.43107778e-01 7.99679231e-01
 3.57494605e-02 8.37269705e-01
 6.21395233e-02 8.76131164e-01
 1.32865433e-01 9.16370587e-01
 1.57283641e-01 9.58104007e-01
 6.35588282e-02 1.00145764e+00
 1.20191990e-01 1.04656916e+00
 2.23730711e-01 1.09358920e+00
 1.30003569e-01 1.14268301e+00
 1.15754353e-01 1.19403247e+00
 2.05669591e-01 1.24783828e+00
 1.84120575e-01 1.30432267e+00
 2.50878075e-01 1.36373239e+00
 2.03030735e-01 1.42634240e+00
 2.10635189e-01 1.49246002e+00
 3.15098855e-01 1.56242999e+00
 2.76370683e-01 1.63664038e+00
 2.54172115e-01 1.71552970e+00
 2.92070147e-01 1.79959536e+00
 2.97149487e-01 1.88940390e+00
 3.18232120e-01 1.98560341e+00
 3.20674917e-01 2.08893857e+00
 3.12904827e-01 2.20026916e+00
 4.24769844e-01 2.32059283e+00
 3.72796888e-01 2.45107332e+00
 3.58422057e-01 2.59307570e+00
 4.94545877e-01 2.74821062e+00
 5.99335167e-01 2.91839020e+00
 6.56130560e-01 3.10589910e+00
 6.92382000e-01 3.31348532e+00
 7.92973294e-01 3.54447675e+00
 8.82289136e-01 3.80293099e+00
 9.48340748e-01 4.09382750e+00
 1.18421802e+00 4.42331193e+00
 1.33109960e+00 4.79899908e+00
 1.58923917e+00 5.23032863e+00
 1.88689643e+00 5.72892689e+00
 2.13737942e+00 6.30881640e+00
 2.72139303e+00 6.98601121e+00
 3.49432256e+00 7.77621657e+00
 4.49285880e+00 8.68711760e+00
 5.88460554e+00 9.69563712e+00
 8.11227337e+00 1.06845256e+01
 1.13809522e+01 1.12784827e+01
 1.61552566e+01 1.05117673e+01
 2.11797042e+01 6.69166334e+00
 2.37195304e+01 -6.99747023e-01
 2.11292805e+01 -8.02421038e+00
 1.59063022e+01 -1.17423766e+01
 1.12552320e+01 -1.24560545e+01
 8.03975562e+00 -1.18466031e+01
 5.90427993e+00 -1.08578004e+01
 4.51082367e+00 -9.85427260e+00
 3.37431110e+00 -8.94935806e+00
 2.67002124e+00 -8.16490655e+00
 2.19884396e+00 -7.49294750e+00
 1.85768994e+00 -6.91779422e+00
 1.63656780e+00 -6.42353310e+00
 1.26005418e+00 -5.99625017e+00
 1.10964114e+00 -5.62441409e+00
 9.30757425e-01 -5.29866263e+00
 8.49845680e-01 -5.01144250e+00
 8.02575352e-01 -4.75665661e+00
 6.27957717e-01 -4.52936389e+00
 6.66061209e-01 -4.32553740e+00
 5.05702465e-01 -4.14187396e+00
 4.32533361e-01 -3.97564582e+00
 4.35425713e-01 -3.82458511e+00
 3.85910809e-01 -3.68679392e+00
 2.87795248e-01 -3.56067383e+00
 3.87410303e-01 -3.44487046e+00
 3.48952997e-01 -3.33822961e+00
 2.68699863e-01 -3.23976232e+00
 3.30226491e-01 -3.14861684e+00
 2.29884568e-01 -3.06405602e+00
 1.60744659e-01 -2.98543899e+00
 1.98680657e-01 -2.91220618e+00
 2.01525074e-01 -2.84386702e+00
 2.07813035e-01 -2.77998980e+00
 1.73741833e-01 -2.72019323e+00
 1.54158825e-01 -2.66413942e+00
 2.44679032e-01 -2.61152799e+00
 2.08906312e-01 -2.56209110e+00
 1.25964971e-01 -2.51558928e+00
 1.29889935e-01 -2.47180783e+00
 9.00152531e-02 -2.43055380e+00
 9.26377870e-02 -2.39165339e+00
 1.32325315e-01 -2.35494973e+00
 1.76649356e-01 -2.32030091e+00
 5.79647395e-02 -2.28757837e+00
 7.71559937e-02 -2.25666542e+00
 9.71408752e-02 -2.22745598e+00
 1.93770699e-01 -2.19985353e+00
 8.19073983e-02 -2.17377010e+00
 1.40523139e-01 -2.14912545e+00
 7.61768333e-03 -2.12584635e+00
 9.15784166e-03 -2.10386591e+00
 2.56581196e-02 -2.08312302e+00
 1.26255201e-01 -2.06356183e+00
 3.28783530e-02 -2.04513134e+00
 6.95129806e-02 -2.02778497e+00
 8.40303600e-02 -2.01148023e+00
 9.98116690e-02 -1.99617839e+00
 5.97280992e-02 -1.98184425e+00
 6.43233699e-02 -1.96844588e+00
 1.87556670e-02 -1.95595437e+00
 3.37052249e-03 -1.94434373e+00
 -8.10115539e-02 -1.93359063e+00
 1.32184345e-02 -1.92367435e+00
 3.61530162e-02 -1.91457659e+00
 7.71282950e-02 -1.90628142e+00
 -2.28696677e-02 -1.89877515e+00
 1.19746314e-01 -1.89204630e+00
 9.50102029e-02 -1.88608552e+00
 1.03226654e-02 -1.88088558e+00
 -5.81315883e-02 -1.87644133e+00
 -1.22067381e-02 -1.87274967e+00
 -1.94601687e-02 -1.86980961e+00
 -1.29637726e-02 -1.86762225e+00
 -1.03732851e-02 -1.86619083e+00
 8.49748488e-02 -1.86552079e+00
 -1.42947463e-02 -1.86561983e+00
 -3.17222193e-02 -1.86649802e+00
 4.43070711e-02 -1.86816787e+00
 -4.49614904e-02 -1.87064452e+00
 2.19375414e-02 -1.87394585e+00
 -2.59780587e-02 -1.87809267e+00
 2.53314140e-02 -1.88310895e+00
 1.01449466e-01 -1.88902205e+00
 -7.70413671e-02 -1.89586304e+00
 1.58629676e-02 -1.90366698e+00
 -6.89011806e-02 -1.91247332e+00
 -3.27835808e-02 -1.92232636e+00
 -8.76272152e-03 -1.93327574e+00
 -3.11282359e-02 -1.94537699e+00
 -3.83202543e-02 -1.95869227e+00
 4.16910087e-02 -1.97329110e+00
 -1.90090752e-02 -1.98925128e+00
 -7.84010403e-02 -2.00665996e+00
 -7.51455246e-02 -2.02561485e+00
 -3.35492128e-03 -2.04622567e+00
 -9.65536511e-02 -2.06861588e+00
 -8.33188271e-02 -2.09292460e+00
 -2.03446232e-01 -2.11930907e+00
 -1.02683048e-01 -2.14794739e+00
 -1.42399462e-01 -2.17904195e+00
 -7.22820645e-02 -2.21282339e+00
 -1.00774287e-01 -2.24955552e+00
 -1.18933099e-01 -2.28954120e+00
 -1.61611726e-01 -2.33312950e+00
 -2.40379963e-01 -2.38072453e+00
 -1.07959529e-01 -2.43279625e+00
 -2.65804003e-01 -2.48989392e+00
 -2.02257269e-01 -2.55266285e+00
 -2.55469663e-01 -2.62186538e+00
 -2.31878922e-01 -2.69840741e+00
 -2.39924703e-01 -2.78337193e+00
 -3.14966474e-01 -2.87806174e+00
 -3.23330175e-01 -2.98405397e+00
 -4.35662468e-01 -3.10326946e+00
 -4.80307926e-01 -3.23806060e+00
 -4.69932841e-01 -3.39132050e+00
 -6.31022320e-01 -3.56661326e+00
 -8.63931288e-01 -3.76831536e+00
 -9.55020611e-01 -4.00173050e+00
 -1.02805717e+00 -4.27306856e+00
 -1.38466532e+00 -4.58899068e+00
 -1.76938140e+00 -4.95492720e+00
 -2.17884515e+00 -5.37006305e+00
 -3.02723474e+00 -5.81344178e+00
 -4.13544396e+00 -6.20732043e+00
 -5.71902412e+00 -6.33028057e+00
 -7.88427652e+00 -5.67647429e+00
 -9.99271222e+00 -3.54853517e+00
 -1.05556629e+01 -1.38643301e-01
 -9.02394256e+00 2.77361777e+00
 -6.71952555e+00 4.09391079e+00
 -4.83270004e+00 4.27528747e+00
 -3.49222167e+00 3.97539618e+00
