 NaN NaN
 7.81224704e-03 6.36429345e-01
 1.58865116e-02 6.36616454e-01
 9.79884980e-03 6.36922964e-01
 1.88017522e-01 6.37348353e-01
 4.22912475e-02 6.37892521e-01
 -3.32552409e-02 6.38555615e-01
 1.03881021e-02 6.39337960e-01
 7.03479605e-02 6.40240032e-01
 -3.64057892e-02 6.41262440e-01
 4.06306526e-02 6.42405919e-01
 -5.27110004e-02 6.43671326e-01
 3.08030570e-02 6.45059636e-01
 -5.82979557e-02 6.46571942e-01
 -5.03811139e-02 6.48209453e-01
 -7.05747145e-02 6.49973499e-01
 1.20198114e-02 6.51865528e-01
 4.16907060e-02 6.53887113e-01
 1.79247218e-02 6.56039948e-01
 1.20504823e-02 6.58325857e-01
 -4.22410784e-02 6.60746794e-01
 -2.79377973e-02 6.63304848e-01
 6.46552425e-02 6.66002246e-01
 -5.67164573e-02 6.68841358e-01
 -1.90413708e-02 6.71824704e-01
 3.31121538e-02 6.74954954e-01
 5.69793838e-02 6.78234938e-01
 -4.60615525e-02 6.81667654e-01
 1.31234598e-02 6.85256267e-01
 -5.76641640e-02 6.89004125e-01
 2.90558450e-02 6.92914760e-01
 5.22615624e-02 6.96991899e-01
 4.53830148e-02 7.01239473e-01
 9.20995022e-02 7.05661627e-01
 -3.85513202e-02 7.10262727e-01
 -4.13508292e-02 7.15047374e-01
 5.61084916e-02 7.20020414e-01
 2.68655421e-03 7.25186951e-01
 -3.33052594e-02 7.30552360e-01
 4.90465912e-02 7.36122302e-01
 -7.23359324e-03 7.41902738e-01
 1.08249747e-01 7.47899947e-01
 6.31864341e-02 7.54120542e-01
 5.94829565e-02 7.60571490e-01
 -2.44015727e-02 7.67260133e-01
 -3.67197304e-02 7.74194208e-01
 6.49006576e-02 7.81381871e-01
 -5.34554579e-02 7.88831725e-01
 -2.98271851e-03 7.96552842e-01
 7.02564483e-03 8.04554800e-01
 9.94196334e-03 8.12847706e-01
 -1.21255153e-02 8.21442237e-01
 -9.16596617e-03 8.30349676e-01
 9.60801363e-02 8.39581949e-01
 2.46763709e-02 8.49151670e-01
 5.04710857e-02 8.59072190e-01
 5.51042807e-02 8.69357648e-01
 4.43483718e-02 8.80023022e-01
 7.71490155e-03 8.91084194e-01
 -2.34804036e-02 9.02558015e-01
 -2.68233514e-02 9.14462376e-01
 -5.82720638e-02 9.26816286e-01
 7.90838620e-02 9.39639956e-01
 2.08074292e-02 9.52954897e-01
 1.14789363e-02 9.66784016e-01
 4.06743058e-02 9.81151735e-01
 3.59600522e-02 9.96084107e-01
 -4.49338017e-02 1.01160896e+00
 1.25349413e-01 1.02775604e+00
 -5.35261166e-02 1.04455717e+00
 -3.39821816e-02 1.06204646e+00
 -4.81947077e-02 1.08026046e+00
 4.04826777e-02 1.09923844e+00
 1.78767833e-02 1.11902259e+00
 -1.08082503e-02 1.13965834e+00
 -6.85343868e-02 1.16119461e+00
 -2.24905371e-02 1.18368423e+00
 3.57889361e-02 1.20718427e+00
 -9.44207445e-02 1.23175646e+00
 4.76316283e-02 1.25746776e+00
 2.13340837e-02 1.28439081e+00
 1.32196872e-04 1.31260461e+00
 2.92467427e-02 1.34219522e+00
 2.14687600e-02 1.37325652e+00
 3.65637379e-02 1.40589115e+00
 1.49798425e-01 1.44021157e+00
 -2.89891483e-02 1.47634119e+00
 -2.75785957e-02 1.51441577e+00
 -1.00260860e-02 1.55458500e+00
 7.12821761e-02 1.59701433e+00
 -3.09632222e-02 1.64188707e+00
 5.33836297e-02 1.68940685e+00
 4.29007252e-02 1.73980054e+00
 -8.81499397e-02 1.79332163e+00
 -9.50296852e-02 1.85025426e+00
 6.15749129e-02 1.91091792e+00
 4.34294353e-02 1.97567321e+00
 -1.46398589e-02 2.04492856e+00
 -2.45242462e-03 2.11914847e+00
 6.90155578e-02 2.19886341e+00
 -2.10658537e-02 2.28468200e+00
 1.10921002e-01 2.37730585e+00
 3.50098837e-02 2.47754803e+00
 -6.85120198e-02 2.58635603e+00
 3.18056630e-02 2.70484075e+00
 3.81090790e-02 2.83431321e+00
 1.15391985e-01 2.97633160e+00
 1.50168415e-01 3.13276236e+00
 5.38054098e-04 3.30586017e+00
 4.17362175e-02 3.49837423e+00
 1.13834169e-01 3.71369129e+00
 2.66625361e-01 3.95603149e+00
 3.08563276e-01 4.23072061e+00
 1.53012825e-01 4.54457638e+00
 2.02491839e-01 4.90646832e+00
 2.41155328e-01 5.32814889e+00
 4.23572125e-01 5.82552226e+00
 5.06903177e-01 6.42064337e+00
 5.80383746e-01 7.14498559e+00
 7.99627246e-01 8.04501667e+00
 8.95474299e-01 9.19220994e+00
 1.33147782e+00 1.07021430e+01
 1.85508048e+00 1.27736834e+01
 2.92400416e+00 1.57765998e+01
 4.86766301e+00 2.04660088e+01
 9.96365351e+00 2.85144354e+01
 2.82516615e+01 4.23201152e+01
 9.01823018e+01 1.32039554e+01
 3.78451540e+01 -4.55564516e+01
 1.23518034e+01 -3.16222436e+01
 5.74230657e+00 -2.25045433e+01
 3.27873100e+00 -1.72880321e+01
 2.02798237e+00 -1.40094086e+01
 1.48228965e+00 -1.17793349e+01
 1.05439736e+00 -1.01709818e+01
 8.75024230e-01 -8.95899508e+00
 6.61103620e-01 -8.01435360e+00
 5.42753559e-01 -7.25822693e+00
 5.11246803e-01 -6.63986397e+00
 3.28926339e-01 -6.12516699e+00
 3.25691769e-01 -5.69040322e+00
 2.88782425e-01 -5.31855667e+00
 1.50433529e-01 -4.99711526e+00
 1.61708932e-01 -4.71667673e+00
 1.60538589e-01 -4.47004111e+00
 1.86894818e-01 -4.25160291e+00
 2.03558848e-01 -4.05693378e+00
 1.12982080e-01 -3.88248958e+00
 9.72983353e-02 -3.72540064e+00
 1.92765957e-01 -3.58331895e+00
 8.63603200e-02 -3.45430511e+00
 1.29327606e-01 -3.33674340e+00
 1.42184428e-01 -3.22927717e+00
 5.95409557e-02 -3.13075917e+00
 3.59066923e-02 -3.04021279e+00
 4.04322466e-02 -2.95680169e+00
 -4.14855587e-02 -2.87980566e+00
 1.28534007e-01 -2.80860131e+00
 1.02701005e-01 -2.74264650e+00
 1.86112597e-03 -2.68146767e+00
 -9.68914553e-03 -2.62464951e+00
 4.54138496e-02 -2.57182644e+00
 4.46023282e-02 -2.52267553e+00
 5.43507045e-02 -2.47691062e+00
 2.15151178e-02 -2.43427741e+00
 7.08875136e-02 -2.39454931e+00
 -5.57734069e-02 -2.35752393e+00
 4.67782948e-02 -2.32302013e+00
 5.35585444e-03 -2.29087543e+00
 2.77029438e-02 -2.26094390e+00
 2.67994169e-02 -2.23309426e+00
 1.41843338e-01 -2.20720831e+00
 -3.48997539e-02 -2.18317950e+00
 1.87567208e-02 -2.16091175e+00
 7.17087311e-03 -2.14031843e+00
 8.17759365e-02 -2.12132140e+00
 -1.52425862e-03 -2.10385029e+00
 8.91733941e-02 -2.08784176e+00
 6.14393653e-02 -2.07323889e+00
 -2.46762320e-02 -2.05999071e+00
 -8.78344834e-02 -2.04805169e+00
 7.44681108e-03 -2.03738139e+00
 -2.50769817e-02 -2.02794404e+00
 -1.03887777e-01 -2.01970833e+00
 -1.84395488e-02 -2.01264707e+00
 1.10134045e-01 -2.00673703e+00
 -1.93688914e-02 -2.00195873e+00
 2.11438430e-02 -1.99829625e+00
 8.85738069e-02 -1.99573719e+00
 -1.07620974e-01 -1.99427248e+00
 5.25714083e-02 -1.99389637e+00
 -1.98279702e-02 -1.99460635e+00
 -1.25419086e-02 -1.99640313e+00
 -4.51072215e-02 -1.99929068e+00
 3.04370056e-03 -2.00327617e+00
 2.64121204e-02 -2.00837012e+00
 6.45024227e-02 -2.01458640e+00
 1.24692922e-02 -2.02194235e+00
 4.32307435e-02 -2.03045892e+00
 -2.04923923e-02 -2.04016081e+00
 2.45577664e-03 -2.05107664e+00
 -3.44130575e-02 -2.06323922e+00
 1.03038068e-02 -2.07668576e+00
 2.67528193e-03 -2.09145818e+00
 -6.14574860e-02 -2.10760345e+00
 6.45494510e-02 -2.12517401e+00
 -1.20699057e-02 -2.14422818e+00
 -3.49023735e-02 -2.16483071e+00
 2.89390992e-02 -2.18705332e+00
 -8.18482980e-02 -2.21097546e+00
 8.43255481e-02 -2.23668499e+00
 2.53486704e-02 -2.26427911e+00
 -2.00593841e-02 -2.29386538e+00
 -3.72736412e-03 -2.32556284e+00
 -6.60884779e-02 -2.35950339e+00
 4.22370037e-02 -2.39583333e+00
 2.77779233e-02 -2.43471512e+00
 -6.34216336e-02 -2.47632948e+00
 -5.44058006e-02 -2.52087783e+00
 -1.04874896e-01 -2.56858506e+00
 -2.48413457e-02 -2.61970292e+00
 3.10427112e-03 -2.67451387e+00
 -9.29137583e-02 -2.73333573e+00
 -1.59724213e-01 -2.79652720e+00
 -9.49791188e-03 -2.86449442e+00
 -1.00355388e-01 -2.93769884e+00
 -7.82868272e-02 -3.01666681e+00
 -1.79990120e-01 -3.10200111e+00
 -3.38974690e-02 -3.19439520e+00
 -1.39212123e-01 -3.29465060e+00
 -1.76643188e-01 -3.40369862e+00
 -7.75167117e-02 -3.52262739e+00
 -1.41988134e-01 -3.65271610e+00
 -8.75198974e-02 -3.79547842e+00
 -2.16420347e-01 -3.95271849e+00
 -1.32848761e-01 -4.12660360e+00
 -1.41366938e-01 -4.31975983e+00
 -1.72406907e-01 -4.53539948e+00
 -2.34610336e-01 -4.77749324e+00
 -2.40778057e-01 -5.05100663e+00
 -3.18226753e-01 -5.36223015e+00
 -4.11545486e-01 -5.71924937e+00
 -4.64619260e-01 -6.13262878e+00
 -5.21872975e-01 -6.61643069e+00
 -6.11678761e-01 -7.18977539e+00
 -8.20254658e-01 -7.87930457e+00
 -9.46297178e-01 -8.72320883e+00
 -1.22801816e+00 -9.77807816e+00
 -1.62078247e+00 -1.11310785e+01
 -2.27747404e+00 -1.29226331e+01
 -3.32748083e+00 -1.53904497e+01
 -5.33511232e+00 -1.89549303e+01
 -9.36503928e+00 -2.43436196e+01
 -2.00427251e+01 -3.21298246e+01
 -5.05076460e+01 -3.20877184e+01
 -6.36904735e+01 2.03172744e+01
 -2.67627075e+01 3.38643414e+01
 -1.16718062e+01 2.60055999e+01
 -6.29629128e+00 1.98694948e+01
 -3.98710982e+00 1.58310407e+01
 -2.74437598e+00 1.30773587e+01
 -1.89192849e+00 1.11057305e+01
 -1.35820356e+00 9.63338734e+00
 -1.15597215e+00 8.49574632e+00
 -8.01472721e-01 7.59215858e+00
 -7.18202570e-01 6.85814032e+00
 -5.83348954e-01 6.25066683e+00
 -4.93105662e-01 5.74001560e+00
 -4.70046878e-01 5.30503327e+00
 -3.67064034e-01 4.93027454e+00
 -3.23840802e-01 4.60420878e+00
 -2.87060966e-01 4.31805943e+00
 -3.11906171e-01 4.06503144e+00
 -1.59265420e-01 3.83978397e+00
 -2.37514860e-01 3.63806239e+00
 -2.07091627e-01 3.45643636e+00
 -2.20660467e-01 3.29210997e+00
 -1.50434339e-01 3.14278194e+00
 -1.14554976e-01 3.00654118e+00
 -1.84075550e-01 2.88178764e+00
 -1.76150776e-01 2.76717166e+00
 -6.26251185e-02 2.66154696e+00
 -4.82446138e-02 2.56393383e+00
 -3.86021569e-02 2.47349002e+00
 2.71680512e-02 2.38948749e+00
 -4.48718844e-02 2.31129379e+00
 -1.31844705e-01 2.23835688e+00
 -2.89391326e-02 2.17019284e+00
 -2.73289814e-02 2.10637567e+00
 -7.24028020e-02 2.04652896e+00
 -1.09686599e-03 1.99031891e+00
 5.94836998e-03 1.93744849e+00
 1.22435726e-02 1.88765255e+00
 -4.35451174e-03 1.84069371e+00
 -1.87668243e-03 1.79635884e+00
 -4.22867161e-02 1.75445607e+00
 -5.87831660e-03 1.71481226e+00
 -1.12191524e-03 1.67727076e+00
 -7.32183330e-02 1.64168959e+00
 -3.29748230e-02 1.60793973e+00
 2.52864002e-02 1.57590376e+00
 -3.48648116e-02 1.54547460e+00
 -6.48526167e-02 1.51655443e+00
 -1.02502312e-01 1.48905377e+00
 -4.99025839e-02 1.46289060e+00
 -1.63443222e-03 1.43798971e+00
 -1.78976982e-02 1.41428196e+00
 -6.56029470e-02 1.39170381e+00
 -4.19228478e-02 1.37019675e+00
 1.13195441e-02 1.34970687e+00
 8.85128558e-04 1.33018447e+00
 -5.30972534e-03 1.31158371e+00
 4.52556685e-02 1.29386229e+00
 -7.96299612e-02 1.27698115e+00
 6.69464576e-02 1.26090427e+00
 -1.08780556e-01 1.24559839e+00
 -4.93664311e-02 1.23103283e+00
 -4.45270806e-02 1.21717934e+00
 5.50485461e-02 1.20401191e+00
 -3.95184435e-02 1.19150664e+00
 -7.37495349e-03 1.17964161e+00
 9.40728218e-02 1.16839677e+00
 2.81255717e-02 1.15775386e+00
 -3.08798462e-02 1.14769631e+00
 -9.92139026e-03 1.13820918e+00
 -6.40108782e-02 1.12927909e+00
 2.75393278e-03 1.12089416e+00
 5.76774399e-02 1.11304401e+00
 -1.75112589e-02 1.10571970e+00
 -4.50124043e-02 1.09891370e+00
 -6.35307640e-02 1.09261993e+00
 2.48637620e-02 1.08683370e+00
 4.28566428e-02 1.08155180e+00
 8.24407726e-02 1.07677244e+00
 -3.15566323e-02 1.07249535e+00
 3.71192307e-02 1.06872182e+00
 -1.03105442e-02 1.06545473e+00
 -5.59879445e-02 1.06269867e+00
 -2.36814065e-03 1.06046004e+00
 -5.25077222e-02 1.05874715e+00
 -1.20437582e-01 1.05757034e+00
 -3.45427843e-02 1.05694223e+00
 4.93226538e-03 1.05687784e+00
 8.89836263e-02 1.05739484e+00
 1.25009799e-01 1.05851387e+00
 -9.20251447e-02 1.06025883e+00
 5.97828748e-02 1.06265727e+00
 -3.98226687e-02 1.06574082e+00
 4.38240250e-02 1.06954578e+00
 -1.66091965e-02 1.07411370e+00
 -3.81228534e-02 1.07949216e+00
 9.20937347e-02 1.08573568e+00
 4.74081284e-02 1.09290677e+00
 -3.58926885e-02 1.10107724e+00
 -9.61420917e-02 1.11032980e+00
 -3.42502587e-02 1.12075997e+00
 -4.82068522e-02 1.13247841e+00
 -3.30603421e-02 1.14561389e+00
 -1.42473530e-02 1.16031683e+00
 2.47807593e-03 1.17676392e+00
 7.25666980e-02 1.19516378e+00
 1.00470757e-01 1.21576434e+00
 -9.31766485e-03 1.23886220e+00
 8.38314983e-02 1.26481498e+00
 4.91748227e-02 1.29405746e+00
 4.17450088e-02 1.32712325e+00
 9.04558457e-02 1.36467404e+00
 -2.61154978e-02 1.40753989e+00
 1.10284986e-01 1.45677563e+00
 1.57340198e-01 1.51374125e+00
 2.39621285e-01 1.58021897e+00
 1.38786951e-01 1.65858772e+00
 1.61464543e-01 1.75208993e+00
 1.25741654e-01 1.86525116e+00
 2.25500152e-01 2.00456042e+00
 3.00728177e-01 2.17960857e+00
 4.30711838e-01 2.40504720e+00
 5.76205299e-01 2.70399738e+00
 7.61799065e-01 3.11364747e+00
 1.19452755e+00 3.69083947e+00
 2.12918880e+00 4.48327655e+00
 4.50757286e+00 5.13489218e+00
 8.51990209e+00 2.51621503e+00
 6.86149005e+00 -3.19148966e+00
 3.28133114e+00 -3.67904481e+00
 1.69968572e+00 -2.84448344e+00
 9.30365273e-01 -2.14796156e+00
 6.73932804e-01 -1.65270937e+00
 4.19778162e-01 -1.29689385e+00
 3.07416504e-01 -1.03278266e+00
 2.82853932e-01 -8.30313948e-01
 2.23359098e-01 -6.70688308e-01
 2.07306781e-01 -5.41821231e-01
 1.29756736e-01 -4.35681339e-01
 1.29472164e-01 -3.46757497e-01
 1.05159115e-01 -2.71157213e-01
 1.18474723e-01 -2.06060069e-01
 7.74745211e-02 -1.49375915e-01
 1.12151124e-01 -9.95246939e-02
 -1.20722251e-02 -5.52907504e-02
 4.46083360e-02 -1.57240207e-02
 1.39775586e-01 1.99284787e-02
 8.00901010e-02 5.22711134e-02
 2.48582344e-02 8.17945379e-02
 9.23244044e-03 1.08901253e-01
 -4.62885003e-03 1.33924601e-01
 -3.85057994e-02 1.57143077e-01
 9.97131055e-02 1.78791246e-01
 -7.59665164e-02 1.99068166e-01
 4.81665435e-02 2.18143961e-01
 2.12862975e-02 2.36164992e-01
 5.85533733e-02 2.53257974e-01
 -7.98384400e-02 2.69533270e-01
 4.97901739e-02 2.85087555e-01
 1.34479510e-02 3.00005981e-01
 7.14374498e-02 3.14363961e-01
 5.07226511e-02 3.28228631e-01
 -1.87116106e-02 3.41660065e-01
 3.49993233e-02 3.54712300e-01
 -4.99941062e-02 3.67434186e-01
 1.38635132e-01 3.79870109e-01
 1.23130029e-02 3.92060609e-01
 2.17584382e-02 4.04042900e-01
 -5.07023109e-02 4.15851323e-01
 -3.80876429e-02 4.27517738e-01
 3.87541930e-02 4.39071859e-01
 -1.65553327e-02 4.50541550e-01
 6.04944933e-02 4.61953088e-01
 -5.52811422e-02 4.73331387e-01
 6.98733548e-02 4.84700208e-01
 -3.75161312e-02 4.96082341e-01
 6.70077423e-02 5.07499765e-01
 1.80498738e-02 5.18973807e-01
 2.53332750e-02 5.30525273e-01
 1.59625404e-01 5.42174577e-01
 3.84570309e-02 5.53941864e-01
 -3.52683240e-02 5.65847116e-01
 5.32089678e-02 5.77910266e-01
 3.28562242e-02 5.90151296e-01
 -1.42374422e-02 6.02590339e-01
 9.01257777e-02 6.15247779e-01
 -5.27082464e-03 6.28144348e-01
 9.95724648e-03 6.41301224e-01
 3.85939843e-02 6.54740135e-01
 -1.21060164e-02 6.68483455e-01
 5.68502438e-02 6.82554317e-01
 5.48963227e-02 6.96976722e-01
 2.80772431e-02 7.11775651e-01
 -1.53039043e-02 7.26977195e-01
 -4.97559744e-03 7.42608682e-01
 3.56543811e-02 7.58698819e-01
 -6.89733023e-02 7.75277843e-01
 -5.06640888e-03 7.92377688e-01
 -4.75736698e-03 8.10032158e-01
 2.47413987e-02 8.28277129e-01
 5.81766984e-02 8.47150759e-01
 6.66128502e-02 8.66693724e-01
 -8.98576254e-04 8.86949481e-01
 2.38474600e-02 9.07964551e-01
 4.39697432e-02 9.29788845e-01
 2.49705458e-02 9.52476017e-01
 1.06037083e-01 9.76083864e-01
 4.01886254e-02 1.00067477e+00
 8.11772369e-02 1.02631623e+00
 -2.37564709e-02 1.05308137e+00
 1.07253637e-01 1.08104964e+00
 5.89051995e-02 1.11030750e+00
 2.10403169e-02 1.14094930e+00
 5.27006236e-02 1.17307813e+00
 2.60463254e-02 1.20680701e+00
 1.85416120e-02 1.24226004e+00
 3.56063031e-02 1.27957387e+00
 4.75268469e-02 1.31889937e+00
 9.75734949e-02 1.36040346e+00
 8.90963677e-02 1.40427145e+00
 1.64655536e-01 1.45070957e+00
 6.75227243e-02 1.49994805e+00
 1.22965856e-01 1.55224475e+00
 1.26734518e-01 1.60788943e+00
 6.06982912e-02 1.66720885e+00
 8.16360598e-02 1.73057285e+00
 1.13613162e-01 1.79840175e+00
 1.64122815e-01 1.87117520e+00
 5.40228423e-02 1.94944303e+00
 7.83932159e-02 2.03383855e+00
 2.31270489e-01 2.12509495e+00
 2.24078427e-01 2.22406575e+00
 1.52723077e-01 2.33175043e+00
 2.35440449e-01 2.44932684e+00
 1.66396526e-01 2.57819264e+00
 2.45656548e-01 2.72001880e+00
 2.57680487e-01 2.87681927e+00
 2.63842307e-01 3.05104310e+00
 3.37773899e-01 3.24569750e+00
 3.07627056e-01 3.46451475e+00
 3.71661770e-01 3.71218200e+00
 3.77064448e-01 3.99466303e+00
 5.07256505e-01 4.31965698e+00
 5.26938743e-01 4.69726553e+00
 7.26022077e-01 5.14098446e+00
 8.30419263e-01 5.66921132e+00
 1.07625701e+00 6.30759280e+00
 1.27026390e+00 7.09276191e+00
 1.91190032e+00 8.07838131e+00
 2.39019825e+00 9.34485210e+00
 3.42270309e+00 1.10136383e+01
 5.15047884e+00 1.32593857e+01
 8.44952168e+00 1.62545703e+01
 1.51650406e+01 1.95752656e+01
 2.95255217e+01 1.83057713e+01
 4.13133434e+01 -2.04838569e+00
 2.74133791e+01 -1.99363802e+01
 1.41341536e+01 -2.00190284e+01
 7.80052865e+00 -1.66608893e+01
 4.93518238e+00 -1.37686321e+01
 3.24818261e+00 -1.16093060e+01
 2.35624799e+00 -1.00013416e+01
 1.73736155e+00 -8.77730553e+00
 1.39319235e+00 -7.82204318e+00
 1.14836592e+00 -7.05931311e+00
 8.85278306e-01 -6.43808382e+00
 7.22400546e-01 -5.92340079e+00
 6.23486981e-01 -5.49071199e+00
 5.73802408e-01 -5.12235217e+00
 4.71167005e-01 -4.80532783e+00
 4.17816507e-01 -4.52989011e+00
 3.20367169e-01 -4.28859312e+00
 3.41258530e-01 -4.07565864e+00
 2.75855481e-01 -3.88653800e+00
 2.61040343e-01 -3.71760411e+00
 2.35981004e-01 -3.56593100e+00
 1.44813419e-01 -3.42913335e+00
 1.12635410e-01 -3.30524795e+00
 1.69727973e-01 -3.19264489e+00
 1.01867701e-01 -3.08996017e+00
 8.35949694e-02 -2.99604395e+00
 1.25226904e-01 -2.90992048e+00
 9.71188799e-02 -2.83075655e+00
 6.52135567e-02 -2.75783669e+00
 -5.11815005e-02 -2.69054324e+00
 9.79086078e-02 -2.62834043e+00
 5.70415510e-02 -2.57076143e+00
 9.86681429e-02 -2.51739779e+00
 1.08141551e-01 -2.46789078e+00
 1.44923418e-01 -2.42192420e+00
 7.61555067e-02 -2.37921849e+00
 2.75683611e-02 -2.33952567e+00
 1.16117039e-01 -2.30262526e+00
 6.29767239e-02 -2.26832068e+00
 6.67239753e-02 -2.23643634e+00
 9.64433009e-02 -2.20681504e+00
 1.03418109e-01 -2.17931585e+00
 7.80222761e-02 -2.15381221e+00
 7.24743790e-02 -2.13019037e+00
 6.26947593e-02 -2.10834803e+00
 4.13456893e-02 -2.08819308e+00
 5.35121030e-02 -2.06964263e+00
 3.97210251e-02 -2.05262212e+00
 -1.47539517e-02 -2.03706448e+00
 1.31952889e-01 -2.02290951e+00
 -3.36293220e-03 -2.01010327e+00
 -5.89113888e-03 -1.99859756e+00
 -6.74380102e-02 -1.98834948e+00
 -4.60704307e-02 -1.97932102e+00
 1.52977841e-02 -1.97147875e+00
 2.71798314e-02 -1.96479352e+00
 3.95480270e-02 -1.95924017e+00
 7.77504602e-02 -1.95479737e+00
 8.17699378e-03 -1.95144741e+00
 -2.96550695e-02 -1.94917605e+00
 -6.74139852e-03 -1.94797239e+00
 -4.63684118e-02 -1.94782879e+00
 -4.80288240e-02 -1.94874081e+00
 1.08351863e-03 -1.95070713e+00
 -4.71750260e-02 -1.95372953e+00
 -1.15172007e-02 -1.95781294e+00
 -1.19940962e-02 -1.96296539e+00
 8.37730667e-03 -1.96919811e+00
 -5.27390895e-02 -1.97652558e+00
 7.20090431e-02 -1.98496560e+00
 -2.64750052e-02 -1.99453946e+00
 -7.54021425e-02 -2.00527203e+00
 -4.70096067e-02 -2.01719198e+00
 -4.70973380e-02 -2.03033197e+00
 -5.78849601e-02 -2.04472887e+00
 -5.03104084e-02 -2.06042406e+00
 -8.12777489e-02 -2.07746376e+00
 -1.68827756e-02 -2.09589937e+00
 -1.73254048e-02 -2.11578790e+00
 4.99018606e-02 -2.13719245e+00
 4.97732898e-02 -2.16018277e+00
 2.32982945e-02 -2.18483585e+00
 -1.13817045e-01 -2.21123664e+00
 -2.43627752e-02 -2.23947889e+00
 -3.70405292e-02 -2.26966602e+00
 -1.15956035e-01 -2.30191223e+00
 -3.10073270e-02 -2.33634370e+00
 -3.54606716e-02 -2.37309995e+00
 -2.80772343e-02 -2.41233552e+00
 -5.00747323e-02 -2.45422177e+00
 5.90910661e-03 -2.49894907e+00
 -8.75817863e-02 -2.54672933e+00
 -6.19565474e-02 -2.59779889e+00
 -7.49907199e-02 -2.65242197e+00
 -1.36294430e-01 -2.71089475e+00
 -2.68264827e-02 -2.77355009e+00
 -7.60710672e-02 -2.84076326e+00
 -2.11975276e-01 -2.91295867e+00
 -8.84270154e-02 -2.99061797e+00
 -1.70013866e-01 -3.07428985e+00
 -7.47192720e-02 -3.16460189e+00
 -1.31705827e-01 -3.26227500e+00
 -1.64758491e-01 -3.36814117e+00
 -1.71097524e-01 -3.48316544e+00
 -2.53048907e-01 -3.60847327e+00
 -2.83437743e-01 -3.74538484e+00
 -2.62400934e-01 -3.89545866e+00
 -3.10747914e-01 -4.06054718e+00
 -3.76318905e-01 -4.24286877e+00
 -3.09636489e-01 -4.44510163e+00
 -2.82988672e-01 -4.67050788e+00
 -4.40062129e-01 -4.92309963e+00
 -5.07828238e-01 -5.20786420e+00
 -6.17707149e-01 -5.53107431e+00
 -6.57190160e-01 -5.90072187e+00
 -6.59343265e-01 -6.32713546e+00
 -9.88123409e-01 -6.82387529e+00
 -1.05011740e+00 -7.40905502e+00
 -1.33424329e+00 -8.10733072e+00
 -1.74100049e+00 -8.95294200e+00
 -2.15312358e+00 -9.99439836e+00
 -2.77095546e+00 -1.13015899e+01
 -3.67663896e+00 -1.29756407e+01
 -5.29869875e+00 -1.51572776e+01
 -8.07867943e+00 -1.80022474e+01
 -1.34855008e+01 -2.14378168e+01
 -2.40563634e+01 -2.36855165e+01
 -4.12137072e+01 -1.56437150e+01
 -4.46092714e+01 9.92930188e+00
 -2.77889293e+01 2.28614192e+01
 -1.54025603e+01 2.18531588e+01
 -9.27683113e+00 1.84182290e+01
 -5.92678948e+00 1.54088318e+01
 -4.12178844e+00 1.30832933e+01
 -2.99521016e+00 1.13027659e+01
 -2.28531202e+00 9.91850509e+00
 -1.81136989e+00 8.82061980e+00
 -1.42057292e+00 7.93284011e+00
 -1.17434979e+00 7.20234838e+00
 -1.02636690e+00 6.59202148e+00
 -7.80925995e-01 6.07525164e+00
 -6.99404375e-01 5.63258066e+00
 -5.84016428e-01 5.24950390e+00
 -5.67669915e-01 4.91501658e+00
 -4.46627256e-01 4.62063380e+00
 -3.57364264e-01 4.35971725e+00
 -4.71584544e-01 4.12700423e+00
 -3.61533613e-01 3.91827215e+00
 -2.53196909e-01 3.73009587e+00
 -3.01988866e-01 3.55966933e+00
 -3.86788431e-01 3.40467270e+00
 -2.52399877e-01 3.26317212e+00
 -1.53181116e-01 3.13354310e+00
 -1.85626210e-01 3.01441143e+00
 -1.77197686e-01 2.90460701e+00
 -1.32006168e-01 2.80312755e+00
 -1.24834802e-01 2.70910968e+00
 -1.37588971e-01 2.62180585e+00
 -1.33277530e-01 2.54056564e+00
 -1.44175176e-01 2.46482061e+00
 -1.68617474e-01 2.39407184e+00
 -2.33941015e-01 2.32787973e+00
 -1.34444131e-02 2.26585550e+00
 -1.13858810e-01 2.20765413e+00
 -1.42102487e-01 2.15296843e+00
 -9.44148373e-03 2.10152410e+00
 -6.40462476e-02 2.05307544e+00
 -9.29119740e-02 2.00740184e+00
 -1.43561702e-01 1.96430470e+00
 -1.09539738e-01 1.92360481e+00
 -1.30828948e-01 1.88514010e+00
 -3.46165911e-03 1.84876372e+00
 -1.39759992e-01 1.81434233e+00
 -2.81832701e-02 1.78175468e+00
 -5.50866238e-02 1.75089031e+00
 -1.00625665e-02 1.72164844e+00
 7.31246900e-03 1.69393705e+00
 -4.59334657e-02 1.66767194e+00
 -7.13875479e-02 1.64277608e+00
 -8.95712411e-02 1.61917886e+00
 -5.44968447e-02 1.59681558e+00
 -1.61817204e-02 1.57562686e+00
 3.79423948e-02 1.55555827e+00
 -1.04493085e-01 1.53655986e+00
 -1.27113789e-02 1.51858581e+00
 -5.36689506e-02 1.50159414e+00
 5.13802934e-02 1.48554641e+00
 6.70587671e-02 1.47040745e+00
 -9.13659170e-02 1.45614518e+00
 4.16650281e-02 1.44273040e+00
 1.24358073e-02 1.43013657e+00
 -2.05047617e-02 1.41833974e+00
 1.56334042e-02 1.40731836e+00
 -1.22995027e-02 1.39705319e+00
 5.91450337e-02 1.38752721e+00
 -9.17215605e-03 1.37872551e+00
 -3.21020756e-02 1.37063527e+00
 -7.37430790e-03 1.36324567e+00
 -8.88253749e-02 1.35654788e+00
 1.53187085e-02 1.35053503e+00
 -3.98282492e-02 1.34520218e+00
 -9.36288475e-02 1.34054640e+00
 3.31050388e-02 1.33656668e+00
 -9.02276883e-03 1.33326409e+00
 -5.36896046e-02 1.33064173e+00
 -5.34184387e-02 1.32870487e+00
 3.24897022e-02 1.32746101e+00
 -3.56627187e-02 1.32691999e+00
 -6.17201032e-02 1.32709413e+00
 2.94132790e-02 1.32799841e+00
 8.78654556e-03 1.32965061e+00
 -7.63012068e-02 1.33207160e+00
 -8.00607673e-02 1.33528551e+00
 5.53907916e-02 1.33932012e+00
 1.00820751e-01 1.34420715e+00
 -9.45453644e-02 1.34998267e+00
 3.77159145e-04 1.35668762e+00
 -1.40960352e-02 1.36436831e+00
 5.71415197e-02 1.37307709e+00
 -8.52009552e-03 1.38287308e+00
 4.37304516e-02 1.39382308e+00
 7.17009734e-02 1.40600261e+00
 1.58682401e-02 1.41949710e+00
 -3.73802592e-02 1.43440336e+00
 8.00079286e-02 1.45083132e+00
 1.40747392e-02 1.46890608e+00
 -2.37804238e-02 1.48877040e+00
 5.37003747e-02 1.51058766e+00
 1.20965540e-01 1.53454556e+00
 7.03861121e-02 1.56086047e+00
 9.37730022e-02 1.58978298e+00
 3.73172139e-02 1.62160460e+00
 4.74955750e-02 1.65666621e+00
 4.11507667e-02 1.69536868e+00
 2.32681870e-02 1.73818629e+00
 8.71643641e-02 1.78568397e+00
 1.12446783e-01 1.83853958e+00
 2.03044882e-01 1.89757295e+00
 1.05068809e-01 1.96378436e+00
 1.27593389e-01 2.03840601e+00
 1.14241605e-01 2.12297178e+00
 2.33092551e-01 2.21941317e+00
 2.36476995e-01 2.33019329e+00
 2.53809494e-01 2.45849681e+00
 2.04561836e-01 2.60850359e+00
 3.69818293e-01 2.78578875e+00
 3.68245839e-01 2.99791457e+00
 6.21102577e-01 3.25530901e+00
 7.38591815e-01 3.57254553e+00
 9.51435526e-01 3.97005721e+00
 1.30488500e+00 4.47570456e+00
 1.86975892e+00 5.12247292e+00
 2.98078142e+00 5.92327392e+00
 4.84593296e+00 6.73003949e+00
 8.24118128e+00 6.60322938e+00
 1.22211577e+01 2.77691383e+00
 1.10765167e+01 -3.49749045e+00
 6.69732732e+00 -5.65457959e+00
 4.01912677e+00 -5.23777081e+00
 2.40503179e+00 -4.39310522e+00
 1.72512548e+00 -3.64560732e+00
 1.18204850e+00 -3.05299474e+00
 8.95902697e-01 -2.58909256e+00
 6.61328658e-01 -2.22199955e+00
 6.36592421e-01 -1.92670080e+00
 3.95611787e-01 -1.68512871e+00
 3.89039624e-01 -1.48440015e+00
 2.28649316e-01 -1.31525445e+00
 2.17045277e-01 -1.17093476e+00
 1.59571166e-01 -1.04642778e+00
 1.65850392e-01 -9.37951337e-01
 2.48581412e-01 -8.42606700e-01
 1.35227978e-01 -7.58139430e-01
 1.13521318e-01 -6.82772414e-01
 8.92630264e-02 -6.15087417e-01
 9.96062111e-02 -5.53939758e-01
 3.47329790e-02 -4.98395939e-01
 2.18361324e-01 -4.47687419e-01
 7.76031086e-02 -4.01175905e-01
 1.38562134e-01 -3.58326980e-01
 7.33084175e-02 -3.18689840e-01
 4.62257989e-02 -2.81881558e-01
 9.52050253e-02 -2.47574744e-01
 6.00790572e-02 -2.15487786e-01
 6.93943815e-02 -1.85377060e-01
 4.83827236e-02 -1.57030668e-01
 1.92956051e-01 -1.30263356e-01
 7.34492948e-02 -1.04912381e-01
 -1.93033066e-02 -8.08340995e-02
 7.85997669e-02 -5.79011635e-02
 6.68210105e-02 -3.60001780e-02
 2.84632943e-02 -1.50297483e-02
 1.01312782e-01 5.10116348e-03
 1.68446441e-03 2.44746265e-02
 -3.12568962e-02 4.31649199e-02
 1.26545734e-01 6.12395387e-02
 1.01638832e-01 7.87600557e-02
 3.26563153e-02 9.57828640e-02
 1.13105694e-01 1.12359819e-01
 2.17878529e-02 1.28538796e-01
 1.00811820e-01 1.44364179e-01
 -3.80071285e-02 1.59877284e-01
 -1.41651911e-02 1.75116739e-01
 -3.04044245e-03 1.90118817e-01
 3.16629446e-02 2.04917729e-01
 2.82137555e-02 2.19545892e-01
 4.63298993e-02 2.34034166e-01
 -2.37305011e-02 2.48412072e-01
 8.20248176e-02 2.62707986e-01
 7.77568480e-03 2.76949320e-01
 1.88616552e-02 2.91162691e-01
 9.43650420e-02 3.05374073e-01
 -1.72312067e-02 3.19608945e-01
 1.70703506e-02 3.33892428e-01
 -8.88041905e-03 3.48249420e-01
 5.31944101e-02 3.62704720e-01
 5.80286631e-02 3.77283155e-01
 1.54590464e-02 3.92009705e-01
 -5.10390136e-03 4.06909621e-01
 6.81648377e-02 4.22008555e-01
 -4.88679924e-02 4.37332681e-01
 -2.15782841e-02 4.52908823e-01
 2.43236631e-02 4.68764595e-01
 5.53040080e-02 4.84928535e-01
 1.40603567e-02 5.01430256e-01
 2.00050662e-02 5.18300599e-01
 2.43903303e-02 5.35571804e-01
 7.78581755e-03 5.53277687e-01
 -1.49868668e-03 5.71453838e-01
 1.61129628e-02 5.90137826e-01
 2.04486425e-02 6.09369441e-01
 -4.47607249e-04 6.29190939e-01
 -4.11979580e-02 6.49647327e-01
 5.75931444e-02 6.70786674e-01
 4.07310305e-02 6.92660455e-01
 1.57997773e-01 7.15323937e-01
 1.05006431e-01 7.38836610e-01
 5.29965575e-02 7.63262672e-01
 1.91802454e-01 7.88671577e-01
 1.22760897e-01 8.15138650e-01
 7.20825724e-02 8.42745787e-01
 5.59445843e-02 8.71582256e-01
 5.62055152e-02 9.01745606e-01
 3.57250053e-02 9.33342706e-01
 4.93195369e-02 9.66490953e-01
 1.53723563e-01 1.00131965e+00
 8.81515321e-02 1.03797160e+00
 1.30134401e-01 1.07660499e+00
 3.35000262e-02 1.11739555e+00
 1.33429791e-01 1.16053910e+00
 1.03286758e-01 1.20625455e+00
 1.29771040e-01 1.25478747e+00
 6.16173563e-02 1.30641424e+00
 1.29493219e-01 1.36144715e+00
 1.43969233e-01 1.42024040e+00
 1.62206953e-01 1.48319738e+00
 1.32248394e-01 1.55077952e+00
 2.85271815e-02 1.62351712e+00
 1.43792903e-01 1.70202261e+00
 2.26664718e-01 1.78700703e+00
 2.02176442e-01 1.87930058e+00
 2.31544621e-01 1.97987845e+00
 3.02453822e-01 2.08989366e+00
 3.23358318e-01 2.21071906e+00
 2.51422554e-01 2.34400165e+00
 2.73860647e-01 2.49173361e+00
 3.59833665e-01 2.65634610e+00
 4.18919978e-01 2.84083481e+00
 4.40632020e-01 3.04892990e+00
 5.01454562e-01 3.28532921e+00
 6.30034118e-01 3.55602271e+00
 6.32778291e-01 3.86874974e+00
 8.79905287e-01 4.23365164e+00
 1.00610648e+00 4.66421125e+00
 1.16971253e+00 5.17860693e+00
 1.54492954e+00 5.80162791e+00
 1.95867447e+00 6.56719491e+00
 2.51963083e+00 7.52086280e+00
 3.56361265e+00 8.71863245e+00
 5.21912505e+00 1.02052166e+01
 8.02630816e+00 1.18978079e+01
 1.29875299e+01 1.30705970e+01
 2.11557375e+01 1.06928225e+01
 2.70290787e+01 4.76474510e-03
 2.17467568e+01 -1.11800972e+01
 1.36173957e+01 -1.40103645e+01
 8.18701938e+00 -1.29511911e+01
 5.24073360e+00 -1.12646284e+01
 3.70719569e+00 -9.76349908e+00
 2.61046865e+00 -8.55077071e+00
 2.00855712e+00 -7.58532182e+00
 1.53380723e+00 -6.81113368e+00
 1.21931128e+00 -6.18201720e+00
 1.08753278e+00 -5.66345249e+00
 8.50021573e-01 -5.23019180e+00
 6.51211752e-01 -4.86372491e+00
 6.41843159e-01 -4.55033181e+00
 5.60505793e-01 -4.27970124e+00
 4.06665134e-01 -4.04397106e+00
 3.95447669e-01 -3.83706166e+00
 3.91263826e-01 -3.65420911e+00
 2.29489865e-01 -3.49163405e+00
 2.91879311e-01 -3.34630395e+00
 2.08937845e-01 -3.21575992e+00
 2.27905745e-01 -3.09798889e+00
 3.13336383e-01 -2.99132820e+00
 1.69478517e-01 -2.89439336e+00
 1.08868725e-01 -2.80602286e+00
 1.36609252e-01 -2.72523552e+00
 1.48109464e-01 -2.65119717e+00
 1.27001065e-01 -2.58319449e+00
 1.09199080e-01 -2.52061414e+00
 -2.41735548e-02 -2.46292608e+00
 4.51704272e-02 -2.40967014e+00
 1.09630860e-01 -2.36044511e+00
 1.31986961e-01 -2.31489973e+00
 9.38391997e-02 -2.27272539e+00
 1.03229918e-01 -2.23365003e+00
 2.94958407e-02 -2.19743306e+00
 4.83652090e-02 -2.16386111e+00
 6.29248109e-02 -2.13274451e+00
 5.13619311e-02 -2.10391422e+00
 1.20728471e-01 -2.07721931e+00
 8.04481223e-02 -2.05252480e+00
 8.39847430e-02 -2.02970976e+00
 4.13947281e-02 -2.00866577e+00
 8.60840401e-02 -1.98929552e+00
 -2.73590742e-02 -1.97151161e+00
 -7.37312595e-02 -1.95523558e+00
 3.56063920e-02 -1.94039699e+00
 2.74298628e-03 -1.92693266e+00
 -1.00252940e-02 -1.91478602e+00
 -3.83229695e-02 -1.90390650e+00
 3.83421342e-02 -1.89424903e+00
 2.93531696e-02 -1.88577362e+00
 6.31857916e-02 -1.87844498e+00
 2.61554176e-02 -1.87223216e+00
 5.04599152e-02 -1.86710829e+00
 -3.50870270e-02 -1.86305032e+00
 -1.83709428e-02 -1.86003882e+00
 -3.96758248e-02 -1.85805779e+00
 8.28781957e-02 -1.85709453e+00
 4.04669198e-02 -1.85713951e+00
 -5.29681049e-02 -1.85818626e+00
 -1.48906769e-02 -1.86023133e+00
 -3.16737459e-02 -1.86327423e+00
 -3.73356723e-02 -1.86731739e+00
 3.60672276e-02 -1.87236617e+00
 6.04964572e-03 -1.87842888e+00
 5.87726294e-02 -1.88551680e+00
 -4.51431510e-03 -1.89364427e+00
 -3.33457420e-02 -1.90282874e+00
 -1.55735673e-02 -1.91309090e+00
 3.53817348e-02 -1.92445480e+00
 -6.93328399e-02 -1.93694799e+00
 -3.84768742e-02 -1.95060175e+00
 -3.89803777e-02 -1.96545126e+00
 5.39336761e-03 -1.98153588e+00
 1.25093125e-02 -1.99889940e+00
 -4.02028275e-02 -2.01759043e+00
 -1.66086961e-01 -2.03766271e+00
 -5.04284530e-02 -2.05917555e+00
 -8.12553523e-02 -2.08219436e+00
 -7.18383451e-02 -2.10679113e+00
 5.95372901e-02 -2.13304512e+00
 -9.67177463e-02 -2.16104354e+00
 -3.87238858e-02 -2.19088234e+00
 -5.43264321e-02 -2.22266720e+00
 -1.10607685e-01 -2.25651452e+00
 7.01606696e-03 -2.29255267e+00
 -1.13660219e-01 -2.33092339e+00
 8.80022250e-03 -2.37178336e+00
 -8.62167292e-02 -2.41530607e+00
 -6.12729272e-02 -2.46168396e+00
 -8.85617896e-02 -2.51113087e+00
 -5.67480262e-02 -2.56388499e+00
 -7.94056628e-02 -2.62021220e+00
 -8.13699448e-02 -2.68041009e+00
 -2.07222403e-01 -2.74481257e+00
 -1.06303739e-01 -2.81379549e+00
 -2.24983551e-01 -2.88778320e+00
 -1.78570124e-01 -2.96725646e+00
 -1.91023326e-01 -3.05276188e+00
 -1.29575136e-01 -3.14492340e+00
 -1.77818257e-01 -3.24445621e+00
 -1.77994341e-01 -3.35218373e+00
 -1.77631550e-01 -3.46905858e+00
 -2.41870816e-01 -3.59618857e+00
 -3.45814021e-01 -3.73486908e+00
 -2.37345699e-01 -3.88662389e+00
 -3.17612357e-01 -4.05325706e+00
 -4.03040707e-01 -4.23691927e+00
 -4.21214866e-01 -4.44019372e+00
 -5.19468137e-01 -4.66620833e+00
 -6.30986775e-01 -4.91878393e+00
 -6.68828110e-01 -5.20263219e+00
 -7.35504654e-01 -5.52362311e+00
 -8.09393311e-01 -5.88915078e+00
 -1.00888450e+00 -6.30863944e+00
 -1.17961656e+00 -6.79425065e+00
 -1.42657168e+00 -7.36187888e+00
 -1.73819414e+00 -8.03255252e+00
 -2.07169768e+00 -8.83437312e+00
 -2.58040513e+00 -9.80504450e+00
 -3.29024885e+00 -1.09945616e+01
 -4.42743688e+00 -1.24656030e+01
 -6.14407578e+00 -1.42811994e+01
 -9.07390024e+00 -1.64378691e+01
 -1.40237234e+01 -1.85804480e+01
 -2.24405103e+01 -1.89542017e+01
 -3.39048966e+01 -1.23082134e+01
 -3.76805598e+01 4.26561407e+00
 -2.83511630e+01 1.66652924e+01
 -1.78531284e+01 1.90012279e+01
 -1.14011222e+01 1.73850230e+01
 -7.55741045e+00 1.51508591e+01
 -5.34122965e+00 1.31545008e+01
 -3.95865730e+00 1.15166783e+01
 -2.94983268e+00 1.01935021e+01
 -2.31810251e+00 9.11921503e+00
 -1.92539231e+00 8.23723295e+00
 -1.49144464e+00 7.50399675e+00
 -1.29856224e+00 6.88692613e+00
 -1.11295269e+00 6.36171026e+00
 -9.65220280e-01 5.91007099e+00
 -7.24647556e-01 5.51810894e+00
 -7.58002538e-01 5.17512103e+00
 -6.68972580e-01 4.87276112e+00
 -6.35270617e-01 4.60444175e+00
 -5.03384068e-01 4.36490393e+00
 -4.16396773e-01 4.14990437e+00
 -3.97807676e-01 3.95598542e+00
 -3.72270261e-01 3.78030374e+00
 -2.89841144e-01 3.62050141e+00
 -3.45063680e-01 3.47460772e+00
 -3.30124410e-01 3.34096367e+00
 -1.96399986e-01 3.21816324e+00
 -1.82724137e-01 3.10500744e+00
 -2.83907814e-01 3.00046790e+00
 -1.99781324e-01 2.90365780e+00
 -1.71036114e-01 2.81380859e+00
 -1.92398843e-01 2.73025107e+00
 -1.76709097e-01 2.65240001e+00
 -1.66142479e-01 2.57974150e+00
 -9.42366334e-02 2.51182257e+00
 -1.50146967e-01 2.44824249e+00
 -1.37452105e-01 2.38864557e+00
 -7.95049857e-02 2.33271511e+00
 -1.28533424e-01 2.28016829e+00
 -9.39064326e-02 2.23075187e+00
 -1.13359825e-01 2.18423846e+00
 -8.37176993e-02 2.14042347e+00
 1.32267948e-02 2.09912233e+00
 -2.99020871e-02 2.06016825e+00
 -1.54075243e-01 2.02341020e+00
 -1.27876867e-01 1.98871118e+00
 -1.06296104e-01 1.95594671e+00
 -8.69721770e-02 1.92500355e+00
 -5.05508409e-02 1.89577854e+00
 -3.96749859e-02 1.86817762e+00
 -4.31369990e-02 1.84211493e+00
 -1.26445337e-01 1.81751205e+00
 -7.08425966e-02 1.79429735e+00
 -4.91367671e-02 1.77240532e+00
 -1.28107267e-02 1.75177615e+00
 -1.09122767e-01 1.73235515e+00
 -5.11468158e-02 1.71409242e+00
 -2.92202294e-02 1.69694244e+00
 1.04554344e-01 1.68086379e+00
 -9.59921641e-03 1.66581882e+00
 -5.48479519e-02 1.65177342e+00
 4.24676765e-02 1.63869679e+00
 -7.20169488e-02 1.62656130e+00
 -6.89977240e-02 1.61534223e+00
 -9.99938089e-02 1.60501770e+00
 -5.78764582e-02 1.59556853e+00
 -4.46854629e-02 1.58697813e+00
 1.39295698e-02 1.57923242e+00
 8.54950077e-02 1.57231974e+00
 2.38078502e-02 1.56623087e+00
 -4.54810032e-02 1.56095894e+00
 -2.51842744e-02 1.55649941e+00
 -7.18633811e-02 1.55285014e+00
 4.98815260e-02 1.55001134e+00
 4.81819735e-02 1.54798566e+00
 6.97713376e-02 1.54677820e+00
 3.16918065e-04 1.54639665e+00
 -7.49833854e-03 1.54685132e+00
 -1.16825470e-02 1.54815533e+00
 4.15786212e-02 1.55032470e+00
 5.01777180e-02 1.55337858e+00
 2.79719354e-02 1.55733939e+00
 -6.83463836e-02 1.56223314e+00
 5.59114143e-02 1.56808966e+00
 -1.38088781e-02 1.57494292e+00
 5.10175696e-02 1.58283146e+00
 3.99966772e-02 1.59179876e+00
 -4.81451535e-02 1.60189382e+00
 -7.92439865e-03 1.61317166e+00
 7.84909962e-02 1.62569406e+00
 5.89462592e-02 1.63953034e+00
 -1.44717762e-02 1.65475823e+00
 7.75866980e-02 1.67146498e+00
 5.18106661e-02 1.68974858e+00
 7.72904751e-02 1.70971921e+00
 2.52629786e-02 1.73150099e+00
 1.50203287e-01 1.75523397e+00
 7.44588347e-02 1.78107655e+00
 1.67406628e-01 1.80920835e+00
 3.52342710e-02 1.83983360e+00
 6.29413240e-02 1.87318531e+00
 2.36806417e-02 1.90953022e+00
 6.68008255e-02 1.94917490e+00
 5.04525155e-02 1.99247313e+00
 1.24615923e-01 2.03983506e+00
 9.06563960e-02 2.09173859e+00
 1.54394356e-01 2.14874347e+00
 1.95239586e-01 2.21150923e+00
 2.15118310e-01 2.28081779e+00
 1.69720066e-01 2.35760256e+00
 1.91543700e-01 2.44298592e+00
 2.35932260e-01 2.53832835e+00
 2.26194933e-01 2.64529301e+00
 2.80308058e-01 2.76593205e+00
 3.58949525e-01 2.90280268e+00
 3.72668078e-01 3.05912526e+00
 4.49379456e-01 3.23900024e+00
 5.79781487e-01 3.44770779e+00
 5.86871656e-01 3.69212138e+00
 7.98282654e-01 3.98127073e+00
 9.46899758e-01 4.32707226e+00
 1.21352785e+00 4.74514676e+00
 1.63664864e+00 5.25525329e+00
 2.07085951e+00 5.87944319e+00
 3.02033629e+00 6.63086702e+00
 4.44922666e+00 7.46730758e+00
 6.76156775e+00 8.11939531e+00
 1.05389619e+01 7.58015875e+00
 1.44907148e+01 3.74339424e+00
 1.43925201e+01 -2.72311188e+00
 1.02342222e+01 -6.45227381e+00
 6.73121199e+00 -6.93893331e+00
 4.38737154e+00 -6.27703825e+00
 2.99723083e+00 -5.44294360e+00
 2.17208304e+00 -4.69558190e+00
 1.64140630e+00 -4.07466980e+00
 1.22306865e+00 -3.56668888e+00
 9.02578272e-01 -3.14970546e+00
 8.31888207e-01 -2.80414545e+00
 7.48404612e-01 -2.51454622e+00
 6.37067193e-01 -2.26911048e+00
 3.87441994e-01 -2.05889483e+00
 5.40234073e-01 -1.87708765e+00
 3.62093758e-01 -1.71845308e+00
 3.27698019e-01 -1.57892246e+00
 2.98835157e-01 -1.45529825e+00
 2.58291304e-01 -1.34503956e+00
 2.09991001e-01 -1.24610577e+00
 2.35730031e-01 -1.15684167e+00
 2.68808560e-01 -1.07589206e+00
 2.04935319e-01 -1.00213766e+00
 1.91313678e-01 -9.34646551e-01
 1.22082565e-01 -8.72636934e-01
 1.70015137e-01 -8.15448308e-01
 1.96892892e-01 -7.62518983e-01
 1.25735492e-01 -7.13368359e-01
 3.58258878e-02 -6.67582840e-01
 3.20385309e-04 -6.24804567e-01
 7.01750763e-02 -5.84722319e-01
 1.22918457e-01 -5.47064132e-01
 5.80487722e-02 -5.11591257e-01
 1.49045178e-01 -4.78093187e-01
 -7.82040516e-03 -4.46383549e-01
 5.92005806e-02 -4.16296678e-01
 1.21470231e-01 -3.87684750e-01
 1.74387868e-01 -3.60415372e-01
 4.76792614e-02 -3.34369547e-01
 2.15214872e-02 -3.09439943e-01
 9.37323484e-03 -2.85529414e-01
 -1.75932814e-02 -2.62549740e-01
 2.83997830e-02 -2.40420540e-01
 5.89615542e-02 -2.19068326e-01
 4.93471620e-02 -1.98425694e-01
 -1.87086156e-02 -1.78430612e-01
 1.45426482e-02 -1.59025797e-01
 7.31717104e-02 -1.40158175e-01
 -7.68720898e-02 -1.21778399e-01
 9.00714972e-02 -1.03840422e-01
 -2.29474627e-02 -8.63011220e-02
 6.05266130e-02 -6.91199650e-02
 4.03773946e-02 -5.22587020e-02
 3.45391364e-02 -3.56810972e-02
 2.79964530e-02 -1.93526816e-02
 1.41339302e-02 -3.24052849e-03
 4.19722031e-02 1.26869526e-02
 1.22070572e-02 2.84602050e-02
 6.39880214e-03 4.41087016e-02
 3.26886568e-02 5.96611095e-02
 -2.32090766e-02 7.51454449e-02
 3.11529319e-02 9.05892219e-02
 8.02714799e-04 1.06019593e-01
 7.54131948e-02 1.21463489e-01
 3.34769070e-02 1.36947751e-01
 -5.78660665e-03 1.52499263e-01
 2.61254447e-02 1.68145089e-01
 7.64197660e-02 1.83912601e-01
 3.17066900e-02 1.99829619e-01
 3.78650180e-02 2.15924553e-01
 6.15478301e-02 2.32226542e-01
 1.75358410e-03 2.48765615e-01
 1.01001127e-01 2.65572843e-01
 4.08011172e-02 2.82680520e-01
 1.14841435e-01 3.00122338e-01
 2.86814587e-02 3.17933593e-01
 7.20963942e-02 3.36151393e-01
 3.33201506e-02 3.54814899e-01
 2.99710652e-02 3.73965582e-01
 7.33607500e-02 3.93647504e-01
 1.53417287e-02 4.13907640e-01
 8.23689370e-03 4.34796224e-01
 -8.88677007e-03 4.56367144e-01
 9.99346324e-03 4.78678385e-01
 3.73076774e-02 5.01792518e-01
 3.36363031e-02 5.25777270e-01
 2.00459848e-02 5.50706154e-01
 8.10659435e-02 5.76659195e-01
 2.83425214e-02 6.03723757e-01
 7.88537686e-02 6.31995494e-01
 5.15362097e-02 6.61579438e-01
 1.02842741e-01 6.92591264e-01
 7.31591969e-02 7.25158750e-01
 1.18342892e-01 7.59423480e-01
 3.97375078e-02 7.95542832e-01
 1.06212075e-01 8.33692317e-01
 3.86506476e-02 8.74068328e-01
 1.40221033e-01 9.16891402e-01
 3.36400578e-02 9.62410104e-01
 2.07686828e-01 1.01090566e+00
 1.68658061e-01 1.06269756e+00
 2.08159459e-01 1.11815026e+00
 1.69643847e-01 1.17768147e+00
 1.59968366e-01 1.24177210e+00
 1.04918155e-01 1.31097874e+00
 3.08429655e-01 1.38594896e+00
 3.03574544e-01 1.46744050e+00
 2.05748887e-01 1.55634546e+00
 2.16316979e-01 1.65372099e+00
 2.90702649e-01 1.76082857e+00
 3.15503437e-01 1.87918479e+00
 3.82181013e-01 2.01062756e+00
 4.32563279e-01 2.15740330e+00
 4.19035170e-01 2.32228278e+00
 4.38364673e-01 2.50871646e+00
 5.71436776e-01 2.72104451e+00
 7.56789128e-01 2.96478205e+00
 8.65075082e-01 3.24700663e+00
 9.81233455e-01 3.57687843e+00
 1.04252715e+00 3.96631310e+00
 1.47066858e+00 4.43076319e+00
 1.73570237e+00 4.98982211e+00
 2.31372068e+00 5.66653177e+00
 3.27277156e+00 6.48145475e+00
 4.57391263e+00 7.42793961e+00
 6.39856629e+00 8.38263623e+00
 9.96211533e+00 8.81472742e+00
 1.47053108e+01 7.13759716e+00
 1.84992442e+01 1.24280911e+00
 1.67697791e+01 -6.09002628e+00
 1.18519003e+01 -9.52284921e+00
 7.79924598e+00 -9.75787567e+00
 5.22865071e+00 -8.93191836e+00
 3.64456872e+00 -7.95647514e+00
 2.72550832e+00 -7.08122263e+00
 1.99578596e+00 -6.34706268e+00
 1.66551541e+00 -5.74062917e+00
 1.30643598e+00 -5.23878445e+00
 1.11026174e+00 -4.82022852e+00
 9.16480066e-01 -4.46775070e+00
 7.48379282e-01 -4.16798633e+00
 5.89619915e-01 -3.91065893e+00
 4.74604256e-01 -3.68784985e+00
 4.41014276e-01 -3.49341299e+00
 3.94081919e-01 -3.32253319e+00
 3.90163465e-01 -3.17139999e+00
 3.86368991e-01 -3.03696744e+00
 2.04368878e-01 -2.91677700e+00
 2.27079321e-01 -2.80882580e+00
 2.60946991e-01 -2.71146799e+00
 2.34520267e-01 -2.62334010e+00
 1.95059602e-01 -2.54330399e+00
 1.88215855e-01 -2.47040296e+00
 5.60425933e-02 -2.40382752e+00
 1.40789961e-01 -2.34288863e+00
 1.43636009e-01 -2.28699644e+00
 -1.19989765e-02 -2.23564336e+00
 1.44367669e-01 -2.18839052e+00
 1.30702668e-01 -2.14485673e+00
 1.54982020e-01 -2.10470954e+00
 2.45640832e-02 -2.06765789e+00
 1.22474424e-01 -2.03344607e+00
 1.31514664e-01 -2.00184871e+00
 1.18890828e-01 -1.97266657e+00
 4.35922779e-02 -1.94572308e+00
 4.82072910e-02 -1.92086135e+00
 1.31937091e-01 -1.89794173e+00
 2.18729099e-02 -1.87683965e+00
 1.12786924e-01 -1.85744385e+00
 -2.74453666e-02 -1.83965483e+00
 2.53315907e-02 -1.82338356e+00
 -1.74592443e-02 -1.80855029e+00
 -4.53975746e-02 -1.79508364e+00
 3.18672330e-02 -1.78291969e+00
 3.53263938e-02 -1.77200132e+00
 -3.75379092e-02 -1.76227750e+00
 6.00033510e-02 -1.75370280e+00
 8.31485120e-03 -1.74623689e+00
 -3.57533944e-02 -1.73984410e+00
 4.45710887e-02 -1.73449311e+00
 6.09634082e-03 -1.73015660e+00
 -1.31790813e-02 -1.72681101e+00
 -8.93979198e-03 -1.72443628e+00
 1.28551498e-01 -1.72301567e+00
 -5.94216751e-02 -1.72253560e+00
 -2.77241144e-02 -1.72298548e+00
 1.05510769e-02 -1.72435764e+00
 -4.09450551e-02 -1.72664722e+00
 1.09158616e-02 -1.72985209e+00
 -4.63943271e-02 -1.73397284e+00
 -3.60944821e-02 -1.73901271e+00
 -1.34146338e-01 -1.74497762e+00
 8.81518305e-03 -1.75187617e+00
 -5.88347361e-02 -1.75971965e+00
 -5.33421559e-02 -1.76852215e+00
 5.32000280e-02 -1.77830057e+00
 -6.07972502e-02 -1.78907473e+00
 -8.36759511e-02 -1.80086754e+00
 -1.45485198e-02 -1.81370502e+00
 -5.49806469e-02 -1.82761660e+00
 -1.78847274e-02 -1.84263521e+00
 -5.84389933e-03 -1.85879751e+00
 -9.66245322e-02 -1.87614421e+00
 -4.13536760e-02 -1.89472025e+00
 -8.31398479e-03 -1.91457524e+00
 -7.04538754e-02 -1.93576373e+00
 -3.31882533e-02 -1.95834567e+00
 -3.97319441e-02 -1.98238692e+00
 -1.18101571e-01 -2.00795971e+00
 -9.34053763e-02 -2.03514334e+00
 -3.32136743e-02 -2.06402481e+00
 3.41748102e-03 -2.09469961e+00
 -5.14115796e-02 -2.12727267e+00
 -7.82105276e-02 -2.16185935e+00
 -3.80893294e-03 -2.19858659e+00
 -8.20476906e-02 -2.23759431e+00
 -1.81733843e-01 -2.27903691e+00
 -7.17059217e-02 -2.32308503e+00
 -1.42319619e-01 -2.36992767e+00
 -1.84442851e-01 -2.41977451e+00
 -1.73591951e-01 -2.47285867e+00
 -1.90942764e-01 -2.52943999e+00
 -2.63074760e-01 -2.58980875e+00
 -1.64869094e-01 -2.65429015e+00
 -1.61098255e-01 -2.72324951e+00
 -1.33933526e-01 -2.79709855e+00
 -1.91023913e-01 -2.87630274e+00
 -2.29515448e-01 -2.96139021e+00
 -2.80257516e-01 -3.05296240e+00
 -1.73993506e-01 -3.15170699e+00
 -3.20271116e-01 -3.25841364e+00
 -3.00441155e-01 -3.37399322e+00
 -3.41373796e-01 -3.49950159e+00
 -5.27284806e-01 -3.63616900e+00
 -3.96254099e-01 -3.78543696e+00
 -4.86659421e-01 -3.94900461e+00
 -4.54658227e-01 -4.12888753e+00
 -5.54327689e-01 -4.32749313e+00
 -6.16355536e-01 -4.54771781e+00
 -6.71778646e-01 -4.79307357e+00
 -7.68567824e-01 -5.06785420e+00
 -8.34667157e-01 -5.37735520e+00
 -9.75154602e-01 -5.72816715e+00
 -1.19415584e+00 -6.12856840e+00
 -1.30119248e+00 -6.58905133e+00
 -1.50716669e+00 -7.12302080e+00
 -1.85965960e+00 -7.74769481e+00
 -2.25762826e+00 -8.48517792e+00
 -2.96907044e+00 -9.36345796e+00
 -3.62969086e+00 -1.04163539e+01
 -4.87141658e+00 -1.16791324e+01
 -6.40036380e+00 -1.31690856e+01
 -9.29313181e+00 -1.48164017e+01
 -1.34154341e+01 -1.62380595e+01
 -2.01916166e+01 -1.61017472e+01
 -2.85034963e+01 -1.12334136e+01
 -3.29353060e+01 4.16047723e-01
 -2.80899365e+01 1.17324386e+01
 -1.96553089e+01 1.61781180e+01
 -1.29861875e+01 1.61456803e+01
 -8.98318560e+00 1.46907419e+01
 -6.42399936e+00 1.30521366e+01
 -4.68342294e+00 1.15796913e+01
 -3.62533393e+00 1.03337668e+01
 -2.86322088e+00 9.29497833e+00
 -2.27879890e+00 8.42803577e+00
 -1.89543245e+00 7.69958013e+00
 -1.54976259e+00 7.08211448e+00
 -1.41450109e+00 6.55394518e+00
 -1.10190729e+00 6.09817391e+00
 -9.21829397e-01 5.70163840e+00
 -8.56819775e-01 5.35402934e+00
 -7.53399611e-01 5.04720686e+00
 -6.56854313e-01 4.77468594e+00
 -6.66713958e-01 4.53125210e+00
 -5.77249851e-01 4.31267444e+00
 -3.57802221e-01 4.11549017e+00
 -4.41621653e-01 3.93684177e+00
 -3.04904782e-01 3.77435284e+00
 -4.00740530e-01 3.62603270e+00
 -2.74191741e-01 3.49020242e+00
 -4.19903939e-01 3.36543700e+00
 -2.35845875e-01 3.25051974e+00
 -1.63176874e-01 3.14440603e+00
 -2.23036613e-01 3.04619437e+00
 -2.06826312e-01 2.95510295e+00
 -1.49675406e-01 2.87045072e+00
 -2.19123640e-01 2.79164185e+00
 -1.62464817e-01 2.71815301e+00
 -1.66349761e-01 2.64952281e+00
 -1.16380153e-01 2.58534307e+00
 -1.69618019e-01 2.52525150e+00
 -9.49192722e-02 2.46892555e+00
 -1.88032908e-01 2.41607724e+00
 -1.60027949e-01 2.36644875e+00
 -2.34242174e-01 2.31980870e+00
 -9.66522439e-02 2.27594896e+00
 -3.80525109e-02 2.23468194e+00
 -5.43520656e-02 2.19583816e+00
 -6.42850294e-02 2.15926433e+00
 -1.31680349e-01 2.12482148e+00
 4.77966904e-03 2.09238353e+00
 -9.90813670e-02 2.06183589e+00
 -1.01036690e-01 2.03307432e+00
 3.36647595e-02 2.00600395e+00
 -1.32531079e-01 1.98053833e+00
 -5.55778383e-02 1.95659869e+00
 -1.29572023e-02 1.93411324e+00
 -1.83737914e-02 1.91301656e+00
 4.58486379e-03 1.89324906e+00
 -8.78073694e-02 1.87475655e+00
 -9.45564299e-02 1.85748975e+00
 9.58571078e-03 1.84140399e+00
 -6.02487141e-02 1.82645887e+00
 6.26361252e-03 1.81261793e+00
 -4.29114575e-02 1.79984850e+00
 -3.56723357e-02 1.78812137e+00
 2.37493891e-02 1.77741069e+00
 6.01704849e-02 1.76769377e+00
 6.04456961e-02 1.75895094e+00
 -6.29882998e-02 1.75116547e+00
 -6.83696313e-02 1.74432344e+00
 -6.88293155e-02 1.73841368e+00
 1.69214137e-01 1.73342773e+00
 4.11380128e-02 1.72935981e+00
 1.03562750e-01 1.72620680e+00
 -6.42887978e-02 1.72396823e+00
 2.43771581e-02 1.72264633e+00
 -4.69866712e-02 1.72224609e+00
 -2.12871908e-02 1.72277527e+00
 -2.29549126e-02 1.72424455e+00
 2.89936602e-02 1.72666762e+00
 4.67330939e-02 1.73006131e+00
 1.98605864e-03 1.73444577e+00
 1.22759528e-02 1.73984465e+00
 -1.36152490e-02 1.74628534e+00
 -1.61081492e-02 1.75379926e+00
 8.79652906e-02 1.76242213e+00
 -6.23712166e-03 1.77219436e+00
 -2.94307545e-02 1.78316145e+00
 -3.84542661e-02 1.79537448e+00
 1.07942331e-01 1.80889062e+00
 1.45353652e-01 1.82377383e+00
 2.12852521e-02 1.84009553e+00
 1.42213641e-01 1.85793545e+00
 6.08431569e-02 1.87738262e+00
 1.04796532e-01 1.89853651e+00
 4.50256116e-02 1.92150828e+00
 -7.03482679e-03 1.94642239e+00
 8.19348169e-02 1.97341832e+00
 1.16940069e-01 2.00265269e+00
 3.92168165e-02 2.03430173e+00
 1.57379111e-01 2.06856419e+00
 4.07660125e-02 2.10566482e+00
 1.61991908e-02 2.14585848e+00
 1.27953138e-02 2.18943509e+00
 1.66067745e-01 2.23672561e+00
 1.93226849e-01 2.28810925e+00
 1.68272424e-01 2.34402227e+00
 1.04734051e-01 2.40496875e+00
 1.00104329e-01 2.47153386e+00
 1.60793307e-01 2.54440039e+00
 1.22767883e-01 2.62436930e+00
 2.45661414e-01 2.71238574e+00
 1.64647153e-01 2.80957190e+00
 2.48503429e-01 2.91726914e+00
 3.00755098e-01 3.03709219e+00
 3.81600622e-01 3.17099963e+00
 3.48507309e-01 3.32138601e+00
 5.25720046e-01 3.49120325e+00
 6.29506026e-01 3.68412116e+00
 6.65474545e-01 3.90473993e+00
 8.06571397e-01 4.15886942e+00
 9.98805722e-01 4.45388817e+00
 1.13126916e+00 4.79917881e+00
 1.40103983e+00 5.20657677e+00
 1.73115832e+00 5.69057881e+00
 2.18439347e+00 6.26747828e+00
 2.85358873e+00 6.95082787e+00
 3.91353972e+00 7.73520019e+00
 5.64148186e+00 8.54378370e+00
 8.09073784e+00 9.07230198e+00
 1.18472462e+01 8.42336684e+00
 1.58150399e+01 4.94952774e+00
 1.67633454e+01 -1.31555911e+00
 1.36190243e+01 -6.27347922e+00
 9.63830431e+00 -7.93607614e+00
 6.53229144e+00 -7.75681354e+00
 4.50424957e+00 -7.01050159e+00
 3.27007465e+00 -6.19962619e+00
 2.47872203e+00 -5.47010270e+00
 1.92531549e+00 -4.84815304e+00
 1.49493440e+00 -4.32532171e+00
 1.23058696e+00 -3.88563840e+00
 9.71626673e-01 -3.51366349e+00
 8.06300578e-01 -3.19644477e+00
 7.17469947e-01 -2.92361684e+00
 7.05207858e-01 -2.68700969e+00
 4.58509171e-01 -2.48019626e+00
 4.98679041e-01 -2.29809997e+00
 3.31385982e-01 -2.13668334e+00
 3.98391599e-01 -1.99270936e+00
 4.00628375e-01 -1.86356070e+00
 2.64596408e-01 -1.74710323e+00
 2.13767036e-01 -1.64158250e+00
 1.71405012e-01 -1.54554489e+00
 2.73253743e-01 -1.45777703e+00
 2.65913470e-01 -1.37725904e+00
 1.87637411e-01 -1.30312794e+00
 1.58539773e-01 -1.23464902e+00
 1.02855409e-01 -1.17119309e+00
 1.53687241e-01 -1.11221839e+00
 8.75172969e-02 -1.05725599e+00
 9.39937866e-02 -1.00589803e+00
 1.74707391e-01 -9.57788149e-01
 1.90645510e-01 -9.12613568e-01
 1.31569524e-01 -8.70098663e-01
 6.17148148e-02 -8.29999574e-01
 5.21182584e-02 -7.92099732e-01
 1.34281320e-01 -7.56206111e-01
 1.45899989e-01 -7.22146069e-01
 5.49359753e-02 -6.89764687e-01
 1.52100818e-01 -6.58922494e-01
 1.58017320e-01 -6.29493539e-01
 4.82227346e-02 -6.01363730e-01
 -3.99182531e-02 -5.74429412e-01
 4.47754702e-02 -5.48596137e-01
 6.80401723e-02 -5.23777595e-01
 8.63303666e-02 -4.99894688e-01
 8.87902817e-02 -4.76874723e-01
 9.57261339e-02 -4.54650698e-01
 3.86289741e-02 -4.33160683e-01
 9.84316740e-02 -4.12347268e-01
 8.12858710e-02 -3.92157074e-01
 5.31506454e-02 -3.72540324e-01
 5.61257397e-02 -3.53450456e-01
 1.25671204e-01 -3.34843776e-01
 -2.35700018e-03 -3.16679147e-01
 -1.44237397e-02 -2.98917712e-01
 1.92348936e-02 -2.81522635e-01
 1.27495728e-01 -2.64458873e-01
 -6.77757944e-02 -2.47692961e-01
 1.26123743e-01 -2.31192816e-01
 9.61502919e-02 -2.14927559e-01
 6.08290594e-02 -1.98867342e-01
 1.11488990e-01 -1.82983190e-01
 -3.46502164e-02 -1.67246851e-01
 1.29664876e-01 -1.51630649e-01
 1.26393910e-01 -1.36107350e-01
 9.23833249e-02 -1.20650024e-01
 6.63597804e-02 -1.05231910e-01
 -2.03675862e-02 -8.98262903e-02
 9.45385494e-02 -7.44063542e-02
 3.51292829e-02 -5.89450665e-02
 7.33189737e-02 -4.34150306e-02
 2.13514972e-02 -2.77883485e-02
 1.35139355e-03 -1.20364739e-02
 9.43611937e-02 3.86994139e-03
 6.10639845e-02 1.99612111e-02
 5.83674225e-02 3.62687885e-02
 -5.84056914e-02 5.28254543e-02
 -1.61382568e-02 6.96655199e-02
 8.41704343e-02 8.68250496e-02
 1.03523715e-01 1.04342104e-01
 1.64971919e-01 1.22257010e-01
 4.25989407e-02 1.40612655e-01
 5.55903225e-02 1.59454824e-01
 -3.97116142e-02 1.78832570e-01
 1.11094342e-02 1.98798628e-01
 5.87291933e-02 2.19409895e-01
 -4.22462969e-02 2.40727957e-01
 7.06380421e-02 2.62819703e-01
 -1.40074819e-02 2.85758022e-01
 1.34766207e-01 3.09622594e-01
 8.27988045e-02 3.34500817e-01
 8.59438376e-02 3.60488864e-01
 9.50087956e-02 3.87692918e-01
 1.30615745e-01 4.16230604e-01
 1.41058202e-01 4.46232675e-01
 1.65883121e-01 4.77844981e-01
 1.16877107e-01 5.11230802e-01
 1.86606705e-01 5.46573611e-01
 1.91188487e-01 5.84080365e-01
 1.98956610e-02 6.23985452e-01
 1.25015799e-01 6.66555437e-01
 5.68160529e-02 7.12094805e-01
 2.07920657e-01 7.60952966e-01
 1.15199828e-01 8.13532821e-01
 1.83953978e-01 8.70301328e-01
 2.18962614e-01 9.31802613e-01
 1.68559215e-01 9.98674344e-01
 2.55833639e-01 1.07166834e+00
 2.56738986e-01 1.15167668e+00
 3.40693837e-01 1.23976503e+00
 2.59011687e-01 1.33721554e+00
 3.20135805e-01 1.44558227e+00
 3.94776462e-01 1.56676356e+00
 4.56098005e-01 1.70309650e+00
 4.57406816e-01 1.85748076e+00
 5.76449271e-01 2.03353988e+00
 6.46763964e-01 2.23582794e+00
 7.83255949e-01 2.47008298e+00
 9.51605311e-01 2.74350544e+00
 1.17459333e+00 3.06496595e+00
 1.44437823e+00 3.44483193e+00
 1.82610581e+00 3.89347650e+00
 2.49946028e+00 4.41569761e+00
 3.32181638e+00 4.99287864e+00
 4.66313869e+00 5.52965264e+00
 6.89459511e+00 5.71043157e+00
 9.70551716e+00 4.73974724e+00
 1.21930726e+01 1.56702104e+00
 1.20707463e+01 -2.97400254e+00
 9.45123418e+00 -6.00078875e+00
 6.57405091e+00 -6.86850803e+00
 4.54290800e+00 -6.65172958e+00
 3.34723631e+00 -6.10947754e+00
 2.37839313e+00 -5.53669102e+00
 1.84762511e+00 -5.02121053e+00
 1.44636112e+00 -4.57932387e+00
 1.19464238e+00 -4.20565415e+00
 8.36934271e-01 -3.88979464e+00
 8.23783851e-01 -3.62149169e+00
 7.31444564e-01 -3.39200942e+00
 5.22048067e-01 -3.19426672e+00
 5.43021413e-01 -3.02262243e+00
 4.40568453e-01 -2.87259888e+00
 3.29747993e-01 -2.74063222e+00
 3.07070376e-01 -2.62386966e+00
 2.31779393e-01 -2.52001123e+00
 1.57380245e-01 -2.42718841e+00
 2.32525857e-01 -2.34387141e+00
 2.04291297e-01 -2.26879827e+00
 1.63804572e-01 -2.20092037e+00
 1.22862521e-01 -2.13936033e+00
 1.75622446e-01 -2.08337928e+00
 1.66944379e-01 -2.03235117e+00
 1.34029309e-01 -1.98574252e+00
 1.42416098e-01 -1.94309628e+00
 1.37605641e-01 -1.90401897e+00
 1.16758882e-01 -1.86817027e+00
 1.18736443e-01 -1.83525454e+00
 2.89342980e-02 -1.80501400e+00
 4.11174522e-03 -1.77722301e+00
 1.49293906e-01 -1.75168345e+00
 1.90076280e-02 -1.72822081e+00
 7.18724514e-02 -1.70668097e+00
 1.09970825e-01 -1.68692747e+00
 2.43696812e-02 -1.66883927e+00
 4.55269439e-02 -1.65230876e+00
 8.44420155e-02 -1.63724019e+00
 8.01100589e-02 -1.62354819e+00
 -1.47105961e-02 -1.61115668e+00
 4.02584637e-02 -1.59999775e+00
 7.73148258e-02 -1.59001085e+00
 -3.07438190e-02 -1.58114199e+00
 -8.87204822e-02 -1.57334312e+00
 -9.59106398e-02 -1.56657154e+00
 3.28342730e-02 -1.56078944e+00
 -4.15548085e-02 -1.55596343e+00
 -1.76173357e-02 -1.55206422e+00
 -4.13703336e-03 -1.54906629e+00
 -1.42895088e-02 -1.54694759e+00
 -6.12334889e-02 -1.54568933e+00
 -2.54429368e-03 -1.54527581e+00
 6.19769091e-03 -1.54569416e+00
 3.24475697e-02 -1.54693429e+00
 -8.83992138e-03 -1.54898870e+00
 -2.95496513e-02 -1.55185245e+00
 4.35486514e-02 -1.55552301e+00
 -4.82910329e-02 -1.56000025e+00
 -7.02399760e-04 -1.56528642e+00
 -2.78283206e-02 -1.57138606e+00
 -3.28097539e-02 -1.57830607e+00
 -3.35930619e-02 -1.58605569e+00
 -3.47312841e-02 -1.59464651e+00
 -3.49444472e-02 -1.60409255e+00
 -8.29697129e-02 -1.61441034e+00
 2.32352162e-02 -1.62561892e+00
 1.19835738e-02 -1.63774006e+00
 -4.45621154e-02 -1.65079825e+00
 1.06092640e-03 -1.66482097e+00
 8.60536306e-04 -1.67983874e+00
 -2.46712774e-02 -1.69588538e+00
 -7.49295069e-02 -1.71299821e+00
 -4.60265310e-02 -1.73121829e+00
 -7.48111522e-02 -1.75059069e+00
 2.83229435e-02 -1.77116482e+00
 -3.25314830e-02 -1.79299477e+00
 -1.16117708e-01 -1.81613974e+00
 -4.29079602e-02 -1.84066447e+00
 -1.17310993e-01 -1.86663976e+00
 -1.19476911e-01 -1.89414306e+00
 -1.25908985e-01 -1.92325912e+00
 -7.02320957e-02 -1.95408075e+00
 -7.10904790e-02 -1.98670965e+00
 -9.64694613e-02 -2.02125741e+00
 -1.65101511e-01 -2.05784657e+00
 -9.00883003e-02 -2.09661193e+00
 -1.01141723e-01 -2.13770195e+00
 -1.40392868e-01 -2.18128044e+00
 -1.47177826e-01 -2.22752847e+00
 -1.43126208e-01 -2.27664661e+00
 -1.25938524e-01 -2.32885743e+00
 -1.63932427e-01 -2.38440857e+00
 -2.12938725e-01 -2.44357620e+00
 -2.97687230e-01 -2.50666909e+00
 -2.11933303e-01 -2.57403347e+00
 -2.08925152e-01 -2.64605873e+00
 -1.80744837e-01 -2.72318417e+00
 -1.78130307e-01 -2.80590704e+00
 -2.61800491e-01 -2.89479231e+00
 -2.58306554e-01 -2.99048422e+00
 -2.88111129e-01 -3.09372047e+00
 -3.32278559e-01 -3.20534941e+00
 -2.57331459e-01 -3.32635109e+00
 -4.06692207e-01 -3.45786323e+00
 -3.95622033e-01 -3.60121352e+00
 -3.98040900e-01 -3.75795976e+00
 -6.27896817e-01 -3.92994056e+00
 -5.66871251e-01 -4.11933931e+00
 -5.15697238e-01 -4.32876583e+00
 -7.27192456e-01 -4.56136102e+00
 -8.56991262e-01 -4.82093178e+00
 -9.20278943e-01 -5.11212586e+00
 -1.03244217e+00 -5.44065847e+00
 -1.14601026e+00 -5.81360526e+00
 -1.39831988e+00 -6.23977621e+00
 -1.66101307e+00 -6.73017761e+00
 -1.91748550e+00 -7.29854021e+00
 -2.34533718e+00 -7.96180172e+00
 -2.99761220e+00 -8.74017504e+00
 -3.71452832e+00 -9.65571740e+00
 -4.86298343e+00 -1.07263028e+01
 -6.40432348e+00 -1.19462006e+01
 -8.77781470e+00 -1.32285342e+01
 -1.24601799e+01 -1.42450234e+01
 -1.75945268e+01 -1.40446944e+01
 -2.42509117e+01 -1.06021705e+01
 -2.87291964e+01 -2.25794943e+00
 -2.68646738e+01 7.54849901e+00
 -2.05472737e+01 1.31987389e+01
 -1.45317005e+01 1.45583906e+01
 -1.01519537e+01 1.39206786e+01
 -7.35509996e+00 1.26968937e+01
 -5.44489692e+00 1.14323659e+01
 -4.12050282e+00 1.02932288e+01
 -3.15009769e+00 9.31100821e+00
 -2.55432538e+00 8.47485310e+00
 -2.05595630e+00 7.76348255e+00
 -1.75367630e+00 7.15559192e+00
 -1.60259558e+00 6.63277879e+00
 -1.28447994e+00 6.17995189e+00
 -1.09152484e+00 5.78496929e+00
 -9.50352008e-01 5.43811136e+00
 -8.67027963e-01 5.13158539e+00
 -7.52444504e-01 4.85911350e+00
 -6.62136411e-01 4.61560588e+00
 -5.70051499e-01 4.39690679e+00
 -4.66967842e-01 4.19959853e+00
 -4.96264995e-01 4.02085016e+00
 -3.99033554e-01 3.85830048e+00
 -3.50736252e-01 3.70996693e+00
 -4.90452119e-01 3.57417436e+00
 -3.80972744e-01 3.44949889e+00
 -3.59540766e-01 3.33472340e+00
 -2.20998091e-01 3.22880197e+00
 -3.11763612e-01 3.13083132e+00
 -2.80821335e-01 3.04002773e+00
 -2.56702240e-01 2.95570817e+00
 -1.79864856e-01 2.87727495e+00
 -2.17707606e-01 2.80420302e+00
 -2.37951656e-01 2.73602946e+00
 -1.56648826e-01 2.67234473e+00
 -2.24348017e-01 2.61278538e+00
 -1.73242729e-01 2.55702791e+00
 -6.59948437e-02 2.50478352e+00
 -9.89043406e-02 2.45579380e+00
 -4.03046703e-02 2.40982691e+00
 -1.29145457e-01 2.36667444e+00
 -7.38118898e-02 2.32614861e+00
 -2.09895040e-01 2.28807995e+00
 -1.18285748e-01 2.25231526e+00
 -6.51874291e-02 2.21871580e+00
 -2.21056659e-02 2.18715584e+00
 -4.80422930e-02 2.15752122e+00
 -8.13771040e-02 2.12970828e+00
 -1.40708741e-01 2.10362280e+00
 -1.51441553e-02 2.07917909e+00
 -2.93862863e-02 2.05629925e+00
 -5.97956314e-02 2.03491244e+00
 -3.20041658e-02 2.01495430e+00
 5.23276710e-04 1.99636643e+00
 -7.06994545e-02 1.97909585e+00
 7.72116004e-03 1.96309470e+00
 -5.00116761e-02 1.94831976e+00
 -6.00795793e-02 1.93473221e+00
 -5.00391074e-02 1.92229732e+00
 -1.50563244e-02 1.91098422e+00
 -3.26417346e-02 1.90076566e+00
 4.99548544e-02 1.89161789e+00
 -5.25407007e-02 1.88352044e+00
 6.82797237e-03 1.87645602e+00
 6.20658049e-02 1.87041042e+00
 -1.12529489e-01 1.86537245e+00
 6.72798475e-02 1.86133383e+00
 -9.28408696e-02 1.85828919e+00
 -5.03501624e-03 1.85623603e+00
 -6.81582407e-02 1.85517475e+00
 -6.17748025e-03 1.85510866e+00
 -3.16012763e-02 1.85604402e+00
 -6.35188029e-02 1.85799010e+00
 3.53420289e-02 1.86095930e+00
 8.25377222e-02 1.86496724e+00
 1.03853011e-01 1.87003291e+00
 -2.65061667e-02 1.87617886e+00
 2.60239293e-02 1.88343135e+00
 2.74138848e-02 1.89182064e+00
 -7.44588423e-02 1.90138123e+00
 3.62806435e-02 1.91215222e+00
 6.13177495e-02 1.92417760e+00
 1.41827167e-02 1.93750675e+00
 1.52698755e-02 1.95219488e+00
 -1.05554315e-02 1.96830359e+00
 1.78825422e-02 1.98590151e+00
 8.88426773e-02 2.00506502e+00
 8.25866972e-02 2.02587910e+00
 -5.80946673e-02 2.04843827e+00
 9.55790914e-02 2.07284776e+00
 7.35180557e-02 2.09922472e+00
 1.18028823e-01 2.12769978e+00
 1.00982246e-01 2.15841874e+00
 7.76725554e-02 2.19154462e+00
 8.49567711e-02 2.22726001e+00
 1.40966796e-01 2.26576984e+00
 1.66284388e-01 2.30730471e+00
 1.77340333e-01 2.35212467e+00
 7.16639570e-02 2.40052392e+00
 1.60463890e-01 2.45283624e+00
 1.45283733e-01 2.50944162e+00
 1.00786289e-01 2.57077418e+00
 2.08466701e-01 2.63733180e+00
 2.92121327e-01 2.70968789e+00
 3.01818786e-01 2.78850569e+00
 3.08149705e-01 2.87455605e+00
 3.01385482e-01 2.96873935e+00
 3.26007612e-01 3.07211296e+00
 3.83151481e-01 3.18592564e+00
 4.01741845e-01 3.31166103e+00
 4.31263586e-01 3.45109300e+00
 5.20003056e-01 3.60635632e+00
 5.27736172e-01 3.78003735e+00
 6.04147644e-01 3.97529065e+00
 6.53107836e-01 4.19598861e+00
 8.66628354e-01 4.44691158e+00
 1.00475021e+00 4.73398373e+00
 1.12875980e+00 5.06454992e+00
 1.43592769e+00 5.44765734e+00
 1.68849075e+00 5.89421865e+00
 2.08939983e+00 6.41669688e+00
 2.68382314e+00 7.02731489e+00
 3.45552119e+00 7.73205247e+00
 4.59093118e+00 8.51294314e+00
 6.30331315e+00 9.27871361e+00
 8.86368743e+00 9.73721486e+00
 1.24850085e+01 9.13667894e+00
 1.64671476e+01 6.15943533e+00
 1.85038691e+01 4.02317175e-01
 1.64774929e+01 -5.30253536e+00
 1.23112795e+01 -8.19997171e+00
 8.90389791e+00 -8.75846203e+00
 6.18377958e+00 -8.28683533e+00
 4.52201113e+00 -7.51976228e+00
 3.45839243e+00 -6.74108137e+00
 2.68486900e+00 -6.03902015e+00
 2.03680174e+00 -5.43058808e+00
 1.75031673e+00 -4.90958134e+00
 1.45955118e+00 -4.46378950e+00
 1.12816648e+00 -4.08082541e+00
 1.02258424e+00 -3.74985837e+00
 8.54062383e-01 -3.46191232e+00
 7.49737069e-01 -3.20969959e+00
 6.91999875e-01 -2.98734052e+00
 5.49573839e-01 -2.79008894e+00
 5.06589881e-01 -2.61409844e+00
 4.84805636e-01 -2.45623406e+00
 3.41189927e-01 -2.31392419e+00
 4.24610236e-01 -2.18504497e+00
 3.22488335e-01 -2.06783045e+00
 2.31250501e-01 -1.96080256e+00
 2.79049818e-01 -1.86271621e+00
 2.24766718e-01 -1.77251618e+00
 1.85555943e-01 -1.68930296e+00
 1.78699723e-01 -1.61230551e+00
 2.27773028e-01 -1.54085949e+00
 2.65917926e-01 -1.47438961e+00
 1.44490060e-01 -1.41239542e+00
 1.90868682e-01 -1.35443959e+00
 1.34718483e-01 -1.30013836e+00
 2.40205824e-01 -1.24915361e+00
 1.37090759e-01 -1.20118636e+00
 2.17452657e-01 -1.15597119e+00
 1.58352138e-01 -1.11327174e+00
 1.12397098e-01 -1.07287680e+00
 5.86040122e-02 -1.03459704e+00
 1.05582004e-01 -9.98262226e-01
 1.00293121e-01 -9.63718845e-01
 8.05409352e-02 -9.30828084e-01
 4.50208916e-02 -8.99464064e-01
 1.40612042e-01 -8.69512341e-01
 1.54010578e-01 -8.40868595e-01
 3.97294787e-02 -8.13437490e-01
 9.58228533e-02 -7.87131686e-01
 7.25109451e-02 -7.61870973e-01
 9.37709094e-03 -7.37581504e-01
 1.13496154e-01 -7.14195129e-01
 4.15826580e-02 -6.91648800e-01
 8.50161292e-03 -6.69884049e-01
 1.26386459e-01 -6.48846520e-01
 3.53210304e-02 -6.28485551e-01
 7.57149658e-02 -6.08753806e-01
 -2.59044140e-02 -5.89606936e-01
 -6.11803323e-02 -5.71003284e-01
 9.44445596e-02 -5.52903606e-01
 8.81237353e-02 -5.35270831e-01
 4.05170569e-02 -5.18069832e-01
 1.07608567e-01 -5.01267220e-01
 2.31278486e-02 -4.84831156e-01
 4.48906818e-02 -4.68731175e-01
 1.35570666e-02 -4.52938022e-01
 -1.52527335e-03 -4.37423502e-01
 6.11096722e-02 -4.22160335e-01
 5.38153661e-02 -4.07122019e-01
 5.25260761e-02 -3.92282700e-01
 7.08811459e-02 -3.77617046e-01
 1.16943816e-01 -3.63100126e-01
 2.21813967e-02 -3.48707286e-01
 1.62146681e-02 -3.34414036e-01
 7.59758546e-02 -3.20195922e-01
 -6.20050343e-02 -3.06028411e-01
 -6.50403430e-03 -2.91886768e-01
 9.31698193e-02 -2.77745921e-01
 4.00471009e-02 -2.63580335e-01
 1.13302733e-01 -2.49363868e-01
 -3.66291050e-02 -2.35069623e-01
 -6.54470854e-04 -2.20669788e-01
 8.14821211e-02 -2.06135464e-01
 5.40868836e-02 -1.91436477e-01
 -4.62811779e-02 -1.76541175e-01
 2.19562372e-02 -1.61416198e-01
 9.40323507e-02 -1.46026232e-01
 4.69746256e-02 -1.30333729e-01
 -8.98026815e-02 -1.14298592e-01
 2.73761855e-02 -9.78778246e-02
 2.12797342e-02 -8.10251343e-02
 1.62464702e-01 -6.36904783e-02
 1.26011289e-02 -4.58195485e-02
 7.02596186e-02 -2.73531796e-02
 7.41424223e-02 -8.22666895e-03
 -1.24329494e-02 1.16310106e-02
 -1.84327940e-02 3.22981232e-02
 4.74675779e-02 5.38612343e-02
 4.15298286e-02 7.64164564e-02
 1.00705197e-01 1.00070913e-01
 9.55127684e-02 1.24944469e-01
 1.10839434e-01 1.51171782e-01
 1.48208851e-01 1.78904752e-01
 1.36772242e-01 2.08315451e-01
 1.37978700e-01 2.39599655e-01
 3.83683915e-02 2.72981126e-01
 6.47447494e-02 3.08716812e-01
 2.33988271e-02 3.47103230e-01
 1.68877184e-01 3.88484315e-01
 1.04945483e-01 4.33261157e-01
 1.47802811e-01 4.81904127e-01
 1.71827883e-01 5.34968083e-01
 1.98321093e-01 5.93111552e-01
 2.45051012e-01 6.57121027e-01
 2.75639282e-01 7.27941896e-01
 2.88456654e-01 8.06717873e-01
 2.62607574e-01 8.94841246e-01
 3.42390106e-01 9.94016449e-01
 3.16471413e-01 1.10633907e+00
 4.60408045e-01 1.23439015e+00
 4.95764226e-01 1.38133850e+00
 6.56534357e-01 1.55102382e+00
 7.45843762e-01 1.74794151e+00
 9.99347501e-01 1.97691335e+00
 1.22321269e+00 2.24187024e+00
 1.68871577e+00 2.54222274e+00
 2.16044576e+00 2.86280406e+00
 2.93276391e+00 3.14734826e+00
 4.18109201e+00 3.23560469e+00
 5.67578278e+00 2.76146799e+00
 7.26052642e+00 1.22022189e+00
 7.61487449e+00 -1.24904457e+00
 6.55538143e+00 -3.35836613e+00
 4.81631992e+00 -4.31572175e+00
 3.57627357e+00 -4.44900659e+00
 2.54628330e+00 -4.23419198e+00
