 NaN NaN
 7.35471277e-03 8.18260086e-01
 3.12118278e-02 8.18482954e-01
 -4.97580162e-03 8.18848040e-01
 3.43119524e-02 8.19354707e-01
 -6.70408430e-02 8.20002827e-01
 5.20236769e-03 8.20792559e-01
 -9.82698140e-02 8.21724270e-01
 -4.14210029e-02 8.22798503e-01
 -1.23302493e-01 8.24015959e-01
 -2.97441340e-03 8.25377483e-01
 3.30176268e-02 8.26884061e-01
 -7.71278793e-02 8.28536816e-01
 -1.09024044e-02 8.30337008e-01
 2.93840344e-02 8.32286034e-01
 3.97095462e-02 8.34385425e-01
 -2.39916870e-02 8.36636855e-01
 3.20432242e-02 8.39042136e-01
 8.36346819e-02 8.41603225e-01
 -2.57045678e-02 8.44322226e-01
 8.19363838e-02 8.47201395e-01
 4.15435448e-02 8.50243141e-01
 4.11476536e-02 8.53450035e-01
 -1.36327262e-01 8.56824812e-01
 -5.23475243e-02 8.60370377e-01
 -2.00637176e-02 8.64089811e-01
 -2.64357870e-02 8.67986382e-01
 3.57004651e-02 8.72063542e-01
 1.30737127e-02 8.76324946e-01
 2.53107858e-02 8.80774452e-01
 1.67873971e-02 8.85416132e-01
 -6.77805153e-03 8.90254285e-01
 -5.79282129e-02 8.95293440e-01
 9.38951191e-02 9.00538375e-01
 -3.54253901e-03 9.05994120e-01
 3.69698015e-03 9.11665977e-01
 2.43417003e-02 9.17559527e-01
 -1.78847535e-02 9.23680650e-01
 4.45638908e-02 9.30035535e-01
 -8.93241620e-02 9.36630700e-01
 8.16917092e-02 9.43473008e-01
 5.25004354e-02 9.50569685e-01
 1.29732867e-01 9.57928342e-01
 4.88695234e-02 9.65556994e-01
 -1.29404022e-02 9.73464088e-01
 -1.53187032e-02 9.81658522e-01
 1.75297478e-02 9.90149675e-01
 -3.05580900e-02 9.98947439e-01
 5.70788626e-02 1.00806224e+00
 -9.42220001e-03 1.01750509e+00
 -2.16952154e-02 1.02728761e+00
 -5.60143637e-03 1.03742205e+00
 -3.48830882e-02 1.04792137e+00
 -7.77978809e-02 1.05879929e+00
 -2.47676248e-03 1.07007027e+00
 -6.30332358e-02 1.08174965e+00
 5.55994063e-02 1.09385365e+00
 1.42025623e-02 1.10639947e+00
 1.74726565e-03 1.11940532e+00
 -9.07885262e-04 1.13289054e+00
 -6.67763463e-03 1.14687565e+00
 5.65495672e-02 1.16138245e+00
 2.80597756e-02 1.17643410e+00
 6.40194858e-02 1.19205527e+00
 1.67375753e-02 1.20827222e+00
 1.37005475e-02 1.22511292e+00
 -2.80451947e-02 1.24260723e+00
 1.87416742e-02 1.26078703e+00
 5.84969291e-02 1.27968638e+00
 7.19407386e-02 1.29934174e+00
 -8.06334873e-03 1.31979214e+00
 6.22992737e-02 1.34107944e+00
 -3.61981364e-02 1.36324858e+00
 4.60067910e-02 1.38634785e+00
 6.61603569e-02 1.41042922e+00
 -2.24516158e-02 1.43554868e+00
 4.16070237e-02 1.46176664e+00
 1.35899794e-01 1.48914837e+00
 -3.21506779e-02 1.51776449e+00
 -1.24179779e-03 1.54769154e+00
 8.36442094e-02 1.57901257e+00
 -3.44594155e-02 1.61181789e+00
 5.40513611e-02 1.64620586e+00
 -4.81007224e-02 1.68228377e+00
 1.49744038e-02 1.72016892e+00
 1.12717250e-01 1.75998977e+00
 1.48171904e-02 1.80188733e+00
 4.12476829e-03 1.84601667e+00
 7.02077539e-02 1.89254877e+00
 -6.15909579e-03 1.94167258e+00
 6.52137642e-02 1.99359743e+00
 -2.22585747e-02 2.04855584e+00
 -3.75283866e-02 2.10680685e+00
 4.09477053e-03 2.16863985e+00
 -1.87507200e-02 2.23437919e+00
 1.62665538e-02 2.30438959e+00
 1.35267671e-02 2.37908261e+00
 5.09030132e-02 2.45892441e+00
 -3.66975809e-02 2.54444510e+00
 7.63787829e-02 2.63625006e+00
 1.55350282e-01 2.73503376e+00
 6.32832950e-02 2.84159679e+00
 1.19303124e-01 2.95686685e+00
 1.52505421e-01 3.08192499e+00
 1.19158439e-01 3.21803863e+00
 1.02147924e-01 3.36670343e+00
 1.35968282e-01 3.52969701e+00
 1.33145231e-01 3.70914856e+00
 1.69544551e-01 3.90763008e+00
 2.00066057e-01 4.12827760e+00
 1.95866438e-01 4.37495439e+00
 1.65299026e-01 4.65247416e+00
 1.43512008e-01 4.96691174e+00
 2.76203062e-01 5.32604361e+00
 3.71707625e-01 5.73998642e+00
 3.64742442e-01 6.22214499e+00
 5.40919194e-01 6.79065938e+00
 4.91816867e-01 7.47068497e+00
 5.96983472e-01 8.29811933e+00
 8.27832153e-01 9.32596193e+00
 1.15752481e+00 1.06357324e+01
 1.62805925e+00 1.23592535e+01
 2.07357416e+00 1.47233448e+01
 3.28590181e+00 1.81497470e+01
 5.48635965e+00 2.34997102e+01
 1.14689029e+01 3.26808360e+01
 3.22842836e+01 4.84284364e+01
 1.02831476e+02 1.52215001e+01
 4.32253128e+01 -5.17961941e+01
 1.40162438e+01 -3.59019034e+01
 6.53461270e+00 -2.55010537e+01
 3.76023128e+00 -1.95496759e+01
 2.33705172e+00 -1.58085230e+01
 1.59106374e+00 -1.32632583e+01
 1.25875371e+00 -1.14270600e+01
 9.71122246e-01 -1.00428991e+01
 8.00485974e-01 -8.96361935e+00
 5.38978043e-01 -8.09930939e+00
 5.36712517e-01 -7.39208387e+00
 4.61958067e-01 -6.80305140e+00
 2.70663054e-01 -6.30514233e+00
 3.67929949e-01 -5.87894776e+00
 3.31217864e-01 -5.51019573e+00
 2.09705396e-01 -5.18816111e+00
 2.46437426e-01 -4.90463054e+00
 1.56255126e-01 -4.65320922e+00
 1.29798668e-01 -4.42884487e+00
 1.74081467e-01 -4.22749364e+00
 1.76362103e-01 -4.04588085e+00
 7.91591524e-02 -3.88132680e+00
 1.60752326e-01 -3.73161772e+00
 2.90325562e-02 -3.59490895e+00
 2.98515738e-02 -3.46965124e+00
 4.97529114e-02 -3.35453409e+00
 9.98221994e-02 -3.24844155e+00
 -3.54028879e-02 -3.15041756e+00
 2.34249966e-02 -3.05963843e+00
 1.00181462e-01 -2.97539078e+00
 1.45234475e-01 -2.89705381e+00
 6.74429668e-02 -2.82408487e+00
 6.96887034e-02 -2.75600758e+00
 9.26044408e-02 -2.69240218e+00
 2.81340792e-02 -2.63289743e+00
 6.98243883e-02 -2.57716393e+00
 6.69695862e-02 -2.52490842e+00
 5.30049767e-02 -2.47586914e+00
 1.57597806e-01 -2.42981177e+00
 -1.78844105e-02 -2.38652604e+00
 -3.09325434e-03 -2.34582283e+00
 2.83679554e-02 -2.30753167e+00
 9.85706926e-02 -2.27149864e+00
 5.21757083e-02 -2.23758449e+00
 -2.55966282e-02 -2.20566309e+00
 2.82811493e-02 -2.17561999e+00
 5.76865578e-02 -2.14735126e+00
 3.72178025e-02 -2.12076243e+00
 -2.92882083e-02 -2.09576756e+00
 9.96633727e-02 -2.07228847e+00
 1.00017249e-01 -2.05025400e+00
 1.13181770e-03 -2.02959938e+00
 6.55686899e-03 -2.01026573e+00
 5.09890117e-02 -1.99219957e+00
 -3.15950442e-02 -1.97535236e+00
 3.57880681e-02 -1.95968016e+00
 -3.12685260e-02 -1.94514330e+00
 5.68372022e-02 -1.93170609e+00
 3.38729098e-02 -1.91933659e+00
 -1.45780544e-01 -1.90800636e+00
 -2.95423483e-02 -1.89769028e+00
 -1.19891637e-01 -1.88836640e+00
 5.57614572e-02 -1.88001583e+00
 -3.44963919e-02 -1.87262258e+00
 3.80177012e-02 -1.86617348e+00
 -7.14009109e-02 -1.86065814e+00
 6.79887389e-02 -1.85606889e+00
 2.49720637e-02 -1.85240073e+00
 -3.00916564e-02 -1.84965135e+00
 6.82974073e-02 -1.84782112e+00
 -7.99730535e-02 -1.84691315e+00
 -2.78487570e-02 -1.84693330e+00
 1.24941951e-03 -1.84789030e+00
 1.96833737e-03 -1.84979580e+00
 -1.80876463e-02 -1.85266452e+00
 3.83194019e-02 -1.85651442e+00
 6.43166206e-02 -1.86136681e+00
 5.54742919e-02 -1.86724664e+00
 -5.29537700e-02 -1.87418268e+00
 -3.15195950e-03 -1.88220784e+00
 -7.87855999e-03 -1.89135950e+00
 -7.66518077e-03 -1.90167988e+00
 -1.11110421e-01 -1.91321648e+00
 3.71148563e-02 -1.92602262e+00
 -8.76293698e-02 -1.94015799e+00
 3.64758685e-02 -1.95568933e+00
 7.87186526e-02 -1.97269126e+00
 -3.55749415e-02 -1.99124712e+00
 -7.15213351e-02 -2.01145009e+00
 -3.74163251e-02 -2.03340436e+00
 -7.40394915e-02 -2.05722658e+00
 -4.33630287e-02 -2.08304754e+00
 -2.52928258e-02 -2.11101414e+00
 -4.35953401e-02 -2.14129168e+00
 -8.74207974e-02 -2.17406661e+00
 -1.27126506e-02 -2.20954984e+00
 5.71050184e-02 -2.24798056e+00
 -6.93329635e-02 -2.28963101e+00
 -1.07283473e-01 -2.33481207e+00
 -1.45507207e-01 -2.38388020e+00
 -6.21409223e-02 -2.43724584e+00
 -4.08514010e-02 -2.49538378e+00
 -7.74055613e-02 -2.55884603e+00
 -1.70600875e-01 -2.62827794e+00
 -3.60764887e-02 -2.70443846e+00
 -6.14537158e-02 -2.78822604e+00
 -9.36984695e-02 -2.88071183e+00
 -1.70077062e-01 -2.98318294e+00
 -1.51132799e-01 -3.09719920e+00
 -2.07922474e-01 -3.22466897e+00
 -1.72504162e-01 -3.36795144e+00
 -2.31246988e-01 -3.52999714e+00
 -1.65510687e-01 -3.71454420e+00
 -2.11346234e-01 -3.92639771e+00
 -2.83599661e-01 -4.17183617e+00
 -3.39601905e-01 -4.45921712e+00
 -3.37575104e-01 -4.79990436e+00
 -5.22488922e-01 -5.20973212e+00
 -6.36460477e-01 -5.71139880e+00
 -6.88490150e-01 -6.33853859e+00
 -9.48036111e-01 -7.14295858e+00
 -1.21542320e+00 -8.20811940e+00
 -1.86929237e+00 -9.67530306e+00
 -3.19456473e+00 -1.17943761e+01
 -5.65706876e+00 -1.49977556e+01
 -1.19467637e+01 -1.96261876e+01
 -2.99433728e+01 -1.96019404e+01
 -3.79789534e+01 1.15441614e+01
 -1.58556979e+01 1.95949232e+01
 -7.05625735e+00 1.49230303e+01
 -3.78936413e+00 1.12748997e+01
 -2.31755542e+00 8.87342126e+00
 -1.56389143e+00 7.23545872e+00
 -1.20154535e+00 6.06222010e+00
 -7.44461667e-01 5.18564051e+00
 -7.04882435e-01 4.50789904e+00
 -4.68142528e-01 3.96917387e+00
 -3.95086062e-01 3.53113790e+00
 -2.89229422e-01 3.16821815e+00
 -3.36923036e-01 2.86274776e+00
 -2.01887511e-01 2.60215285e+00
 -1.74294110e-01 2.37725207e+00
 -1.67183092e-01 2.18119064e+00
 -2.13565819e-01 2.00875060e+00
 -1.95321689e-01 1.85589160e+00
 -1.47218763e-01 1.71943750e+00
 -6.50419539e-02 1.59685765e+00
 -9.03040566e-02 1.48611121e+00
 -1.36008887e-01 1.38553432e+00
 -6.90317523e-02 1.29375698e+00
 -5.21608605e-02 1.20964098e+00
 1.25910932e-02 1.13223286e+00
 -4.54227497e-02 1.06072786e+00
 -2.47252569e-02 9.94441954e-01
 -1.99279778e-01 9.32789989e-01
 -5.84306186e-02 8.75268359e-01
 -1.01201088e-02 8.21441203e-01
 -1.17405808e-01 7.70929299e-01
 -2.37313828e-02 7.23401069e-01
 -1.28272835e-01 6.78565231e-01
 -9.53801923e-02 6.36164768e-01
 -8.93784035e-03 5.95971935e-01
 -1.28191739e-01 5.57784107e-01
 -1.85890787e-02 5.21420313e-01
 -9.12706621e-02 4.86718312e-01
 -1.83486141e-01 4.53532128e-01
 -1.08763732e-01 4.21729954e-01
 -6.65940908e-04 3.91192363e-01
 -5.95311072e-02 3.61810779e-01
 -4.93029747e-02 3.33486156e-01
 -5.43240746e-02 3.06127839e-01
 -4.35748070e-03 2.79652574e-01
 -3.60149164e-02 2.53983649e-01
 -8.46477036e-02 2.29050133e-01
 -9.52268438e-02 2.04786222e-01
 3.56059670e-02 1.81130646e-01
 -1.19420681e-02 1.58026159e-01
 -1.77515747e-02 1.35419071e-01
 4.33259083e-02 1.13258839e-01
 3.45643411e-03 9.14977000e-02
 -1.31988745e-01 7.00903307e-02
 -1.41573540e-02 4.89935499e-02
 1.60626789e-02 2.81660388e-02
 1.49627935e-02 7.56808808e-03
 -4.39402825e-02 -1.28386380e-02
 -4.21330287e-02 -3.30913201e-02
 -2.60397568e-02 -5.32261898e-02
 -7.69241660e-02 -7.32787241e-02
 -1.61303637e-02 -9.32838316e-02
 3.26454980e-02 -1.13276032e-01
 -4.86256917e-02 -1.33289630e-01
 -2.41692515e-02 -1.53358889e-01
 -2.96161121e-02 -1.73518199e-01
 -7.83008087e-02 -1.93802252e-01
 -9.31943666e-03 -2.14246211e-01
 -4.76117608e-02 -2.34885892e-01
 -8.31748385e-02 -2.55757948e-01
 -5.60854174e-02 -2.76900059e-01
 -7.36152339e-03 -2.98351136e-01
 -9.56309574e-02 -3.20151539e-01
 -7.58266434e-02 -3.42343302e-01
 2.64256285e-02 -3.64970385e-01
 -5.36940809e-02 -3.88078940e-01
 -1.15315600e-01 -4.11717609e-01
 -7.02122460e-02 -4.35937843e-01
 4.71508764e-02 -4.60794257e-01
 -6.48763823e-02 -4.86345025e-01
 -7.04183929e-02 -5.12652319e-01
 -1.77938340e-02 -5.39782801e-01
 -7.55827032e-02 -5.67808167e-01
 -8.99894108e-02 -5.96805775e-01
 -7.18459492e-02 -6.26859345e-01
 -4.89384725e-02 -6.58059753e-01
 -6.87475352e-02 -6.90505947e-01
 -5.96257051e-02 -7.24305981e-01
 -2.87967683e-02 -7.59578217e-01
 -9.37912999e-02 -7.96452699e-01
 -1.50705562e-01 -8.35072752e-01
 1.05138516e-03 -8.75596835e-01
 -6.63232021e-02 -9.18200712e-01
 -1.17505142e-02 -9.63079985e-01
 -4.83757985e-02 -1.01045309e+00
 -2.02054033e-02 -1.06056483e+00
 -6.93764311e-02 -1.11369059e+00
 -1.00829196e-02 -1.17014137e+00
 -1.55703248e-01 -1.23026981e+00
 4.76047381e-03 -1.29447753e+00
 -5.81317756e-02 -1.36322400e+00
 -1.62993438e-01 -1.43703746e+00
 -1.31361717e-01 -1.51652831e+00
 -1.31223278e-01 -1.60240584e+00
 -5.61026918e-02 -1.69549915e+00
 -2.25452553e-02 -1.79678351e+00
 -4.06266012e-02 -1.90741412e+00
 -1.20978803e-01 -2.02876949e+00
 -1.52919461e-01 -2.16250802e+00
 -2.78013628e-01 -2.31064248e+00
 -2.06835397e-01 -2.47563959e+00
 -2.34704873e-01 -2.66055479e+00
 -2.62859374e-01 -2.86921763e+00
 -3.60423070e-01 -3.10649123e+00
 -3.70823599e-01 -3.37864227e+00
 -3.77897072e-01 -3.69387969e+00
 -4.51398868e-01 -4.06315758e+00
 -6.06830666e-01 -4.50140288e+00
 -7.45257957e-01 -5.02944612e+00
 -9.27553011e-01 -5.67715224e+00
 -1.20332802e+00 -6.48865869e+00
 -1.63290829e+00 -7.53138920e+00
 -2.19749144e+00 -8.91173934e+00
 -3.42872663e+00 -1.08008346e+01
 -5.47905415e+00 -1.34602361e+01
 -9.93672077e+00 -1.71094522e+01
 -2.08422122e+01 -2.01100471e+01
 -3.95469671e+01 -8.06178196e+00
 -3.15177494e+01 1.82012517e+01
 -1.47953576e+01 2.04444329e+01
 -7.54545781e+00 1.66045336e+01
 -4.38391966e+00 1.34004520e+01
 -2.91107056e+00 1.11231424e+01
 -1.98601754e+00 9.48808234e+00
 -1.37161325e+00 8.27563374e+00
 -1.23544282e+00 7.34746987e+00
 -9.62724829e-01 6.61708852e+00
 -6.85310881e-01 6.02888659e+00
 -5.60412885e-01 5.54591195e+00
 -4.87581641e-01 5.14280991e+00
 -5.48525711e-01 4.80167452e+00
 -3.77863046e-01 4.50953351e+00
 -3.49354260e-01 4.25677553e+00
 -2.91103667e-01 4.03613702e+00
 -3.02842390e-01 3.84203179e+00
 -1.50286382e-01 3.67009641e+00
 -1.97104719e-01 3.51687495e+00
 -2.23638962e-01 3.37959600e+00
 -1.11761433e-01 3.25601205e+00
 -8.89292369e-02 3.14428196e+00
 -1.90795764e-01 3.04288352e+00
 -1.49692430e-01 2.95054765e+00
 -1.13993312e-01 2.86620819e+00
 -4.71536736e-02 2.78896317e+00
 -9.70232542e-02 2.71804459e+00
 -4.43944458e-02 2.65279464e+00
 -2.68927576e-04 2.59264686e+00
 -8.75035588e-02 2.53711093e+00
 -1.33031719e-01 2.48576052e+00
 -5.71255005e-02 2.43822333e+00
 -7.73570451e-02 2.39417295e+00
 -8.35228880e-02 2.35332219e+00
 -3.78842524e-02 2.31541751e+00
 -1.43814706e-01 2.28023439e+00
 -7.38660192e-02 2.24757347e+00
 -3.43477102e-02 2.21725727e+00
 4.00627226e-03 2.18912748e+00
 -2.13356832e-02 2.16304255e+00
 5.95542428e-02 2.13887576e+00
 1.99267589e-02 2.11651346e+00
 2.34479140e-03 2.09585366e+00
 -8.58491542e-05 2.07680472e+00
 -8.72944863e-02 2.05928430e+00
 -6.73596294e-02 2.04321839e+00
 -4.62352121e-02 2.02854050e+00
 4.90226390e-02 2.01519097e+00
 1.68458252e-02 2.00311633e+00
 -1.78800424e-02 1.99226879e+00
 2.03844641e-03 1.98260573e+00
 1.61652722e-02 1.97408932e+00
 8.86212521e-03 1.96668620e+00
 -4.02098259e-02 1.96036709e+00
 3.83408034e-02 1.95510661e+00
 -7.76717165e-02 1.95088302e+00
 -8.04971974e-02 1.94767800e+00
 1.95725560e-02 1.94547653e+00
 3.46260261e-02 1.94426674e+00
 4.43279243e-02 1.94403979e+00
 -6.57427064e-03 1.94478981e+00
 -9.02597956e-02 1.94651382e+00
 -1.64231006e-02 1.94921168e+00
 3.55775124e-02 1.95288612e+00
 -1.13889009e-01 1.95754268e+00
 -1.75480652e-02 1.96318976e+00
 -3.17083875e-02 1.96983871e+00
 -1.01626008e-01 1.97750379e+00
 -4.42059305e-02 1.98620238e+00
 1.26760400e-01 1.99595500e+00
 -3.98508708e-03 2.00678549e+00
 -4.15506355e-02 2.01872115e+00
 -1.41565527e-02 2.03179295e+00
 2.03406495e-02 2.04603574e+00
 1.42585709e-01 2.06148853e+00
 3.67580415e-02 2.07819475e+00
 5.25274573e-02 2.09620261e+00
 3.66317019e-02 2.11556547e+00
 8.14726836e-02 2.13634232e+00
 1.09120574e-01 2.15859822e+00
 7.58302859e-03 2.18240491e+00
 5.55864688e-02 2.20784148e+00
 6.85614425e-02 2.23499505e+00
 1.45878412e-02 2.26396166e+00
 -4.69344606e-02 2.29484724e+00
 5.63385543e-02 2.32776872e+00
 2.67565974e-02 2.36285527e+00
 5.13940430e-02 2.40024983e+00
 5.48918261e-02 2.44011075e+00
 5.34404860e-02 2.48261382e+00
 1.33430930e-01 2.52795449e+00
 9.10987641e-02 2.57635059e+00
 9.83096489e-02 2.62804544e+00
 7.13828142e-02 2.68331153e+00
 1.10325528e-01 2.74245481e+00
 1.61089193e-01 2.80581989e+00
 8.72227793e-02 2.87379616e+00
 1.06134750e-01 2.94682508e+00
 1.05799637e-01 3.02540906e+00
 1.17857940e-01 3.11012212e+00
 1.13420302e-01 3.20162298e+00
 1.84140248e-01 3.30067100e+00
 1.70512673e-01 3.40814595e+00
 1.54503172e-01 3.52507258e+00
 2.80497577e-01 3.65265152e+00
 1.96129676e-01 3.79229823e+00
 2.73237005e-01 3.94569291e+00
 2.61342329e-01 4.11484485e+00
 2.97829073e-01 4.30217633e+00
 2.61281812e-01 4.51063345e+00
 2.75388314e-01 4.74383425e+00
 4.00021767e-01 5.00626964e+00
 4.55577838e-01 5.30357996e+00
 5.26972251e-01 5.64294222e+00
 6.88449500e-01 6.03362229e+00
 7.70536847e-01 6.48777790e+00
 8.92177565e-01 7.02165208e+00
 1.12484049e+00 7.65738783e+00
 1.28656028e+00 8.42585348e+00
 1.67942313e+00 9.37114073e+00
 2.19048224e+00 1.05578386e+01
 2.88461204e+00 1.20827191e+01
 4.15221730e+00 1.40919780e+01
 6.27214976e+00 1.67958222e+01
 1.01546212e+01 2.04018465e+01
 1.83302422e+01 2.43998067e+01
 3.55232225e+01 2.28730897e+01
 4.96834416e+01 -1.62407813e+00
 3.29288509e+01 -2.31527863e+01
 1.70582118e+01 -2.32505526e+01
 9.45972059e+00 -1.92067836e+01
 5.92183507e+00 -1.57236066e+01
 3.91568446e+00 -1.31224447e+01
 2.85103783e+00 -1.11847570e+01
 2.15285449e+00 -9.70901652e+00
 1.65447323e+00 -8.55661981e+00
 1.37306429e+00 -7.63579978e+00
 1.02921712e+00 -6.88513228e+00
 8.59640540e-01 -6.26254348e+00
 7.99225086e-01 -5.73848007e+00
 5.57765280e-01 -5.29167760e+00
 4.86506399e-01 -4.90649449e+00
 5.54766143e-01 -4.57119425e+00
 4.70112153e-01 -4.27681219e+00
 4.08719661e-01 -4.01639065e+00
 3.44925981e-01 -3.78445171e+00
 2.00553558e-01 -3.57662653e+00
 3.01346547e-01 -3.38938994e+00
 1.57652603e-01 -3.21986733e+00
 1.56925526e-01 -3.06569196e+00
 2.46598303e-01 -2.92489805e+00
 2.39686929e-01 -2.79583965e+00
 1.56330538e-01 -2.67712841e+00
 1.63915898e-01 -2.56758521e+00
 2.05912155e-01 -2.46620233e+00
 1.34993836e-01 -2.37211346e+00
 1.73149124e-01 -2.28456981e+00
 1.59931660e-01 -2.20292085e+00
 1.01807062e-01 -2.12659877e+00
 1.34411811e-01 -2.05510570e+00
 4.47253296e-02 -1.98800331e+00
 5.51763478e-02 -1.92490417e+00
 1.46181209e-01 -1.86546455e+00
 9.59242358e-02 -1.80937844e+00
 1.80668724e-01 -1.75637248e+00
 1.25894271e-01 -1.70620175e+00
 1.07341543e-01 -1.65864609e+00
 1.46983547e-01 -1.61350711e+00
 7.14777177e-02 -1.57060548e+00
 7.07656345e-02 -1.52977872e+00
 1.02056859e-01 -1.49087921e+00
 -4.76742952e-02 -1.45377256e+00
 2.33490563e-02 -1.41833609e+00
 8.02860028e-02 -1.38445758e+00
 1.44297897e-01 -1.35203414e+00
 4.35647630e-02 -1.32097126e+00
 6.02253891e-02 -1.29118194e+00
 4.41646613e-02 -1.26258590e+00
 3.99327324e-02 -1.23510895e+00
 -4.40417893e-03 -1.20868237e+00
 3.88332252e-02 -1.18324239e+00
 2.09867828e-02 -1.15872974e+00
 4.07141445e-02 -1.13508917e+00
 2.43846937e-02 -1.11226914e+00
 3.98591613e-02 -1.09022141e+00
 2.88356475e-02 -1.06890079e+00
 5.69618889e-03 -1.04826485e+00
 1.03273029e-02 -1.02827363e+00
 8.53090983e-02 -1.00888947e+00
 -6.78066805e-02 -9.90076743e-01
 8.98447642e-02 -9.71801696e-01
 -9.41041135e-02 -9.54032267e-01
 8.64879842e-02 -9.36737915e-01
 -5.66349221e-05 -9.19889471e-01
 1.58185755e-02 -9.03458994e-01
 6.97832760e-02 -8.87419638e-01
 -3.42550328e-02 -8.71745524e-01
 -9.22534426e-02 -8.56411618e-01
 -8.97957945e-03 -8.41393616e-01
 4.90300042e-02 -8.26667832e-01
 1.17131063e-01 -8.12211084e-01
 3.87547393e-02 -7.98000589e-01
 1.32997272e-01 -7.84013852e-01
 -3.86163915e-02 -7.70228558e-01
 3.26517731e-02 -7.56622459e-01
 8.48920501e-02 -7.43173258e-01
 4.04254275e-02 -7.29858492e-01
 5.49397425e-02 -7.16655406e-01
 -2.21098113e-02 -7.03540817e-01
 5.46306843e-02 -6.90490969e-01
 6.32989855e-02 -6.77481383e-01
 5.26737582e-02 -6.64486679e-01
 -8.57576558e-03 -6.51480394e-01
 -2.11987081e-02 -6.38434769e-01
 5.71319942e-02 -6.25320519e-01
 3.62939915e-02 -6.12106566e-01
 5.64422396e-02 -5.98759739e-01
 6.97544073e-02 -5.85244436e-01
 -2.92661753e-02 -5.71522227e-01
 -8.81425399e-03 -5.57551404e-01
 5.32228162e-02 -5.43286452e-01
 8.27567032e-02 -5.28677431e-01
 -3.63746477e-02 -5.13669255e-01
 1.00016970e-01 -4.98200835e-01
 -9.34642265e-03 -4.82204064e-01
 5.06209833e-02 -4.65602599e-01
 5.67750306e-02 -4.48310403e-01
 3.78992196e-02 -4.30229972e-01
 -1.03016781e-02 -4.11250184e-01
 8.77005425e-02 -3.91243658e-01
 1.30732244e-02 -3.70063484e-01
 6.44357210e-02 -3.47539160e-01
 3.48611235e-02 -3.23471488e-01
 7.52105727e-02 -2.97626111e-01
 1.10418883e-01 -2.69725241e-01
 6.04515752e-02 -2.39436994e-01
 3.24365901e-02 -2.06361445e-01
 7.71151291e-02 -1.70012218e-01
 5.91651239e-02 -1.29791851e-01
 -1.11335288e-01 -8.49583830e-02
 -2.67323991e-04 -3.45793483e-02
 1.78038171e-02 2.25325774e-02
 1.03852293e-01 8.79111642e-02
 1.05774503e-01 1.63569371e-01
 1.16652186e-01 2.52195410e-01
 1.20103472e-01 3.57447753e-01
 2.67798435e-01 4.84406210e-01
 2.34725534e-01 6.40267017e-01
 3.33875573e-01 8.35397523e-01
 5.02458352e-01 1.08479770e+00
 7.64134385e-01 1.40934134e+00
 1.17921506e+00 1.83213001e+00
 2.00177950e+00 2.34237623e+00
 3.46500860e+00 2.67629268e+00
 6.14006177e+00 1.48389877e+00
 6.65925108e+00 -2.30891775e+00
 4.08665475e+00 -4.22693932e+00
 2.21972502e+00 -4.07742346e+00
 1.36384193e+00 -3.56811758e+00
 7.92240469e-01 -3.12206889e+00
 6.23750465e-01 -2.77759343e+00
 4.90906944e-01 -2.51409729e+00
 3.79600612e-01 -2.30951881e+00
 2.33347260e-01 -2.14755925e+00
 1.65340358e-01 -2.01690680e+00
 1.88666722e-01 -1.90972826e+00
 4.53144278e-02 -1.82051842e+00
 1.28710210e-01 -1.74533185e+00
 3.04230664e-02 -1.68128369e+00
 6.65919746e-02 -1.62622394e+00
 9.77766103e-02 -1.57852183e+00
 1.05473679e-01 -1.53692047e+00
 1.02183426e-01 -1.50043701e+00
 -4.38073223e-02 -1.46829276e+00
 6.02540111e-02 -1.43986345e+00
 1.47205061e-02 -1.41464324e+00
 3.93073139e-02 -1.39221825e+00
 9.04479124e-02 -1.37224689e+00
 5.43843233e-02 -1.35444496e+00
 -6.78588007e-02 -1.33857434e+00
 3.50821024e-02 -1.32443418e+00
 5.75986093e-02 -1.31185409e+00
 1.78208913e-02 -1.30068875e+00
 8.24245759e-02 -1.29081366e+00
 -1.23564091e-02 -1.28212167e+00
 -1.33053090e-02 -1.27452026e+00
 1.98574052e-02 -1.26792930e+00
 4.72730094e-02 -1.26227918e+00
 -2.60713655e-02 -1.25750933e+00
 8.08440285e-02 -1.25356698e+00
 4.28705588e-02 -1.25040611e+00
 2.88442647e-02 -1.24798658e+00
 4.37209002e-02 -1.24627341e+00
 2.94248171e-02 -1.24523619e+00
 -2.63984537e-02 -1.24484853e+00
 -8.27022230e-02 -1.24508765e+00
 -6.86042587e-02 -1.24593399e+00
 -3.21831920e-02 -1.24737092e+00
 -4.30356554e-02 -1.24938446e+00
 5.47259825e-03 -1.25196305e+00
 -4.22081311e-02 -1.25509735e+00
 9.48938542e-04 -1.25878012e+00
 -8.90512098e-02 -1.26300602e+00
 2.55333685e-03 -1.26777155e+00
 -8.90131653e-02 -1.27307493e+00
 -4.58473701e-02 -1.27891603e+00
 8.97599772e-02 -1.28529632e+00
 -2.04034676e-02 -1.29221878e+00
 -5.44486849e-03 -1.29968795e+00
 4.08848054e-02 -1.30770982e+00
 -7.35347816e-03 -1.31629189e+00
 -3.23202196e-02 -1.32544313e+00
 -4.21734604e-02 -1.33517401e+00
 1.32465317e-02 -1.34549654e+00
 -7.39180898e-03 -1.35642427e+00
 -1.18755246e-02 -1.36797238e+00
 -4.68261480e-02 -1.38015768e+00
 1.66516900e-02 -1.39299874e+00
 -4.08961435e-02 -1.40651591e+00
 -9.64060202e-02 -1.42073146e+00
 -5.11406983e-02 -1.43566968e+00
 -1.27675397e-01 -1.45135696e+00
 7.35281324e-02 -1.46782197e+00
 3.28139283e-02 -1.48509579e+00
 -8.07760234e-03 -1.50321209e+00
 -5.04235058e-02 -1.52220735e+00
 -8.05449419e-02 -1.54212100e+00
 -7.37129771e-02 -1.56299574e+00
 -8.37043559e-02 -1.58487779e+00
 3.80370384e-03 -1.60781715e+00
 -7.91585680e-02 -1.63186801e+00
 -6.27797794e-02 -1.65708905e+00
 -1.37284935e-01 -1.68354396e+00
 4.26602545e-02 -1.71130183e+00
 -7.50115247e-02 -1.74043776e+00
 -2.47097240e-02 -1.77103341e+00
 -7.24148417e-02 -1.80317774e+00
 -6.06484942e-02 -1.83696777e+00
 1.46011650e-02 -1.87250946e+00
 -8.90526079e-02 -1.90991872e+00
 1.31638165e-02 -1.94932260e+00
 -1.57190474e-01 -1.99086052e+00
 -6.38622077e-02 -2.03468588e+00
 -1.17282701e-01 -2.08096772e+00
 -7.96355534e-02 -2.12989280e+00
 -1.87787924e-01 -2.18166785e+00
 -6.70959814e-02 -2.23652233e+00
 -6.01508117e-02 -2.29471158e+00
 -1.43320285e-01 -2.35652051e+00
 -1.88441715e-01 -2.42226794e+00
 -8.32702713e-02 -2.49231179e+00
 -2.00027326e-01 -2.56705514e+00
 -1.13111326e-01 -2.64695357e+00
 -6.17197767e-02 -2.73252388e+00
 -1.72455388e-01 -2.82435463e+00
 -1.90877100e-01 -2.92311897e+00
 -2.19097097e-01 -3.02959027e+00
 -1.59278455e-01 -3.14466131e+00
 -2.52061199e-01 -3.26936806e+00
 -2.13135303e-01 -3.40491937e+00
 -3.21236502e-01 -3.55273420e+00
 -3.47931820e-01 -3.71448892e+00
 -3.79778051e-01 -3.89217785e+00
 -3.84303403e-01 -4.08819146e+00
 -4.11289474e-01 -4.30541860e+00
 -4.09136883e-01 -4.54738164e+00
 -5.47731049e-01 -4.81841719e+00
 -4.51095371e-01 -5.12392136e+00
 -6.82272601e-01 -5.47068682e+00
 -8.22459668e-01 -5.86737353e+00
 -9.06879048e-01 -6.32517608e+00
 -1.12586393e+00 -6.85878512e+00
 -1.25653129e+00 -7.48779295e+00
 -1.49065394e+00 -8.23877302e+00
 -1.97187135e+00 -9.14836647e+00
 -2.58006622e+00 -1.02677787e+01
 -3.37073524e+00 -1.16688014e+01
 -4.61682477e+00 -1.34493212e+01
 -6.57611388e+00 -1.57252296e+01
 -1.01780836e+01 -1.85418918e+01
 -1.67459375e+01 -2.13790969e+01
 -2.88612811e+01 -2.09359251e+01
 -4.28007329e+01 -7.49473433e+00
 -3.87514921e+01 1.45478257e+01
 -2.39260000e+01 2.21252772e+01
 -1.39792862e+01 2.06601646e+01
 -8.72709821e+00 1.76922537e+01
 -5.94967519e+00 1.50661328e+01
 -4.13909367e+00 1.29845839e+01
 -3.02586869e+00 1.13556464e+01
 -2.32577226e+00 1.00672418e+01
 -1.89811055e+00 9.03148588e+00
 -1.44936955e+00 8.18490289e+00
 -1.23183716e+00 7.48223228e+00
 -1.01655797e+00 6.89094073e+00
 -9.94301453e-01 6.38729210e+00
 -7.87786943e-01 5.95367621e+00
 -7.36510694e-01 5.57680868e+00
 -6.17563138e-01 5.24650931e+00
 -4.69750204e-01 4.95486187e+00
 -5.22362840e-01 4.69562758e+00
 -3.76237163e-01 4.46382887e+00
 -2.70349938e-01 4.25544970e+00
 -3.35452981e-01 4.06721641e+00
 -3.35274268e-01 3.89643532e+00
 -2.65363926e-01 3.74087081e+00
 -2.63200097e-01 3.59865269e+00
 -1.85217904e-01 3.46820499e+00
 -2.15777194e-01 3.34819072e+00
 -1.22673749e-01 3.23746854e+00
 -1.97773709e-01 3.13505849e+00
 -1.53642296e-01 3.04011462e+00
 -1.72298643e-01 2.95190302e+00
 -1.91869220e-01 2.86978402e+00
 -1.34720205e-01 2.79319767e+00
 -1.25483018e-01 2.72165176e+00
 -7.41917647e-02 2.65471207e+00
 -6.07101574e-02 2.59199408e+00
 -1.08843015e-01 2.53315623e+00
 -1.35903412e-01 2.47789413e+00
 -1.70543073e-01 2.42593574e+00
 -3.58309421e-02 2.37703726e+00
 -6.29218151e-02 2.33097968e+00
 -1.39002368e-01 2.28756574e+00
 -8.85101781e-02 2.24661744e+00
 -2.06647357e-01 2.20797379e+00
 -5.47287351e-02 2.17148892e+00
 -8.15619252e-02 2.13703047e+00
 -6.97240738e-02 2.10447811e+00
 -1.03966075e-01 2.07372234e+00
 -1.56179059e-01 2.04466335e+00
 -1.14687842e-01 2.01721013e+00
 -2.70405812e-02 1.99127957e+00
 -8.87332907e-02 1.96679577e+00
 9.44720474e-02 1.94368936e+00
 -2.39473986e-02 1.92189696e+00
 1.54906333e-02 1.90136065e+00
 -1.21214255e-01 1.88202754e+00
 -3.04767555e-02 1.86384936e+00
 3.35452091e-02 1.84678212e+00
 5.36785209e-02 1.83078580e+00
 6.50579015e-03 1.81582411e+00
 -3.97126837e-02 1.80186418e+00
 -3.59269928e-02 1.78887641e+00
 -6.70915404e-02 1.77683430e+00
 5.57558779e-02 1.76571422e+00
 6.90996404e-02 1.75549534e+00
 7.11160678e-02 1.74615950e+00
 -6.78900871e-02 1.73769111e+00
 -3.97452578e-02 1.73007706e+00
 -7.69892727e-02 1.72330669e+00
 -4.76353502e-03 1.71737175e+00
 4.70019560e-02 1.71226633e+00
 -5.21422873e-02 1.70798693e+00
 -4.76834051e-02 1.70453242e+00
 -3.53616570e-02 1.70190406e+00
 -2.05225441e-03 1.70010559e+00
 -5.29878491e-02 1.69914328e+00
 -3.97945812e-02 1.69902601e+00
 5.39324306e-03 1.69976538e+00
 -6.98812282e-03 1.70137587e+00
 -1.47176217e-02 1.70387497e+00
 3.24702261e-02 1.70728339e+00
 4.30056246e-02 1.71162528e+00
 3.84951586e-02 1.71692849e+00
 2.40225387e-02 1.72322489e+00
 6.21317129e-02 1.73055069e+00
 -4.78216034e-02 1.73894688e+00
 4.80603388e-02 1.74845969e+00
 -3.48990447e-02 1.75914114e+00
 -1.88802466e-03 1.77104966e+00
 7.78281617e-02 1.78425086e+00
 -6.34789523e-02 1.79881831e+00
 1.22478292e-02 1.81483463e+00
 7.60792037e-02 1.83239256e+00
 6.74836567e-02 1.85159639e+00
 1.10945637e-01 1.87256349e+00
 5.12086163e-03 1.89542627e+00
 3.46468892e-02 1.92033435e+00
 8.16000745e-02 1.94745723e+00
 1.28313059e-01 1.97698750e+00
 5.46293541e-02 2.00914461e+00
 1.38197383e-01 2.04417951e+00
 2.91497864e-02 2.08238023e+00
 5.33619745e-02 2.12407874e+00
 1.69600116e-01 2.16965935e+00
 7.74018697e-02 2.21956918e+00
 1.74126509e-01 2.27433115e+00
 1.51378636e-01 2.33456039e+00
 1.85704312e-02 2.40098504e+00
 1.34185841e-01 2.47447289e+00
 2.80638931e-01 2.55606583e+00
 1.24275688e-01 2.64702494e+00
 2.88637623e-01 2.74888993e+00
 1.98498582e-01 2.86355881e+00
 2.38645996e-01 2.99339568e+00
 4.06821519e-01 3.14137867e+00
 3.18508907e-01 3.31130573e+00
 3.39239238e-01 3.50808473e+00
 4.84360454e-01 3.73814740e+00
 5.31353955e-01 4.01004532e+00
 7.87692914e-01 4.33530889e+00
 1.04200090e+00 4.72966227e+00
 1.20865822e+00 5.21462242e+00
 1.60391216e+00 5.81908662e+00
 2.24502547e+00 6.57857879e+00
 3.30165171e+00 7.52146230e+00
 5.04331394e+00 8.59520752e+00
 8.38322569e+00 9.33939252e+00
 1.34271788e+01 7.83143483e+00
 1.71643982e+01 1.05197661e+00
 1.38681046e+01 -6.04245244e+00
 8.53941356e+00 -7.83691165e+00
 5.26532414e+00 -7.16389870e+00
 3.42038241e+00 -6.09271573e+00
 2.33689212e+00 -5.13898106e+00
 1.69231982e+00 -4.36801180e+00
 1.27299928e+00 -3.75372115e+00
 1.00996426e+00 -3.26057197e+00
 7.47879865e-01 -2.85926248e+00
 5.74707259e-01 -2.52789317e+00
 6.01618047e-01 -2.25044622e+00
 4.27817216e-01 -2.01517761e+00
 3.74070850e-01 -1.81338189e+00
 3.00185553e-01 -1.63851580e+00
 3.21825763e-01 -1.48558951e+00
 2.36083314e-01 -1.35074378e+00
 2.24869472e-01 -1.23095378e+00
 1.88508870e-01 -1.12381909e+00
 1.96288461e-01 -1.02741284e+00
 1.92276142e-01 -9.40171837e-01
 1.47252384e-01 -8.60815516e-01
 7.81315521e-02 -7.88285367e-01
 1.75510717e-01 -7.21699123e-01
 1.58230757e-01 -6.60315737e-01
 1.51192959e-01 -6.03508315e-01
 5.89444918e-02 -5.50742984e-01
 4.13895930e-02 -5.01562257e-01
 1.15609008e-01 -4.55571808e-01
 3.17632387e-02 -4.12429882e-01
 1.00273651e-01 -3.71838753e-01
 1.18906383e-01 -3.33537771e-01
 1.30703954e-02 -2.97297679e-01
 5.05390335e-02 -2.62915930e-01
 7.40970846e-02 -2.30212811e-01
 5.16278571e-02 -1.99028204e-01
 5.48435157e-02 -1.69218882e-01
 1.93733707e-01 -1.40656228e-01
 1.41656010e-01 -1.13224303e-01
 -2.41327116e-03 -8.68182020e-02
 2.87183808e-02 -6.13426580e-02
 1.24322206e-01 -3.67108323e-02
 2.16900473e-01 -1.28432796e-02
 2.05575165e-02 1.03329507e-02
 4.59562323e-02 3.28850951e-02
 1.44132701e-03 5.48753577e-02
 1.94861747e-02 7.63615082e-02
 2.37235751e-02 9.73974080e-02
 7.40778048e-02 1.18033476e-01
 3.57127099e-02 1.38317103e-01
 5.28778240e-02 1.58293022e-01
 7.56930905e-02 1.78003636e-01
 7.27602709e-02 1.97489324e-01
 2.93547145e-02 2.16788709e-01
 4.24312611e-02 2.35938908e-01
 7.53657391e-02 2.54975760e-01
 7.13084716e-02 2.73934037e-01
 3.44896190e-02 2.92847647e-01
 2.59886568e-02 3.11749814e-01
 1.07051516e-02 3.30673259e-01
 1.38116564e-01 3.49650368e-01
 7.92619639e-02 3.68713361e-01
 5.16580704e-02 3.87894445e-01
 6.42465122e-02 4.07225983e-01
 4.03016607e-02 4.26740643e-01
 3.77549692e-03 4.46471567e-01
 1.26745586e-02 4.66452527e-01
 4.87061337e-02 4.86718098e-01
 5.96871743e-02 5.07303829e-01
 -7.66452810e-03 5.28246427e-01
 5.71940907e-02 5.49583950e-01
 6.84204743e-02 5.71356008e-01
 1.36503832e-01 5.93603989e-01
 -2.05493862e-02 6.16371288e-01
 8.68617446e-02 6.39703567e-01
 6.45216087e-02 6.63649035e-01
 3.97219143e-02 6.88258752e-01
 -5.19447987e-02 7.13586966e-01
 8.20082814e-02 7.39691487e-01
 5.84871184e-02 7.66634100e-01
 1.76983144e-02 7.94481022e-01
 1.34645888e-01 8.23303426e-01
 1.01196699e-01 8.53178011e-01
 1.53643280e-01 8.84187660e-01
 3.62713766e-02 9.16422171e-01
 2.39118085e-02 9.49979101e-01
 9.84600310e-02 9.84964711e-01
 -1.63599341e-02 1.02149505e+00
 1.38071542e-02 1.05969722e+00
 1.49721456e-01 1.09971077e+00
 4.96344388e-02 1.14168940e+00
 8.92712128e-02 1.18580281e+00
 9.16952467e-02 1.23223900e+00
 1.86195988e-01 1.28120682e+00
 1.49450100e-01 1.33293903e+00
 1.29835715e-01 1.38769589e+00
 1.99202094e-01 1.44576943e+00
 1.55229439e-01 1.50748846e+00
 2.39503120e-01 1.57322464e+00
 1.75674702e-01 1.64339970e+00
 1.93339691e-01 1.71849422e+00
 2.60493077e-01 1.79905821e+00
 1.73092093e-01 1.88572419e+00
 1.77938935e-01 1.97922311e+00
 2.33364145e-01 2.08040424e+00
 2.23398013e-01 2.19025991e+00
 2.82494006e-01 2.30995670e+00
 3.86039265e-01 2.44087501e+00
 3.00018670e-01 2.58465975e+00
 3.43421614e-01 2.74328595e+00
 4.56770509e-01 2.91914440e+00
 4.68658621e-01 3.11515480e+00
 5.67519483e-01 3.33491693e+00
 6.46085524e-01 3.58291483e+00
 5.07184502e-01 3.86479613e+00
 7.67084847e-01 4.18775837e+00
 8.80500781e-01 4.56108903e+00
 1.02048778e+00 4.99692560e+00
 1.27061354e+00 5.51132535e+00
 1.55234899e+00 6.12574596e+00
 1.94905086e+00 6.86897651e+00
 2.54920759e+00 7.77919057e+00
 3.45505545e+00 8.90424580e+00
 4.79811792e+00 1.02922687e+01
 6.96306895e+00 1.19406019e+01
 1.06999135e+01 1.35780711e+01
 1.71502364e+01 1.38649006e+01
 2.58626529e+01 8.79190526e+00
 2.88801819e+01 -3.86130786e+00
 2.16652346e+01 -1.33275721e+01
 1.36998742e+01 -1.51100578e+01
 8.65591482e+00 -1.38751018e+01
 5.72661878e+00 -1.21684219e+01
 3.98091521e+00 -1.06434118e+01
 3.00157822e+00 -9.39225144e+00
 2.35807575e+00 -8.38143001e+00
 1.79261065e+00 -7.56074044e+00
 1.34552712e+00 -6.88697953e+00
 1.14161110e+00 -6.32688900e+00
 1.11092260e+00 -5.85559323e+00
 8.21723348e-01 -5.45453060e+00
 7.71685635e-01 -5.10974563e+00
 5.10610360e-01 -4.81062623e+00
 4.78669901e-01 -4.54900080e+00
 4.35049872e-01 -4.31849744e+00
 3.24600744e-01 -4.11408708e+00
 4.79778662e-01 -3.93175509e+00
 4.28853665e-01 -3.76826241e+00
 2.27680045e-01 -3.62096992e+00
 2.44188034e-01 -3.48770767e+00
 3.51091050e-01 -3.36667640e+00
 1.77879084e-01 -3.25637258e+00
 1.40866222e-01 -3.15553079e+00
 2.45738178e-01 -3.06307890e+00
 2.22276474e-01 -2.97810291e+00
 1.40314754e-01 -2.89981922e+00
 1.08715347e-01 -2.82755243e+00
 1.86735735e-01 -2.76071754e+00
 1.53528502e-01 -2.69880554e+00
 1.74872978e-01 -2.64137167e+00
 1.35573825e-01 -2.58802574e+00
 5.53009260e-02 -2.53842422e+00
 7.82329877e-02 -2.49226363e+00
 1.27650490e-01 -2.44927503e+00
 1.58185266e-01 -2.40921939e+00
 4.28493110e-02 -2.37188371e+00
 -9.35382835e-03 -2.33707776e+00
 6.23886145e-02 -2.30463124e+00
 1.29901194e-01 -2.27439140e+00
 6.28557592e-02 -2.24622103e+00
 1.11086366e-01 -2.21999667e+00
 8.65930453e-02 -2.19560714e+00
 2.37432373e-02 -2.17295217e+00
 5.57282169e-02 -2.15194133e+00
 1.00527965e-01 -2.13249301e+00
 7.95031335e-02 -2.11453360e+00
 2.65342792e-03 -2.09799668e+00
 -4.15572586e-02 -2.08282245e+00
 -8.61620726e-04 -2.06895709e+00
 1.29885621e-03 -2.05635232e+00
 4.34253269e-02 -2.04496491e+00
 -4.62351074e-03 -2.03475636e+00
 3.69666215e-02 -2.02569253e+00
 3.71997618e-02 -2.01774335e+00
 2.74082134e-02 -2.01088260e+00
 1.10237828e-02 -2.00508767e+00
 -2.73942461e-02 -2.00033942e+00
 2.25536442e-02 -1.99662196e+00
 2.92493000e-02 -1.99392259e+00
 -5.50406434e-02 -1.99223166e+00
 2.80668828e-02 -1.99154252e+00
 -4.65711789e-02 -1.99185144e+00
 1.41289829e-02 -1.99315760e+00
 -8.79334488e-02 -1.99546305e+00
 -6.36349226e-02 -1.99877275e+00
 8.93680505e-02 -2.00309459e+00
 2.55195362e-02 -2.00843943e+00
 -3.24410303e-02 -2.01482117e+00
 -7.77648545e-02 -2.02225689e+00
 -4.44798646e-02 -2.03076691e+00
 -1.63933418e-01 -2.04037499e+00
 4.36084213e-02 -2.05110846e+00
 3.42770365e-02 -2.06299846e+00
 1.15344451e-02 -2.07608016e+00
 -7.83251084e-02 -2.09039305e+00
 -7.66070661e-02 -2.10598124e+00
 -8.16972057e-02 -2.12289383e+00
 -1.47734113e-02 -2.14118532e+00
 8.21136455e-03 -2.16091612e+00
 -4.58260364e-02 -2.18215302e+00
 -6.31725897e-02 -2.20496987e+00
 -2.62399811e-02 -2.22944825e+00
 -3.56700027e-02 -2.25567830e+00
 -6.39389274e-02 -2.28375960e+00
 -8.58031149e-02 -2.31380229e+00
 -1.39651207e-01 -2.34592821e+00
 -1.10657519e-01 -2.38027237e+00
 -9.21301093e-02 -2.41698451e+00
 -5.34305314e-02 -2.45623104e+00
 -7.47221702e-02 -2.49819714e+00
 -8.92600291e-02 -2.54308936e+00
 -1.29484646e-01 -2.59113856e+00
 -1.11130629e-01 -2.64260343e+00
 -1.16446187e-01 -2.69777460e+00
 -1.36165469e-01 -2.75697951e+00
 -2.27865863e-01 -2.82058823e+00
 -1.97214359e-01 -2.88902043e+00
 -1.48639559e-01 -2.96275373e+00
 -2.06039353e-01 -3.04233380e+00
 -2.21975742e-01 -3.12838667e+00
 -2.72288634e-01 -3.22163377e+00
 -2.25811403e-01 -3.32291043e+00
 -3.17566644e-01 -3.43318892e+00
 -2.70112310e-01 -3.55360711e+00
 -3.19432652e-01 -3.68550466e+00
 -3.94937225e-01 -3.83046892e+00
 -4.56138384e-01 -3.99039378e+00
 -3.81805121e-01 -4.16755569e+00
 -4.12609736e-01 -4.36471301e+00
 -4.24561475e-01 -4.58523697e+00
 -5.82563803e-01 -4.83328629e+00
 -6.15681038e-01 -5.11404241e+00
 -8.43590601e-01 -5.43402948e+00
 -8.92193743e-01 -5.80155377e+00
 -9.63568223e-01 -6.22731046e+00
 -1.30347930e+00 -6.72522118e+00
 -1.59536263e+00 -7.31357401e+00
 -1.91449251e+00 -8.01650272e+00
 -2.44896461e+00 -8.86564262e+00
 -3.23450912e+00 -9.90100933e+00
 -4.31307506e+00 -1.11672603e+01
 -6.07171127e+00 -1.26910282e+01
 -8.94125298e+00 -1.43868204e+01
 -1.37701621e+01 -1.57091402e+01
 -2.11937690e+01 -1.46187789e+01
 -2.92260119e+01 -6.85048167e+00
 -2.92096947e+01 6.24342194e+00
 -2.10183816e+01 1.37940898e+01
 -1.35186076e+01 1.47785296e+01
 -8.85116127e+00 1.34371775e+01
 -5.97977063e+00 1.17472414e+01
 -4.32265817e+00 1.02330833e+01
 -3.24634256e+00 8.97513299e+00
 -2.47164665e+00 7.94601426e+00
 -1.97190346e+00 7.10130950e+00
 -1.61426552e+00 6.40137957e+00
 -1.34915399e+00 5.81491151e+00
 -1.19376368e+00 5.31801514e+00
 -9.07053613e-01 4.89257977e+00
 -8.20204515e-01 4.52481188e+00
 -6.78819988e-01 4.20410911e+00
 -6.11864973e-01 3.92223296e+00
 -5.29618712e-01 3.67270911e+00
 -3.82138625e-01 3.45039310e+00
 -4.95387679e-01 3.25115380e+00
 -4.25253267e-01 3.07164061e+00
 -4.49826433e-01 2.90911062e+00
 -3.09208781e-01 2.76129886e+00
 -2.42420830e-01 2.62631989e+00
 -2.70541118e-01 2.50259243e+00
 -1.98492115e-01 2.38878098e+00
 -2.41292003e-01 2.28375031e+00
 -2.48659604e-01 2.18652956e+00
 -1.57971727e-01 2.09628372e+00
 -1.15199934e-01 2.01229083e+00
 -1.81519620e-01 1.93392356e+00
 -2.06286897e-01 1.86063423e+00
 -1.70201778e-01 1.79194266e+00
 -1.65660579e-01 1.72742604e+00
 -4.76258788e-02 1.66671065e+00
 -1.13650780e-01 1.60946491e+00
 -1.73256076e-01 1.55539363e+00
 -2.17949854e-01 1.50423308e+00
 -4.37170507e-02 1.45574692e+00
 -1.59837298e-01 1.40972270e+00
 -7.04067853e-02 1.36596886e+00
 -5.12496960e-02 1.32431224e+00
 -5.04754724e-02 1.28459583e+00
 -4.58640577e-02 1.24667692e+00
 -1.72629333e-01 1.21042544e+00
 -5.46791572e-02 1.17572260e+00
 -7.51950162e-02 1.14245956e+00
 -1.79755347e-01 1.11053646e+00
 -6.20071816e-02 1.07986136e+00
 -6.46274620e-02 1.05034949e+00
 -5.65806408e-02 1.02192248e+00
 -6.21497220e-02 9.94507711e-01
 -1.67769656e-01 9.68037721e-01
 -1.03478423e-01 9.42449715e-01
 -5.58488235e-02 9.17685090e-01
 -1.33269730e-01 8.93689019e-01
 2.77063797e-02 8.70410083e-01
 -5.61793712e-02 8.47799935e-01
 -5.42517733e-02 8.25812993e-01
 6.85832901e-03 8.04406165e-01
 3.25372030e-03 7.83538593e-01
 -1.00073778e-01 7.63171427e-01
 1.99212381e-02 7.43267601e-01
 -5.80017313e-02 7.23791646e-01
 -4.43673233e-02 7.04709493e-01
 -7.45849251e-02 6.85988311e-01
 1.31326368e-01 6.67596334e-01
 -1.01309885e-02 6.49502709e-01
 -1.66067334e-02 6.31677344e-01
 -1.37436505e-01 6.14090768e-01
 -6.02880913e-02 5.96713982e-01
 -7.18182736e-02 5.79518326e-01
 -3.99053788e-02 5.62475334e-01
 -7.15650006e-03 5.45556600e-01
 -1.94437631e-02 5.28733632e-01
 -3.54772429e-02 5.11977706e-01
 -1.45171291e-01 4.95259716e-01
 -5.75380667e-03 4.78550014e-01
 -5.84355808e-02 4.61818243e-01
 -3.56648232e-02 4.45033156e-01
 -2.14911070e-02 4.28162425e-01
 5.98520169e-02 4.11172431e-01
 -1.66840116e-01 3.94028032e-01
 -4.05715474e-02 3.76692315e-01
 -7.41592395e-02 3.59126313e-01
 -1.45132965e-02 3.41288694e-01
 -3.68181070e-02 3.23135415e-01
 6.82248630e-02 3.04619321e-01
 2.25684907e-02 2.85689703e-01
 -3.89764421e-02 2.66291788e-01
 -4.30805192e-02 2.46366155e-01
 -4.70878436e-02 2.25848066e-01
 -3.29138497e-02 2.04666693e-01
 -1.04239811e-01 1.82744219e-01
 -7.62177939e-02 1.59994789e-01
 -1.12934151e-01 1.36323288e-01
 1.10807767e-02 1.11623893e-01
 -6.45061779e-02 8.57783680e-02
 8.03642461e-03 5.86540311e-02
 -1.44255833e-01 3.01013314e-02
 -1.12248629e-01 -4.90681896e-05
 -1.04280454e-03 -3.19898144e-02
 -9.66877403e-02 -6.59411478e-02
 -1.12969093e-01 -1.02156144e-01
 -1.49699700e-01 -1.40927172e-01
 -9.29920987e-02 -1.82593897e-01
 -1.41026973e-01 -2.27553295e-01
 -9.50341927e-02 -2.76272240e-01
 -5.68335439e-02 -3.29303512e-01
 -1.31089628e-01 -3.87306267e-01
 -2.37346298e-01 -4.51072510e-01
 -2.13710598e-01 -5.21561595e-01
 -2.15304838e-01 -5.99945659e-01
 -1.90554258e-01 -6.87669994e-01
 -2.83361196e-01 -7.86534011e-01
 -2.61195231e-01 -8.98800664e-01
 -3.40558633e-01 -1.02734511e+00
 -3.88136242e-01 -1.17585661e+00
 -4.88383717e-01 -1.34910965e+00
 -6.59679734e-01 -1.55331452e+00
 -8.02570259e-01 -1.79652456e+00
 -9.53121304e-01 -2.08895087e+00
 -1.25202432e+00 -2.44260153e+00
 -1.61071768e+00 -2.86819254e+00
 -2.25482108e+00 -3.36225839e+00
 -3.38837785e+00 -3.86052082e+00
 -5.14353407e+00 -4.08636691e+00
 -7.56399218e+00 -3.21299790e+00
 -9.56865840e+00 -1.41689906e-01
 -8.71470060e+00 3.67907799e+00
 -6.12504925e+00 5.46759692e+00
 -4.17311285e+00 5.58979748e+00
 -2.65193278e+00 5.15919096e+00
 -1.90100429e+00 4.65076667e+00
 -1.38754304e+00 4.19463324e+00
 -1.10484021e+00 3.81210507e+00
 -7.01634381e-01 3.49621713e+00
 -6.87494853e-01 3.23491237e+00
 -4.45534163e-01 3.01709148e+00
 -4.33220287e-01 2.83378615e+00
 -3.84509055e-01 2.67803237e+00
 -2.77517112e-01 2.54447542e+00
 -1.52070549e-01 2.42898939e+00
 -2.45048926e-01 2.32837207e+00
 -2.22707839e-01 2.24011494e+00
 -1.92360222e-01 2.16223306e+00
 -1.25517934e-01 2.09313999e+00
 -1.69048231e-01 2.03155545e+00
 -1.39450418e-01 1.97643670e+00
 -1.73034542e-01 1.92692711e+00
 -6.15157393e-02 1.88231729e+00
 -5.07251288e-02 1.84201536e+00
 -5.36534670e-02 1.80552405e+00
 -8.42959426e-02 1.77242293e+00
 -1.57619635e-01 1.74235439e+00
 -6.48011006e-02 1.71501262e+00
 -5.20019218e-02 1.69013478e+00
 -1.45755183e-01 1.66749394e+00
 1.85576033e-02 1.64689333e+00
 -9.05290546e-02 1.62816167e+00
 -6.59274781e-02 1.61114940e+00
 -3.10093900e-02 1.59572547e+00
 -2.86561782e-02 1.58177479e+00
 3.37366615e-02 1.56919599e+00
 -1.70891304e-02 1.55789968e+00
 -4.18151862e-02 1.54780685e+00
 2.48987290e-02 1.53884762e+00
 -1.46947621e-02 1.53096014e+00
 -7.11796378e-02 1.52408967e+00
 -2.27557285e-02 1.51818775e+00
 -5.26307770e-04 1.51321156e+00
 -1.96405339e-02 1.50912334e+00
 1.48195023e-03 1.50588986e+00
 3.32294311e-02 1.50348203e+00
 8.69319024e-03 1.50187450e+00
 -1.48508749e-02 1.50104536e+00
 4.40786546e-04 1.50097585e+00
 9.85560878e-02 1.50165016e+00
 2.04105717e-03 1.50305520e+00
 6.60983197e-02 1.50518044e+00
 -3.18465246e-02 1.50801777e+00
 3.20586721e-02 1.51156138e+00
 4.57871184e-02 1.51580765e+00
 9.04863557e-02 1.52075510e+00
 -2.44612854e-02 1.52640430e+00
 9.19432647e-02 1.53275784e+00
 -1.49973763e-02 1.53982032e+00
 8.34679362e-02 1.54759831e+00
 7.46883464e-02 1.55610035e+00
 -2.72487163e-02 1.56533699e+00
 4.52746873e-02 1.57532082e+00
 1.72122918e-02 1.58606649e+00
 -6.14900732e-02 1.59759078e+00
 -4.32141063e-02 1.60991271e+00
 9.97370328e-02 1.62305355e+00
 1.17021716e-01 1.63703703e+00
 -2.45569502e-02 1.65188936e+00
 -2.78187494e-03 1.66763947e+00
 1.58127494e-02 1.68431908e+00
 1.55500648e-01 1.70196298e+00
 3.00214242e-02 1.72060916e+00
 1.03087621e-01 1.74029911e+00
 4.43718267e-02 1.76107805e+00
 8.29399229e-03 1.78299526e+00
 6.30291959e-03 1.80610439e+00
 3.85537201e-02 1.83046387e+00
 9.74542752e-02 1.85613734e+00
 3.89342490e-02 1.88319414e+00
 3.59333405e-02 1.91170985e+00
 5.44282475e-02 1.94176690e+00
 2.96805459e-02 1.97345531e+00
 7.25015216e-02 2.00687346e+00
 4.74090054e-02 2.04212902e+00
 1.43433186e-01 2.07933996e+00
 1.89691447e-02 2.11863573e+00
 6.99610586e-02 2.16015864e+00
 1.33870828e-01 2.20406538e+00
 8.01539536e-02 2.25052879e+00
 1.59061197e-01 2.29973997e+00
 1.96321590e-01 2.35191062e+00
 1.23137507e-01 2.40727580e+00
 5.60495139e-02 2.46609721e+00
 1.96738997e-01 2.52866693e+00
 1.08592542e-01 2.59531186e+00
 2.03572303e-01 2.66639901e+00
 1.87366593e-01 2.74234169e+00
 2.80588300e-01 2.82360691e+00
 2.55030240e-01 2.91072429e+00
 2.71626082e-01 3.00429671e+00
 2.54361122e-01 3.10501326e+00
 2.67211119e-01 3.21366494e+00
 3.22347123e-01 3.33116394e+00
 2.61273184e-01 3.45856736e+00
 3.51257050e-01 3.59710671e+00
 4.08322755e-01 3.74822470e+00
 5.08428527e-01 3.91362162e+00
 4.10756952e-01 4.09531420e+00
 5.04151803e-01 4.29571094e+00
 6.79403373e-01 4.51770933e+00
 6.57065100e-01 4.76482243e+00
 7.19391451e-01 5.04134504e+00
 8.07406406e-01 5.35257370e+00
 8.23452313e-01 5.70509995e+00
 1.17442425e+00 6.10720313e+00
 1.38971773e+00 6.56937658e+00
 1.54578334e+00 7.10502608e+00
 1.81689015e+00 7.73137057e+00
 2.29239791e+00 8.47051551e+00
 2.85308146e+00 9.35044963e+00
 3.63793874e+00 1.04049928e+01
 4.83571040e+00 1.16694126e+01
 6.46802442e+00 1.31610019e+01
 9.11702309e+00 1.48099499e+01
 1.34748786e+01 1.62332363e+01
 2.01065525e+01 1.60985499e+01
 2.85872364e+01 1.12318406e+01
 3.30540363e+01 -4.15997215e-01
 2.80426249e+01 -1.17307646e+01
 1.96186237e+01 -1.61748196e+01
 1.31359623e+01 -1.61407558e+01
 8.92480511e+00 -1.46841888e+01
 6.37517823e+00 -1.30439513e+01
 4.70883685e+00 -1.15698696e+01
 3.53035644e+00 -1.03223036e+01
 2.78502152e+00 -9.28186755e+00
 2.38961669e+00 -8.41327052e+00
 1.82454904e+00 -7.68315263e+00
 1.59194307e+00 -7.06401603e+00
 1.31587415e+00 -6.53416618e+00
 1.22180511e+00 -6.07670382e+00
 9.78460383e-01 -5.67846576e+00
 8.31389054e-01 -5.32914172e+00
 7.95635119e-01 -5.02059088e+00
 6.58517316e-01 -4.74632719e+00
 5.65426270e-01 -4.50113520e+00
 5.59431572e-01 -4.28078296e+00
 4.58006130e-01 -4.08180663e+00
 4.53080549e-01 -3.90134759e+00
 4.54716187e-01 -3.73702835e+00
 4.16475502e-01 -3.58685709e+00
 3.47132396e-01 -3.44915372e+00
 2.91805886e-01 -3.32249203e+00
 3.01575739e-01 -3.20565408e+00
 3.02545414e-01 -3.09759401e+00
 2.66735061e-01 -2.99740899e+00
 1.89096846e-01 -2.90431588e+00
 1.59788842e-01 -2.81763221e+00
 2.28979836e-01 -2.73676071e+00
 1.91124663e-01 -2.66117656e+00
 1.50905794e-01 -2.59041683e+00
 2.49434265e-01 -2.52407174e+00
 1.22613487e-01 -2.46177732e+00
 1.70690396e-01 -2.40320931e+00
 1.45765570e-01 -2.34807791e+00
 1.86146758e-01 -2.29612347e+00
 3.14565992e-02 -2.24711264e+00
 1.12968132e-01 -2.20083530e+00
 7.21779599e-02 -2.15710171e+00
 1.66385654e-01 -2.11574023e+00
 9.07591003e-02 -2.07659525e+00
 2.44627438e-02 -2.03952543e+00
 1.34637591e-02 -2.00440215e+00
 1.39117957e-01 -1.97110821e+00
 1.05106212e-01 -1.93953664e+00
 2.06383853e-02 -1.90958967e+00
 6.47848756e-02 -1.88117784e+00
 2.08489529e-01 -1.85421921e+00
 2.20003834e-02 -1.82863866e+00
 5.47240334e-02 -1.80436727e+00
 1.29613602e-01 -1.78134178e+00
 5.55846021e-02 -1.75950410e+00
 7.92248585e-02 -1.73880088e+00
 1.03194963e-01 -1.71918314e+00
 6.34783207e-02 -1.70060592e+00
 7.27721552e-02 -1.68302798e+00
 -1.50713653e-03 -1.66641154e+00
 7.84131243e-02 -1.65072204e+00
 2.44386299e-02 -1.63592791e+00
 5.52290117e-02 -1.62200044e+00
 3.88836695e-02 -1.60891355e+00
 1.59339452e-02 -1.59664369e+00
 3.30544236e-02 -1.58516972e+00
 7.84850065e-02 -1.57447275e+00
 6.68777927e-02 -1.56453613e+00
 3.12339399e-03 -1.55534533e+00
 1.02694073e-02 -1.54688787e+00
 5.56732184e-02 -1.53915330e+00
 1.20841204e-01 -1.53213319e+00
 -7.63826615e-03 -1.52582104e+00
 -6.29443626e-02 -1.52021236e+00
 -3.89560641e-02 -1.51530465e+00
 -4.87600543e-02 -1.51109740e+00
 -1.39753254e-02 -1.50759219e+00
 -7.33641631e-02 -1.50479269e+00
 -6.78488852e-02 -1.50270479e+00
 -3.18709249e-02 -1.50133667e+00
 1.55649451e-02 -1.50069892e+00
 1.06743499e-01 -1.50080469e+00
 -4.59547953e-02 -1.50166985e+00
 -5.92507013e-02 -1.50331320e+00
 -2.89173506e-02 -1.50575671e+00
 8.54625327e-03 -1.50902577e+00
 -1.09066369e-02 -1.51314950e+00
 -1.90347271e-02 -1.51816115e+00
 -3.03688801e-02 -1.52409852e+00
 1.88828242e-02 -1.53100443e+00
 7.82962070e-02 -1.53892731e+00
 -6.39288229e-02 -1.54792189e+00
 2.66179610e-02 -1.55804997e+00
 9.67338351e-03 -1.56938133e+00
 -7.70408358e-02 -1.58199487e+00
 -4.07348892e-02 -1.59597982e+00
 -2.26623896e-02 -1.61143728e+00
 -1.33706617e-01 -1.62848204e+00
 -4.65176936e-02 -1.64724470e+00
 -8.69280852e-02 -1.66787426e+00
 -7.12753957e-02 -1.69054121e+00
 -1.45425813e-01 -1.71544130e+00
 3.26037100e-03 -1.74280011e+00
 -1.03698003e-01 -1.77287865e+00
 9.99065534e-03 -1.80598031e+00
 -1.58686533e-01 -1.84245943e+00
 -9.51146458e-02 -1.88273203e+00
 -1.91040277e-01 -1.92728933e+00
 -6.38580601e-02 -1.97671493e+00
 -2.21834416e-01 -2.03170669e+00
 -1.53017417e-01 -2.09310504e+00
 -2.22635779e-01 -2.16192963e+00
 -1.74705291e-01 -2.23942740e+00
 -2.74827870e-01 -2.32713581e+00
 -2.40677748e-01 -2.42696649e+00
 -3.29030851e-01 -2.54131597e+00
 -4.53849872e-01 -2.67321121e+00
 -4.61658846e-01 -2.82649670e+00
 -5.36251235e-01 -3.00606134e+00
 -6.77044196e-01 -3.21807227e+00
 -9.05792790e-01 -3.47008355e+00
 -1.12541794e+00 -3.77058550e+00
 -1.49591077e+00 -4.12664033e+00
 -2.01360555e+00 -4.53541964e+00
 -2.89507699e+00 -4.95689620e+00
 -4.19991668e+00 -5.23250893e+00
 -6.24470312e+00 -4.89462121e+00
 -8.29363878e+00 -3.08473256e+00
 -8.68463266e+00 1.79618319e-01
 -7.20500269e+00 2.76271233e+00
 -4.87675453e+00 3.62850385e+00
 -3.46158301e+00 3.53440488e+00
 -2.32294510e+00 3.14472950e+00
 -1.72243732e+00 2.72132694e+00
 -1.31866140e+00 2.34023440e+00
 -1.03237592e+00 2.01511574e+00
 -8.07912728e-01 1.74156404e+00
 -5.96795103e-01 1.51125631e+00
 -5.06685730e-01 1.31614602e+00
 -4.73087171e-01 1.14948277e+00
 -3.31134658e-01 1.00586411e+00
 -3.34165938e-01 8.81031565e-01
 -2.57990450e-01 7.71634825e-01
 -2.91538018e-01 6.75027264e-01
 -3.15979815e-01 5.89103664e-01
 -2.05086984e-01 5.12175839e-01
 -8.26225339e-02 4.42878462e-01
 -1.83664235e-01 3.80097902e-01
 -1.10316504e-01 3.22918300e-01
 -1.18196351e-02 2.70580461e-01
 -1.64801162e-01 2.22450306e-01
 -1.67179384e-01 1.77994462e-01
 -9.99582208e-02 1.36761234e-01
 -5.44987589e-02 9.83656528e-02
 -1.15092755e-01 6.24776296e-02
 -3.13312780e-02 2.88125094e-02
 -8.83394080e-02 -2.87652300e-03
 -9.31667020e-02 -3.28045868e-02
 -5.52679463e-02 -6.11601098e-02
 -8.51692886e-02 -8.81089307e-02
 -1.58404709e-02 -1.13797681e-01
 2.42447503e-02 -1.38356592e-01
 -1.15861126e-02 -1.61901830e-01
 -4.09813822e-02 -1.84537466e-01
 -3.88616496e-02 -2.06357117e-01
 -1.27996292e-01 -2.27445358e-01
 -1.15868182e-01 -2.47878902e-01
 -5.08084700e-02 -2.67727625e-01
 -7.14342045e-02 -2.87055439e-01
 -4.05275695e-02 -3.05921045e-01
 -1.08455113e-01 -3.24378586e-01
 -1.93404165e-02 -3.42478220e-01
 -7.05512520e-02 -3.60266613e-01
 -3.15265484e-02 -3.77787382e-01
 -1.09412204e-01 -3.95081475e-01
 -9.28330522e-02 -4.12187521e-01
 -2.63128979e-02 -4.29142129e-01
 9.97823246e-03 -4.45980170e-01
 2.68340365e-02 -4.62735016e-01
 -7.21278252e-03 -4.79438778e-01
 -4.09413028e-02 -4.96122498e-01
 -2.35878327e-02 -5.12816353e-01
 -6.38653794e-02 -5.29549821e-01
 -5.62745565e-02 -5.46351854e-01
 -1.63620927e-02 -5.63251032e-01
 -6.00853030e-02 -5.80275713e-01
 2.27521944e-02 -5.97454179e-01
 -3.42563986e-02 -6.14814772e-01
 -2.44217378e-02 -6.32386042e-01
 -5.99748269e-02 -6.50196874e-01
 -3.46113945e-02 -6.68276634e-01
 -2.74642978e-02 -6.86655307e-01
 -2.64765438e-02 -7.05363640e-01
 -1.04484163e-01 -7.24433290e-01
 -1.90447654e-02 -7.43896983e-01
 -8.55322346e-02 -7.63788672e-01
 -2.50172714e-02 -7.84143711e-01
 1.90406866e-02 -8.04999040e-01
 -2.63995554e-02 -8.26393380e-01
 -6.87470816e-02 -8.48367446e-01
 1.30212245e-02 -8.70964176e-01
 7.42891575e-02 -8.94228985e-01
 -6.14756990e-02 -9.18210035e-01
 -1.17541918e-01 -9.42958541e-01
 -8.53528458e-02 -9.68529099e-01
 -8.64736649e-02 -9.94980058e-01
 1.44888762e-02 -1.02237393e+00
 -9.43614213e-02 -1.05077784e+00
 -6.47899892e-02 -1.08026403e+00
 -1.36529106e-01 -1.11091047e+00
 -8.54177073e-03 -1.14280143e+00
 -1.29131488e-01 -1.17602828e+00
 2.19555903e-02 -1.21069027e+00
 -1.03958109e-01 -1.24689545e+00
 -1.10220450e-01 -1.28476178e+00
 -7.17252778e-02 -1.32441830e+00
 -1.70292308e-01 -1.36600654e+00
 -7.39349413e-02 -1.40968211e+00
 -1.35558702e-01 -1.45561655e+00
 -9.78876331e-02 -1.50399946e+00
 -1.58153693e-01 -1.55504100e+00
 -5.05081402e-02 -1.60897474e+00
 -1.62658227e-01 -1.66606111e+00
 -1.61158423e-01 -1.72659134e+00
 -1.61298671e-01 -1.79089219e+00
 -1.96494604e-01 -1.85933151e+00
 -2.70658022e-01 -1.93232495e+00
 -1.51870790e-01 -2.01034389e+00
 -2.84145864e-01 -2.09392506e+00
 -2.67359788e-01 -2.18368218e+00
 -2.44884382e-01 -2.28032011e+00
 -2.39310680e-01 -2.38465221e+00
 -2.96376573e-01 -2.49762173e+00
 -3.90701266e-01 -2.62032836e+00
 -3.68365319e-01 -2.75406134e+00
 -4.30115722e-01 -2.90034126e+00
 -4.75581877e-01 -3.06097289e+00
 -5.40787655e-01 -3.23811265e+00
 -4.52173119e-01 -3.43435550e+00
 -6.74904974e-01 -3.65284722e+00
 -7.09213133e-01 -3.89743084e+00
 -7.40595735e-01 -4.17283807e+00
 -9.23668104e-01 -4.48494003e+00
 -1.11541673e+00 -4.84107387e+00
 -1.31375591e+00 -5.25046123e+00
 -1.45173790e+00 -5.72472156e+00
 -1.89006299e+00 -6.27843591e+00
 -2.21283480e+00 -6.92956768e+00
 -2.86445720e+00 -7.69911160e+00
 -3.67515430e+00 -8.60807398e+00
 -4.97030487e+00 -9.66617106e+00
 -6.67532174e+00 -1.08357025e+01
 -9.50133943e+00 -1.19235417e+01
 -1.37704544e+01 -1.22905941e+01
 -1.95981943e+01 -1.03259640e+01
 -2.47862901e+01 -3.90213382e+00
 -2.45875726e+01 5.29248678e+00
 -1.92100577e+01 1.14204996e+01
 -1.34945560e+01 1.31760647e+01
 -9.33035064e+00 1.27352826e+01
 -6.64161880e+00 1.16352455e+01
 -4.91753770e+00 1.04732313e+01
 -3.78104712e+00 9.42712352e+00
 -2.90789116e+00 8.52990522e+00
 -2.27819002e+00 7.77068613e+00
 -1.83663177e+00 7.12838994e+00
 -1.49601574e+00 6.58225033e+00
 -1.26331295e+00 6.11457438e+00
 -1.17969889e+00 5.71102014e+00
 -9.66473792e-01 5.36016154e+00
 -8.65965193e-01 5.05292853e+00
 -6.60934050e-01 4.78210151e+00
 -6.41844435e-01 4.54190067e+00
 -6.52822496e-01 4.32766553e+00
 -4.50707837e-01 4.13560924e+00
 -4.21722769e-01 3.96263069e+00
 -3.88205757e-01 3.80617099e+00
 -4.12410521e-01 3.66410309e+00
 -3.18667416e-01 3.53464657e+00
 -2.98873188e-01 3.41630126e+00
 -3.11471152e-01 3.30779529e+00
 -3.79854031e-01 3.20804404e+00
 -2.16357410e-01 3.11611746e+00
 -1.87497645e-01 3.03121398e+00
 -2.43872302e-01 2.95263944e+00
 -1.56385508e-01 2.87978997e+00
 -1.23936923e-01 2.81213801e+00
 -1.39837306e-01 2.74922092e+00
 -1.54534931e-01 2.69063143e+00
 -1.34296976e-01 2.63600980e+00
 -1.66530211e-01 2.58503728e+00
 -6.12632323e-02 2.53743055e+00
 -5.44501156e-02 2.49293715e+00
 4.60298388e-02 2.45133147e+00
 -1.18859529e-01 2.41241150e+00
 -1.43865125e-01 2.37599591e+00
 -2.55028095e-01 2.34192165e+00
 -6.67144247e-02 2.31004186e+00
 -8.90723767e-02 2.28022404e+00
 -8.45163423e-02 2.25234852e+00
 -1.07100131e-01 2.22630707e+00
 -1.07504109e-01 2.20200177e+00
 7.02312680e-02 2.17934394e+00
 -1.04458141e-01 2.15825329e+00
 -1.75028421e-02 2.13865710e+00
 -1.67763238e-01 2.12048956e+00
 -4.46751630e-02 2.10369117e+00
 -5.05897043e-03 2.08820818e+00
 1.00742168e-02 2.07399220e+00
 -6.42464573e-02 2.06099970e+00
 2.33327556e-02 2.04919174e+00
 -4.32337058e-02 2.03853363e+00
 -4.69811740e-02 2.02899464e+00
 2.38276753e-02 2.02054779e+00
 2.90918482e-03 2.01316965e+00
 -2.11999033e-02 2.00684016e+00
 7.03868611e-02 2.00154249e+00
 -4.15172757e-02 1.99726292e+00
 -5.32866218e-02 1.99399075e+00
 -4.13804639e-02 1.99171821e+00
 9.39049421e-02 1.99044045e+00
 9.91277967e-04 1.99015546e+00
 -6.58863507e-03 1.99086410e+00
 -2.11962112e-02 1.99257008e+00
 5.78725162e-02 1.99528003e+00
 2.20357407e-02 1.99900352e+00
 -4.28317957e-02 2.00375316e+00
 -2.69286084e-03 2.00954467e+00
 7.34757313e-02 2.01639702e+00
 3.43215277e-02 2.02433260e+00
 9.61978624e-03 2.03337735e+00
 1.04190637e-01 2.04356100e+00
 5.78218984e-02 2.05491733e+00
 6.09734792e-02 2.06748438e+00
 2.59710890e-02 2.08130486e+00
 1.35504156e-02 2.09642644e+00
 2.22822778e-02 2.11290225e+00
 -2.02876482e-03 2.13079128e+00
 9.50571728e-02 2.15015901e+00
 5.44189142e-02 2.17107799e+00
 9.71095067e-02 2.19362857e+00
 1.15231982e-01 2.21789976e+00
 1.12194477e-01 2.24399014e+00
 7.36448196e-02 2.27200897e+00
 1.04788292e-01 2.30207746e+00
 1.29986962e-01 2.33433017e+00
 1.77878910e-01 2.36891677e+00
 9.14973626e-02 2.40600393e+00
 1.72829690e-01 2.44577762e+00
 1.88901191e-01 2.48844576e+00
 1.19646498e-01 2.53424133e+00
 7.35401276e-02 2.58342609e+00
 8.88423804e-02 2.63629487e+00
 1.60791036e-01 2.69318076e+00
 2.63753830e-01 2.75446125e+00
 3.03345764e-01 2.82056563e+00
 1.69361100e-01 2.89198388e+00
 2.31059914e-01 2.96927744e+00
 2.16701818e-01 3.05309236e+00
 2.64991494e-01 3.14417534e+00
 3.19669945e-01 3.24339360e+00
 3.75415682e-01 3.35175949e+00
 2.98795020e-01 3.47046117e+00
 4.17870511e-01 3.60090129e+00
 5.22745814e-01 3.74474587e+00
 5.02936779e-01 3.90398658e+00
 5.17222510e-01 4.08102068e+00
 6.00998534e-01 4.27875405e+00
 6.81291120e-01 4.50073463e+00
 7.65154840e-01 4.75132550e+00
 8.72112776e-01 5.03592855e+00
 1.03488883e+00 5.36126992e+00
 1.24487238e+00 5.73575279e+00
 1.58897899e+00 6.16986060e+00
 1.79196498e+00 6.67652543e+00
 2.25202420e+00 7.27118015e+00
 2.74853903e+00 7.97066588e+00
 3.68761714e+00 8.78862984e+00
 4.87326485e+00 9.72069658e+00
 6.68831620e+00 1.07005344e+01
 9.42980542e+00 1.14774943e+01
 1.35107272e+01 1.13254885e+01
 1.85039438e+01 8.69809925e+00
 2.19186481e+01 2.32826217e+00
 2.04551667e+01 -5.15791443e+00
 1.57345231e+01 -9.47063541e+00
 1.10766935e+01 -1.05072982e+01
 7.80416234e+00 -1.00188275e+01
 5.63711718e+00 -9.08277259e+00
 4.21233667e+00 -8.11550349e+00
 3.15381838e+00 -7.24386565e+00
 2.45016905e+00 -6.49192855e+00
 2.00148496e+00 -5.85140588e+00
 1.71530647e+00 -5.30604789e+00
 1.41856633e+00 -4.83958660e+00
 1.23096914e+00 -4.43796983e+00
 1.02733480e+00 -4.08967345e+00
 8.83016169e-01 -3.78542510e+00
 7.28425688e-01 -3.51780179e+00
 6.62684687e-01 -3.28085168e+00
 5.93746799e-01 -3.06977941e+00
 6.48770896e-01 -2.88069664e+00
 4.58029204e-01 -2.71042806e+00
 5.52920874e-01 -2.55636177e+00
 3.41315481e-01 -2.41633376e+00
 3.51598726e-01 -2.28853851e+00
 2.87952121e-01 -2.17145948e+00
 3.12296829e-01 -2.06381469e+00
 2.24931855e-01 -1.96451389e+00
 2.26935957e-01 -1.87262451e+00
 2.06774816e-01 -1.78734453e+00
 2.02666686e-01 -1.70798069e+00
 1.34585944e-01 -1.63393083e+00
 2.37592253e-01 -1.56466948e+00
 1.02305397e-01 -1.49973614e+00
 1.34217483e-01 -1.43872558e+00
 2.61749490e-01 -1.38127976e+00
 1.72194579e-01 -1.32708122e+00
 1.69790004e-01 -1.27584742e+00
 2.13471258e-01 -1.22732609e+00
 7.52806667e-02 -1.18129119e+00
 1.83327576e-01 -1.13753962e+00
 1.75520314e-01 -1.09588827e+00
 1.29103935e-01 -1.05617161e+00
 1.18901969e-01 -1.01823957e+00
 4.39454518e-02 -9.81955687e-01
 1.31938384e-01 -9.47195578e-01
 1.54406612e-01 -9.13845537e-01
 1.69679054e-02 -8.81801357e-01
 1.16519669e-01 -8.50967283e-01
 1.40194837e-01 -8.21255099e-01
 1.40508443e-01 -7.92583324e-01
 1.05149346e-01 -7.64876496e-01
 8.89064500e-02 -7.38064550e-01
 -9.92259183e-03 -7.12082251e-01
 1.19115276e-01 -6.86868698e-01
 3.65476827e-02 -6.62366876e-01
 3.96863628e-02 -6.38523256e-01
 7.25597819e-02 -6.15287428e-01
 4.73254051e-02 -5.92611779e-01
 -6.20447152e-03 -5.70451192e-01
 4.09196197e-02 -5.48762775e-01
 5.91829896e-02 -5.27505606e-01
 1.68432884e-01 -5.06640510e-01
 7.69888261e-02 -4.86129838e-01
 4.98587195e-02 -4.65937272e-01
 -6.03267984e-02 -4.46027631e-01
 8.11608111e-02 -4.26366698e-01
 3.71245738e-02 -4.06921046e-01
 1.55046786e-02 -3.87657876e-01
 -9.37790315e-03 -3.68544853e-01
 9.09834950e-02 -3.49549954e-01
 4.35768364e-02 -3.30641313e-01
 3.33233346e-02 -3.11787058e-01
 8.59756710e-02 -2.92955162e-01
 1.32055582e-02 -2.74113278e-01
 3.85398240e-02 -2.55228575e-01
 1.59844726e-01 -2.36267564e-01
 3.34527143e-02 -2.17195916e-01
 5.98068343e-03 -1.97978272e-01
 -1.40778785e-02 -1.78578036e-01
 1.28708669e-02 -1.58957154e-01
 6.42716362e-02 -1.39075871e-01
 -1.70735453e-02 -1.18892473e-01
 5.46140130e-02 -9.83629952e-02
 1.07253930e-01 -7.74409023e-02
 2.54305555e-02 -5.60767363e-02
 8.89189189e-02 -3.42177188e-02
 7.40406817e-03 -1.18073067e-02
 4.89624766e-02 1.12153097e-02
 7.49345778e-03 3.49157745e-02
 3.25203092e-02 5.93652120e-02
 1.19373892e-01 8.46409649e-02
 1.13321829e-01 1.10827440e-01
 1.37123917e-01 1.38017081e-01
 1.06348668e-01 1.66311497e-01
 2.17173406e-03 1.95822769e-01
 2.41094525e-02 2.26674970e-01
 9.68145555e-02 2.59005952e-01
 1.12531983e-01 2.92969442e-01
 6.92508726e-02 3.28737516e-01
 2.31825340e-01 3.66503539e-01
 1.60589583e-01 4.06485667e-01
 1.01292096e-01 4.48931041e-01
 1.78172868e-01 4.94120846e-01
 9.05135938e-02 5.42376424e-01
 1.73612368e-01 5.94066736e-01
 1.40576828e-01 6.49617480e-01
 1.42071594e-01 7.09522349e-01
 2.32585091e-01 7.74356968e-01
 9.65416640e-02 8.44796300e-01
 3.03838235e-01 9.21636492e-01
 2.19698661e-01 1.00582249e+00
 2.76421905e-01 1.09848310e+00
 2.62632747e-01 1.20097590e+00
 3.24713927e-01 1.31494471e+00
 2.74288037e-01 1.44239361e+00
 4.72661232e-01 1.58578186e+00
 6.02252066e-01 1.74814450e+00
 6.40657974e-01 1.93324198e+00
 8.26572399e-01 2.14573582e+00
 8.58071968e-01 2.39136724e+00
 1.12627709e+00 2.67706065e+00
 1.35298461e+00 3.01072384e+00
 1.66026331e+00 3.40011204e+00
 2.12856595e+00 3.84902002e+00
 2.82295485e+00 4.34605193e+00
 3.94297141e+00 4.83330912e+00
 5.64162549e+00 5.12546604e+00
 7.99857417e+00 4.74563481e+00
 1.05778952e+01 2.85794360e+00
 1.17289394e+01 -7.93358463e-01
 1.05154952e+01 -4.41168507e+00
 7.81530304e+00 -6.24928892e+00
 5.54159709e+00 -6.60334685e+00
 4.02400399e+00 -6.30412274e+00
 2.89283058e+00 -5.81765970e+00
 2.22241810e+00 -5.32401273e+00
 1.66511505e+00 -4.87914996e+00
 1.31878130e+00 -4.49386201e+00
 1.11183947e+00 -4.16421419e+00
 9.24456380e-01 -3.88246160e+00
 7.96566686e-01 -3.64074736e+00
 5.82681274e-01 -3.43220214e+00
 5.43070924e-01 -3.25113322e+00
 3.56977279e-01 -3.09291909e+00
 4.20581581e-01 -2.95383160e+00
 4.44436348e-01 -2.83086177e+00
 3.99936889e-01 -2.72157156e+00
 2.96219797e-01 -2.62397444e+00
 3.05360031e-01 -2.53644136e+00
 2.09805708e-01 -2.45762754e+00
 2.95509006e-01 -2.38641541e+00
 1.96607734e-01 -2.32187018e+00
 9.23198376e-02 -2.26320510e+00
 1.49406018e-01 -2.20975403e+00
 2.17976131e-01 -2.16094981e+00
 1.88997603e-01 -2.11630703e+00
 1.50029353e-02 -2.07540815e+00
 1.06757753e-01 -2.03789239e+00
 1.47170813e-01 -2.00344666e+00
 1.45948474e-01 -1.97179818e+00
 4.40559854e-02 -1.94270842e+00
 1.32885786e-01 -1.91596806e+00
 -1.33660821e-02 -1.89139291e+00
 6.74218016e-03 -1.86882037e+00
 1.32303425e-01 -1.84810660e+00
 3.92650233e-02 -1.82912401e+00
 5.16972367e-02 -1.81175928e+00
 1.16589809e-01 -1.79591154e+00
 3.98692586e-02 -1.78149092e+00
 -4.38082471e-03 -1.76841727e+00
 2.46930577e-02 -1.75661908e+00
 6.57437156e-03 -1.74603254e+00
 8.21540681e-02 -1.73660072e+00
 1.41207142e-02 -1.72827291e+00
 1.46999360e-02 -1.72100399e+00
 -2.46535042e-02 -1.71475390e+00
 7.41410835e-03 -1.70948723e+00
 7.92689481e-04 -1.70517280e+00
 -2.46063310e-02 -1.70178334e+00
 2.56434540e-02 -1.69929518e+00
 3.08689651e-02 -1.69768800e+00
 6.98363060e-02 -1.69694465e+00
 -1.76047222e-03 -1.69705089e+00
 3.74267347e-02 -1.69799532e+00
 -4.53689878e-02 -1.69976919e+00
 4.22718388e-02 -1.70236633e+00
 4.08431326e-02 -1.70578302e+00
 -2.23769612e-02 -1.71001797e+00
 -7.59771091e-02 -1.71507226e+00
 -8.20387010e-02 -1.72094929e+00
 5.11087688e-02 -1.72765479e+00
 2.15626809e-02 -1.73519681e+00
 -5.98009055e-02 -1.74358577e+00
 3.52475579e-02 -1.75283445e+00
 -4.64171064e-02 -1.76295810e+00
 -5.32533858e-02 -1.77397446e+00
 -5.24805965e-02 -1.78590389e+00
 -7.74984926e-02 -1.79876945e+00
 -4.18514422e-02 -1.81259707e+00
 -4.61595932e-02 -1.82741564e+00
 -2.85852616e-02 -1.84325723e+00
 -1.10230486e-02 -1.86015730e+00
 -9.20668809e-02 -1.87815487e+00
 -4.79386114e-02 -1.89729283e+00
 -6.21601134e-02 -1.91761822e+00
 -5.85275164e-02 -1.93918255e+00
 -6.66530607e-03 -1.96204221e+00
 -8.19421230e-02 -1.98625882e+00
 -6.83366383e-02 -2.01189980e+00
 -6.57086282e-02 -2.03903884e+00
 -1.27411975e-01 -2.06775654e+00
 -1.31216601e-01 -2.09814111e+00
 -1.67136975e-01 -2.13028914e+00
 -9.03871812e-02 -2.16430649e+00
 -4.24190314e-02 -2.20030933e+00
 -1.87220621e-01 -2.23842529e+00
 -1.66887856e-01 -2.27879478e+00
 -1.33216695e-01 -2.32157252e+00
 -9.60062062e-02 -2.36692930e+00
 -9.65722732e-02 -2.41505400e+00
 -1.42356439e-01 -2.46615592e+00
 -1.39602561e-01 -2.52046749e+00
 -2.35749486e-01 -2.57824746e+00
 -1.93302484e-01 -2.63978457e+00
 -2.02929570e-01 -2.70540190e+00
 -2.16556551e-01 -2.77546195e+00
 -2.63823575e-01 -2.85037274e+00
 -2.12793011e-01 -2.93059493e+00
 -2.73318262e-01 -3.01665042e+00
 -3.46625597e-01 -3.10913262e+00
 -3.39646669e-01 -3.20871881e+00
 -3.68145605e-01 -3.31618519e+00
 -4.00569245e-01 -3.43242511e+00
 -3.63806944e-01 -3.55847145e+00
 -4.49258635e-01 -3.69552425e+00
 -4.72279590e-01 -3.84498481e+00
 -5.66707515e-01 -4.00849833e+00
 -6.08797578e-01 -4.18800731e+00
 -7.48544122e-01 -4.38581892e+00
 -7.38050684e-01 -4.60469035e+00
 -7.62903806e-01 -4.84793748e+00
 -8.17187002e-01 -5.11957336e+00
 -1.02814581e+00 -5.42448480e+00
 -1.18740771e+00 -5.76865562e+00
 -1.42796735e+00 -6.15944433e+00
 -1.65899260e+00 -6.60591536e+00
 -1.88607300e+00 -7.11919849e+00
 -2.24095731e+00 -7.71278101e+00
 -2.80688658e+00 -8.40245415e+00
 -3.47755049e+00 -9.20515629e+00
 -4.36031679e+00 -1.01346960e+01
 -5.75514241e+00 -1.11890010e+01
 -7.66857807e+00 -1.23147839e+01
 -1.04540843e+01 -1.33143626e+01
 -1.45420747e+01 -1.36247221e+01
 -2.00123703e+01 -1.19596105e+01
 -2.54367797e+01 -6.54578957e+00
 -2.68100177e+01 2.12807357e+00
 -2.28771772e+01 9.53692203e+00
 -1.71542575e+01 1.28981178e+01
 -1.23181508e+01 1.33636659e+01
 -8.90158163e+00 1.26058121e+01
