 NaN NaN
 3.58777935e-02 1.63655038e-01
 -6.01849821e-02 1.63708213e-01
 2.80161486e-02 1.63795325e-01
 3.29671101e-02 1.63916227e-01
 2.30535009e-02 1.64070895e-01
 7.38898668e-02 1.64259376e-01
 3.03784358e-02 1.64481770e-01
 -2.41983475e-02 1.64738219e-01
 1.34267304e-02 1.65028906e-01
 -3.30279249e-02 1.65354050e-01
 -3.19475199e-02 1.65713905e-01
 2.85347798e-02 1.66108763e-01
 -1.37467683e-02 1.66538948e-01
 3.06419413e-02 1.67004818e-01
 -2.40465214e-02 1.67506770e-01
 5.95405746e-02 1.68045233e-01
 6.50958414e-02 1.68620673e-01
 -3.14971117e-02 1.69233595e-01
 4.03328164e-02 1.69884540e-01
 -3.38080267e-02 1.70574087e-01
 -9.02318178e-03 1.71302858e-01
 7.00041812e-03 1.72071513e-01
 -5.14543111e-04 1.72880756e-01
 -4.81152769e-02 1.73731336e-01
 6.27898569e-03 1.74624046e-01
 8.71632602e-02 1.75559727e-01
 2.87256528e-02 1.76539269e-01
 -4.63629845e-02 1.77563614e-01
 -8.53573653e-02 1.78633756e-01
 -2.96425768e-02 1.79750746e-01
 9.68582543e-02 1.80915692e-01
 9.48997674e-02 1.82129764e-01
 -1.79648210e-02 1.83394194e-01
 -1.19977226e-02 1.84710281e-01
 7.10251686e-03 1.86079397e-01
 -1.27079007e-01 1.87502982e-01
 3.03879734e-02 1.88982557e-01
 2.30955050e-02 1.90519723e-01
 6.73879973e-02 1.92116167e-01
 6.60744276e-02 1.93773665e-01
 2.23421585e-02 1.95494088e-01
 2.05278022e-02 1.97279409e-01
 -1.42264765e-02 1.99131706e-01
 -5.92571953e-03 2.01053169e-01
 7.61686604e-02 2.03046106e-01
 1.76112712e-02 2.05112952e-01
 1.03169526e-01 2.07256276e-01
 -4.36928804e-02 2.09478788e-01
 -5.76206060e-03 2.11783348e-01
 -9.95132099e-02 2.14172976e-01
 4.45693642e-02 2.16650865e-01
 -6.66474246e-02 2.19220387e-01
 -3.00531339e-02 2.21885109e-01
 -1.86484619e-02 2.24648805e-01
 -3.19589209e-02 2.27515470e-01
 -2.53124025e-02 2.30489336e-01
 -3.07029243e-02 2.33574888e-01
 7.10398663e-03 2.36776882e-01
 1.53960662e-02 2.40100366e-01
 -3.16290111e-02 2.43550701e-01
 -6.61505943e-02 2.47133584e-01
 2.84382294e-02 2.50855076e-01
 5.23202109e-03 2.54721628e-01
 3.85156030e-02 2.58740110e-01
 -4.57462338e-02 2.62917851e-01
 -2.67824989e-02 2.67262671e-01
 5.59324072e-02 2.71782922e-01
 -1.38363822e-02 2.76487538e-01
 -5.58386406e-02 2.81386078e-01
 -5.68205534e-02 2.86488787e-01
 3.43842120e-03 2.91806653e-01
 5.47864450e-02 2.97351476e-01
 -2.13907785e-02 3.03135943e-01
 -1.00313321e-01 3.09173711e-01
 -4.54467876e-02 3.15479501e-01
 -1.32393106e-01 3.22069203e-01
 3.90029471e-02 3.28959988e-01
 2.25561877e-02 3.36170443e-01
 -1.54694692e-02 3.43720720e-01
 -1.70880695e-02 3.51632693e-01
 -3.72982783e-02 3.59930157e-01
 -1.59079216e-02 3.68639030e-01
 2.92563739e-02 3.77787600e-01
 -4.73889186e-02 3.87406797e-01
 9.16644611e-02 3.97530509e-01
 -1.90883823e-02 4.08195939e-01
 -3.90396836e-02 4.19444018e-01
 -6.05067165e-02 4.31319885e-01
 1.04867626e-02 4.43873431e-01
 -1.12293897e-02 4.57159946e-01
 8.97067388e-03 4.71240862e-01
 -5.89634263e-02 4.86184627e-01
 -4.13796921e-02 5.02067729e-01
 -8.96029159e-03 5.18975911e-01
 7.21170488e-02 5.37005607e-01
 4.70398726e-02 5.56265658e-01
 -8.05048022e-03 5.76879363e-01
 -3.96300908e-02 5.98986956e-01
 1.28640390e-02 6.22748612e-01
 7.70744955e-02 6.48348105e-01
 4.16297100e-03 6.75997312e-01
 -5.40401989e-02 7.05941787e-01
 6.79011912e-04 7.38467707e-01
 7.69413924e-02 7.73910615e-01
 6.05595610e-05 8.12666525e-01
 1.11703068e-01 8.55206143e-01
 4.34361822e-03 9.02093320e-01
 2.58976717e-02 9.54009222e-01
 1.01731301e-01 1.01178444e+00
 -3.97805585e-02 1.07644224e+00
 3.87443281e-02 1.14925771e+00
 6.68331927e-02 1.23184005e+00
 9.78704655e-02 1.32624930e+00
 1.14400933e-01 1.43516553e+00
 3.16320710e-02 1.56214000e+00
 -7.65734905e-04 1.71197856e+00
 1.01081072e-01 1.89134576e+00
 1.64167101e-01 2.10975229e+00
 1.70678805e-01 2.38124001e+00
 2.82467655e-01 2.72740716e+00
 4.82977710e-01 3.18317986e+00
 5.81596827e-01 3.80865363e+00
 8.09372267e-01 4.71556854e+00
 1.49228512e+00 6.13211289e+00
 3.02870620e+00 8.56370662e+00
 8.54424122e+00 1.27350720e+01
 2.72800510e+01 3.93587774e+00
 1.15266511e+01 -1.38215219e+01
 3.71792503e+00 -9.61135518e+00
 1.77793293e+00 -6.85670210e+00
 8.75804965e-01 -5.28096291e+00
 6.09602159e-01 -4.29084819e+00
 4.13480816e-01 -3.61760934e+00
 2.65440670e-01 -3.13226328e+00
 2.73419029e-01 -2.76671070e+00
 1.10778284e-01 -2.48196312e+00
 1.59937595e-01 -2.25419926e+00
 1.36855967e-01 -2.06808311e+00
 1.12064021e-01 -1.91331117e+00
 9.31959993e-02 -1.78271214e+00
 1.49191199e-01 -1.67114449e+00
 2.62148087e-02 -1.57482776e+00
 5.95247415e-02 -1.49092123e+00
 4.64149576e-02 -1.41724973e+00
 6.26117598e-02 -1.35211997e+00
 4.44241373e-03 -1.29419437e+00
 6.36931468e-02 -1.24240260e+00
 1.30919724e-03 -1.19587816e+00
 3.11951984e-02 -1.15391221e+00
 4.05334673e-02 -1.11591945e+00
 8.93184743e-02 -1.08141239e+00
 -2.51655276e-02 -1.04998188e+00
 -4.89349636e-03 -1.02128206e+00
 -1.19932581e-02 -9.95018705e-01
 5.77242132e-02 -9.70939986e-01
 -1.08250062e-01 -9.48829220e-01
 1.98809612e-02 -9.28499020e-01
 -6.61104556e-03 -9.09786592e-01
 -3.11220938e-02 -8.92549920e-01
 -7.98090883e-04 -8.76664635e-01
 9.76876612e-02 -8.62021441e-01
 8.87743042e-02 -8.48523989e-01
 -7.51154822e-03 -8.36087101e-01
 5.71200398e-03 -8.24635283e-01
 -1.84485740e-02 -8.14101476e-01
 8.73516308e-02 -8.04426004e-01
 2.10495703e-02 -7.95555679e-01
 -1.82599850e-02 -7.87443033e-01
 -5.68349041e-02 -7.80045674e-01
 5.55702960e-02 -7.73325724e-01
 1.78078695e-02 -7.67249340e-01
 -5.27573277e-03 -7.61786300e-01
 9.09226676e-03 -7.56909647e-01
 1.91552524e-02 -7.52595381e-01
 -7.13083244e-02 -7.48822190e-01
 -6.16904246e-02 -7.45571220e-01
 4.31506466e-02 -7.42825874e-01
 -1.83457241e-02 -7.40571640e-01
 -4.19857161e-03 -7.38795940e-01
 -2.80728920e-02 -7.37488002e-01
 2.69609130e-02 -7.36638752e-01
 2.66283611e-02 -7.36240718e-01
 -2.42641154e-02 -7.36287954e-01
 -2.41747999e-02 -7.36775975e-01
 3.84265135e-02 -7.37701704e-01
 6.69887954e-02 -7.39063434e-01
 4.39058352e-02 -7.40860798e-01
 1.26326745e-02 -7.43094747e-01
 4.54943930e-03 -7.45767547e-01
 1.37746096e-01 -7.48882776e-01
 3.87405289e-02 -7.52445335e-01
 -1.12328650e-02 -7.56461470e-01
 -7.54616234e-03 -7.60938799e-01
 8.91474301e-03 -7.65886358e-01
 3.88423531e-02 -7.71314646e-01
 -1.86047245e-02 -7.77235690e-01
 1.79750333e-02 -7.83663122e-01
 2.30557364e-02 -7.90612259e-01
 8.89128399e-02 -7.98100210e-01
 -2.80067183e-02 -8.06145992e-01
 -5.78734778e-02 -8.14770660e-01
 -2.57394194e-02 -8.23997461e-01
 -3.26379816e-02 -8.33852007e-01
 -3.04527132e-02 -8.44362473e-01
 6.87995789e-02 -8.55559816e-01
 -5.39649629e-02 -8.67478034e-01
 -1.64460053e-02 -8.80154448e-01
 -4.32215795e-02 -8.93630033e-01
 -8.37390587e-03 -9.07949787e-01
 -8.12322121e-03 -9.23163158e-01
 -4.66844915e-02 -9.39324524e-01
 1.58702180e-02 -9.56493747e-01
 1.92245448e-02 -9.74736810e-01
 1.53134882e-02 -9.94126542e-01
 3.04293104e-02 -1.01474346e+00
 -5.63838857e-02 -1.03667674e+00
 1.46425009e-02 -1.06002536e+00
 -2.72639567e-02 -1.08489937e+00
 3.20716891e-02 -1.11142146e+00
 -8.29189803e-03 -1.13972877e+00
 -5.01603690e-02 -1.16997496e+00
 -1.46361656e-02 -1.20233275e+00
 -1.46762102e-02 -1.23699688e+00
 -6.28714217e-02 -1.27418769e+00
 -6.10702255e-02 -1.31415536e+00
 -4.92435842e-02 -1.35718509e+00
 -4.54524071e-02 -1.40360334e+00
 2.37512266e-02 -1.45378553e+00
 -1.28014789e-01 -1.50816549e+00
 -2.53061940e-02 -1.56724709e+00
 -1.87947119e-02 -1.63161899e+00
 -1.47016598e-01 -1.70197305e+00
 -1.15611524e-01 -1.77912785e+00
 -2.90864313e-02 -1.86405895e+00
 -1.07261287e-01 -1.95793819e+00
 -9.07182642e-02 -2.06218536e+00
 -2.10040791e-01 -2.17853711e+00
 -1.63099726e-01 -2.30914004e+00
 -2.05511422e-01 -2.45667849e+00
 -1.75173263e-01 -2.62455301e+00
 -1.62892910e-01 -2.81713452e+00
 -2.42850178e-01 -3.04013394e+00
 -2.56280700e-01 -3.30115302e+00
 -3.60197004e-01 -3.61052778e+00
 -3.87027802e-01 -3.98266008e+00
 -5.27963510e-01 -4.43819495e+00
 -7.16412308e-01 -5.00772379e+00
 -8.89331528e-01 -5.73836688e+00
 -1.27050675e+00 -6.70603439e+00
 -1.83562096e+00 -8.03922715e+00
 -2.83362777e+00 -9.96520749e+00
 -5.05549391e+00 -1.28772743e+01
 -1.08321925e+01 -1.70853479e+01
 -2.73671255e+01 -1.70615045e+01
 -3.44288134e+01 1.12689558e+01
 -1.44927876e+01 1.85934800e+01
 -6.40284118e+00 1.43464121e+01
 -3.50867464e+00 1.10306309e+01
 -2.15362788e+00 8.84886413e+00
 -1.45095532e+00 7.36168305e+00
 -1.09624985e+00 6.29732681e+00
 -7.60601043e-01 5.50293591e+00
 -6.37917634e-01 4.88954041e+00
 -4.30262930e-01 4.40273215e+00
 -3.50308271e-01 4.00765329e+00
 -3.49138408e-01 3.68104648e+00
 -2.82976667e-01 3.40684543e+00
 -1.33675408e-01 3.17361624e+00
 -1.45827053e-01 2.97301076e+00
 -2.02563010e-01 2.79879712e+00
 -2.87381665e-01 2.64623233e+00
 -1.21821436e-01 2.51164464e+00
 -3.55490567e-02 2.39214851e+00
 -9.31342671e-02 2.28544564e+00
 -1.33198434e-01 2.18968343e+00
 -1.38983762e-01 2.10335233e+00
 -6.23958796e-02 2.02521025e+00
 -9.22918731e-02 1.95422613e+00
 -1.76981163e-01 1.88953714e+00
 -1.24440156e-01 1.83041593e+00
 -1.38340698e-01 1.77624517e+00
 -2.79530321e-03 1.72649771e+00
 -6.94396798e-02 1.68072080e+00
 -9.21690308e-02 1.63852357e+00
 -1.82107002e-01 1.59956692e+00
 -1.00355605e-01 1.56355540e+00
 -9.89125701e-02 1.53023047e+00
 -1.05462165e-01 1.49936508e+00
 2.44060156e-02 1.47075913e+00
 2.97779510e-02 1.44423571e+00
 -1.00183351e-01 1.41963798e+00
 -3.09786991e-02 1.39682648e+00
 -2.56480554e-02 1.37567699e+00
 3.55449843e-02 1.35607856e+00
 -2.91514810e-03 1.33793197e+00
 -8.59326628e-02 1.32114833e+00
 -9.01647013e-02 1.30564793e+00
 2.13876542e-03 1.29135920e+00
 1.12861419e-01 1.27821787e+00
 3.47042458e-03 1.26616622e+00
 -3.03739333e-02 1.25515241e+00
 -3.99946713e-03 1.24512992e+00
 -1.24039894e-02 1.23605708e+00
 -2.42068863e-02 1.22789661e+00
 1.07623421e-01 1.22061529e+00
 -2.84185721e-03 1.21418361e+00
 -2.93557499e-02 1.20857548e+00
 2.45859598e-02 1.20376801e+00
 6.52615990e-03 1.19974131e+00
 -7.42491127e-02 1.19647827e+00
 1.56681131e-02 1.19396444e+00
 4.65484589e-02 1.19218789e+00
 -6.96991579e-02 1.19113909e+00
 -6.11893648e-03 1.19081084e+00
 6.11951502e-02 1.19119820e+00
 -2.33307110e-02 1.19229842e+00
 6.81820194e-03 1.19411092e+00
 5.75254348e-02 1.19663729e+00
 2.79400092e-02 1.19988125e+00
 3.53501100e-02 1.20384868e+00
 -2.94440032e-03 1.20854766e+00
 1.34016669e-02 1.21398851e+00
 -4.16209587e-02 1.22018384e+00
 -3.12906836e-02 1.22714866e+00
 5.85566711e-02 1.23490043e+00
 4.58495762e-02 1.24345923e+00
 1.57824613e-03 1.25284788e+00
 7.35062334e-02 1.26309209e+00
 -5.96115440e-02 1.27422066e+00
 3.15980799e-02 1.28626570e+00
 8.87783350e-03 1.29926288e+00
 5.16799142e-02 1.31325171e+00
 -2.58742361e-03 1.32827585e+00
 2.23161612e-02 1.34438350e+00
 2.44219281e-02 1.36162783e+00
 9.46420086e-02 1.38006742e+00
 5.38570197e-02 1.39976683e+00
 -3.18842146e-02 1.42079725e+00
 -3.15180137e-02 1.44323714e+00
 6.09891160e-02 1.46717312e+00
 7.80373788e-02 1.49270088e+00
 1.06620549e-02 1.51992625e+00
 1.33011344e-01 1.54896646e+00
 -1.32134566e-03 1.57995158e+00
 6.65097566e-02 1.61302621e+00
 -9.04627860e-03 1.64835139e+00
 1.59320100e-02 1.68610695e+00
 3.56163341e-02 1.72649414e+00
 -3.20051901e-03 1.76973882e+00
 1.02389547e-01 1.81609521e+00
 -1.57067054e-02 1.86585034e+00
 6.83692473e-02 1.91932942e+00
 5.69984423e-02 1.97690222e+00
 1.06372883e-01 2.03899086e+00
 6.61884975e-02 2.10607928e+00
 8.12821311e-02 2.17872478e+00
 1.50024868e-01 2.25757236e+00
 1.44903224e-01 2.34337242e+00
 9.04255168e-02 2.43700305e+00
 1.05820381e-01 2.53949809e+00
 1.01490988e-01 2.65208304e+00
 1.54948104e-01 2.77622122e+00
 5.92295877e-02 2.91367395e+00
 1.25057155e-01 3.06657989e+00
 2.60438082e-01 3.23756092e+00
 2.77278205e-01 3.42986560e+00
 2.96363639e-01 3.64756647e+00
 3.50203058e-01 3.89583620e+00
 3.40883058e-01 4.18134128e+00
 4.99167337e-01 4.51281539e+00
 5.23830923e-01 4.90191387e+00
 6.39781753e-01 5.36452024e+00
 7.51998899e-01 5.92280108e+00
 1.03751157e+00 6.60853793e+00
 1.31275994e+00 7.46870199e+00
 1.75702829e+00 8.57504708e+00
 2.47309422e+00 1.00408030e+01
 3.62603761e+00 1.20480885e+01
 5.84248435e+00 1.48752692e+01
 1.06692528e+01 1.87559554e+01
 2.20471489e+01 2.19464354e+01
 4.20345999e+01 9.12120832e+00
 3.35811666e+01 -1.88320427e+01
 1.59184428e+01 -2.12220053e+01
 8.11678651e+00 -1.71379459e+01
 4.76519285e+00 -1.37304743e+01
 3.07193607e+00 -1.13092410e+01
 2.12426805e+00 -9.57144301e+00
 1.57857498e+00 -8.28333124e+00
 1.10891576e+00 -7.29769211e+00
 9.81429612e-01 -6.52246648e+00
 8.36953121e-01 -5.89847961e+00
 6.13330162e-01 -5.38640605e+00
 5.86134822e-01 -4.95926293e+00
 3.99713836e-01 -4.59799464e+00
 3.50204830e-01 -4.28879625e+00
 3.51017966e-01 -4.02143961e+00
 2.60077670e-01 -3.78819518e+00
 3.18977059e-01 -3.58311853e+00
 2.08856890e-01 -3.40156650e+00
 2.45408496e-01 -3.23986167e+00
 2.39276352e-01 -3.09505511e+00
 2.40171076e-01 -2.96475540e+00
 9.49252333e-02 -2.84700353e+00
 7.90676510e-02 -2.74017990e+00
 1.17048155e-01 -2.64293423e+00
 1.33554620e-01 -2.55413218e+00
 7.77394547e-02 -2.47281408e+00
 1.64842919e-01 -2.39816280e+00
 1.04872657e-01 -2.32947846e+00
 5.65833803e-02 -2.26615830e+00
 8.25936779e-02 -2.20768060e+00
 1.28024622e-01 -2.15359167e+00
 3.48964212e-02 -2.10349526e+00
 -1.81343567e-02 -2.05704394e+00
 9.60123619e-02 -2.01393196e+00
 1.12729069e-01 -1.97388931e+00
 3.42337292e-03 -1.93667685e+00
 -1.82208508e-02 -1.90208215e+00
 5.95847843e-02 -1.86991600e+00
 9.22410779e-02 -1.84000955e+00
 1.44846968e-01 -1.81221173e+00
 6.76583997e-02 -1.78638719e+00
 -6.92866359e-02 -1.76241443e+00
 -1.56255412e-02 -1.74018430e+00
 1.85122162e-02 -1.71959861e+00
 1.14120124e-02 -1.70056898e+00
 3.48967063e-02 -1.68301583e+00
 3.47278724e-02 -1.66686753e+00
 1.51914689e-02 -1.65205964e+00
 -1.35818569e-02 -1.63853420e+00
 1.45016745e-02 -1.62623923e+00
 4.25026637e-02 -1.61512818e+00
 4.13404182e-02 -1.60515949e+00
 -5.62515410e-02 -1.59629625e+00
 -7.15637519e-02 -1.58850582e+00
 1.91001288e-02 -1.58175958e+00
 5.01550078e-02 -1.57603268e+00
 6.63193777e-02 -1.57130378e+00
 -3.46813657e-02 -1.56755495e+00
 -6.63586682e-02 -1.56477144e+00
 1.35308366e-02 -1.56294162e+00
 -1.70572845e-02 -1.56205682e+00
 -2.51256689e-02 -1.56211132e+00
 3.35261576e-02 -1.56310224e+00
 3.45856884e-02 -1.56502954e+00
 2.43140165e-02 -1.56789599e+00
 -1.89031458e-02 -1.57170722e+00
 -9.62885737e-03 -1.57647168e+00
 1.11869477e-02 -1.58220075e+00
 2.11386265e-02 -1.58890881e+00
 -5.77602942e-02 -1.59661329e+00
 7.95642906e-02 -1.60533486e+00
 1.47204129e-02 -1.61509751e+00
 4.09845037e-02 -1.62592875e+00
 4.98915626e-02 -1.63785985e+00
 -9.48344355e-02 -1.65092599e+00
 1.63234315e-02 -1.66516663e+00
 3.87810019e-03 -1.68062575e+00
 -2.12439051e-02 -1.69735224e+00
 -1.01019010e-03 -1.71540033e+00
 6.35584538e-03 -1.73483000e+00
 -8.17861883e-02 -1.75570757e+00
 -2.54590242e-02 -1.77810628e+00
 -2.14034080e-02 -1.80210698e+00
 -5.08062368e-02 -1.82779896e+00
 -6.23871259e-02 -1.85528081e+00
 2.62421107e-02 -1.88466152e+00
 3.68094717e-03 -1.91606162e+00
 -5.20525029e-02 -1.94961459e+00
 -5.76308135e-02 -1.98546849e+00
 -6.48433175e-02 -2.02378775e+00
 -1.24092431e-01 -2.06475536e+00
 -9.63971367e-02 -2.10857536e+00
 -1.16242029e-01 -2.15547581e+00
 -2.07729663e-01 -2.20571221e+00
 -6.55378656e-02 -2.25957161e+00
 -6.79825109e-02 -2.31737741e+00
 -1.58462130e-01 -2.37949519e+00
 -7.35707229e-02 -2.44633954e+00
 -1.59746477e-01 -2.51838241e+00
 -1.16010136e-01 -2.59616321e+00
 -1.62089785e-01 -2.68030102e+00
 -1.23642787e-01 -2.77150970e+00
 -2.39544513e-01 -2.87061642e+00
 -1.82324980e-01 -2.97858489e+00
 -2.09147501e-01 -3.09654430e+00
 -2.29663070e-01 -3.22582613e+00
 -3.09794539e-01 -3.36801106e+00
 -2.72265204e-01 -3.52498957e+00
 -4.12726440e-01 -3.69904092e+00
 -2.77281519e-01 -3.89293748e+00
 -2.81423445e-01 -4.11008420e+00
 -4.42151041e-01 -4.35470770e+00
 -4.67022419e-01 -4.63211672e+00
 -5.00057135e-01 -4.94906664e+00
 -5.94585979e-01 -5.31427926e+00
 -6.60114063e-01 -5.73919887e+00
 -8.12886096e-01 -6.23911571e+00
 -1.06965915e+00 -6.83487436e+00
 -1.23915994e+00 -7.55553357e+00
 -1.56873134e+00 -8.44260090e+00
 -2.02715673e+00 -9.55688052e+00
 -2.68461013e+00 -1.09894743e+01
 -3.85316859e+00 -1.28780129e+01
 -5.83012944e+00 -1.54203885e+01
 -9.50241583e+00 -1.88120339e+01
 -1.73336804e+01 -2.25725917e+01
 -3.34650598e+01 -2.11320209e+01
 -4.67465273e+01 1.93354341e+00
 -3.10925722e+01 2.22046005e+01
 -1.60550912e+01 2.23001357e+01
 -8.96563635e+00 1.84968065e+01
 -5.54044474e+00 1.52213083e+01
 -3.73394782e+00 1.27762388e+01
 -2.71598224e+00 1.09558605e+01
 -2.00054517e+00 9.57045322e+00
 -1.47621217e+00 8.48953481e+00
 -1.21979245e+00 7.62671593e+00
 -8.58432728e-01 6.92417289e+00
 -8.01791854e-01 6.34229894e+00
 -7.03332331e-01 5.85327452e+00
 -5.96303913e-01 5.43708350e+00
 -4.54188143e-01 5.07900335e+00
 -4.12978847e-01 4.76798799e+00
 -4.31469311e-01 4.49560088e+00
 -3.41891662e-01 4.25529503e+00
 -2.91859402e-01 4.04191669e+00
 -2.61562772e-01 3.85135629e+00
 -2.57073554e-01 3.68029866e+00
 -1.95330282e-01 3.52604124e+00
 -2.35871549e-01 3.38635968e+00
 -1.74535225e-01 3.25940730e+00
 -1.88115315e-01 3.14363865e+00
 -2.12450170e-01 3.03775094e+00
 -1.68580625e-01 2.94063857e+00
 -2.08600000e-01 2.85135744e+00
 -1.95369669e-01 2.76909678e+00
 -6.11436805e-02 2.69315666e+00
 -1.11252176e-01 2.62292986e+00
 -4.19504321e-02 2.55788723e+00
 -6.59705238e-02 2.49756576e+00
 -5.02872606e-02 2.44155868e+00
 1.22198170e-02 2.38950741e+00
 -5.65601841e-02 2.34109481e+00
 -8.38959885e-02 2.29603950e+00
 -1.10990501e-01 2.25409117e+00
 -1.95420671e-02 2.21502658e+00
 -4.25257986e-02 2.17864619e+00
 -8.80418044e-03 2.14477125e+00
 -6.48062513e-02 2.11324138e+00
 -1.71228876e-02 2.08391244e+00
 -1.01398164e-01 2.05665473e+00
 -2.28063817e-03 2.03135142e+00
 -6.65021232e-02 2.00789724e+00
 -2.03010526e-03 1.98619722e+00
 2.84415978e-02 1.96616577e+00
 -1.45636234e-01 1.94772573e+00
 2.83141095e-02 1.93080761e+00
 -2.92140688e-02 1.91534895e+00
 5.32450218e-02 1.90129369e+00
 -7.86318858e-03 1.88859165e+00
 1.75126516e-02 1.87719813e+00
 -4.46330756e-02 1.86707349e+00
 2.09143981e-02 1.85818279e+00
 -1.02789452e-03 1.85049555e+00
 -7.95300902e-03 1.84398546e+00
 -6.60646619e-02 1.83863015e+00
 -4.74820368e-02 1.83441105e+00
 1.36904172e-02 1.83131325e+00
 -2.36028345e-02 1.82932530e+00
 -6.81252898e-02 1.82843922e+00
 4.03415170e-02 1.82865036e+00
 -1.98675524e-02 1.82995739e+00
 -4.05683949e-02 1.83236229e+00
 -9.17812627e-03 1.83587033e+00
 -7.51009801e-04 1.84049012e+00
 1.12148693e-01 1.84623366e+00
 -1.59152467e-02 1.85311645e+00
 -9.88114059e-02 1.86115754e+00
 -7.55192245e-03 1.87037972e+00
 1.86856761e-02 1.88080967e+00
 4.14876852e-02 1.89247814e+00
 6.04988099e-02 1.90542021e+00
 8.56891186e-02 1.91967553e+00
 3.47283127e-02 1.93528869e+00
 -1.03670607e-02 1.95230950e+00
 5.70248662e-02 1.97079348e+00
 3.18665228e-02 1.99080228e+00
 -3.75925032e-02 2.01240425e+00
 -4.22882778e-02 2.03567506e+00
 -5.19568331e-02 2.06069838e+00
 -4.20146174e-02 2.08756669e+00
 8.73739631e-02 2.11638223e+00
 1.17449802e-01 2.14725803e+00
 1.12453204e-01 2.18031912e+00
 3.89140015e-02 2.21570396e+00
 -2.65682512e-02 2.25356599e+00
 1.68064633e-01 2.29407555e+00
 9.46887111e-02 2.33742199e+00
 7.49156855e-02 2.38381622e+00
 1.10943083e-01 2.43349359e+00
 7.10851746e-02 2.48671740e+00
 -1.31756415e-02 2.54378286e+00
 1.13660489e-01 2.60502192e+00
 1.67388836e-01 2.67080893e+00
 8.38879561e-02 2.74156739e+00
 1.54678745e-01 2.81777807e+00
 1.75494757e-01 2.89998877e+00
 1.21920453e-01 2.98882619e+00
 1.10922317e-01 3.08501035e+00
 2.26189958e-01 3.18937239e+00
 2.06308002e-01 3.30287648e+00
 1.80720733e-01 3.42664719e+00
 2.86355143e-01 3.56200385e+00
 2.64540119e-01 3.71050408e+00
 2.00509212e-01 3.87399946e+00
 3.57264286e-01 4.05470750e+00
 3.74154317e-01 4.25530549e+00
 3.74534965e-01 4.47905466e+00
 4.31317804e-01 4.72996621e+00
 5.20065041e-01 5.01302659e+00
 6.62080614e-01 5.33450755e+00
 5.65120278e-01 5.70240009e+00
 7.77426086e-01 6.12703185e+00
 9.64273156e-01 6.62196207e+00
 1.11709904e+00 7.20530343e+00
 1.43077578e+00 7.90171101e+00
 1.61086334e+00 8.74542341e+00
 2.14787666e+00 9.78494910e+00
 2.70783637e+00 1.10901771e+01
 3.66034620e+00 1.27622305e+01
 5.31918150e+00 1.49418349e+01
 8.19413932e+00 1.77847362e+01
 1.33861269e+01 2.12181996e+01
 2.40008641e+01 2.34637550e+01
 4.10883488e+01 1.54197695e+01
 4.46876189e+01 -1.01554723e+01
 2.78007361e+01 -2.30898567e+01
 1.54035497e+01 -2.20839069e+01
 9.21566732e+00 -1.86513325e+01
 5.83408144e+00 -1.56443369e+01
 4.07770481e+00 -1.33212477e+01
 3.01008666e+00 -1.15432186e+01
 2.23756166e+00 -1.01615068e+01
 1.78835254e+00 -9.06622264e+00
 1.41634228e+00 -8.18109784e+00
 1.25337933e+00 -7.45331642e+00
 9.12224265e-01 -6.84575695e+00
 8.53913504e-01 -6.33181345e+00
 7.36531524e-01 -5.89202953e+00
 6.06382600e-01 -5.51190243e+00
 5.81693408e-01 -5.18042935e+00
 5.01544956e-01 -4.88912739e+00
 4.19420648e-01 -4.63136035e+00
 3.88581442e-01 -4.40186769e+00
 3.44614962e-01 -4.19642908e+00
 4.07049853e-01 -4.01162171e+00
 2.71279352e-01 -3.84464194e+00
 3.21802444e-01 -3.69317246e+00
 2.42556120e-01 -3.55528200e+00
 1.78904617e-01 -3.42934882e+00
 1.62593093e-01 -3.31400150e+00
 1.48684933e-01 -3.20807288e+00
 2.05009805e-01 -3.11056372e+00
 1.42809149e-01 -3.02061383e+00
 1.15732657e-01 -2.93747897e+00
 7.94676249e-02 -2.86051215e+00
 3.90309745e-02 -2.78914853e+00
 4.55386129e-02 -2.72289293e+00
 1.05907091e-01 -2.66130965e+00
 4.05640291e-02 -2.60401400e+00
 4.68433375e-02 -2.55066521e+00
 1.07043053e-01 -2.50096054e+00
 2.70150077e-02 -2.45463032e+00
 8.37782378e-02 -2.41143374e+00
 3.63122177e-02 -2.37115526e+00
 8.52253610e-02 -2.33360160e+00
 1.30301315e-01 -2.29859913e+00
 3.27417716e-02 -2.26599162e+00
 8.11962524e-02 -2.23563835e+00
 2.56327761e-02 -2.20741241e+00
 -7.67877692e-02 -2.18119929e+00
 -2.85220792e-03 -2.15689561e+00
 3.16393950e-02 -2.13440806e+00
 7.33021476e-02 -2.11365242e+00
 2.25394831e-03 -2.09455275e+00
 7.52294130e-02 -2.07704067e+00
 3.10990100e-02 -2.06105472e+00
 -7.39929213e-02 -2.04653982e+00
 -1.31186808e-03 -2.03344676e+00
 4.42892721e-02 -2.02173182e+00
 -4.13284120e-02 -2.01135637e+00
 -3.20358086e-03 -2.00228658e+00
 -5.54378658e-02 -1.99449312e+00
 1.72534485e-02 -1.98795096e+00
 -7.07313528e-03 -1.98263914e+00
 -5.85661518e-02 -1.97854064e+00
 4.80372762e-03 -1.97564222e+00
 -7.31634382e-03 -1.97393435e+00
 1.28505483e-02 -1.97341111e+00
 5.63895569e-02 -1.97407014e+00
 1.95332805e-02 -1.97591266e+00
 2.56905342e-02 -1.97894344e+00
 -5.33839995e-02 -1.98317083e+00
 -7.06612403e-02 -1.98860683e+00
 -1.09047370e-01 -1.99526721e+00
 -2.58952975e-02 -2.00317155e+00
 3.65396835e-02 -2.01234344e+00
 4.47326308e-05 -2.02281065e+00
 -1.84343425e-03 -2.03460534e+00
 -3.23287243e-02 -2.04776427e+00
 1.19103805e-02 -2.06232915e+00
 4.29658486e-03 -2.07834694e+00
 -3.34506505e-02 -2.09587025e+00
 1.61662007e-03 -2.11495777e+00
 8.18991943e-02 -2.13567480e+00
 -1.09319002e-01 -2.15809378e+00
 -9.94453741e-02 -2.18229504e+00
 -2.21814250e-02 -2.20836748e+00
 -5.02964589e-02 -2.23640946e+00
 -1.21456904e-01 -2.26652981e+00
 -1.39427090e-01 -2.29884894e+00
 -4.38497760e-02 -2.33350019e+00
 -1.56979918e-02 -2.37063129e+00
 -1.74446606e-01 -2.41040610e+00
 -5.43618442e-02 -2.45300665e+00
 -1.51843943e-01 -2.49863546e+00
 -1.08060606e-01 -2.54751825e+00
 -1.60564713e-01 -2.59990710e+00
 -1.09289695e-01 -2.65608421e+00
 -6.59041369e-02 -2.71636626e+00
 -1.00465712e-01 -2.78110959e+00
 -1.09225352e-01 -2.85071636e+00
 -1.03573239e-01 -2.92564194e+00
 -1.45804727e-01 -3.00640368e+00
 -1.31112677e-01 -3.09359159e+00
 -2.13205177e-01 -3.18788126e+00
 -1.93271894e-01 -3.29004961e+00
 -2.19434501e-01 -3.40099431e+00
 -1.73379479e-01 -3.52175777e+00
 -2.76907554e-01 -3.65355710e+00
 -2.58553509e-01 -3.79782170e+00
 -2.84626136e-01 -3.95624108e+00
 -4.14602905e-01 -4.13082588e+00
 -3.33121037e-01 -4.32398694e+00
 -4.53908096e-01 -4.53863850e+00
 -3.96754262e-01 -4.77833461e+00
 -5.71763634e-01 -5.04745175e+00
 -5.89013292e-01 -5.35143638e+00
 -6.35676299e-01 -5.69714540e+00
 -8.00309457e-01 -6.09332151e+00
 -9.49431384e-01 -6.55126711e+00
 -1.11123949e+00 -7.08581524e+00
 -1.29402715e+00 -7.71674902e+00
 -1.68192502e+00 -8.47090170e+00
 -2.03418470e+00 -9.38527362e+00
 -2.58148950e+00 -1.05115732e+01
 -3.45306194e+00 -1.19222985e+01
 -4.61822209e+00 -1.37163000e+01
 -6.66637392e+00 -1.60106108e+01
 -1.03474401e+01 -1.88510417e+01
 -1.69760063e+01 -2.17122446e+01
 -2.92000896e+01 -2.12607130e+01
 -4.32657616e+01 -7.68287780e+00
 -3.92363438e+01 1.45812132e+01
 -2.41947121e+01 2.22373900e+01
 -1.41636331e+01 2.07617264e+01
 -8.74806083e+00 1.77684170e+01
 -5.87206727e+00 1.51202605e+01
 -4.09308554e+00 1.30220429e+01
 -3.10529840e+00 1.13808980e+01
 -2.33610291e+00 1.00836431e+01
 -1.94997473e+00 9.04152843e+00
 -1.43222070e+00 8.19045395e+00
 -1.25374325e+00 7.48471446e+00
 -1.08513900e+00 6.89145769e+00
 -8.44512859e-01 6.38671540e+00
 -7.53467217e-01 5.95270577e+00
 -6.76076618e-01 5.57601554e+00
 -5.75216776e-01 5.24636628e+00
 -4.65826747e-01 4.95576593e+00
 -3.96061742e-01 4.69791642e+00
 -3.58328841e-01 4.46779345e+00
 -3.31306552e-01 4.26134373e+00
 -3.91262059e-01 4.07526374e+00
 -3.11747980e-01 3.90683570e+00
 -2.45254927e-01 3.75380448e+00
 -2.76275873e-01 3.61428404e+00
 -2.85690878e-01 3.48668552e+00
 -1.92015853e-01 3.36966147e+00
 -1.84288837e-01 3.26206211e+00
 -2.25381671e-01 3.16290066e+00
 -1.70036830e-01 3.07132579e+00
 -1.73728126e-01 2.98659941e+00
 -1.08709852e-01 2.90807868e+00
 -1.38190444e-01 2.83520134e+00
 -1.39748226e-01 2.76747370e+00
 -6.56811858e-02 2.70446070e+00
 -7.67803017e-02 2.64577761e+00
 -5.66171201e-02 2.59108321e+00
 -1.61290244e-01 2.54007395e+00
 -1.16294280e-01 2.49247909e+00
 -9.69282060e-02 2.44805658e+00
 -6.95468593e-02 2.40658953e+00
 -3.52517765e-02 2.36788326e+00
 1.21589200e-02 2.33176264e+00
 6.53258836e-03 2.29806998e+00
 -5.98799753e-02 2.26666306e+00
 -5.20635489e-02 2.23741350e+00
 -5.07483645e-02 2.21020535e+00
 8.47173435e-03 2.18493380e+00
 -5.66328143e-03 2.16150415e+00
 -9.71288173e-02 2.13983084e+00
 -1.75644669e-02 2.11983664e+00
 -1.14304837e-01 2.10145188e+00
 -2.40849518e-03 2.08461390e+00
 2.33058202e-02 2.06926641e+00
 -8.47142201e-03 2.05535909e+00
 -5.75972766e-02 2.04284708e+00
 -5.45035514e-02 2.03169071e+00
 -4.81992892e-02 2.02185509e+00
 5.78758236e-02 2.01330990e+00
 2.94371405e-03 2.00602914e+00
 3.08603760e-03 1.99999091e+00
 -1.82418900e-02 1.99517728e+00
 6.57450274e-03 1.99157411e+00
 1.46671092e-02 1.98917100e+00
 -5.31475899e-02 1.98796121e+00
 8.19376935e-02 1.98794154e+00
 1.36302714e-02 1.98911241e+00
 -1.47377832e-02 1.99147780e+00
 9.95063561e-03 1.99504529e+00
 -3.93415290e-02 1.99982613e+00
 -1.94168426e-02 2.00583532e+00
 -3.12344322e-02 2.01309173e+00
 2.33673009e-02 2.02161822e+00
 2.99627742e-02 2.03144185e+00
 7.90036970e-02 2.04259404e+00
 -2.61917657e-03 2.05511089e+00
 2.38376691e-02 2.06903341e+00
 -2.58723419e-02 2.08440787e+00
 6.08467762e-02 2.10128621e+00
 8.82879672e-03 2.11972645e+00
 2.53123881e-02 2.13979322e+00
 -1.88357888e-02 2.16155836e+00
 1.19153590e-02 2.18510152e+00
 7.94093390e-02 2.21051101e+00
 8.02116998e-03 2.23788461e+00
 6.68088206e-02 2.26733056e+00
 3.65693341e-02 2.29896877e+00
 1.23411984e-01 2.33293206e+00
 2.00621994e-04 2.36936775e+00
 6.77000490e-02 2.40843933e+00
 1.20945692e-01 2.45032857e+00
 6.32597440e-02 2.49523779e+00
 9.48302813e-02 2.54339270e+00
 1.23543090e-01 2.59504551e+00
 1.12050837e-01 2.65047878e+00
 1.42744385e-01 2.71000979e+00
 1.12058497e-01 2.77399585e+00
 1.07528129e-01 2.84284051e+00
 1.23674126e-01 2.91700102e+00
 1.78998145e-01 2.99699731e+00
 2.04967494e-01 3.08342280e+00
 2.27420572e-01 3.17695755e+00
 9.34636509e-02 3.27838429e+00
 2.58386745e-01 3.38860823e+00
 1.60600009e-01 3.50868148e+00
 3.37048040e-01 3.63983364e+00
 2.61617694e-01 3.78351020e+00
 3.54147917e-01 3.94142139e+00
 3.66414041e-01 4.11560459e+00
 3.84974944e-01 4.30850516e+00
 3.88199531e-01 4.52308208e+00
 6.14882686e-01 4.76294745e+00
 5.92898904e-01 5.03255319e+00
 6.80295338e-01 5.33744381e+00
 7.03666909e-01 5.68460333e+00
 8.32270275e-01 6.08293772e+00
 1.05196737e+00 6.54395512e+00
 1.16379399e+00 7.08273641e+00
 1.52822541e+00 7.71933265e+00
 1.85087663e+00 8.48077893e+00
 2.24802225e+00 9.40394325e+00
 2.87939091e+00 1.05392755e+01
 3.93859208e+00 1.19545299e+01
 5.24435756e+00 1.37329976e+01
 7.73409891e+00 1.59411805e+01
 1.19217779e+01 1.84559128e+01
 1.94027009e+01 2.01976546e+01
 3.15455983e+01 1.66585795e+01
 4.01363252e+01 7.59281907e-01
 3.24159043e+01 -1.58788041e+01
 2.01524644e+01 -2.00904869e+01
 1.22833059e+01 -1.85170468e+01
 7.94319552e+00 -1.60103211e+01
 5.46012360e+00 -1.37792686e+01
 3.87337014e+00 -1.19770395e+01
 2.94742556e+00 -1.05424723e+01
 2.35577862e+00 -9.39224765e+00
 1.87309613e+00 -8.45766642e+00
 1.52069163e+00 -7.68738559e+00
 1.29990643e+00 -7.04385305e+00
 1.04211843e+00 -6.49953764e+00
 8.74011339e-01 -6.03403291e+00
 7.73112795e-01 -5.63200232e+00
 6.57511415e-01 -5.28175194e+00
 5.82357308e-01 -4.97423900e+00
 6.11980397e-01 -4.70237747e+00
 4.43444899e-01 -4.46054568e+00
 3.93826778e-01 -4.24423263e+00
 4.02189893e-01 -4.04978039e+00
 3.49032983e-01 -3.87419405e+00
 2.68337534e-01 -3.71499975e+00
 2.97989154e-01 -3.57013725e+00
 2.55106448e-01 -3.43787785e+00
 2.12543760e-01 -3.31676091e+00
 1.54802362e-01 -3.20554439e+00
 1.48964040e-01 -3.10316579e+00
 2.60521211e-01 -3.00871121e+00
 1.73722649e-01 -2.92139052e+00
 2.84660444e-01 -2.84051737e+00
 6.15246057e-02 -2.76549292e+00
 1.23496713e-01 -2.69579252e+00
 7.72988160e-02 -2.63095476e+00
 9.81029077e-02 -2.57057244e+00
 1.22223442e-01 -2.51428499e+00
 1.94848007e-01 -2.46177215e+00
 1.27320915e-01 -2.41274871e+00
 1.34795438e-01 -2.36695997e+00
 1.13538484e-01 -2.32417794e+00
 1.56247083e-01 -2.28419814e+00
 1.34672523e-01 -2.24683679e+00
 7.34261088e-02 -2.21192843e+00
 7.59475346e-02 -2.17932388e+00
 -1.25367576e-02 -2.14888851e+00
 2.81317239e-02 -2.12050062e+00
 1.39287217e-01 -2.09405019e+00
 1.72443507e-01 -2.06943769e+00
 2.74034860e-02 -2.04657306e+00
 4.86642434e-02 -2.02537484e+00
 2.08216572e-02 -2.00576941e+00
 1.13127589e-01 -1.98769029e+00
 9.22779446e-02 -1.97107757e+00
 7.67101213e-02 -1.95587735e+00
 6.14769620e-02 -1.94204136e+00
 4.79233510e-02 -1.92952648e+00
 4.62997499e-02 -1.91829448e+00
 6.66122360e-02 -1.90831162e+00
 5.17580060e-02 -1.89954850e+00
 -3.12498905e-02 -1.89197974e+00
 -5.07182814e-02 -1.88558386e+00
 6.34877916e-02 -1.88034310e+00
 3.74100369e-02 -1.87624330e+00
 -6.32989693e-02 -1.87327377e+00
 2.10846979e-02 -1.87142728e+00
 -5.93228293e-02 -1.87069994e+00
 7.26165880e-02 -1.87109124e+00
 3.15190483e-02 -1.87260402e+00
 1.21595145e-02 -1.87524449e+00
 -3.29592816e-02 -1.87902230e+00
 -2.12000638e-02 -1.88395061e+00
 -7.13154547e-02 -1.89004619e+00
 -4.05532068e-02 -1.89732957e+00
 2.93596211e-02 -1.90582518e+00
 -1.30642783e-02 -1.91556154e+00
 1.83177921e-02 -1.92657152e+00
 -8.17119208e-02 -1.93889259e+00
 -7.12974945e-02 -1.95256713e+00
 4.26636269e-02 -1.96764280e+00
 -1.38077022e-03 -1.98417294e+00
 -9.83063748e-02 -2.00221706e+00
 -6.51090777e-02 -2.02184138e+00
 -1.05927596e-01 -2.04311944e+00
 -1.27518181e-02 -2.06613282e+00
 -6.42486607e-03 -2.09097196e+00
 -3.61273919e-02 -2.11773708e+00
 -1.18029956e-01 -2.14653928e+00
 -1.08591711e-01 -2.17750173e+00
 -5.75975339e-02 -2.21076113e+00
 -9.18480769e-02 -2.24646932e+00
 -1.13056434e-01 -2.28479522e+00
 -1.14906798e-01 -2.32592701e+00
 -9.77390783e-02 -2.37007473e+00
 -1.16026191e-01 -2.41747327e+00
 -9.47114313e-02 -2.46838595e+00
 -7.76412976e-02 -2.52310867e+00
 -9.53011023e-02 -2.58197489e+00
 -1.78871088e-01 -2.64536149e+00
 -1.42494896e-01 -2.71369581e+00
 -1.78490365e-01 -2.78746416e+00
 -1.35562440e-01 -2.86722198e+00
 -1.88408822e-01 -2.95360632e+00
 -2.46677648e-01 -3.04735102e+00
 -2.30841359e-01 -3.14930540e+00
 -3.01637091e-01 -3.26045753e+00
 -3.33123642e-01 -3.38196309e+00
 -2.56192184e-01 -3.51518197e+00
 -3.96662714e-01 -3.66172446e+00
 -3.87406890e-01 -3.82351066e+00
 -3.02031706e-01 -4.00284718e+00
 -5.13609630e-01 -4.20252736e+00
 -4.46776698e-01 -4.42596375e+00
 -4.77894046e-01 -4.67736490e+00
 -6.10486534e-01 -4.96197440e+00
 -7.83118436e-01 -5.28639769e+00
 -9.52797257e-01 -5.65905422e+00
 -1.10114286e+00 -6.09080936e+00
 -1.27165326e+00 -6.59586392e+00
 -1.51643340e+00 -7.19300609e+00
 -1.84207630e+00 -7.90734409e+00
 -2.29963229e+00 -8.77256609e+00
 -2.98880349e+00 -9.83334271e+00
 -3.96205453e+00 -1.11456778e+01
 -5.58859081e+00 -1.27658898e+01
 -8.08542530e+00 -1.46908664e+01
 -1.26053139e+01 -1.66032577e+01
 -2.00541323e+01 -1.69351585e+01
 -3.02168200e+01 -1.09947276e+01
 -3.37460101e+01 3.81650170e+00
 -2.53324678e+01 1.48980125e+01
 -1.59383237e+01 1.69872905e+01
 -1.01106287e+01 1.55452234e+01
 -6.73609987e+00 1.35509960e+01
 -4.72540235e+00 1.17692588e+01
 -3.44470460e+00 1.03078889e+01
 -2.69251080e+00 9.12767084e+00
 -2.19317530e+00 8.16985010e+00
 -1.72804872e+00 7.38386839e+00
 -1.27831719e+00 6.73080562e+00
 -1.11443492e+00 6.18155166e+00
 -9.69156872e-01 5.71438534e+00
 -8.57101432e-01 5.31297591e+00
 -7.13984566e-01 4.96490519e+00
 -5.71895263e-01 4.66061100e+00
 -4.47408341e-01 4.39263716e+00
 -5.32671335e-01 4.15509896e+00
 -3.66887473e-01 3.94329876e+00
 -3.39726233e-01 3.75344647e+00
 -3.36719101e-01 3.58245404e+00
 -3.38585966e-01 3.42778238e+00
 -2.97632708e-01 3.28732614e+00
 -2.86914235e-01 3.15932601e+00
 -1.79310342e-01 3.04230123e+00
 -1.88994925e-01 2.93499715e+00
 -1.52498407e-01 2.83634417e+00
 -1.51702162e-01 2.74542513e+00
 -2.22026300e-01 2.66144949e+00
 -7.42349966e-02 2.58373237e+00
 -1.69124422e-01 2.51167778e+00
 -1.83566027e-01 2.44476480e+00
 -1.48127504e-01 2.38253631e+00
 -6.41172047e-02 2.32458973e+00
 -1.39119194e-01 2.27056920e+00
 -1.49136648e-01 2.22015924e+00
 -1.76939595e-01 2.17307928e+00
 -1.16562322e-01 2.12907909e+00
 -1.53423478e-01 2.08793500e+00
 -1.38676216e-01 2.04944656e+00
 -5.53366098e-02 2.01343376e+00
 -4.56143364e-02 1.97973464e+00
 -1.55225079e-02 1.94820325e+00
 -9.40031397e-02 1.91870784e+00
 -6.56571352e-02 1.89112935e+00
 -1.38776424e-02 1.86536009e+00
 -4.91997194e-02 1.84130254e+00
 -2.42667602e-03 1.81886839e+00
 -7.07254737e-02 1.79797763e+00
 -3.62258149e-04 1.77855778e+00
 -3.04252128e-02 1.76054325e+00
 6.44645543e-03 1.74387470e+00
 -1.55395539e-02 1.72849856e+00
 -9.49757631e-03 1.71436653e+00
 -7.52471545e-02 1.70143526e+00
 1.16125864e-02 1.68966591e+00
 4.57532380e-02 1.67902391e+00
 -6.03011542e-02 1.66947866e+00
 -4.45211119e-02 1.66100334e+00
 -3.72620124e-02 1.65357466e+00
 -2.93621826e-02 1.64717274e+00
 1.63398004e-02 1.64178094e+00
 -5.27562566e-02 1.63738577e+00
 3.28950952e-02 1.63397678e+00
 -5.82618320e-02 1.63154650e+00
 3.43759426e-04 1.63009041e+00
 4.25252906e-02 1.62960690e+00
 1.11833081e-01 1.63009724e+00
 4.62701501e-02 1.63156568e+00
 2.74500086e-02 1.63401941e+00
 8.12132244e-02 1.63746866e+00
 1.75465177e-02 1.64192676e+00
 4.24284777e-02 1.64741031e+00
 5.35403307e-04 1.65393924e+00
 4.02328383e-02 1.66153702e+00
 -1.16978552e-01 1.67023084e+00
 -3.28723703e-02 1.68005185e+00
 9.24937327e-02 1.69103542e+00
 -2.49626454e-02 1.70322143e+00
 8.75766539e-03 1.71665465e+00
 5.12260950e-02 1.73138512e+00
 4.28864352e-02 1.74746862e+00
 5.18692218e-02 1.76496724e+00
 -5.28013750e-03 1.78394992e+00
 -3.90198931e-03 1.80449319e+00
 4.59801655e-02 1.82668199e+00
 6.19061467e-02 1.85061052e+00
 -6.81808165e-03 1.87638338e+00
 -1.13677393e-01 1.90411672e+00
 6.59377849e-02 1.93393973e+00
 2.00421320e-02 1.96599617e+00
 -1.32043749e-02 2.00044637e+00
 1.87717006e-01 2.03746941e+00
 5.93231383e-02 2.07726572e+00
 4.07894574e-02 2.12006013e+00
 1.27585711e-01 2.16610550e+00
 1.01069694e-01 2.21568696e+00
 7.69263741e-02 2.26912703e+00
 7.44670636e-02 2.32679169e+00
 1.19648368e-01 2.38909768e+00
 1.56764838e-01 2.45652142e+00
 2.44807074e-01 2.52960967e+00
 2.03139059e-01 2.60899279e+00
 1.60744506e-01 2.69540093e+00
 2.20115467e-01 2.78968416e+00
 2.58089107e-01 2.89283758e+00
 3.35390990e-01 3.00603307e+00
 3.01090681e-01 3.13065939e+00
 2.86508366e-01 3.26837379e+00
 3.46741382e-01 3.42116858e+00
 4.47843738e-01 3.59145807e+00
 4.52985720e-01 3.78219335e+00
 5.14860018e-01 3.99701514e+00
 6.44142073e-01 4.24045982e+00
 7.16735759e-01 4.51823969e+00
 7.84119277e-01 4.83762775e+00
 9.88527154e-01 5.20798911e+00
 1.14522154e+00 5.64151452e+00
 1.43858448e+00 6.15421867e+00
 1.69135914e+00 6.76723571e+00
 2.21006577e+00 7.50826939e+00
 2.88393669e+00 8.41236260e+00
 3.84833950e+00 9.51862342e+00
 5.31250597e+00 1.08503743e+01
 7.71867573e+00 1.23327423e+01
 1.19893386e+01 1.34879985e+01
 1.85649677e+01 1.25302721e+01
 2.56318646e+01 5.72419685e+00
 2.55014343e+01 -5.74590479e+00
 1.83945631e+01 -1.23614734e+01
 1.18105310e+01 -1.32266087e+01
 7.75219545e+00 -1.20549417e+01
 5.32992086e+00 -1.05780454e+01
 3.81511866e+00 -9.25513994e+00
 2.79455083e+00 -8.15666460e+00
 2.16767396e+00 -7.25864620e+00
 1.68221459e+00 -6.52218715e+00
 1.38581941e+00 -5.91257480e+00
 1.05661022e+00 -5.40238831e+00
 9.80418929e-01 -4.97070753e+00
 8.78568678e-01 -4.60167383e+00
 5.84760713e-01 -4.28320947e+00
 6.22445712e-01 -4.00603155e+00
 5.46158612e-01 -3.76292733e+00
 4.46001113e-01 -3.54822921e+00
 4.75730648e-01 -3.35743433e+00
 3.90196902e-01 -3.18692730e+00
 3.07605312e-01 -3.03377640e+00
 2.87369074e-01 -2.89558220e+00
 2.86948089e-01 -2.77036392e+00
 2.51586015e-01 -2.65647329e+00
 2.21376555e-01 -2.55252846e+00
 1.92816254e-01 -2.45736298e+00
 1.73207920e-01 -2.36998590e+00
 2.23822247e-01 -2.28955034e+00
 1.76347354e-01 -2.21532851e+00
 1.41429797e-01 -2.14669176e+00
 2.38582081e-01 -2.08309448e+00
 7.38580165e-02 -2.02406097e+00
 9.94321739e-02 -1.96917476e+00
 5.76710460e-02 -1.91806984e+00
 1.05482054e-01 -1.87042333e+00
 1.10322057e-01 -1.82594949e+00
 1.39143479e-01 -1.78439458e+00
 9.23036004e-02 -1.74553267e+00
 9.67468511e-02 -1.70916204e+00
 6.87859485e-02 -1.67510211e+00
 9.36003189e-02 -1.64319084e+00
 8.26339673e-02 -1.61328257e+00
 8.92356609e-02 -1.58524606e+00
 4.19645820e-02 -1.55896290e+00
 3.67663711e-02 -1.53432605e+00
 3.11407824e-02 -1.51123866e+00
 1.89208964e-02 -1.48961301e+00
 9.15479042e-02 -1.46936953e+00
 1.24256210e-02 -1.45043605e+00
 8.26631683e-02 -1.43274708e+00
 1.45052566e-01 -1.41624318e+00
 5.80163623e-02 -1.40087042e+00
 7.98225220e-02 -1.38657991e+00
 -5.96891635e-02 -1.37332739e+00
 5.79986575e-03 -1.36107285e+00
 -1.85781998e-02 -1.34978020e+00
 1.86977076e-01 -1.33941702e+00
 -3.47296403e-02 -1.32995427e+00
 3.25964798e-02 -1.32136610e+00
 2.47698649e-02 -1.31362966e+00
 5.07127549e-03 -1.30672494e+00
 1.01541780e-01 -1.30063462e+00
 -4.88539346e-02 -1.29534397e+00
 4.21540163e-02 -1.29084072e+00
 4.26691696e-02 -1.28711505e+00
 -1.06153226e-03 -1.28415944e+00
 -6.06596503e-02 -1.28196871e+00
 -9.92820303e-02 -1.28053995e+00
 6.67255212e-02 -1.27987252e+00
 3.01355291e-02 -1.27996808e+00
 4.10521326e-02 -1.28083055e+00
 -3.39114002e-02 -1.28246625e+00
 -1.88434367e-02 -1.28488387e+00
 2.86009141e-02 -1.28809459e+00
 -1.66401996e-02 -1.29211219e+00
 4.66191238e-02 -1.29695314e+00
 -6.00386151e-02 -1.30263675e+00
 6.32750819e-02 -1.30918536e+00
 5.28368582e-03 -1.31662449e+00
 1.33186176e-03 -1.32498315e+00
 6.69047920e-02 -1.33429399e+00
 -7.08501375e-03 -1.34459372e+00
 -4.65044361e-02 -1.35592337e+00
 -6.46981844e-02 -1.36832872e+00
 -6.88791350e-02 -1.38186078e+00
 -4.55635223e-02 -1.39657628e+00
 2.85968544e-02 -1.41253828e+00
 -6.85364982e-02 -1.42981687e+00
 -6.21396575e-02 -1.44848999e+00
 -4.60240788e-02 -1.46864431e+00
 -9.44274389e-02 -1.49037632e+00
 -1.21253127e-02 -1.51379356e+00
 -1.09807365e-01 -1.53901607e+00
 -1.01664317e-01 -1.56617807e+00
 -7.83855293e-02 -1.59542993e+00
 -7.59761385e-02 -1.62694046e+00
 -4.25049409e-02 -1.66089970e+00
 -1.00873068e-01 -1.69752212e+00
 -1.71468646e-01 -1.73705050e+00
 -6.61450814e-02 -1.77976058e+00
 -1.35584231e-01 -1.82596659e+00
 -8.12465474e-02 -1.87602802e+00
 -1.63013101e-01 -1.93035778e+00
 -1.77297659e-01 -1.98943228e+00
 -1.62649764e-01 -2.05380380e+00
 -1.16898657e-01 -2.12411578e+00
 -2.08685336e-01 -2.20112206e+00
 -2.35442963e-01 -2.28571105e+00
 -2.32944541e-01 -2.37893633e+00
 -2.60820307e-01 -2.48205605e+00
 -3.39832909e-01 -2.59658359e+00
 -3.46199238e-01 -2.72435386e+00
 -3.79105814e-01 -2.86761039e+00
 -5.09295185e-01 -3.02912124e+00
 -5.67093581e-01 -3.21233431e+00
 -5.72740175e-01 -3.42158734e+00
 -7.51139827e-01 -3.66239315e+00
 -8.14306313e-01 -3.94182713e+00
 -9.31370207e-01 -4.26904746e+00
 -1.09234427e+00 -4.65596785e+00
 -1.36507201e+00 -5.11803908e+00
 -1.82806509e+00 -5.67485292e+00
 -2.35480860e+00 -6.34944971e+00
 -3.11154029e+00 -7.16239060e+00
 -4.40630846e+00 -8.10702285e+00
 -6.49195035e+00 -9.05999511e+00
 -9.85862768e+00 -9.49048909e+00
 -1.46562691e+01 -7.81188778e+00
 -1.85247252e+01 -1.91575394e+00
 -1.69196894e+01 5.41830277e+00
 -1.18789587e+01 8.85222325e+00
 -7.80777065e+00 9.08822406e+00
 -5.23369001e+00 8.26311840e+00
 -3.62784580e+00 7.28840452e+00
 -2.61276367e+00 6.41375934e+00
 -2.03859624e+00 5.68008487e+00
 -1.55830739e+00 5.07401513e+00
 -1.26521848e+00 4.57241242e+00
 -1.09890660e+00 4.15397665e+00
 -8.57419012e-01 3.80149696e+00
 -7.26060875e-01 3.50160835e+00
 -6.14200903e-01 3.24403395e+00
 -5.72729281e-01 3.02085459e+00
 -4.63763931e-01 2.82592356e+00
 -4.29514030e-01 2.65442499e+00
 -3.36376199e-01 2.50254758e+00
 -4.02889482e-01 2.36724445e+00
 -2.25682404e-01 2.24605600e+00
 -2.40350622e-01 2.13697821e+00
 -2.29716365e-01 2.03836396e+00
 -1.81640415e-01 1.94884835e+00
 -1.67170363e-01 1.86729174e+00
 -1.28254960e-01 1.79273576e+00
 -8.13448022e-02 1.72436917e+00
 -7.70695291e-02 1.66150100e+00
 -1.32059708e-01 1.60353932e+00
 -1.93054821e-01 1.54997438e+00
 -1.32250511e-01 1.50036494e+00
 -6.56320123e-02 1.45432732e+00
 -9.10742324e-02 1.41152638e+00
 -5.58101297e-02 1.37166825e+00
 -4.12772315e-02 1.33449420e+00
 -7.11666003e-02 1.29977567e+00
 -1.85533138e-01 1.26731005e+00
 -6.04691367e-02 1.23691718e+00
 -6.85220272e-02 1.20843638e+00
 -1.15742999e-01 1.18172399e+00
 -1.85093199e-01 1.15665120e+00
 -3.02410877e-02 1.13310229e+00
 -9.13253956e-02 1.11097301e+00
 -1.33253314e-01 1.09016933e+00
 -3.07388761e-02 1.07060624e+00
 -2.67208084e-02 1.05220676e+00
 -8.58508785e-02 1.03490110e+00
 -7.87605811e-02 1.01862591e+00
 -9.06630811e-02 1.00332359e+00
 -1.02777426e-01 9.88941770e-01
 -1.57953233e-02 9.75432779e-01
 -3.79351204e-02 9.62753215e-01
 -5.01111621e-03 9.50863556e-01
 -4.73054840e-02 9.39727827e-01
 -4.52927573e-02 9.29313292e-01
 -5.56769149e-02 9.19590200e-01
 -1.87484210e-02 9.10531545e-01
 -2.05160275e-02 9.02112868e-01
 2.09328769e-02 8.94312071e-01
 -4.24722394e-02 8.87109265e-01
 1.80590850e-02 8.80486625e-01
 5.98506798e-02 8.74428277e-01
 3.86425954e-02 8.68920190e-01
 -1.05632967e-02 8.63950086e-01
 -5.73140465e-02 8.59507366e-01
 -6.98729836e-02 8.55583049e-01
 1.06357770e-01 8.52169716e-01
 3.98845771e-02 8.49261479e-01
 -8.55587203e-02 8.46853946e-01
 -3.49316814e-02 8.44944206e-01
 6.16596330e-03 8.43530826e-01
 2.62606559e-02 8.42613849e-01
 5.66711452e-03 8.42194815e-01
 1.48622128e-02 8.42276785e-01
 2.92884041e-02 8.42864376e-01
 1.15247451e-02 8.43963819e-01
 -4.54385327e-02 8.45583012e-01
 -8.02545871e-02 8.47731609e-01
 -1.40783437e-02 8.50421104e-01
 -2.28764357e-02 8.53664944e-01
 6.23629625e-02 8.57478661e-01
 -8.91088643e-02 8.61880017e-01
 5.86807553e-03 8.66889181e-01
 -2.32594188e-02 8.72528927e-01
 4.64620501e-02 8.78824866e-01
 1.30693859e-01 8.85805711e-01
 2.35882759e-02 8.93503582e-01
 4.66233053e-02 9.01954358e-01
 7.23409987e-03 9.11198083e-01
 -6.71220454e-02 9.21279430e-01
 -2.87770475e-02 9.32248246e-01
 3.77442724e-02 9.44160173e-01
 2.02046436e-02 9.57077380e-01
 1.96849078e-02 9.71069407e-01
 1.06587407e-02 9.86214157e-01
 3.30847821e-02 1.00259906e+00
 3.32082730e-02 1.02032242e+00
 1.07076307e-01 1.03949507e+00
 -5.37450142e-02 1.06024224e+00
 6.22433674e-02 1.08270589e+00
 2.61966379e-02 1.10704741e+00
 1.59837945e-02 1.13345092e+00
 7.17493531e-02 1.16212729e+00
 1.20159822e-01 1.19331895e+00
 6.17543751e-03 1.22730586e+00
 5.17398512e-02 1.26441287e+00
 1.55016486e-01 1.30501877e+00
 2.02303361e-01 1.34956769e+00
 1.38035529e-01 1.39858342e+00
 1.10111192e-01 1.45268763e+00
 1.49243656e-01 1.51262308e+00
 1.17003558e-01 1.57928371e+00
 1.71035191e-01 1.65375374e+00
 2.13800026e-01 1.73735901e+00
 2.51990704e-01 1.83173497e+00
 3.68755030e-01 1.93891730e+00
 3.57614129e-01 2.06146327e+00
 5.37120161e-01 2.20261437e+00
 4.28548037e-01 2.36651214e+00
 5.35882312e-01 2.55847645e+00
 7.03230692e-01 2.78533729e+00
 9.55124249e-01 3.05574266e+00
 1.05703317e+00 3.38014255e+00
 1.45494461e+00 3.76943436e+00
 1.98563390e+00 4.22896100e+00
 2.72974847e+00 4.73714893e+00
 4.15776505e+00 5.17563754e+00
 6.14133082e+00 5.13271932e+00
 8.81319730e+00 3.62755803e+00
 1.01476381e+01 2.69445609e-02
 8.71688511e+00 -3.47071343e+00
 5.98909682e+00 -4.84517411e+00
 4.09412559e+00 -4.83579020e+00
 2.79246630e+00 -4.38679944e+00
 1.90288081e+00 -3.88102283e+00
 1.45020473e+00 -3.42656313e+00
 1.08703511e+00 -3.04207315e+00
 8.60595853e-01 -2.72156289e+00
 6.97148205e-01 -2.45412733e+00
 6.45159602e-01 -2.22945819e+00
 4.21076983e-01 -2.03905862e+00
 3.52367166e-01 -1.87622507e+00
 3.97989979e-01 -1.73573581e+00
 2.98951662e-01 -1.61352359e+00
 1.93055621e-01 -1.50640274e+00
 3.03955658e-01 -1.41185797e+00
 2.05470789e-01 -1.32788534e+00
 1.57331887e-01 -1.25287350e+00
 1.87545945e-01 -1.18551504e+00
 9.63428278e-02 -1.12473986e+00
 1.85797950e-01 -1.06966490e+00
 1.48884550e-01 -1.01955572e+00
 1.33381597e-01 -9.73797078e-01
 4.73900377e-02 -9.31870034e-01
 1.36547890e-01 -8.93334085e-01
 1.21569273e-02 -8.57813076e-01
 1.12078608e-02 -8.24984007e-01
 1.06408079e-01 -7.94568067e-01
 8.25318428e-02 -7.66323413e-01
 1.29250482e-02 -7.40039301e-01
 8.78102284e-02 -7.15531297e-01
 9.08781509e-02 -6.92637336e-01
 1.01953564e-02 -6.71214469e-01
 5.41786585e-02 -6.51136155e-01
 1.43847767e-01 -6.32289995e-01
 9.74651820e-02 -6.14575842e-01
 -1.09459585e-02 -5.97904187e-01
 4.75319851e-02 -5.82194813e-01
 9.61056560e-02 -5.67375628e-01
 1.25929331e-01 -5.53381686e-01
 7.67954661e-02 -5.40154337e-01
 7.71586830e-02 -5.27640496e-01
 -2.75151643e-02 -5.15792017e-01
 4.98801486e-02 -5.04565146e-01
 8.75691190e-03 -4.93920042e-01
 5.87491192e-02 -4.83820373e-01
 9.89673215e-02 -4.74232942e-01
 -6.16428792e-03 -4.65127383e-01
 4.18458379e-02 -4.56475869e-01
 8.85078156e-02 -4.48252879e-01
 1.74822888e-02 -4.40434972e-01
 4.57403804e-02 -4.33000600e-01
 -1.84685457e-02 -4.25929934e-01
 -2.44698053e-02 -4.19204720e-01
 -9.02261993e-03 -4.12808138e-01
 -2.75983642e-02 -4.06724686e-01
 -3.80477505e-02 -4.00940073e-01
 4.30444277e-02 -3.95441122e-01
 -1.40652844e-03 -3.90215691e-01
 4.05864002e-03 -3.85252592e-01
 3.09339073e-02 -3.80541525e-01
 2.31379742e-02 -3.76073019e-01
 3.62336029e-03 -3.71838379e-01
 -3.13597583e-02 -3.67829639e-01
 3.21491915e-02 -3.64039516e-01
 1.67765740e-02 -3.60461381e-01
 -1.18627526e-02 -3.57089219e-01
 6.00374970e-02 -3.53917608e-01
 -6.06462756e-02 -3.50941691e-01
 1.25204798e-02 -3.48157158e-01
 5.11627447e-02 -3.45560232e-01
 2.59582040e-03 -3.43147653e-01
 8.18887028e-02 -3.40916674e-01
 4.41916729e-02 -3.38865051e-01
 4.69228812e-02 -3.36991048e-01
 1.06173311e-02 -3.35293432e-01
 -3.93738083e-02 -3.33771486e-01
 -1.07488021e-01 -3.32425016e-01
 5.31407007e-02 -3.31254365e-01
 -4.91320792e-02 -3.30260437e-01
 6.98057822e-02 -3.29444715e-01
 -7.71075132e-02 -3.28809298e-01
 1.03416627e-01 -3.28356933e-01
 1.20975600e-02 -3.28091060e-01
 1.08271506e-02 -3.28015864e-01
 9.76226042e-02 -3.28136340e-01
 6.64090813e-02 -3.28458355e-01
 1.06712835e-01 -3.28988743e-01
 -3.06773685e-02 -3.29735394e-01
 1.22683668e-02 -3.30707377e-01
 -2.79271937e-03 -3.31915066e-01
 -6.48229410e-02 -3.33370306e-01
 -1.16483404e-02 -3.35086590e-01
 -4.62916617e-04 -3.37079284e-01
 -1.16344090e-02 -3.39365880e-01
 3.68175554e-02 -3.41966305e-01
 1.65267306e-02 -3.44903278e-01
 -3.22221730e-02 -3.48202752e-01
 -2.72330055e-02 -3.51894426e-01
 2.71082942e-02 -3.56012380e-01
 -4.28906354e-02 -3.60595830e-01
 -6.12723912e-02 -3.65690058e-01
 -2.16371691e-01 -3.71347546e-01
 -3.60020189e-02 -3.77629376e-01
 -1.08865382e-02 -3.84606976e-01
 -4.89100024e-02 -3.92364286e-01
 -8.27020057e-02 -4.01000502e-01
 8.37003548e-03 -4.10633551e-01
 -4.05828894e-02 -4.21404531e-01
 -1.16707473e-01 -4.33483437e-01
 -8.04736565e-02 -4.47076601e-01
 -9.70355719e-02 -4.62436420e-01
 4.68625474e-03 -4.79874171e-01
 -8.74645871e-02 -4.99776964e-01
 -1.79615252e-02 -5.22630176e-01
 -9.25935307e-02 -5.49046944e-01
 -1.43383414e-01 -5.79806073e-01
 -1.88859789e-01 -6.15898013e-01
 -1.50663569e-01 -6.58572238e-01
 -1.08587424e-01 -7.09359268e-01
 -2.30261463e-01 -7.69979352e-01
 -2.07354463e-01 -8.41863365e-01
 -4.47668703e-01 -9.24438004e-01
 -5.94285624e-01 -1.00959220e+00
 -8.45147227e-01 -1.06519581e+00
 -1.19727004e+00 -9.96489251e-01
 -1.60376278e+00 -6.29510342e-01
 -1.77265623e+00 3.21870980e-02
 -1.41730538e+00 5.55832256e-01
 -1.11574070e+00 7.31486389e-01
 -7.11743571e-01 7.12627612e-01
 -4.78913733e-01 6.33869161e-01
 -3.33458792e-01 5.48270891e-01
 -2.24938392e-01 4.71240679e-01
 -1.56931376e-01 4.05547386e-01
 -1.99939567e-01 3.50298099e-01
 -1.27387589e-01 3.03806368e-01
 -1.46554499e-01 2.64441756e-01
 -1.17338173e-01 2.30836465e-01
 -6.08727493e-03 2.01895831e-01
 -4.00349784e-02 1.76756991e-01
 -6.96555997e-02 1.54741108e-01
 -6.92071530e-02 1.35311925e-01
 -1.45700215e-01 1.18042892e-01
 6.00554042e-03 1.02591955e-01
 -1.27259667e-01 8.86824796e-02
 -6.94952345e-03 7.60888274e-02
 -6.60612755e-02 6.46254299e-02
 -3.71895540e-02 5.41384589e-02
 -4.60122316e-02 4.44994329e-02
 -3.43268642e-02 3.56002719e-02
 7.52908474e-02 2.73494405e-02
 -2.77033071e-02 1.96689182e-02
 -8.20242961e-03 1.24917995e-02
 -1.74987323e-02 5.76037891e-03
 -4.51412045e-02 -5.75387527e-04
 -5.49085569e-02 -6.55912768e-03
 7.92788743e-02 -1.22290675e-02
 -1.69596100e-02 -1.76188624e-02
 6.60549110e-02 -2.27582830e-02
 4.91687252e-03 -2.76737839e-02
 -3.87616181e-03 -3.23889777e-02
 -1.04378902e-01 -3.69250331e-02
 6.97829458e-02 -4.13010099e-02
 -1.65223930e-01 -4.55341432e-02
 3.32593255e-02 -4.96400848e-02
 3.24279556e-02 -5.36331100e-02
 2.63897474e-02 -5.75262956e-02
 -8.69014982e-02 -6.13316725e-02
 -5.24024353e-02 -6.50603594e-02
 -3.05170079e-02 -6.87226782e-02
 2.71357564e-02 -7.23282560e-02
 7.11917363e-02 -7.58861139e-02
 2.43890252e-02 -7.94047460e-02
 -3.61235512e-02 -8.28921903e-02
 6.34062295e-02 -8.63560908e-02
 -5.31020312e-02 -8.98037545e-02
 3.96404506e-02 -9.32422026e-02
 -4.20881140e-02 -9.66782170e-02
 1.65775596e-02 -1.00118384e-01
 1.10264090e-02 -1.03569132e-01
 7.11387839e-03 -1.07036772e-01
 -4.95861074e-02 -1.10527531e-01
 -1.81059897e-02 -1.14047583e-01
 -1.70905445e-02 -1.17603086e-01
 -1.03115733e-01 -1.21200208e-01
 3.16836866e-02 -1.24845163e-01
 -1.23864764e-01 -1.28544235e-01
 1.00990142e-02 -1.32303815e-01
 5.39808545e-02 -1.36130425e-01
 -1.67157704e-02 -1.40030756e-01
 -1.09395802e-01 -1.44011694e-01
 5.63340771e-02 -1.48080358e-01
 1.84444835e-02 -1.52244135e-01
 -1.12739590e-01 -1.56510714e-01
 -4.43980453e-02 -1.60888127e-01
 -8.05969849e-04 -1.65384794e-01
 -3.36120701e-02 -1.70009564e-01
 7.83741716e-03 -1.74771767e-01
 4.84554484e-02 -1.79681268e-01
 -9.79161965e-02 -1.84748522e-01
 -4.33250314e-02 -1.89984643e-01
 7.85634419e-03 -1.95401470e-01
 -5.57240419e-02 -2.01011647e-01
 -3.31599921e-02 -2.06828710e-01
 3.19551203e-02 -2.12867181e-01
 -7.55209101e-02 -2.19142677e-01
 -1.13404706e-02 -2.25672028e-01
 -6.38208749e-02 -2.32473413e-01
 1.90164532e-02 -2.39566512e-01
 7.36698307e-02 -2.46972675e-01
 3.06683699e-02 -2.54715114e-01
 -3.91105998e-03 -2.62819129e-01
 -3.62741329e-02 -2.71312353e-01
 4.84802979e-02 -2.80225036e-01
 -7.56162701e-02 -2.89590382e-01
 -1.53809422e-01 -2.99444915e-01
 -9.05245168e-03 -3.09828921e-01
 -1.11210740e-01 -3.20786952e-01
 -1.12398766e-02 -3.32368406e-01
 -3.26602384e-02 -3.44628216e-01
 -1.54912573e-01 -3.57627647e-01
 -2.54341342e-02 -3.71435236e-01
 -9.61728293e-02 -3.86127905e-01
 -3.05523084e-02 -4.01792281e-01
 -1.09251006e-01 -4.18526262e-01
 -2.32684203e-02 -4.36440906e-01
 -1.14397897e-01 -4.55662695e-01
 -2.76970636e-02 -4.76336281e-01
 -1.03260486e-01 -4.98627830e-01
 -7.47921974e-02 -5.22729116e-01
 -1.19769189e-01 -5.48862573e-01
 -4.95890250e-02 -5.77287557e-01
 -1.39160398e-01 -6.08308175e-01
 -7.79863676e-02 -6.42283134e-01
 -1.32216869e-01 -6.79638223e-01
 -6.00759267e-02 -7.20882247e-01
 -1.74346544e-01 -7.66627516e-01
 -2.17277161e-01 -8.17616373e-01
 -8.87348782e-02 -8.74755748e-01
 -1.18046995e-01 -9.39162354e-01
 -2.12025125e-01 -1.01222187e+00
 -3.08361264e-01 -1.09566604e+00
 -2.71878251e-01 -1.19167148e+00
 -4.32337153e-01 -1.30298082e+00
 -4.27511507e-01 -1.43303581e+00
 -5.82561478e-01 -1.58607668e+00
 -6.77935157e-01 -1.76705919e+00
 -8.17919816e-01 -1.98094187e+00
 -1.21891244e+00 -2.23001802e+00
 -1.62140753e+00 -2.50538756e+00
 -2.17349219e+00 -2.76145968e+00
 -3.25723758e+00 -2.84736620e+00
 -4.62779950e+00 -2.38283071e+00
 -5.80811840e+00 -8.65620495e-01
 -5.78468645e+00 1.30569053e+00
 -4.58038111e+00 2.75309774e+00
 -3.20686200e+00 3.16833855e+00
 -2.13069986e+00 3.06511443e+00
 -1.54812850e+00 2.80627949e+00
 -1.21526695e+00 2.53283053e+00
 -8.55566135e-01 2.28676018e+00
 -6.85611883e-01 2.07585507e+00
 -5.18781418e-01 1.89754494e+00
 -4.60526293e-01 1.74685496e+00
 -3.51786429e-01 1.61888352e+00
 -3.84233986e-01 1.50945454e+00
 -2.69624910e-01 1.41518300e+00
 -2.66330185e-01 1.33337225e+00
 -1.53875761e-01 1.26188184e+00
 -1.39061650e-01 1.19900815e+00
 -1.65799120e-01 1.14338750e+00
 -1.38971233e-01 1.09392045e+00
 -2.12275050e-03 1.04971382e+00
 -9.91997819e-02 1.01003635e+00
 -1.28064681e-01 9.74284798e-01
 -1.41773301e-02 9.41957915e-01
 -1.21646514e-01 9.12636293e-01
 -2.81016689e-02 8.85966730e-01
 -5.97941179e-02 8.61649946e-01
 -9.71098203e-02 8.39430906e-01
 2.44952494e-02 8.19091109e-01
 6.22780519e-02 8.00442423e-01
 1.00062320e-02 7.83322116e-01
 -1.69861127e-02 7.67588818e-01
 -4.92922755e-02 7.53119233e-01
 9.29727957e-03 7.39805428e-01
 -2.71040264e-02 7.27552607e-01
 -1.00086526e-02 7.16277253e-01
 -1.29153142e-02 7.05905582e-01
 -3.56265868e-02 6.96372247e-01
 -1.06048651e-01 6.87619247e-01
 -8.26132008e-02 6.79595000e-01
 1.79701629e-02 6.72253566e-01
 2.93812609e-02 6.65553972e-01
 -2.67759285e-02 6.59459650e-01
 -1.09282301e-03 6.53937939e-01
 5.14398231e-02 6.48959669e-01
 -3.88271101e-02 6.44498800e-01
 -5.99348851e-02 6.40532106e-01
 -9.57590543e-02 6.37038905e-01
 2.52016112e-02 6.34000824e-01
 6.84327448e-02 6.31401598e-01
 -8.87785035e-03 6.29226891e-01
 -5.18375359e-02 6.27464145e-01
 -3.94768363e-02 6.26102448e-01
 5.41318095e-02 6.25132421e-01
 3.41088332e-02 6.24546117e-01
 2.75152661e-02 6.24336942e-01
 2.06794004e-02 6.24499583e-01
 -1.05145801e-01 6.25029947e-01
 -6.11838864e-03 6.25925116e-01
 2.61438369e-02 6.27183307e-01
 -1.28679164e-01 6.28803844e-01
 -4.25699047e-02 6.30787136e-01
 -9.71868630e-02 6.33134663e-01
 -4.22185455e-02 6.35848977e-01
 2.20678528e-02 6.38933700e-01
 -7.39709511e-02 6.42393537e-01
 -2.36055512e-02 6.46234295e-01
 1.60491629e-02 6.50462909e-01
 6.97437813e-02 6.55087475e-01
 2.16526181e-02 6.60117296e-01
 4.63360211e-02 6.65562933e-01
 3.40942360e-02 6.71436265e-01
 -4.78319267e-02 6.77750564e-01
 1.28370128e-01 6.84520574e-01
 -7.68997426e-02 6.91762607e-01
 6.18802621e-02 6.99494654e-01
 3.28353367e-02 7.07736507e-01
 8.71995954e-02 7.16509895e-01
 7.24417578e-02 7.25838646e-01
 5.65748947e-02 7.35748866e-01
 -8.30185770e-02 7.46269139e-01
 5.31821205e-03 7.57430756e-01
 3.17922169e-02 7.69267974e-01
 3.74956773e-02 7.81818312e-01
 3.58569527e-02 7.95122879e-01
 9.55447867e-02 8.09226757e-01
 4.82614691e-02 8.24179427e-01
 7.60634036e-02 8.40035266e-01
 7.42392787e-03 8.56854104e-01
 4.35198120e-02 8.74701870e-01
 1.10735663e-01 8.93651336e-01
 -6.87985624e-03 9.13782963e-01
 5.74643845e-02 9.35185897e-01
 4.34465794e-02 9.57959108e-01
 1.08208241e-02 9.82212723e-01
 5.69550458e-02 1.00806959e+00
 2.55525885e-02 1.03566709e+00
 1.15252501e-01 1.06515929e+00
 1.05047925e-01 1.09671951e+00
 8.27539908e-02 1.13054330e+00
 8.81140426e-02 1.16685204e+00
 8.17455639e-02 1.20589729e+00
 1.82266287e-01 1.24796596e+00
 1.02031135e-01 1.29338659e+00
 6.73067020e-02 1.34253706e+00
 1.18380861e-01 1.39585392e+00
 2.36675693e-01 1.45384404e+00
 2.69269913e-01 1.51709893e+00
 1.73802707e-01 1.58631269e+00
 2.19066518e-01 1.66230457e+00
 2.30450103e-01 1.74604750e+00
 2.44634312e-01 1.83870451e+00
 3.47071569e-01 1.94167532e+00
 3.46322782e-01 2.05665655e+00
 4.01167733e-01 2.18571961e+00
 5.09425076e-01 2.33141173e+00
 5.43033735e-01 2.49688656e+00
 5.57401295e-01 2.68607084e+00
 7.46352430e-01 2.90387031e+00
 9.28664212e-01 3.15640516e+00
 1.12369358e+00 3.45122509e+00
 1.39956435e+00 3.79733972e+00
 1.65180940e+00 4.20458082e+00
 2.14460386e+00 4.68091541e+00
 2.87555850e+00 5.22378848e+00
 3.86621089e+00 5.79447370e+00
 5.45543374e+00 6.24663679e+00
 7.87061521e+00 6.15637295e+00
 1.06826509e+01 4.62085306e+00
 1.28777480e+01 9.00339834e-01
 1.18872111e+01 -3.47199525e+00
 9.16869882e+00 -5.99168845e+00
 6.46201664e+00 -6.59883949e+00
 4.52586588e+00 -6.31567286e+00
 3.24187109e+00 -5.77128373e+00
 2.34284322e+00 -5.20875813e+00
 1.80957467e+00 -4.70215221e+00
 1.52129675e+00 -4.26551957e+00
 1.16450385e+00 -3.89402401e+00
 9.12119433e-01 -3.57818014e+00
 7.74543925e-01 -3.30849206e+00
 7.03050936e-01 -3.07675756e+00
 5.48852408e-01 -2.87625042e+00
 4.25146429e-01 -2.70155919e+00
 3.91754187e-01 -2.54835216e+00
 4.00025291e-01 -2.41315664e+00
 3.01881986e-01 -2.29317519e+00
 2.36309870e-01 -2.18614002e+00
 3.43726213e-01 -2.09019973e+00
 1.78616775e-01 -2.00383198e+00
 2.57007644e-01 -1.92577599e+00
 1.19214596e-01 -1.85498044e+00
 1.86777670e-01 -1.79056283e+00
 1.37552399e-01 -1.73177775e+00
 1.59714026e-01 -1.67799183e+00
 9.12055295e-02 -1.62866395e+00
 9.14035194e-02 -1.58332932e+00
 5.66792558e-02 -1.54158683e+00
 1.29059511e-01 -1.50308871e+00
 1.03729193e-01 -1.46753215e+00
 3.42178518e-02 -1.43465245e+00
 2.23782239e-01 -1.40421736e+00
 1.24151009e-01 -1.37602240e+00
 1.30897239e-01 -1.34988699e+00
 -1.84850175e-02 -1.32565115e+00
 6.13953720e-02 -1.30317282e+00
 1.10003283e-01 -1.28232551e+00
 8.13582013e-02 -1.26299636e+00
 9.92818133e-02 -1.24508448e+00
 1.62877070e-01 -1.22849953e+00
 4.51835542e-03 -1.21316049e+00
 5.17367858e-02 -1.19899463e+00
 4.11795972e-03 -1.18593661e+00
 -1.18520504e-02 -1.17392769e+00
 2.58024751e-02 -1.16291505e+00
 6.45847524e-02 -1.15285123e+00
 5.49587732e-02 -1.14369360e+00
 3.37099365e-02 -1.13540393e+00
 1.45770843e-02 -1.12794799e+00
 3.91541735e-02 -1.12129521e+00
 -2.60246538e-02 -1.11541843e+00
 2.07345552e-02 -1.11029357e+00
 5.53486216e-02 -1.10589948e+00
 3.04798487e-02 -1.10221771e+00
 -6.16081638e-03 -1.09923234e+00
 3.25338039e-02 -1.09692987e+00
 3.86195025e-02 -1.09529907e+00
 -4.95237940e-02 -1.09433088e+00
 -5.34604180e-02 -1.09401834e+00
 -9.59863121e-02 -1.09435653e+00
 -5.58654157e-02 -1.09534250e+00
 1.91365612e-02 -1.09697525e+00
 6.04775878e-02 -1.09925571e+00
 1.37178079e-02 -1.10218669e+00
 1.61793804e-02 -1.10577298e+00
 -9.87043457e-02 -1.11002127e+00
 -2.66216777e-02 -1.11494025e+00
 -7.05870896e-02 -1.12054062e+00
 -4.89591370e-02 -1.12683521e+00
 -4.67219332e-02 -1.13383898e+00
 -4.32506264e-02 -1.14156917e+00
 -3.60237637e-02 -1.15004543e+00
 9.16917766e-04 -1.15928988e+00
 -1.16134567e-01 -1.16932735e+00
 -4.29444815e-02 -1.18018550e+00
 -2.35592371e-02 -1.19189505e+00
 -3.10866652e-02 -1.20448999e+00
 -3.17931200e-02 -1.21800788e+00
 -9.83479289e-02 -1.23249012e+00
 -5.01972740e-02 -1.24798230e+00
 -3.96404927e-02 -1.26453458e+00
 -2.79666025e-02 -1.28220217e+00
 -2.48619629e-02 -1.30104577e+00
 -2.15534373e-02 -1.32113220e+00
 -8.95912097e-02 -1.34253499e+00
 -1.42888085e-01 -1.36533519e+00
 -5.68176234e-02 -1.38962218e+00
 -6.47052316e-02 -1.41549465e+00
 -8.15868167e-03 -1.44306174e+00
 -2.28902121e-01 -1.47244435e+00
 -6.13257380e-02 -1.50377660e+00
 -2.41140918e-02 -1.53720761e+00
 -1.59000770e-01 -1.57290354e+00
 -1.54736842e-01 -1.61104992e+00
 -1.83697078e-01 -1.65185447e+00
 -1.81212137e-01 -1.69555040e+00
 -1.22481906e-01 -1.74240024e+00
 -1.25740740e-01 -1.79270048e+00
 -2.29839864e-01 -1.84678710e+00
 -2.00934708e-01 -1.90504209e+00
 -1.70117385e-01 -1.96790149e+00
 -1.73384970e-01 -2.03586496e+00
 -1.88787547e-01 -2.10950753e+00
 -2.61545944e-01 -2.18949400e+00
 -3.46502704e-01 -2.27659660e+00
 -3.10475979e-01 -2.37171705e+00
 -3.36345414e-01 -2.47591388e+00
 -3.34433283e-01 -2.59043694e+00
 -3.49756412e-01 -2.71677086e+00
 -4.71357446e-01 -2.85669041e+00
 -4.12156560e-01 -3.01233112e+00
 -5.52645133e-01 -3.18628004e+00
 -6.13907744e-01 -3.38169233e+00
 -6.99787908e-01 -3.60244088e+00
 -8.07014397e-01 -3.85330644e+00
 -9.80833904e-01 -4.14021350e+00
 -1.06710730e+00 -4.47050716e+00
 -1.43766199e+00 -4.85323476e+00
 -1.66775600e+00 -5.29930897e+00
 -2.08367295e+00 -5.82119283e+00
 -2.71098731e+00 -6.43110905e+00
 -3.31727001e+00 -7.13503722e+00
 -4.65795803e+00 -7.91501058e+00
 -6.40487631e+00 -8.67975544e+00
 -8.78013628e+00 -9.13712233e+00
 -1.24936737e+01 -8.53534272e+00
 -1.65173272e+01 -5.55674547e+00
 -1.85481651e+01 2.01837005e-01
 -1.63785195e+01 5.90826537e+00
 -1.24160931e+01 8.80738998e+00
 -8.82201221e+00 9.36768198e+00
 -6.39619709e+00 8.89797149e+00
 -4.52436459e+00 8.13293036e+00
 -3.33064674e+00 7.35639838e+00
 -2.72162392e+00 6.65660448e+00
 -2.10701658e+00 6.05055961e+00
 -1.76938132e+00 5.53206155e+00
 -1.36002634e+00 5.08890157e+00
 -1.16591943e+00 4.70869431e+00
 -9.33548331e-01 4.38061102e+00
 -8.41184234e-01 4.09567765e+00
 -6.72832640e-01 3.84660868e+00
 -7.16953918e-01 3.62752676e+00
 -6.76946138e-01 3.43368810e+00
 -5.06684181e-01 3.26124881e+00
 -4.38352594e-01 3.10707663e+00
 -3.87474611e-01 2.96860273e+00
 -2.90097959e-01 2.84370623e+00
 -3.46666032e-01 2.73062428e+00
 -3.36855400e-01 2.62788206e+00
 -2.19782143e-01 2.53423793e+00
 -2.60444995e-01 2.44864026e+00
 -2.79011767e-01 2.37019330e+00
 -9.22307175e-02 2.29813000e+00
 -2.29102107e-01 2.23179015e+00
 -1.40066581e-01 2.17060285e+00
 -1.25377955e-01 2.11407219e+00
 -1.77165658e-01 2.06176564e+00
 -7.38230305e-02 2.01330447e+00
 -1.88515715e-01 1.96835584e+00
 -7.39311074e-02 1.92662626e+00
 -1.33477193e-01 1.88785613e+00
 -8.61592795e-02 1.85181517e+00
 -9.09652037e-02 1.81829853e+00
 -9.76156181e-02 1.78712357e+00
 -1.18732154e-01 1.75812707e+00
 9.37282817e-03 1.73116288e+00
 -5.89245598e-02 1.70609991e+00
 -3.64405673e-02 1.68282041e+00
 -6.46096612e-02 1.66121846e+00
 -4.11341636e-02 1.64119869e+00
 1.21813500e-02 1.62267519e+00
 -2.52969291e-03 1.60557052e+00
 -5.23273269e-03 1.58981488e+00
 6.78342748e-02 1.57534538e+00
 -5.69996269e-02 1.56210542e+00
 -9.20704266e-02 1.55004410e+00
 1.60824104e-02 1.53911576e+00
 5.79974494e-02 1.52927956e+00
 -5.09560049e-02 1.52049906e+00
 2.08295548e-02 1.51274199e+00
 -1.26207441e-02 1.50597985e+00
 -3.95846260e-02 1.50018779e+00
 2.92062865e-02 1.49534429e+00
 -3.12097644e-02 1.49143105e+00
 -3.37719715e-02 1.48843284e+00
 1.46692567e-02 1.48633730e+00
 9.42549309e-02 1.48513494e+00
 2.35680966e-02 1.48481897e+00
 1.32345753e-02 1.48538529e+00
 5.97905637e-02 1.48683244e+00
 -6.30940988e-02 1.48916157e+00
 -5.00656215e-02 1.49237643e+00
 -1.28794484e-02 1.49648342e+00
 4.97821484e-02 1.50149159e+00
 -9.72733006e-03 1.50741270e+00
 -4.34222118e-02 1.51426131e+00
 -3.67256759e-02 1.52205488e+00
 4.59304533e-02 1.53081384e+00
 6.60858876e-03 1.54056181e+00
 3.73959969e-02 1.55132568e+00
 2.01222723e-02 1.56313587e+00
 8.10112946e-02 1.57602651e+00
 -3.57679271e-03 1.59003575e+00
 -5.55625464e-03 1.60520598e+00
 5.51706432e-02 1.62158424e+00
 2.95926571e-02 1.63922257e+00
 7.65121538e-02 1.65817845e+00
 6.06447194e-02 1.67851528e+00
 3.29369318e-02 1.70030299e+00
 -4.89217165e-02 1.72361864e+00
 3.93953552e-02 1.74854720e+00
 1.23930437e-01 1.77518233e+00
 1.50557750e-01 1.80362741e+00
 4.30067705e-02 1.83399657e+00
 6.74587497e-02 1.86641600e+00
 1.42420259e-01 1.90102540e+00
 1.10557426e-01 1.93797964e+00
 5.26989570e-02 1.97745072e+00
 1.09998500e-01 2.01963002e+00
 9.70119087e-02 2.06473093e+00
 1.21722236e-01 2.11299194e+00
 2.13320211e-01 2.16468024e+00
 1.52047434e-01 2.22009597e+00
 1.63563949e-01 2.27957727e+00
 2.47092466e-01 2.34350626e+00
 1.74785448e-01 2.41231616e+00
 2.04337766e-01 2.48649990e+00
 2.98049704e-01 2.56662038e+00
 1.92578309e-01 2.65332303e+00
 3.24254652e-01 2.74735103e+00
 4.11695960e-01 2.84956397e+00
 3.45306481e-01 2.96096083e+00
 3.28014579e-01 3.08270850e+00
 4.20301036e-01 3.21617729e+00
 3.78241086e-01 3.36298546e+00
 5.50971778e-01 3.52505542e+00
 7.17423333e-01 3.70468488e+00
 6.88975880e-01 3.90463751e+00
 8.20380320e-01 4.12825839e+00
 7.92366862e-01 4.37962128e+00
 1.06194972e+00 4.66371486e+00
 1.19002068e+00 4.98667419e+00
 1.30515692e+00 5.35605704e+00
 1.54012589e+00 5.78114359e+00
 1.93464968e+00 6.27318008e+00
 2.35182229e+00 6.84533416e+00
 2.89315201e+00 7.51173014e+00
 3.64877724e+00 8.28388220e+00
 4.78939370e+00 9.16006042e+00
 6.35673096e+00 1.00958237e+01
 8.69909308e+00 1.09263112e+01
 1.21000330e+01 1.11819890e+01
 1.66921736e+01 9.79017240e+00
 2.12187191e+01 5.27204903e+00
 2.23771216e+01 -1.96485381e+00
 1.92346775e+01 -8.14681960e+00
 1.43965842e+01 -1.09532402e+01
 1.03483674e+01 -1.13448440e+01
 7.40220623e+00 -1.07162197e+01
