 NaN NaN
 4.33757962e-02 1.54552608e+00
 3.71186124e-02 1.54572976e+00
 -3.14350395e-02 1.54606338e+00
 -1.74437991e-02 1.54652630e+00
 3.77978598e-02 1.54711834e+00
 4.54875481e-02 1.54783953e+00
 3.43766532e-02 1.54869011e+00
 8.89735213e-02 1.54967043e+00
 5.17256414e-02 1.55078098e+00
 -2.46835434e-02 1.55202234e+00
 2.53127206e-02 1.55339522e+00
 -4.50649829e-02 1.55490042e+00
 -1.70376407e-02 1.55653885e+00
 -7.97947889e-02 1.55831152e+00
 -2.74089101e-03 1.56021952e+00
 -2.89305881e-02 1.56226407e+00
 -6.14723543e-03 1.56444648e+00
 1.43689814e-02 1.56676818e+00
 2.18519125e-02 1.56923067e+00
 4.45166497e-02 1.57183561e+00
 1.42007945e-02 1.57458474e+00
 2.88239898e-02 1.57747992e+00
 1.65710027e-02 1.58052313e+00
 -6.62014094e-02 1.58371648e+00
 8.92841154e-02 1.58706220e+00
 -1.03935814e-01 1.59056266e+00
 4.80078975e-02 1.59422036e+00
 -6.37365173e-02 1.59803793e+00
 9.30254367e-02 1.60201817e+00
 4.07179807e-02 1.60616403e+00
 -2.85995796e-02 1.61047859e+00
 1.71929291e-02 1.61496514e+00
 2.94303087e-02 1.61962712e+00
 -4.28711498e-02 1.62446814e+00
 -4.16008495e-02 1.62949202e+00
 4.80285926e-02 1.63470279e+00
 -1.01298609e-02 1.64010465e+00
 -9.43746881e-03 1.64570207e+00
 -1.43656685e-02 1.65149970e+00
 -2.37463485e-03 1.65750247e+00
 -1.96049879e-02 1.66371556e+00
 7.80716225e-02 1.67014440e+00
 2.88256707e-02 1.67679473e+00
 -9.03639364e-02 1.68367257e+00
 -3.95434863e-02 1.69078427e+00
 -4.52542136e-02 1.69813652e+00
 1.29224315e-02 1.70573635e+00
 -2.56477003e-02 1.71359119e+00
 -1.54336889e-02 1.72170884e+00
 -3.77290878e-02 1.73009756e+00
 -6.58081292e-02 1.73876604e+00
 3.65684790e-03 1.74772347e+00
 8.12762869e-02 1.75697952e+00
 -5.56769309e-02 1.76654445e+00
 -7.84865530e-02 1.77642907e+00
 -2.09187226e-02 1.78664484e+00
 -6.40285056e-02 1.79720386e+00
 1.49922359e-02 1.80811898e+00
 -9.86595525e-03 1.81940378e+00
 1.95152905e-02 1.83107268e+00
 9.86595096e-02 1.84314099e+00
 3.12630886e-02 1.85562496e+00
 1.04747401e-02 1.86854187e+00
 6.71295493e-02 1.88191009e+00
 -1.51867928e-03 1.89574919e+00
 4.50512872e-04 1.91008004e+00
 9.07192050e-02 1.92492489e+00
 3.84356481e-02 1.94030748e+00
 5.33371350e-02 1.95625324e+00
 2.27091218e-02 1.97278932e+00
 6.65301183e-02 1.98994486e+00
 1.21541385e-02 2.00775108e+00
 3.14466363e-03 2.02624152e+00
 -4.12239130e-02 2.04545224e+00
 3.36120702e-02 2.06542205e+00
 6.38119420e-02 2.08619282e+00
 -6.14872109e-02 2.10780973e+00
 6.68109117e-03 2.13032162e+00
 9.61439146e-02 2.15378141e+00
 6.80014065e-02 2.17824648e+00
 1.80644182e-02 2.20377916e+00
 3.98979903e-02 2.23044729e+00
 1.10299817e-01 2.25832487e+00
 1.65344107e-02 2.28749269e+00
 -6.07108614e-02 2.31803922e+00
 4.54107146e-02 2.35006149e+00
 -2.93472375e-02 2.38366617e+00
 3.11346355e-02 2.41897079e+00
 4.37988298e-03 2.45610517e+00
 -2.20515374e-02 2.49521307e+00
 7.45614658e-02 2.53645409e+00
 2.49046959e-02 2.58000596e+00
 7.88860087e-02 2.62606715e+00
 2.71711593e-02 2.67486000e+00
 1.05327765e-02 2.72663446e+00
 6.46208606e-02 2.78167244e+00
 -1.22678666e-02 2.84029318e+00
 8.78929992e-02 2.90285955e+00
 -1.15894487e-02 2.96978584e+00
 3.71582563e-02 3.04154721e+00
 4.09040535e-02 3.11869122e+00
 1.89208266e-02 3.20185225e+00
 -2.93832032e-02 3.29176937e+00
 2.66314093e-02 3.38930887e+00
 1.68932593e-02 3.49549288e+00
 8.34330153e-02 3.61153597e+00
 7.57453347e-02 3.73889272e+00
 7.41366892e-02 3.87931996e+00
 6.72139780e-02 4.03495952e+00
 1.22681806e-01 4.20844960e+00
 9.06765268e-02 4.40307716e+00
 2.02183704e-01 4.62298988e+00
 1.69150384e-01 4.87349692e+00
 1.78479212e-01 5.16150464e+00
 1.62689916e-01 5.49616366e+00
 3.79351274e-01 5.88985648e+00
 4.02414856e-01 6.35975364e+00
 4.69246339e-01 6.93035740e+00
 5.66404091e-01 7.63784221e+00
 7.47651946e-01 8.53784778e+00
 1.10491696e+00 9.72034617e+00
 1.37912542e+00 1.13401454e+01
 2.21563179e+00 1.36850887e+01
 3.85339298e+00 1.73429876e+01
 7.75466126e+00 2.36157961e+01
 2.20817042e+01 3.43703862e+01
 7.01994508e+01 1.17132779e+01
 2.94298831e+01 -3.40197901e+01
 9.58273391e+00 -2.31647186e+01
 4.51713693e+00 -1.60588327e+01
 2.48497053e+00 -1.19896133e+01
 1.62234315e+00 -9.42875567e+00
 1.23097035e+00 -7.68396470e+00
 1.00340197e+00 -6.42297813e+00
 5.60694920e-01 -5.47036862e+00
 5.05376404e-01 -4.72569765e+00
 4.96951571e-01 -4.12759675e+00
 4.05401052e-01 -3.63655522e+00
 3.57801149e-01 -3.22602577e+00
 3.06646044e-01 -2.87752940e+00
 2.39736125e-01 -2.57781551e+00
 1.04742127e-01 -2.31713936e+00
 1.22306769e-01 -2.08817680e+00
 1.47232727e-01 -1.88531782e+00
 1.25902487e-01 -1.70419344e+00
 1.86517490e-01 -1.54135082e+00
 1.04542081e-01 -1.39402516e+00
 1.15018461e-01 -1.25997651e+00
 5.48186191e-02 -1.13737076e+00
 1.04281460e-01 -1.02469163e+00
 1.05360627e-01 -9.20674536e-01
 8.41421971e-02 -8.24256328e-01
 -2.56492904e-02 -7.34536548e-01
 3.15655400e-02 -6.50747303e-01
 6.09091010e-02 -5.72229576e-01
 8.30624113e-02 -4.98414425e-01
 -1.21453141e-02 -4.28807937e-01
 1.26244998e-01 -3.62979087e-01
 6.44641936e-02 -3.00549873e-01
 3.42394839e-02 -2.41187235e-01
 3.00867033e-02 -1.84596403e-01
 1.55222039e-02 -1.30515371e-01
 6.78704250e-02 -7.87103067e-02
 -5.92919224e-02 -2.89716811e-02
 -4.42949458e-02 1.88889772e-02
 1.47799918e-02 6.50418407e-02
 1.40334830e-02 1.09641129e-01
 3.68058929e-02 1.52827116e-01
 1.18707250e-01 1.94727852e-01
 1.09135074e-02 2.35460656e-01
 4.03648977e-02 2.75133400e-01
 2.61012364e-02 3.13845634e-01
 5.39881353e-02 3.51689568e-01
 5.40037124e-02 3.88750930e-01
 -5.42193829e-02 4.25109730e-01
 1.03563955e-01 4.60840928e-01
 8.43069376e-02 4.96015037e-01
 -1.88589799e-02 5.30698652e-01
 2.29231230e-02 5.64954938e-01
 5.05605956e-02 5.98844061e-01
 1.14042817e-02 6.32423583e-01
 -5.22119223e-02 6.65748824e-01
 6.62543398e-02 6.98873197e-01
 8.41754583e-02 7.31848514e-01
 2.47091013e-02 7.64725275e-01
 -4.54954997e-03 7.97552944e-01
 -2.21631197e-02 8.30380204e-01
 4.74608690e-02 8.63255206e-01
 6.93145330e-02 8.96225815e-01
 9.10246009e-02 9.29339840e-01
 6.46423851e-02 9.62645273e-01
 8.28794069e-02 9.96190518e-01
 -5.99292159e-02 1.03002463e+00
 2.21143437e-02 1.06419756e+00
 -1.88243880e-02 1.09876040e+00
 -2.73305244e-02 1.13376563e+00
 7.58000110e-02 1.16926742e+00
 -2.53628284e-02 1.20532186e+00
 5.56690833e-02 1.24198735e+00
 -3.98773384e-02 1.27932484e+00
 1.16940669e-01 1.31739824e+00
 7.50397230e-02 1.35627480e+00
 6.82928017e-02 1.39602551e+00
 -3.07647545e-03 1.43672556e+00
 -1.58638904e-02 1.47845490e+00
 5.81794176e-02 1.52129875e+00
 -7.29370766e-03 1.56534827e+00
 3.46975255e-02 1.61070124e+00
 -4.55986281e-02 1.65746288e+00
 1.67052809e-01 1.70574673e+00
 2.61525793e-02 1.75567568e+00
 9.70447912e-02 1.80738309e+00
 1.72513570e-01 1.86101413e+00
 1.00735621e-01 1.91672726e+00
 2.26380859e-02 1.97469597e+00
 1.85805203e-02 2.03511075e+00
 1.63051148e-01 2.09818140e+00
 -1.14894237e-02 2.16413967e+00
 -1.48045927e-02 2.23324240e+00
 1.71508872e-01 2.30577513e+00
 5.96481261e-02 2.38205640e+00
 -1.30830933e-02 2.46244280e+00
 -2.72354829e-02 2.54733500e+00
 1.45909960e-01 2.63718491e+00
 9.43332852e-03 2.73250429e+00
 3.31666211e-02 2.83387514e+00
 2.28293535e-01 2.94196237e+00
 1.70601721e-01 3.05752921e+00
 6.84715558e-02 3.18145622e+00
 1.04705308e-01 3.31476491e+00
 1.93992398e-01 3.45864720e+00
 1.37445552e-01 3.61450264e+00
 1.53959060e-01 3.78398574e+00
 2.09698391e-01 3.96906684e+00
 2.19567620e-01 4.17211128e+00
 3.35943251e-01 4.39598342e+00
 3.10115317e-01 4.64418532e+00
 2.82540646e-01 4.92104415e+00
 3.03919644e-01 5.23196945e+00
 4.24377292e-01 5.58381238e+00
 4.68425631e-01 5.98537729e+00
 4.89258818e-01 6.44816581e+00
 5.25079206e-01 6.98748568e+00
 7.44896007e-01 7.62414837e+00
 8.04482671e-01 8.38714966e+00
 1.07526951e+00 9.31805232e+00
 1.38204656e+00 1.04784404e+01
 1.79752499e+00 1.19631692e+01
 2.58568272e+00 1.39250462e+01
 3.78257904e+00 1.66227398e+01
 5.75170162e+00 2.05137177e+01
 1.02658942e+01 2.63896670e+01
 2.18413590e+01 3.48744401e+01
 5.49355924e+01 3.48407475e+01
 6.93546608e+01 -2.21719676e+01
 2.90839960e+01 -3.69012336e+01
 1.28317904e+01 -2.83376703e+01
 6.90558292e+00 -2.16486273e+01
 4.19275625e+00 -1.72421742e+01
 2.83544655e+00 -1.42337675e+01
 2.12413816e+00 -1.20763665e+01
 1.55749830e+00 -1.04622700e+01
 1.23564243e+00 -9.21238150e+00
 9.71432454e-01 -8.21717465e+00
 7.63088448e-01 -7.40647631e+00
 6.78257268e-01 -6.73346412e+00
 5.42997090e-01 -6.16579061e+00
 4.75407239e-01 -5.68043283e+00
 3.98042349e-01 -5.26057904e+00
 3.75987770e-01 -4.89367721e+00
 3.16894205e-01 -4.57017216e+00
 2.81815072e-01 -4.28266481e+00
 2.38555497e-01 -4.02533842e+00
 2.03952896e-01 -3.79355816e+00
 2.84274155e-01 -3.58358604e+00
 1.35481481e-01 -3.39237438e+00
 1.25165542e-01 -3.21741363e+00
 2.74894929e-01 -3.05661870e+00
 9.53674415e-02 -2.90824287e+00
 2.14481928e-01 -2.77081174e+00
 2.58033832e-01 -2.64307213e+00
 5.55182266e-02 -2.52395195e+00
 1.54120319e-01 -2.41252851e+00
 4.23199704e-02 -2.30800328e+00
 1.81709528e-01 -2.20968157e+00
 8.15190650e-02 -2.11695598e+00
 2.50464067e-02 -2.02929307e+00
 7.42673564e-02 -1.94622220e+00
 8.44792873e-02 -1.86732648e+00
 1.01104500e-01 -1.79223513e+00
 3.14642875e-02 -1.72061717e+00
 1.14742234e-01 -1.65217601e+00
 1.04018709e-01 -1.58664502e+00
 -3.54740837e-02 -1.52378362e+00
 9.94060443e-02 -1.46337408e+00
 2.16232335e-02 -1.40521868e+00
 1.46459147e-01 -1.34913731e+00
 6.15648763e-02 -1.29496539e+00
 6.41295469e-02 -1.24255209e+00
 1.13270848e-01 -1.19175872e+00
 4.16360290e-02 -1.14245739e+00
 2.48582638e-02 -1.09452978e+00
 3.20131778e-02 -1.04786610e+00
 -3.13900581e-03 -1.00236417e+00
 -1.10181748e-02 -9.57928519e-01
 5.81650182e-03 -9.14469735e-01
 5.53733114e-03 -8.71903737e-01
 9.11192863e-02 -8.30151207e-01
 9.37729247e-02 -7.89137043e-01
 1.08391673e-01 -7.48789878e-01
 3.55612463e-02 -7.09041630e-01
 1.18995941e-01 -6.69827097e-01
 1.07922221e-01 -6.31083579e-01
 7.63007759e-03 -5.92750528e-01
 5.66804823e-03 -5.54769220e-01
 7.30750985e-02 -5.17082450e-01
 1.25456427e-01 -4.79634234e-01
 9.14415114e-02 -4.42369529e-01
 1.00160786e-01 -4.05233962e-01
 1.04702480e-02 -3.68173561e-01
 -1.26809089e-02 -3.31134492e-01
 7.07529984e-02 -2.94062800e-01
 9.59997114e-02 -2.56904136e-01
 4.21380350e-02 -2.19603499e-01
 7.29861591e-02 -1.82104947e-01
 -1.98668356e-02 -1.44351318e-01
 1.63999514e-02 -1.06283923e-01
 5.89878075e-02 -6.78422300e-02
 3.46619900e-02 -2.89635202e-02
 1.99328086e-02 1.04174742e-02
 9.64045041e-02 5.03689669e-02
 1.08631803e-01 9.09625488e-02
 1.01638717e-01 1.32273660e-01
 8.66991822e-02 1.74382109e-01
 8.96080355e-02 2.17372653e-01
 6.11363095e-03 2.61335637e-01
 3.17638877e-02 3.06367715e-01
 6.05826053e-02 3.52572658e-01
 2.10182944e-02 4.00062264e-01
 1.14449305e-02 4.48957399e-01
 8.12567782e-02 4.99389164e-01
 -1.70748797e-02 5.51500251e-01
 7.38433547e-02 6.05446479e-01
 1.00437251e-01 6.61398580e-01
 -2.04257647e-02 7.19544248e-01
 1.63822138e-01 7.80090539e-01
 -2.16707924e-02 8.43266651e-01
 -1.57789850e-02 9.09327199e-01
 1.48972331e-01 9.78556060e-01
 7.40670186e-02 1.05127092e+00
 1.56272701e-01 1.12782870e+00
 1.31960794e-01 1.20863199e+00
 8.74904688e-02 1.29413688e+00
 1.02846366e-01 1.38486228e+00
 1.50469546e-01 1.48140141e+00
 6.40561517e-02 1.58443578e+00
 7.20925129e-02 1.69475243e+00
 1.77958356e-01 1.81326542e+00
 8.73616539e-02 1.94104265e+00
 2.01736706e-01 2.07933982e+00
 2.34677038e-01 2.22964375e+00
 3.25647688e-01 2.39372810e+00
 2.86867692e-01 2.57372607e+00
 2.33205724e-01 2.77222613e+00
 2.71710549e-01 2.99239987e+00
 3.11652091e-01 3.23817516e+00
 4.32321335e-01 3.51447434e+00
 3.36470682e-01 3.82754752e+00
 4.68154938e-01 4.18544785e+00
 6.94440774e-01 4.59872358e+00
 6.95998701e-01 5.08144950e+00
 8.45721066e-01 5.65280402e+00
 1.03826407e+00 6.33954957e+00
 1.24681024e+00 7.18005439e+00
 1.64523948e+00 8.23102170e+00
 2.16302521e+00 9.57906898e+00
 2.99235680e+00 1.13608781e+01
 4.38172537e+00 1.37962851e+01
 7.16174309e+00 1.72213020e+01
 1.28240997e+01 2.19179190e+01
 2.66717689e+01 2.57813561e+01
 5.06651564e+01 1.03126422e+01
 4.05858919e+01 -2.34167205e+01
 1.90554301e+01 -2.62894001e+01
 9.70346372e+00 -2.13475027e+01
 5.75620779e+00 -1.72223207e+01
 3.69666430e+00 -1.42876193e+01
 2.60374957e+00 -1.21778887e+01
 1.85082855e+00 -1.06109716e+01
 1.35985015e+00 -9.40916575e+00
 1.23928482e+00 -8.46134382e+00
 9.80388406e-01 -7.69607247e+00
 7.68749583e-01 -7.06587781e+00
 6.88133398e-01 -6.53818426e+00
 5.23873537e-01 -6.08998498e+00
 5.30594757e-01 -5.70461100e+00
 3.88646932e-01 -5.36971074e+00
 3.65573522e-01 -5.07594850e+00
 3.42153344e-01 -4.81614330e+00
 2.36410457e-01 -4.58468475e+00
 2.12442051e-01 -4.37712814e+00
 2.02272941e-01 -4.18990793e+00
 1.82528901e-01 -4.02013145e+00
 1.52859832e-01 -3.86542786e+00
 2.37712960e-01 -3.72383585e+00
 1.53586846e-01 -3.59371908e+00
 1.78567461e-01 -3.47370170e+00
 1.17801722e-01 -3.36261851e+00
 1.21376578e-01 -3.25947623e+00
 1.40009506e-01 -3.16342288e+00
 8.72477408e-02 -3.07372354e+00
 1.59655621e-01 -2.98974086e+00
 1.24968302e-01 -2.91091938e+00
 7.82506642e-02 -2.83677277e+00
 1.51520298e-01 -2.76687333e+00
 6.93992556e-02 -2.70084338e+00
 8.53667420e-02 -2.63834812e+00
 1.35873595e-01 -2.57908968e+00
 9.67732847e-02 -2.52280207e+00
 5.17335617e-02 -2.46924704e+00
 9.31195590e-02 -2.41821046e+00
 8.37101629e-02 -2.36949930e+00
 9.15607279e-02 -2.32293907e+00
 1.51707228e-01 -2.27837156e+00
 1.11886881e-01 -2.23565295e+00
 2.93678139e-02 -2.19465213e+00
 1.31216765e-01 -2.15524932e+00
 -2.32118183e-02 -2.11733476e+00
 5.97363713e-02 -2.08080765e+00
 1.15945288e-01 -2.04557521e+00
 8.64265903e-02 -2.01155179e+00
 6.00525250e-02 -1.97865819e+00
 9.44652063e-02 -1.94682094e+00
 9.53670058e-02 -1.91597177e+00
 -1.42126982e-02 -1.88604707e+00
 4.66308233e-02 -1.85698741e+00
 -2.41815139e-02 -1.82873716e+00
 1.70490890e-01 -1.80124410e+00
 2.20753635e-02 -1.77445905e+00
 6.09954808e-02 -1.74833563e+00
 3.55689916e-04 -1.72282992e+00
 -3.96738996e-02 -1.69790024e+00
 9.52663657e-02 -1.67350691e+00
 8.32160713e-02 -1.64961203e+00
 7.56271350e-02 -1.62617928e+00
 6.95629135e-02 -1.60317374e+00
 7.87487456e-02 -1.58056172e+00
 -2.68921423e-02 -1.55831055e+00
 5.61993343e-02 -1.53638850e+00
 1.61986969e-02 -1.51476456e+00
 2.60171120e-02 -1.49340832e+00
 4.37859078e-02 -1.47228982e+00
 1.20445230e-01 -1.45137943e+00
 1.34161510e-01 -1.43064767e+00
 7.45320535e-02 -1.41006509e+00
 -5.46940803e-03 -1.38960211e+00
 1.08923500e-02 -1.36922888e+00
 4.50868737e-02 -1.34891514e+00
 5.10161318e-02 -1.32863000e+00
 -1.11158081e-03 -1.30834182e+00
 9.78702869e-02 -1.28801799e+00
 1.17449761e-01 -1.26762476e+00
 4.81612672e-02 -1.24712697e+00
 9.58637714e-02 -1.22648784e+00
 -7.71182951e-02 -1.20566871e+00
 4.91285596e-02 -1.18462871e+00
 -6.98519618e-02 -1.16332446e+00
 8.16214492e-02 -1.14170969e+00
 4.23760896e-02 -1.11973477e+00
 1.31717702e-01 -1.09734632e+00
 9.56015973e-02 -1.07448655e+00
 3.92616151e-02 -1.05109271e+00
 3.46695119e-02 -1.02709635e+00
 3.34882986e-02 -1.00242241e+00
 6.10452539e-03 -9.76988321e-01
 8.51900721e-03 -9.50702786e-01
 2.60736520e-02 -9.23464451e-01
 2.46622973e-02 -8.95160287e-01
 -6.38971218e-02 -8.65663681e-01
 -3.80563061e-02 -8.34832151e-01
 2.82764514e-03 -8.02504596e-01
 8.87091726e-02 -7.68497972e-01
 1.37873720e-01 -7.32603242e-01
 5.82259716e-02 -6.94580413e-01
 1.14825160e-01 -6.54152410e-01
 5.37529892e-02 -6.10997451e-01
 1.35112738e-01 -5.64739487e-01
 6.79235418e-02 -5.14936104e-01
 -3.97595644e-02 -4.61063072e-01
 1.16770443e-01 -4.02494410e-01
 5.83172476e-02 -3.38476382e-01
 8.76930528e-02 -2.68093176e-01
 1.99750759e-01 -1.90221011e-01
 1.13535759e-01 -1.03465913e-01
 1.39287366e-01 -6.07804127e-03
 1.14693390e-01 1.04168255e-01
 2.72568228e-01 2.30145449e-01
 2.28681091e-01 3.75621568e-01
 2.17696654e-01 5.45629819e-01
 2.89905382e-01 7.47030638e-01
 3.97582293e-01 9.89386762e-01
 5.15996028e-01 1.28635639e+00
 6.45770055e-01 1.65794607e+00
 9.67689868e-01 2.13412996e+00
 1.27733497e+00 2.76018984e+00
 1.84373721e+00 3.60123285e+00
 3.21326372e+00 4.72155709e+00
 5.64055914e+00 5.96313047e+00
 1.09720134e+01 5.49345220e+00
 1.53703127e+01 -2.09080713e+00
 1.01530662e+01 -8.75580887e+00
 5.21507844e+00 -8.78332490e+00
 2.90838807e+00 -7.52825465e+00
 1.81917364e+00 -6.44694693e+00
 1.27973564e+00 -5.63895263e+00
 9.04134609e-01 -5.03658421e+00
 7.15763269e-01 -4.57742381e+00
 5.69070121e-01 -4.21854241e+00
 4.03871159e-01 -3.93151732e+00
 3.79907546e-01 -3.69732378e+00
 2.05185403e-01 -3.50293032e+00
 2.13422641e-01 -3.33918345e+00
 1.23641519e-01 -3.19949698e+00
 2.30163781e-01 -3.07902634e+00
 1.52227050e-01 -2.97413653e+00
 9.10446712e-02 -2.88205112e+00
 1.57658515e-01 -2.80061540e+00
 7.59358480e-02 -2.72813305e+00
 1.21638597e-01 -2.66325133e+00
 1.37312925e-01 -2.60487891e+00
 1.05526867e-01 -2.55212605e+00
 1.26405645e-01 -2.50426038e+00
 1.46789383e-01 -2.46067384e+00
 5.67389131e-02 -2.42085750e+00
 9.92616693e-02 -2.38438234e+00
 -2.06046034e-03 -2.35088422e+00
 1.89396014e-02 -2.32005221e+00
 1.01087939e-01 -2.29161930e+00
 -3.99654714e-03 -2.26535497e+00
 3.42323716e-02 -2.24105924e+00
 1.00101230e-01 -2.21855790e+00
 5.29345235e-02 -2.19769852e+00
 1.02435041e-01 -2.17834723e+00
 -7.78290164e-03 -2.16038607e+00
 6.09010689e-02 -2.14371074e+00
 4.66655581e-03 -2.12822878e+00
 -4.84534290e-02 -2.11385801e+00
 9.22580288e-02 -2.10052518e+00
 -2.13193653e-03 -2.08816492e+00
 2.98331996e-02 -2.07671875e+00
 9.41052472e-02 -2.06613427e+00
 -8.40643651e-03 -2.05636451e+00
 5.11240428e-03 -2.04736730e+00
 4.89263476e-02 -2.03910478e+00
 4.55961515e-02 -2.03154293e+00
 1.23755512e-02 -2.02465121e+00
 -6.38332902e-04 -2.01840224e+00
 -6.72257099e-02 -2.01277146e+00
 -1.63529784e-02 -2.00773695e+00
 2.94676091e-02 -2.00327916e+00
 -6.63457700e-02 -1.99938071e+00
 6.32487434e-02 -1.99602628e+00
 3.24207219e-02 -1.99320243e+00
 1.32326433e-02 -1.99089748e+00
 -1.05188320e-01 -1.98910140e+00
 4.33758882e-02 -1.98780573e+00
 3.82872480e-02 -1.98700351e+00
 1.22371549e-03 -1.98668919e+00
 -2.75362598e-02 -1.98685859e+00
 -8.34099930e-02 -1.98750888e+00
 2.18361370e-03 -1.98863852e+00
 -1.40848572e-02 -1.99024725e+00
 2.62494214e-02 -1.99233610e+00
 2.94590896e-02 -1.99490732e+00
 -7.28529523e-03 -1.99796449e+00
 2.46932531e-02 -2.00151245e+00
 -6.81170370e-02 -2.00555736e+00
 1.98434449e-02 -2.01010673e+00
 -2.73559524e-02 -2.01516948e+00
 -9.40935433e-02 -2.02075598e+00
 -3.07238291e-02 -2.02687810e+00
 -5.35911377e-02 -2.03354934e+00
 2.54758881e-02 -2.04078488e+00
 -6.17282065e-02 -2.04860170e+00
 -4.28859053e-02 -2.05701870e+00
 2.79192490e-02 -2.06605687e+00
 -2.45997957e-02 -2.07573939e+00
 -3.91285983e-02 -2.08609189e+00
 -2.52799879e-02 -2.09714258e+00
 -4.65264987e-02 -2.10892257e+00
 -4.78522618e-02 -2.12146608e+00
 -4.81429539e-02 -2.13481077e+00
 8.87300594e-03 -2.14899809e+00
 -1.29959110e-02 -2.16407369e+00
 -1.07826885e-01 -2.18008788e+00
 -5.51587035e-02 -2.19709613e+00
 -7.38138555e-03 -2.21515972e+00
 -1.19221867e-02 -2.23434641e+00
 -6.92556036e-02 -2.25473126e+00
 -5.86377016e-02 -2.27639756e+00
 -7.12962630e-02 -2.29943791e+00
 -1.31273126e-01 -2.32395552e+00
 -9.32962814e-02 -2.35006567e+00
 1.41577519e-02 -2.37789748e+00
 -4.42951576e-03 -2.40759597e+00
 -4.92111717e-02 -2.43932452e+00
 9.57793716e-03 -2.47326781e+00
 -8.98130183e-02 -2.50963531e+00
 -1.08346757e-01 -2.54866552e+00
 -1.39531466e-01 -2.59063114e+00
 -1.29900627e-02 -2.63584525e+00
 -1.58234797e-01 -2.68466909e+00
 -8.87647417e-02 -2.73752148e+00
 -1.27564134e-01 -2.79489074e+00
 -6.83511760e-02 -2.85734951e+00
 -1.34918838e-01 -2.92557362e+00
 -1.40359081e-01 -3.00036622e+00
 -1.50983447e-01 -3.08268888e+00
 -1.63161681e-01 -3.17370230e+00
 -2.20102999e-01 -3.27482001e+00
 -2.09301576e-01 -3.38778026e+00
 -1.97989782e-01 -3.51474359e+00
 -3.40327392e-01 -3.65842705e+00
 -2.16419619e-01 -3.82229206e+00
 -1.94376278e-01 -4.01081177e+00
 -4.28641354e-01 -4.22985846e+00
 -5.36973220e-01 -4.48727590e+00
 -6.00781182e-01 -4.79374047e+00
 -7.90675304e-01 -5.16407777e+00
 -1.00913781e+00 -5.61929165e+00
 -1.16679458e+00 -6.18964277e+00
 -1.61739555e+00 -6.91891475e+00
 -2.24192836e+00 -7.86803721e+00
 -3.47521310e+00 -9.10444295e+00
 -5.87792732e+00 -1.05966435e+01
 -1.03991103e+01 -1.15746480e+01
 -1.78756213e+01 -8.09788264e+00
 -1.93504974e+01 2.96896974e+00
 -1.20366600e+01 8.56281047e+00
 -6.71564439e+00 8.12102497e+00
 -3.96839629e+00 6.62850155e+00
 -2.55690203e+00 5.32010637e+00
 -1.70794668e+00 4.30768020e+00
 -1.28291925e+00 3.53110623e+00
 -9.91811783e-01 2.92598278e+00
 -7.53881573e-01 2.44472974e+00
 -6.51141595e-01 2.05432329e+00
 -4.75521265e-01 1.73189326e+00
 -3.97102940e-01 1.46136435e+00
 -4.14784857e-01 1.23121384e+00
 -4.17851869e-01 1.03301434e+00
 -2.49821387e-01 8.60483009e-01
 -2.44935114e-01 7.08852171e-01
 -2.62222300e-01 5.74445028e-01
 -1.64771304e-01 4.54384166e-01
 -1.79868708e-01 3.46387605e-01
 -1.76220723e-01 2.48623578e-01
 -1.47880681e-01 1.59605429e-01
 -1.21026923e-01 7.81144039e-02
 -2.12197967e-01 3.14211672e-03
 -1.57177934e-01 -6.61528648e-02
 -2.68918521e-02 -1.30478181e-01
 -8.69624550e-02 -1.90433288e-01
 -1.40929457e-01 -2.46529441e-01
 -5.40758754e-02 -2.99205425e-01
 -1.66048601e-02 -3.48840069e-01
 -5.73134688e-02 -3.95762263e-01
 -1.28451346e-01 -4.40259050e-01
 -6.40352328e-02 -4.82582210e-01
 -4.27703306e-02 -5.22953649e-01
 -3.73992194e-02 -5.61569842e-01
 3.71627404e-03 -5.98605519e-01
 -4.31472479e-02 -6.34216737e-01
 -4.68789143e-02 -6.68543458e-01
 -2.48381205e-02 -7.01711721e-01
 -1.22483967e-01 -7.33835483e-01
 -2.59026671e-02 -7.65018192e-01
 -4.79566463e-02 -7.95354119e-01
 -2.52148025e-02 -8.24929519e-01
 -3.83173995e-03 -8.53823622e-01
 -8.46012535e-02 -8.82109498e-01
 1.39374566e-02 -9.09854809e-01
 -2.59597799e-02 -9.37122464e-01
 -4.78093402e-02 -9.63971201e-01
 -8.56762943e-02 -9.90456099e-01
 -6.08243245e-02 -1.01662903e+00
 -5.82032483e-02 -1.04253905e+00
 1.92819324e-02 -1.06823279e+00
 -6.67792639e-02 -1.09375478e+00
 -8.12345744e-02 -1.11914770e+00
 -1.73333290e-02 -1.14445272e+00
 -7.18951489e-02 -1.16970970e+00
 -2.07460287e-02 -1.19495745e+00
 -7.55045587e-02 -1.22023393e+00
 -1.53819132e-01 -1.24557646e+00
 -3.33604862e-02 -1.27102192e+00
 -6.26614656e-02 -1.29660694e+00
 -2.95012022e-02 -1.32236807e+00
 -1.36921368e-01 -1.34834197e+00
 -1.30183026e-01 -1.37456556e+00
 -1.10994653e-03 -1.40107625e+00
 -4.40703501e-02 -1.42791206e+00
 -1.06613994e-01 -1.45511185e+00
 -3.45442004e-02 -1.48271548e+00
 -7.01440369e-02 -1.51076401e+00
 -9.55428583e-02 -1.53929992e+00
 -5.22158138e-03 -1.56836730e+00
 -5.60106920e-03 -1.59801213e+00
 -8.46848466e-02 -1.62828246e+00
 -7.78337567e-02 -1.65922875e+00
 1.84003953e-02 -1.69090409e+00
 -1.54435664e-01 -1.72336459e+00
 -4.50385293e-02 -1.75666967e+00
 -7.11827628e-02 -1.79088245e+00
 -9.90501868e-03 -1.82607021e+00
 -6.94569088e-02 -1.86230483e+00
 -6.83333028e-02 -1.89966331e+00
 -5.02997757e-02 -1.93822836e+00
 -5.30151709e-02 -1.97808906e+00
 -1.46450440e-02 -2.01934161e+00
 -1.14304590e-01 -2.06209013e+00
 -2.25356432e-01 -2.10644764e+00
 -1.21985176e-01 -2.15253711e+00
 -6.03634975e-02 -2.20049271e+00
 -1.07924448e-01 -2.25046118e+00
 -7.49224070e-02 -2.30260347e+00
 -1.09724840e-01 -2.35709659e+00
 -8.17230091e-02 -2.41413577e+00
 -1.14132925e-01 -2.47393694e+00
 -1.32875416e-01 -2.53673964e+00
 -5.91491401e-02 -2.60281046e+00
 -1.46243135e-01 -2.67244703e+00
 -2.37765009e-01 -2.74598276e+00
 -2.12018141e-01 -2.82379245e+00
 -1.20108437e-01 -2.90629905e+00
 -1.86220352e-01 -2.99398164e+00
 -1.40067686e-01 -3.08738518e+00
 -7.50855274e-02 -3.18713228e+00
 -1.81480540e-01 -3.29393754e+00
 -2.39282789e-01 -3.40862525e+00
 -2.10300574e-01 -3.53215121e+00
 -2.38336134e-01 -3.66563003e+00
 -3.53503711e-01 -3.81036934e+00
 -2.71491785e-01 -3.96791331e+00
 -3.32792656e-01 -4.14009821e+00
 -4.21414714e-01 -4.32912435e+00
 -3.95936217e-01 -4.53765001e+00
 -3.57282267e-01 -4.76891560e+00
 -5.81537760e-01 -5.02690983e+00
 -4.60813028e-01 -5.31659500e+00
 -6.10624927e-01 -5.64421684e+00
 -7.65352434e-01 -6.01773707e+00
 -9.09689375e-01 -6.44744670e+00
 -1.00735161e+00 -6.94684954e+00
 -1.27342792e+00 -7.53395397e+00
 -1.42127487e+00 -8.23318392e+00
 -1.77940126e+00 -9.07821542e+00
 -2.42147028e+00 -1.01161088e+01
 -3.14313889e+00 -1.14128431e+01
 -4.28242436e+00 -1.30583780e+01
 -6.15117765e+00 -1.51592195e+01
 -9.32320101e+00 -1.77570611e+01
 -1.54504328e+01 -2.03738398e+01
 -2.66597016e+01 -1.99760600e+01
 -3.93861896e+01 -7.63334873e+00
 -3.57120454e+01 1.26138311e+01
 -2.19578108e+01 1.95677069e+01
 -1.28813147e+01 1.82115173e+01
 -8.02591474e+00 1.54741974e+01
 -5.48085852e+00 1.30508941e+01
 -3.74535573e+00 1.11279572e+01
 -2.85552935e+00 9.62087268e+00
 -2.19041346e+00 8.42663785e+00
 -1.74066066e+00 7.46448423e+00
 -1.45520087e+00 6.67607444e+00
 -1.22909210e+00 6.01981045e+00
 -9.89379619e-01 5.46579030e+00
 -8.83823436e-01 4.99219639e+00
 -7.12470038e-01 4.58284071e+00
 -5.01283975e-01 4.22551048e+00
 -5.50608557e-01 3.91084548e+00
 -5.59217549e-01 3.63156596e+00
 -4.58367314e-01 3.38193355e+00
 -4.75162809e-01 3.15736880e+00
 -3.16172915e-01 2.95417574e+00
 -3.57455085e-01 2.76934047e+00
 -2.88791556e-01 2.60038194e+00
 -1.94573410e-01 2.44523986e+00
 -2.81636181e-01 2.30218958e+00
 -2.71574970e-01 2.16977666e+00
 -1.66250856e-01 2.04676606e+00
 -1.68734769e-01 1.93210234e+00
 -1.42622297e-01 1.82487811e+00
 -2.19363942e-01 1.72430892e+00
 -2.73745134e-01 1.62971304e+00
 -1.17148034e-01 1.54049505e+00
 -1.20341464e-01 1.45613254e+00
 -2.40301216e-01 1.37616505e+00
 -8.77349920e-02 1.30018507e+00
 -2.11866092e-01 1.22783049e+00
 -1.63385500e-01 1.15877828e+00
 -6.13100815e-02 1.09273922e+00
 -2.03774397e-01 1.02945345e+00
 -2.89153579e-02 9.68686629e-01
 6.54129853e-03 9.10226754e-01
 -5.19855250e-02 8.53881376e-01
 -7.55249917e-02 7.99475229e-01
 5.37335115e-03 7.46848181e-01
 -3.48212097e-02 6.95853451e-01
 -9.40000726e-02 6.46356071e-01
 -8.15259257e-02 5.98231530e-01
 -2.77166403e-02 5.51364595e-01
 -9.22523958e-02 5.05648266e-01
 -5.42410952e-02 4.60982856e-01
 -1.27332262e-01 4.17275176e-01
 -1.08164568e-01 3.74437805e-01
 -1.17854245e-02 3.32388442e-01
 -3.97624761e-03 2.91049317e-01
 -1.20474159e-01 2.50346667e-01
 6.81320192e-03 2.10210252e-01
 -4.56337556e-02 1.70572919e-01
 -3.95065543e-02 1.31370200e-01
 -1.25308091e-01 9.25399413e-02
 -1.87746498e-01 5.40219546e-02
 -3.20992322e-02 1.57576955e-02
 -1.63495658e-02 -2.23100441e-02
 -6.71389371e-02 -6.02374280e-02
 -3.36586483e-03 -9.80798567e-02
 -4.31160723e-02 -1.35892240e-01
 -4.49659951e-02 -1.73729265e-01
 -8.79089675e-03 -2.11645661e-01
 -2.14188805e-02 -2.49696464e-01
 -6.23665455e-02 -2.87937285e-01
 -7.54415141e-02 -3.26424583e-01
 -7.71902748e-02 -3.65215949e-01
 -1.09917138e-01 -4.04370398e-01
 4.07512521e-02 -4.43948674e-01
 -1.16351396e-01 -4.84013583e-01
 -1.34720403e-02 -5.24630336e-01
 -7.90896508e-02 -5.65866921e-01
 -5.18347093e-02 -6.07794516e-01
 -1.27047548e-01 -6.50487920e-01
 -8.28508949e-02 -6.94026042e-01
 -4.40670955e-02 -7.38492431e-01
 -1.12790935e-01 -7.83975863e-01
 -1.84112700e-01 -8.30570997e-01
 -1.12656860e-01 -8.78379103e-01
 -2.32281055e-02 -9.27508885e-01
 -6.01789796e-02 -9.78077397e-01
 -1.01234505e-01 -1.03021110e+00
 -1.35096748e-01 -1.08404702e+00
 -4.30437468e-02 -1.13973412e+00
 -5.89230800e-02 -1.19743485e+00
 -1.26780724e-01 -1.25732687e+00
 -1.29227064e-01 -1.31960516e+00
 -6.23078951e-02 -1.38448429e+00
 -9.50595503e-02 -1.45220127e+00
 -1.50824360e-01 -1.52301863e+00
 -1.13787793e-01 -1.59722826e+00
 -1.40088566e-01 -1.67515574e+00
 -1.52878181e-01 -1.75716559e+00
 -1.51012805e-01 -1.84366742e+00
 -1.81787758e-01 -1.93512335e+00
 -1.37931854e-01 -2.03205679e+00
 -1.50600322e-01 -2.13506319e+00
 -2.55402715e-01 -2.24482295e+00
 -1.63237762e-01 -2.36211732e+00
 -2.74582760e-01 -2.48784781e+00
 -2.46261885e-01 -2.62306040e+00
 -2.93226504e-01 -2.76897559e+00
 -3.11038837e-01 -2.92702630e+00
 -3.29797503e-01 -3.09890595e+00
 -3.52362909e-01 -3.28663002e+00
 -5.77788466e-01 -3.49261569e+00
 -4.54514529e-01 -3.71978580e+00
 -4.61243345e-01 -3.97170646e+00
 -4.91169127e-01 -4.25277085e+00
 -6.79060892e-01 -4.56844829e+00
 -7.42888497e-01 -4.92562596e+00
 -9.03574546e-01 -5.33308421e+00
 -1.06266689e+00 -5.80216662e+00
 -1.22253895e+00 -6.34773610e+00
 -1.41480727e+00 -6.98955156e+00
 -1.82243963e+00 -7.75425169e+00
 -2.28882759e+00 -8.67816140e+00
 -2.88149937e+00 -9.81098496e+00
 -3.74616099e+00 -1.12194729e+01
 -5.30994176e+00 -1.29856811e+01
 -7.56084514e+00 -1.51751263e+01
 -1.17657495e+01 -1.76664846e+01
 -1.91494903e+01 -1.93963143e+01
 -3.10454049e+01 -1.59239898e+01
 -3.96777150e+01 -2.75639763e-01
 -3.19236244e+01 1.61005290e+01
 -1.99020917e+01 2.02355636e+01
 -1.21394129e+01 1.86717415e+01
 -7.78729223e+00 1.61885711e+01
 -5.38258581e+00 1.39769840e+01
 -3.89044580e+00 1.21878419e+01
 -2.92728945e+00 1.07608891e+01
 -2.26507123e+00 9.61404242e+00
 -1.83620720e+00 8.67962089e+00
 -1.46624444e+00 7.90704095e+00
 -1.22863131e+00 7.25930429e+00
 -1.11035611e+00 6.70928421e+00
 -9.39882969e-01 6.23687238e+00
 -7.61099884e-01 5.82695479e+00
 -7.03228423e-01 5.46800566e+00
 -5.69237370e-01 5.15111078e+00
 -5.36489507e-01 4.86928342e+00
 -4.91363554e-01 4.61697930e+00
 -4.52163809e-01 4.38974812e+00
 -3.82340452e-01 4.18397983e+00
 -3.74589325e-01 3.99671743e+00
 -3.33796892e-01 3.82551701e+00
 -3.08486518e-01 3.66834201e+00
 -3.24315812e-01 3.52348229e+00
 -2.51853101e-01 3.38949164e+00
 -2.06491754e-01 3.26513896e+00
 -3.12956963e-01 3.14936986e+00
 -2.44241158e-01 3.04127612e+00
 -1.79181377e-01 2.94007123e+00
 -1.57016585e-01 2.84507067e+00
 -1.39795260e-01 2.75567587e+00
 -1.01249220e-01 2.67136108e+00
 -1.10049473e-01 2.59166258e+00
 -1.40115994e-01 2.51616974e+00
 -3.28321668e-02 2.44451754e+00
 -7.34501199e-02 2.37638034e+00
 -2.31294076e-01 2.31146664e+00
 -1.72181895e-01 2.24951462e+00
 -1.02108033e-01 2.19028840e+00
 -1.46598578e-01 2.13357475e+00
 -2.95707039e-02 2.07918042e+00
 -1.28455891e-01 2.02692970e+00
 -7.35160064e-02 1.97666241e+00
 -1.94637087e-01 1.92823208e+00
 -1.10447202e-01 1.88150446e+00
 -1.23659341e-01 1.83635612e+00
 -1.14842516e-01 1.79267331e+00
 -1.03107785e-01 1.75035089e+00
 -1.08093701e-01 1.70929142e+00
 -1.84476806e-02 1.66940434e+00
 -5.82005569e-02 1.63060529e+00
 -5.12241355e-02 1.59281541e+00
 -5.78521838e-02 1.55596081e+00
 -1.46688670e-02 1.51997201e+00
 -3.92537391e-02 1.48478353e+00
 -2.31640021e-03 1.45033342e+00
 -6.98247745e-02 1.41656290e+00
 -1.03386494e-01 1.38341599e+00
 -1.32965615e-01 1.35083922e+00
 -2.20428835e-02 1.31878131e+00
 -7.64586895e-02 1.28719288e+00
 -1.00414901e-01 1.25602624e+00
 -6.66338751e-02 1.22523509e+00
 -2.40478233e-02 1.19477432e+00
 -7.09684642e-02 1.16459978e+00
 -3.42463230e-02 1.13466808e+00
 -9.88329382e-06 1.10493634e+00
 -4.84896311e-02 1.07536205e+00
 -5.64174287e-02 1.04590280e+00
 -6.13725229e-02 1.01651611e+00
 -2.41262841e-03 9.87159226e-01
 -5.38328399e-02 9.57788872e-01
 -9.14498279e-02 9.28361068e-01
 4.91712633e-02 8.98830877e-01
 -1.14358359e-02 8.69152165e-01
 -4.37209464e-02 8.39277341e-01
 -8.83183790e-02 8.09157080e-01
 -6.82314728e-02 7.78740018e-01
 -1.33897959e-01 7.47972430e-01
 -1.25799139e-01 7.16797864e-01
 -1.29951393e-01 6.85156748e-01
 -5.83395677e-02 6.52985950e-01
 -1.01820777e-01 6.20218288e-01
 -4.66318776e-02 5.86781979e-01
 -8.75878805e-02 5.52600021e-01
 -1.33298144e-01 5.17589494e-01
 -6.44991827e-02 4.81660764e-01
 -7.72561223e-02 4.44716576e-01
 -1.48415081e-01 4.06651011e-01
 -8.97033250e-02 3.67348296e-01
 -1.61083189e-01 3.26681412e-01
 -1.09296002e-01 2.84510494e-01
 -7.61558924e-02 2.40680957e-01
 -1.67909398e-01 1.95021304e-01
 -5.15281455e-02 1.47340546e-01
 -1.28330511e-01 9.74251525e-02
 -9.90241278e-02 4.50354328e-02
 -1.31363831e-01 -1.00987916e-02
 -1.47785188e-01 -6.82833772e-02
 -1.31687060e-01 -1.29866128e-01
 -8.40389386e-02 -1.95244409e-01
 -1.92157257e-01 -2.64874455e-01
 -1.96333295e-01 -3.39282823e-01
 -2.02044664e-01 -4.19080583e-01
 -2.09896197e-01 -5.04981050e-01
 -2.36378769e-01 -5.97822084e-01
 -2.90999094e-01 -6.98594413e-01
 -3.50572736e-01 -8.08477907e-01
 -2.42303579e-01 -9.28888494e-01
 -2.95184187e-01 -1.06153945e+00
 -4.11006915e-01 -1.20852236e+00
 -4.09663260e-01 -1.37241520e+00
 -3.52651250e-01 -1.55642851e+00
 -5.77834046e-01 -1.76460512e+00
 -5.87017885e-01 -2.00209658e+00
 -7.41254533e-01 -2.27554947e+00
 -7.20596163e-01 -2.59364911e+00
 -9.16452028e-01 -2.96788487e+00
 -1.18195805e+00 -3.41360938e+00
 -1.44373682e+00 -3.95141989e+00
 -1.87817883e+00 -4.60862699e+00
 -2.45000597e+00 -5.41946894e+00
 -3.39072920e+00 -6.41837629e+00
 -4.97373524e+00 -7.60345026e+00
 -7.76413047e+00 -8.78070314e+00
 -1.22598475e+01 -8.99170123e+00
 -1.85760986e+01 -5.36839463e+00
 -2.06385618e+01 3.67761766e+00
 -1.55144560e+01 1.04438221e+01
 -9.83233080e+00 1.17133178e+01
 -6.19792672e+00 1.08242620e+01
 -4.20510675e+00 9.59778321e+00
 -2.90973205e+00 8.50129795e+00
 -2.08066314e+00 7.60074693e+00
 -1.62090165e+00 6.87215540e+00
 -1.23458802e+00 6.27960463e+00
 -9.39925715e-01 5.79218625e+00
 -8.55794638e-01 5.38610621e+00
 -6.38982102e-01 5.04356711e+00
 -5.72919501e-01 4.75128843e+00
 -5.12926944e-01 4.49928471e+00
 -5.62849595e-01 4.27996224e+00
 -3.88786329e-01 4.08747316e+00
 -3.25742011e-01 3.91725702e+00
 -3.02638051e-01 3.76571398e+00
 -2.67965969e-01 3.62996987e+00
 -2.59211756e-01 3.50770531e+00
 -1.73183110e-01 3.39703007e+00
 -2.51167545e-01 3.29638950e+00
 -2.40008612e-01 3.20449410e+00
 -1.84914011e-01 3.12026590e+00
 -2.26663558e-01 3.04279720e+00
 -1.42395024e-01 2.97131851e+00
 -1.12470692e-01 2.90517343e+00
 -1.56454124e-01 2.84379878e+00
 -8.91355189e-02 2.78670872e+00
 -9.90916581e-02 2.73348201e+00
 -1.41304837e-01 2.68375169e+00
 -8.09933342e-02 2.63719668e+00
 -1.52955676e-01 2.59353488e+00
 -1.25629671e-01 2.55251746e+00
 -1.73643815e-01 2.51392414e+00
 -2.70397518e-02 2.47755925e+00
 -1.23256779e-01 2.44324843e+00
 -8.71495394e-02 2.41083581e+00
 -3.14513342e-02 2.38018167e+00
 -7.68445557e-02 2.35116043e+00
 -2.79746348e-02 2.32365893e+00
 8.42286154e-03 2.29757496e+00
 -2.32701181e-02 2.27281602e+00
 -2.27898280e-02 2.24929818e+00
 -3.47616966e-02 2.22694517e+00
 -7.79014016e-02 2.20568755e+00
 3.04523695e-02 2.18546199e+00
 1.27653837e-03 2.16621065e+00
 -7.28292007e-02 2.14788062e+00
 1.47664746e-02 2.13042346e+00
 1.88547030e-02 2.11379475e+00
 -6.78627140e-02 2.09795374e+00
 -9.79958474e-02 2.08286300e+00
 -4.39081037e-02 2.06848815e+00
 -3.00671940e-02 2.05479756e+00
 -4.15462619e-02 2.04176217e+00
 -6.79855178e-02 2.02935525e+00
 -7.93281825e-02 2.01755225e+00
 2.70686312e-02 2.00633060e+00
 -6.34399001e-02 1.99566958e+00
 -1.03306815e-01 1.98555022e+00
 2.62757544e-02 1.97595516e+00
 3.19904738e-03 1.96686855e+00
 -1.45223004e-02 1.95827598e+00
 -6.52260476e-02 1.95016437e+00
 3.88849217e-02 1.94252195e+00
 -5.57200793e-02 1.93533817e+00
 4.61338480e-02 1.92860365e+00
 4.34152379e-02 1.92231017e+00
 6.22018939e-03 1.91645061e+00
 3.69031854e-02 1.91101892e+00
 1.75615932e-02 1.90601012e+00
 1.45834272e-01 1.90142031e+00
 4.09797895e-02 1.89724662e+00
 1.05796590e-02 1.89348724e+00
 -3.51453972e-02 1.89014144e+00
 -5.66386017e-02 1.88720960e+00
 1.18212449e-02 1.88469321e+00
 2.93914171e-02 1.88259492e+00
 1.48609544e-02 1.88091862e+00
 4.82980393e-02 1.87966947e+00
 -8.88395090e-03 1.87885399e+00
 -1.22995391e-02 1.87848013e+00
 1.25976367e-02 1.87855741e+00
 3.00589151e-02 1.87909700e+00
 6.72508601e-03 1.88011191e+00
 -2.70052164e-02 1.88161711e+00
 9.81053597e-02 1.88362976e+00
 9.65863556e-02 1.88616944e+00
 2.55899930e-02 1.88925837e+00
 -1.23391249e-02 1.89292177e+00
 1.19225496e-02 1.89718819e+00
 -9.09332952e-03 1.90208995e+00
 -5.25439342e-02 1.90766362e+00
 -1.10712440e-02 1.91395060e+00
 -5.10959491e-02 1.92099787e+00
 -7.30199917e-02 1.92885870e+00
 -4.89264893e-02 1.93759374e+00
 4.57265553e-02 1.94727213e+00
 -1.24334349e-03 1.95797292e+00
 5.90726583e-02 1.96978678e+00
 1.59036450e-01 1.98281809e+00
 5.72491369e-02 1.99718743e+00
 1.18862703e-01 2.01303480e+00
 6.77937220e-02 2.03052341e+00
 -2.73372620e-02 2.04984460e+00
 1.57085386e-03 2.07122393e+00
 8.31995850e-02 2.09492893e+00
 4.05918281e-02 2.12127910e+00
 1.45253335e-02 2.15065871e+00
 1.32314554e-01 2.18353365e+00
 5.89100916e-02 2.22047355e+00
 8.25234550e-02 2.26218134e+00
 1.14435147e-01 2.30953305e+00
 1.49320695e-01 2.36363192e+00
 1.81507740e-01 2.42588273e+00
 2.17193083e-01 2.49809447e+00
 1.71249720e-01 2.58262203e+00
 3.18081929e-01 2.68255903e+00
 2.65006333e-01 2.80198806e+00
 4.02845541e-01 2.94626083e+00
 6.29932711e-01 3.12214682e+00
 7.41896846e-01 3.33720081e+00
 1.05350748e+00 3.59592840e+00
 1.45010816e+00 3.88386705e+00
 2.31439528e+00 4.10873537e+00
 3.60850674e+00 3.92556086e+00
 4.94915058e+00 2.61279088e+00
 4.90706875e+00 3.99199484e-01
 3.49319121e+00 -8.76531039e-01
 2.28116976e+00 -1.04134046e+00
 1.57057447e+00 -8.12582553e-01
 1.05403340e+00 -5.24740789e-01
 6.74139172e-01 -2.66520611e-01
 5.56265279e-01 -5.15274031e-02
 4.82232114e-01 1.24871037e-01
 3.24658500e-01 2.70189902e-01
 2.77892345e-01 3.91136081e-01
 2.77279146e-01 4.93008003e-01
 2.20927505e-01 5.79848467e-01
 1.45739732e-01 6.54722635e-01
 6.89743617e-02 7.19965423e-01
 1.27020119e-02 7.77371977e-01
 1.51667331e-01 8.28337648e-01
 8.73482695e-02 8.73959426e-01
 1.39559677e-01 9.15109423e-01
 4.11239681e-02 9.52488430e-01
 2.48757288e-02 9.86665293e-01
 7.31207100e-02 1.01810616e+00
 7.39472798e-02 1.04719644e+00
 1.48643519e-01 1.07425743e+00
 5.31654352e-02 1.09955913e+00
 4.76279476e-02 1.12333003e+00
 9.25411957e-02 1.14576491e+00
 5.09404117e-02 1.16703086e+00
 2.73526585e-03 1.18727211e+00
 -1.01112226e-02 1.20661395e+00
 1.57753745e-01 1.22516576e+00
 2.62074208e-02 1.24302364e+00
 2.05569731e-02 1.26027241e+00
 8.86104223e-02 1.27698738e+00
 1.38939755e-01 1.29323572e+00
 4.14127595e-02 1.30907765e+00
 6.81072349e-02 1.32456746e+00
 1.22441840e-02 1.33975429e+00
 8.57656498e-02 1.35468290e+00
 1.92183066e-02 1.36939420e+00
 -2.64285826e-03 1.38392584e+00
 -1.93466376e-02 1.39831259e+00
 6.01512393e-02 1.41258678e+00
 9.50580522e-02 1.42677857e+00
 9.83488076e-02 1.44091631e+00
 9.35234091e-02 1.45502675e+00
 8.24993051e-02 1.46913528e+00
 9.28807639e-02 1.48326614e+00
 3.57129283e-02 1.49744260e+00
 3.10902525e-02 1.51168710e+00
 5.92525149e-02 1.52602146e+00
 -9.01970157e-02 1.54046693e+00
 -9.43719771e-02 1.55504440e+00
 1.79081451e-02 1.56977446e+00
 2.86303928e-03 1.58467754e+00
 5.04722920e-02 1.59977400e+00
 6.86825734e-02 1.61508425e+00
 2.41690085e-02 1.63062885e+00
 4.40741184e-02 1.64642857e+00
 6.44243212e-02 1.66250453e+00
 4.27436180e-02 1.67887829e+00
 8.81661495e-02 1.69557191e+00
 7.92622595e-02 1.71260811e+00
 -3.28520398e-02 1.73001033e+00
 3.43418420e-02 1.74780284e+00
 5.52696245e-03 1.76601088e+00
 -2.13216084e-03 1.78466077e+00
 2.23970820e-04 1.80377999e+00
 5.80716962e-02 1.82339742e+00
 7.96406193e-02 1.84354336e+00
 9.81424487e-02 1.86424979e+00
 -6.85155599e-02 1.88555048e+00
 1.59391213e-02 1.90748123e+00
 -2.95712207e-03 1.93008000e+00
 8.01450760e-02 1.95338722e+00
 4.44723854e-02 1.97744597e+00
 4.52988366e-03 2.00230230e+00
 5.48410610e-02 2.02800549e+00
 -8.05272159e-02 2.05460844e+00
 -6.58607863e-05 2.08216800e+00
 3.89016727e-02 2.11074543e+00
 8.29601030e-02 2.14040683e+00
 1.34177785e-01 2.17122373e+00
 1.34020818e-01 2.20327363e+00
 9.52734052e-02 2.23664073e+00
 1.30738599e-01 2.27141667e+00
 1.55753610e-01 2.30770141e+00
 1.93013853e-01 2.34560426e+00
 2.86393350e-02 2.38524498e+00
 6.31772673e-02 2.42675514e+00
 8.63349516e-02 2.47027961e+00
 1.26124814e-01 2.51597833e+00
 9.12166910e-02 2.56402833e+00
 1.58443645e-01 2.61462613e+00
 1.72172552e-01 2.66799050e+00
 7.22262011e-02 2.72436569e+00
 1.34665270e-01 2.78402534e+00
 1.95273358e-01 2.84727697e+00
 1.15866952e-01 2.91446742e+00
 2.00356316e-01 2.98598936e+00
 1.11258688e-01 3.06228906e+00
 1.90628494e-01 3.14387581e+00
 1.75650740e-01 3.23133345e+00
 2.53929776e-01 3.32533434e+00
 2.23532422e-01 3.42665673e+00
 2.53394615e-01 3.53620617e+00
 2.47805956e-01 3.65504238e+00
 2.44423047e-01 3.78441299e+00
 3.50207187e-01 3.92579649e+00
 3.72870840e-01 4.08095711e+00
 4.54676213e-01 4.25201583e+00
 4.62761820e-01 4.44154291e+00
 5.48410498e-01 4.65267979e+00
 5.79770423e-01 4.88930099e+00
 6.07159647e-01 5.15623130e+00
 8.34326337e-01 5.45953932e+00
 9.47124858e-01 5.80693623e+00
 1.00841777e+00 6.20831739e+00
 1.30934595e+00 6.67648959e+00
 1.59913409e+00 7.22811152e+00
 1.99062349e+00 7.88478616e+00
 2.46084606e+00 8.67390506e+00
 3.24192347e+00 9.62768046e+00
 4.36785531e+00 1.07748589e+01
 6.22690398e+00 1.21061454e+01
 8.98299254e+00 1.34491143e+01
 1.39003067e+01 1.40617514e+01
 2.05465014e+01 1.17261653e+01
 2.59370125e+01 3.49502376e+00
 2.36319479e+01 -6.74611511e+00
 1.66506034e+01 -1.15352945e+01
 1.08966829e+01 -1.18541225e+01
 7.36806411e+00 -1.06895973e+01
 5.10740642e+00 -9.31587692e+00
 3.66103896e+00 -8.08197432e+00
 2.88614242e+00 -7.04506073e+00
 2.18050060e+00 -6.18644728e+00
 1.80868505e+00 -5.47378541e+00
 1.50233090e+00 -4.87729521e+00
 1.16446947e+00 -4.37291294e+00
 1.05492167e+00 -3.94195086e+00
 8.39265107e-01 -3.57003795e+00
 7.60425010e-01 -3.24609887e+00
 7.02704796e-01 -2.96153584e+00
 5.92814894e-01 -2.70961136e+00
 4.96620789e-01 -2.48499206e+00
 4.35468419e-01 -2.28341302e+00
 4.62944760e-01 -2.10143013e+00
 3.88906687e-01 -1.93623598e+00
 3.65301533e-01 -1.78552190e+00
 2.98167726e-01 -1.64737360e+00
 2.52350367e-01 -1.52019147e+00
 3.40529549e-01 -1.40262915e+00
 3.03021978e-01 -1.29354571e+00
 2.92474970e-01 -1.19196818e+00
 1.70242224e-01 -1.09706181e+00
 1.89053979e-01 -1.00810649e+00
 2.80253456e-01 -9.24477638e-01
 1.98108788e-01 -8.45630867e-01
 1.86809650e-01 -7.71089416e-01
 9.58398747e-02 -7.00433870e-01
 1.36370474e-01 -6.33293675e-01
 1.31688209e-01 -5.69340098e-01
 1.50837410e-01 -5.08280350e-01
 9.48188849e-02 -4.49852663e-01
 1.17180430e-01 -3.93822139e-01
 1.40809007e-01 -3.39977229e-01
 1.41527070e-01 -2.88126744e-01
 1.15184506e-01 -2.38097302e-01
 2.21590696e-01 -1.89731129e-01
 8.57907663e-02 -1.42884170e-01
 1.05766881e-01 -9.74244570e-02
 5.58884741e-02 -5.32306829e-02
 1.05798420e-01 -1.01909648e-02
 8.48970834e-02 3.17982415e-02
 1.02203473e-01 7.28330959e-02
 7.24636004e-02 1.13003216e-01
 1.10777955e-01 1.52392423e-01
 1.02872657e-01 1.91079406e-01
 1.34448257e-01 2.29138319e-01
 3.53416123e-02 2.66639307e-01
 8.56714909e-02 3.03648998e-01
 6.98657657e-02 3.40230929e-01
 7.63425013e-02 3.76445956e-01
 8.18237485e-02 4.12352613e-01
 9.72994174e-02 4.48007451e-01
 9.39318744e-02 4.83465358e-01
 -2.67748504e-03 5.18779852e-01
 7.54599508e-02 5.54003362e-01
 5.42483328e-02 5.89187492e-01
 9.33246916e-02 6.24383285e-01
 9.48694374e-02 6.59641467e-01
 1.48688590e-02 6.95012694e-01
 6.36069888e-02 7.30547798e-01
 5.49801791e-02 7.66298029e-01
 1.29377235e-01 8.02315303e-01
 1.21299650e-01 8.38652454e-01
 7.07847812e-02 8.75363493e-01
 1.18083699e-01 9.12503883e-01
 1.19604890e-01 9.50130818e-01
 2.79840188e-02 9.88303531e-01
 1.01932346e-01 1.02708361e+00
 1.04164911e-01 1.06653534e+00
 1.59483133e-01 1.10672610e+00
 1.64233884e-01 1.14772672e+00
 1.93060392e-01 1.18961198e+00
 6.42142563e-02 1.23246106e+00
 1.10194401e-01 1.27635811e+00
 1.25505502e-01 1.32139280e+00
 1.62952695e-01 1.36766104e+00
 1.50063436e-01 1.41526569e+00
 1.72155462e-01 1.46431741e+00
 7.61611459e-02 1.51493560e+00
 1.45740887e-01 1.56724946e+00
 4.56779572e-02 1.62139921e+00
 1.85629799e-01 1.67753746e+00
 1.13265273e-01 1.73583077e+00
 1.45503115e-01 1.79646152e+00
 1.34608204e-01 1.85962990e+00
 2.23234543e-01 1.92555638e+00
 2.22068240e-01 1.99448448e+00
 1.12313200e-01 2.06668402e+00
 1.33697253e-01 2.14245491e+00
 1.79751420e-01 2.22213163e+00
 1.66913941e-01 2.30608847e+00
 2.89893592e-01 2.39474580e+00
 2.58904185e-01 2.48857745e+00
 2.78964204e-01 2.58811964e+00
 2.36736707e-01 2.69398167e+00
 2.74720228e-01 2.80685880e+00
 2.97655759e-01 2.92754807e+00
 3.27923712e-01 3.05696750e+00
 3.30322088e-01 3.19617990e+00
 4.74016574e-01 3.34642231e+00
 3.61795256e-01 3.50914280e+00
 4.71271302e-01 3.68604694e+00
 5.28008040e-01 3.87915659e+00
 6.03713440e-01 4.09088524e+00
 5.82357603e-01 4.32413531e+00
 6.95393914e-01 4.58242463e+00
 7.61259591e-01 4.87005270e+00
 9.15651593e-01 5.19232069e+00
 1.05822299e+00 5.55582464e+00
 1.11566814e+00 5.96884836e+00
 1.37996066e+00 6.44188954e+00
 1.60135516e+00 6.98835830e+00
 1.88519198e+00 7.62547782e+00
 2.34496096e+00 8.37535775e+00
 2.91114828e+00 9.26599099e+00
 3.67807089e+00 1.03312015e+01
 4.80628423e+00 1.16062609e+01
 6.57964303e+00 1.31084662e+01
 9.21911956e+00 1.47680105e+01
 1.34313447e+01 1.62018774e+01
 2.01044307e+01 1.60777600e+01
 2.85072741e+01 1.12216118e+01
 3.31038509e+01 -4.15668762e-01
 2.80941030e+01 -1.17198788e+01
 1.96804554e+01 -1.61533724e+01
 1.31385831e+01 -1.61087392e+01
 8.96135598e+00 -1.46415908e+01
 6.35493536e+00 -1.29907562e+01
 4.77698040e+00 -1.15060573e+01
 3.60161484e+00 -1.02478504e+01
 2.79443094e+00 -9.19674544e+00
 2.33003715e+00 -8.31744755e+00
 1.86526510e+00 -7.57659269e+00
 1.63564025e+00 -6.94667888e+00
 1.27601453e+00 -6.40600737e+00
 1.09571993e+00 -5.93767466e+00
 1.16307225e+00 -5.52851323e+00
 9.15902853e-01 -5.16820843e+00
 8.40411395e-01 -4.84861498e+00
 7.25537771e-01 -4.56324231e+00
 6.12150516e-01 -4.30687035e+00
 5.18388806e-01 -4.07526245e+00
 5.22763200e-01 -3.86494997e+00
 5.36300628e-01 -3.67306939e+00
 4.27011558e-01 -3.49723820e+00
 4.53970627e-01 -3.33545945e+00
 4.39590387e-01 -3.18604779e+00
 3.42734651e-01 -3.04757162e+00
 3.22714508e-01 -2.91880745e+00
 2.87687843e-01 -2.79870374e+00
 3.11737197e-01 -2.68635179e+00
 1.69243152e-01 -2.58096245e+00
 2.47499522e-01 -2.48184703e+00
 2.31436594e-01 -2.38840187e+00
 2.22551531e-01 -2.30009552e+00
 2.62738503e-01 -2.21645823e+00
 1.33165829e-01 -2.13707314e+00
 1.28548721e-01 -2.06156900e+00
 1.54328005e-01 -1.98961397e+00
 1.84372304e-01 -1.92091040e+00
 1.61768945e-01 -1.85519048e+00
 1.56671895e-01 -1.79221245e+00
 1.26837427e-01 -1.73175736e+00
 1.26680790e-01 -1.67362637e+00
 8.17378031e-02 -1.61763832e+00
 6.20929594e-02 -1.56362769e+00
 1.62194141e-01 -1.51144282e+00
 4.48835629e-02 -1.46094432e+00
 5.12988400e-02 -1.41200374e+00
 6.48066489e-02 -1.36450235e+00
 1.15711196e-01 -1.31833009e+00
 8.47226079e-02 -1.27338464e+00
 1.20408975e-01 -1.22957058e+00
 3.67319549e-02 -1.18679865e+00
 5.16849992e-02 -1.14498511e+00
 7.70316393e-02 -1.10405113e+00
 1.86783170e-01 -1.06392226e+00
 -1.61159807e-03 -1.02452794e+00
 1.26442234e-01 -9.85801053e-01
 3.91590107e-03 -9.47677556e-01
 1.80139445e-01 -9.10096071e-01
 1.36490102e-01 -8.72997557e-01
 8.64375957e-03 -8.36324991e-01
 -7.63617844e-03 -8.00023069e-01
 4.74817939e-02 -7.64037919e-01
 1.25018593e-01 -7.28316831e-01
 9.85796704e-02 -6.92808005e-01
 2.17167895e-02 -6.57460289e-01
 1.16103819e-01 -6.22222943e-01
 7.81595172e-02 -5.87045386e-01
 1.34346857e-01 -5.51876964e-01
 8.00891869e-02 -5.16666693e-01
 1.50153304e-01 -4.81363022e-01
 1.42318050e-01 -4.45913564e-01
 1.15786137e-01 -4.10264839e-01
 3.93423035e-02 -3.74361989e-01
 6.12055618e-02 -3.38148486e-01
 1.25783424e-01 -3.01565812e-01
 7.64230343e-02 -2.64553128e-01
 1.49289817e-01 -2.27046902e-01
 8.82623781e-02 -1.88980513e-01
 4.60747843e-02 -1.50283815e-01
 1.26136824e-01 -1.10882656e-01
 4.00934506e-02 -7.06983439e-02
 1.38796267e-01 -2.96470574e-02
 9.28792889e-02 1.23608198e-02
 6.43270774e-02 5.54214421e-02
 1.69107630e-01 9.96383412e-02
 1.21572442e-01 1.45123377e-01
 1.38105698e-01 1.91997819e-01
 6.66002460e-02 2.40393580e-01
 2.08051872e-01 2.90454631e-01
 1.97841110e-01 3.42338626e-01
 1.24054797e-01 3.96218786e-01
 1.03867936e-01 4.52286073e-01
 1.01414956e-01 5.10751734e-01
 1.78654978e-01 5.71850265e-01
 1.43560017e-01 6.35842898e-01
 2.03816474e-01 7.03021711e-01
 2.36821010e-01 7.73714505e-01
 2.07420184e-01 8.48290608e-01
 2.84659784e-01 9.27167821e-01
 1.81074655e-01 1.01082078e+00
 2.59744008e-01 1.09979108e+00
 2.13805381e-01 1.19469958e+00
 2.08294940e-01 1.29626151e+00
 2.71726266e-01 1.40530502e+00
 3.39594284e-01 1.52279430e+00
 2.99188457e-01 1.64985836e+00
 3.24235543e-01 1.78782737e+00
 3.59128273e-01 1.93827864e+00
 4.91223821e-01 2.10309550e+00
 5.25341577e-01 2.28454311e+00
 5.91819528e-01 2.48536695e+00
 6.50505662e-01 2.70892166e+00
 7.84275445e-01 2.95934070e+00
 7.85588191e-01 3.24176079e+00
 9.44544439e-01 3.56261895e+00
 1.08096805e+00 3.93004289e+00
 1.27211113e+00 4.35435292e+00
 1.58390372e+00 4.84867059e+00
 1.98194929e+00 5.42954590e+00
 2.31343183e+00 6.11724888e+00
 3.11277410e+00 6.93456075e+00
 4.10343581e+00 7.90043141e+00
 5.55296070e+00 9.00727875e+00
 7.74385054e+00 1.01477342e+01
 1.13982858e+01 1.08964609e+01
 1.64930127e+01 9.99902441e+00
 2.20939024e+01 5.15249481e+00
 2.35174054e+01 -3.59607680e+00
 1.91963807e+01 -1.05176058e+01
 1.33413376e+01 -1.28328899e+01
 9.22903249e+00 -1.25736895e+01
 6.28152927e+00 -1.15220300e+01
 4.51962704e+00 -1.03803219e+01
 3.40871999e+00 -9.35253409e+00
 2.62960602e+00 -8.47531890e+00
 2.09676328e+00 -7.73685393e+00
 1.75440293e+00 -7.11481220e+00
 1.38416473e+00 -6.58760865e+00
 1.25978353e+00 -6.13713547e+00
 9.75848487e-01 -5.74890104e+00
 8.66346275e-01 -5.41148271e+00
 7.90587277e-01 -5.11589443e+00
 6.77399862e-01 -4.85503805e+00
 6.43197867e-01 -4.62326811e+00
 5.16357941e-01 -4.41605819e+00
 4.37234130e-01 -4.22974828e+00
 4.54013318e-01 -4.06135391e+00
 3.43361501e-01 -3.90842148e+00
 2.88412479e-01 -3.76891805e+00
 3.69210929e-01 -3.64114665e+00
 2.52927106e-01 -3.52368087e+00
 2.89153254e-01 -3.41531381e+00
 2.80045308e-01 -3.31501795e+00
 2.01745136e-01 -3.22191343e+00
 1.71225241e-01 -3.13524272e+00
 2.36654854e-01 -3.05435024e+00
 2.01213096e-01 -2.97866592e+00
 2.26995706e-01 -2.90769176e+00
 1.26961081e-01 -2.84099089e+00
 1.82765600e-01 -2.77817849e+00
 1.54744881e-01 -2.71891428e+00
 1.39345676e-01 -2.66289628e+00
 1.47857445e-01 -2.60985559e+00
 5.27580138e-02 -2.55955195e+00
 5.34302440e-02 -2.51177004e+00
 9.02289622e-02 -2.46631629e+00
 6.81164797e-02 -2.42301623e+00
 1.61089791e-01 -2.38171213e+00
 1.57217627e-01 -2.34226104e+00
 1.61068477e-01 -2.30453309e+00
 9.47332820e-02 -2.26840998e+00
 4.47200560e-02 -2.23378371e+00
 3.47797052e-02 -2.20055545e+00
 6.71172281e-03 -2.16863459e+00
 1.19651626e-01 -2.13793781e+00
 7.18447379e-02 -2.10838842e+00
 6.81983620e-02 -2.07991561e+00
 3.29568231e-02 -2.05245389e+00
 3.40858769e-03 -2.02594259e+00
 8.52558715e-02 -2.00032537e+00
 5.77695476e-02 -1.97554979e+00
 2.73811763e-02 -1.95156699e+00
 4.85615440e-02 -1.92833129e+00
 4.60972284e-02 -1.90579995e+00
 4.69372399e-02 -1.88393288e+00
 2.40510805e-02 -1.86269236e+00
 1.35269611e-01 -1.84204287e+00
 4.52478916e-02 -1.82195088e+00
 5.46585495e-02 -1.80238464e+00
 1.29769518e-01 -1.78331400e+00
 1.15425845e-01 -1.76471032e+00
 5.74083342e-02 -1.74654626e+00
 3.26599635e-02 -1.72879566e+00
 9.50137001e-02 -1.71143344e+00
 4.81187885e-02 -1.69443546e+00
 5.33339685e-02 -1.67777840e+00
 5.67181479e-02 -1.66143968e+00
 2.36291031e-02 -1.64539734e+00
 -3.17936605e-02 -1.62962994e+00
 -4.57989138e-03 -1.61411646e+00
 -7.38077841e-02 -1.59883624e+00
 5.31220505e-02 -1.58376881e+00
 -3.16202369e-02 -1.56889387e+00
 7.04159095e-03 -1.55419116e+00
 1.96431167e-02 -1.53964033e+00
 1.36564411e-01 -1.52522090e+00
 6.27865565e-02 -1.51091210e+00
 2.87744745e-04 -1.49669276e+00
 9.69697376e-02 -1.48254120e+00
 -1.46393922e-02 -1.46843508e+00
 7.27123693e-02 -1.45435128e+00
 9.76113020e-02 -1.44026570e+00
 -6.41391555e-02 -1.42615309e+00
 7.07852515e-03 -1.41198690e+00
 3.41276583e-05 -1.39773897e+00
 1.01183061e-01 -1.38337936e+00
 1.19854995e-01 -1.36887602e+00
 -5.93778645e-03 -1.35419447e+00
 6.26774382e-02 -1.33929741e+00
 1.88670211e-02 -1.32414434e+00
 4.90116087e-02 -1.30869099e+00
 2.83948370e-02 -1.29288880e+00
 1.13724892e-02 -1.27668416e+00
 1.89917995e-03 -1.26001769e+00
 4.04312285e-02 -1.24282322e+00
 4.34278335e-02 -1.22502668e+00
 1.07526290e-01 -1.20654474e+00
 4.73770308e-02 -1.18728319e+00
 1.23001402e-01 -1.16713492e+00
 5.90052758e-02 -1.14597759e+00
 2.58274718e-03 -1.12367062e+00
 8.90799061e-02 -1.10005160e+00
 4.27387281e-02 -1.07493179e+00
 4.87733678e-02 -1.04809052e+00
 9.22902249e-02 -1.01926807e+00
 7.90766075e-02 -9.88156805e-01
 1.47232155e-01 -9.54389680e-01
 8.36669657e-02 -9.17525588e-01
 8.75283005e-02 -8.77030337e-01
 1.48295962e-01 -8.32251885e-01
 1.87939511e-01 -7.82387949e-01
 2.06365784e-01 -7.26443588e-01
 1.58758231e-01 -6.63175942e-01
 1.88055327e-01 -5.91023444e-01
 2.45720703e-01 -5.08018971e-01
 3.47757840e-01 -4.11694477e-01
 3.30981093e-01 -2.99009799e-01
 4.94566517e-01 -1.66412051e-01
 5.63369113e-01 -1.03464600e-02
 7.96413274e-01 1.70831725e-01
 1.15172765e+00 3.70745726e-01
 1.63763460e+00 5.56725216e-01
 2.36285406e+00 6.20655437e-01
 3.37217878e+00 2.90021966e-01
 4.20675033e+00 -7.95086603e-01
 4.14850687e+00 -2.34904142e+00
 3.18467889e+00 -3.38432942e+00
 2.32857564e+00 -3.68004121e+00
 1.58874469e+00 -3.60430722e+00
 1.11190860e+00 -3.41715698e+00
 7.81862385e-01 -3.21963164e+00
 6.13268693e-01 -3.04182356e+00
 4.28627845e-01 -2.88931231e+00
 4.84193231e-01 -2.76025549e+00
 3.15151253e-01 -2.65108760e+00
 2.35156773e-01 -2.55829565e+00
 2.06168178e-01 -2.47888663e+00
 2.21244215e-01 -2.41043448e+00
 1.80897773e-01 -2.35100650e+00
 1.06576664e-01 -2.29906863e+00
 4.16995271e-02 -2.25339991e+00
 1.53984500e-01 -2.21302302e+00
 7.98085193e-02 -2.17715007e+00
 5.19654149e-04 -2.14514103e+00
 9.72782135e-02 -2.11647197e+00
 3.27747826e-02 -2.09071073e+00
 9.72925986e-02 -2.06749833e+00
 4.80385949e-02 -2.04653446e+00
 1.40001456e-01 -2.02756634e+00
 2.15082147e-02 -2.01037987e+00
 5.44308809e-02 -1.99479272e+00
 9.55627211e-02 -1.98064881e+00
 6.18098943e-02 -1.96781388e+00
 7.49652533e-02 -1.95617192e+00
 -1.79234522e-02 -1.94562231e+00
 5.92119098e-03 -1.93607745e+00
 -1.81371266e-02 -1.92746081e+00
 -7.82038756e-03 -1.91970535e+00
 1.46439511e-01 -1.91275217e+00
 -1.03088849e-02 -1.90654943e+00
 3.25395442e-02 -1.90105143e+00
 5.61963416e-02 -1.89621778e+00
 -3.69700359e-02 -1.89201281e+00
 1.45472016e-01 -1.88840496e+00
 -2.12993693e-02 -1.88536631e+00
 2.05236493e-03 -1.88287222e+00
 3.04887583e-02 -1.88090093e+00
 2.54357051e-03 -1.87943328e+00
 2.01481332e-02 -1.87845247e+00
 -1.46330504e-02 -1.87794383e+00
 -4.66874420e-02 -1.87789464e+00
 -2.57688105e-02 -1.87829394e+00
 3.11750602e-02 -1.87913243e+00
 -5.97297675e-02 -1.88040232e+00
 -5.85469674e-02 -1.88209724e+00
 -8.90936031e-02 -1.88421216e+00
 1.52423665e-02 -1.88674332e+00
 -7.56441154e-02 -1.88968814e+00
 -8.99929381e-03 -1.89304520e+00
 -1.10918633e-02 -1.89681421e+00
 4.34529048e-04 -1.90099594e+00
 1.54962099e-02 -1.90559223e+00
 7.89931847e-02 -1.91060596e+00
 5.23419425e-02 -1.91604108e+00
 -9.17238859e-02 -1.92190255e+00
 8.46805282e-02 -1.92819640e+00
 1.54219013e-02 -1.93492974e+00
 -4.41871788e-02 -1.94211078e+00
 5.39585291e-02 -1.94974882e+00
 -8.67798907e-02 -1.95785438e+00
 -1.01480641e-01 -1.96643917e+00
 9.74586948e-03 -1.97551616e+00
 -3.75086899e-02 -1.98509968e+00
 -4.30548403e-03 -1.99520546e+00
 -1.37265085e-02 -2.00585073e+00
 1.60937710e-02 -2.01705433e+00
 -7.24568244e-02 -2.02883680e+00
 -3.29974382e-02 -2.04122051e+00
 -5.27314528e-02 -2.05422980e+00
 6.51519298e-02 -2.06789114e+00
 3.07487153e-03 -2.08223333e+00
 -4.55169541e-02 -2.09728766e+00
 -4.18638397e-02 -2.11308815e+00
 -1.81350908e-01 -2.12967182e+00
 -2.52095431e-02 -2.14707895e+00
 -1.44680622e-01 -2.16535342e+00
 -8.90445198e-03 -2.18454308e+00
 1.54439932e-02 -2.20470012e+00
 -8.81768052e-02 -2.22588161e+00
 -1.02771726e-01 -2.24814993e+00
 -9.20202479e-02 -2.27157350e+00
 -4.13833571e-02 -2.29622735e+00
 -1.07516376e-01 -2.32219401e+00
 -6.87229694e-02 -2.34956436e+00
 -1.11485945e-01 -2.37843870e+00
 -1.33763329e-01 -2.40892795e+00
 -6.80760748e-02 -2.44115510e+00
 -8.27913171e-02 -2.47525677e+00
 -7.18719622e-03 -2.51138520e+00
 -9.37997504e-02 -2.54971044e+00
 -1.47345628e-01 -2.59042297e+00
 -1.54456754e-01 -2.63373688e+00
 -1.56191993e-01 -2.67989351e+00
 -1.62224902e-01 -2.72916588e+00
 -1.75667340e-01 -2.78186400e+00
 -1.94076178e-01 -2.83834118e+00
 -2.17664248e-01 -2.89900180e+00
 -1.40672856e-01 -2.96431070e+00
 -2.07075262e-01 -3.03480466e+00
 -2.55747509e-01 -3.11110662e+00
 -1.97400959e-01 -3.19394326e+00
 -2.77123832e-01 -3.28416701e+00
 -2.51532983e-01 -3.38278369e+00
 -3.67467048e-01 -3.49098747e+00
 -3.75801594e-01 -3.61020544e+00
 -4.11979826e-01 -3.74215481e+00
 -4.39159445e-01 -3.88891661e+00
 -3.80037574e-01 -4.05303115e+00
 -5.95968811e-01 -4.23762183e+00
 -6.09206177e-01 -4.44655517e+00
 -7.90288236e-01 -4.68464500e+00
 -9.38680659e-01 -4.95790481e+00
 -1.02072770e+00 -5.27383629e+00
 -1.26891106e+00 -5.64169274e+00
 -1.64488990e+00 -6.07251647e+00
 -1.99040210e+00 -6.57835719e+00
 -2.72348674e+00 -7.16897981e+00
 -3.50056561e+00 -7.84125633e+00
 -4.83322775e+00 -8.54773706e+00
 -6.77836180e+00 -9.10911736e+00
 -9.68191645e+00 -9.00597749e+00
 -1.31679388e+01 -7.13205821e+00
 -1.56998928e+01 -2.58094143e+00
 -1.47004489e+01 2.76873081e+00
 -1.13062518e+01 5.84816424e+00
 -7.93474076e+00 6.58395793e+00
 -5.66283864e+00 6.22866920e+00
 -3.98576341e+00 5.55314269e+00
 -3.01570366e+00 4.85523492e+00
 -2.36491429e+00 4.22568514e+00
 -1.79835713e+00 3.68170965e+00
 -1.42210505e+00 3.21737836e+00
 -1.26915071e+00 2.82106434e+00
 -9.50860365e-01 2.48112757e+00
 -9.21786361e-01 2.18751312e+00
 -7.61220760e-01 1.93197449e+00
 -6.47968201e-01 1.70787598e+00
 -5.64298451e-01 1.50990484e+00
 -4.97957916e-01 1.33380066e+00
 -3.59508556e-01 1.17613029e+00
 -4.74055121e-01 1.03410938e+00
 -4.00862798e-01 9.05463595e-01
 -3.48181663e-01 7.88321556e-01
 -2.93541660e-01 6.81132226e-01
 -2.57840223e-01 5.82600948e-01
 -2.86506251e-01 4.91639704e-01
 -2.40252370e-01 4.07328191e-01
 -1.12917267e-01 3.28883147e-01
 -2.22405732e-01 2.55634028e-01
 -1.71995553e-01 1.87003582e-01
 -2.14836706e-01 1.22492240e-01
 -3.41210374e-01 6.16654759e-02
 -1.09406908e-01 4.14352328e-03
 -2.13947610e-01 -5.04070511e-02
 -2.07276947e-01 -1.02280290e-01
 -6.49071385e-02 -1.51736596e-01
 -2.04681079e-01 -1.99007526e-01
 -7.71661549e-02 -2.44299797e-01
 -1.82417715e-01 -2.87798666e-01
 -5.26295696e-02 -3.29670778e-01
 -1.82597350e-01 -3.70066593e-01
 -1.92551308e-01 -4.09122451e-01
 -2.90380883e-02 -4.46962344e-01
 -9.92022616e-02 -4.83699436e-01
 -8.55216554e-03 -5.19437383e-01
 -4.61661387e-02 -5.54271471e-01
 -4.36933675e-03 -5.88289615e-01
 -9.82949865e-02 -6.21573222e-01
 -1.31893975e-01 -6.54197961e-01
 -7.36563839e-02 -6.86234432e-01
 -1.19616502e-01 -7.17748764e-01
 -8.93775718e-02 -7.48803146e-01
 -1.33149167e-01 -7.79456299e-01
 -9.77849724e-02 -8.09763903e-01
 -8.51577212e-02 -8.39778985e-01
 -1.01222763e-01 -8.69552260e-01
 -8.92592919e-02 -8.99132459e-01
 -8.46014506e-02 -9.28566617e-01
 -7.38636897e-02 -9.57900346e-01
 -1.15065194e-01 -9.87178089e-01
 -3.97319755e-02 -1.01644336e+00
 -3.14660376e-02 -1.04573896e+00
 -2.03052030e-02 -1.07510721e+00
 -9.32751070e-02 -1.10459015e+00
 -6.97704034e-02 -1.13422975e+00
 -1.28742926e-01 -1.16406809e+00
 -7.41183117e-02 -1.19414759e+00
 -9.22474787e-02 -1.22451119e+00
 -1.56903548e-01 -1.25520257e+00
 -1.40538047e-01 -1.28626635e+00
 -7.45140454e-02 -1.31774829e+00
 -1.22644884e-01 -1.34969556e+00
 -7.57296012e-02 -1.38215693e+00
 -1.39867362e-01 -1.41518307e+00
 -1.64088516e-01 -1.44882676e+00
 -1.25058431e-01 -1.48314323e+00
 -9.65086268e-02 -1.51819046e+00
 -3.26403695e-02 -1.55402952e+00
 -1.23876649e-01 -1.59072491e+00
 -1.13267735e-01 -1.62834501e+00
 -1.72636337e-01 -1.66696254e+00
 -1.02497507e-01 -1.70665499e+00
 -6.03053181e-02 -1.74750524e+00
 -1.68145995e-01 -1.78960216e+00
 -1.24018400e-01 -1.83304129e+00
 -1.73078706e-01 -1.87792563e+00
 -8.15287921e-02 -1.92436650e+00
 -1.76110927e-01 -1.97248455e+00
 -1.28949281e-01 -2.02241088e+00
 -1.60896069e-01 -2.07428833e+00
 -1.84774801e-01 -2.12827290e+00
 -1.34977033e-01 -2.18453551e+00
 -1.75023805e-01 -2.24326383e+00
 -2.35327836e-01 -2.30466459e+00
 -1.66644968e-01 -2.36896613e+00
 -2.84197421e-01 -2.43642136e+00
 -2.30058672e-01 -2.50731132e+00
 -2.41774724e-01 -2.58194928e+00
 -2.59398196e-01 -2.66068550e+00
 -2.33863141e-01 -2.74391301e+00
 -3.09095841e-01 -2.83207435e+00
 -3.91676692e-01 -2.92566963e+00
 -3.14244438e-01 -3.02526624e+00
 -3.33451663e-01 -3.13151051e+00
 -2.87626191e-01 -3.24514183e+00
 -3.51475132e-01 -3.36700982e+00
 -3.58973231e-01 -3.49809548e+00
 -4.18900652e-01 -3.63953710e+00
 -3.97779248e-01 -3.79266249e+00
 -5.08274989e-01 -3.95902914e+00
 -4.94436233e-01 -4.14047473e+00
 -6.79371050e-01 -4.33918083e+00
 -6.92490352e-01 -4.55775399e+00
 -7.04687373e-01 -4.79932929e+00
 -8.31192745e-01 -5.06770326e+00
 -9.98191279e-01 -5.36750478e+00
 -1.22267494e+00 -5.70441424e+00
 -1.30434308e+00 -6.08544217e+00
 -1.47345439e+00 -6.51927486e+00
 -1.75399482e+00 -7.01667997e+00
 -2.02809815e+00 -7.59091926e+00
 -2.51989713e+00 -8.25798754e+00
 -3.14991239e+00 -9.03615115e+00
 -3.99364254e+00 -9.94332429e+00
 -5.08868507e+00 -1.09882738e+01
 -6.76155184e+00 -1.21446808e+01
 -9.30602029e+00 -1.32788179e+01
 -1.30253881e+01 -1.39626374e+01
 -1.82870812e+01 -1.30946641e+01
 -2.42877006e+01 -8.74426997e+00
 -2.71740833e+01 -3.20745234e-01
 -2.41649642e+01 8.02629255e+00
 -1.82094851e+01 1.22600300e+01
 -1.29951665e+01 1.30668587e+01
 -9.20890929e+00 1.23644526e+01
 -6.69437862e+00 1.12292367e+01
 -5.10128961e+00 1.00770830e+01
 -3.88736399e+00 9.03725721e+00
 -3.14946168e+00 8.13467705e+00
 -2.50199993e+00 7.36024869e+00
 -2.08701522e+00 6.69607749e+00
 -1.82578351e+00 6.12400991e+00
 -1.49583632e+00 5.62817295e+00
 -1.20797385e+00 5.19541100e+00
 -1.12382519e+00 4.81504230e+00
 -9.25790153e-01 4.47844811e+00
 -8.60027813e-01 4.17867045e+00
 -7.86915919e-01 3.91006967e+00
 -6.83808429e-01 3.66804856e+00
 -5.89906134e-01 3.44883526e+00
 -5.78329047e-01 3.24931400e+00
 -4.68687900e-01 3.06689338e+00
 -5.27057121e-01 2.89940376e+00
 -3.80522122e-01 2.74501688e+00
 -4.57907344e-01 2.60218261e+00
 -3.57856636e-01 2.46957895e+00
 -3.54178902e-01 2.34607210e+00
 -3.93164017e-01 2.23068453e+00
 -3.21472918e-01 2.12256917e+00
 -2.95268934e-01 2.02098851e+00
 -2.31846519e-01 1.92529748e+00
 -2.40570759e-01 1.83492944e+00
 -2.73734263e-01 1.74938456e+00
 -2.20876642e-01 1.66822022e+00
 -2.12494582e-01 1.59104294e+00
 -1.15867179e-01 1.51750171e+00
 -1.21255656e-01 1.44728225e+00
 -2.42887318e-01 1.38010222e+00
 -1.86103955e-01 1.31570716e+00
 -2.81613631e-01 1.25386697e+00
 -1.42267112e-01 1.19437295e+00
 -9.15013638e-02 1.13703519e+00
 -1.83361320e-01 1.08168039e+00
 -1.48603864e-01 1.02814989e+00
 -9.52011279e-02 9.76298026e-01
 -2.99987792e-02 9.25990629e-01
 -1.14730630e-01 8.77103777e-01
 -8.18254862e-02 8.29522640e-01
 -1.25771295e-01 7.83140488e-01
 -1.57259479e-01 7.37857809e-01
 -8.09052975e-02 6.93581513e-01
 -1.65571423e-01 6.50224239e-01
 -1.55558172e-01 6.07703717e-01
 -1.69761688e-01 5.65942200e-01
 -1.03747772e-01 5.24865955e-01
 -1.50482172e-01 4.84404789e-01
 -1.69605301e-01 4.44491628e-01
 -1.08445267e-01 4.05062117e-01
 -1.04992220e-01 3.66054264e-01
 -1.29659952e-01 3.27408095e-01
 -9.31037857e-02 2.89065341e-01
 3.68526617e-02 2.50969137e-01
 -7.50338067e-02 2.13063737e-01
 -8.90330196e-03 1.75294235e-01
 -1.32577958e-01 1.37606306e-01
 -1.12712058e-01 9.99459398e-02
 -1.07304790e-01 6.22591844e-02
 -8.33129104e-02 2.44918894e-02
 -2.14535414e-01 -1.34105547e-02
 -1.11019894e-01 -5.15034809e-02
 -1.05128642e-01 -8.98432178e-02
 -6.00336671e-02 -1.28487372e-01
 -1.94743533e-01 -1.67495125e-01
 -5.14971332e-02 -2.06927544e-01
 -1.27496925e-01 -2.46847916e-01
 -1.67386548e-01 -2.87322106e-01
 -2.06654444e-01 -3.28418939e-01
 -1.29752114e-01 -3.70210621e-01
 -1.41582477e-01 -4.12773197e-01
 -1.63484081e-01 -4.56187054e-01
 -1.50432083e-01 -5.00537476e-01
 -7.25381320e-02 -5.45915261e-01
 -1.59876038e-01 -5.92417408e-01
 -2.21893126e-01 -6.40147888e-01
 -2.09396971e-01 -6.89218509e-01
 -1.07035455e-01 -7.39749891e-01
 -3.49550939e-02 -7.91872571e-01
 -1.48060809e-01 -8.45728260e-01
 -1.60559050e-01 -9.01471280e-01
 -1.64923489e-01 -9.59270199e-01
 -1.74795499e-01 -1.01930972e+00
 -2.13214602e-01 -1.08179287e+00
 -2.58600317e-01 -1.14694350e+00
 -2.08214811e-01 -1.21500922e+00
 -2.81710861e-01 -1.28626482e+00
 -2.07603218e-01 -1.36101630e+00
 -2.39683195e-01 -1.43960553e+00
 -2.73570431e-01 -1.52241588e+00
 -2.36693366e-01 -1.60987880e+00
 -2.27860946e-01 -1.70248170e+00
 -3.82297726e-01 -1.80077745e+00
 -3.15637865e-01 -1.90539573e+00
 -3.96961575e-01 -2.01705686e+00
 -3.05967145e-01 -2.13658860e+00
 -3.88740779e-01 -2.26494671e+00
 -4.66693955e-01 -2.40324033e+00
 -4.82659937e-01 -2.55276339e+00
 -4.34569357e-01 -2.71503375e+00
 -5.52474560e-01 -2.89184229e+00
 -6.32057225e-01 -3.08531487e+00
 -6.84648257e-01 -3.29799073e+00
 -8.68443050e-01 -3.53292238e+00
 -8.33947172e-01 -3.79380290e+00
 -9.95990077e-01 -4.08512816e+00
 -1.11565768e+00 -4.41240208e+00
 -1.26123190e+00 -4.78239174e+00
 -1.48776425e+00 -5.20343185e+00
 -1.73689425e+00 -5.68575502e+00
 -2.22041879e+00 -6.24176024e+00
 -2.58356070e+00 -6.88596377e+00
 -3.20944179e+00 -7.63393591e+00
 -4.01619984e+00 -8.49837068e+00
 -5.21432808e+00 -9.47736763e+00
 -7.03812920e+00 -1.05219605e+01
 -9.68006519e+00 -1.14504859e+01
 -1.35143007e+01 -1.17455450e+01
 -1.84709056e+01 -1.02250939e+01
 -2.33917673e+01 -5.25955544e+00
 -2.47285149e+01 2.70198861e+00
 -2.12219991e+01 9.50107097e+00
 -1.58628122e+01 1.25804829e+01
 -1.13847458e+01 1.29988972e+01
 -8.18811278e+00 1.22930809e+01
