 NaN NaN
 2.96543768e-02 6.72795816e-01
 -7.25824312e-03 6.72990997e-01
 9.46539823e-02 6.73310731e-01
 8.11874240e-02 6.73754469e-01
 -7.88528494e-02 6.74322106e-01
 1.51949120e-02 6.75013793e-01
 8.88082050e-02 6.75829866e-01
 -1.70474959e-02 6.76770817e-01
 -1.27412334e-02 6.77837279e-01
 5.64176486e-03 6.79030012e-01
 5.72255795e-02 6.80349907e-01
 -3.29156644e-02 6.81797972e-01
 1.14309669e-01 6.83375342e-01
 -5.76524710e-05 6.85083272e-01
 1.38844018e-02 6.86923140e-01
 3.50568612e-02 6.88896449e-01
 1.59034988e-02 6.91004830e-01
 -2.27017301e-02 6.93250040e-01
 -3.45457135e-02 6.95633972e-01
 1.20992887e-01 6.98158652e-01
 -4.37476447e-03 7.00826247e-01
 5.54470745e-02 7.03639067e-01
 -1.41429442e-01 7.06599571e-01
 -4.48087290e-02 7.09710371e-01
 3.37907674e-02 7.12974238e-01
 -3.29003507e-02 7.16394107e-01
 3.87264252e-02 7.19973087e-01
 -5.28428376e-03 7.23714462e-01
 -4.72696584e-02 7.27621702e-01
 -7.84109603e-03 7.31698472e-01
 -2.61102055e-02 7.35948636e-01
 -1.27644014e-02 7.40376273e-01
 1.65904573e-02 7.44985678e-01
 -1.15946179e-02 7.49781381e-01
 -4.76593092e-02 7.54768152e-01
 6.82653798e-03 7.59951016e-01
 1.30315989e-02 7.65335266e-01
 -2.93991929e-02 7.70926476e-01
 1.60647537e-02 7.76730514e-01
 3.47007494e-02 7.82753562e-01
 1.67442227e-02 7.89002128e-01
 6.59578799e-02 7.95483069e-01
 -1.39324708e-01 8.02203609e-01
 -4.58258239e-02 8.09171358e-01
 6.86574798e-02 8.16394336e-01
 5.05680960e-02 8.23881000e-01
 2.76896229e-02 8.31640264e-01
 -1.01332492e-02 8.39681536e-01
 3.84060119e-02 8.48014740e-01
 -5.98391923e-02 8.56650354e-01
 2.06483827e-02 8.65599443e-01
 2.22765761e-02 8.74873701e-01
 -1.77925475e-02 8.84485486e-01
 6.99399827e-02 8.94447873e-01
 3.68351078e-02 9.04774698e-01
 1.04862896e-01 9.15480609e-01
 9.91270679e-02 9.26581129e-01
 -7.41384869e-03 9.38092715e-01
 -1.33815296e-02 9.50032828e-01
 8.44574129e-02 9.62420003e-01
 -1.34791340e-02 9.75273936e-01
 -6.96656045e-02 9.88615567e-01
 2.65885764e-02 1.00246718e+00
 3.66289712e-02 1.01685251e+00
 -6.10592709e-02 1.03179685e+00
 -3.46153292e-02 1.04732720e+00
 4.33089219e-02 1.06347238e+00
 -1.37340419e-02 1.08026320e+00
 -3.68268192e-02 1.09773263e+00
 1.09554210e-01 1.11591599e+00
 4.63012190e-02 1.13485115e+00
 3.28714096e-03 1.15457877e+00
 8.73437552e-03 1.17514257e+00
 3.37627135e-02 1.19658956e+00
 6.79221861e-02 1.21897045e+00
 -1.48369951e-03 1.24233991e+00
 1.66617964e-02 1.26675706e+00
 -2.15381560e-03 1.29228584e+00
 6.01501447e-02 1.31899556e+00
 1.47044830e-02 1.34696146e+00
 1.64960802e-02 1.37626534e+00
 4.55024295e-02 1.40699630e+00
 -2.22995494e-02 1.43925156e+00
 1.69097744e-02 1.47313740e+00
 3.44101679e-02 1.50877024e+00
 -3.26296473e-02 1.54627786e+00
 7.87443703e-02 1.58580083e+00
 -3.76345286e-02 1.62749412e+00
 5.80552892e-02 1.67152904e+00
 -1.81769831e-02 1.71809533e+00
 1.85233734e-02 1.76740385e+00
 -3.54782115e-02 1.81968944e+00
 5.63644298e-02 1.87521453e+00
 1.01068739e-01 1.93427327e+00
 7.93896980e-02 1.99719640e+00
 1.54666454e-02 2.06435722e+00
 1.25685783e-01 2.13617851e+00
 8.62986021e-02 2.21314113e+00
 8.33000041e-02 2.29579421e+00
 5.59375961e-02 2.38476773e+00
 1.05844039e-01 2.48078799e+00
 1.64316247e-02 2.58469659e+00
 7.90469587e-02 2.69747433e+00
 7.83543442e-02 2.82027112e+00
 8.09456586e-02 2.95444399e+00
 6.65243169e-02 3.10160583e+00
 1.16643897e-01 3.26368858e+00
 9.86334983e-02 3.44302605e+00
 1.28485800e-01 3.64246388e+00
 1.89814369e-01 3.86550765e+00
 1.38265059e-01 4.11652550e+00
 1.34736958e-01 4.40103001e+00
 2.74235293e-01 4.72607803e+00
 2.78392664e-01 5.10085010e+00
 4.48946158e-01 5.53751077e+00
 3.90678101e-01 6.05252189e+00
 5.28901311e-01 6.66871168e+00
 5.51697149e-01 7.41865700e+00
 7.04523669e-01 8.35045477e+00
 1.04415449e+00 9.53808411e+00
 1.44701199e+00 1.11011746e+01
 1.98637437e+00 1.32455659e+01
 2.87964974e+00 1.63539899e+01
 5.15507404e+00 2.12080362e+01
 1.02905554e+01 2.95388651e+01
 2.93237574e+01 4.38287892e+01
 9.33728013e+01 1.36921313e+01
 3.91410845e+01 -4.71280320e+01
 1.28489402e+01 -3.27050576e+01
 5.92405447e+00 -2.32674417e+01
 3.40750973e+00 -1.78677763e+01
 2.11926998e+00 -1.44739310e+01
 1.57663557e+00 -1.21653892e+01
 1.01473496e+00 -1.05003578e+01
 8.86309206e-01 -9.24558214e+00
 6.07302838e-01 -8.26751762e+00
 5.92713886e-01 -7.48457000e+00
 4.24241189e-01 -6.84420876e+00
 4.33884206e-01 -6.31114058e+00
 3.64651921e-01 -5.86080048e+00
 3.12591647e-01 -5.47557569e+00
 2.26109643e-01 -5.14251528e+00
 1.21073362e-01 -4.85188714e+00
 2.24458470e-01 -4.59623862e+00
 2.25146393e-01 -4.36976749e+00
 1.17831386e-01 -4.16788989e+00
 1.47485098e-01 -3.98693715e+00
 6.34235436e-02 -3.82393873e+00
 1.07610647e-01 -3.67646401e+00
 1.14493552e-01 -3.54250530e+00
 7.69537683e-02 -3.42038993e+00
 1.33110807e-01 -3.30871336e+00
 7.69629731e-02 -3.20628776e+00
 9.60253775e-02 -3.11210196e+00
 3.65115842e-02 -3.02528992e+00
 1.02143806e-01 -2.94510579e+00
 -3.84103377e-02 -2.87090394e+00
 3.96561749e-02 -2.80212279e+00
 4.11413099e-02 -2.73827176e+00
 -6.80966218e-02 -2.67892052e+00
 8.62779425e-02 -2.62369019e+00
 8.47832620e-02 -2.57224603e+00
 3.84088388e-02 -2.52429134e+00
 3.86204297e-02 -2.47956235e+00
 2.94013389e-02 -2.43782397e+00
 2.12482864e-02 -2.39886611e+00
 1.82280506e-02 -2.36250066e+00
 3.55967381e-02 -2.32855881e+00
 3.69383047e-02 -2.29688881e+00
 -3.71684538e-02 -2.26735409e+00
 6.31516246e-02 -2.23983152e+00
 4.88016556e-02 -2.21421005e+00
 -3.41685301e-03 -2.19038940e+00
 6.50744615e-02 -2.16827903e+00
 5.30475048e-02 -2.14779716e+00
 -4.46925181e-02 -2.12886997e+00
 -4.97080381e-02 -2.11143089e+00
 5.74561400e-02 -2.09541996e+00
 -4.68998167e-02 -2.08078327e+00
 1.16552341e-01 -2.06747253e+00
 2.31719508e-04 -2.05544460e+00
 2.22522098e-02 -2.04466116e+00
 4.56436620e-02 -2.03508839e+00
 -4.73833229e-02 -2.02669668e+00
 8.85731485e-03 -2.01946041e+00
 1.41035210e-02 -2.01335775e+00
 -4.96373676e-02 -2.00837049e+00
 -2.81242640e-02 -2.00448390e+00
 3.40535050e-02 -2.00168662e+00
 2.81507758e-02 -1.99997059e+00
 -7.27696084e-03 -1.99933097e+00
 6.72458034e-02 -1.99976612e+00
 2.57212514e-02 -2.00127758e+00
 2.80243711e-02 -2.00387009e+00
 3.04189825e-02 -2.00755161e+00
 -1.60754892e-02 -2.01233342e+00
 -1.35926904e-02 -2.01823014e+00
 -4.49663586e-02 -2.02525990e+00
 4.54152201e-02 -2.03344445e+00
 8.51720971e-02 -2.04280935e+00
 2.72164041e-02 -2.05338412e+00
 -2.60409393e-02 -2.06520256e+00
 -9.29695715e-02 -2.07830293e+00
 1.22087057e-01 -2.09272836e+00
 -4.74152002e-02 -2.10852714e+00
 -9.15298271e-03 -2.12575319e+00
 7.14855442e-02 -2.14446651e+00
 -5.94871501e-02 -2.16473375e+00
 -2.68958091e-02 -2.18662885e+00
 -3.24976808e-03 -2.21023374e+00
 -1.22975033e-01 -2.23563918e+00
 -1.32678017e-02 -2.26294570e+00
 5.92548982e-02 -2.29226472e+00
 -4.86481969e-02 -2.32371976e+00
 5.35175078e-02 -2.35744796e+00
 3.72568580e-02 -2.39360170e+00
 -4.48883806e-02 -2.43235058e+00
 -1.94665743e-02 -2.47388371e+00
 -1.18406801e-01 -2.51841234e+00
 -3.05849349e-02 -2.56617301e+00
 -1.17108918e-01 -2.61743123e+00
 -2.54220185e-02 -2.67248579e+00
 -1.17020650e-01 -2.73167402e+00
 1.57777510e-02 -2.79537791e+00
 -8.11686681e-02 -2.86403154e+00
 -1.07657606e-01 -2.93813013e+00
 -9.25360209e-02 -3.01824088e+00
 -9.63663315e-02 -3.10501632e+00
 -1.14584313e-01 -3.19921081e+00
 -2.04583555e-01 -3.30170084e+00
 -1.01191847e-01 -3.41351062e+00
 -1.58432008e-01 -3.53584418e+00
 -2.71915147e-01 -3.67012636e+00
 -1.70635246e-01 -3.81805545e+00
 -2.21522913e-01 -3.98167165e+00
 -2.36450768e-01 -4.16344707e+00
 -1.75310272e-01 -4.36640571e+00
 -2.26455415e-01 -4.59428559e+00
 -1.90989366e-01 -4.85176126e+00
 -2.91133720e-01 -5.14475468e+00
 -3.94148835e-01 -5.48087774e+00
 -3.89581579e-01 -5.87007602e+00
 -4.37713449e-01 -6.32558809e+00
 -6.14346407e-01 -6.86541423e+00
 -7.47372686e-01 -7.51463552e+00
 -9.53357296e-01 -8.30920552e+00
 -1.21982042e+00 -9.30239940e+00
 -1.65193199e+00 -1.05762773e+01
 -2.16742227e+00 -1.22630368e+01
 -3.23094536e+00 -1.45864619e+01
 -4.97982431e+00 -1.79423290e+01
 -8.93470280e+00 -2.30155658e+01
 -1.88489736e+01 -3.03458973e+01
 -4.75544119e+01 -3.03064886e+01
 -6.00615574e+01 1.90285604e+01
 -2.51733535e+01 3.17818239e+01
 -1.11237017e+01 2.43831368e+01
 -5.89777497e+00 1.86061627e+01
 -3.75314299e+00 1.48039493e+01
 -2.43115027e+00 1.22112329e+01
 -1.79641301e+00 1.03547425e+01
 -1.28810516e+00 8.96827252e+00
 -9.45281594e-01 7.89688065e+00
 -8.69506639e-01 7.04581339e+00
 -6.83151423e-01 6.35436391e+00
 -5.67637744e-01 5.78202743e+00
 -5.22511788e-01 5.30082220e+00
 -4.23481951e-01 4.89083362e+00
 -3.51605444e-01 4.53752078e+00
 -2.68315058e-01 4.23002813e+00
 -2.67886774e-01 3.96009283e+00
 -2.12880861e-01 3.72131747e+00
 -2.08060295e-01 3.50867365e+00
 -2.38842410e-01 3.31815553e+00
 -1.27582538e-01 3.14653323e+00
 -1.55584390e-01 2.99117415e+00
 -2.12024072e-01 2.84991131e+00
 -1.35391781e-01 2.72094503e+00
 -1.16297374e-01 2.60276844e+00
 -5.54738791e-03 2.49411034e+00
 -9.20319028e-02 2.39389100e+00
 -1.85300681e-02 2.30118746e+00
 -1.28267989e-01 2.21520612e+00
 -3.61970791e-02 2.13526091e+00
 -3.25022537e-02 2.06075566e+00
 -6.41227449e-02 1.99116992e+00
 -7.05317307e-02 1.92604729e+00
 -5.06953820e-02 1.86498589e+00
 -1.00225609e-01 1.80763047e+00
 2.33196218e-02 1.75366583e+00
 1.81658803e-02 1.70281136e+00
 -4.29424032e-02 1.65481645e+00
 -2.44564486e-02 1.60945652e+00
 -4.39429551e-02 1.56652980e+00
 -6.67895892e-02 1.52585448e+00
 1.44356068e-01 1.48726631e+00
 -4.08306040e-02 1.45061651e+00
 6.65837390e-02 1.41577003e+00
 7.86466650e-03 1.38260399e+00
 2.11956263e-02 1.35100630e+00
 -1.42928261e-01 1.32087457e+00
 4.69982050e-02 1.29211503e+00
 -9.54085868e-02 1.26464165e+00
 -1.14841163e-01 1.23837536e+00
 -4.41980765e-02 1.21324339e+00
 -7.62662110e-02 1.18917857e+00
 -6.98776409e-02 1.16611890e+00
 -1.41346481e-02 1.14400697e+00
 -7.21892955e-03 1.12278960e+00
 -5.51628051e-02 1.10241742e+00
 -2.75467316e-02 1.08284454e+00
 -7.36728214e-03 1.06402823e+00
 -2.74995303e-02 1.04592869e+00
 -6.22553159e-03 1.02850873e+00
 -5.11353779e-02 1.01173361e+00
 8.77667961e-04 9.95570803e-01
 -5.52783330e-02 9.79989816e-01
 -3.77335885e-02 9.64962035e-01
 -1.00086193e-02 9.50460561e-01
 -4.77642975e-02 9.36460078e-01
 -4.19387849e-03 9.22936725e-01
 -4.16412347e-02 9.09867980e-01
 2.35587567e-02 8.97232551e-01
 -1.99920012e-02 8.85010283e-01
 -9.60499106e-03 8.73182059e-01
 3.70818459e-03 8.61729724e-01
 -5.92692208e-02 8.50636000e-01
 -6.11661389e-02 8.39884415e-01
 4.46385463e-02 8.29459234e-01
 -1.63256691e-02 8.19345389e-01
 1.12609031e-02 8.09528425e-01
 -6.97338763e-02 7.99994433e-01
 1.81337528e-03 7.90729993e-01
 2.26522097e-02 7.81722121e-01
 7.79235044e-02 7.72958214e-01
 -7.61044313e-03 7.64425992e-01
 1.78682856e-02 7.56113443e-01
 -8.02029230e-02 7.48008772e-01
 3.90762404e-02 7.40100339e-01
 1.42515136e-02 7.32376602e-01
 -5.04800817e-02 7.24826054e-01
 9.06096430e-02 7.17437156e-01
 -7.68797970e-02 7.10198263e-01
 3.96975601e-02 7.03097552e-01
 -5.97541064e-02 6.96122927e-01
 6.87697344e-02 6.89261926e-01
 -2.38698960e-02 6.82501615e-01
 -2.52144473e-02 6.75828454e-01
 -9.49829185e-02 6.69228165e-01
 1.86760448e-02 6.62685555e-01
 1.55437830e-02 6.56184331e-01
 1.24887990e-02 6.49706860e-01
 -7.05677358e-02 6.43233904e-01
 -1.16960933e-02 6.36744287e-01
 5.17073561e-02 6.30214500e-01
 3.73887818e-02 6.23618219e-01
 -1.53224062e-01 6.16925708e-01
 -4.01769564e-02 6.10103089e-01
 -4.20645694e-02 6.03111421e-01
 4.71744287e-02 5.95905541e-01
 -3.88857076e-02 5.88432590e-01
 5.48015105e-02 5.80630114e-01
 4.24325185e-02 5.72423594e-01
 3.83124518e-03 5.63723191e-01
 -1.01321880e-01 5.54419401e-01
 -1.49239934e-03 5.44377172e-01
 -4.57774524e-02 5.33427819e-01
 3.61445211e-02 5.21357705e-01
 -3.96913766e-02 5.07892104e-01
 2.61418191e-03 4.92671707e-01
 4.71025765e-02 4.75217610e-01
 -6.54338519e-02 4.54877774e-01
 -8.87118247e-02 4.30742829e-01
 -3.18097857e-02 4.01509554e-01
 6.54141857e-03 3.65252457e-01
 -6.77474611e-02 3.19030717e-01
 -7.62590079e-02 2.58204191e-01
 -1.44832186e-01 1.75310203e-01
 -2.57712618e-01 5.89426104e-02
 -4.15670184e-01 -1.00470865e-01
 -9.41815330e-01 -2.31484359e-01
 -1.78529162e+00 2.93843060e-01
 -1.41703174e+00 1.43913969e+00
 -7.03302608e-01 1.53713539e+00
 -3.25899953e-01 1.36998647e+00
 -2.10547085e-01 1.23067942e+00
 -6.04945618e-02 1.13190199e+00
 -1.41633270e-01 1.06124764e+00
 -6.25064251e-03 1.00913926e+00
 -1.24605967e-01 9.69545554e-01
 -5.03118240e-02 9.38695182e-01
 -9.06411603e-02 9.14164303e-01
 3.69936071e-02 8.94342476e-01
 2.91815875e-02 8.78125083e-01
 -3.74925811e-02 8.64732423e-01
 -8.71418396e-03 8.53600041e-01
 -4.49031664e-02 8.44310146e-01
 4.95383015e-02 8.36547440e-01
 -1.62928399e-02 8.30069880e-01
 2.08938435e-02 8.24688863e-01
 4.65223078e-03 8.20255477e-01
 -8.08926826e-03 8.16650784e-01
 -2.73118661e-02 8.13778821e-01
 2.50413936e-02 8.11561476e-01
 2.95689530e-02 8.09934682e-01
 -4.93965034e-02 8.08845551e-01
 -4.72786437e-02 8.08250192e-01
 1.26647609e-02 8.08112025e-01
 6.29497084e-02 8.08400470e-01
 -3.87493547e-02 8.09089920e-01
 8.48602464e-02 8.10158920e-01
 -8.01934797e-03 8.11589515e-01
 -4.08432859e-02 8.13366730e-01
 7.36661208e-02 8.15478138e-01
 -3.33538076e-03 8.17913521e-01
 -3.29236404e-02 8.20664582e-01
 -1.65378415e-02 8.23724720e-01
 -3.01978495e-03 8.27088831e-01
 2.79401400e-02 8.30753159e-01
 6.67374863e-02 8.34715160e-01
 3.73852603e-02 8.38973400e-01
 -3.34993128e-02 8.43527464e-01
 -3.04839606e-02 8.48377888e-01
 8.36995349e-03 8.53526097e-01
 -7.54463335e-02 8.58974365e-01
 -8.32616597e-03 8.64725772e-01
 6.96552614e-02 8.70784184e-01
 1.58607192e-02 8.77154230e-01
 1.34925781e-02 8.83841291e-01
 -6.68200919e-02 8.90851497e-01
 -2.44316589e-02 8.98191723e-01
 8.90763761e-02 9.05869602e-01
 3.52406481e-02 9.13893531e-01
 4.98784631e-02 9.22272692e-01
 -1.14892407e-02 9.31017070e-01
 -1.43453372e-02 9.40137487e-01
 3.41920726e-02 9.49645628e-01
 4.37836621e-02 9.59554080e-01
 3.44740288e-02 9.69876382e-01
 -5.90497973e-02 9.80627063e-01
 -5.62843712e-02 9.91821707e-01
 -1.95779467e-02 1.00347701e+00
 1.07889749e-01 1.01561085e+00
 -4.55124495e-02 1.02824237e+00
 6.78219583e-02 1.04139205e+00
 3.47800873e-02 1.05508180e+00
 1.54836392e-02 1.06933509e+00
 6.76356704e-02 1.08417703e+00
 -1.99742856e-02 1.09963452e+00
 1.76811472e-02 1.11573639e+00
 4.54359715e-02 1.13251353e+00
 1.04430737e-01 1.14999909e+00
 7.18617060e-03 1.16822867e+00
 1.06249431e-01 1.18724050e+00
 9.44767240e-02 1.20707573e+00
 1.72858509e-02 1.22777863e+00
 1.21218475e-01 1.24939692e+00
 4.65154398e-03 1.27198208e+00
 4.32472267e-02 1.29558972e+00
 -3.12810447e-02 1.32027999e+00
 2.85561967e-02 1.34611804e+00
 -3.08325035e-02 1.37317450e+00
 1.35820307e-02 1.40152612e+00
 -4.49630262e-04 1.43125638e+00
 1.37372339e-01 1.46245624e+00
 2.28950321e-02 1.49522500e+00
 5.26126515e-02 1.52967125e+00
 5.41930075e-02 1.56591397e+00
 1.39100056e-01 1.60408378e+00
 -4.87370062e-02 1.64432441e+00
 5.06454529e-02 1.68679432e+00
 5.61167760e-02 1.73166868e+00
 2.47556239e-02 1.77914157e+00
 1.29382701e-01 1.82942860e+00
 4.76922509e-02 1.88276994e+00
 1.33476780e-01 1.93943394e+00
 7.96957501e-03 1.99972132e+00
 1.50772013e-01 2.06397019e+00
 7.60880290e-02 2.13256200e+00
 1.54230214e-01 2.20592871e+00
 1.09862882e-01 2.28456135e+00
 2.10667723e-01 2.36902047e+00
 8.58758013e-02 2.45994877e+00
 1.94000164e-01 2.55808670e+00
 1.76172256e-01 2.66429166e+00
 1.18048238e-01 2.77956187e+00
 1.45604496e-01 2.90506640e+00
 1.78035417e-01 3.04218315e+00
 2.25752307e-01 3.19254725e+00
 3.49712752e-01 3.35811371e+00
 2.61966041e-01 3.54123898e+00
 3.66965783e-01 3.74478872e+00
 3.59119863e-01 3.97228180e+00
 4.03480097e-01 4.22808568e+00
 5.13944634e-01 4.51768530e+00
 5.17583954e-01 4.84805964e+00
 6.63101033e-01 5.22821852e+00
 7.53170342e-01 5.66998347e+00
 8.73620985e-01 6.18914802e+00
 9.62904073e-01 6.80724215e+00
 1.26932218e+00 7.55427935e+00
 1.62731868e+00 8.47313011e+00
 2.07923379e+00 9.62659430e+00
 2.80672523e+00 1.11087630e+01
 4.00117053e+00 1.30617823e+01
 6.05125840e+00 1.56900353e+01
 9.78956790e+00 1.91953659e+01
 1.78233616e+01 2.30816646e+01
 3.46209896e+01 2.15962228e+01
 4.82583480e+01 -2.22344247e+00
 3.20809302e+01 -2.31569934e+01
 1.65378986e+01 -2.32534051e+01
 9.17311083e+00 -1.93231255e+01
 5.68005336e+00 -1.59380219e+01
 3.79864657e+00 -1.34106143e+01
 2.74899965e+00 -1.15284169e+01
 1.98485984e+00 -1.00954867e+01
 1.59403609e+00 -8.97706103e+00
 1.26633954e+00 -8.08391636e+00
 1.03302430e+00 -7.35633154e+00
 8.06024181e-01 -6.75339983e+00
 7.39291590e-01 -6.24638825e+00
 6.42446391e-01 -5.81462315e+00
 4.27114012e-01 -5.44289812e+00
 4.70874274e-01 -5.11980376e+00
 4.32471413e-01 -4.83662583e+00
 3.28086641e-01 -4.58660160e+00
 3.64614125e-01 -4.36440725e+00
 2.63143522e-01 -4.16579741e+00
 2.66925575e-01 -3.98734719e+00
 1.24856500e-01 -3.82626435e+00
 2.57344582e-01 -3.68025060e+00
 1.83942247e-01 -3.54739764e+00
 1.73409332e-01 -3.42610833e+00
 1.06707311e-01 -3.31503613e+00
 1.79300046e-01 -3.21303813e+00
 1.69377315e-01 -3.11913823e+00
 1.60776694e-01 -3.03249801e+00
 9.82438740e-02 -2.95239352e+00
 5.11528110e-02 -2.87819654e+00
 3.10000363e-02 -2.80935950e+00
 8.76844934e-02 -2.74540305e+00
 7.39639227e-02 -2.68590597e+00
 1.28666178e-01 -2.63049678e+00
 1.05101096e-01 -2.57884674e+00
 7.84171732e-02 -2.53066405e+00
 1.05551659e-01 -2.48568896e+00
 4.97975649e-02 -2.44368965e+00
 1.17619530e-01 -2.40445873e+00
 1.77212646e-01 -2.36781026e+00
 1.13064464e-03 -2.33357722e+00
 9.21554328e-03 -2.30160933e+00
 5.72528963e-02 -2.27177118e+00
 2.96036894e-02 -2.24394059e+00
 8.28531936e-02 -2.21800727e+00
 9.39117656e-02 -2.19387151e+00
 -2.86712441e-02 -2.17144322e+00
 5.19270066e-02 -2.15064095e+00
 2.78767905e-02 -2.13139112e+00
 6.02361350e-02 -2.11362728e+00
 6.79673892e-02 -2.09728955e+00
 -2.66905148e-02 -2.08232402e+00
 9.86533799e-04 -2.06868235e+00
 5.39648594e-02 -2.05632129e+00
 8.92483386e-02 -2.04520237e+00
 1.05056695e-02 -2.03529157e+00
 2.03507624e-02 -2.02655906e+00
 1.66807905e-02 -2.01897894e+00
 1.05049210e-01 -2.01252908e+00
 -7.25895641e-03 -2.00719095e+00
 1.53683794e-02 -2.00294944e+00
 -9.32171572e-02 -1.99979280e+00
 2.87450141e-03 -1.99771254e+00
 2.11864333e-02 -1.99670336e+00
 1.34631048e-02 -1.99676312e+00
 4.64999724e-02 -1.99789283e+00
 1.25660950e-02 -2.00009665e+00
 -2.55818115e-02 -2.00338195e+00
 -2.76730153e-02 -2.00775933e+00
 -2.73894813e-02 -2.01324273e+00
 -7.27324912e-02 -2.01984953e+00
 -4.59740128e-02 -2.02760068e+00
 -6.45420136e-04 -2.03652084e+00
 8.51889675e-03 -2.04663864e+00
 -1.56136028e-02 -2.05798685e+00
 2.09724708e-02 -2.07060266e+00
 -3.46037691e-02 -2.08452799e+00
 -6.03445068e-02 -2.09980989e+00
 -1.20453953e-01 -2.11650086e+00
 -6.65570919e-02 -2.13465939e+00
 1.31145958e-01 -2.15435049e+00
 -1.73291623e-02 -2.17564626e+00
 1.48820440e-02 -2.19862663e+00
 3.31849707e-03 -2.22338016e+00
 -1.15252196e-02 -2.25000494e+00
 -8.48292646e-02 -2.27860969e+00
 2.75029826e-02 -2.30931492e+00
 -2.86465356e-02 -2.34225440e+00
 -9.05003870e-03 -2.37757674e+00
 -7.07587682e-02 -2.41544732e+00
 -1.05223375e-01 -2.45605044e+00
 -1.13797979e-01 -2.49959194e+00
 -6.93972359e-02 -2.54630217e+00
 -1.60049590e-01 -2.59643955e+00
 -7.03749574e-02 -2.65029475e+00
 -1.30825637e-01 -2.70819568e+00
 1.20016514e-03 -2.77051337e+00
 -1.70640437e-01 -2.83766913e+00
 -1.04756304e-01 -2.91014309e+00
 -1.24079018e-01 -2.98848459e+00
 -1.67233427e-01 -3.07332487e+00
 -1.76208669e-01 -3.16539260e+00
 -3.45270592e-02 -3.26553314e+00
 -2.60964587e-01 -3.37473257e+00
 -2.20499050e-01 -3.49414771e+00
 -1.78416666e-01 -3.62514440e+00
 -2.74173047e-01 -3.76934625e+00
 -2.95204753e-01 -3.92869771e+00
 -2.58063037e-01 -4.10554644e+00
 -3.62682831e-01 -4.30275212e+00
 -3.59691514e-01 -4.52383200e+00
 -4.84059597e-01 -4.77315844e+00
 -5.42374199e-01 -5.05623078e+00
 -5.62408464e-01 -5.38005578e+00
 -7.58503211e-01 -5.75368892e+00
 -8.79174440e-01 -6.18901911e+00
 -9.66282634e-01 -6.70192761e+00
 -1.23164847e+00 -7.31403192e+00
 -1.46617518e+00 -8.05535208e+00
 -1.92925782e+00 -8.96841957e+00
 -2.34627532e+00 -1.01145117e+01
 -3.18533519e+00 -1.15822911e+01
 -4.65667968e+00 -1.34951422e+01
 -7.06482482e+00 -1.59896193e+01
 -1.17322398e+01 -1.90019518e+01
 -2.09807485e+01 -2.09728336e+01
 -3.59881912e+01 -1.39222378e+01
 -3.91224049e+01 8.49914483e+00
 -2.43772048e+01 1.98373441e+01
 -1.35914141e+01 1.89530179e+01
 -7.97332284e+00 1.59410268e+01
 -5.11309415e+00 1.33020921e+01
 -3.60005698e+00 1.12627061e+01
 -2.65962324e+00 9.70113109e+00
 -1.95248909e+00 8.48695233e+00
 -1.61809185e+00 7.52382037e+00
 -1.21721900e+00 6.74486374e+00
 -9.98839576e-01 6.10377318e+00
 -9.46566048e-01 5.56799985e+00
 -6.83608425e-01 5.11421441e+00
 -6.44412353e-01 4.72535601e+00
 -4.28377584e-01 4.38870688e+00
 -4.71990230e-01 4.09461780e+00
 -4.46113671e-01 3.83564884e+00
 -3.38908209e-01 3.60597910e+00
 -2.67977012e-01 3.40099368e+00
 -2.97997605e-01 3.21698963e+00
 -2.93679863e-01 3.05096309e+00
 -2.21219638e-01 2.90045297e+00
 -2.34836631e-01 2.76342444e+00
 -2.14564170e-01 2.63818101e+00
 -1.72499425e-01 2.52329743e+00
 -1.56988547e-01 2.41756780e+00
 -2.32685622e-01 2.31996511e+00
 -1.25374366e-01 2.22960947e+00
 -9.86987188e-02 2.14574269e+00
 -1.04049835e-01 2.06770810e+00
 -7.84056904e-02 1.99493409e+00
 -1.27947638e-01 1.92692088e+00
 -1.14806458e-01 1.86322957e+00
 -1.11534615e-01 1.80347321e+00
 -8.28522926e-02 1.74730929e+00
 -1.20980417e-01 1.69443364e+00
 -4.04337354e-02 1.64457513e+00
 -1.67624179e-01 1.59749137e+00
 -3.11677973e-02 1.55296500e+00
 -2.52010169e-02 1.51080052e+00
 -1.29958950e-01 1.47082162e+00
 -1.97032956e-01 1.43286889e+00
 2.01042655e-02 1.39679784e+00
 -7.21986367e-02 1.36247717e+00
 -5.33962667e-02 1.32978733e+00
 -5.40089521e-02 1.29861920e+00
 -1.27896915e-02 1.26887298e+00
 -1.20454890e-01 1.24045723e+00
 -9.95204918e-02 1.21328797e+00
 -1.07188844e-01 1.18728794e+00
 -8.94680510e-02 1.16238596e+00
 -8.62197736e-02 1.13851628e+00
 -6.16311216e-02 1.11561813e+00
 -8.08652702e-02 1.09363517e+00
 -6.72754394e-02 1.07251514e+00
 -1.37172246e-01 1.05220947e+00
 -4.31978491e-02 1.03267294e+00
 -4.87239861e-02 1.01386336e+00
 -6.97901967e-02 9.95741369e-01
 -3.49864095e-02 9.78270110e-01
 -3.80086930e-02 9.61415067e-01
 5.05296238e-02 9.45143846e-01
 -1.25463879e-01 9.29425995e-01
 1.22060554e-01 9.14232841e-01
 -1.36658456e-02 8.99537340e-01
 -3.01601147e-02 8.85313935e-01
 -1.83535194e-01 8.71538434e-01
 -1.41108783e-02 8.58187888e-01
 -1.34977513e-02 8.45240487e-01
 -8.79529464e-02 8.32675455e-01
 9.15147642e-02 8.20472957e-01
 -1.66953060e-02 8.08614008e-01
 -6.35817453e-02 7.97080395e-01
 1.90056308e-03 7.85854589e-01
 7.38640599e-03 7.74919673e-01
 1.20481166e-02 7.64259269e-01
 6.56835851e-03 7.53857463e-01
 -8.45521426e-02 7.43698734e-01
 -6.16594915e-02 7.33767887e-01
 -7.81988787e-02 7.24049978e-01
 3.27011753e-02 7.14530248e-01
 6.28438069e-02 7.05194043e-01
 -4.78396408e-02 6.96026741e-01
 1.00706541e-02 6.87013674e-01
 -7.03943368e-02 6.78140039e-01
 8.07415824e-02 6.69390808e-01
 1.10926880e-01 6.60750630e-01
 -1.63861408e-01 6.52203721e-01
 -4.95164796e-03 6.43733744e-01
 -8.67771471e-02 6.35323675e-01
 3.64582458e-02 6.26955649e-01
 -6.09948669e-02 6.18610793e-01
 5.68138372e-02 6.10269022e-01
 -6.26288967e-03 6.01908815e-01
 -5.14754250e-03 5.93506952e-01
 6.08695974e-02 5.85038202e-01
 1.83303790e-02 5.76474962e-01
 -3.75209248e-02 5.67786820e-01
 -1.26747188e-01 5.58940049e-01
 1.04203762e-02 5.49896982e-01
 -6.18458365e-03 5.40615266e-01
 -5.65586505e-02 5.31046956e-01
 -8.30721778e-02 5.21137394e-01
 -3.26609075e-02 5.10823837e-01
 -5.12408963e-02 5.00033734e-01
 -4.18296408e-02 4.88682570e-01
 -1.20120023e-02 4.76671139e-01
 -7.83695296e-02 4.63882041e-01
 -1.85630418e-02 4.50175170e-01
 -2.67165472e-02 4.35381811e-01
 -4.86017348e-02 4.19296843e-01
 -5.79281650e-02 4.01668309e-01
 4.42751361e-02 3.82183271e-01
 -6.54714441e-02 3.60448364e-01
 -1.20302722e-02 3.35962640e-01
 -5.57721430e-02 3.08079081e-01
 -7.86117598e-02 2.75949141e-01
 -9.37542642e-02 2.38441678e-01
 -1.32431420e-01 1.94023012e-01
 -1.48281692e-01 1.40578906e-01
 -2.03565309e-01 7.51552208e-02
 -2.11915430e-01 -6.38942257e-03
 -2.62233566e-01 -1.09701334e-01
 -4.70132034e-01 -2.41465179e-01
 -5.89757727e-01 -4.04297866e-01
 -1.00357069e+00 -5.68196111e-01
 -1.70342256e+00 -5.42776727e-01
 -2.50961672e+00 2.32433595e-01
 -2.26853887e+00 1.50385422e+00
 -1.34821150e+00 1.94110608e+00
 -8.34341753e-01 1.85693928e+00
 -4.66161585e-01 1.68621661e+00
 -2.76878976e-01 1.53532663e+00
 -2.29122762e-01 1.41596542e+00
 -1.27398447e-01 1.32282962e+00
 -8.81199060e-02 1.24945563e+00
 -1.67627730e-02 1.19077539e+00
 -2.93864630e-02 1.14312873e+00
 -3.62200078e-02 1.10390614e+00
 -6.97888976e-02 1.07123229e+00
 -5.76110683e-02 1.04373932e+00
 -9.16020074e-02 1.02041282e+00
 -9.50862684e-02 1.00048797e+00
 -2.08433878e-01 9.83379113e-01
 -8.45958851e-02 9.68631278e-01
 6.18299086e-03 9.55886362e-01
 -1.11833454e-01 9.44859131e-01
 3.31053812e-02 9.35319934e-01
 1.97545030e-03 9.27082068e-01
 -6.67971963e-03 9.19992419e-01
 -4.82681533e-02 9.13924429e-01
 -5.02519766e-02 9.08772765e-01
 -5.04053256e-02 9.04449212e-01
 -1.05237354e-01 9.00879498e-01
 9.40369928e-02 8.98000795e-01
 3.05780776e-03 8.95759753e-01
 6.80137188e-02 8.94110927e-01
 2.28608686e-02 8.93015520e-01
 1.38058003e-01 8.92440361e-01
 -3.10160459e-02 8.92357076e-01
 -4.29114920e-03 8.92741412e-01
 -6.38664451e-04 8.93572675e-01
 1.25846283e-02 8.94833274e-01
 -1.39705773e-02 8.96508332e-01
 7.63446844e-02 8.98585373e-01
 -2.67790654e-02 9.01054051e-01
 -9.90855151e-03 9.03905932e-01
 -6.52868208e-03 9.07134306e-01
 -2.43877838e-02 9.10734030e-01
 -7.43441611e-02 9.14701397e-01
 5.19592289e-02 9.19034031e-01
 -3.93422480e-02 9.23730795e-01
 -1.24186636e-01 9.28791717e-01
 -5.85244480e-02 9.34217929e-01
 -1.28950729e-02 9.40011624e-01
 4.53695870e-04 9.46176015e-01
 -5.63528361e-02 9.52715310e-01
 6.82523892e-02 9.59634693e-01
 -5.45729098e-02 9.66940319e-01
 3.78354791e-02 9.74639306e-01
 2.28963268e-02 9.82739743e-01
 8.59333585e-02 9.91250705e-01
 -7.52875568e-02 1.00018227e+00
 1.18951422e-01 1.00954554e+00
 -7.52357357e-02 1.01935268e+00
 1.14635610e-01 1.02961697e+00
 2.10054924e-02 1.04035281e+00
 3.46766129e-02 1.05157583e+00
 -2.81221016e-02 1.06330292e+00
 -3.15170730e-02 1.07555228e+00
 -1.23335737e-02 1.08834355e+00
 6.08614258e-03 1.10169786e+00
 2.29600296e-02 1.11563794e+00
 7.30537652e-02 1.13018824e+00
 9.50984417e-02 1.14537503e+00
 3.86593620e-02 1.16122656e+00
 -2.76934139e-02 1.17777320e+00
 4.86978087e-02 1.19504761e+00
 1.41141004e-01 1.21308491e+00
 3.64053322e-02 1.23192294e+00
 1.13484010e-02 1.25160241e+00
 3.01698604e-02 1.27216724e+00
 6.50029594e-02 1.29366479e+00
 -4.97621926e-03 1.31614622e+00
 1.24454717e-01 1.33966680e+00
 5.59285576e-02 1.36428638e+00
 -5.11476240e-02 1.39006977e+00
 3.99598684e-02 1.41708731e+00
 1.03980662e-01 1.44541540e+00
 6.30587191e-02 1.47513717e+00
 1.71099418e-03 1.50634320e+00
 3.56180044e-02 1.53913235e+00
 2.10142604e-02 1.57361274e+00
 4.89295228e-02 1.60990277e+00
 3.61543768e-02 1.64813241e+00
 1.08296920e-01 1.68844459e+00
 2.52463702e-02 1.73099684e+00
 1.06413430e-01 1.77596320e+00
 6.48829647e-02 1.82353634e+00
 4.98293879e-02 1.87393019e+00
 1.77234580e-01 1.92738286e+00
 1.15930014e-01 1.98416012e+00
 5.47381892e-02 2.04455953e+00
 1.18047918e-01 2.10891529e+00
 1.46503149e-01 2.17760397e+00
 1.26148805e-01 2.25105145e+00
 1.33063011e-01 2.32974113e+00
 1.58110551e-01 2.41422396e+00
 1.67511543e-01 2.50513052e+00
 2.06676768e-01 2.60318584e+00
 2.39709149e-01 2.70922761e+00
 1.61886709e-01 2.82422873e+00
 2.60221101e-01 2.94932549e+00
 2.82536235e-01 3.08585296e+00
 2.92015007e-01 3.23538996e+00
 4.31432843e-01 3.39981663e+00
 3.57753958e-01 3.58138891e+00
 4.08866262e-01 3.78283577e+00
 5.04980260e-01 4.00748790e+00
 6.30770567e-01 4.25944959e+00
 6.45048971e-01 4.54383172e+00
 7.11977797e-01 4.86707133e+00
 8.23785202e-01 5.23737616e+00
 9.35193626e-01 5.66535136e+00
 1.07612085e+00 6.16489369e+00
 1.47826654e+00 6.75447909e+00
 1.61536551e+00 7.45901809e+00
 2.10864066e+00 8.31248065e+00
 2.66294870e+00 9.36135019e+00
 3.50502448e+00 1.06680533e+01
 4.86033130e+00 1.23093314e+01
 7.06508727e+00 1.43464571e+01
 1.08539679e+01 1.66659540e+01
 1.79562409e+01 1.82731980e+01
 2.90463623e+01 1.50149390e+01
 3.71163007e+01 3.68622347e-01
 2.98408966e+01 -1.49584312e+01
 1.85503150e+01 -1.88365719e+01
 1.13432707e+01 -1.73846912e+01
 7.29234161e+00 -1.50729911e+01
 5.09681150e+00 -1.30153351e+01
 3.69600965e+00 -1.13528263e+01
 2.77837339e+00 -1.00291125e+01
 2.16134832e+00 -8.96742724e+00
 1.67601393e+00 -8.10447402e+00
 1.45944511e+00 -7.39294735e+00
 1.10344551e+00 -6.79824795e+00
 1.02482496e+00 -6.29500928e+00
 8.57553124e-01 -5.86442914e+00
 7.28566957e-01 -5.49237647e+00
 6.51037988e-01 -5.16807633e+00
 5.19762809e-01 -4.88319647e+00
 4.99371798e-01 -4.63120747e+00
 3.37059249e-01 -4.40692911e+00
 3.87823856e-01 -4.20620451e+00
 4.17053024e-01 -4.02566280e+00
 2.82276390e-01 -3.86254399e+00
 4.02656685e-01 -3.71456817e+00
 3.02297319e-01 -3.57983658e+00
 3.55083080e-01 -3.45675589e+00
 2.13928449e-01 -3.34397983e+00
 1.71632641e-01 -3.24036350e+00
 2.62714359e-01 -3.14492748e+00
 1.57440382e-01 -3.05682927e+00
 1.30582285e-01 -2.97534043e+00
 4.79219063e-02 -2.89982814e+00
 1.88535788e-01 -2.82974025e+00
 1.58592815e-01 -2.76459298e+00
 8.35019344e-02 -2.70396082e+00
 6.15456541e-02 -2.64746824e+00
 1.40237162e-01 -2.59478269e+00
 3.51684523e-02 -2.54560878e+00
 4.22460147e-02 -2.49968343e+00
 -3.51968848e-03 -2.45677166e+00
 4.26707710e-02 -2.41666319e+00
 8.76045694e-02 -2.37916934e+00
 3.28252448e-02 -2.34412055e+00
 1.16675525e-01 -2.31136418e+00
 8.15781154e-02 -2.28076259e+00
 1.28929723e-01 -2.25219153e+00
 7.56242991e-02 -2.22553875e+00
 1.15583867e-01 -2.20070272e+00
 -8.98136158e-03 -2.17759162e+00
 3.20973419e-02 -2.15612236e+00
 4.67249541e-02 -2.13621982e+00
 5.45801855e-03 -2.11781608e+00
 3.36627651e-02 -2.10084985e+00
 4.49956430e-02 -2.08526590e+00
 -2.96728582e-02 -2.07101456e+00
 1.40378568e-01 -2.05805136e+00
 -2.96966686e-03 -2.04633662e+00
 -9.25843128e-03 -2.03583513e+00
 1.08760184e-04 -2.02651591e+00
 -2.42704517e-03 -2.01835194e+00
 -3.77318115e-02 -2.01131996e+00
 7.60232307e-02 -2.00540033e+00
 4.93273459e-02 -2.00057684e+00
 -2.57150366e-04 -1.99683662e+00
 2.55549691e-02 -1.99417006e+00
 3.81596509e-02 -1.99257072e+00
 6.11491764e-02 -1.99203530e+00
 2.91995816e-02 -1.99256362e+00
 6.43710492e-02 -1.99415862e+00
 -2.23074994e-02 -1.99682641e+00
 9.30892769e-02 -2.00057627e+00
 -8.79598919e-03 -2.00542077e+00
 2.03579449e-02 -2.01137583e+00
 4.32238855e-02 -2.01846089e+00
 -1.55545611e-02 -2.02669901e+00
 -1.22010093e-02 -2.03611711e+00
 -1.58700539e-02 -2.04674612e+00
 -6.05950898e-03 -2.05862128e+00
 -2.06184504e-02 -2.07178244e+00
 -1.22919627e-01 -2.08627435e+00
 -4.47031676e-02 -2.10214707e+00
 1.24067473e-02 -2.11945643e+00
 2.12353864e-02 -2.13826453e+00
 -8.87764731e-02 -2.15864029e+00
 -3.02746819e-02 -2.18066017e+00
 -2.42818752e-02 -2.20440886e+00
 -7.97926580e-02 -2.22998024e+00
 -9.45740912e-02 -2.25747830e+00
 -3.52229426e-02 -2.28701833e+00
 -5.26960574e-02 -2.31872825e+00
 -4.23681750e-02 -2.35275013e+00
 1.36157417e-03 -2.38924197e+00
 -1.23329665e-01 -2.42837978e+00
 -6.41901261e-02 -2.47035995e+00
 -2.76568318e-02 -2.51540212e+00
 -5.99073617e-02 -2.56375243e+00
 -1.00326946e-01 -2.61568747e+00
 -9.59114204e-02 -2.67151888e+00
 -1.45754803e-01 -2.73159885e+00
 -1.89033586e-01 -2.79632667e+00
 -1.82488941e-01 -2.86615669e+00
 -1.08864408e-01 -2.94160778e+00
 -1.07466714e-01 -3.02327503e+00
 -1.52612447e-01 -3.11184384e+00
 -2.25927894e-01 -3.20810744e+00
 -2.18674893e-01 -3.31298854e+00
 -2.12312892e-01 -3.42756636e+00
 -2.89737883e-01 -3.55311067e+00
 -3.05513446e-01 -3.69112502e+00
 -3.33294386e-01 -3.84340209e+00
 -3.20065822e-01 -4.01209535e+00
 -4.64646469e-01 -4.19981258e+00
 -4.43562914e-01 -4.40973948e+00
 -5.61972854e-01 -4.64580473e+00
 -5.07124002e-01 -4.91290306e+00
 -7.51583886e-01 -5.21720030e+00
 -8.56243339e-01 -5.56655536e+00
 -1.03480187e+00 -5.97111006e+00
 -1.06634888e+00 -6.44411932e+00
 -1.40994435e+00 -7.00311963e+00
 -1.71662397e+00 -7.67154625e+00
 -2.20373404e+00 -8.48084239e+00
 -2.84131679e+00 -9.47270163e+00
 -3.74152883e+00 -1.06993952e+01
 -5.20842056e+00 -1.22134882e+01
 -7.65283444e+00 -1.40120767e+01
 -1.16320212e+01 -1.57989680e+01
 -1.87187957e+01 -1.61107832e+01
 -2.83385276e+01 -1.05684653e+01
 -3.14571845e+01 3.25322345e+00
 -2.37203188e+01 1.35937829e+01
 -1.49299465e+01 1.55415248e+01
 -9.45189069e+00 1.41932836e+01
 -6.29059888e+00 1.23296343e+01
 -4.28998087e+00 1.06642503e+01
 -3.23390561e+00 9.29781566e+00
 -2.48805565e+00 8.19372772e+00
 -1.97241631e+00 7.29714723e+00
 -1.52996066e+00 6.56088480e+00
 -1.30326342e+00 5.94861331e+00
 -1.02826551e+00 5.43316151e+00
 -8.81404271e-01 4.99425450e+00
 -7.17086983e-01 4.61664837e+00
 -8.07754738e-01 4.28875084e+00
 -5.34654870e-01 4.00163519e+00
 -5.55743835e-01 3.74834024e+00
 -4.26028764e-01 3.52337141e+00
 -3.83253991e-01 3.32234197e+00
 -3.28117791e-01 3.14171216e+00
 -2.61491050e-01 2.97859737e+00
 -3.39090838e-01 2.83062523e+00
 -1.23738289e-01 2.69582813e+00
 -1.97767910e-01 2.57256131e+00
 -2.36121334e-01 2.45943986e+00
 -2.49301263e-01 2.35528982e+00
 -2.29755486e-01 2.25910979e+00
 -1.33380614e-01 2.17004054e+00
 -1.73655039e-01 2.08734088e+00
 -2.07349102e-01 2.01036809e+00
 -1.57229209e-01 1.93856226e+00
 -1.09506399e-01 1.87143338e+00
 -1.78237611e-01 1.80855087e+00
 -6.53346251e-02 1.74953479e+00
 -8.85910675e-02 1.69404872e+00
 -1.13724616e-01 1.64179366e+00
 -2.83007004e-02 1.59250301e+00
 -5.97589871e-02 1.54593829e+00
 -1.10423076e-01 1.50188555e+00
 -9.47915290e-02 1.46015229e+00
 8.94482229e-03 1.42056483e+00
 -9.42590760e-02 1.38296605e+00
 -1.36050891e-01 1.34721351e+00
 -1.12860281e-01 1.31317770e+00
 6.12146671e-02 1.28074064e+00
 -9.89020777e-02 1.24979462e+00
 -6.31952357e-02 1.22024106e+00
 -3.68938453e-02 1.19198959e+00
 -1.05110579e-01 1.16495718e+00
 -6.51366046e-02 1.13906739e+00
 -1.01707183e-01 1.11424973e+00
 4.67079708e-02 1.09043908e+00
 -6.73130824e-02 1.06757515e+00
 -9.98015791e-02 1.04560204e+00
 2.70565031e-02 1.02446782e+00
 1.93421734e-02 1.00412417e+00
 -2.48185759e-02 9.84526046e-01
 2.07508539e-02 9.65631388e-01
 -7.29031259e-02 9.47400849e-01
 -1.88903389e-02 9.29797555e-01
 -2.15832606e-02 9.12786889e-01
 -5.68869912e-02 8.96336290e-01
 -8.01086355e-02 8.80415076e-01
 -3.97994206e-02 8.64994273e-01
 -1.39442190e-01 8.50046467e-01
 -1.04162032e-01 8.35545666e-01
 -2.55752925e-02 8.21467166e-01
 -3.28075035e-03 8.07787434e-01
 -1.93719873e-02 7.94483997e-01
 -7.03928360e-02 7.81535334e-01
 8.03138296e-02 7.68920783e-01
 -6.78570565e-02 7.56620440e-01
 3.93946017e-02 7.44615072e-01
 -2.54255855e-02 7.32886035e-01
 -1.09234724e-01 7.21415182e-01
 6.33801882e-02 7.10184786e-01
 -7.84971026e-02 6.99177458e-01
 -3.11350052e-02 6.88376064e-01
 -3.70049110e-02 6.77763641e-01
 -4.76206289e-02 6.67323319e-01
 -6.68086413e-02 6.57038224e-01
 -4.43989487e-02 6.46891399e-01
 1.88450662e-02 6.36865696e-01
 4.82277727e-02 6.26943682e-01
 -6.94410433e-02 6.17107524e-01
 -6.05156192e-03 6.07338872e-01
 3.75718089e-02 5.97618722e-01
 -4.53854999e-02 5.87927274e-01
 -1.50560735e-02 5.78243764e-01
 1.81189664e-02 5.68546285e-01
 1.52457872e-02 5.58811571e-01
 -4.00816757e-03 5.49014763e-01
 5.76823884e-04 5.39129133e-01
 -3.02899447e-02 5.29125766e-01
 8.23000274e-04 5.18973191e-01
 5.98922840e-02 5.08636948e-01
 -3.34846986e-02 4.98079079e-01
 -7.90808945e-02 4.87257528e-01
 -3.00834023e-02 4.76125419e-01
 2.13557789e-02 4.64630195e-01
 -7.55229214e-02 4.52712587e-01
 -4.67308836e-02 4.40305345e-01
 -1.96210803e-02 4.27331708e-01
 1.28209212e-02 4.13703506e-01
 -3.09864127e-02 3.99318818e-01
 6.87292622e-02 3.84059045e-01
 -6.88428390e-03 3.67785220e-01
 -6.81754410e-02 3.50333340e-01
 1.96638536e-02 3.31508368e-01
 -1.07978432e-01 3.11076497e-01
 -2.55775446e-02 2.88755043e-01
 -5.43210254e-02 2.64199111e-01
 -1.50224491e-01 2.36983834e-01
 -9.44938385e-02 2.06580442e-01
 1.09864046e-02 1.72323703e-01
 -1.02417173e-01 1.33367223e-01
 -5.89402901e-02 8.86217234e-02
 -2.21421487e-01 3.66698334e-02
 -1.82864842e-01 -2.43498690e-02
 -1.32961185e-01 -9.68933376e-02
 -3.18592604e-01 -1.84179499e-01
 -3.10450205e-01 -2.90279640e-01
 -4.44104051e-01 -4.19737127e-01
 -6.92310386e-01 -5.75261667e-01
 -9.65127625e-01 -7.48157148e-01
 -1.42252265e+00 -8.82934228e-01
 -2.08252383e+00 -7.72158313e-01
 -3.03293768e+00 1.80458556e-02
 -2.95765813e+00 1.35011494e+00
 -2.15300013e+00 2.11843552e+00
 -1.37737364e+00 2.21894567e+00
 -8.72870816e-01 2.08299644e+00
 -6.24617182e-01 1.91171614e+00
 -3.68870379e-01 1.75844500e+00
 -4.72059958e-01 1.63136519e+00
 -2.65620027e-01 1.52769259e+00
 -2.36774387e-01 1.44290968e+00
 -1.87651451e-01 1.37298514e+00
 -1.59264631e-01 1.31473471e+00
 -1.43727144e-01 1.26572934e+00
 -1.57655792e-01 1.22412797e+00
 -5.11979308e-02 1.18852883e+00
 -3.68663364e-02 1.15785487e+00
 -2.39489754e-02 1.13126964e+00
 -3.68749490e-02 1.10811626e+00
 -5.08683136e-02 1.08787326e+00
 -7.98819788e-02 1.07012238e+00
 -7.90830026e-04 1.05452489e+00
 -5.18740131e-03 1.04080402e+00
 -7.72350075e-02 1.02873176e+00
 1.50639659e-02 1.01811886e+00
 -5.88730126e-02 1.00880716e+00
 1.31624725e-02 1.00066367e+00
 1.37393162e-03 9.93575929e-01
 2.31652801e-02 9.87448374e-01
 2.32118306e-02 9.82199440e-01
 -3.83408484e-02 9.77759249e-01
 -4.51624012e-03 9.74067745e-01
 8.67980186e-03 9.71073180e-01
 7.30819623e-02 9.68730882e-01
 -3.08224170e-04 9.67002241e-01
 3.64157109e-02 9.65853871e-01
 -2.80794126e-03 9.65256919e-01
 -5.47834732e-02 9.65186490e-01
 -2.47928303e-02 9.65621158e-01
 -2.45252974e-02 9.66542567e-01
 -1.53271056e-03 9.67935088e-01
 2.40354266e-02 9.69785531e-01
 3.97053431e-02 9.72082907e-01
 8.77940379e-02 9.74818218e-01
 3.28438676e-02 9.77984289e-01
 6.22867253e-02 9.81575621e-01
 7.28594459e-02 9.85588267e-01
 -1.07925692e-02 9.90019735e-01
 -1.93033117e-02 9.94868898e-01
 1.20814478e-02 1.00013593e+00
 7.82309630e-02 1.00582225e+00
 6.09772776e-02 1.01193047e+00
 1.14805006e-01 1.01846439e+00
 8.93154180e-03 1.02542894e+00
 4.44614695e-02 1.03283019e+00
 4.53075517e-02 1.04067536e+00
 7.27316305e-02 1.04897277e+00
 4.12558950e-02 1.05773193e+00
 1.75828074e-02 1.06696351e+00
 -2.61584146e-02 1.07667937e+00
 3.35074688e-03 1.08689262e+00
 2.78622516e-02 1.09761766e+00
 6.24067545e-02 1.10887021e+00
 -5.69508275e-02 1.12066742e+00
 4.27560926e-02 1.13302789e+00
 4.46614245e-02 1.14597178e+00
 5.29114280e-02 1.15952091e+00
 -1.21931230e-02 1.17369884e+00
 4.60135831e-02 1.18853101e+00
 6.27615292e-02 1.20404485e+00
 9.25197282e-02 1.22026995e+00
 3.30753264e-02 1.23723819e+00
 8.93860147e-02 1.25498397e+00
 1.04205762e-01 1.27354436e+00
 2.54581401e-02 1.29295934e+00
 1.13196425e-01 1.31327209e+00
 8.69792208e-02 1.33452921e+00
 1.12488322e-01 1.35678107e+00
 5.60799444e-02 1.38008215e+00
 -3.05641177e-02 1.40449146e+00
 1.06306757e-01 1.43007291e+00
 7.79861796e-02 1.45689588e+00
 1.11103867e-01 1.48503576e+00
 5.50032054e-02 1.51457453e+00
 1.11842785e-01 1.54560155e+00
 6.04362139e-02 1.57821432e+00
 1.76278436e-01 1.61251939e+00
 1.00673249e-01 1.64863345e+00
 8.76835765e-02 1.68668451e+00
 5.53806040e-02 1.72681324e+00
 1.64665903e-01 1.76917461e+00
 1.26641532e-01 1.81393965e+00
 1.35791311e-01 1.86129759e+00
 6.91626388e-04 1.91145831e+00
 1.04111749e-01 1.96465515e+00
 1.20595603e-01 2.02114831e+00
 1.57747526e-01 2.08122869e+00
 1.19834826e-01 2.14522259e+00
 1.98127813e-01 2.21349711e+00
 1.37456818e-01 2.28646674e+00
 2.00063868e-01 2.36460110e+00
 1.95448624e-01 2.44843435e+00
 1.61276759e-01 2.53857657e+00
 2.26826572e-01 2.63572749e+00
 3.87170337e-01 2.74069345e+00
 2.97577908e-01 2.85440821e+00
 2.81227522e-01 2.97795876e+00
 3.17338081e-01 3.11261764e+00
 3.14533328e-01 3.25988356e+00
 4.75530115e-01 3.42153307e+00
 4.67616395e-01 3.59968661e+00
 5.30186690e-01 3.79689402e+00
 5.29599257e-01 4.01624586e+00
 6.49377060e-01 4.26152013e+00
 7.49663394e-01 4.53737716e+00
 8.53567736e-01 4.84962100e+00
 9.52408914e-01 5.20555273e+00
 1.05358079e+00 5.61445041e+00
 1.34090245e+00 6.08822100e+00
 1.59680959e+00 6.64227562e+00
 1.89334135e+00 7.29666155e+00
 2.32081032e+00 8.07737704e+00
 3.06475838e+00 9.01738751e+00
 3.89197731e+00 1.01554605e+01
 5.26206755e+00 1.15261923e+01
 7.34962375e+00 1.31183914e+01
 1.09089214e+01 1.47245201e+01
 1.65697626e+01 1.54514744e+01
 2.48007656e+01 1.26297616e+01
 3.11430032e+01 2.71192276e+00
 2.83774387e+01 -9.62532798e+00
 2.01159901e+01 -1.54006671e+01
 1.31428534e+01 -1.57955776e+01
 8.74747882e+00 -1.44052617e+01
 6.17549212e+00 -1.27633205e+01
 4.47235005e+00 -1.12898362e+01
 3.48148581e+00 -1.00536257e+01
 2.67011221e+00 -9.03219977e+00
 2.05581351e+00 -8.18662831e+00
 1.70525599e+00 -7.48107299e+00
 1.43147273e+00 -6.88657572e+00
 1.03669691e+00 -6.38064921e+00
 1.08921143e+00 -5.94600200e+00
 9.30690872e-01 -5.56930956e+00
 7.63000451e-01 -5.24022958e+00
 6.41681554e-01 -4.95065900e+00
 4.79515858e-01 -4.69418498e+00
 5.52361424e-01 -4.46568093e+00
 4.42523877e-01 -4.26100842e+00
 4.74711904e-01 -4.07679558e+00
 4.05831243e-01 -3.91027110e+00
 4.04030800e-01 -3.75913861e+00
 3.11095798e-01 -3.62148077e+00
 2.91992086e-01 -3.49568532e+00
 3.04229513e-01 -3.38038761e+00
 2.29867838e-01 -3.27442539e+00
 2.75969634e-01 -3.17680321e+00
 1.84453576e-01 -3.08666385e+00
 1.18688075e-01 -3.00326550e+00
 1.66018242e-01 -2.92596326e+00
 1.75205800e-01 -2.85419401e+00
 2.01017704e-01 -2.78746409e+00
 1.04750304e-01 -2.72533910e+00
 1.17893627e-01 -2.66743547e+00
 1.13053257e-01 -2.61341338e+00
 1.86722375e-01 -2.56297088e+00
 9.87196218e-02 -2.51583892e+00
 1.01467245e-01 -2.47177714e+00
 1.44599222e-01 -2.43057032e+00
 1.06977779e-01 -2.39202533e+00
 1.11600529e-01 -2.35596851e+00
 9.30742188e-02 -2.32224348e+00
 9.29423839e-02 -2.29070914e+00
 1.69490424e-01 -2.26123811e+00
 9.50512019e-02 -2.23371517e+00
 1.08921587e-01 -2.20803612e+00
 1.80132366e-02 -2.18410661e+00
 -3.14183166e-02 -2.16184121e+00
 2.08826673e-02 -2.14116259e+00
 -3.17124234e-02 -2.12200079e+00
 5.52661659e-02 -2.10429257e+00
 4.21795141e-02 -2.08798086e+00
 5.58758409e-02 -2.07301424e+00
 3.46843543e-02 -2.05934658e+00
 -2.67965241e-02 -2.04693660e+00
 -7.03622633e-02 -2.03574754e+00
 5.81519833e-03 -2.02574693e+00
 5.57779722e-02 -2.01690630e+00
 8.84864849e-02 -2.00920096e+00
 -6.41739811e-03 -2.00260986e+00
 2.01126640e-02 -1.99711542e+00
 5.48835673e-02 -1.99270337e+00
 8.73482364e-03 -1.98936271e+00
 -2.79760270e-02 -1.98708562e+00
 -5.41545496e-02 -1.98586739e+00
 -1.73272525e-02 -1.98570638e+00
 -1.94158359e-02 -1.98660408e+00
 3.06397097e-02 -1.98856506e+00
 4.67154747e-02 -1.99159704e+00
 -1.94020521e-02 -1.99571094e+00
 -1.54798783e-02 -2.00092100e+00
 2.30268472e-02 -2.00724483e+00
 8.88222856e-03 -2.01470362e+00
 7.91587570e-04 -2.02332226e+00
 8.33970190e-02 -2.03312954e+00
 -1.02932596e-02 -2.04415844e+00
 -1.70278185e-02 -2.05644633e+00
 -2.02930271e-02 -2.07003531e+00
 -8.71407629e-02 -2.08497260e+00
 -2.25240435e-02 -2.10131092e+00
 -6.46171620e-02 -2.11910898e+00
 -5.51987882e-02 -2.13843203e+00
 2.53740653e-02 -2.15935246e+00
 -4.56377259e-02 -2.18195054e+00
 -6.38902253e-02 -2.20631520e+00
 -5.25906563e-02 -2.23254500e+00
 -2.55746907e-02 -2.26074918e+00
 -9.45646693e-02 -2.29104892e+00
 -1.52922059e-01 -2.32357874e+00
 -8.74328878e-02 -2.35848815e+00
 -4.00147254e-02 -2.39594359e+00
 -4.29775467e-02 -2.43613064e+00
 -1.06494244e-01 -2.47925663e+00
 -1.90915457e-01 -2.52555367e+00
 -2.32668484e-01 -2.57528225e+00
 -7.92680999e-02 -2.62873549e+00
 -9.13235751e-02 -2.68624412e+00
 -1.50866956e-01 -2.74818251e+00
 -1.75293963e-01 -2.81497584e+00
 -2.05846285e-01 -2.88710871e+00
 -2.26051058e-01 -2.96513558e+00
 -2.56753010e-01 -3.04969353e+00
 -2.73244987e-01 -3.14151779e+00
 -2.82243467e-01 -3.24146099e+00
 -3.71297685e-01 -3.35051695e+00
 -3.73598474e-01 -3.46985046e+00
 -4.02080206e-01 -3.60083483e+00
 -3.23487314e-01 -3.74509948e+00
 -4.68947108e-01 -3.90459088e+00
 -4.66069523e-01 -4.08165118e+00
 -5.66427174e-01 -4.27912066e+00
 -6.20816145e-01 -4.50047211e+00
 -6.32142456e-01 -4.74998885e+00
 -8.62838761e-01 -5.03300193e+00
 -7.86921305e-01 -5.35620798e+00
 -1.10980567e+00 -5.72809484e+00
 -1.26563457e+00 -6.15950667e+00
 -1.59427910e+00 -6.66437258e+00
 -1.91393380e+00 -7.26057506e+00
 -2.23259742e+00 -7.97075632e+00
 -2.87729733e+00 -8.82227613e+00
 -3.80317550e+00 -9.84366557e+00
 -5.32804875e+00 -1.10489139e+01
 -7.39427149e+00 -1.23815421e+01
 -1.09682230e+01 -1.35316794e+01
 -1.63021622e+01 -1.34214628e+01
 -2.31475188e+01 -9.48303092e+00
 -2.66896337e+01 -5.86219306e-02
 -2.27212915e+01 9.09625692e+00
 -1.58755406e+01 1.26925427e+01
 -1.06797519e+01 1.26658847e+01
 -7.30481632e+00 1.14883284e+01
 -5.21471077e+00 1.01621108e+01
 -3.76719456e+00 8.97024767e+00
 -2.97333899e+00 7.96157138e+00
 -2.28597876e+00 7.12039882e+00
 -1.83216154e+00 6.41817910e+00
 -1.52903486e+00 5.82792363e+00
 -1.27009621e+00 5.32738621e+00
 -9.55469836e-01 4.89901559e+00
 -9.00220078e-01 4.52913990e+00
 -7.73761711e-01 4.20710976e+00
 -7.53739113e-01 3.92458382e+00
 -5.90906898e-01 3.67497575e+00
 -5.14324339e-01 3.45303796e+00
 -3.58275039e-01 3.25455069e+00
 -4.82866415e-01 3.07608980e+00
 -4.09009806e-01 2.91485253e+00
 -3.69082605e-01 2.76852567e+00
 -2.79449948e-01 2.63518518e+00
 -3.45593509e-01 2.51321900e+00
 -3.44795290e-01 2.40126716e+00
 -2.84705140e-01 2.29817505e+00
 -2.54189980e-01 2.20295647e+00
 -1.81843561e-01 2.11476435e+00
 -3.07991121e-01 2.03286729e+00
 -1.36061019e-01 1.95663060e+00
 -1.68073255e-01 1.88550101e+00
 -8.55207772e-02 1.81899405e+00
 -1.08745302e-01 1.75668379e+00
 -1.58131293e-01 1.69819429e+00
 -6.93299763e-02 1.64319249e+00
 -9.72828714e-02 1.59138234e+00
 -8.82462518e-02 1.54249977e+00
 -1.10768013e-01 1.49630850e+00
 -2.09511133e-01 1.45259652e+00
 -1.37484328e-01 1.41117302e+00
 -1.59473021e-01 1.37186579e+00
 -9.09243510e-02 1.33451905e+00
 -5.88317204e-02 1.29899148e+00
 -1.61839527e-01 1.26515461e+00
 -1.00764711e-01 1.23289136e+00
 -7.98124024e-03 1.20209477e+00
 -1.08161419e-01 1.17266698e+00
 -8.22788058e-02 1.14451820e+00
 -7.70158683e-02 1.11756590e+00
 -1.75248242e-02 1.09173409e+00
 -1.57670164e-01 1.06695264e+00
 -7.15221073e-02 1.04315673e+00
 -8.33846881e-02 1.02028629e+00
 -1.02263962e-01 9.98285607e-01
 4.69617556e-02 9.77102859e-01
 -2.82510566e-02 9.56689787e-01
 -4.77774528e-02 9.37001351e-01
 -5.83869213e-02 9.17995440e-01
 -8.23694265e-02 8.99632605e-01
 -5.76009829e-02 8.81875817e-01
 -4.56265769e-02 8.64690251e-01
 -8.19250978e-02 8.48043084e-01
 -5.51536120e-02 8.31903317e-01
 -7.57606682e-03 8.16241603e-01
 -2.74403581e-02 8.01030101e-01
 -5.83230521e-02 7.86242325e-01
 1.67063454e-02 7.71853022e-01
 1.55462700e-02 7.57838043e-01
 -5.78538396e-02 7.44174231e-01
 -8.39086602e-03 7.30839309e-01
 3.04870800e-03 7.17811780e-01
 -4.52554507e-03 7.05070829e-01
 8.81026663e-03 6.92596223e-01
 -2.60808741e-02 6.80368223e-01
 -9.02899906e-02 6.68367491e-01
 -2.65487053e-02 6.56575001e-01
 1.54613425e-02 6.44971945e-01
 -5.54439047e-02 6.33539647e-01
 -3.83240193e-02 6.22259464e-01
 -6.36822891e-02 6.11112695e-01
 -9.46282490e-02 6.00080475e-01
 -4.24361427e-02 5.89143669e-01
 -1.01478328e-01 5.78282763e-01
 2.46918675e-02 5.67477733e-01
 -1.06846361e-02 5.56707920e-01
 7.48675312e-02 5.45951878e-01
 -2.18603678e-02 5.35187217e-01
 3.53853369e-02 5.24390417e-01
 -7.41687395e-02 5.13536634e-01
 -2.54279294e-02 5.02599466e-01
 -1.24795412e-02 4.91550696e-01
 -1.68051855e-02 4.80359997e-01
 -3.39533234e-02 4.68994589e-01
 -6.07823442e-02 4.57418848e-01
 -8.51623578e-02 4.45593846e-01
 -3.47627910e-02 4.33476818e-01
 -6.09539399e-02 4.21020528e-01
 -6.59135406e-02 4.08172532e-01
 -1.29550022e-02 3.94874291e-01
 -1.32490709e-02 3.81060117e-01
 -2.96326794e-02 3.66655902e-01
 -9.73038988e-03 3.51577591e-01
 3.66336876e-03 3.35729315e-01
 -1.24867156e-01 3.19001109e-01
 -4.29042651e-02 3.01266107e-01
 1.67787613e-02 2.82377054e-01
 -9.17907235e-02 2.62161956e-01
 -3.89466471e-02 2.40418602e-01
 -5.41783135e-02 2.16907614e-01
 -9.15599215e-02 1.91343572e-01
 -9.72081286e-02 1.63383573e-01
 -1.05718696e-01 1.32612371e-01
 -7.73724746e-02 9.85229439e-02
 -1.14237108e-01 6.04908980e-02
 -1.45192901e-01 1.77406148e-02
 -1.76116847e-01 -3.06995528e-02
 -1.71279166e-01 -8.60561714e-02
 -2.05917964e-01 -1.49886424e-01
 -2.48353450e-01 -2.24169923e-01
 -3.19926433e-01 -3.11403311e-01
 -4.23657967e-01 -4.14644240e-01
 -4.33182262e-01 -5.37329042e-01
 -6.50533447e-01 -6.82316075e-01
 -7.97737945e-01 -8.48461727e-01
 -1.28258318e+00 -1.01957128e+00
 -1.68651944e+00 -1.13149006e+00
 -2.42729301e+00 -9.95008657e-01
 -3.37192479e+00 -2.62770624e-01
 -3.49067246e+00 1.05812763e+00
 -2.80704846e+00 2.10355589e+00
 -2.09682477e+00 2.45432139e+00
 -1.37781332e+00 2.41687985e+00
 -9.57596337e-01 2.26001890e+00
 -7.20490755e-01 2.08968559e+00
 -5.25108404e-01 1.93664596e+00
 -3.78014835e-01 1.80642941e+00
 -2.47303092e-01 1.69725389e+00
 -2.46221232e-01 1.60575302e+00
 -2.61422390e-01 1.52867240e+00
 -1.85807083e-01 1.46328226e+00
 -2.42489920e-02 1.40739832e+00
 -1.27342293e-01 1.35929933e+00
 -1.02958257e-01 1.31763169e+00
 -1.55285429e-01 1.28132662e+00
 -4.00337837e-02 1.24953461e+00
 -1.29820930e-02 1.22157503e+00
 6.76263520e-03 1.19689807e+00
 -5.70181382e-03 1.17505593e+00
 -5.16668431e-02 1.15568104e+00
 -1.73083769e-02 1.13846937e+00
 -4.20772066e-02 1.12316775e+00
 7.08110765e-03 1.10956395e+00
 -2.60141484e-02 1.09747899e+00
 1.71565092e-02 1.08676113e+00
 -5.93552929e-03 1.07728104e+00
 -1.42920366e-02 1.06892803e+00
 -2.94625038e-02 1.06160698e+00
 -1.35855030e-03 1.05523583e+00
 9.92890586e-03 1.04974360e+00
 5.00067927e-02 1.04506873e+00
 5.40858221e-02 1.04115775e+00
 -2.66643139e-02 1.03796410e+00
 4.20547818e-03 1.03544726e+00
 -4.36224472e-03 1.03357194e+00
 -1.01261491e-01 1.03230742e+00
 -1.12497283e-01 1.03162705e+00
 2.54235319e-02 1.03150772e+00
 5.69868241e-02 1.03192951e+00
 -2.61560363e-02 1.03287537e+00
 7.52588852e-02 1.03433079e+00
 -4.10448019e-03 1.03628362e+00
 5.86393264e-02 1.03872382e+00
 -3.01029306e-02 1.04164330e+00
 3.39511993e-02 1.04503579e+00
 9.92650794e-02 1.04889671e+00
 6.55763108e-02 1.05322306e+00
 1.70194131e-02 1.05801334e+00
 -2.23028110e-03 1.06326747e+00
 -3.68055421e-03 1.06898677e+00
 1.38097150e-01 1.07517388e+00
 9.13941015e-02 1.08183274e+00
 8.60867803e-02 1.08896859e+00
 3.93065238e-02 1.09658792e+00
 8.31363848e-02 1.10469852e+00
 -9.06132919e-02 1.11330944e+00
 -3.34665811e-02 1.12243105e+00
 2.92423745e-02 1.13207505e+00
 9.28298534e-02 1.14225448e+00
 3.96564678e-02 1.15298383e+00
 9.58202236e-02 1.16427903e+00
 6.80497249e-02 1.17615754e+00
 8.16506828e-02 1.18863844e+00
 6.05553789e-02 1.20174248e+00
 1.41186405e-01 1.21549222e+00
 1.91250836e-02 1.22991210e+00
 5.09611138e-02 1.24502861e+00
 1.10931459e-01 1.26087038e+00
 -2.03519996e-03 1.27746836e+00
 2.42458744e-02 1.29485600e+00
 7.44147519e-02 1.31306945e+00
 -1.49166651e-03 1.33214774e+00
 6.75398224e-02 1.35213307e+00
 7.42105591e-02 1.37307103e+00
 1.18707452e-01 1.39501097e+00
 9.70927089e-02 1.41800628e+00
 2.31966328e-02 1.44211479e+00
 6.21185610e-02 1.46739921e+00
 5.82935352e-02 1.49392758e+00
 3.13401954e-02 1.52177385e+00
 1.50801986e-01 1.55101844e+00
 1.58456079e-02 1.58174900e+00
 2.93415781e-02 1.61406109e+00
 4.29864528e-02 1.64805916e+00
 1.23927299e-01 1.68385751e+00
 1.67861945e-01 1.72158145e+00
 7.44818918e-02 1.76136861e+00
 7.64616595e-02 1.80337048e+00
 1.09581679e-01 1.84775411e+00
 1.06331030e-01 1.89470415e+00
 7.43232684e-02 1.94442517e+00
 2.22864070e-01 1.99714438e+00
 1.16751396e-01 2.05311478e+00
 1.81439366e-01 2.11261884e+00
 1.54723955e-01 2.17597293e+00
 1.20355476e-01 2.24353240e+00
 2.61639353e-01 2.31569772e+00
 2.39032088e-01 2.39292176e+00
 2.19766063e-01 2.47571854e+00
 3.22135564e-01 2.56467370e+00
 2.56508427e-01 2.66045727e+00
 2.79101396e-01 2.76383918e+00
 3.42422930e-01 2.87570819e+00
 3.20821669e-01 2.99709540e+00
 3.77948541e-01 3.12920322e+00
 3.62834431e-01 3.27344174e+00
 4.30361061e-01 3.43147437e+00
 5.07490479e-01 3.60527577e+00
 6.30004233e-01 3.79720570e+00
 6.23077492e-01 4.01010412e+00
 6.19915832e-01 4.24741420e+00
 7.16741095e-01 4.51334256e+00
 9.98490991e-01 4.81306898e+00
 1.10944258e+00 5.15302082e+00
 1.15868570e+00 5.54123074e+00
 1.35902221e+00 5.98779481e+00
 1.62794832e+00 6.50543467e+00
 1.98539824e+00 7.11011469e+00
 2.60611176e+00 7.82150284e+00
 3.19595223e+00 8.66258619e+00
 4.07668626e+00 9.65636458e+00
 5.37820486e+00 1.08134759e+01
 7.38434643e+00 1.20926396e+01
 1.03847538e+01 1.32823925e+01
 1.50778944e+01 1.36829626e+01
 2.14173059e+01 1.15305122e+01
 2.70029274e+01 4.49553252e+00
 2.67892030e+01 -5.57326667e+00
 2.10149962e+01 -1.22842748e+01
 1.47038651e+01 -1.42076738e+01
 1.02448658e+01 -1.37261674e+01
 7.17691291e+00 -1.25227830e+01
 5.36241199e+00 -1.12515054e+01
 3.93603622e+00 -1.01071075e+01
 3.17925447e+00 -9.12570406e+00
 2.49348735e+00 -8.29537144e+00
 2.04422969e+00 -7.59303278e+00
 1.64901423e+00 -6.99595057e+00
 1.47066033e+00 -6.48475250e+00
 1.15140398e+00 -6.04373535e+00
 1.03828491e+00 -5.66038865e+00
 9.66669505e-01 -5.32478154e+00
 6.98035733e-01 -5.02900933e+00
 6.27300738e-01 -4.76674376e+00
 6.71316804e-01 -4.53288221e+00
 6.20561613e-01 -4.32327854e+00
 4.56076924e-01 -4.13453751e+00
 4.23486113e-01 -3.96385752e+00
 3.50462292e-01 -3.80890980e+00
 3.61063482e-01 -3.66774511e+00
 2.91936587e-01 -3.53872106e+00
 2.80995760e-01 -3.42044519e+00
 2.95291692e-01 -3.31173007e+00
 2.51541836e-01 -3.21155751e+00
 3.34173359e-01 -3.11904996e+00
 2.69540774e-01 -3.03344747e+00
 2.68594550e-01 -2.95408893e+00
 1.97127534e-01 -2.88039679e+00
 1.65919788e-01 -2.81186454e+00
 1.89522298e-01 -2.74804629e+00
 1.56903801e-01 -2.68854819e+00
 1.03201782e-01 -2.63302122e+00
 1.51792131e-01 -2.58115519e+00
 1.47405842e-01 -2.53267362e+00
 8.98557440e-02 -2.48732947e+00
 5.05997224e-02 -2.44490146e+00
 4.41028310e-02 -2.40519098e+00
 1.53103831e-01 -2.36801942e+00
 1.63284149e-01 -2.33322585e+00
 1.31223322e-02 -2.30066504e+00
 1.26843300e-01 -2.27020582e+00
 1.41519082e-01 -2.24172950e+00
 4.52144730e-02 -2.21512866e+00
 4.81461491e-02 -2.19030597e+00
 5.99182318e-02 -2.16717327e+00
 2.97791142e-02 -2.14565067e+00
 -2.50570234e-02 -2.12566579e+00
 2.76412654e-02 -2.10715315e+00
 1.81560243e-01 -2.09005356e+00
 1.00957760e-01 -2.07431362e+00
 -2.24735467e-02 -2.05988526e+00
 2.36158104e-02 -2.04672539e+00
 -1.18001317e-02 -2.03479551e+00
 -5.70416463e-03 -2.02406145e+00
 2.42593890e-02 -2.01449312e+00
 1.03384851e-02 -2.00606422e+00
 1.13573197e-02 -1.99875215e+00
 -6.02929863e-02 -1.99253776e+00
 -3.55615454e-02 -1.98740528e+00
 -8.09151132e-03 -1.98334217e+00
 -4.79781910e-02 -1.98033907e+00
 -2.04775450e-03 -1.97838971e+00
 9.76667064e-02 -1.97749091e+00
 3.31605620e-02 -1.97764252e+00
 -1.56857584e-02 -1.97884747e+00
 3.05039612e-02 -1.98111178e+00
 -7.40689853e-02 -1.98444460e+00
 -6.25947273e-02 -1.98885832e+00
 5.11805119e-02 -1.99436861e+00
 3.02697051e-03 -2.00099462e+00
 1.17576692e-02 -2.00875909e+00
 -4.86488318e-02 -2.01768851e+00
 9.71018644e-03 -2.02781341e+00
 -1.54047411e-01 -2.03916853e+00
 -2.45725833e-02 -2.05179317e+00
 2.47552037e-02 -2.06573147e+00
 -8.88861189e-02 -2.08103287e+00
 -9.77115376e-02 -2.09775249e+00
 -1.30064575e-01 -2.11595164e+00
 -8.86893689e-02 -2.13569843e+00
 -5.80096155e-02 -2.15706840e+00
 -4.29942865e-02 -2.18014530e+00
 -1.26677081e-01 -2.20502194e+00
 -1.43485283e-01 -2.23180117e+00
 -3.65883264e-02 -2.26059705e+00
 -1.52139309e-01 -2.29153618e+00
 -1.12542025e-01 -2.32475915e+00
 -1.04809292e-01 -2.36042239e+00
 -6.22522038e-02 -2.39870014e+00
 -1.84034108e-01 -2.43978689e+00
 -1.39150718e-01 -2.48390013e+00
 -1.79917722e-01 -2.53128362e+00
 -1.08603249e-01 -2.58221125e+00
 -1.78743245e-01 -2.63699160e+00
 -1.55557466e-01 -2.69597332e+00
 -1.66081186e-01 -2.75955161e+00
 -2.27097396e-01 -2.82817593e+00
 -1.78755475e-01 -2.90235936e+00
 -3.27513949e-01 -2.98268982e+00
 -2.27135407e-01 -3.06984390e+00
 -2.54879949e-01 -3.16460368e+00
 -3.24119251e-01 -3.26787751e+00
 -3.43442585e-01 -3.38072579e+00
 -3.36178704e-01 -3.50439317e+00
 -3.12826916e-01 -3.64034904e+00
 -5.30361511e-01 -3.79033873e+00
 -5.06831108e-01 -3.95644882e+00
 -5.39564380e-01 -4.14119088e+00
 -5.56390991e-01 -4.34760942e+00
 -6.91806358e-01 -4.57942172e+00
 -7.90552601e-01 -4.84119918e+00
 -9.65916416e-01 -5.13860169e+00
 -1.01550015e+00 -5.47867677e+00
 -1.22066781e+00 -5.87022916e+00
 -1.62316261e+00 -6.32424338e+00
 -1.98521805e+00 -6.85426972e+00
 -2.49342704e+00 -7.47647887e+00
 -2.97803798e+00 -8.20851714e+00
 -3.92026122e+00 -9.06468413e+00
 -5.02023091e+00 -1.00403946e+01
 -6.91797016e+00 -1.10661433e+01
 -9.91125947e+00 -1.18792906e+01
 -1.40434295e+01 -1.17190143e+01
 -1.93182097e+01 -8.96492048e+00
 -2.29619715e+01 -2.28933188e+00
 -2.14567825e+01 5.55601901e+00
 -1.63885734e+01 1.00761273e+01
 -1.16555598e+01 1.11634829e+01
 -8.14510939e+00 1.06527698e+01
 -5.89192675e+00 9.67308428e+00
 -4.32632780e+00 8.66071493e+00
 -3.38042026e+00 7.74857570e+00
 -2.68450774e+00 6.96188812e+00
 -2.11591821e+00 6.29197017e+00
 -1.77245872e+00 5.72179545e+00
 -1.53668034e+00 5.23431849e+00
 -1.17747119e+00 4.81481566e+00
 -1.05997584e+00 4.45121229e+00
 -9.58404209e-01 4.13379327e+00
 -7.89056810e-01 3.85478133e+00
 -6.58531867e-01 3.60794077e+00
 -6.95303545e-01 3.38824769e+00
 -5.94508033e-01 3.19162866e+00
 -5.63165992e-01 3.01475743e+00
 -4.45826957e-01 2.85489812e+00
 -3.64001325e-01 2.70978420e+00
 -3.60013975e-01 2.57752482e+00
 -3.51293805e-01 2.45653201e+00
 -3.85759553e-01 2.34546359e+00
 -2.58250162e-01 2.24317829e+00
 -2.78339476e-01 2.14870017e+00
 -3.58412449e-01 2.06119012e+00
 -2.44277623e-01 1.97992302e+00
 -2.52250340e-01 1.90426927e+00
 -2.15693940e-01 1.83367968e+00
 -2.39997511e-01 1.76767323e+00
 -1.88975702e-01 1.70582681e+00
 -7.24567404e-02 1.64776689e+00
 -1.24169907e-01 1.59316249e+00
 -2.49954944e-01 1.54171931e+00
 -2.13743653e-01 1.49317482e+00
 -1.76595512e-01 1.44729409e+00
 -8.84119766e-02 1.40386628e+00
 -1.05690752e-01 1.36270162e+00
 -1.08836773e-01 1.32362882e+00
 -1.89072276e-01 1.28649290e+00
 -1.18933627e-01 1.25115327e+00
 -1.17610373e-01 1.21748207e+00
 -7.03267843e-02 1.18536277e+00
 -8.05884039e-02 1.15468892e+00
 6.33103629e-02 1.12536305e+00
 -1.01662469e-01 1.09729573e+00
 -5.07529447e-02 1.07040476e+00
 -1.45016153e-01 1.04461438e+00
 -2.10706769e-02 1.01985467e+00
 -8.23420091e-02 9.96060957e-01
 -9.48263225e-02 9.73173286e-01
 -8.40551458e-02 9.51135993e-01
 -7.53660100e-02 9.29897283e-01
 5.74506633e-03 9.09408867e-01
 -1.48766530e-02 8.89625635e-01
 -1.34187504e-03 8.70505364e-01
 2.07149755e-02 8.52008448e-01
 7.61558445e-02 8.34097656e-01
 -1.92994015e-02 8.16737918e-01
 -1.05586347e-01 7.99896120e-01
 -6.33764390e-02 7.83540923e-01
 -1.36376843e-01 7.67642594e-01
 -6.96309898e-02 7.52172851e-01
 -1.03453357e-01 7.37104722e-01
 -1.10500841e-01 7.22412404e-01
 -3.70481447e-02 7.08071146e-01
 1.72151479e-03 6.94057124e-01
 -6.36991440e-02 6.80347332e-01
 -1.05355374e-01 6.66919473e-01
 3.55456137e-02 6.53751858e-01
 -2.54017687e-02 6.40823304e-01
 -1.27098044e-01 6.28113036e-01
 -7.57314173e-02 6.15600587e-01
 -3.72771287e-02 6.03265707e-01
 -6.49044360e-03 5.91088258e-01
 -3.03412928e-02 5.79048118e-01
 3.64370395e-02 5.67125074e-01
 -1.72499149e-02 5.55298718e-01
 -5.84205675e-02 5.43548331e-01
 -3.99856653e-02 5.31852764e-01
 -6.63586445e-02 5.20190306e-01
 1.94299285e-02 5.08538546e-01
 -2.38598377e-02 4.96874218e-01
 2.63918037e-02 4.85173035e-01
 -1.00794370e-01 4.73409502e-01
 6.82428597e-03 4.61556703e-01
 -6.69168308e-02 4.49586073e-01
 -8.62793853e-02 4.37467129e-01
 -1.53489515e-02 4.25167172e-01
 -4.46449869e-02 4.12650938e-01
 -7.46428167e-02 3.99880208e-01
 3.28543630e-02 3.86813348e-01
 -6.44576496e-02 3.73404781e-01
 -7.20266642e-02 3.59604364e-01
 -4.62440871e-02 3.45356666e-01
 -6.09105509e-04 3.30600112e-01
 -8.79027480e-02 3.15265970e-01
 -1.01030414e-01 2.99277145e-01
 -5.46061613e-02 2.82546733e-01
 -6.17697506e-02 2.64976292e-01
 -1.58985374e-01 2.46453730e-01
 -1.30388666e-01 2.26850757e-01
 -2.29662895e-02 2.06019745e-01
 -1.73695775e-02 1.83789879e-01
 -1.57056681e-01 1.59962367e-01
 -1.23128604e-01 1.34304482e-01
 -8.76752138e-02 1.06542073e-01
 -5.85659734e-02 7.63500985e-02
 -3.64244241e-02 4.33406098e-02
 -1.00095890e-01 7.04737837e-03
 -1.87186598e-01 -3.30938174e-02
 -1.46130829e-01 -7.77705403e-02
 -1.84963168e-01 -1.27826211e-01
 -2.45402451e-01 -1.84301428e-01
 -2.54254226e-01 -2.48485243e-01
 -2.20583874e-01 -3.21975318e-01
 -2.36030808e-01 -4.06739143e-01
 -4.02721925e-01 -5.05149484e-01
 -5.13719148e-01 -6.19915924e-01
 -5.03516457e-01 -7.53695721e-01
 -7.37725423e-01 -9.07789274e-01
 -1.05032951e+00 -1.07829285e+00
 -1.40354251e+00 -1.24537149e+00
 -1.91967712e+00 -1.34553567e+00
 -2.62205036e+00 -1.21541102e+00
 -3.55970999e+00 -5.68640657e-01
 -3.94877539e+00 6.82391756e-01
 -3.57014648e+00 1.92220327e+00
 -2.65175086e+00 2.55204247e+00
 -1.91422298e+00 2.67371780e+00
 -1.35427593e+00 2.57166524e+00
 -1.04022217e+00 2.40554435e+00
 -8.31043693e-01 2.23703961e+00
 -5.60209692e-01 2.08532529e+00
 -5.69283918e-01 1.95409860e+00
 -3.65909544e-01 1.84201214e+00
 -3.43984340e-01 1.74641327e+00
 -2.46558965e-01 1.66461105e+00
 -1.79775692e-01 1.59425293e+00
 -2.05770590e-01 1.53338952e+00
 -4.17801398e-02 1.48043849e+00
 -1.65197571e-01 1.43412362e+00
 -1.14051735e-01 1.39341513e+00
 -1.59404780e-01 1.35747896e+00
 -8.68825345e-02 1.32563577e+00
 -4.84903564e-02 1.29732878e+00
 -9.00905064e-02 1.27209869e+00
 -3.74810401e-02 1.24956411e+00
 -1.34228208e-01 1.22940639e+00
 -1.79043603e-01 1.21135764e+00
 -2.17629847e-02 1.19519144e+00
 -4.48208526e-03 1.18071535e+00
 4.38913219e-02 1.16776504e+00
 3.64645148e-02 1.15619955e+00
 -1.10047814e-01 1.14589749e+00
 -5.54748511e-02 1.13675391e+00
 -4.47278022e-02 1.12867779e+00
 2.02948624e-02 1.12158998e+00
 -4.50114586e-02 1.11542149e+00
 -2.94682454e-02 1.11011205e+00
 -8.85761393e-02 1.10560896e+00
 9.05642643e-03 1.10186608e+00
 -5.13474221e-02 1.09884304e+00
 1.99333013e-02 1.09650447e+00
 3.76166550e-02 1.09481950e+00
 -1.01490477e-02 1.09376120e+00
 1.80519054e-02 1.09330617e+00
 -1.00187636e-02 1.09343418e+00
 8.06823623e-02 1.09412785e+00
 5.51082548e-02 1.09537243e+00
 -2.47691569e-02 1.09715550e+00
 4.02007994e-03 1.09946685e+00
 5.13476090e-02 1.10229828e+00
 2.53685059e-02 1.10564348e+00
 2.21128372e-03 1.10949789e+00
 3.30506044e-02 1.11385863e+00
 -5.35283498e-02 1.11872441e+00
 6.46600832e-02 1.12409546e+00
 5.76894305e-03 1.12997349e+00
 -3.84321841e-02 1.13636164e+00
 3.05972255e-02 1.14326450e+00
 5.30822195e-02 1.15068801e+00
 6.03039190e-02 1.15863954e+00
 7.06761442e-02 1.16712786e+00
 1.18177405e-02 1.17616314e+00
 9.32493595e-02 1.18575702e+00
 8.99187039e-02 1.19592260e+00
 -1.23600429e-02 1.20667455e+00
 2.69093772e-02 1.21802906e+00
 9.31093931e-02 1.23000404e+00
 2.11546474e-01 1.24261908e+00
 2.41273432e-02 1.25589563e+00
 6.84585703e-02 1.26985702e+00
 6.56187198e-02 1.28452868e+00
 -9.11449537e-02 1.29993815e+00
 4.71028059e-02 1.31611535e+00
 1.24036348e-01 1.33309264e+00
 3.72570131e-02 1.35090510e+00
 5.25765120e-02 1.36959065e+00
 -9.33907081e-03 1.38919037e+00
 6.01455517e-02 1.40974869e+00
 1.43448155e-01 1.43131371e+00
 1.50677357e-01 1.45393755e+00
 1.04915605e-01 1.47767667e+00
 1.18015786e-01 1.50259232e+00
 1.15453178e-01 1.52875098e+00
 3.22479325e-02 1.55622488e+00
 1.75580491e-02 1.58509261e+00
 4.99167633e-02 1.61543973e+00
 4.55415115e-02 1.64735959e+00
 1.29230845e-01 1.68095412e+00
 6.59882985e-02 1.71633482e+00
 5.72968998e-02 1.75362385e+00
 1.57075764e-01 1.79295530e+00
 8.32159209e-02 1.83447662e+00
 2.13267994e-01 1.87835029e+00
 1.26364445e-01 1.92475571e+00
 1.45308004e-01 1.97389142e+00
 2.47225408e-01 2.02597764e+00
 2.15396259e-01 2.08125928e+00
 1.10267262e-01 2.14000941e+00
 2.00908226e-01 2.20253334e+00
 2.28360469e-01 2.26917344e+00
 2.73034809e-01 2.34031483e+00
 2.55528544e-01 2.41639213e+00
 2.11602416e-01 2.49789756e+00
 2.83152905e-01 2.58539057e+00
 4.22342972e-01 2.67950955e+00
 2.92350830e-01 2.78098592e+00
 3.44864755e-01 2.89066133e+00
 2.45667712e-01 3.00950877e+00
 4.19792110e-01 3.13865850e+00
 5.01587283e-01 3.27943024e+00
 5.01226721e-01 3.43337325e+00
 6.50826717e-01 3.60231665e+00
 6.46514055e-01 3.78843282e+00
 7.19397343e-01 3.99431776e+00
 8.18848336e-01 4.22309337e+00
 9.23647143e-01 4.47853791e+00
 1.00876707e+00 4.76525213e+00
 1.08764941e+00 5.08886957e+00
 1.31496647e+00 5.45631786e+00
 1.53274747e+00 5.87613067e+00
 1.75937334e+00 6.35878601e+00
 2.10988175e+00 6.91698131e+00
 2.59818940e+00 7.56558301e+00
 3.30496018e+00 8.32053749e+00
 4.14735149e+00 9.19484453e+00
 5.37480849e+00 1.01865528e+01
 7.10673982e+00 1.12454949e+01
 9.74385292e+00 1.21855631e+01
 1.37319329e+01 1.24767085e+01
 1.89871451e+01 1.09079932e+01
 2.39664031e+01 5.81000752e+00
 2.53616306e+01 -2.35719517e+00
 2.16631634e+01 -9.33351608e+00
 1.61699602e+01 -1.24992508e+01
 1.16065164e+01 -1.29389512e+01
 8.38364535e+00 -1.22269481e+01
