 NaN NaN
 4.13319748e-02 1.21826985e+00
 7.32532325e-02 1.21852051e+00
 -1.59276119e-02 1.21893111e+00
 -7.52787029e-02 1.21950090e+00
 1.19192039e-02 1.22022968e+00
 6.34561832e-03 1.22111758e+00
 5.47276510e-04 1.22216496e+00
 -6.92007121e-03 1.22337233e+00
 4.61965064e-02 1.22474040e+00
 -1.00246251e-01 1.22627001e+00
 -3.65547718e-02 1.22796216e+00
 3.75429854e-02 1.22981797e+00
 -1.07057932e-01 1.23183871e+00
 5.60016508e-03 1.23402582e+00
 -1.03722594e-04 1.23638082e+00
 -1.17394058e-02 1.23890542e+00
 6.90488195e-02 1.24160146e+00
 7.85483804e-02 1.24447092e+00
 1.63084111e-02 1.24751593e+00
 -5.29153854e-03 1.25073878e+00
 5.18355786e-02 1.25414191e+00
 7.90940257e-02 1.25772793e+00
 -4.03408885e-02 1.26149962e+00
 5.80305206e-02 1.26545991e+00
 -6.81164531e-03 1.26961193e+00
 -2.82136030e-02 1.27395898e+00
 1.25114211e-02 1.27850458e+00
 7.30977110e-02 1.28325240e+00
 -5.35629052e-02 1.28820637e+00
 -1.23271937e-02 1.29337059e+00
 -1.18162793e-02 1.29874942e+00
 -6.37992105e-02 1.30434744e+00
 2.99621748e-02 1.31016947e+00
 3.00770703e-02 1.31622060e+00
 -3.31662876e-02 1.32250617e+00
 1.80425358e-02 1.32903182e+00
 3.34205712e-02 1.33580349e+00
 -1.02263183e-01 1.34282741e+00
 7.13877005e-02 1.35011014e+00
 1.09643208e-01 1.35765862e+00
 3.07413353e-02 1.36548010e+00
 -9.82971745e-02 1.37358225e+00
 -1.45277866e-01 1.38197314e+00
 -1.47412409e-02 1.39066125e+00
 -5.82968087e-02 1.39965552e+00
 1.19815508e-01 1.40896538e+00
 1.03311626e-01 1.41860075e+00
 5.83118798e-02 1.42857210e+00
 2.68277551e-03 1.43889047e+00
 9.57753279e-02 1.44956749e+00
 4.99119781e-02 1.46061545e+00
 3.08636324e-02 1.47204733e+00
 6.50881648e-02 1.48387683e+00
 7.13455575e-02 1.49611844e+00
 4.47840155e-02 1.50878748e+00
 -8.70716718e-02 1.52190017e+00
 -2.51843435e-03 1.53547366e+00
 -6.16585011e-02 1.54952614e+00
 -5.52025613e-02 1.56407691e+00
 -4.61231184e-02 1.57914640e+00
 -1.56145278e-02 1.59475635e+00
 6.85807680e-03 1.61092984e+00
 -5.33992326e-02 1.62769141e+00
 -6.06174521e-02 1.64506718e+00
 2.33083138e-02 1.66308499e+00
 6.74622609e-03 1.68177451e+00
 4.60808887e-02 1.70116741e+00
 2.32669897e-02 1.72129751e+00
 6.54657334e-02 1.74220100e+00
 2.87662495e-02 1.76391661e+00
 -1.97194955e-02 1.78648585e+00
 -6.69285520e-02 1.80995326e+00
 3.24949554e-03 1.83436668e+00
 1.64147668e-03 1.85977759e+00
 2.43141069e-02 1.88624141e+00
 -2.83671750e-03 1.91381793e+00
 -3.80189398e-02 1.94257169e+00
 1.84418377e-02 1.97257254e+00
 4.33749426e-02 2.00389610e+00
 7.17422762e-02 2.03662445e+00
 1.05603115e-02 2.07084678e+00
 6.70916060e-02 2.10666019e+00
 -6.31384480e-02 2.14417058e+00
 -2.11796436e-02 2.18349367e+00
 1.21085953e-02 2.22475617e+00
 8.43287748e-02 2.26809711e+00
 -1.94983310e-03 2.31366937e+00
 9.06254569e-02 2.36164141e+00
 -6.45374890e-02 2.41219939e+00
 -2.49682551e-03 2.46554948e+00
 3.64041976e-02 2.52192063e+00
 5.03008835e-02 2.58156783e+00
 1.10101238e-01 2.64477591e+00
 6.60229615e-02 2.71186402e+00
 -8.60277688e-03 2.78319095e+00
 8.27923658e-02 2.85916150e+00
 5.99648704e-02 2.94023410e+00
 5.82704016e-03 3.02692996e+00
 1.11520870e-01 3.11984418e+00
 4.27902758e-02 3.21965938e+00
 3.39274805e-02 3.32716235e+00
 8.79773930e-03 3.44326467e+00
 1.02440470e-01 3.56902849e+00
 1.16076718e-01 3.70569893e+00
 1.01816279e-01 3.85474516e+00
 1.76435535e-01 4.01791318e+00
 7.93205254e-02 4.19729411e+00
 2.13385995e-01 4.39541377e+00
 1.09299915e-01 4.61535166e+00
 2.68514625e-01 4.86090119e+00
 3.47979325e-01 5.13678875e+00
 2.19374730e-01 5.44897869e+00
 2.92042183e-01 5.80510576e+00
 3.58171519e-01 6.21510186e+00
 4.19351151e-01 6.69212664e+00
 4.46746147e-01 7.25398791e+00
 5.39699271e-01 7.92537980e+00
 5.48156108e-01 8.74154111e+00
 8.61284244e-01 9.75449802e+00
 1.15744106e+00 1.10442723e+01
 1.40588384e+00 1.27402637e+01
 2.10633339e+00 1.50651213e+01
 3.22203496e+00 1.84328303e+01
 5.42443587e+00 2.36888011e+01
 1.13013831e+01 3.27055493e+01
 3.16448024e+01 4.81680763e+01
 1.01036046e+02 1.55766088e+01
 4.23000597e+01 -5.02036223e+01
 1.38030542e+01 -3.45968332e+01
 6.44444761e+00 -2.43823463e+01
 3.55606961e+00 -1.85353925e+01
 2.41043693e+00 -1.48579107e+01
 1.64440356e+00 -1.23542189e+01
 1.19743057e+00 -1.05464474e+01
 9.30705998e-01 -9.18229239e+00
 7.75844575e-01 -8.11730153e+00
 5.60704027e-01 -7.26321461e+00
 4.96146758e-01 -6.56320811e+00
 4.29303314e-01 -5.97910304e+00
 3.07688387e-01 -5.48432458e+00
 2.15075545e-01 -5.05981768e+00
 2.53723717e-01 -4.69156958e+00
 2.82409615e-01 -4.36904903e+00
 2.18311493e-01 -4.08419021e+00
 1.91693266e-01 -3.83071227e+00
 1.66933857e-01 -3.60365206e+00
 2.09969334e-01 -3.39903617e+00
 1.93914163e-01 -3.21364606e+00
 1.77644041e-01 -3.04484707e+00
 9.11212856e-02 -2.89046172e+00
 9.63058787e-02 -2.74867471e+00
 9.26104665e-02 -2.61796052e+00
 7.42081239e-02 -2.49702779e+00
 1.08633271e-01 -2.38477593e+00
 1.02933654e-01 -2.28026112e+00
 9.70583339e-02 -2.18266922e+00
 1.51626414e-02 -2.09129418e+00
 1.22468399e-01 -2.00552055e+00
 1.13441604e-01 -1.92480933e+00
 3.69970838e-02 -1.84868636e+00
 3.87381501e-02 -1.77673271e+00
 5.53533295e-03 -1.70857682e+00
 1.20833507e-01 -1.64388786e+00
 3.87392182e-02 -1.58237018e+00
 3.17352891e-02 -1.52375866e+00
 4.52450663e-02 -1.46781476e+00
 1.19445104e-01 -1.41432317e+00
 9.34083399e-02 -1.36308890e+00
 -4.29825230e-02 -1.31393487e+00
 -4.54950377e-03 -1.26669975e+00
 2.51252455e-02 -1.22123612e+00
 -2.47867938e-02 -1.17740893e+00
 6.18609638e-02 -1.13509403e+00
 1.16798108e-01 -1.09417703e+00
 5.35057153e-02 -1.05455218e+00
 1.47635209e-02 -1.01612146e+00
 -5.13224567e-02 -9.78793735e-01
 -3.95166818e-02 -9.42484022e-01
 3.08263120e-02 -9.07112831e-01
 8.20253111e-02 -8.72605572e-01
 5.93344099e-03 -8.38892034e-01
 7.32917452e-02 -8.05905901e-01
 -2.15898627e-02 -7.73584324e-01
 8.21338788e-02 -7.41867527e-01
 1.25311883e-02 -7.10698441e-01
 1.32050134e-01 -6.80022380e-01
 5.21130529e-02 -6.49786725e-01
 1.39532047e-02 -6.19940644e-01
 2.75107069e-02 -5.90434814e-01
 4.66553389e-02 -5.61221173e-01
 4.10202303e-02 -5.32252672e-01
 -1.16562918e-02 -5.03483036e-01
 2.70879108e-02 -4.74866543e-01
 4.27729721e-02 -4.46357790e-01
 -4.28615363e-02 -4.17911474e-01
 7.69254206e-02 -3.89482169e-01
 -1.45216612e-02 -3.61024092e-01
 -4.94001362e-02 -3.32490879e-01
 -5.21382774e-02 -3.03835338e-01
 -2.08979546e-02 -2.75009197e-01
 1.57573514e-01 -2.45962845e-01
 4.50632983e-02 -2.16645046e-01
 -1.55920382e-02 -1.87002636e-01
 8.08728744e-02 -1.56980201e-01
 -3.32687158e-02 -1.26519720e-01
 -2.38733575e-02 -9.55601745e-02
 -4.86484556e-02 -6.40371265e-02
 9.92443745e-02 -3.18822392e-02
 -2.10769003e-02 9.77249093e-04
 1.12365707e-01 3.46191160e-02
 3.93091112e-02 6.91268207e-02
 4.42396731e-03 1.04590256e-01
 2.21496715e-02 1.41106599e-01
 -4.75003298e-02 1.78781289e-01
 -2.03378738e-02 2.17729136e-01
 6.08375460e-02 2.58075605e-01
 1.72401810e-02 2.99958291e-01
 8.55526474e-02 3.43528639e-01
 1.63213489e-02 3.88953936e-01
 3.32673072e-02 4.36419649e-01
 3.94783678e-02 4.86132176e-01
 5.56225153e-03 5.38322083e-01
 8.06131522e-03 5.93247959e-01
 3.70664337e-02 6.51201012e-01
 7.58188703e-02 7.12510581e-01
 4.45282939e-02 7.77550794e-01
 1.03792578e-01 8.46748648e-01
 4.32600123e-02 9.20593894e-01
 1.05189970e-01 9.99651200e-01
 1.13731816e-01 1.08457524e+00
 7.73246056e-02 1.17612956e+00
 1.75276358e-01 1.27521038e+00
 1.32919772e-01 1.38287683e+00
 1.40970955e-01 1.50038997e+00
 2.53065290e-01 1.62926331e+00
 2.11733028e-01 1.77132940e+00
 2.70970997e-01 1.92882856e+00
 2.44152139e-01 2.10452863e+00
 2.26266671e-01 2.30188958e+00
 2.30276049e-01 2.52529322e+00
 2.51644792e-01 2.78037040e+00
 2.50611377e-01 3.07447683e+00
 3.63941865e-01 3.41740220e+00
 3.83543456e-01 3.82245590e+00
 4.80027874e-01 4.30818126e+00
 7.04017238e-01 4.90115838e+00
 8.65646614e-01 5.64077131e+00
 1.08882324e+00 6.58768180e+00
 1.59840075e+00 7.83961302e+00
 2.33059538e+00 9.56198852e+00
 3.74240365e+00 1.20473684e+01
 6.55318834e+00 1.58020529e+01
 1.40228906e+01 2.12250087e+01
 3.50396531e+01 2.12000899e+01
 4.43458270e+01 -1.52642902e+01
 1.86710707e+01 -2.46876117e+01
 8.35237162e+00 -1.92147924e+01
 4.43270954e+00 -1.49409039e+01
 2.74188855e+00 -1.21269171e+01
 1.80329939e+00 -1.02071483e+01
 1.32246179e+00 -8.83175485e+00
 1.01052826e+00 -7.80395661e+00
 7.39708288e-01 -7.00921929e+00
 6.26866367e-01 -6.37750025e+00
 5.19074001e-01 -5.86392423e+00
 4.62719667e-01 -5.43854940e+00
 1.85467592e-01 -5.08069107e+00
 2.04784873e-01 -4.77562788e+00
 2.68194281e-01 -4.51261083e+00
 2.07825408e-01 -4.28361519e+00
 1.93085992e-01 -4.08253293e+00
 2.02420622e-01 -3.90463502e+00
 1.37343770e-01 -3.74620452e+00
 1.25913453e-01 -3.60428049e+00
 8.80865200e-02 -3.47647568e+00
 9.97666077e-02 -3.36084446e+00
 1.34700417e-01 -3.25578553e+00
 1.55372755e-01 -3.15996919e+00
 1.28411616e-01 -3.07228232e+00
 -8.95543709e-03 -2.99178614e+00
 1.02644813e-01 -2.91768352e+00
 1.56708375e-01 -2.84929335e+00
 1.25196495e-01 -2.78603027e+00
 6.74413878e-02 -2.72738856e+00
 1.10639958e-03 -2.67292908e+00
 2.91238456e-02 -2.62226883e+00
 1.52174295e-01 -2.57507230e+00
 1.10455423e-01 -2.53104441e+00
 1.15135654e-01 -2.48992476e+00
 7.32092876e-02 -2.45148271e+00
 -1.70669552e-02 -2.41551336e+00
 -4.09648193e-02 -2.38183414e+00
 -3.98192177e-02 -2.35028198e+00
 4.33740801e-03 -2.32071082e+00
 4.74582650e-02 -2.29298958e+00
 3.79114841e-02 -2.26700039e+00
 1.66876383e-02 -2.24263703e+00
 -6.43312753e-03 -2.21980368e+00
 -6.71085634e-02 -2.19841377e+00
 3.15059983e-02 -2.17838899e+00
 7.96410373e-02 -2.15965845e+00
 -3.11515088e-02 -2.14215796e+00
 -1.59056683e-02 -2.12582935e+00
 4.93247444e-02 -2.11061995e+00
 3.97358634e-02 -2.09648206e+00
 7.25149234e-02 -2.08337254e+00
 2.74834085e-03 -2.07125245e+00
 4.70176777e-02 -2.06008666e+00
 1.85445532e-02 -2.04984362e+00
 9.57199629e-02 -2.04049509e+00
 -1.28675958e-02 -2.03201590e+00
 1.10541607e-01 -2.02438378e+00
 2.39909273e-02 -2.01757917e+00
 4.03060167e-02 -2.01158512e+00
 5.39545188e-02 -2.00638712e+00
 2.28160038e-02 -2.00197302e+00
 2.90559330e-02 -1.99833297e+00
 2.16410889e-02 -1.99545932e+00
 3.28330403e-02 -1.99334659e+00
 -1.91266276e-02 -1.99199143e+00
 -1.18486907e-01 -1.99139261e+00
 -1.01925392e-01 -1.99155102e+00
 -5.85724373e-02 -1.99246969e+00
 -5.66919658e-02 -1.99415379e+00
 -4.11136402e-02 -1.99661071e+00
 -1.10356088e-01 -1.99985013e+00
 7.48912547e-02 -2.00388404e+00
 -5.39887836e-02 -2.00872693e+00
 -8.61333026e-02 -2.01439584e+00
 2.28687179e-02 -2.02091053e+00
 -7.17699221e-02 -2.02829365e+00
 5.51446291e-03 -2.03657093e+00
 -6.60842350e-02 -2.04577142e+00
 -3.35824437e-03 -2.05592773e+00
 -5.40292431e-02 -2.06707634e+00
 -5.41461277e-02 -2.07925796e+00
 -5.11249109e-02 -2.09251789e+00
 7.06479393e-02 -2.10690650e+00
 8.00682712e-03 -2.12247976e+00
 4.42413747e-02 -2.13929979e+00
 -5.15571154e-02 -2.15743560e+00
 -1.97872329e-03 -2.17696386e+00
 -2.25918701e-02 -2.19796982e+00
 3.61502750e-02 -2.22054837e+00
 -3.17679810e-02 -2.24480529e+00
 -4.38995834e-02 -2.27085867e+00
 -4.04739657e-02 -2.29884063e+00
 -1.53856706e-02 -2.32889928e+00
 -4.85970142e-02 -2.36120107e+00
 -1.48733292e-01 -2.39593358e+00
 -7.56585155e-02 -2.43330879e+00
 -1.41040069e-01 -2.47356707e+00
 -1.43655203e-01 -2.51698190e+00
 2.48467147e-03 -2.56386567e+00
 -3.89308642e-02 -2.61457664e+00
 -7.59981910e-02 -2.66952753e+00
 -6.81515967e-02 -2.72919613e+00
 -3.75886213e-02 -2.79413840e+00
 -1.71211991e-01 -2.86500502e+00
 -5.15886882e-02 -2.94256216e+00
 -6.88324275e-02 -3.02771807e+00
 -9.60226122e-02 -3.12155730e+00
 -1.59429121e-01 -3.22538530e+00
 -9.17679748e-02 -3.34078717e+00
 -2.03662921e-01 -3.46970617e+00
 -2.26564823e-01 -3.61454995e+00
 -1.88881776e-01 -3.77833680e+00
 -2.62499629e-01 -3.96490022e+00
 -3.07443973e-01 -4.17918065e+00
 -3.87768631e-01 -4.42765031e+00
 -4.48675475e-01 -4.71894629e+00
 -4.78672570e-01 -5.06483866e+00
 -6.34856738e-01 -5.48175305e+00
 -7.13386071e-01 -5.99323937e+00
 -1.00883408e+00 -6.63410245e+00
 -1.31794907e+00 -7.45750992e+00
 -1.80104787e+00 -8.54736124e+00
 -2.63504881e+00 -1.00385995e+01
 -4.40685910e+00 -1.21374819e+01
 -7.82484902e+00 -1.50171046e+01
 -1.63997766e+01 -1.73854624e+01
 -3.11409189e+01 -7.88709296e+00
 -2.48995643e+01 1.28202707e+01
 -1.17688855e+01 1.45863067e+01
 -6.03625273e+00 1.15552477e+01
 -3.45260222e+00 9.02535153e+00
 -2.27896695e+00 7.22605172e+00
 -1.61953015e+00 5.93298305e+00
 -1.08426109e+00 4.97294570e+00
 -9.29404055e-01 4.23685842e+00
 -7.08032608e-01 3.65650663e+00
 -5.75325560e-01 3.18804137e+00
 -4.45256881e-01 2.80232095e+00
 -3.71478232e-01 2.47934877e+00
 -4.22533288e-01 2.20500178e+00
 -2.59779129e-01 1.96904731e+00
 -2.06023874e-01 1.76390273e+00
 -2.67999358e-01 1.58383657e+00
 -2.31464724e-01 1.42443989e+00
 -1.82145612e-01 1.28226771e+00
 -1.30684229e-01 1.15459047e+00
 -9.04415700e-02 1.03921814e+00
 -1.54018459e-01 9.34373569e-01
 -8.69121261e-02 8.38599804e-01
 -1.33375658e-01 7.50691123e-01
 -1.66333755e-01 6.69641135e-01
 -1.41482278e-01 5.94603179e-01
 -1.33667790e-01 5.24859761e-01
 -3.99765537e-02 4.59798728e-01
 -7.65581155e-02 3.98894501e-01
 -5.29444686e-02 3.41693168e-01
 -3.39055045e-02 2.87800538e-01
 -1.19674421e-02 2.36872487e-01
 -9.23536986e-03 1.88607114e-01
 -5.55645143e-02 1.42738307e-01
 -5.90905232e-02 9.90304430e-02
 -8.01591083e-02 5.72739867e-02
 -4.54749443e-04 1.72818240e-02
 -7.93659887e-02 -2.11138194e-02
 -4.96176299e-02 -5.80639739e-02
 2.78129969e-02 -9.37051276e-02
 -5.00909806e-02 -1.28161101e-01
 6.59696138e-02 -1.61544652e-01
 1.21583768e-03 -1.93958853e-01
 2.29197315e-03 -2.25498287e-01
 -6.95537981e-02 -2.56250075e-01
 -4.73912681e-02 -2.86294780e-01
 -1.07378773e-01 -3.15707191e-01
 -9.18835466e-02 -3.44557020e-01
 4.55059094e-03 -3.72909511e-01
 3.43138694e-02 -4.00825979e-01
 -9.22797071e-02 -4.28364300e-01
 -5.76550313e-03 -4.55579340e-01
 -7.30366758e-03 -4.82523349e-01
 4.62316497e-02 -5.09246312e-01
 -1.25061858e-03 -5.35796276e-01
 8.59499000e-02 -5.62219645e-01
 8.95285832e-03 -5.88561454e-01
 -8.24536888e-02 -6.14865631e-01
 -4.73674767e-02 -6.41175232e-01
 -4.43858713e-02 -6.67532675e-01
 -2.48332107e-02 -6.93979960e-01
 3.88327509e-02 -7.20558876e-01
 -6.21002712e-02 -7.47311216e-01
 -1.21519905e-01 -7.74278979e-01
 -4.76578340e-02 -8.01504576e-01
 -9.10027223e-02 -8.29031035e-01
 -6.60634986e-02 -8.56902215e-01
 2.98312407e-03 -8.85163019e-01
 -6.44427575e-02 -9.13859621e-01
 -1.05205733e-01 -9.43039699e-01
 -2.74506626e-02 -9.72752687e-01
 3.13167042e-02 -1.00305003e+00
 -1.03232442e-01 -1.03398549e+00
 -1.38368445e-02 -1.06561542e+00
 -5.82478942e-02 -1.09799910e+00
 -5.35297212e-02 -1.13119914e+00
 -8.97426761e-02 -1.16528180e+00
 -6.08203680e-02 -1.20031751e+00
 -3.40642994e-03 -1.23638127e+00
 -8.53831635e-02 -1.27355324e+00
 -1.19668155e-01 -1.31191933e+00
 1.39338167e-02 -1.35157182e+00
 -8.66750362e-02 -1.39261018e+00
 -6.31287305e-02 -1.43514186e+00
 -2.59732900e-02 -1.47928325e+00
 -7.60282632e-03 -1.52516080e+00
 -6.59193244e-02 -1.57291220e+00
 -5.02659161e-02 -1.62268783e+00
 -3.07327287e-02 -1.67465237e+00
 -5.81473754e-02 -1.72898663e+00
 -3.88754078e-02 -1.78588972e+00
 -7.29017887e-02 -1.84558155e+00
 -5.26154293e-02 -1.90830572e+00
 -1.28856047e-01 -1.97433289e+00
 -6.39469611e-02 -2.04396478e+00
 -1.63666925e-01 -2.11753885e+00
 -1.32629243e-01 -2.19543388e+00
 -1.08037508e-01 -2.27807653e+00
 -2.25706103e-01 -2.36594935e+00
 -1.40852947e-01 -2.45960022e+00
 -1.22980223e-01 -2.55965394e+00
 -2.11407839e-01 -2.66682631e+00
 -1.62936129e-01 -2.78194131e+00
 -2.09734058e-01 -2.90595244e+00
 -2.44315249e-01 -3.03996921e+00
 -1.66307552e-01 -3.18529038e+00
 -3.56598262e-01 -3.34344601e+00
 -2.83701428e-01 -3.51625122e+00
 -2.81241256e-01 -3.70587551e+00
 -2.58220351e-01 -3.91493319e+00
 -4.23227170e-01 -4.14660280e+00
 -2.91822217e-01 -4.40478672e+00
 -4.40076401e-01 -4.69432762e+00
 -5.70131301e-01 -5.02130650e+00
 -5.52137564e-01 -5.39345992e+00
 -6.47580502e-01 -5.82077491e+00
 -7.51232357e-01 -6.31635426e+00
 -9.41847843e-01 -6.89770232e+00
 -1.18291337e+00 -7.58868024e+00
 -1.51086602e+00 -8.42255015e+00
 -1.75918194e+00 -9.44682165e+00
 -2.30341642e+00 -1.07310890e+01
 -3.07165228e+00 -1.23796219e+01
 -4.45423816e+00 -1.45499417e+01
 -6.67958046e+00 -1.74685382e+01
 -1.09654277e+01 -2.13590869e+01
 -1.97626813e+01 -2.56718278e+01
 -3.82317086e+01 -2.40319115e+01
 -5.35841639e+01 2.35760060e+00
 -3.55383605e+01 2.55488392e+01
 -1.83487682e+01 2.56494096e+01
 -1.02245044e+01 2.12877728e+01
 -6.32089031e+00 1.75302313e+01
 -4.18625595e+00 1.47231005e+01
 -3.02425819e+00 1.26309118e+01
 -2.25487608e+00 1.10365281e+01
 -1.79191965e+00 9.79060950e+00
 -1.34880730e+00 8.79427982e+00
 -1.06068533e+00 7.98135601e+00
 -9.76352591e-01 7.30650404e+00
 -7.37404230e-01 6.73788016e+00
 -7.25763088e-01 6.25257145e+00
 -7.09913099e-01 5.83372347e+00
 -5.01124631e-01 5.46868929e+00
 -3.81250720e-01 5.14780856e+00
 -4.34555788e-01 4.86358338e+00
 -3.39249829e-01 4.61011030e+00
 -3.43437601e-01 4.38268082e+00
 -1.65182429e-01 4.17749554e+00
 -3.15945490e-01 3.99145602e+00
 -2.08602482e-01 3.82201108e+00
 -2.11344349e-01 3.66704153e+00
 -2.00419925e-01 3.52477289e+00
 -1.15625934e-01 3.39370820e+00
 -1.35858494e-01 3.27257602e+00
 -2.01189519e-01 3.16028957e+00
 -9.05967886e-02 3.05591448e+00
 -1.59014343e-01 2.95864303e+00
 -2.54543833e-01 2.86777341e+00
 -3.69306058e-02 2.78269291e+00
 -5.58293465e-02 2.70286429e+00
 -5.50412156e-02 2.62781442e+00
 -8.16326580e-02 2.55712505e+00
 1.15898936e-03 2.49042506e+00
 -9.99988490e-02 2.42738398e+00
 4.66913317e-02 2.36770653e+00
 -6.35142946e-02 2.31112812e+00
 -5.03356660e-02 2.25741086e+00
 -1.75397536e-01 2.20634030e+00
 -1.07432568e-01 2.15772261e+00
 -4.93925454e-02 2.11138207e+00
 9.36854370e-02 2.06715906e+00
 3.53390841e-03 2.02490816e+00
 -8.07435394e-02 1.98449666e+00
 -9.93227851e-02 1.94580309e+00
 -5.74944996e-02 1.90871608e+00
 -7.28767911e-02 1.87313331e+00
 1.85453578e-02 1.83896055e+00
 -3.35464784e-02 1.80611084e+00
 -6.34673779e-02 1.77450381e+00
 -5.69075498e-02 1.74406500e+00
 -5.45752545e-02 1.71472532e+00
 -4.23322528e-02 1.68642050e+00
 1.55614967e-02 1.65909068e+00
 -6.53208689e-02 1.63267998e+00
 -6.00564617e-02 1.60713611e+00
 -7.83336735e-02 1.58241011e+00
 -3.66000393e-02 1.55845596e+00
 -8.29861406e-03 1.53523039e+00
 -2.52972591e-02 1.51269258e+00
 -8.13057993e-02 1.49080396e+00
 -5.44331039e-02 1.46952798e+00
 -1.26680372e-01 1.44882995e+00
 -6.38488295e-02 1.42867685e+00
 4.69342086e-02 1.40903715e+00
 -3.73599680e-02 1.38988070e+00
 -1.69239454e-01 1.37117854e+00
 -4.30356961e-02 1.35290279e+00
 -1.27328281e-01 1.33502653e+00
 -8.81718037e-03 1.31752363e+00
 4.88441370e-02 1.30036870e+00
 -3.10057858e-02 1.28353693e+00
 -2.02844642e-02 1.26700398e+00
 -3.72373756e-02 1.25074586e+00
 5.72644468e-02 1.23473885e+00
 -9.64166054e-02 1.21895934e+00
 -8.39012765e-02 1.20338374e+00
 -6.90914345e-02 1.18798836e+00
 3.92139901e-02 1.17274926e+00
 -5.19772571e-02 1.15764211e+00
 5.89335012e-02 1.14264208e+00
 -4.75175184e-02 1.12772363e+00
 -5.35001933e-02 1.11286040e+00
 -4.23428171e-02 1.09802496e+00
 -2.97210223e-02 1.08318862e+00
 -1.22439040e-02 1.06832121e+00
 4.28885709e-02 1.05339079e+00
 -2.95435517e-02 1.03836336e+00
 1.19645494e-02 1.02320255e+00
 -6.28492214e-02 1.00786914e+00
 -7.14930118e-02 9.92320685e-01
 -9.81554680e-02 9.76510965e-01
 -1.79937426e-02 9.60389348e-01
 -4.80304887e-03 9.43900082e-01
 -5.13254698e-02 9.26981434e-01
 -7.13124007e-02 9.09564674e-01
 -4.05231501e-02 8.91572855e-01
 2.20167782e-02 8.72919354e-01
 -1.10534141e-01 8.53506103e-01
 -6.30655428e-02 8.33221430e-01
 2.75459335e-02 8.11937420e-01
 -6.43355145e-02 7.89506644e-01
 -2.37585433e-02 7.65758097e-01
 -3.51519863e-02 7.40492093e-01
 -2.24322484e-02 7.13473796e-01
 -8.20019323e-02 6.84424957e-01
 -8.64320205e-02 6.53013239e-01
 6.66275066e-02 6.18838275e-01
 -7.54819581e-02 5.81413261e-01
 -9.44835737e-02 5.40140316e-01
 -6.22717231e-02 4.94277068e-01
 -1.17026065e-01 4.42890651e-01
 -1.54382417e-01 3.84793349e-01
 -5.90853213e-02 3.18451007e-01
 -2.29653217e-01 2.41850289e-01
 -2.04465739e-01 1.52302617e-01
 -1.87475014e-01 4.61491531e-02
 -2.87524135e-01 -8.16902660e-02
 -2.48290753e-01 -2.38412227e-01
 -4.23382257e-01 -4.34384424e-01
 -5.17709719e-01 -6.84607167e-01
 -8.42042921e-01 -1.00995459e+00
 -1.23860903e+00 -1.43352858e+00
 -1.99741932e+00 -1.94454199e+00
 -3.62311120e+00 -2.27920781e+00
 -6.12717557e+00 -1.08754580e+00
 -6.66516147e+00 2.70455599e+00
 -4.14419481e+00 4.62187969e+00
 -2.33190440e+00 4.47168251e+00
 -1.39653172e+00 3.96171153e+00
 -9.20571586e-01 3.51501367e+00
 -6.28182752e-01 3.16990464e+00
 -4.46673477e-01 2.90579024e+00
 -3.73138566e-01 2.70060848e+00
 -2.79978166e-01 2.53806032e+00
 -2.84869152e-01 2.40683363e+00
 -1.08035323e-01 2.29909492e+00
 -1.79812447e-01 2.20933864e+00
 -6.05125236e-02 2.13361906e+00
 -9.08762518e-02 2.06905099e+00
 -1.25643326e-01 2.01348411e+00
 -8.87361271e-02 1.96528732e+00
 -6.71756950e-02 1.92320340e+00
 1.93178374e-03 1.88624917e+00
 1.64570826e-02 1.85364559e+00
 -7.68651698e-03 1.82476806e+00
 3.56750581e-03 1.79911035e+00
 -9.48395711e-02 1.77625826e+00
 -4.36369871e-02 1.75586980e+00
 -1.11443640e-01 1.73766041e+00
 -7.32130030e-03 1.72139156e+00
 5.24553214e-03 1.70686202e+00
 2.74781785e-02 1.69390099e+00
 9.94613383e-02 1.68236273e+00
 -9.37538201e-02 1.67212229e+00
 6.44841056e-02 1.66307209e+00
 1.41124362e-02 1.65511915e+00
 8.45381074e-02 1.64818284e+00
 -2.14045294e-02 1.64219307e+00
 -7.55287404e-02 1.63708875e+00
 -3.22026215e-02 1.63281659e+00
 -4.57091037e-03 1.62933000e+00
 6.12630386e-03 1.62658826e+00
 -1.45938422e-03 1.62455581e+00
 6.01631758e-02 1.62320160e+00
 1.09832375e-02 1.62249858e+00
 8.41125308e-02 1.62242330e+00
 -2.65958834e-02 1.62295549e+00
 2.65968393e-02 1.62407776e+00
 7.09788603e-02 1.62577534e+00
 8.25479403e-02 1.62803586e+00
 1.14740778e-02 1.63084913e+00
 -4.77058062e-02 1.63420698e+00
 2.96076656e-02 1.63810313e+00
 6.05467424e-03 1.64253307e+00
 7.92021348e-02 1.64749397e+00
 5.68314557e-02 1.65298459e+00
 -1.00997761e-02 1.65900521e+00
 -6.71394933e-02 1.66555758e+00
 1.99844023e-02 1.67264492e+00
 5.53692747e-02 1.68027184e+00
 -4.38823902e-03 1.68844435e+00
 -7.11286126e-02 1.69716988e+00
 5.67553518e-02 1.70645724e+00
 6.81675974e-02 1.71631668e+00
 -8.54013195e-02 1.72675990e+00
 3.65440036e-02 1.73780007e+00
 -3.25023825e-02 1.74945192e+00
 -1.20085526e-02 1.76173174e+00
 5.24445398e-02 1.77465751e+00
 -2.08634784e-02 1.78824892e+00
 1.35561165e-02 1.80252753e+00
 1.03387669e-01 1.81751680e+00
 3.28967102e-02 1.83324227e+00
 1.60049567e-02 1.84973168e+00
 3.44396306e-02 1.86701509e+00
 7.34426699e-02 1.88512510e+00
 6.00701333e-02 1.90409701e+00
 7.07585875e-02 1.92396905e+00
 1.30543363e-02 1.94478260e+00
 2.46563342e-03 1.96658248e+00
 8.08069483e-03 1.98941726e+00
 5.09523084e-02 2.01333957e+00
 8.54385937e-02 2.03840650e+00
 2.05511615e-02 2.06468004e+00
 6.97069971e-02 2.09222752e+00
 1.63328326e-01 2.12112220e+00
 6.99563077e-02 2.15144388e+00
 6.31895221e-02 2.18327955e+00
 9.94763310e-02 2.21672426e+00
 1.45424283e-01 2.25188194e+00
 5.02809839e-02 2.28886650e+00
 9.50924111e-02 2.32780294e+00
 1.15523967e-01 2.36882875e+00
 8.18919899e-02 2.41209546e+00
 6.85342178e-02 2.45777041e+00
 7.17242178e-02 2.50603884e+00
 3.50029349e-02 2.55710630e+00
 1.12496063e-01 2.61120150e+00
 1.73758530e-01 2.66857960e+00
 4.38030786e-02 2.72952608e+00
 1.49204892e-01 2.79436136e+00
 7.67498425e-02 2.86344628e+00
 9.42172175e-02 2.93718857e+00
 1.13034332e-01 3.01605072e+00
 1.49286566e-01 3.10055935e+00
 1.84232596e-01 3.19131670e+00
 1.88731714e-01 3.28901457e+00
 2.24329001e-01 3.39445150e+00
 1.60996487e-01 3.50855401e+00
 2.43973272e-01 3.63240308e+00
 3.49791218e-01 3.76726752e+00
 2.90859184e-01 3.91464612e+00
 2.75386130e-01 4.07632184e+00
 3.18025010e-01 4.25443161e+00
 3.57709010e-01 4.45155774e+00
 4.01519678e-01 4.67084860e+00
 4.97926451e-01 4.91618019e+00
 5.55778528e-01 5.19237520e+00
 5.40552094e-01 5.50550426e+00
 7.07469864e-01 5.86330646e+00
 8.66797623e-01 6.27578575e+00
 8.60077212e-01 6.75606991e+00
 1.11177629e+00 7.32166653e+00
 1.47154839e+00 7.99632111e+00
 1.74112259e+00 8.81277495e+00
 2.29242603e+00 9.81678290e+00
 3.08972909e+00 1.10724945e+01
 4.13615100e+00 1.26673756e+01
 5.92851051e+00 1.47049800e+01
 9.08156998e+00 1.72258446e+01
 1.49876381e+01 1.97651482e+01
 2.58663076e+01 1.93734292e+01
 3.83126350e+01 7.36770632e+00
 3.46829576e+01 -1.23234898e+01
 2.12832984e+01 -1.90896191e+01
 1.24308302e+01 -1.77758736e+01
 7.73311850e+00 -1.51192412e+01
 5.19723523e+00 -1.27679104e+01
 3.70662890e+00 -1.09030704e+01
 2.78544066e+00 -9.44254955e+00
 2.22902998e+00 -8.28620024e+00
 1.66634722e+00 -7.35549286e+00
 1.31514922e+00 -6.59370755e+00
 1.12666817e+00 -5.96040008e+00
 9.42799141e-01 -5.42649826e+00
 7.95271845e-01 -4.97079032e+00
 7.55905921e-01 -4.57753811e+00
 5.18932907e-01 -4.23486859e+00
 6.15737014e-01 -3.93368227e+00
 4.69458081e-01 -3.66690249e+00
 4.89435390e-01 -3.42895127e+00
 2.98422763e-01 -3.21537747e+00
 3.34669834e-01 -3.02258895e+00
 2.66940986e-01 -2.84765678e+00
 2.23229062e-01 -2.68817008e+00
 2.98763531e-01 -2.54212714e+00
 2.62918383e-01 -2.40785258e+00
 3.17128814e-01 -2.28393377e+00
 2.08505212e-01 -2.16917143e+00
 2.85826392e-01 -2.06254092e+00
 1.90407448e-01 -1.96316156e+00
 1.39417601e-01 -1.87027226e+00
 2.16226433e-01 -1.78321181e+00
 1.13206839e-01 -1.70140296e+00
 1.67429655e-01 -1.62433946e+00
 1.45045966e-01 -1.55157537e+00
 1.41103792e-01 -1.48271625e+00
 1.96512801e-01 -1.41741182e+00
 9.49072383e-03 -1.35534989e+00
 7.45621958e-02 -1.29625117e+00
 1.63109714e-01 -1.23986495e+00
 1.83876650e-01 -1.18596541e+00
 1.24616545e-01 -1.13434851e+00
 6.00565612e-02 -1.08482927e+00
 3.01649013e-02 -1.03723950e+00
 6.99641652e-02 -9.91425783e-01
 1.67133186e-01 -9.47247767e-01
 6.93715116e-02 -9.04576666e-01
 4.73370361e-02 -8.63293950e-01
 9.16072034e-02 -8.23290204e-01
 8.14306581e-02 -7.84464114e-01
 5.29522784e-02 -7.46721588e-01
 6.48666100e-02 -7.09974961e-01
 5.02281011e-02 -6.74142301e-01
 6.82921993e-02 -6.39146782e-01
 1.06615870e-01 -6.04916123e-01
 5.97732076e-02 -5.71382086e-01
 8.77738154e-02 -5.38480021e-01
 9.45344637e-02 -5.06148447e-01
 8.30404741e-02 -4.74328677e-01
 -2.21865146e-02 -4.42964470e-01
 -1.00166864e-02 -4.12001706e-01
 6.78215506e-02 -3.81388090e-01
 -2.22939956e-02 -3.51072868e-01
 1.05223165e-01 -3.21006562e-01
 1.12532060e-01 -2.91140721e-01
 4.57432862e-02 -2.61427671e-01
 2.99351767e-03 -2.31820283e-01
 -3.75867024e-02 -2.02271741e-01
 1.13068327e-02 -1.72735316e-01
 7.42048500e-02 -1.43164130e-01
 1.66026287e-01 -1.13510932e-01
 1.33606680e-01 -8.37278588e-02
 4.04183845e-02 -5.37661933e-02
 -2.98352852e-02 -2.35761112e-02
 -2.49046334e-02 6.89358347e-03
 8.49033734e-02 3.76957395e-02
 6.35556199e-02 6.88851577e-02
 3.96965664e-02 1.00518913e-01
 1.96988298e-02 1.32656705e-01
 5.56245027e-02 1.65361234e-01
 7.79423166e-02 1.98698622e-01
 1.06393284e-01 2.32738873e-01
 5.06107917e-02 2.67556378e-01
 1.37391908e-01 3.03230489e-01
 4.34885081e-02 3.39846148e-01
 3.18027477e-02 3.77494606e-01
 9.75786717e-02 4.16274231e-01
 3.02301719e-02 4.56291414e-01
 9.17637737e-02 4.97661617e-01
 2.17106539e-02 5.40510559e-01
 6.71495864e-02 5.84975576e-01
 8.36030102e-02 6.31207197e-01
 2.81414659e-02 6.79370950e-01
 1.01022140e-01 7.29649479e-01
 9.63873490e-02 7.82244994e-01
 1.35331127e-01 8.37382146e-01
 1.66664752e-01 8.95311418e-01
 2.02978680e-03 9.56313113e-01
 1.70796464e-01 1.02070211e+00
 9.31323603e-02 1.08883351e+00
 1.14055233e-01 1.16110948e+00
 1.54958474e-01 1.23798738e+00
 1.29719045e-01 1.31998981e+00
 1.67223851e-01 1.40771670e+00
 2.46504784e-01 1.50186030e+00
 2.25239009e-01 1.60322372e+00
 3.21332603e-01 1.71274404e+00
 2.51830339e-01 1.83152139e+00
 2.64760228e-01 1.96085588e+00
 2.55527042e-01 2.10229487e+00
 3.18270041e-01 2.25769408e+00
 3.19441242e-01 2.42929751e+00
 3.32512921e-01 2.61984298e+00
 4.53647310e-01 2.83270338e+00
 5.81597024e-01 3.07207784e+00
 5.66782397e-01 3.34325412e+00
 7.23690553e-01 3.65297363e+00
 6.85581880e-01 4.00994587e+00
 9.29730201e-01 4.42558260e+00
 1.05585040e+00 4.91505490e+00
 1.33200734e+00 5.49881639e+00
 1.65617864e+00 6.20475818e+00
 2.18110905e+00 7.07104455e+00
 2.89835656e+00 8.14892865e+00
 4.04226656e+00 9.50141567e+00
 5.88227853e+00 1.11788113e+01
 9.05098044e+00 1.30879566e+01
 1.47495956e+01 1.44122930e+01
 2.38496185e+01 1.17421106e+01
 3.04835697e+01 -2.77438568e-01
 2.44951329e+01 -1.28559163e+01
 1.52657076e+01 -1.60351885e+01
 9.32626442e+00 -1.48387062e+01
 6.03747610e+00 -1.29363888e+01
 4.23473315e+00 -1.12426880e+01
 3.03224312e+00 -9.87344332e+00
 2.26689370e+00 -8.78238952e+00
 1.82320487e+00 -7.90650118e+00
 1.37394983e+00 -7.19381160e+00
 1.18394413e+00 -6.60548229e+00
 1.06029435e+00 -6.11310623e+00
 8.22174285e-01 -5.69585630e+00
 7.19633967e-01 -5.33829450e+00
 5.91378220e-01 -5.02881776e+00
 4.85670319e-01 -4.75857829e+00
 5.05541441e-01 -4.52073368e+00
 3.38334998e-01 -4.30992163e+00
 3.31624680e-01 -4.12188749e+00
 3.65631971e-01 -3.95321672e+00
 2.89005237e-01 -3.80114009e+00
 2.28030899e-01 -3.66338988e+00
 2.37534428e-01 -3.53809250e+00
 2.47626670e-01 -3.42368723e+00
 2.25718805e-01 -3.31886413e+00
 1.53846548e-01 -3.22251603e+00
 1.61868601e-01 -3.13370110e+00
 1.52857640e-01 -3.05161331e+00
 1.73499064e-01 -2.97555901e+00
 9.15503249e-02 -2.90493818e+00
 1.59889486e-01 -2.83922927e+00
 2.32664874e-01 -2.77797689e+00
 8.81227661e-02 -2.72078177e+00
 6.67522538e-02 -2.66729243e+00
 1.43041206e-01 -2.61719836e+00
 1.25765729e-01 -2.57022429e+00
 2.17000835e-01 -2.52612542e+00
 1.36349390e-01 -2.48468337e+00
 1.23270651e-01 -2.44570282e+00
 1.38519949e-01 -2.40900859e+00
 1.21042534e-01 -2.37444321e+00
 5.77783495e-02 -2.34186482e+00
 2.62709685e-02 -2.31114532e+00
 4.55275834e-02 -2.28216887e+00
 7.40657655e-03 -2.25483050e+00
 3.19478935e-03 -2.22903500e+00
 -5.85309128e-03 -2.20469581e+00
 8.46679279e-02 -2.18173425e+00
 2.37077184e-02 -2.16007866e+00
 5.78395695e-02 -2.13966375e+00
 6.55842563e-02 -2.12043002e+00
 -7.85084183e-02 -2.10232324e+00
 -1.66137518e-02 -2.08529394e+00
 2.23865508e-02 -2.06929708e+00
 7.17166204e-02 -2.05429163e+00
 -1.98414666e-02 -2.04024028e+00
 4.62633351e-02 -2.02710918e+00
 5.40483327e-02 -2.01486765e+00
 3.81384771e-02 -2.00348803e+00
 1.11765295e-02 -1.99294540e+00
 7.27721829e-03 -1.98321753e+00
 -6.51752264e-03 -1.97428464e+00
 -6.10733702e-02 -1.96612932e+00
 7.47510098e-02 -1.95873643e+00
 2.26871215e-02 -1.95209300e+00
 5.66148973e-02 -1.94618816e+00
 5.04917809e-02 -1.94101311e+00
 5.88992205e-02 -1.93656103e+00
 1.13569847e-01 -1.93282711e+00
 2.33648582e-02 -1.92980849e+00
 3.18309924e-02 -1.92750429e+00
 -1.94127531e-02 -1.92591563e+00
 -3.70727477e-02 -1.92504565e+00
 -6.85236280e-02 -1.92489956e+00
 3.58030821e-02 -1.92548469e+00
 -1.24128418e-02 -1.92681061e+00
 3.57509282e-02 -1.92888918e+00
 -4.58016796e-02 -1.93173472e+00
 3.31231352e-02 -1.93536411e+00
 3.94959463e-03 -1.93979698e+00
 -5.95512747e-02 -1.94505590e+00
 8.88981122e-03 -1.95116661e+00
 -1.97142425e-02 -1.95815827e+00
 -7.14027524e-02 -1.96606380e+00
 -6.47214689e-02 -1.97492016e+00
 -1.82331212e-03 -1.98476882e+00
 -8.81680445e-04 -1.99565620e+00
 -1.10530883e-01 -2.00763417e+00
 -4.46061509e-02 -2.02076073e+00
 2.71006701e-02 -2.03510069e+00
 -3.79282964e-02 -2.05072649e+00
 -1.74033985e-02 -2.06771920e+00
 6.97550701e-02 -2.08616964e+00
 -2.38907252e-02 -2.10617967e+00
 -4.52160421e-02 -2.12786379e+00
 -4.04413205e-02 -2.15135098e+00
 -1.28256510e-01 -2.17678681e+00
 -9.68946890e-02 -2.20433610e+00
 -5.25061799e-02 -2.23418599e+00
 -5.03083810e-02 -2.26654964e+00
 -1.19467755e-01 -2.30167076e+00
 -3.38834480e-02 -2.33982907e+00
 -8.60905476e-02 -2.38134698e+00
 -1.17940504e-01 -2.42659781e+00
 -1.52908944e-01 -2.47601604e+00
 -1.36146204e-01 -2.53011003e+00
 -1.68351686e-01 -2.58947806e+00
 -9.11602049e-02 -2.65482875e+00
 -1.49293857e-01 -2.72700713e+00
 -1.00991040e-01 -2.80702844e+00
 -1.56444360e-01 -2.89612223e+00
 -3.02646004e-01 -2.99579066e+00
 -2.32846546e-01 -3.10788632e+00
 -3.33191369e-01 -3.23471744e+00
 -4.59819501e-01 -3.37919173e+00
 -3.93060587e-01 -3.54501537e+00
 -4.23687709e-01 -3.73697118e+00
 -5.68283379e-01 -3.96131009e+00
 -6.23820512e-01 -4.22630218e+00
 -7.99440919e-01 -4.54299928e+00
 -9.82029715e-01 -4.92622963e+00
 -1.41439488e+00 -5.39565534e+00
 -1.79696769e+00 -5.97592672e+00
 -2.48958909e+00 -6.69183269e+00
 -3.64546704e+00 -7.54200461e+00
 -5.52677393e+00 -8.38676688e+00
 -8.91076199e+00 -8.53603065e+00
 -1.32451530e+01 -5.92475269e+00
 -1.48252650e+01 5.90742177e-01
 -1.11087684e+01 5.46452068e+00
 -7.19231169e+00 6.38036301e+00
 -4.45297268e+00 5.74179642e+00
 -2.92191381e+00 4.86006321e+00
 -2.11167150e+00 4.07171089e+00
 -1.59253983e+00 3.42421782e+00
 -1.17511597e+00 2.90032161e+00
 -1.03705408e+00 2.47415988e+00
 -7.49718234e-01 2.12347763e+00
 -6.11521978e-01 1.83114212e+00
 -4.89366496e-01 1.58433818e+00
 -3.13035924e-01 1.37350267e+00
 -3.70163958e-01 1.19144481e+00
 -4.13808996e-01 1.03269575e+00
 -2.80296229e-01 8.93043541e-01
 -2.46426809e-01 7.69202986e-01
 -2.17006151e-01 6.58580406e-01
 -1.63332016e-01 5.59104424e-01
 -1.66661226e-01 4.69102956e-01
 -1.72409848e-01 3.87212722e-01
 -1.87321555e-01 3.12311885e-01
 -1.34043234e-01 2.43469323e-01
 -1.17606142e-01 1.79906023e-01
 -1.22168666e-01 1.20965361e-01
 -1.31623782e-01 6.60900263e-02
 -1.16739218e-01 1.48039122e-02
 -9.71568888e-02 -3.33022031e-02
 -6.34372081e-02 -7.85820845e-02
 -3.25305339e-02 -1.21343225e-01
 -1.63362465e-01 -1.61854286e-01
 -5.02341363e-02 -2.00351161e-01
 -1.67296669e-02 -2.37041958e-01
 -5.51626858e-02 -2.72111109e-01
 -7.13211145e-02 -3.05722789e-01
 -1.29868491e-02 -3.38023768e-01
 -8.90688158e-02 -3.69145812e-01
 -1.02061377e-01 -3.99207702e-01
 -1.71845333e-01 -4.28316954e-01
 -6.99435193e-02 -4.56571286e-01
 -5.90099013e-02 -4.84059866e-01
 -7.04469892e-02 -5.10864397e-01
 2.78336423e-02 -5.37060045e-01
 -2.05245718e-03 -5.62716254e-01
 -2.88274948e-02 -5.87897448e-01
 -1.45324941e-02 -6.12663654e-01
 3.70377074e-02 -6.37071045e-01
 -1.35658669e-01 -6.61172424e-01
 -1.65142652e-02 -6.85017653e-01
 -1.05679964e-01 -7.08654036e-01
 -6.99550605e-02 -7.32126664e-01
 -8.43417631e-02 -7.55478731e-01
 -2.97909794e-02 -7.78751812e-01
 2.66548989e-02 -8.01986131e-01
 -2.75962781e-02 -8.25220798e-01
 2.76360709e-02 -8.48494033e-01
 5.69130093e-04 -8.71843382e-01
 -4.64036112e-02 -8.95305913e-01
 3.77001500e-02 -9.18918409e-01
 -1.89528328e-02 -9.42717552e-01
 -3.49925560e-02 -9.66740107e-01
 -1.60940412e-01 -9.91023099e-01
 -6.03282441e-02 -1.01560399e+00
 -8.32876668e-02 -1.04052086e+00
 -1.39607934e-01 -1.06581259e+00
 2.28643827e-02 -1.09151905e+00
 -1.36930956e-01 -1.11768128e+00
 -6.61410354e-02 -1.14434171e+00
 -7.50275547e-03 -1.17154438e+00
 -5.08924286e-02 -1.19933513e+00
 -8.13187480e-02 -1.22776188e+00
 -7.03687284e-02 -1.25687488e+00
 -7.51734565e-03 -1.28672699e+00
 8.12167099e-03 -1.31737395e+00
 -1.08953538e-01 -1.34887480e+00
 -1.20525109e-01 -1.38129215e+00
 -4.18074368e-02 -1.41469266e+00
 -1.74845434e-01 -1.44914743e+00
 -7.28681039e-02 -1.48473254e+00
 -1.08275032e-01 -1.52152958e+00
 -1.08793965e-01 -1.55962625e+00
 -1.04184989e-01 -1.59911712e+00
 -3.44532087e-02 -1.64010431e+00
 -1.55576266e-01 -1.68269848e+00
 -4.61896529e-02 -1.72701973e+00
 -9.67247191e-02 -1.77319879e+00
 -1.02499873e-01 -1.82137830e+00
 -6.01626385e-02 -1.87171426e+00
 -1.18715787e-01 -1.92437778e+00
 -8.97699363e-02 -1.97955694e+00
 -1.98289283e-01 -2.03745914e+00
 -1.07477734e-01 -2.09831365e+00
 -8.79575108e-02 -2.16237463e+00
 -1.97759739e-01 -2.22992476e+00
 -5.58891513e-02 -2.30127933e+00
 -1.86017641e-01 -2.37679119e+00
 -2.20042504e-01 -2.45685656e+00
 -2.35316082e-01 -2.54192192e+00
 -3.66689812e-01 -2.63249231e+00
 -3.09555505e-01 -2.72914127e+00
 -3.47494963e-01 -2.83252281e+00
 -2.04940288e-01 -2.94338606e+00
 -2.72000736e-01 -3.06259311e+00
 -2.73843142e-01 -3.19114103e+00
 -3.14177120e-01 -3.33018912e+00
 -4.21821945e-01 -3.48109304e+00
 -3.12653767e-01 -3.64544771e+00
 -4.33321528e-01 -3.82514180e+00
 -5.74086529e-01 -4.02242759e+00
 -5.86584489e-01 -4.24001122e+00
 -6.18744035e-01 -4.48117052e+00
 -6.65891657e-01 -4.74991055e+00
 -6.71508375e-01 -5.05117074e+00
 -8.23843975e-01 -5.39110411e+00
 -9.48654229e-01 -5.77745703e+00
 -1.07484181e+00 -6.22009068e+00
 -1.25210498e+00 -6.73170119e+00
 -1.52212238e+00 -7.32881359e+00
 -1.86489804e+00 -8.03313475e+00
 -2.33153859e+00 -8.87330885e+00
 -2.94901287e+00 -9.88688257e+00
 -3.86440429e+00 -1.11213479e+01
 -5.14698552e+00 -1.26297054e+01
 -7.22547370e+00 -1.44435645e+01
 -1.05618381e+01 -1.64614685e+01
 -1.62513145e+01 -1.80360439e+01
 -2.51127058e+01 -1.67472346e+01
 -3.47086795e+01 -7.53319373e+00
 -3.45192964e+01 8.00118110e+00
 -2.49232351e+01 1.69571410e+01
 -1.61542037e+01 1.81206337e+01
 -1.04936989e+01 1.65240525e+01
 -7.19098071e+00 1.45138741e+01
 -5.07356808e+00 1.27123903e+01
 -3.84462801e+00 1.12150501e+01
 -2.99578422e+00 9.98936290e+00
 -2.40364782e+00 8.98261365e+00
 -1.92059451e+00 8.14775840e+00
 -1.61466840e+00 7.44763445e+00
 -1.27956062e+00 6.85388822e+00
 -1.09359679e+00 6.34502509e+00
 -9.78598605e-01 5.90467394e+00
 -8.58653777e-01 5.52025090e+00
 -6.80951816e-01 5.18197740e+00
 -5.86859992e-01 4.88216866e+00
 -6.89454192e-01 4.61471816e+00
 -4.30619807e-01 4.37472198e+00
 -5.29623647e-01 4.15820257e+00
 -4.93459175e-01 3.96190360e+00
 -3.80203054e-01 3.78313600e+00
 -4.50128104e-01 3.61966112e+00
 -3.09705249e-01 3.46960135e+00
 -2.73769314e-01 3.33137079e+00
 -2.91406005e-01 3.20362124e+00
 -3.54187010e-01 3.08519962e+00
 -2.61439929e-01 2.97511412e+00
 -2.38148682e-01 2.87250708e+00
 -2.49577529e-01 2.77663324e+00
 -2.02924005e-01 2.68684189e+00
 -2.19012408e-01 2.60256242e+00
 -1.06121033e-01 2.52329239e+00
 -1.56434072e-01 2.44858763e+00
 -6.85273536e-02 2.37805403e+00
 -7.99186609e-02 2.31134067e+00
 -8.96389691e-02 2.24813403e+00
 -1.86040514e-01 2.18815312e+00
 -5.42529791e-02 2.13114535e+00
 -1.37974505e-01 2.07688295e+00
 -1.29632449e-01 2.02516000e+00
 -1.71604792e-01 1.97578981e+00
 -5.10614543e-02 1.92860269e+00
 -4.47192096e-02 1.88344401e+00
 -1.57103992e-01 1.84017251e+00
 -1.37998776e-01 1.79865885e+00
 -9.92091550e-02 1.75878431e+00
 -1.62015653e-01 1.72043968e+00
 -8.50469401e-02 1.68352425e+00
 -1.38432873e-01 1.64794499e+00
 -1.26963827e-01 1.61361571e+00
 -5.55932726e-02 1.58045639e+00
 1.31451806e-02 1.54839263e+00
 -2.12667703e-01 1.51735501e+00
 -4.37519431e-02 1.48727867e+00
 -7.89296347e-02 1.45810286e+00
 5.18730122e-03 1.42977051e+00
 -9.53578168e-02 1.40222790e+00
 3.31313854e-04 1.37542435e+00
 -2.72797783e-02 1.34931187e+00
 4.63540914e-02 1.32384494e+00
 -6.68801545e-03 1.29898023e+00
 -1.11388964e-01 1.27467640e+00
 -1.26303305e-01 1.25089385e+00
 -1.05377447e-01 1.22759454e+00
 -1.14728038e-01 1.20474178e+00
 -1.56719873e-01 1.18230010e+00
 -2.94790513e-02 1.16023504e+00
 -4.88420141e-02 1.13851297e+00
 7.91032740e-02 1.11710100e+00
 -2.94021748e-02 1.09596674e+00
 -4.43422219e-02 1.07507823e+00
 -3.50390342e-02 1.05440371e+00
 4.54917158e-02 1.03391153e+00
 6.13773119e-02 1.01356995e+00
 -5.70840756e-02 9.93346992e-01
 -1.29409723e-01 9.73210291e-01
 -2.44801063e-02 9.53126883e-01
 -2.48758396e-02 9.33063041e-01
 8.03168501e-02 9.12984069e-01
 -7.24823628e-02 8.92854086e-01
 -7.39055281e-02 8.72635788e-01
 -8.05611567e-02 8.52290194e-01
 -8.70992766e-02 8.31776357e-01
 -1.47431927e-01 8.11051048e-01
 -6.91885391e-03 7.90068402e-01
 -1.10094990e-02 7.68779521e-01
 -1.54729079e-02 7.47132020e-01
 -3.13454934e-03 7.25069514e-01
 3.37373941e-02 7.02531034e-01
 -7.70036802e-02 6.79450353e-01
 -1.37659811e-02 6.55755208e-01
 -1.34037109e-01 6.31366399e-01
 -4.96020881e-02 6.06196739e-01
 -3.82703723e-02 5.80149826e-01
 -7.07506715e-02 5.53118595e-01
 -1.19000010e-01 5.24983610e-01
 -1.17841727e-01 4.95611028e-01
 -1.07670855e-01 4.64850176e-01
 -1.13825329e-01 4.32530630e-01
 -1.53757642e-01 3.98458687e-01
 -1.22519900e-01 3.62413087e-01
 -5.22411804e-02 3.24139761e-01
 -6.64660602e-02 2.83345377e-01
 -1.30439817e-01 2.39689332e-01
 -1.38736839e-01 1.92773742e-01
 -1.34845960e-01 1.42130843e-01
 -9.71505779e-02 8.72069925e-02
 -8.44590598e-02 2.73421902e-02
 -1.12734469e-01 -3.82563894e-02
 -1.83934466e-01 -1.10548905e-01
 -1.95844031e-01 -1.90708277e-01
 -2.65205259e-01 -2.80180569e-01
 -3.16941583e-01 -3.80765943e-01
 -2.61817725e-01 -4.94728091e-01
 -4.73936342e-01 -6.24942892e-01
 -4.14576022e-01 -7.75100326e-01
 -4.72822085e-01 -9.49975572e-01
 -5.97350233e-01 -1.15577961e+00
 -8.34536540e-01 -1.40056645e+00
 -8.93208677e-01 -1.69454788e+00
 -1.21269505e+00 -2.04973262e+00
 -1.61850567e+00 -2.47683733e+00
 -2.32490381e+00 -2.97239715e+00
 -3.38474515e+00 -3.47213445e+00
 -5.10364445e+00 -3.69943696e+00
 -7.63814857e+00 -2.82750654e+00
 -9.64362428e+00 2.42380070e-01
 -8.79967851e+00 4.06174316e+00
 -6.17138769e+00 5.84887324e+00
 -4.03926606e+00 5.96970029e+00
 -2.71129072e+00 5.53773499e+00
 -1.89116859e+00 5.02796601e+00
 -1.37519769e+00 4.57050137e+00
 -9.77287443e-01 4.18665485e+00
 -8.41216430e-01 3.86946079e+00
 -6.50490485e-01 3.60686152e+00
 -5.75498239e-01 3.38775708e+00
 -4.10484407e-01 3.20317856e+00
 -3.65958720e-01 3.04616126e+00
 -3.72415401e-01 2.91134984e+00
 -3.11277980e-01 2.79461772e+00
 -3.50177536e-01 2.69276203e+00
 -1.85824528e-01 2.60327356e+00
 -1.96082345e-01 2.52416670e+00
 -1.52530269e-01 2.45385431e+00
 -4.89563157e-02 2.39105538e+00
 -9.94612229e-02 2.33472645e+00
 -4.11383037e-02 2.28401016e+00
 -1.35343454e-01 2.23819634e+00
 -3.01761551e-02 2.19669236e+00
 -1.03021329e-01 2.15900014e+00
 -2.86343181e-02 2.12469843e+00
 -1.89961253e-01 2.09342880e+00
 -6.30509806e-02 2.06488456e+00
 -5.07027187e-02 2.03880199e+00
 -3.49116545e-02 2.01495324e+00
 3.61863206e-02 1.99314060e+00
 -3.87677104e-02 1.97319182e+00
 -6.29938393e-02 1.95495633e+00
 -2.22824378e-02 1.93830204e+00
 -7.17870001e-02 1.92311278e+00
 -7.82721674e-02 1.90928606e+00
 -7.48671890e-02 1.89673131e+00
 -6.15728311e-02 1.88536834e+00
 -4.60439384e-02 1.87512600e+00
 -3.86622143e-02 1.86594114e+00
 -3.82859980e-04 1.85775765e+00
 -5.87922243e-02 1.85052565e+00
 2.49009868e-02 1.84420085e+00
 2.15240916e-02 1.83874392e+00
 -4.28704688e-02 1.83412004e+00
 -1.18465701e-03 1.83029841e+00
 -5.54747360e-02 1.82725189e+00
 -1.65102513e-02 1.82495674e+00
 -2.68504970e-02 1.82339223e+00
 5.21817776e-02 1.82254051e+00
 -3.41836773e-02 1.82238634e+00
 2.51270802e-02 1.82291691e+00
 -4.53813003e-03 1.82412174e+00
 8.36058015e-02 1.82599251e+00
 3.54990673e-02 1.82852294e+00
 3.01817160e-02 1.83170878e+00
 2.58325012e-02 1.83554762e+00
 6.21762616e-02 1.84003896e+00
 3.35527656e-02 1.84518409e+00
 -8.20562930e-02 1.85098607e+00
 1.68293765e-02 1.85744975e+00
 4.08827014e-02 1.86458176e+00
 2.31152526e-02 1.87239050e+00
 2.42732771e-02 1.88088620e+00
 8.57145521e-02 1.89008093e+00
 5.75386085e-02 1.89998866e+00
 5.06462708e-02 1.91062535e+00
 5.16863364e-02 1.92200898e+00
 6.14471704e-02 1.93415970e+00
 1.19536218e-01 1.94709988e+00
 3.18578927e-02 1.96085430e+00
 9.25120741e-02 1.97545024e+00
 2.79109532e-02 1.99091770e+00
 1.44901310e-02 2.00728954e+00
 2.40786910e-02 2.02460172e+00
 5.37324511e-02 2.04289353e+00
 6.88812232e-02 2.06220790e+00
 -5.43972770e-02 2.08259164e+00
 2.67499043e-02 2.10409586e+00
 6.72232371e-02 2.12677630e+00
 7.31305509e-02 2.15069383e+00
 1.38888444e-01 2.17591489e+00
 1.18637229e-01 2.20251213e+00
 9.06852944e-02 2.23056498e+00
 1.17806856e-01 2.26016044e+00
 7.03962485e-02 2.29139389e+00
 8.86824224e-02 2.32437005e+00
 1.76169489e-01 2.35920404e+00
 5.00169427e-02 2.39602270e+00
 4.22632795e-02 2.43496597e+00
 4.57352063e-02 2.47618856e+00
 1.94359509e-01 2.51986191e+00
 1.35209751e-01 2.56617640e+00
 7.31022667e-02 2.61534399e+00
 1.49509278e-01 2.66760124e+00
 2.41682004e-01 2.72321295e+00
 1.54334166e-01 2.78247636e+00
 5.07051429e-02 2.84572623e+00
 1.21503672e-01 2.91334080e+00
 1.97722643e-01 2.98574898e+00
 2.24252112e-01 3.06343900e+00
 2.39093789e-01 3.14696885e+00
 2.10212154e-01 3.23697901e+00
 2.99827010e-01 3.33420805e+00
 2.38409507e-01 3.43951180e+00
 2.73587857e-01 3.55388723e+00
 2.81050232e-01 3.67850220e+00
 4.01439539e-01 3.81473299e+00
 3.31206699e-01 3.96421195e+00
 4.30730944e-01 4.12888839e+00
 5.22061077e-01 4.31110727e+00
 6.11322135e-01 4.51371158e+00
 5.70267488e-01 4.74017680e+00
 7.72749941e-01 4.99478889e+00
 8.57825636e-01 5.28288150e+00
 9.30078583e-01 5.61115380e+00
 1.02507605e+00 5.98809614e+00
 1.34053507e+00 6.42455517e+00
 1.50522949e+00 6.93446246e+00
 1.85624893e+00 7.53570292e+00
 2.40174225e+00 8.25092117e+00
 2.97337927e+00 9.10747934e+00
 3.89948990e+00 1.01339109e+01
 5.28344910e+00 1.13442075e+01
 7.34827524e+00 1.26818924e+01
 1.09271285e+01 1.38370972e+01
 1.62829502e+01 1.37319612e+01
 2.31240789e+01 9.79862544e+00
 2.66242669e+01 3.79330343e-01
 2.27396485e+01 -8.77041448e+00
 1.58509677e+01 -1.23615437e+01
 1.06359104e+01 -1.23297044e+01
 7.21914089e+00 -1.11469395e+01
 5.16372718e+00 -9.81548374e+00
 3.88654491e+00 -8.61835037e+00
 2.96013898e+00 -7.60436944e+00
 2.26105040e+00 -6.75785533e+00
 1.85566799e+00 -6.05025469e+00
 1.52299864e+00 -5.45457638e+00
 1.24548561e+00 -4.94857167e+00
 1.00790182e+00 -4.51468670e+00
 9.99632910e-01 -4.13924697e+00
 8.20571270e-01 -3.81160043e+00
 7.61542674e-01 -3.52340297e+00
 6.12212919e-01 -3.26806550e+00
 7.41579384e-01 -3.04033758e+00
 5.39649977e-01 -2.83599652e+00
 4.58138927e-01 -2.65161524e+00
 5.25791988e-01 -2.48438792e+00
 4.17209551e-01 -2.33199823e+00
 3.59262506e-01 -2.19251894e+00
 2.91953243e-01 -2.06433468e+00
 2.09037980e-01 -1.94608214e+00
 3.48198205e-01 -1.83660322e+00
 3.05514285e-01 -1.73490814e+00
 1.34842027e-01 -1.64014615e+00
 3.05157943e-01 -1.55158206e+00
 1.48167337e-01 -1.46857725e+00
 2.51129211e-01 -1.39057441e+00
 5.39296472e-02 -1.31708488e+00
 9.40224557e-02 -1.24767840e+00
 1.57386539e-01 -1.18197455e+00
 7.78820882e-02 -1.11963562e+00
 1.80458407e-01 -1.06036074e+00
 8.05908172e-02 -1.00388085e+00
 1.43136205e-01 -9.49954472e-01
 5.55393526e-02 -8.98364200e-01
 1.14236122e-01 -8.48913603e-01
 1.24583510e-01 -8.01424646e-01
 7.08237636e-02 -7.55735451e-01
 1.77220622e-01 -7.11698364e-01
 1.21181750e-01 -6.69178289e-01
 1.07624258e-01 -6.28051233e-01
 1.52878593e-01 -5.88203039e-01
 1.18236858e-01 -5.49528277e-01
 6.96142797e-02 -5.11929270e-01
 9.41448465e-02 -4.75315232e-01
 7.94818426e-02 -4.39601502e-01
 1.19894783e-01 -4.04708871e-01
 9.31596549e-02 -3.70562976e-01
 6.78748823e-02 -3.37093753e-01
 6.36693335e-02 -3.04234951e-01
 8.03513217e-02 -2.71923688e-01
 6.68235870e-02 -2.40100051e-01
 2.43243770e-02 -2.08706722e-01
 6.99124109e-02 -1.77688644e-01
 3.89926014e-02 -1.46992704e-01
 6.69197291e-02 -1.16567442e-01
 1.19636040e-01 -8.63627739e-02
 6.59247947e-02 -5.63297324e-02
 6.78838984e-02 -2.64202169e-02
 3.61256664e-02 3.41324557e-03
 6.59463558e-02 3.32177347e-02
 2.74828289e-02 6.30401658e-02
 1.77349791e-02 9.29275176e-02
 7.84869190e-02 1.22927061e-01
 2.09466177e-02 1.53086589e-01
 6.98859060e-02 1.83454653e-01
 1.18805641e-01 2.14080811e-01
 -1.75227402e-02 2.45015873e-01
 6.07555046e-02 2.76312176e-01
 2.55681816e-02 3.08023865e-01
 1.41535068e-01 3.40207192e-01
 1.65623400e-01 3.72920847e-01
 7.33900372e-02 4.06226304e-01
 1.04737195e-01 4.40188209e-01
 1.34774342e-01 4.74874798e-01
 1.41340071e-01 5.10358359e-01
 7.08371365e-02 5.46715749e-01
 2.76364716e-02 5.84028958e-01
 1.36944467e-01 6.22385749e-01
 9.03002870e-02 6.61880369e-01
 9.62746319e-02 7.02614355e-01
 1.63582987e-01 7.44697440e-01
 7.99743201e-02 7.88248584e-01
 5.60888539e-02 8.33397148e-01
 1.04915633e-01 8.80284230e-01
 1.40540222e-01 9.29064212e-01
 1.68811559e-01 9.79906521e-01
 1.24664323e-01 1.03299768e+00
 1.04256120e-01 1.08854369e+00
 2.00127958e-01 1.14677279e+00
 1.94321850e-01 1.20793867e+00
 1.69925417e-01 1.27232435e+00
 2.17569001e-01 1.34024656e+00
 1.94941491e-01 1.41206114e+00
 2.81087678e-01 1.48816936e+00
 3.46095967e-01 1.56902548e+00
 2.26157474e-01 1.65514590e+00
 2.58199122e-01 1.74712020e+00
 2.62165148e-01 1.84562460e+00
 1.97456482e-01 1.95143842e+00
 3.52226424e-01 2.06546441e+00
 2.74567830e-01 2.18875390e+00
 4.25839194e-01 2.32253832e+00
 4.19452055e-01 2.46826881e+00
 4.94679272e-01 2.62766654e+00
 4.58363594e-01 2.80278691e+00
 5.79033831e-01 2.99610245e+00
 6.02897221e-01 3.21061031e+00
 6.76285217e-01 3.44997306e+00
 7.77827173e-01 3.71870393e+00
 8.76144981e-01 4.02241201e+00
 1.05687189e+00 4.36812666e+00
 1.18800549e+00 4.76472394e+00
 1.36752187e+00 5.22347476e+00
 1.74911609e+00 5.75870975e+00
 2.07512877e+00 6.38850431e+00
 2.57671028e+00 7.13499704e+00
 3.34260085e+00 8.02306943e+00
 4.33598342e+00 9.07341819e+00
 6.00588339e+00 1.02777603e+01
 8.50700770e+00 1.15188203e+01
 1.23728068e+01 1.23320203e+01
 1.80612403e+01 1.13471954e+01
 2.42403766e+01 6.04895540e+00
 2.57679838e+01 -3.51130914e+00
 2.09305060e+01 -1.10759735e+01
 1.45902625e+01 -1.36094390e+01
 9.96372418e+00 -1.33309096e+01
 6.93544102e+00 -1.21868141e+01
 5.00290503e+00 -1.09443660e+01
 3.74660276e+00 -9.82635313e+00
 2.95190157e+00 -8.87281057e+00
 2.36509205e+00 -8.07082677e+00
 1.91610759e+00 -7.39601649e+00
 1.51972969e+00 -6.82480484e+00
 1.32249213e+00 -6.33741504e+00
 1.09873781e+00 -5.91802008e+00
 9.21594591e-01 -5.55414515e+00
 8.30960885e-01 -5.23597681e+00
 7.11924068e-01 -4.95576373e+00
 6.89296066e-01 -4.70734132e+00
 5.89840582e-01 -4.48576729e+00
 4.81185591e-01 -4.28704576e+00
 4.59357900e-01 -4.10791871e+00
 3.70927271e-01 -3.94570805e+00
 3.74295537e-01 -3.79819516e+00
 3.36858476e-01 -3.66352848e+00
 1.52801922e-01 -3.54015197e+00
 3.56842598e-01 -3.42674943e+00
 2.80341090e-01 -3.32220065e+00
 1.91807677e-01 -3.22554676e+00
 1.76494885e-01 -3.13596254e+00
 2.10196846e-01 -3.05273424e+00
 9.77489069e-02 -2.97524153e+00
 1.94055901e-01 -2.90294293e+00
 1.76080788e-01 -2.83536375e+00
 2.04439731e-01 -2.77208627e+00
 2.43017613e-01 -2.71274151e+00
 1.77052241e-01 -2.65700240e+00
 1.35375995e-01 -2.60457812e+00
 1.36098382e-01 -2.55520922e+00
 1.03961776e-01 -2.50866361e+00
 8.14150655e-02 -2.46473309e+00
 1.78712598e-01 -2.42323042e+00
 5.49894320e-02 -2.38398680e+00
 1.62567923e-03 -2.34684971e+00
 1.03146676e-01 -2.31168107e+00
 1.07540194e-01 -2.27835558e+00
 1.05435006e-01 -2.24675937e+00
 1.39850394e-01 -2.21678878e+00
 5.55906414e-02 -2.18834929e+00
 -6.59972148e-03 -2.16135459e+00
 6.24179004e-02 -2.13572577e+00
 -2.36913645e-02 -2.11139061e+00
 -3.89109434e-02 -2.08828296e+00
 5.73313954e-02 -2.06634216e+00
 6.85600500e-02 -2.04551258e+00
 3.32949465e-02 -2.02574315e+00
 5.78921744e-02 -2.00698700e+00
 -2.82234286e-02 -1.98920113e+00
 6.07511390e-02 -1.97234607e+00
 9.59443019e-02 -1.95638563e+00
 1.04162402e-01 -1.94128668e+00
 -1.44869647e-02 -1.92701889e+00
 -1.50347604e-02 -1.91355460e+00
 -3.41078028e-02 -1.90086861e+00
 3.65604845e-02 -1.88893807e+00
 9.61084786e-03 -1.87774232e+00
 6.60141992e-02 -1.86726278e+00
 3.09564743e-02 -1.85748290e+00
 1.21935885e-01 -1.84838803e+00
 -7.30733295e-02 -1.83996535e+00
 5.04104658e-02 -1.83220388e+00
 -3.76922252e-03 -1.82509436e+00
 -3.23165454e-02 -1.81862926e+00
 6.13950584e-02 -1.81280277e+00
 -9.14350050e-02 -1.80761078e+00
 7.58123464e-02 -1.80305088e+00
 7.95156606e-03 -1.79912239e+00
 -2.29296463e-02 -1.79582641e+00
 -1.52241720e-02 -1.79316584e+00
 -1.70617470e-02 -1.79114543e+00
 3.31691075e-02 -1.78977192e+00
 -6.96694605e-03 -1.78905407e+00
 -4.09532744e-03 -1.78900280e+00
 1.64676227e-02 -1.78963134e+00
 -1.16866625e-02 -1.79095537e+00
 2.66244095e-02 -1.79299321e+00
 8.41713173e-03 -1.79576607e+00
 -4.39939777e-02 -1.79929825e+00
 2.44728680e-02 -1.80361748e+00
 -1.58329152e-02 -1.80875527e+00
 2.64085152e-02 -1.81474726e+00
 -2.34403927e-02 -1.82163373e+00
 1.73898883e-02 -1.82946011e+00
 2.23891750e-02 -1.83827763e+00
 -1.29939387e-01 -1.84814403e+00
 -3.16866062e-02 -1.85912445e+00
 -4.71245199e-02 -1.87129241e+00
 9.80497976e-03 -1.88473101e+00
 -4.43948464e-02 -1.89953435e+00
 -2.64305838e-02 -1.91580921e+00
 3.20854762e-03 -1.93367704e+00
 -1.39899095e-01 -1.95327636e+00
 -1.43073703e-02 -1.97476564e+00
 -8.17247439e-02 -1.99832686e+00
 -1.84513417e-01 -2.02416972e+00
 -1.85529816e-01 -2.05253691e+00
 -1.11517579e-01 -2.08371055e+00
 -6.78102846e-02 -2.11802022e+00
 -1.33563381e-01 -2.15585296e+00
 -1.36601718e-01 -2.19766589e+00
 -7.88256768e-02 -2.24400216e+00
 -1.87606870e-01 -2.29551136e+00
 -2.21806001e-01 -2.35297574e+00
 -2.01850315e-01 -2.41734416e+00
 -1.25865305e-01 -2.48977633e+00
 -2.34830984e-01 -2.57170066e+00
 -2.48031591e-01 -2.66489000e+00
 -2.64010715e-01 -2.77156037e+00
 -3.88181661e-01 -2.89449739e+00
 -3.71526270e-01 -3.03721142e+00
 -5.06771807e-01 -3.20410790e+00
 -6.78351766e-01 -3.40061453e+00
 -9.09566194e-01 -3.63307515e+00
 -1.13291971e+00 -3.90783723e+00
 -1.44885559e+00 -4.22783663e+00
 -1.98003235e+00 -4.58168053e+00
 -2.80288557e+00 -4.91100794e+00
 -4.22736603e+00 -5.02269103e+00
 -6.08222894e+00 -4.42993355e+00
 -7.56147586e+00 -2.48982145e+00
 -7.35795350e+00 2.87424449e-01
 -5.84819191e+00 2.13780071e+00
 -4.03695755e+00 2.66669500e+00
 -2.71713845e+00 2.53170210e+00
 -2.05603386e+00 2.19731491e+00
 -1.46561291e+00 1.84402363e+00
 -1.06529887e+00 1.52558176e+00
 -7.36661976e-01 1.25195508e+00
 -7.22603196e-01 1.01985121e+00
 -5.56339055e-01 8.22899518e-01
 -5.11163376e-01 6.54822897e-01
 -5.08373296e-01 5.10272860e-01
 -2.77664005e-01 3.84913399e-01
 -2.56614225e-01 2.75289517e-01
 -2.61708177e-01 1.78658019e-01
 -1.44974070e-01 9.28347569e-02
 -2.18366218e-01 1.60704972e-02
 -7.95028992e-02 -5.30458889e-02
 -1.57233274e-01 -1.15661716e-01
 -1.62792139e-01 -1.72717233e-01
 -1.51544615e-01 -2.24989028e-01
 -7.86552845e-02 -2.73123370e-01
 -1.51492491e-01 -3.17661981e-01
 -5.51244361e-02 -3.59062085e-01
 -5.20715253e-02 -3.97712131e-01
 -3.32260937e-02 -4.33944203e-01
 -9.92716246e-02 -4.68043891e-01
 -1.55377279e-01 -5.00258197e-01
 -6.88005744e-02 -5.30801917e-01
 -8.19442292e-02 -5.59862812e-01
 7.15156036e-02 -5.87605843e-01
 -5.98188180e-02 -6.14176643e-01
 -8.32053945e-02 -6.39704399e-01
 -5.93909873e-02 -6.64304238e-01
 -9.54418739e-02 -6.88079227e-01
 -9.34563703e-02 -7.11122054e-01
 9.14663751e-03 -7.33516445e-01
 5.35044683e-04 -7.55338369e-01
 -4.65113807e-02 -7.76657070e-01
 -8.07747600e-02 -7.97535942e-01
 -7.87868324e-03 -8.18033290e-01
 -5.39321730e-02 -8.38202988e-01
 7.44397376e-02 -8.58095045e-01
 -7.48989991e-03 -8.77756110e-01
 -1.52691014e-01 -8.97229905e-01
 -6.49688850e-02 -9.16557614e-01
 -3.44117834e-02 -9.35778226e-01
 -3.13349400e-02 -9.54928838e-01
 -6.78331471e-02 -9.74044936e-01
 -5.84785128e-02 -9.93160638e-01
 -5.76644840e-02 -1.01230892e+00
 -5.60035327e-02 -1.03152184e+00
 -3.51768634e-02 -1.05083070e+00
 -2.74530551e-02 -1.07026625e+00
 1.16109391e-03 -1.08985885e+00
 -3.38610488e-02 -1.10963862e+00
 -7.84820686e-02 -1.12963561e+00
 -8.06494009e-02 -1.14987993e+00
 -1.70574589e-01 -1.17040193e+00
 -7.07614258e-02 -1.19123229e+00
 -1.09324010e-01 -1.21240222e+00
 2.10500113e-02 -1.23394356e+00
 -5.46511658e-02 -1.25588896e+00
 -1.67001927e-02 -1.27827202e+00
 4.02223853e-02 -1.30112745e+00
 -5.73304273e-02 -1.32449123e+00
 -3.45164979e-02 -1.34840078e+00
 -7.59080947e-02 -1.37289518e+00
 9.58117977e-03 -1.39801532e+00
 -2.36230223e-04 -1.42380415e+00
 -1.13408227e-01 -1.45030686e+00
 -3.64053627e-02 -1.47757121e+00
 -6.95713424e-02 -1.50564773e+00
 -5.12248889e-02 -1.53459002e+00
 -7.97476598e-02 -1.56445513e+00
 -8.42733971e-02 -1.59530388e+00
 -1.84732463e-01 -1.62720124e+00
 -9.78735678e-02 -1.66021683e+00
 -1.62556791e-01 -1.69442534e+00
 -8.58465523e-02 -1.72990715e+00
 -6.88720358e-02 -1.76674890e+00
 -8.09368743e-02 -1.80504417e+00
 -2.46800469e-02 -1.84489430e+00
 -7.27096204e-02 -1.88640926e+00
 -1.35096221e-01 -1.92970859e+00
 -2.21563564e-01 -1.97492262e+00
 -1.11446348e-01 -2.02219367e+00
 -9.78297891e-02 -2.07167760e+00
 -1.67497283e-01 -2.12354544e+00
 -1.73451397e-01 -2.17798537e+00
 -1.45593704e-01 -2.23520496e+00
 -1.93031116e-01 -2.29543375e+00
 -1.92160264e-01 -2.35892628e+00
 -2.53617167e-01 -2.42596564e+00
 -2.09672685e-01 -2.49686759e+00
 -2.05998786e-01 -2.57198541e+00
 -2.80907850e-01 -2.65171566e+00
 -1.81619840e-01 -2.73650500e+00
 -2.59495516e-01 -2.82685834e+00
 -2.41415938e-01 -2.92334854e+00
 -3.08744049e-01 -3.02662820e+00
 -3.01939001e-01 -3.13744389e+00
 -2.65801556e-01 -3.25665340e+00
 -3.77531673e-01 -3.38524704e+00
 -4.57558142e-01 -3.52437372e+00
 -5.21422398e-01 -3.67537348e+00
 -4.55901354e-01 -3.83981793e+00
 -6.10202124e-01 -4.01956123e+00
 -5.91538180e-01 -4.21680456e+00
 -5.61110021e-01 -4.43417824e+00
 -6.96246999e-01 -4.67484713e+00
 -8.45827159e-01 -4.94264642e+00
 -1.02099831e+00 -5.24225762e+00
 -1.02907293e+00 -5.57943668e+00
 -1.33668266e+00 -5.96130892e+00
 -1.39309952e+00 -6.39674535e+00
 -1.73969984e+00 -6.89682770e+00
 -1.95709012e+00 -7.47538008e+00
 -2.42139242e+00 -8.14945460e+00
 -2.96940886e+00 -8.93940012e+00
 -3.77634665e+00 -9.86742192e+00
 -4.94471894e+00 -1.09515146e+01
 -6.43605481e+00 -1.21859126e+01
 -8.85136986e+00 -1.34831712e+01
 -1.23617054e+01 -1.45128536e+01
 -1.77508886e+01 -1.43177346e+01
 -2.45145946e+01 -1.08591188e+01
 -2.89398949e+01 -2.46659226e+00
 -2.70753197e+01 7.39775018e+00
 -2.07061141e+01 1.30785158e+01
 -1.46535583e+01 1.44404378e+01
 -1.03106656e+01 1.37918209e+01
 -7.42789167e+00 1.25532351e+01
 -5.46271097e+00 1.12735939e+01
 -4.15500413e+00 1.01201205e+01
 -3.38247686e+00 9.12454483e+00
 -2.69586506e+00 8.27594106e+00
 -2.18736531e+00 7.55288499e+00
 -1.92879511e+00 6.93392843e+00
 -1.50854138e+00 6.40054444e+00
 -1.28689580e+00 5.93753895e+00
 -1.15648097e+00 5.53268653e+00
 -9.94677802e-01 5.17619991e+00
 -8.59816599e-01 4.86023135e+00
 -8.21466306e-01 4.57845779e+00
 -8.33585982e-01 4.32575196e+00
 -6.76381452e-01 4.09792672e+00
 -5.97279768e-01 3.89153770e+00
 -5.16722532e-01 3.70373105e+00
 -5.18058497e-01 3.53212559e+00
 -4.80234325e-01 3.37472120e+00
 -2.73140079e-01 3.22982701e+00
 -3.50702409e-01 3.09600494e+00
 -2.49522512e-01 2.97202488e+00
 -2.74044385e-01 2.85682889e+00
 -2.78601626e-01 2.74950242e+00
 -3.73113622e-01 2.64925110e+00
 -2.14672851e-01 2.55538171e+00
 -2.57948439e-01 2.46728674e+00
 -2.44881479e-01 2.38443158e+00
 -1.70003237e-01 2.30634391e+00
 -1.94790902e-01 2.23260495e+00
 -1.53824556e-01 2.16284202e+00
 -1.82659568e-01 2.09672236e+00
 -1.87280918e-01 2.03394794e+00
 -9.63042140e-02 1.97425093e+00
 -1.60151319e-01 1.91738998e+00
 -1.00174147e-01 1.86314696e+00
 -1.81971917e-01 1.81132416e+00
 -1.81363256e-01 1.76174191e+00
 -5.54106466e-02 1.71423652e+00
 -2.01853592e-01 1.66865845e+00
 -1.15981321e-01 1.62487074e+00
 -1.55402051e-01 1.58274767e+00
 -1.35124546e-01 1.54217352e+00
 -1.30026426e-01 1.50304154e+00
 -9.68010893e-02 1.46525301e+00
 -8.19477619e-02 1.42871640e+00
 -2.64732337e-02 1.39334664e+00
 -1.54641433e-01 1.35906449e+00
 -5.15200239e-02 1.32579593e+00
 1.85698916e-02 1.29347165e+00
 -1.71060955e-01 1.26202656e+00
 -1.08784776e-01 1.23139938e+00
 -3.09166557e-02 1.20153227e+00
 -9.77120063e-02 1.17237044e+00
 -1.05528119e-01 1.14386187e+00
 -9.67055921e-03 1.11595699e+00
 -1.28061181e-01 1.08860840e+00
 -2.26903322e-02 1.06177065e+00
 -7.52665593e-02 1.03539997e+00
 -1.69512708e-02 1.00945410e+00
 2.83886647e-03 9.83891993e-01
 -6.00904604e-02 9.58673715e-01
 -1.16894182e-01 9.33760181e-01
 -2.05865740e-03 9.09113002e-01
 -4.90486618e-02 8.84694291e-01
 -2.14537826e-02 8.60466488e-01
 -8.58827475e-02 8.36392177e-01
 -1.28222049e-02 8.12433905e-01
 -6.70213671e-02 7.88553999e-01
 -1.01035111e-01 7.64714371e-01
 -6.01650349e-02 7.40876328e-01
 -1.88457806e-01 7.17000358e-01
 -1.11626424e-01 6.93045912e-01
 -1.37794982e-01 6.68971171e-01
 -6.91405470e-02 6.44732795e-01
 -8.43228896e-03 6.20285645e-01
 -1.19120085e-01 5.95582490e-01
 -8.91687434e-02 5.70573673e-01
 -1.34265870e-01 5.45206750e-01
 -1.07504557e-01 5.19426088e-01
 -1.02409580e-01 4.93172407e-01
 -8.16853205e-02 4.66382277e-01
 -8.89230187e-02 4.38987541e-01
 -2.80719787e-02 4.10914660e-01
 -9.49592602e-02 3.82083975e-01
 -7.45543801e-02 3.52408853e-01
 -7.85219105e-02 3.21794707e-01
 -3.30244916e-02 2.90137866e-01
 -1.27789890e-01 2.57324265e-01
 -7.40718012e-02 2.23227913e-01
 -3.81710059e-02 1.87709113e-01
 -1.49541819e-01 1.50612354e-01
 -1.57504191e-01 1.11763837e-01
 -1.39590746e-01 7.09685319e-02
 -2.14614885e-01 2.80066710e-02
 -1.14274537e-01 -1.73704484e-02
 -1.13500254e-01 -6.54455223e-02
 -1.52872180e-01 -1.16541362e-01
 -1.07524609e-01 -1.71028350e-01
 -2.06725638e-01 -2.29333570e-01
 -1.64072158e-01 -2.91952059e-01
 -1.32709932e-01 -3.59460750e-01
 -2.89058955e-01 -4.32535882e-01
 -2.92428569e-01 -5.11974845e-01
 -2.59070873e-01 -5.98723790e-01
 -3.19156608e-01 -6.93912726e-01
 -3.54662534e-01 -7.98900364e-01
 -3.61802535e-01 -9.15331667e-01
 -4.70139998e-01 -1.04521183e+00
 -5.35191753e-01 -1.19100119e+00
 -6.60065308e-01 -1.35573585e+00
 -6.89704432e-01 -1.54317732e+00
 -6.94413412e-01 -1.75798813e+00
 -8.55684450e-01 -2.00591053e+00
 -1.01271490e+00 -2.29386993e+00
 -1.36972488e+00 -2.62977509e+00
 -1.68628914e+00 -3.02138222e+00
 -2.21633314e+00 -3.47248705e+00
 -2.94977820e+00 -3.97169469e+00
 -4.01502502e+00 -4.46110741e+00
 -5.58881033e+00 -4.75540061e+00
 -7.87149799e+00 -4.37768734e+00
 -1.05007715e+01 -2.49209668e+00
 -1.16862401e+01 1.15712130e+00
 -1.04873430e+01 4.77337941e+00
 -7.82812758e+00 6.60892941e+00
 -5.54649139e+00 6.96094722e+00
 -4.00795599e+00 6.65969583e+00
 -2.95448999e+00 6.17121741e+00
 -2.21850412e+00 5.67556606e+00
 -1.64278801e+00 5.22870899e+00
 -1.30380684e+00 4.84143589e+00
 -1.09706652e+00 4.50981112e+00
 -9.76989640e-01 4.22608885e+00
 -7.80491139e-01 3.98241126e+00
 -5.99643507e-01 3.77190805e+00
 -6.16119677e-01 3.58888554e+00
 -4.62077838e-01 3.42872123e+00
 -4.38303780e-01 3.28768597e+00
 -3.60928369e-01 3.16276976e+00
 -2.95783169e-01 3.05153355e+00
 -2.83833026e-01 2.95198973e+00
 -3.42401191e-01 2.86250821e+00
 -2.21910317e-01 2.78174311e+00
 -1.99419758e-01 2.70857573e+00
 -1.87207001e-01 2.64207017e+00
 -2.39763270e-01 2.58143848e+00
 -1.71722696e-01 2.52601333e+00
 -4.21825745e-02 2.47522635e+00
 -1.64495857e-01 2.42859084e+00
 -5.91323704e-02 2.38568798e+00
 -1.00527724e-01 2.34615565e+00
 4.55497528e-02 2.30967939e+00
 -7.10535712e-02 2.27598498e+00
 -7.66412022e-02 2.24483241e+00
 -8.08289545e-02 2.21601089e+00
 -5.98361640e-02 2.18933462e+00
 -1.28425324e-01 2.16463938e+00
 -6.98789099e-02 2.14177965e+00
 -1.39843723e-01 2.12062610e+00
 -1.53317646e-01 2.10106358e+00
 -6.21598773e-02 2.08298933e+00
 -6.48993037e-02 2.06631152e+00
 1.25589410e-02 2.05094796e+00
 -5.02838583e-02 2.03682500e+00
 -2.23615310e-03 2.02387660e+00
 -5.89475732e-02 2.01204353e+00
 5.01813384e-02 2.00127264e+00
 -3.35421482e-02 1.99151627e+00
 -4.03374856e-02 1.98273171e+00
 -5.35749648e-04 1.97488078e+00
 -7.36344918e-02 1.96792937e+00
 -3.39089197e-02 1.96184717e+00
 -3.85195931e-02 1.95660728e+00
 3.20002448e-02 1.95218603e+00
 6.26981592e-02 1.94856269e+00
 -7.84744093e-02 1.94571932e+00
 3.32366565e-02 1.94364057e+00
 -3.90480396e-02 1.94231354e+00
 5.94744665e-04 1.94172769e+00
 -7.77195590e-02 1.94187468e+00
 -5.79830453e-02 1.94274833e+00
 -1.54820410e-02 1.94434454e+00
 -1.52092223e-01 1.94666126e+00
 4.21803901e-02 1.94969840e+00
 -5.59636252e-04 1.95345787e+00
 6.37046926e-02 1.95794354e+00
 -1.27378096e-02 1.96316127e+00
 4.08962422e-02 1.96911890e+00
 3.23511859e-02 1.97582632e+00
 -6.38847273e-02 1.98329548e+00
 3.73487146e-03 1.99154053e+00
 -9.32851316e-03 2.00057780e+00
 1.45148645e-01 2.01042598e+00
 2.67364210e-02 2.02110620e+00
 1.11408602e-01 2.03264216e+00
 -9.87589652e-03 2.04506033e+00
 7.70087437e-02 2.05839006e+00
 -6.34597611e-02 2.07266384e+00
 1.22556259e-01 2.08791753e+00
 -1.39966893e-02 2.10419058e+00
 1.04447866e-01 2.12152638e+00
 -3.00383817e-02 2.13997260e+00
 5.02791024e-02 2.15958154e+00
 4.50426839e-02 2.18041058e+00
 8.06482159e-02 2.20252272e+00
 2.35760261e-02 2.22598707e+00
 3.86849966e-02 2.25087959e+00
 6.62604346e-02 2.27728373e+00
 2.87654663e-02 2.30529132e+00
 -2.70410483e-02 2.33500354e+00
 1.55324349e-01 2.36653196e+00
 1.42756387e-01 2.39999990e+00
 9.09397109e-02 2.43554380e+00
 1.09356499e-01 2.47331498e+00
 1.59729351e-01 2.51348158e+00
 1.51199029e-01 2.55623083e+00
 6.71926021e-02 2.60177177e+00
 1.45715042e-01 2.65033834e+00
 1.71312121e-01 2.70219314e+00
 2.08712699e-01 2.75763174e+00
 1.37368240e-01 2.81698793e+00
 1.20190646e-01 2.88063992e+00
 2.34803909e-01 2.94901775e+00
 2.68307664e-01 3.02261230e+00
 1.97565553e-01 3.10198613e+00
 2.86741483e-01 3.18778676e+00
 2.81094718e-01 3.28076282e+00
 3.79886485e-01 3.38178409e+00
 3.83505753e-01 3.49186621e+00
 3.03723302e-01 3.61220159e+00
 4.38785378e-01 3.74419807e+00
 4.30336276e-01 3.88952773e+00
 6.20844772e-01 4.05018875e+00
 6.27643850e-01 4.22858412e+00
 6.19372889e-01 4.42762198e+00
 7.40620075e-01 4.65084356e+00
 8.44497407e-01 4.90258494e+00
 9.94943623e-01 5.18817821e+00
 1.16708841e+00 5.51419144e+00
 1.38006192e+00 5.88868914e+00
 1.62818525e+00 6.32144386e+00
 2.03588834e+00 6.82389746e+00
 2.54935111e+00 7.40832295e+00
 3.21084080e+00 8.08472582e+00
 4.13707574e+00 8.85160579e+00
 5.57646777e+00 9.67035710e+00
 7.47992141e+00 1.03977591e+01
 1.04274872e+01 1.06259051e+01
 1.45245106e+01 9.42289912e+00
 1.84317640e+01 5.50402038e+00
 1.94583137e+01 -7.76687270e-01
 1.66169881e+01 -6.14079033e+00
 1.25329024e+01 -8.57224862e+00
 8.99665616e+00 -8.90569515e+00
 6.47642807e+00 -8.35268076e+00
