+2.000000E+001 	-1.128143E+000	 -8.071628E-002
+2.327759E+001 	-1.227586E+000	 -2.884156E-002
+2.655518E+001 	-1.364233E+000	 +2.204698E-002
+2.983278E+001 	-1.549805E+000	 +9.202270E-002
+3.311037E+001 	-1.814927E+000	 +1.863117E-001
+3.638796E+001 	-2.223421E+000	 +3.379952E-001
+3.966555E+001 	-2.906090E+000	 +6.285292E-001
+4.294314E+001 	-4.196078E+000	 +1.385216E+000
+4.622074E+001 	-7.075374E+000	 +4.614946E+000
+4.949833E+001 	+5.487594E+000	 +1.670583E+001
+5.277592E+001 	+6.938539E+000	 +2.013463E+000
+5.605351E+001 	+4.043228E+000	 +3.257270E-001
+5.933110E+001 	+2.820250E+000	 -1.784076E-002
+6.260870E+001 	+2.174687E+000	 -1.274292E-001
+6.588629E+001 	+1.788198E+000	 -1.699781E-001
+6.916388E+001 	+1.528397E+000	 -1.949912E-001
+7.244147E+001 	+1.348177E+000	 -2.079232E-001
+7.571906E+001 	+1.220721E+000	 -2.180319E-001
+7.899666E+001 	+1.125780E+000	 -2.259616E-001
+8.227425E+001 	+1.056215E+000	 -2.340047E-001
+8.555184E+001 	+1.007365E+000	 -2.406241E-001
+8.882943E+001 	+9.725990E-001	 -2.538216E-001
+9.210702E+001 	+9.514799E-001	 -2.681945E-001
+9.538462E+001 	+9.415062E-001	 -2.818155E-001
+9.866221E+001 	+9.442513E-001	 -3.018962E-001
+1.019398E+002 	+9.574548E-001	 -3.260266E-001
+1.052174E+002 	+9.829060E-001	 -3.546991E-001
+1.084950E+002 	+1.022177E+000	 -3.917483E-001
+1.117726E+002 	+1.078102E+000	 -4.397755E-001
+1.150502E+002 	+1.155157E+000	 -5.022348E-001
+1.183278E+002 	+1.258608E+000	 -5.869970E-001
+1.216054E+002 	+1.392512E+000	 -7.036050E-001
+1.248829E+002 	+1.583682E+000	 -8.564171E-001
+1.281605E+002 	+1.876117E+000	 -1.108352E+000
+1.314381E+002 	+2.296118E+000	 -1.537918E+000
+1.347157E+002 	+2.971101E+000	 -2.420097E+000
+1.379933E+002 	+3.951175E+000	 -4.698859E+000
+1.412709E+002 	+1.147784E+000	 -1.228257E+001
+1.445485E+002 	-1.058479E+001	 -3.472190E+000
+1.478261E+002 	-5.479873E+000	 +4.468466E-001
+1.511037E+002 	-3.511889E+000	 +8.439318E-001
+1.543813E+002 	-2.558596E+000	 +8.425993E-001
+1.576589E+002 	-2.036603E+000	 +7.983236E-001
+1.609365E+002 	-1.681300E+000	 +7.179398E-001
+1.642140E+002 	-1.464706E+000	 +6.748084E-001
+1.674916E+002 	-1.313415E+000	 +6.480994E-001
+1.707692E+002 	-1.193907E+000	 +6.364544E-001
+1.740468E+002 	-1.104223E+000	 +6.254985E-001
+1.773244E+002 	-1.039099E+000	 +6.149883E-001
+1.806020E+002 	-1.000587E+000	 +6.197209E-001
+1.838796E+002 	-9.704488E-001	 +6.369101E-001
+1.871572E+002 	-9.445634E-001	 +6.602820E-001
+1.904348E+002 	-9.316442E-001	 +6.845553E-001
+1.937124E+002 	-9.295211E-001	 +7.093552E-001
+1.969900E+002 	-9.511883E-001	 +7.466108E-001
+2.002676E+002 	-9.833543E-001	 +8.115601E-001
+2.035452E+002 	-1.023506E+000	 +8.951572E-001
+2.068227E+002 	-1.075924E+000	 +1.008461E+000
+2.101003E+002 	-1.138947E+000	 +1.152672E+000
+2.133779E+002 	-1.215379E+000	 +1.350041E+000
+2.166555E+002 	-1.310523E+000	 +1.602663E+000
+2.199331E+002 	-1.441767E+000	 +1.978882E+000
+2.232107E+002 	-1.577839E+000	 +2.560312E+000
+2.264883E+002 	-1.684353E+000	 +3.532587E+000
+2.297659E+002 	-1.425570E+000	 +5.320947E+000
+2.330435E+002 	+8.996144E-001	 +8.351489E+000
+2.363211E+002 	+8.174458E+000	 +7.321268E+000
+2.395987E+002 	+8.375113E+000	 -1.586893E-001
+2.428763E+002 	+5.519565E+000	 -1.838176E+000
+2.461538E+002 	+3.743810E+000	 -2.182876E+000
+2.494314E+002 	+2.793423E+000	 -2.091761E+000
+2.527090E+002 	+2.182304E+000	 -2.015628E+000
+2.559866E+002 	+1.770670E+000	 -1.921624E+000
+2.592642E+002 	+1.478607E+000	 -1.845864E+000
+2.625418E+002 	+1.250078E+000	 -1.796388E+000
+2.658194E+002 	+1.068167E+000	 -1.770008E+000
+2.690970E+002 	+9.035727E-001	 -1.765094E+000
+2.723746E+002 	+7.479395E-001	 -1.758013E+000
+2.756522E+002 	+6.180737E-001	 -1.746741E+000
+2.789298E+002 	+5.037905E-001	 -1.753719E+000
+2.822074E+002 	+4.196037E-001	 -1.793190E+000
+2.854849E+002 	+3.020249E-001	 -1.875748E+000
+2.887625E+002 	+1.509436E-001	 -1.969345E+000
+2.920401E+002 	-4.970382E-002	 -2.068987E+000
+2.953177E+002 	-3.036465E-001	 -2.143562E+000
+2.985953E+002 	-5.991840E-001	 -2.167745E+000
+3.018729E+002 	-9.139887E-001	 -2.127810E+000
+3.051505E+002 	-1.220318E+000	 -2.017255E+000
+3.084281E+002 	-1.473749E+000	 -1.837601E+000
+3.117057E+002 	-1.615921E+000	 -1.688029E+000
+3.149833E+002 	-1.786048E+000	 -1.709968E+000
+3.182609E+002 	-2.225426E+000	 -1.754783E+000
+3.215385E+002 	-2.840580E+000	 -1.577191E+000
+3.248161E+002 	-3.567912E+000	 -1.160434E+000
+3.280936E+002 	-4.386269E+000	 -2.703251E-001
+3.313712E+002 	-4.873912E+000	 +1.439716E+000
+3.346488E+002 	-3.882435E+000	 +3.671559E+000
+3.379264E+002 	-1.431211E+000	 +4.447047E+000
+3.412040E+002 	+1.845732E-001	 +3.449678E+000
+3.444816E+002 	+6.805751E-001	 +2.514011E+000
+3.477592E+002 	+8.227178E-001	 +1.885250E+000
+3.510368E+002 	+9.100906E-001	 +1.462693E+000
+3.543144E+002 	+1.024869E+000	 +1.054694E+000
+3.575920E+002 	+9.475954E-001	 +4.565630E-001
+3.608696E+002 	+4.847931E-001	 +1.840205E-001
+3.641472E+002 	+1.934104E-001	 +2.285804E-001
+3.674247E+002 	+6.008558E-002	 +3.068880E-001
+3.707023E+002 	-2.547479E-002	 +3.713435E-001
+3.739799E+002 	-7.432154E-002	 +4.296116E-001
+3.772575E+002 	-1.158025E-001	 +4.792113E-001
+3.805351E+002 	-1.577889E-001	 +5.498598E-001
+3.838127E+002 	-1.860956E-001	 +6.316846E-001
+3.870903E+002 	-2.163538E-001	 +7.255340E-001
+3.903679E+002 	-2.476738E-001	 +8.565345E-001
+3.936455E+002 	-2.662452E-001	 +1.047856E+000
+3.969231E+002 	-2.324195E-001	 +1.317176E+000
+4.002007E+002 	-1.089107E-001	 +1.673055E+000
+4.034783E+002 	+2.271566E-001	 +2.115250E+000
+4.067559E+002 	+9.044728E-001	 +2.481169E+000
+4.100334E+002 	+1.876312E+000	 +2.460160E+000
+4.133110E+002 	+2.756429E+000	 +1.881980E+000
+4.165886E+002 	+3.191710E+000	 +1.010713E+000
+4.198662E+002 	+3.241222E+000	 +2.155853E-001
+4.231438E+002 	+3.131726E+000	 -3.989903E-001
+4.264214E+002 	+3.016321E+000	 -9.075306E-001
+4.296990E+002 	+2.916081E+000	 -1.448507E+000
+4.329766E+002 	+2.718596E+000	 -2.098152E+000
+4.362542E+002 	+2.261185E+000	 -2.805524E+000
+4.395318E+002 	+1.576103E+000	 -3.444928E+000
+4.428094E+002 	+4.316335E-001	 -3.943862E+000
+4.460870E+002 	-9.079221E-001	 -3.537284E+000
+4.493645E+002 	-1.578272E+000	 -2.653052E+000
+4.526421E+002 	-1.749104E+000	 -1.903766E+000
+4.559197E+002 	-1.756455E+000	 -1.343962E+000
+4.591973E+002 	-1.636417E+000	 -9.184495E-001
+4.624749E+002 	-1.492045E+000	 -6.029948E-001
+4.657525E+002 	-1.322353E+000	 -3.879815E-001
+4.690301E+002 	-1.163271E+000	 -2.402773E-001
+4.723077E+002 	-9.760349E-001	 -1.614100E-001
+4.755853E+002 	-8.044778E-001	 -1.977970E-001
+4.788629E+002 	-7.643351E-001	 -3.701382E-001
+4.821405E+002 	-9.721904E-001	 -4.969846E-001
+4.854181E+002 	-1.275021E+000	 -2.913002E-001
+4.886957E+002 	-1.229307E+000	 +2.363115E-002
+4.919732E+002 	-1.132127E+000	 +1.476332E-001
+4.952508E+002 	-1.062321E+000	 +2.289244E-001
+4.985284E+002 	-1.016070E+000	 +2.964839E-001
+5.018060E+002 	-9.831324E-001	 +3.471131E-001
+5.050836E+002 	-9.708842E-001	 +3.957253E-001
+5.083612E+002 	-9.849217E-001	 +4.520917E-001
+5.116388E+002 	-1.019990E+000	 +5.314077E-001
+5.149164E+002 	-1.056650E+000	 +6.417835E-001
+5.181940E+002 	-1.134890E+000	 +7.474491E-001
+5.214716E+002 	-1.305519E+000	 +1.004334E+000
+5.247492E+002 	-1.496502E+000	 +1.438915E+000
+5.280268E+002 	-1.654468E+000	 +2.399700E+000
+5.313043E+002 	-5.996355E-001	 +4.611417E+000
+5.345819E+002 	+2.931816E+000	 +4.123541E+000
+5.378595E+002 	+3.641171E+000	 -2.143048E-001
+5.411371E+002 	+1.739822E+000	 -2.403052E-001
+5.444147E+002 	+1.175526E+000	 -3.046874E-001
+5.476923E+002 	+8.442028E-001	 -2.842415E-001
+5.509699E+002 	+6.318432E-001	 -2.413820E-001
+5.542475E+002 	+4.632075E-001	 -2.055844E-001
+5.575251E+002 	+3.516473E-001	 -1.184751E-001
+5.608027E+002 	+2.501587E-001	 -3.778831E-003
+5.640803E+002 	+2.603554E-001	 +2.084758E-001
+5.673579E+002 	+5.376132E-001	 +3.963087E-001
+5.706355E+002 	+7.878557E-001	 +1.240248E-001
+5.739130E+002 	+7.309048E-001	 -1.302643E-001
+5.771906E+002 	+6.061024E-001	 -1.834951E-001
+5.804682E+002 	+5.500174E-001	 -2.069969E-001
+5.837458E+002 	+5.093587E-001	 -2.351455E-001
+5.870234E+002 	+4.697394E-001	 -2.491939E-001
+5.903010E+002 	+4.475795E-001	 -2.563310E-001
+5.935786E+002 	+4.359306E-001	 -2.662229E-001
+5.968562E+002 	+4.297723E-001	 -2.751284E-001
+6.001338E+002 	+4.360252E-001	 -2.788635E-001
+6.034114E+002 	+4.668348E-001	 -2.842209E-001
+6.066890E+002 	+5.332468E-001	 -2.979750E-001
+6.099666E+002 	+6.717070E-001	 -3.640074E-001
+6.132441E+002 	+7.443920E-001	 -5.890805E-001
+6.165217E+002 	+8.137485E-001	 -8.233201E-001
+6.197993E+002 	+9.386213E-001	 -1.185819E+000
+6.230769E+002 	+9.355332E-001	 -2.031195E+000
+6.263545E+002 	-7.348259E-001	 -3.637626E+000
+6.296321E+002 	-3.096122E+000	 -2.184070E+000
+6.329097E+002 	-2.208448E+000	 +9.524461E-001
+6.361873E+002 	-1.125367E+000	 +3.584392E-001
+6.394649E+002 	-7.972811E-001	 +3.348961E-001
+6.427425E+002 	-6.072815E-001	 +3.023107E-001
+6.460201E+002 	-4.906849E-001	 +2.714333E-001
+6.492977E+002 	-4.123150E-001	 +2.454841E-001
+6.525753E+002 	-3.495905E-001	 +2.261355E-001
+6.558528E+002 	-3.130548E-001	 +2.082664E-001
+6.591304E+002 	-2.814370E-001	 +1.947053E-001
+6.624080E+002 	-2.580850E-001	 +1.860616E-001
+6.656856E+002 	-2.396856E-001	 +1.783489E-001
+6.689632E+002 	-2.273722E-001	 +1.745892E-001
+6.722408E+002 	-2.146233E-001	 +1.725945E-001
+6.755184E+002 	-2.054401E-001	 +1.714421E-001
+6.787960E+002 	-1.997915E-001	 +1.700426E-001
+6.820736E+002 	-1.990777E-001	 +1.731834E-001
+6.853512E+002 	-1.994397E-001	 +1.781663E-001
+6.886288E+002 	-2.012061E-001	 +1.866668E-001
+6.919064E+002 	-2.064812E-001	 +1.979690E-001
+6.951839E+002 	-2.138119E-001	 +2.151144E-001
+6.984615E+002 	-2.211242E-001	 +2.357409E-001
+7.017391E+002 	-2.366855E-001	 +2.618452E-001
+7.050167E+002 	-2.659942E-001	 +3.030311E-001
+7.082943E+002 	-3.140442E-001	 +3.729192E-001
+7.115719E+002 	-3.205772E-001	 +4.972553E-001
+7.148495E+002 	-3.749946E-001	 +7.388124E-001
+7.181271E+002 	-2.807931E-001	 +1.247179E+000
+7.214047E+002 	+1.036092E+000	 +1.794784E+000
+7.246823E+002 	+1.899421E+000	 +7.198062E-001
+7.279599E+002 	+8.948462E-001	 -7.111471E-001
+7.312375E+002 	+5.428388E-001	 -2.567884E-001
+7.345151E+002 	+3.963734E-001	 -2.156132E-001
+7.377926E+002 	+3.044756E-001	 -2.017421E-001
+7.410702E+002 	+2.469154E-001	 -1.791324E-001
+7.443478E+002 	+2.099260E-001	 -1.671208E-001
+7.476254E+002 	+1.788357E-001	 -1.462619E-001
+7.509030E+002 	+1.565689E-001	 -1.346661E-001
+7.541806E+002 	+1.415895E-001	 -1.261358E-001
+7.574582E+002 	+1.284561E-001	 -1.188966E-001
+7.607358E+002 	+1.192533E-001	 -1.130363E-001
+7.640134E+002 	+1.119167E-001	 -1.088142E-001
+7.672910E+002 	+1.068089E-001	 -1.084378E-001
+7.705686E+002 	+1.020708E-001	 -1.059802E-001
+7.738462E+002 	+9.941931E-002	 -1.062638E-001
+7.771237E+002 	+9.709543E-002	 -1.077211E-001
+7.804013E+002 	+9.507952E-002	 -1.093295E-001
+7.836789E+002 	+9.507293E-002	 -1.122279E-001
+7.869565E+002 	+9.632687E-002	 -1.175286E-001
+7.902341E+002 	+9.792836E-002	 -1.252267E-001
+7.935117E+002 	+9.970282E-002	 -1.343035E-001
+7.967893E+002 	+1.056270E-001	 -1.453450E-001
+8.000669E+002 	+1.166977E-001	 -1.661604E-001
+8.033445E+002 	+1.310138E-001	 -1.970264E-001
+8.066221E+002 	+1.345340E-001	 -2.496131E-001
+8.098997E+002 	+1.521343E-001	 -3.379743E-001
+8.131773E+002 	+8.782386E-002	 -5.243095E-001
+8.164548E+002 	-3.763770E-001	 -7.043083E-001
+8.197324E+002 	-7.693459E-001	 -1.356395E-001
+8.230100E+002 	-3.660938E-001	 +2.953070E-001
+8.262876E+002 	-1.770636E-001	 +9.145415E-002
+8.295652E+002 	-1.109086E-001	 +5.907920E-002
+8.328428E+002 	-7.559386E-002	 +3.354339E-002
+8.361204E+002 	-5.010655E-002	 +7.348191E-003
+8.393980E+002 	-3.602636E-002	 -1.402405E-002
+8.426756E+002 	-2.489752E-002	 -4.243972E-002
+8.459532E+002 	-2.247998E-002	 -7.395700E-002
+8.492308E+002 	-3.103904E-002	 -1.084090E-001
+8.525084E+002 	-5.401069E-002	 -1.483334E-001
+8.557860E+002 	-1.027343E-001	 -1.839471E-001
+8.590635E+002 	-1.745004E-001	 -1.944895E-001
+8.623411E+002 	-2.490678E-001	 -1.670291E-001
+8.656187E+002 	-3.045578E-001	 -1.138478E-001
+8.688963E+002 	-3.283259E-001	 -4.399655E-002
+8.721739E+002 	-3.286753E-001	 +1.727035E-002
+8.754515E+002 	-3.170849E-001	 +6.226907E-002
+8.787291E+002 	-2.994611E-001	 +9.409150E-002
+8.820067E+002 	-2.969955E-001	 +1.080837E-001
+8.852843E+002 	-3.087949E-001	 +1.395371E-001
+8.885619E+002 	-3.126766E-001	 +1.752147E-001
+8.918395E+002 	-3.244715E-001	 +2.098183E-001
+8.951171E+002 	-3.412190E-001	 +2.675208E-001
+8.983946E+002 	-3.866844E-001	 +3.352509E-001
+9.016722E+002 	-3.997001E-001	 +4.422992E-001
+9.049498E+002 	-4.412916E-001	 +6.156989E-001
+9.082274E+002 	-4.084293E-001	 +1.015121E+000
+9.115050E+002 	+2.486779E-001	 +1.633109E+000
+9.147826E+002 	+1.559644E+000	 +1.111661E+000
+9.180602E+002 	+1.596810E+000	 -1.786857E-001
+9.213378E+002 	+6.815686E-001	 -2.565425E-001
+9.246154E+002 	+4.527629E-001	 -2.573605E-001
+9.278930E+002 	+3.418105E-001	 -2.204804E-001
+9.311706E+002 	+2.773599E-001	 -1.805117E-001
+9.344482E+002 	+2.170617E-001	 -1.739715E-001
+9.377258E+002 	+1.833486E-001	 -1.591036E-001
+9.410033E+002 	+1.564211E-001	 -1.466009E-001
+9.442809E+002 	+1.369366E-001	 -1.348393E-001
+9.475585E+002 	+1.211868E-001	 -1.263288E-001
+9.508361E+002 	+1.077759E-001	 -1.182273E-001
+9.541137E+002 	+9.849411E-002	 -1.093486E-001
+9.573913E+002 	+9.057854E-002	 -9.809217E-002
+9.606689E+002 	+8.967077E-002	 -8.724469E-002
+9.639465E+002 	+9.393835E-002	 -7.829209E-002
+9.672241E+002 	+1.053166E-001	 -7.357952E-002
+9.705017E+002 	+1.215935E-001	 -7.065175E-002
+9.737793E+002 	+1.491703E-001	 -8.121318E-002
+9.770569E+002 	+1.685189E-001	 -1.208754E-001
+9.803344E+002 	+1.632287E-001	 -1.524941E-001
+9.836120E+002 	+1.561566E-001	 -1.757621E-001
+9.868896E+002 	+1.580823E-001	 -1.944850E-001
+9.901672E+002 	+1.599290E-001	 -2.280542E-001
+9.934448E+002 	+1.709551E-001	 -2.661203E-001
+9.967224E+002 	+2.094405E-001	 -3.527538E-001
+1.000000E+003 	+2.773914E-001	 -4.559228E-001
